1994 0
1994 0
1994 0
1994 0
1994 0
1994 0
1994 0
1994 0
1994 0
1994 0
1994 0
1994 0
1994 0
1994 0
1994 0
1994 0
1994 0
1994 0
1994 0
1994 0
1994 0
1994 0
1994 0
1994 0
1994 0
1994 0
1994 0
1994 0
1994 0
1994 0
1994 4
1994 5
1994 0
1994 0
1994 0
1994 0
1994 0
1994 0
1994 8
1994 4
1994 0
1994 0
1994 0
1994 0
1994 0
1994 0
1994 0
1994 0
1994 0
1994 0
1994 0
1994 0
1994 23
1994 16
1994 9
1994 5
1994 0
1994 0
1994 0
1994 0
1994 0
1994 3
1994 0
1994 0
1994 0
1994 0
1994 0
1994 0
1994 0
1994 0
1994 0
1994 0
1994 0
1994 0
1994 0
1994 0
1994 0
1994 0
1994 0
1994 0
1994 0
1994 0
1994 0
1994 0
1994 3
1994 0
1994 0
1994 0
1994 0
1994 0
1994 0
1994 8
1994 7
1994 5
1994 5
1994 5
1994 4
1994 6
1994 8
1994 6
1994 4
1994 0
1994 0
1994 0
1994 19
1994 24
1994 53
1994 48
1994 45
1994 42
1994 38
1994 32
1994 30
1994 30
1994 66
1994 65
1994 63
1994 59
1994 57
1994 55
1994 53
1994 51
1994 63
1994 55
1994 60
1994 62
1994 66
1994 98
1994 102
1994 104
1994 105
1994 99
1994 107
1994 102
1994 98
1994 96
1994 92
1994 91
1994 90
1994 89
1994 88
1994 88
1994 87
1994 86
1994 85
1994 84
1994 82
1994 80
1994 80
1994 80
1994 80
1994 79
1994 78
1994 78
1994 77
1994 76
1994 86
1994 92
1994 92
1994 87
1994 85
1994 86
1994 84
1994 83
1994 82
1994 82
1994 81
1994 88
1994 86
1994 84
1994 83
1994 83
1994 82
1994 81
1994 81
1994 81
1994 96
1994 96
1994 88
1994 84
1994 120
1994 112
1994 103
1994 97
1994 93
1994 89
1994 86
1994 82
1994 76
1994 72
1994 67
1994 63
1994 57
1994 54
1994 51
1994 46
1994 40
1994 37
1994 34
1994 33
1994 33
1994 28
1994 22
1994 17
1994 12
1994 10
1994 0
1994 0
1994 0
1994 0
1994 0
1994 0
1994 0
1994 0
1994 0
1994 0
1994 0
1994 0
1994 0
1994 0
1994 6
1994 12
1994 0
1994 0
1994 0
1994 0
1994 14
1994 0
1994 0
1994 0
1994 0
1994 0
1994 0
1994 0
1994 0
1994 0
1994 0
1994 11
1994 0
1994 0
1994 0
1994 0
1994 0
1994 0
1994 0
1994 0
1994 0
1994 0
1994 0
1994 0
1994 0
1994 0
1994 0
1994 0
1994 0
1994 0
1994 0
1994 0
1994 0
1994 0
1994 0
1994 0
1994 0
1994 0
1994 0
1994 0
1994 0
1994 0
1994 0
1994 0
1994 0
1994 0
1994 0
1994 0
1994 0
1994 0
1994 0
1994 0
1994 0
1994 0
1994 0
1994 0
1994 0
1994 0
1994 0
1994 0
1994 0
1994 0
1994 0
1994 0
1994 0
1994 0
1994 0
1994 0
1994 0
1994 0
1994 0
1994 0
1994 0
1994 0
1994 0
1994 0
1994 0
1994 0
1994 0
1994 0
1994 0
1994 0
1994 0
1994 0
1994 0
1994 0
1994 0
1994 0
1994 0
1994 0
1994 0
1994 0
1994 0
1994 0
1994 0
1994 0
1994 0
1994 0
1994 0
1994 0
1994 0
1994 0
1994 0
1994 0
1994 0
1994 0
1994 0
1994 0
1994 0
1994 0
1994 0
1994 0
1994 0
1994 0
1994 0
1994 0
1994 0
1994 0
1994 0
1994 0
1994 0
1994 0
1994 0
1994 0
1994 0
1994 0
1994 0
1994 0
1994 0
1994 0
1994 0
1994 0
1994 0
1994 0
1994 0
1994 0
1994 0
1994 0
1994 0
1995 0
1995 0
1995 0
1995 0
1995 0
1995 0
1995 0
1995 0
1995 0
1995 0
1995 0
1995 0
1995 0
1995 0
1995 0
1995 0
1995 0
1995 0
1995 0
1995 0
1995 0
1995 0
1995 0
1995 0
1995 0
1995 0
1995 0
1995 0
1995 0
1995 0
1995 0
1995 0
1995 0
1995 0
1995 0
1995 0
1995 0
1995 0
1995 0
1995 0
1995 0
1995 0
1995 0
1995 0
1995 0
1995 0
1995 0
1995 0
1995 0
1995 0
1995 0
1995 0
1995 0
1995 0
1995 0
1995 0
1995 0
1995 5
1995 6
1995 3
1995 0
1995 0
1995 0
1995 0
1995 0
1995 0
1995 0
1995 9
1995 6
1995 5
1995 5
1995 3
1995 0
1995 0
1995 0
1995 0
1995 0
1995 0
1995 0
1995 0
1995 0
1995 0
1995 0
1995 0
1995 0
1995 0
1995 0
1995 0
1995 0
1995 0
1995 0
1995 0
1995 0
1995 0
1995 0
1995 0
1995 0
1995 0
1995 0
1995 0
1995 0
1995 0
1995 0
1995 0
1995 0
1995 0
1995 0
1995 0
1995 0
1995 0
1995 0
1995 0
1995 0
1995 0
1995 0
1995 0
1995 0
1995 0
1995 0
1995 0
1995 0
1995 8
1995 19
1995 23
1995 21
1995 20
1995 20
1995 20
1995 20
1995 19
1995 18
1995 18
1995 30
1995 37
1995 33
1995 33
1995 33
1995 30
1995 30
1995 31
1995 64
1995 57
1995 59
1995 55
1995 54
1995 57
1995 59
1995 55
1995 70
1995 73
1995 69
1995 75
1995 73
1995 70
1995 68
1995 66
1995 65
1995 60
1995 59
1995 57
1995 56
1995 65
1995 60
1995 85
1995 84
1995 75
1995 94
1995 87
1995 79
1995 74
1995 79
1995 74
1995 74
1995 72
1995 69
1995 88
1995 86
1995 94
1995 114
1995 110
1995 103
1995 100
1995 95
1995 98
1995 109
1995 105
1995 109
1995 105
1995 114
1995 130
1995 112
1995 107
1995 100
1995 96
1995 96
1995 94
1995 93
1995 92
1995 91
1995 84
1995 86
1995 83
1995 83
1995 80
1995 77
1995 74
1995 71
1995 70
1995 68
1995 71
1995 73
1995 71
1995 70
1995 64
1995 60
1995 52
1995 47
1995 46
1995 42
1995 39
1995 36
1995 32
1995 32
1995 26
1995 23
1995 19
1995 16
1995 13
1995 10
1995 9
1995 0
1995 17
1995 5
1995 12
1995 10
1995 0
1995 0
1995 0
1995 0
1995 0
1995 0
1995 0
1995 0
1995 0
1995 0
1995 0
1995 0
1995 0
1995 0
1995 0
1995 0
1995 0
1995 0
1995 0
1995 0
1995 0
1995 0
1995 0
1995 0
1995 0
1995 0
1995 0
1995 0
1995 0
1995 0
1995 0
1995 0
1995 0
1995 0
1995 0
1995 0
1995 0
1995 0
1995 0
1995 0
1995 0
1995 0
1995 0
1995 0
1995 0
1995 0
1995 0
1995 0
1995 0
1995 0
1995 0
1995 0
1995 0
1995 0
1995 0
1995 0
1995 0
1995 0
1995 0
1995 0
1995 0
1995 0
1995 0
1995 0
1995 0
1995 0
1995 0
1995 0
1995 0
1995 0
1995 0
1995 0
1995 0
1995 0
1995 0
1995 0
1995 0
1995 0
1995 0
1995 0
1995 0
1995 0
1995 0
1995 0
1995 0
1995 0
1995 0
1995 0
1995 0
1995 0
1995 0
1995 0
1995 0
1995 0
1995 0
1995 0
1995 0
1995 0
1995 0
1995 0
1995 0
1995 0
1995 0
1995 0
1995 0
1995 0
1995 0
1995 0
1995 0
1995 0
1995 0
1995 0
1995 0
1995 0
1995 0
1995 0
1995 0
1995 0
1995 0
1995 0
1995 0
1995 0
1995 0
1995 0
1995 0
1995 0
1995 0
1995 0
1995 0
1995 0
1996 0
1996 0
1996 0
1996 0
1996 0
1996 0
1996 0
1996 0
1996 0
1996 0
1996 0
1996 0
1996 0
1996 0
1996 0
1996 0
1996 0
1996 0
1996 0
1996 0
1996 0
1996 0
1996 0
1996 0
1996 0
1996 0
1996 0
1996 0
1996 0
1996 0
1996 0
1996 0
1996 0
1996 0
1996 0
1996 0
1996 0
1996 0
1996 0
1996 0
1996 0
1996 0
1996 0
1996 0
1996 0
1996 0
1996 0
1996 0
1996 0
1996 0
1996 0
1996 0
1996 0
1996 0
1996 0
1996 0
1996 0
1996 0
1996 0
1996 0
1996 0
1996 0
1996 0
1996 0
1996 0
1996 0
1996 0
1996 0
1996 0
1996 0
1996 0
1996 0
1996 0
1996 0
1996 0
1996 0
1996 0
1996 0
1996 0
1996 0
1996 0
1996 0
1996 0
1996 0
1996 0
1996 0
1996 0
1996 0
1996 0
1996 0
1996 0
1996 0
1996 0
1996 0
1996 0
1996 0
1996 0
1996 8
1996 23
1996 20
1996 19
1996 17
1996 15
1996 15
1996 15
1996 17
1996 15
1996 13
1996 11
1996 11
1996 11
1996 11
1996 11
1996 14
1996 17
1996 35
1996 24
1996 20
1996 20
1996 32
1996 47
1996 53
1996 48
1996 47
1996 44
1996 43
1996 42
1996 53
1996 62
1996 64
1996 60
1996 63
1996 70
1996 78
1996 73
1996 68
1996 67
1996 66
1996 66
1996 65.8
1996 65.6
1996 65.4
1996 65.2
1996 65
1996 67
1996 67
1996 67
1996 68
1996 67
1996 66
1996 65
1996 64
1996 64
1996 65
1996 65
1996 67
1996 63
1996 65
1996 64
1996 67
1996 68
1996 64
1996 64
1996 64
1996 64
1996 91
1996 88
1996 85
1996 83
1996 79
1996 75
1996 92
1996 89
1996 89
1996 87
1996 86
1996 85
1996 84
1996 83
1996 81
1996 79
1996 77
1996 75
1996 73
1996 73
1996 72
1996 72
1996 72
1996 71
1996 71
1996 71
1996 71
1996 71
1996 71
1996 70
1996 69
1996 66
1996 65
1996 66
1996 65
1996 65
1996 64
1996 62
1996 60
1996 58
1996 52
1996 48
1996 44
1996 43
1996 42
1996 38
1996 36
1996 34
1996 34
1996 51
1996 44
1996 42
1996 40
1996 38
1996 33
1996 28
1996 27
1996 23
1996 21
1996 19
1996 14
1996 0
1996 0
1996 0
1996 0
1996 0
1996 0
1996 0
1996 0
1996 0
1996 0
1996 0
1996 0
1996 0
1996 0
1996 0
1996 0
1996 0
1996 0
1996 0
1996 11
1996 6
1996 0
1996 0
1996 0
1996 0
1996 0
1996 0
1996 0
1996 0
1996 0
1996 0
1996 0
1996 0
1996 0
1996 0
1996 0
1996 0
1996 0
1996 0
1996 0
1996 0
1996 0
1996 0
1996 0
1996 0
1996 0
1996 0
1996 0
1996 0
1996 0
1996 0
1996 0
1996 0
1996 0
1996 0
1996 0
1996 0
1996 0
1996 0
1996 0
1996 0
1996 0
1996 0
1996 0
1996 0
1996 0
1996 0
1996 0
1996 0
1996 0
1996 0
1996 0
1996 0
1996 0
1996 0
1996 0
1996 0
1996 0
1996 0
1996 0
1996 0
1996 0
1996 0
1996 0
1996 0
1996 0
1996 0
1996 0
1996 0
1996 0
1996 0
1996 0
1996 0
1996 0
1996 0
1996 0
1996 0
1996 0
1996 0
1996 0
1996 0
1996 0
1996 0
1996 0
1996 0
1996 0
1996 0
1996 0
1996 0
1996 0
1996 0
1996 0
1996 0
1996 0
1996 0
1996 0
1996 0
1996 0
1996 0
1996 0
1996 0
1996 0
1996 0
1996 0
1996 0
1996 0
1996 0
1996 0
1996 0
1996 0
1996 0
1996 0
1996 0
1996 0
1996 0
1996 0
1996 0
1996 0
1996 0
1996 0
1997 0
1997 0
1997 0
1997 0
1997 0
1997 0
1997 0
1997 0
1997 0
1997 0
1997 0
1997 0
1997 0
1997 0
1997 0
1997 0
1997 0
1997 0
1997 0
1997 0
1997 0
1997 0
1997 0
1997 0
1997 0
1997 0
1997 0
1997 0
1997 0
1997 0
1997 0
1997 0
1997 0
1997 0
1997 0
1997 0
1997 0
1997 0
1997 0
1997 0
1997 0
1997 0
1997 0
1997 0
1997 0
1997 0
1997 0
1997 0
1997 0
1997 0
1997 0
1997 0
1997 0
1997 0
1997 0
1997 0
1997 0
1997 0
1997 0
1997 0
1997 0
1997 0
1997 0
1997 0
1997 0
1997 0
1997 0
1997 0
1997 0
1997 0
1997 0
1997 0
1997 3
1997 5
1997 16
1997 12
1997 14
1997 16
1997 41
1997 47.75
1997 54.5
1997 61.25
1997 68
1997 67
1997 63.5
1997 60
1997 72
1997 66
1997 67
1997 64
1997 70
1997 68
1997 66
1997 65
1997 64
1997 63
1997 61
1997 60
1997 58
1997 60
1997 68
1997 66
1997 62
1997 76
1997 93
1997 90
1997 86
1997 84
1997 82
1997 80
1997 92
1997 87
1997 87
1997 90
1997 90
1997 88
1997 87
1997 86
1997 90
1997 88
1997 87
1997 90
1997 127
1997 119
1997 123
1997 129
1997 125
1997 125
1997 120
1997 117.333333333333
1997 114.666666666667
1997 112
1997 112
1997 110
1997 109
1997 108
1997 107
1997 112.166666666667
1997 117.333333333333
1997 122.5
1997 127.666666666667
1997 132.833333333333
1997 138
1997 130
1997 133
1997 128
1997 126
1997 125
1997 124
1997 124
1997 124
1997 124
1997 124
1997 122
1997 122
1997 120
1997 120
1997 119
1997 118
1997 116
1997 115
1997 113
1997 112
1997 111
1997 109
1997 104
1997 106
1997 114
1997 109
1997 108
1997 107
1997 106
1997 104
1997 102
1997 100
1997 98
1997 98
1997 96
1997 89
1997 93
1997 88
1997 84
1997 80
1997 78
1997 77
1997 72
1997 69
1997 68
1997 66
1997 63
1997 60
1997 57
1997 53
1997 50
1997 47
1997 44
1997 41
1997 38
1997 36
1997 32
1997 29
1997 28
1997 26
1997 24
1997 22
1997 21
1997 22
1997 18
1997 10
1997 7
1997 0
1997 0
1997 0
1997 0
1997 0
1997 0
1997 0
1997 0
1997 0
1997 0
1997 0
1997 0
1997 0
1997 0
1997 0
1997 0
1997 0
1997 0
1997 0
1997 0
1997 0
1997 11
1997 0
1997 0
1997 0
1997 0
1997 0
1997 0
1997 0
1997 0
1997 0
1997 0
1997 0
1997 0
1997 0
1997 0
1997 0
1997 0
1997 0
1997 0
1997 0
1997 0
1997 0
1997 0
1997 0
1997 0
1997 0
1997 0
1997 0
1997 0
1997 0
1997 0
1997 0
1997 0
1997 0
1997 0
1997 0
1997 0
1997 0
1997 0
1997 0
1997 0
1997 0
1997 0
1997 0
1997 0
1997 0
1997 0
1997 0
1997 0
1997 0
1997 0
1997 0
1997 0
1997 0
1997 0
1997 0
1997 0
1997 0
1997 0
1997 0
1997 0
1997 0
1997 0
1997 0
1997 0
1997 0
1997 0
1997 0
1997 0
1997 0
1997 0
1997 0
1997 0
1997 0
1997 0
1997 0
1997 0
1997 0
1997 0
1997 0
1997 0
1997 0
1997 0
1997 0
1997 0
1997 0
1997 0
1997 0
1997 0
1997 0
1997 0
1997 0
1997 0
1997 0
1997 0
1997 0
1997 0
1997 0
1997 0
1997 0
1997 0
1997 0
1997 0
1997 0
1997 0
1997 0
1997 0
1997 0
1997 0
1997 0
1997 0
1997 0
1997 0
1997 0
1997 0
1997 0
1997 0
1997 0
1997 0
1997 0
1997 0
1997 0
1997 0
1997 0
1997 0
1997 0
1997 0
1997 0
1997 0
1997 0
1997 0
1997 0
1997 0
1997 0
1998 0
1998 0
1998 0
1998 0
1998 0
1998 0
1998 0
1998 0
1998 0
1998 0
1998 0
1998 0
1998 0
1998 0
1998 0
1998 0
1998 0
1998 0
1998 0
1998 0
1998 0
1998 0
1998 0
1998 0
1998 0
1998 0
1998 0
1998 0
1998 0
1998 0
1998 0
1998 0
1998 0
1998 0
1998 0
1998 0
1998 0
1998 0
1998 0
1998 0
1998 0
1998 0
1998 0
1998 0
1998 0
1998 0
1998 0
1998 0
1998 0
1998 0
1998 0
1998 0
1998 0
1998 0
1998 0
1998 0
1998 0
1998 0
1998 0
1998 0
1998 0
1998 0
1998 0
1998 0
1998 0
1998 0
1998 0
1998 0
1998 0
1998 5
1998 4
1998 23.5
1998 43
1998 38
1998 36
1998 35.8333333333333
1998 35.6666666666667
1998 35.5
1998 35.3333333333333
1998 35.1666666666667
1998 35
1998 34.8333333333333
1998 34.6666666666667
1998 34.5
1998 34.3333333333333
1998 34.1666666666667
1998 34
1998 33.8333333333333
1998 33.6666666666667
1998 33.5
1998 33.3333333333333
1998 33.1666666666667
1998 33
1998 32.8333333333333
1998 32.6666666666667
1998 32.5
1998 32.3333333333333
1998 32.1666666666667
1998 32
1998 32
1998 32
1998 32
1998 27
1998 26
1998 26
1998 26
1998 26
1998 30
1998 29
1998 44
1998 50
1998 48
1998 47
1998 46
1998 45
1998 45
1998 40
1998 40
1998 40
1998 40
1998 40
1998 39
1998 39
1998 46
1998 65
1998 60
1998 61
1998 61
1998 60
1998 59
1998 58
1998 58
1998 57
1998 57
1998 56
1998 63
1998 71.3333333333333
1998 79.6666666666667
1998 88
1998 96.3333333333333
1998 104.666666666667
1998 113
1998 106
1998 100
1998 96
1998 94
1998 92
1998 90
1998 88
1998 87
1998 87
1998 86
1998 86
1998 85
1998 85
1998 84
1998 84
1998 83
1998 82
1998 81
1998 81
1998 81
1998 79
1998 78
1998 76
1998 75
1998 71
1998 69
1998 67
1998 67
1998 65
1998 64
1998 64
1998 63
1998 71
1998 94
1998 98
1998 85
1998 80
1998 78
1998 72
1998 72
1998 70
1998 67
1998 64
1998 62
1998 62
1998 62
1998 59
1998 69
1998 66
1998 63
1998 63
1998 62
1998 58
1998 56
1998 56
1998 52
1998 50
1998 50
1998 44
1998 42
1998 38
1998 36
1998 35
1998 35
1998 32
1998 28
1998 24
1998 15
1998 0
1998 0
1998 0
1998 0
1998 0
1998 0
1998 0
1998 3
1998 12
1998 26
1998 16
1998 28
1998 42
1998 48
1998 29
1998 29
1998 29
1998 60
1998 45
1998 44
1998 34
1998 29
1998 24
1998 19
1998 9
1998 0
1998 0
1998 0
1998 0
1998 0
1998 0
1998 4
1998 0
1998 0
1998 0
1998 0
1998 0
1998 0
1998 0
1998 0
1998 0
1998 0
1998 0
1998 0
1998 0
1998 0
1998 0
1998 0
1998 0
1998 0
1998 0
1998 0
1998 0
1998 0
1998 0
1998 0
1998 0
1998 0
1998 0
1998 0
1998 0
1998 0
1998 0
1998 0
1998 0
1998 0
1998 0
1998 0
1998 0
1998 0
1998 0
1998 0
1998 0
1998 0
1998 0
1998 0
1998 0
1998 0
1998 0
1998 0
1998 0
1998 0
1998 0
1998 0
1998 0
1998 0
1998 0
1998 0
1998 0
1998 0
1998 0
1998 0
1998 0
1998 0
1998 0
1998 0
1998 0
1998 0
1998 0
1998 0
1998 0
1998 0
1998 0
1998 0
1998 0
1998 0
1998 0
1998 0
1998 0
1998 0
1998 0
1998 0
1998 0
1998 0
1998 0
1998 0
1998 0
1998 0
1998 0
1998 0
1998 0
1998 0
1998 0
1998 0
1998 0
1998 0
1998 0
1998 0
1998 0
1998 0
1998 0
1998 0
1998 0
1998 0
1998 0
1998 0
1998 0
1998 0
1998 0
1998 0
1998 0
1998 0
1998 0
1998 0
1998 0
1998 0
1998 0
1998 0
1998 0
1998 0
1998 0
1998 0
1998 0
1998 0
1998 0
1999 0
1999 0
1999 0
1999 0
1999 0
1999 0
1999 0
1999 0
1999 0
1999 0
1999 0
1999 0
1999 0
1999 0
1999 0
1999 0
1999 0
1999 0
1999 0
1999 0
1999 0
1999 0
1999 0
1999 0
1999 0
1999 0
1999 0
1999 0
1999 0
1999 0
1999 0
1999 0
1999 0
1999 0
1999 0
1999 0
1999 0
1999 0
1999 0
1999 0
1999 0
1999 0
1999 0
1999 0
1999 0
1999 0
1999 0
1999 0
1999 0
1999 0
1999 0
1999 0
1999 0
1999 0
1999 0
1999 0
1999 0
1999 0
1999 0
1999 0
1999 0
1999 0
1999 0
1999 0
1999 0
1999 0
1999 0
1999 0
1999 0
1999 0
1999 0
1999 0
1999 0
1999 0
1999 0
1999 0
1999 0
1999 0
1999 0
1999 0
1999 0
1999 0
1999 0
1999 0
1999 0
1999 0
1999 0
1999 0
1999 0
1999 0
1999 0
1999 0
1999 0
1999 0
1999 0
1999 0
1999 0
1999 0
1999 0
1999 0
1999 0
1999 0
1999 0
1999 0
1999 0
1999 0
1999 0
1999 0
1999 0
1999 0
1999 0
1999 0
1999 0
1999 0
1999 0
1999 0
1999 0
1999 0
1999 0
1999 0
1999 0
1999 0
1999 0
1999 0
1999 5
1999 3
1999 0
1999 0
1999 0
1999 0
1999 0
1999 3
1999 18
1999 19
1999 21
1999 20
1999 16
1999 15
1999 15
1999 17
1999 14
1999 13
1999 12.4
1999 11.8
1999 11.2
1999 10.6
1999 10
1999 10
1999 17
1999 17
1999 31
1999 29
1999 28
1999 27
1999 26
1999 23
1999 21
1999 20
1999 20
1999 19
1999 21
1999 42
1999 69
1999 64
1999 60
1999 58
1999 55
1999 52
1999 49
1999 46
1999 44
1999 40
1999 37
1999 33
1999 37
1999 43
1999 42
1999 40
1999 35
1999 33
1999 32
1999 28
1999 27
1999 24
1999 51
1999 49
1999 47
1999 46
1999 44
1999 44
1999 35
1999 29
1999 28
1999 25
1999 20
1999 15
1999 13
1999 12
1999 11
1999 6
1999 0
1999 0
1999 0
1999 0
1999 0
1999 0
1999 9
1999 27
1999 21
1999 17
1999 6
1999 0
1999 0
1999 0
1999 0
1999 0
1999 0
1999 0
1999 0
1999 0
1999 0
1999 0
1999 0
1999 5
1999 7
1999 0
1999 20
1999 30
1999 14
1999 13
1999 13
1999 8
1999 4
1999 7
1999 3
1999 3
1999 4
1999 0
1999 0
1999 0
1999 0
1999 0
1999 0
1999 0
1999 0
1999 0
1999 0
1999 0
1999 0
1999 0
1999 0
1999 0
1999 0
1999 0
1999 0
1999 0
1999 0
1999 0
1999 0
1999 0
1999 0
1999 0
1999 0
1999 0
1999 0
1999 0
1999 0
1999 0
1999 0
1999 0
1999 0
1999 0
1999 0
1999 0
1999 0
1999 0
1999 0
1999 0
1999 0
1999 0
1999 0
1999 0
1999 0
1999 0
1999 0
1999 0
1999 0
1999 0
1999 0
1999 0
1999 0
1999 0
1999 0
1999 0
1999 0
1999 0
1999 0
1999 0
1999 0
1999 0
1999 0
1999 0
1999 0
1999 0
1999 0
1999 0
1999 0
1999 0
1999 0
1999 0
1999 0
1999 0
1999 0
1999 0
1999 0
1999 0
1999 0
1999 0
1999 0
1999 0
1999 0
1999 0
1999 0
1999 0
1999 0
1999 0
1999 0
1999 0
1999 0
1999 0
1999 0
1999 0
1999 0
1999 0
1999 0
1999 0
1999 0
1999 0
1999 0
1999 0
1999 0
1999 0
1999 0
1999 0
1999 0
1999 0
1999 0
1999 0
1999 0
1999 0
1999 0
1999 0
1999 0
1999 0
1999 0
1999 0
1999 0
1999 0
1999 0
1999 0
1999 0
1999 0
1999 0
1999 0
1999 0
2000 0
2000 0
2000 0
2000 0
2000 0
2000 0
2000 0
2000 0
2000 0
2000 0
2000 0
2000 0
2000 0
2000 0
2000 0
2000 0
2000 0
2000 0
2000 0
2000 0
2000 0
2000 0
2000 0
2000 0
2000 0
2000 0
2000 0
2000 0
2000 0
2000 0
2000 0
2000 0
2000 0
2000 0
2000 0
2000 0
2000 0
2000 0
2000 0
2000 0
2000 0
2000 0
2000 0
2000 0
2000 0
2000 0
2000 0
2000 0
2000 0
2000 0
2000 18
2000 14
2000 7
2000 0
2000 0
2000 0
2000 0
2000 0
2000 0
2000 0
2000 0
2000 0
2000 0
2000 0
2000 0
2000 0
2000 0
2000 0
2000 0
2000 0
2000 0
2000 0
2000 0
2000 0
2000 0
2000 0
2000 0
2000 0
2000 0
2000 0
2000 0
2000 0
2000 24
2000 24
2000 22
2000 22
2000 21
2000 21
2000 21
2000 20
2000 20
2000 20
2000 20
2000 19
2000 19
2000 19
2000 19
2000 19
2000 19
2000 19
2000 27
2000 26
2000 29
2000 32
2000 37
2000 37
2000 40
2000 36
2000 35
2000 33
2000 31
2000 31
2000 31
2000 31
2000 31
2000 33
2000 52
2000 60
2000 93
2000 88
2000 85
2000 83
2000 78
2000 77
2000 75
2000 74
2000 73.6666666666667
2000 73.3333333333333
2000 73
2000 73
2000 71
2000 71
2000 71
2000 70
2000 70
2000 69
2000 68
2000 68
2000 68
2000 68
2000 67
2000 67
2000 67
2000 65
2000 65
2000 65
2000 65
2000 65
2000 65
2000 66
2000 66
2000 65
2000 64
2000 62
2000 61
2000 60
2000 60
2000 59
2000 57
2000 57
2000 57
2000 57
2000 57
2000 56
2000 56
2000 55
2000 54
2000 54
2000 50
2000 58
2000 57
2000 51
2000 50
2000 49
2000 48
2000 48
2000 48
2000 47
2000 46
2000 44
2000 42
2000 40
2000 102
2000 96
2000 87
2000 73
2000 66
2000 64
2000 57
2000 54
2000 50
2000 47
2000 42
2000 37
2000 34
2000 32
2000 28
2000 24
2000 20
2000 12
2000 16
2000 7
2000 0
2000 0
2000 0
2000 4
2000 0
2000 0
2000 3
2000 0
2000 5
2000 0
2000 0
2000 17
2000 0
2000 0
2000 19
2000 8
2000 0
2000 0
2000 0
2000 0
2000 0
2000 0
2000 0
2000 3
2000 0
2000 6
2000 0
2000 15
2000 7
2000 0
2000 0
2000 0
2000 0
2000 0
2000 16
2000 0
2000 0
2000 0
2000 0
2000 0
2000 0
2000 0
2000 0
2000 0
2000 0
2000 0
2000 0
2000 0
2000 0
2000 0
2000 0
2000 0
2000 0
2000 0
2000 0
2000 0
2000 0
2000 0
2000 0
2000 0
2000 0
2000 0
2000 0
2000 0
2000 0
2000 0
2000 0
2000 0
2000 0
2000 0
2000 0
2000 0
2000 0
2000 0
2000 0
2000 0
2000 0
2000 0
2000 0
2000 0
2000 0
2000 0
2000 0
2000 0
2000 0
2000 0
2000 0
2000 0
2000 0
2000 0
2000 0
2000 0
2000 0
2000 0
2000 0
2000 0
2000 0
2000 0
2000 0
2000 0
2000 0
2000 0
2000 0
2000 0
2000 0
2000 0
2000 0
2000 0
2000 0
2000 0
2000 0
2000 0
2000 0
2000 0
2000 0
2000 0
2000 0
2000 0
2000 0
2000 0
2000 0
2000 0
2000 0
2000 0
2000 0
2000 0
2000 0
2000 0
2000 0
2000 0
2000 0
2000 0
2000 0
2000 0
2000 0
2000 0
2000 0
2000 0
2000 0
2000 0
2000 0
2000 0
2000 0
2000 0
2000 0
2000 0
2000 0
2000 0
2000 0
2000 0
2000 0
2000 0
2000 0
2000 0
2000 0
2000 0
2000 0
2000 0
2000 0
2000 0
2000 0
2000 0
2000 0
2000 0
2001 0
2001 0
2001 0
2001 0
2001 0
2001 0
2001 0
2001 0
2001 0
2001 0
2001 0
2001 0
2001 0
2001 0
2001 0
2001 0
2001 0
2001 0
2001 0
2001 0
2001 0
2001 0
2001 0
2001 0
2001 0
2001 0
2001 0
2001 0
2001 0
2001 0
2001 0
2001 0
2001 0
2001 0
2001 0
2001 0
2001 0
2001 0
2001 0
2001 0
2001 3
2001 0
2001 0
2001 0
2001 0
2001 0
2001 0
2001 0
2001 0
2001 0
2001 0
2001 0
2001 0
2001 0
2001 0
2001 0
2001 0
2001 0
2001 0
2001 0
2001 0
2001 0
2001 0
2001 4
2001 3
2001 5.66666666666667
2001 8.33333333333333
2001 11
2001 13.6666666666667
2001 16.3333333333333
2001 19
2001 21.6666666666667
2001 24.3333333333333
2001 27
2001 29.6666666666667
2001 32.3333333333333
2001 35
2001 37.6666666666667
2001 40.3333333333333
2001 43
2001 45.6666666666667
2001 48.3333333333333
2001 51
2001 53.6666666666667
2001 56.3333333333333
2001 59
2001 67
2001 72
2001 68
2001 65
2001 63
2001 62
2001 60
2001 58
2001 58
2001 58
2001 57
2001 58
2001 57
2001 54
2001 63
2001 60
2001 59
2001 58
2001 56
2001 53
2001 53
2001 53
2001 53
2001 53
2001 53
2001 53
2001 53
2001 53
2001 53
2001 72.5
2001 92
2001 95
2001 87
2001 82
2001 80
2001 77
2001 75
2001 75
2001 82
2001 92
2001 92
2001 85
2001 80
2001 80
2001 79
2001 78
2001 77
2001 76
2001 75
2001 75
2001 75
2001 75
2001 76
2001 84
2001 83
2001 80
2001 80
2001 79
2001 80
2001 79
2001 80
2001 81
2001 89
2001 88
2001 86
2001 85
2001 85
2001 85
2001 85
2001 84
2001 84
2001 83
2001 81
2001 80
2001 81
2001 89
2001 86
2001 85
2001 82
2001 81
2001 83
2001 82
2001 80
2001 80
2001 80
2001 79
2001 77
2001 75
2001 73
2001 68
2001 67
2001 67
2001 67
2001 67
2001 67
2001 69
2001 77
2001 116
2001 112
2001 112
2001 105
2001 102
2001 97
2001 99
2001 97
2001 90
2001 86
2001 93
2001 85
2001 84
2001 80
2001 90
2001 87
2001 86
2001 82
2001 78
2001 70
2001 68
2001 64
2001 59
2001 57
2001 53
2001 49
2001 49
2001 57
2001 50
2001 46
2001 42
2001 35
2001 29
2001 22
2001 19
2001 20
2001 15
2001 0
2001 0
2001 0
2001 0
2001 0
2001 0
2001 0
2001 0
2001 0
2001 0
2001 0
2001 0
2001 0
2001 0
2001 8
2001 0
2001 0
2001 0
2001 0
2001 0
2001 0
2001 0
2001 0
2001 0
2001 0
2001 0
2001 4
2001 0
2001 0
2001 0
2001 0
2001 0
2001 0
2001 0
2001 0
2001 0
2001 0
2001 0
2001 0
2001 0
2001 0
2001 0
2001 0
2001 0
2001 0
2001 0
2001 0
2001 0
2001 0
2001 0
2001 0
2001 0
2001 0
2001 0
2001 0
2001 0
2001 0
2001 0
2001 0
2001 0
2001 0
2001 0
2001 0
2001 0
2001 0
2001 0
2001 0
2001 0
2001 0
2001 0
2001 0
2001 0
2001 0
2001 0
2001 0
2001 0
2001 0
2001 0
2001 0
2001 0
2001 0
2001 0
2001 0
2001 0
2001 0
2001 0
2001 0
2001 0
2001 0
2001 0
2001 0
2001 0
2001 0
2001 0
2001 0
2001 0
2001 0
2001 0
2001 0
2001 0
2001 0
2001 0
2001 0
2001 0
2001 0
2001 0
2001 0
2001 0
2001 0
2001 0
2001 0
2001 0
2001 0
2001 0
2001 0
2001 0
2001 0
2001 0
2001 0
2001 0
2001 0
2001 0
2001 0
2001 0
2001 0
2001 0
2001 0
2001 0
2001 0
2001 0
2001 0
2001 0
2001 0
2001 0
2001 0
2001 0
2001 0
2001 0
2001 0
2001 0
2001 0
2001 0
2001 0
2001 0
2001 0
2002 0
2002 0
2002 0
2002 0
2002 0
2002 0
2002 0
2002 0
2002 0
2002 0
2002 0
2002 0
2002 0
2002 0
2002 0
2002 0
2002 0
2002 0
2002 0
2002 0
2002 0
2002 0
2002 0
2002 0
2002 0
2002 0
2002 0
2002 0
2002 0
2002 0
2002 0
2002 0
2002 0
2002 0
2002 0
2002 0
2002 0
2002 0
2002 0
2002 0
2002 0
2002 0
2002 0
2002 0
2002 0
2002 0
2002 0
2002 0
2002 0
2002 0
2002 0
2002 0
2002 0
2002 0
2002 0
2002 0
2002 0
2002 0
2002 0
2002 0
2002 0
2002 0
2002 0
2002 0
2002 0
2002 0
2002 0
2002 0
2002 0
2002 0
2002 0
2002 0
2002 0
2002 0
2002 7
2002 0
2002 0
2002 0
2002 0
2002 0
2002 0
2002 0
2002 0
2002 0
2002 0
2002 0
2002 0
2002 0
2002 0
2002 0
2002 0
2002 0
2002 0
2002 0
2002 0
2002 0
2002 0
2002 0
2002 0
2002 0
2002 0
2002 0
2002 0
2002 0
2002 0
2002 0
2002 0
2002 0
2002 0
2002 0
2002 0
2002 0
2002 0
2002 0
2002 0
2002 0
2002 0
2002 0
2002 0
2002 0
2002 3
2002 0
2002 0
2002 0
2002 0
2002 0
2002 0
2002 0
2002 0
2002 0
2002 0
2002 0
2002 0
2002 0
2002 0
2002 0
2002 0
2002 0
2002 0
2002 0
2002 0
2002 0
2002 0
2002 0
2002 0
2002 16
2002 20
2002 15
2002 12
2002 7
2002 6
2002 3
2002 3
2002 3
2002 0
2002 0
2002 0
2002 0
2002 19
2002 28
2002 18
2002 17
2002 12
2002 12
2002 11
2002 10
2002 7
2002 16
2002 18
2002 17
2002 17
2002 17
2002 15
2002 14
2002 14
2002 14
2002 14
2002 12
2002 10
2002 6
2002 8
2002 9
2002 24
2002 35
2002 24
2002 23
2002 47
2002 40
2002 33
2002 24
2002 23
2002 20
2002 19
2002 15
2002 10
2002 8
2002 7
2002 0
2002 0
2002 0
2002 0
2002 0
2002 0
2002 0
2002 0
2002 0
2002 0
2002 0
2002 0
2002 0
2002 0
2002 0
2002 0
2002 0
2002 0
2002 0
2002 0
2002 0
2002 0
2002 0
2002 0
2002 0
2002 3
2002 0
2002 0
2002 0
2002 0
2002 0
2002 0
2002 0
2002 0
2002 0
2002 0
2002 0
2002 0
2002 0
2002 0
2002 0
2002 0
2002 0
2002 0
2002 0
2002 0
2002 4
2002 0
2002 0
2002 0
2002 0
2002 0
2002 0
2002 0
2002 0
2002 0
2002 0
2002 0
2002 0
2002 0
2002 0
2002 0
2002 0
2002 0
2002 0
2002 0
2002 0
2002 0
2002 0
2002 0
2002 0
2002 0
2002 0
2002 0
2002 0
2002 0
2002 0
2002 0
2002 0
2002 0
2002 0
2002 0
2002 0
2002 0
2002 0
2002 0
2002 0
2002 0
2002 0
2002 0
2002 0
2002 0
2002 0
2002 0
2002 0
2002 0
2002 0
2002 0
2002 0
2002 0
2002 0
2002 0
2002 0
2002 0
2002 0
2002 0
2002 0
2002 0
2002 0
2002 0
2002 0
2002 0
2002 0
2002 0
2002 0
2002 0
2002 0
2002 0
2002 0
2002 0
2002 0
2002 0
2002 0
2002 0
2002 0
2002 0
2002 0
2002 0
2002 0
2002 0
2002 0
2002 0
2002 0
2002 0
2002 0
2002 0
2002 0
2002 0
2002 0
2002 0
2002 0
2002 0
2002 0
2002 0
2002 0
2002 0
2002 0
2002 0
2002 0
2002 0
2002 0
2002 0
2002 0
2002 0
2002 0
2002 0
2002 0
2002 0
2002 0
2002 0
2002 0
2002 0
2002 0
2002 0
2002 0
2002 0
2002 0
2002 0
2003 0
2003 0
2003 0
2003 0
2003 0
2003 0
2003 0
2003 0
2003 0
2003 0
2003 0
2003 0
2003 0
2003 0
2003 0
2003 0
2003 0
2003 0
2003 0
2003 0
2003 0
2003 0
2003 0
2003 0
2003 0
2003 0
2003 0
2003 0
2003 0
2003 0
2003 0
2003 0
2003 0
2003 0
2003 0
2003 0
2003 0
2003 0
2003 0
2003 0
2003 0
2003 0
2003 0
2003 0
2003 0
2003 0
2003 0
2003 0
2003 0
2003 0
2003 0
2003 0
2003 0
2003 0
2003 0
2003 0
2003 0
2003 0
2003 0
2003 0
2003 0
2003 0
2003 0
2003 0
2003 0
2003 0
2003 0
2003 0
2003 0
2003 0
2003 0
2003 0
2003 0
2003 0
2003 0
2003 0
2003 0
2003 0
2003 0
2003 0
2003 0
2003 0
2003 0
2003 0
2003 0
2003 0
2003 0
2003 0
2003 0
2003 0
2003 0
2003 0
2003 30
2003 30
2003 30
2003 30
2003 47
2003 46
2003 44
2003 42
2003 42
2003 43
2003 52
2003 51
2003 49
2003 57
2003 53
2003 52
2003 54
2003 52
2003 51
2003 50
2003 50
2003 48
2003 48
2003 48
2003 48
2003 47
2003 62
2003 58
2003 57
2003 65
2003 64
2003 67
2003 58
2003 68
2003 70
2003 69
2003 65
2003 65
2003 64
2003 64
2003 63
2003 62
2003 62
2003 62
2003 62
2003 62
2003 62
2003 62
2003 62
2003 63
2003 70
2003 89
2003 87
2003 82
2003 79
2003 77
2003 79
2003 70
2003 72
2003 70
2003 70
2003 70
2003 69
2003 69
2003 105
2003 103
2003 98
2003 95
2003 92
2003 90
2003 88
2003 87
2003 87
2003 86
2003 86
2003 85
2003 85
2003 85
2003 85
2003 84
2003 83
2003 83
2003 81
2003 80
2003 79
2003 79
2003 78
2003 78
2003 77
2003 76
2003 78
2003 81
2003 78
2003 74
2003 71
2003 70
2003 69
2003 68
2003 67
2003 60
2003 58
2003 57
2003 57
2003 62
2003 57
2003 54
2003 50
2003 50
2003 47
2003 44
2003 48
2003 40
2003 40
2003 36
2003 33
2003 32
2003 27
2003 22
2003 19
2003 13
2003 0
2003 0
2003 0
2003 0
2003 0
2003 0
2003 0
2003 5
2003 0
2003 38
2003 23
2003 40
2003 18
2003 10
2003 0
2003 0
2003 0
2003 0
2003 0
2003 0
2003 0
2003 0
2003 0
2003 0
2003 0
2003 0
2003 0
2003 0
2003 0
2003 0
2003 0
2003 0
2003 0
2003 0
2003 0
2003 0
2003 0
2003 0
2003 0
2003 0
2003 0
2003 0
2003 0
2003 0
2003 0
2003 0
2003 0
2003 0
2003 0
2003 0
2003 0
2003 0
2003 0
2003 0
2003 0
2003 0
2003 0
2003 0
2003 0
2003 0
2003 0
2003 0
2003 0
2003 0
2003 0
2003 0
2003 0
2003 0
2003 0
2003 0
2003 0
2003 0
2003 0
2003 0
2003 0
2003 0
2003 0
2003 0
2003 0
2003 0
2003 0
2003 0
2003 0
2003 0
2003 0
2003 0
2003 0
2003 0
2003 0
2003 0
2003 0
2003 0
2003 0
2003 0
2003 0
2003 0
2003 0
2003 0
2003 0
2003 0
2003 0
2003 0
2003 0
2003 0
2003 0
2003 0
2003 0
2003 0
2003 0
2003 0
2003 0
2003 0
2003 0
2003 0
2003 0
2003 0
2003 0
2003 0
2003 0
2003 0
2003 0
2003 0
2003 0
2003 0
2003 0
2003 0
2003 0
2003 0
2003 0
2003 0
2003 0
2003 0
2003 0
2003 0
2003 0
2003 0
2003 0
2003 0
2003 0
2003 0
2003 0
2003 0
2003 0
2003 0
2003 0
2003 0
2003 0
2003 0
2003 0
2003 0
2003 0
2003 0
2003 0
2006 0
2006 0
2006 0
2006 0
2006 0
2006 0
2006 0
2006 0
2006 0
2006 0
2006 0
2006 0
2006 0
2006 0
2006 0
2006 0
2006 0
2006 0
2006 0
2006 0
2006 0
2006 0
2006 0
2006 0
2006 0
2006 0
2006 0
2006 0
2006 0
2006 0
2006 0
2006 0
2006 14
2006 3
2006 0
2006 0
2006 0
2006 0
2006 0
2006 0
2006 0
2006 0
2006 0
2006 0
2006 0
2006 0
2006 0
2006 0
2006 0
2006 0
2006 0
2006 0
2006 0
2006 0
2006 0
2006 0
2006 0
2006 0
2006 0
2006 0
2006 0
2006 0
2006 0
2006 0
2006 0
2006 0
2006 0
2006 0
2006 0
2006 0
2006 0
2006 0
2006 0
2006 0
2006 0
2006 0
2006 0
2006 0
2006 0
2006 0
2006 0
2006 0
2006 0
2006 0
2006 0
2006 0
2006 0
2006 0
2006 0
2006 0
2006 12
2006 12
2006 13
2006 45
2006 41
2006 50
2006 44
2006 42
2006 42
2006 45
2006 40
2006 39
2006 34
2006 40
2006 37
2006 36
2006 35
2006 32
2006 30
2006 30
2006 30
2006 30
2006 30
2006 30
2006 30
2006 30
2006 29
2006 28
2006 28
2006 28
2006 28
2006 31
2006 46
2006 44
2006 43
2006 41
2006 41
2006 40
2006 39
2006 39
2006 39
2006 39
2006 38
2006 37
2006 36
2006 36
2006 35
2006 35
2006 65
2006 59
2006 57
2006 54
2006 52
2006 51
2006 50
2006 49
2006 48
2006 48
2006 50
2006 49
2006 48
2006 47
2006 49
2006 46
2006 46
2006 45
2006 44
2006 44
2006 44
2006 44
2006 42
2006 42
2006 41
2006 41
2006 41
2006 40
2006 40
2006 40
2006 56
2006 58
2006 65
2006 68
2006 82
2006 72
2006 68.5
2006 65
2006 65
2006 66
2006 66
2006 65
2006 65
2006 65
2006 65
2006 78
2006 98
2006 122
2006 110
2006 110
2006 105
2006 94
2006 90
2006 92
2006 87
2006 87
2006 86
2006 84
2006 84
2006 83
2006 80
2006 83
2006 77
2006 73
2006 75
2006 68
2006 74
2006 72
2006 67
2006 59
2006 54
2006 56
2006 52
2006 47
2006 41
2006 38
2006 37
2006 37
2006 34
2006 33
2006 33
2006 30
2006 22
2006 0
2006 0
2006 0
2006 0
2006 0
2006 0
2006 0
2006 0
2006 0
2006 0
2006 0
2006 0
2006 0
2006 0
2006 0
2006 0
2006 0
2006 0
2006 0
2006 0
2006 0
2006 0
2006 0
2006 0
2006 0
2006 0
2006 0
2006 0
2006 0
2006 4
2006 0
2006 8
2006 0
2006 0
2006 0
2006 0
2006 0
2006 0
2006 0
2006 0
2006 0
2006 0
2006 0
2006 0
2006 0
2006 0
2006 0
2006 0
2006 0
2006 0
2006 0
2006 0
2006 0
2006 0
2006 0
2006 0
2006 0
2006 0
2006 0
2006 0
2006 0
2006 0
2006 0
2006 0
2006 0
2006 0
2006 0
2006 0
2006 0
2006 0
2006 0
2006 0
2006 0
2006 0
2006 0
2006 0
2006 0
2006 0
2006 0
2006 0
2006 0
2006 0
2006 0
2006 0
2006 0
2006 0
2006 0
2006 0
2006 0
2006 0
2006 0
2006 0
2006 0
2006 0
2006 0
2006 0
2006 0
2006 0
2006 0
2006 0
2006 0
2006 0
2006 0
2006 0
2006 0
2006 0
2006 0
2006 0
2006 0
2006 0
2006 0
2006 0
2006 0
2006 0
2006 0
2006 0
2006 0
2006 0
2006 0
2006 0
2006 0
2006 0
2006 0
2006 0
2006 0
2006 0
2006 0
2006 0
2006 0
2006 0
2006 0
2006 0
2006 0
2006 0
2006 0
2006 0
2006 0
2006 0
2006 0
2006 0
2006 0
2006 0
2006 0
2006 0
2008 0
2008 0
2008 0
2008 0
2008 0
2008 0
2008 0
2008 0
2008 0
2008 0
2008 0
2008 0
2008 0
2008 0
2008 0
2008 0
2008 0
2008 0
2008 0
2008 0
2008 0
2008 0
2008 0
2008 0
2008 0
2008 0
2008 0
2008 0
2008 0
2008 0
2008 0
2008 0
2008 0
2008 0
2008 0
2008 0
2008 0
2008 0
2008 0
2008 0
2008 0
2008 0
2008 0
2008 0
2008 0
2008 0
2008 0
2008 0
2008 0
2008 0
2008 0
2008 0
2008 0
2008 0
2008 0
2008 3
2008 0
2008 0
2008 0
2008 0
2008 0
2008 0
2008 0
2008 0
2008 0
2008 0
2008 0
2008 0
2008 0
2008 0
2008 0
2008 0
2008 0
2008 0
2008 3
2008 0
2008 0
2008 0
2008 0
2008 0
2008 2.33333333333333
2008 3
2008 3.66666666666667
2008 4.33333333333333
2008 5
2008 3
2008 4.3
2008 5.6
2008 6.9
2008 8.2
2008 9.5
2008 10.8
2008 12.1
2008 13.4
2008 14.7
2008 16
2008 17.3
2008 18.6
2008 19.9
2008 21.2
2008 22.5
2008 23.8
2008 25.1
2008 26.4
2008 27.7
2008 29
2008 29
2008 29
2008 28
2008 27
2008 27
2008 27
2008 27
2008 25
2008 25
2008 25
2008 25
2008 25
2008 25
2008 25
2008 25
2008 25
2008 25
2008 24
2008 25
2008 25
2008 25
2008 57
2008 50
2008 47
2008 46
2008 46
2008 47
2008 69
2008 84
2008 79
2008 84
2008 93
2008 88
2008 84
2008 80
2008 76
2008 76
2008 74
2008 73
2008 71
2008 70.5
2008 70
2008 69
2008 69
2008 67
2008 66
2008 66
2008 65
2008 78
2008 76
2008 85
2008 93
2008 89
2008 82
2008 79
2008 78
2008 77
2008 77
2008 76
2008 76
2008 75
2008 75
2008 74
2008 74
2008 74
2008 73
2008 73
2008 73
2008 71
2008 69
2008 65
2008 62
2008 61
2008 59
2008 58
2008 54
2008 53
2008 53
2008 46
2008 45
2008 51
2008 52
2008 56
2008 54
2008 50
2008 54
2008 64
2008 58
2008 52
2008 50
2008 49
2008 46
2008 51
2008 47
2008 45
2008 45
2008 41
2008 48
2008 44
2008 43
2008 47
2008 43
2008 43
2008 44
2008 40
2008 31
2008 34
2008 36
2008 26
2008 24
2008 21
2008 18
2008 0
2008 0
2008 6
2008 0
2008 0
2008 0
2008 0
2008 0
2008 0
2008 3
2008 0
2008 0
2008 0
2008 23
2008 5
2008 0
2008 0
2008 0
2008 0
2008 0
2008 0
2008 0
2008 0
2008 3
2008 0
2008 0
2008 0
2008 0
2008 0
2008 0
2008 0
2008 0
2008 0
2008 0
2008 0
2008 0
2008 0
2008 0
2008 0
2008 0
2008 0
2008 0
2008 0
2008 0
2008 0
2008 0
2008 0
2008 0
2008 0
2008 0
2008 0
2008 0
2008 0
2008 0
2008 0
2008 0
2008 0
2008 0
2008 0
2008 0
2008 0
2008 0
2008 0
2008 0
2008 0
2008 0
2008 0
2008 0
2008 0
2008 0
2008 0
2008 0
2008 0
2008 0
2008 0
2008 0
2008 0
2008 0
2008 0
2008 0
2008 0
2008 0
2008 0
2008 0
2008 0
2008 0
2008 0
2008 0
2008 0
2008 0
2008 0
2008 0
2008 0
2008 0
2008 0
2008 0
2008 0
2008 0
2008 0
2008 0
2008 0
2008 0
2008 0
2008 0
2008 0
2008 0
2008 0
2008 0
2008 0
2008 0
2008 0
2008 0
2008 0
2008 0
2008 0
2008 0
2008 0
2008 0
2008 0
2008 0
2008 0
2008 0
2008 0
2008 0
2008 0
2008 0
2008 0
2008 0
2008 0
2008 0
2008 0
2008 0
2008 0
2008 0
2008 0
2008 0
2008 0
2008 0
2008 0
2008 0
2008 0
2008 0
2008 0
2008 0
2008 0
2008 0
2008 0
2008 0
2009 0
2009 0
2009 0
2009 0
2009 0
2009 0
2009 0
2009 0
2009 0
2009 0
2009 0
2009 0
2009 0
2009 0
2009 0
2009 0
2009 0
2009 0
2009 0
2009 0
2009 0
2009 0
2009 0
2009 0
2009 0
2009 0
2009 0
2009 0
2009 0
2009 0
2009 0
2009 0
2009 0
2009 0
2009 0
2009 0
2009 0
2009 0
2009 0
2009 0
2009 0
2009 0
2009 0
2009 0
2009 0
2009 0
2009 0
2009 0
2009 0
2009 0
2009 0
2009 0
2009 0
2009 0
2009 0
2009 0
2009 0
2009 0
2009 0
2009 0
2009 25
2009 18
2009 8
2009 4
2009 0
2009 4
2009 3
2009 0
2009 0
2009 2.5
2009 3
2009 3.5
2009 4
2009 3
2009 0
2009 0
2009 0
2009 0
2009 0
2009 0
2009 0
2009 0
2009 0
2009 0
2009 12
2009 10
2009 10
2009 9
2009 16
2009 14
2009 17.625
2009 21.25
2009 24.875
2009 28.5
2009 32.125
2009 35.75
2009 39.375
2009 43
2009 43
2009 43
2009 56
2009 52
2009 51
2009 50
2009 55
2009 76
2009 94
2009 96
2009 89
2009 83
2009 83
2009 83
2009 83
2009 75
2009 73
2009 71
2009 71
2009 70
2009 68
2009 72
2009 73
2009 73
2009 79
2009 78
2009 77
2009 76
2009 76
2009 79
2009 80
2009 81
2009 79
2009 78
2009 77
2009 77
2009 77
2009 76
2009 76
2009 76
2009 76
2009 76
2009 79
2009 95
2009 93
2009 92
2009 104
2009 124
2009 118
2009 115
2009 112
2009 110
2009 109
2009 108
2009 106
2009 105
2009 105
2009 107
2009 105
2009 103
2009 143
2009 147
2009 140
2009 135
2009 138
2009 132
2009 127
2009 126
2009 125
2009 124
2009 124
2009 123
2009 120
2009 117
2009 114
2009 112
2009 112
2009 108
2009 107
2009 107
2009 106
2009 105
2009 101
2009 101
2009 100
2009 98
2009 98
2009 110
2009 111
2009 112
2009 110
2009 107
2009 107
2009 105
2009 105
2009 105
2009 104
2009 102
2009 102
2009 98
2009 95
2009 92
2009 92
2009 91
2009 91
2009 90
2009 89
2009 88
2009 87
2009 84
2009 89
2009 92
2009 93
2009 87
2009 86
2009 102
2009 101
2009 95
2009 93
2009 90
2009 85
2009 81
2009 78
2009 70
2009 74
2009 73
2009 70
2009 66
2009 64
2009 70
2009 65
2009 48
2009 45
2009 45
2009 43
2009 0
2009 0
2009 0
2009 0
2009 0
2009 0
2009 0
2009 0
2009 0
2009 0
2009 0
2009 0
2009 0
2009 0
2009 0
2009 0
2009 0
2009 0
2009 0
2009 0
2009 0
2009 0
2009 0
2009 0
2009 0
2009 0
2009 0
2009 0
2009 0
2009 0
2009 0
2009 0
2009 0
2009 0
2009 0
2009 0
2009 0
2009 0
2009 0
2009 0
2009 0
2009 0
2009 0
2009 0
2009 0
2009 0
2009 0
2009 0
2009 0
2009 0
2009 0
2009 0
2009 0
2009 0
2009 0
2009 0
2009 0
2009 0
2009 0
2009 0
2009 0
2009 0
2009 0
2009 0
2009 0
2009 0
2009 0
2009 0
2009 0
2009 0
2009 0
2009 0
2009 0
2009 0
2009 0
2009 0
2009 0
2009 0
2009 0
2009 0
2009 0
2009 0
2009 0
2009 0
2009 0
2009 0
2009 0
2009 0
2009 0
2009 0
2009 0
2009 0
2009 0
2009 0
2009 0
2009 0
2009 0
2009 0
2009 0
2009 0
2009 0
2009 0
2009 0
2009 0
2009 0
2009 0
2009 0
2009 0
2009 0
2009 0
2009 0
2009 0
2009 0
2009 0
2009 0
2009 0
2009 0
2009 0
2009 0
2009 0
2009 0
2009 0
2009 0
2009 0
2009 0
2009 0
2009 0
2009 0
2009 0
2009 0
2009 0
2009 0
2011 0
2011 0
2011 0
2011 0
2011 0
2011 0
2011 0
2011 0
2011 0
2011 0
2011 0
2011 0
2011 0
2011 0
2011 0
2011 0
2011 0
2011 0
2011 0
2011 0
2011 0
2011 0
2011 0
2011 0
2011 0
2011 0
2011 0
2011 0
2011 0
2011 0
2011 0
2011 0
2011 0
2011 0
2011 0
2011 0
2011 0
2011 0
2011 0
2011 0
2011 0
2011 0
2011 0
2011 0
2011 0
2011 0
2011 0
2011 0
2011 0
2011 0
2011 0
2011 0
2011 0
2011 0
2011 0
2011 0
2011 0
2011 0
2011 0
2011 0
2011 0
2011 0
2011 0
2011 0
2011 0
2011 0
2011 0
2011 0
2011 0
2011 6.66666666666667
2011 11.3333333333333
2011 16
2011 0
2011 0
2011 0
2011 0
2011 0
2011 0
2011 0
2011 0
2011 0
2011 0
2011 0
2011 0
2011 0
2011 0
2011 23
2011 27.6666666666667
2011 32.3333333333333
2011 37
2011 40
2011 43
2011 53
2011 54
2011 55
2011 56
2011 57
2011 53.6666666666667
2011 50.3333333333333
2011 47
2011 43.6666666666667
2011 40.3333333333333
2011 37
2011 37
2011 37.6
2011 38.2
2011 38.8
2011 39.4
2011 40
2011 42.5
2011 45
2011 47.5
2011 50
2011 52.5
2011 55
2011 57.5
2011 60
2011 60
2011 57
2011 54
2011 54
2011 53
2011 53
2011 53
2011 53
2011 56.1428571428571
2011 59.2857142857143
2011 62.4285714285714
2011 65.5714285714286
2011 68.7142857142857
2011 71.8571428571429
2011 75
2011 72.1666666666667
2011 69.3333333333333
2011 66.5
2011 63.6666666666667
2011 60.8333333333333
2011 58
2011 58
2011 58
2011 58
2011 58
2011 58
2011 58
2011 58
2011 56
2011 56
2011 56
2011 56
2011 55
2011 56
2011 56
2011 60
2011 61
2011 60
2011 60
2011 59
2011 59
2011 59
2011 57
2011 57
2011 57
2011 55
2011 55
2011 55
2011 55
2011 55
2011 73
2011 80
2011 77
2011 74
2011 73
2011 74
2011 74
2011 74
2011 73
2011 73
2011 72
2011 68
2011 70
2011 68
2011 71
2011 70
2011 68
2011 68
2011 67
2011 66
2011 65
2011 64
2011 64
2011 63
2011 62
2011 60
2011 62
2011 62
2011 62
2011 70
2011 78
2011 70
2011 64
2011 64
2011 64
2011 59
2011 54
2011 53
2011 50
2011 49
2011 46
2011 57
2011 53
2011 48
2011 47
2011 40
2011 30
2011 25
2011 20
2011 0
2011 0
2011 0
2011 0
2011 0
2011 0
2011 0
2011 0
2011 0
2011 0
2011 0
2011 0
2011 0
2011 0
2011 0
2011 0
2011 0
2011 0
2011 0
2011 0
2011 0
2011 0
2011 0
2011 0
2011 0
2011 0
2011 0
2011 0
2011 0
2011 0
2011 0
2011 0
2011 0
2011 0
2011 0
2011 0
2011 0
2011 0
2011 0
2011 0
2011 0
2011 0
2011 0
2011 0
2011 0
2011 0
2011 0
2011 0
2011 0
2011 0
2011 0
2011 0
2011 0
2011 0
2011 0
2011 0
2011 0
2011 0
2011 0
2011 0
2011 0
2011 0
2011 0
2011 0
2011 0
2011 0
2011 0
2011 0
2011 0
2011 0
2011 0
2011 0
2011 0
2011 0
2011 0
2011 0
2011 0
2011 0
2011 0
2011 0
2011 0
2011 0
2011 0
2011 0
2011 0
2011 0
2011 0
2011 0
2011 0
2011 0
2011 0
2011 0
2011 0
2011 0
2011 0
2011 0
2011 0
2011 0
2011 0
2011 0
2011 0
2011 0
2011 0
2011 0
2011 0
2011 0
2011 0
2011 0
2011 0
2011 0
2011 0
2011 0
2011 0
2011 0
2011 0
2011 0
2011 0
2011 0
2011 0
2011 0
2011 0
2011 0
2011 0
2011 0
2011 0
2011 0
2011 0
2011 0
2011 0
2011 0
2011 0
2011 0
2011 0
2011 0
2011 0
2011 0
2011 0
2011 0
2011 0
2011 0
2011 0
2011 0
2011 0
2011 0
2011 0
2011 0
2011 0
2011 0
2011 0
2012 0
2012 0
2012 0
2012 0
2012 0
2012 0
2012 0
2012 0
2012 0
2012 0
2012 0
2012 0
2012 0
2012 0
2012 0
2012 0
2012 0
2012 0
2012 0
2012 0
2012 0
2012 0
2012 0
2012 0
2012 0
2012 0
2012 0
2012 0
2012 0
2012 0
2012 0
2012 0
2012 0
2012 0
2012 0
2012 0
2012 0
2012 0
2012 0
2012 0
2012 0
2012 0
2012 0
2012 0
2012 0
2012 0
2012 0
2012 0
2012 0
2012 0
2012 0
2012 0
2012 0
2012 0
2012 6
2012 16
2012 14
2012 10
2012 6
2012 4
2012 0
2012 0
2012 0
2012 0
2012 0
2012 0
2012 0
2012 0
2012 0
2012 0
2012 0
2012 0
2012 0
2012 0
2012 0
2012 0
2012 0
2012 0
2012 0
2012 0
2012 0
2012 0
2012 0
2012 0
2012 0
2012 0
2012 0
2012 0
2012 0
2012 0
2012 0
2012 0
2012 0
2012 0
2012 0
2012 0
2012 0
2012 0
2012 0
2012 0
2012 0
2012 0
2012 9
2012 8
2012 8
2012 11
2012 41
2012 65
2012 65
2012 65
2012 46
2012 52
2012 46
2012 43
2012 28
2012 34
2012 40
2012 40
2012 39
2012 38
2012 40
2012 40
2012 35
2012 35
2012 55
2012 53
2012 52
2012 50
2012 50
2012 48
2012 48
2012 47
2012 47
2012 47
2012 46
2012 45.5
2012 45
2012 45
2012 45
2012 45
2012 44
2012 44
2012 44
2012 44
2012 44
2012 44
2012 44
2012 44
2012 44
2012 46
2012 54
2012 54
2012 66
2012 67
2012 66
2012 66
2012 63
2012 63
2012 62
2012 62
2012 63
2012 60
2012 60
2012 60
2012 60
2012 59
2012 59
2012 59
2012 58
2012 58
2012 57
2012 57
2012 58
2012 58
2012 57
2012 56
2012 56
2012 55
2012 51
2012 51
2012 50
2012 50
2012 50
2012 48
2012 42
2012 39
2012 39
2012 39
2012 38
2012 35
2012 40
2012 38
2012 37
2012 31
2012 26
2012 20
2012 20
2012 18
2012 15
2012 12
2012 20
2012 14
2012 13
2012 10
2012 0
2012 0
2012 0
2012 0
2012 0
2012 0
2012 0
2012 0
2012 0
2012 0
2012 0
2012 0
2012 0
2012 0
2012 0
2012 0
2012 0
2012 0
2012 0
2012 32
2012 27
2012 15
2012 9
2012 10
2012 0
2012 0
2012 0
2012 17
2012 9
2012 0
2012 0
2012 0
2012 0
2012 0
2012 0
2012 0
2012 0
2012 0
2012 0
2012 0
2012 0
2012 0
2012 0
2012 0
2012 0
2012 0
2012 0
2012 0
2012 0
2012 0
2012 0
2012 0
2012 0
2012 0
2012 0
2012 0
2012 0
2012 0
2012 0
2012 0
2012 0
2012 0
2012 0
2012 0
2012 0
2012 0
2012 0
2012 0
2012 0
2012 0
2012 0
2012 0
2012 0
2012 0
2012 0
2012 0
2012 0
2012 0
2012 0
2012 0
2012 0
2012 0
2012 0
2012 0
2012 0
2012 0
2012 0
2012 0
2012 0
2012 0
2012 0
2012 0
2012 0
2012 0
2012 0
2012 0
2012 0
2012 0
2012 0
2012 0
2012 0
2012 0
2012 0
2012 0
2012 0
2012 0
2012 0
2012 0
2012 0
2012 0
2012 0
2012 0
2012 0
2012 0
2012 0
2012 0
2012 0
2012 0
2012 0
2012 0
2012 0
2012 0
2012 0
2012 0
2012 0
2012 0
2012 0
2012 0
2012 0
2012 0
2012 0
2012 0
2012 0
2012 0
2012 0
2012 0
2012 0
2012 0
2012 0
2012 0
2012 0
2012 0
2012 0
2012 0
2012 0
2012 0
2012 0
2012 0
2012 0
2012 0
2012 0
2012 0
2012 0
2012 0
2012 0
2012 0
2012 0
2012 0
2012 0
2012 0
2012 0
2012 0
2013 0
2013 0
2013 0
2013 0
2013 0
2013 0
2013 0
2013 0
2013 0
2013 0
2013 0
2013 0
2013 0
2013 0
2013 0
2013 0
2013 0
2013 0
2013 0
2013 0
2013 0
2013 0
2013 0
2013 0
2013 0
2013 0
2013 0
2013 0
2013 0
2013 0
2013 0
2013 0
2013 0
2013 0
2013 0
2013 0
2013 0
2013 0
2013 0
2013 0
2013 0
2013 0
2013 0
2013 0
2013 0
2013 0
2013 0
2013 0
2013 0
2013 0
2013 0
2013 0
2013 0
2013 0
2013 0
2013 0
2013 0
2013 34
2013 31
2013 28
2013 20
2013 22
2013 17
2013 14
2013 8
2013 0
2013 0
2013 0
2013 0
2013 0
2013 0
2013 10
2013 10
2013 8
2013 6
2013 5
2013 5
2013 4
2013 4
2013 4
2013 4
2013 4
2013 4
2013 4
2013 4
2013 4
2013 4
2013 7
2013 11
2013 44
2013 40
2013 38
2013 38
2013 37
2013 42
2013 46
2013 46
2013 43
2013 50
2013 48.5
2013 47
2013 45
2013 44
2013 43
2013 83
2013 85
2013 82
2013 91
2013 90
2013 89
2013 87
2013 89
2013 88
2013 85
2013 82
2013 80
2013 89
2013 89
2013 92
2013 88
2013 87
2013 85
2013 85
2013 91
2013 89
2013 86
2013 83
2013 81
2013 81
2013 80
2013 80
2013 80
2013 81
2013 80
2013 80
2013 80
2013 80
2013 80
2013 80
2013 79
2013 85
2013 94
2013 96
2013 98
2013 93
2013 91
2013 90
2013 90
2013 89
2013 96
2013 94
2013 91
2013 90
2013 88
2013 86
2013 86
2013 83
2013 81
2013 85
2013 85
2013 84
2013 84
2013 84
2013 100
2013 98
2013 95
2013 94
2013 93
2013 92
2013 90
2013 90
2013 90
2013 90
2013 88
2013 88
2013 87
2013 88
2013 88
2013 89
2013 89
2013 100
2013 97
2013 94
2013 89
2013 89
2013 89
2013 90
2013 91
2013 91
2013 91
2013 91
2013 90
2013 91
2013 87
2013 84
2013 81
2013 81
2013 100
2013 156
2013 154
2013 145
2013 140
2013 130
2013 130
2013 123
2013 122
2013 112
2013 99
2013 103
2013 128
2013 132
2013 133
2013 120
2013 118
2013 114
2013 112
2013 112
2013 110
2013 103
2013 92
2013 101
2013 100
2013 93
2013 93
2013 97
2013 90
2013 81
2013 79
2013 70
2013 50
2013 39
2013 51
2013 60
2013 62
2013 45
2013 30
2013 15
2013 0
2013 0
2013 0
2013 0
2013 0
2013 0
2013 0
2013 0
2013 0
2013 0
2013 0
2013 0
2013 0
2013 0
2013 0
2013 0
2013 0
2013 0
2013 0
2013 0
2013 0
2013 0
2013 0
2013 8
2013 0
2013 0
2013 0
2013 0
2013 0
2013 0
2013 0
2013 0
2013 0
2013 0
2013 0
2013 0
2013 0
2013 0
2013 0
2013 0
2013 0
2013 0
2013 0
2013 0
2013 0
2013 0
2013 0
2013 0
2013 0
2013 0
2013 0
2013 0
2013 0
2013 0
2013 0
2013 0
2013 0
2013 0
2013 0
2013 0
2013 0
2013 0
2013 0
2013 0
2013 0
2013 0
2013 0
2013 0
2013 0
2013 0
2013 0
2013 0
2013 0
2013 0
2013 0
2013 0
2013 0
2013 0
2013 0
2013 0
2013 0
2013 0
2013 0
2013 0
2013 0
2013 0
2013 0
2013 0
2013 0
2013 0
2013 0
2013 0
2013 0
2013 0
2013 0
2013 0
2013 0
2013 0
2013 0
2013 0
2013 0
2013 0
2013 0
2013 0
2013 0
2013 0
2013 0
2013 0
2013 0
2013 0
2013 0
2013 0
2013 0
2013 0
2013 0
2013 0
2013 0
2013 0
2013 0
2013 0
2013 0
2013 0
2013 0
2013 0
2013 0
2013 0
2013 0
2013 0
2014 0
2014 0
2014 0
2014 0
2014 0
2014 0
2014 0
2014 0
2014 0
2014 0
2014 0
2014 0
2014 0
2014 0
2014 0
2014 0
2014 0
2014 0
2014 0
2014 0
2014 0
2014 0
2014 0
2014 0
2014 0
2014 0
2014 0
2014 0
2014 0
2014 0
2014 0
2014 0
2014 0
2014 0
2014 0
2014 0
2014 0
2014 0
2014 0
2014 0
2014 0
2014 0
2014 0
2014 0
2014 0
2014 0
2014 0
2014 0
2014 0
2014 0
2014 0
2014 0
2014 0
2014 0
2014 0
2014 0
2014 0
2014 0
2014 0
2014 0
2014 0
2014 0
2014 0
2014 0
2014 5
2014 5
2014 0
2014 0
2014 0
2014 0
2014 18
2014 17
2014 16
2014 14
2014 12
2014 13
2014 5
2014 3
2014 0
2014 4
2014 3
2014 15
2014 25
2014 20
2014 18
2014 18
2014 17
2014 16
2014 15
2014 15
2014 14
2014 14
2014 13
2014 12
2014 13.5
2014 15
2014 16.5
2014 18
2014 19.5
2014 21
2014 22.5
2014 24
2014 25.5
2014 27
2014 28.5
2014 30
2014 31.5
2014 33
2014 34.5
2014 36
2014 37.5
2014 39
2014 40.5
2014 42
2014 43.5
2014 45
2014 46.5
2014 48
2014 49.5
2014 51
2014 50
2014 50
2014 50
2014 50
2014 61
2014 53
2014 69
2014 69
2014 68
2014 66
2014 64
2014 64
2014 63
2014 63
2014 64
2014 86
2014 86
2014 86
2014 104
2014 101
2014 99
2014 104
2014 100
2014 96
2014 94
2014 94
2014 94
2014 93
2014 91
2014 93
2014 94
2014 91
2014 92
2014 90
2014 96
2014 94
2014 95
2014 106
2014 118
2014 118
2014 122
2014 131
2014 130
2014 135
2014 129
2014 131
2014 136
2014 124
2014 121
2014 135
2014 128
2014 122
2014 120
2014 120
2014 124
2014 120
2014 119
2014 118
2014 133
2014 143
2014 146
2014 155
2014 140
2014 139
2014 144
2014 140
2014 136
2014 133
2014 130
2014 126
2014 123
2014 117
2014 115
2014 114
2014 114
2014 111
2014 101
2014 98
2014 95
2014 95
2014 92
2014 88
2014 86
2014 107
2014 101
2014 97
2014 95
2014 95
2014 92
2014 90
2014 89
2014 86
2014 82
2014 77
2014 75
2014 71
2014 69
2014 68
2014 64
2014 55
2014 50
2014 45
2014 40
2014 34
2014 28
2014 26
2014 17
2014 12
2014 0
2014 0
2014 0
2014 0
2014 0
2014 0
2014 0
2014 0
2014 0
2014 0
2014 0
2014 0
2014 0
2014 0
2014 0
2014 0
2014 0
2014 0
2014 0
2014 0
2014 0
2014 0
2014 0
2014 0
2014 0
2014 0
2014 0
2014 0
2014 0
2014 0
2014 0
2014 0
2014 0
2014 0
2014 0
2014 0
2014 0
2014 0
2014 0
2014 0
2014 0
2014 0
2014 0
2014 0
2014 0
2014 0
2014 0
2014 0
2014 0
2014 0
2014 0
2014 0
2014 0
2014 0
2014 0
2014 0
2014 0
2014 0
2014 0
2014 0
2014 0
2014 0
2014 0
2014 0
2014 0
2014 0
2014 0
2014 0
2014 0
2014 0
2014 0
2014 0
2014 0
2014 0
2014 0
2014 0
2014 0
2014 0
2014 0
2014 0
2014 0
2014 0
2014 0
2014 0
2014 0
2014 0
2014 0
2014 0
2014 0
2014 0
2014 0
2014 0
2014 0
2014 0
2014 0
2014 0
2014 0
2014 0
2014 0
2014 0
2014 0
2014 0
2014 0
2014 0
2014 0
2014 0
2014 0
2014 0
2014 0
2014 0
2014 0
2014 0
2014 0
2014 0
2014 0
2014 0
2014 0
2014 0
2014 0
2014 0
2014 0
2014 0
2014 0
2014 0
2014 0
2014 0
2014 0
2014 0
2014 0
2014 0
2014 0
2014 0
2014 0
2014 0
2014 0
2014 0
2014 0
2015 0
2015 0
2015 0
2015 0
2015 0
2015 0
2015 0
2015 0
2015 0
2015 0
2015 0
2015 0
2015 0
2015 0
2015 0
2015 0
2015 0
2015 0
2015 0
2015 0
2015 0
2015 0
2015 0
2015 0
2015 0
2015 0
2015 0
2015 0
2015 0
2015 0
2015 0
2015 0
2015 0
2015 0
2015 0
2015 0
2015 0
2015 0
2015 0
2015 0
2015 0
2015 0
2015 0
2015 0
2015 0
2015 0
2015 0
2015 0
2015 0
2015 0
2015 0
2015 0
2015 0
2015 0
2015 0
2015 0
2015 0
2015 0
2015 0
2015 0
2015 0
2015 0
2015 0
2015 0
2015 0
2015 0
2015 0
2015 0
2015 0
2015 0
2015 3
2015 0
2015 0
2015 0
2015 0
2015 0
2015 14
2015 16
2015 20
2015 19
2015 18
2015 18
2015 17
2015 16
2015 11
2015 8
2015 7
2015 6
2015 5
2015 0
2015 0
2015 0
2015 0
2015 0
2015 0
2015 0
2015 0
2015 0
2015 0
2015 0
2015 0
2015 0
2015 0
2015 0
2015 0
2015 0
2015 4
2015 0
2015 0
2015 0
2015 0
2015 0
2015 0
2015 0
2015 0
2015 0
2015 0
2015 14
2015 17
2015 16
2015 15
2015 15
2015 15
2015 13
2015 10
2015 10
2015 10
2015 9
2015 9
2015 9
2015 8
2015 6
2015 4
2015 4
2015 4
2015 5
2015 5
2015 5
2015 40
2015 40
2015 36
2015 44
2015 46
2015 38
2015 36
2015 34
2015 32
2015 30
2015 30
2015 28
2015 28
2015 54
2015 52
2015 50
2015 45
2015 44
2015 42
2015 41
2015 52
2015 65
2015 60
2015 53
2015 51
2015 50
2015 50
2015 48
2015 52
2015 70
2015 67
2015 64
2015 57
2015 56
2015 54
2015 60
2015 67
2015 60
2015 68
2015 64
2015 60
2015 60
2015 55
2015 54
2015 52
2015 50
2015 49
2015 48
2015 48
2015 47
2015 44
2015 44
2015 43
2015 41
2015 40
2015 38
2015 38
2015 39
2015 42
2015 37
2015 37
2015 37
2015 37
2015 36
2015 38
2015 37
2015 35
2015 34
2015 32
2015 30
2015 30
2015 28
2015 27
2015 20
2015 10
2015 0
2015 0
2015 3
2015 0
2015 0
2015 0
2015 0
2015 0
2015 0
2015 0
2015 0
2015 0
2015 0
2015 0
2015 0
2015 0
2015 0
2015 0
2015 0
2015 0
2015 0
2015 0
2015 0
2015 0
2015 0
2015 0
2015 0
2015 0
2015 0
2015 0
2015 0
2015 0
2015 0
2015 0
2015 0
2015 0
2015 0
2015 0
2015 0
2015 0
2015 0
2015 0
2015 0
2015 5
2015 6
2015 0
2015 0
2015 0
2015 0
2015 0
2015 0
2015 0
2015 0
2015 0
2015 0
2015 0
2015 0
2015 0
2015 0
2015 0
2015 0
2015 0
2015 0
2015 0
2015 0
2015 0
2015 0
2015 0
2015 0
2015 0
2015 0
2015 0
2015 0
2015 0
2015 0
2015 0
2015 0
2015 0
2015 0
2015 0
2015 0
2015 0
2015 0
2015 0
2015 0
2015 0
2015 0
2015 0
2015 0
2015 0
2015 0
2015 0
2015 0
2015 0
2015 0
2015 0
2015 0
2015 0
2015 0
2015 0
2015 0
2015 0
2015 0
2015 0
2015 0
2015 0
2015 0
2015 0
2015 0
2015 0
2015 0
2015 0
2015 0
2015 0
2015 0
2015 0
2015 0
2015 0
2015 0
2015 0
2015 0
2015 0
2015 0
2015 0
2015 0
2015 0
2015 0
2015 0
2015 0
2015 0
2015 0
2015 0
2015 0
2015 0
2015 0
2015 0
2015 0
2015 0
2015 0
2015 0
2015 0
2015 0
2015 0
2015 0
2015 0
2015 0
2015 0
2015 0
2015 0
2015 0
2015 0
2015 0
2016 0
2016 0
2016 0
2016 0
2016 0
2016 0
2016 0
2016 0
2016 0
2016 0
2016 0
2016 0
2016 0
2016 0
2016 0
2016 0
2016 0
2016 0
2016 0
2016 0
2016 0
2016 0
2016 0
2016 0
2016 0
2016 0
2016 0
2016 0
2016 0
2016 0
2016 0
2016 0
2016 0
2016 0
2016 0
2016 0
2016 0
2016 0
2016 0
2016 0
2016 0
2016 0
2016 0
2016 0
2016 0
2016 5
2016 0
2016 0
2016 0
2016 0
2016 0
2016 0
2016 0
2016 0
2016 0
2016 0
2016 0
2016 0
2016 15
2016 5
2016 0
2016 0
2016 0
2016 0
2016 0
2016 0
2016 0
2016 0
2016 0
2016 0
2016 0
2016 0
2016 0
2016 0
2016 0
2016 0
2016 0
2016 0
2016 0
2016 0
2016 0
2016 0
2016 4
2016 4
2016 4
2016 4
2016 4
2016 4
2016 3
2016 0
2016 0
2016 0
2016 0
2016 0
2016 0
2016 0
2016 0
2016 0
2016 0
2016 0
2016 0
2016 0
2016 0
2016 0
2016 0
2016 0
2016 0
2016 0
2016 0
2016 0
2016 0
2016 0
2016 0
2016 0
2016 0
2016 0
2016 0
2016 0
2016 0
2016 0
2016 0
2016 0
2016 0
2016 0
2016 10
2016 25
2016 25
2016 20
2016 20
2016 35
2016 35
2016 50
2016 60
2016 25
2016 35
2016 35
2016 52
2016 50
2016 45
2016 45
2016 48
2016 46
2016 46
2016 45
2016 44
2016 44
2016 44
2016 42
2016 41
2016 40
2016 40
2016 40
2016 40
2016 34
2016 32
2016 31
2016 32
2016 32
2016 34
2016 36
2016 46
2016 46
2016 61
2016 60
2016 71
2016 79
2016 98
2016 89
2016 87
2016 86
2016 81
2016 80
2016 78
2016 73
2016 65
2016 60
2016 60
2016 60
2016 60
2016 61
2016 62
2016 106
2016 85
2016 82
2016 79
2016 81
2016 122
2016 117
2016 104
2016 102
2016 102
2016 102
2016 98
2016 94
2016 88
2016 88
2016 82
2016 82
2016 83
2016 83
2016 80
2016 80
2016 80
2016 79
2016 75
2016 73
2016 69
2016 66
2016 63
2016 60
2016 57
2016 54
2016 51
2016 48
2016 46
2016 44
2016 43
2016 35
2016 30
2016 25
2016 20
2016 17
2016 0
2016 0
2016 0
2016 0
2016 0
2016 0
2016 0
2016 0
2016 0
2016 0
2016 0
2016 0
2016 0
2016 0
2016 0
2016 0
2016 0
2016 0
2016 0
2016 0
2016 0
2016 10
2016 0
2016 0
2016 0
2016 0
2016 0
2016 0
2016 0
2016 0
2016 0
2016 0
2016 0
2016 0
2016 0
2016 0
2016 0
2016 0
2016 0
2016 9
2016 0
2016 0
2016 0
2016 0
2016 0
2016 0
2016 0
2016 0
2016 0
2016 0
2016 0
2016 0
2016 0
2016 0
2016 0
2016 0
2016 0
2016 0
2016 0
2016 0
2016 0
2016 0
2016 0
2016 0
2016 0
2016 0
2016 0
2016 0
2016 0
2016 0
2016 0
2016 0
2016 0
2016 0
2016 0
2016 0
2016 0
2016 0
2016 0
2016 0
2016 0
2016 0
2016 0
2016 0
2016 0
2016 0
2016 0
2016 0
2016 0
2016 0
2016 0
2016 0
2016 0
2016 0
2016 0
2016 0
2016 0
2016 0
2016 0
2016 0
2016 0
2016 0
2016 0
2016 0
2016 0
2016 0
2016 0
2016 0
2016 0
2016 0
2016 0
2016 0
2016 0
2016 0
2016 0
2016 0
2016 0
2016 0
2016 0
2016 0
2016 0
2016 0
2016 0
2016 0
2016 0
2016 0
2016 0
2016 0
2016 0
2016 0
2016 0
2016 0
2016 0
2016 0
2016 0
2016 0
2016 0
2016 0
2016 0
2016 0
2016 0
2016 0
2016 0
2016 0
2017 0
2017 0
2017 0
2017 0
2017 0
2017 0
2017 0
2017 0
2017 0
2017 0
2017 0
2017 0
2017 0
2017 0
2017 0
2017 0
2017 0
2017 0
2017 0
2017 0
2017 0
2017 0
2017 0
2017 0
2017 0
2017 0
2017 0
2017 0
2017 0
2017 0
2017 0
2017 0
2017 0
2017 0
2017 0
2017 0
2017 0
2017 0
2017 0
2017 0
2017 0
2017 0
2017 8
2017 4
2017 6
2017 4
2017 0
2017 0
2017 0
2017 0
2017 0
2017 0
2017 0
2017 0
2017 0
2017 0
2017 0
2017 0
2017 0
2017 0
2017 0
2017 0
2017 0
2017 0
2017 0
2017 0
2017 0
2017 0
2017 0
2017 0
2017 0
2017 0
2017 0
2017 0
2017 0
2017 0
2017 0
2017 0
2017 0
2017 0
2017 0
2017 0
2017 0
2017 0
2017 0
2017 4
2017 5
2017 4
2017 4
2017 4
2017 4
2017 4
2017 3
2017 3
2017 3
2017 0
2017 0
2017 0
2017 0
2017 0
2017 0
2017 0
2017 0
2017 0
2017 0
2017 0
2017 0
2017 0
2017 0
2017 0
2017 0
2017 8
2017 7
2017 6
2017 6
2017 6
2017 5
2017 5
2017 5
2017 4
2017 4
2017 4
2017 3
2017 3
2017 3
2017 3
2017 3
2017 3
2017 3
2017 0
2017 3
2017 3
2017 5
2017 5
2017 12
2017 10
2017 10
2017 10
2017 10
2017 10
2017 9
2017 9
2017 8
2017 8
2017 7
2017 9
2017 9
2017 9
2017 9
2017 9
2017 9
2017 9
2017 9
2017 8
2017 8
2017 20
2017 34
2017 36
2017 49
2017 45
2017 40
2017 37
2017 38
2017 33
2017 30
2017 32
2017 32
2017 30
2017 30
2017 30
2017 30
2017 30
2017 30
2017 30
2017 29
2017 28
2017 27
2017 27
2017 27
2017 25
2017 36
2017 42
2017 42
2017 37
2017 48
2017 48
2017 52
2017 58
2017 57
2017 48
2017 43
2017 38
2017 36
2017 38
2017 35
2017 34
2017 32
2017 29
2017 24
2017 21
2017 18
2017 15
2017 13
2017 10
2017 11
2017 10
2017 45
2017 45
2017 27
2017 25
2017 8
2017 0
2017 0
2017 5
2017 0
2017 0
2017 0
2017 7
2017 0
2017 0
2017 0
2017 0
2017 0
2017 0
2017 0
2017 0
2017 0
2017 0
2017 0
2017 0
2017 0
2017 0
2017 0
2017 0
2017 0
2017 0
2017 0
2017 0
2017 0
2017 0
2017 0
2017 0
2017 0
2017 0
2017 0
2017 0
2017 0
2017 0
2017 0
2017 0
2017 0
2017 0
2017 0
2017 0
2017 0
2017 0
2017 0
2017 0
2017 0
2017 0
2017 0
2017 0
2017 0
2017 0
2017 0
2017 0
2017 0
2017 0
2017 0
2017 0
2017 0
2017 0
2017 0
2017 0
2017 0
2017 0
2017 0
2017 0
2017 0
2017 0
2017 0
2017 0
2017 0
2017 0
2017 0
2017 0
2017 0
2017 0
2017 0
2017 0
2017 0
2017 0
2017 0
2017 0
2017 0
2017 0
2017 0
2017 0
2017 0
2017 0
2017 0
2017 0
2017 0
2017 0
2017 0
2017 0
2017 0
2017 0
2017 0
2017 0
2017 0
2017 0
2017 0
2017 0
2017 0
2017 0
2017 0
2017 0
2017 0
2017 0
2017 0
2017 0
2017 0
2017 0
2017 0
2017 0
2017 0
2017 0
2017 0
2017 0
2017 0
2017 0
2017 0
2017 0
2017 0
2017 0
2017 0
2017 0
2017 0
2017 0
2017 0
2017 0
2017 0
2017 0
2017 0
2017 0
2017 0
2017 0
2017 0
2017 0
2017 0
2017 0
2017 0
2017 0
2017 0
2017 0
2017 0
2017 0
2017 0
2017 0
2017 0
2017 0
2017 0
2017 0
2017 0
2018 0
2018 0
2018 0
2018 0
2018 0
2018 0
2018 0
2018 0
2018 0
2018 0
2018 0
2018 0
2018 0
2018 0
2018 0
2018 0
2018 0
2018 0
2018 0
2018 0
2018 0
2018 0
2018 0
2018 0
2018 0
2018 0
2018 0
2018 0
2018 0
2018 0
2018 0
2018 0
2018 0
2018 0
2018 0
2018 0
2018 0
2018 0
2018 0
2018 0
2018 0
2018 0
2018 0
2018 0
2018 0
2018 0
2018 0
2018 0
2018 0
2018 0
2018 0
2018 0
2018 0
2018 0
2018 0
2018 0
2018 0
2018 0
2018 0
2018 0
2018 0
2018 0
2018 0
2018 0
2018 0
2018 0
2018 4
2018 21
2018 11
2018 10
2018 6
2018 6
2018 6
2018 6
2018 6
2018 5
2018 5
2018 4
2018 4
2018 4
2018 4
2018 3
2018 3
2018 3
2018 3
2018 3
2018 3
2018 3
2018 3
2018 4
2018 3
2018 3
2018 4
2018 4
2018 4
2018 4
2018 4
2018 4
2018 9
2018 12
2018 13
2018 70
2018 100
2018 90
2018 95
2018 100
2018 100
2018 98
2018 96
2018 94
2018 92
2018 90
2018 85
2018 80
2018 75
2018 70
2018 68
2018 65
2018 80
2018 80
2018 95
2018 90
2018 92
2018 99
2018 91
2018 101
2018 95
2018 90
2018 86
2018 92
2018 132
2018 134
2018 131
2018 127
2018 123
2018 120
2018 117
2018 113
2018 114
2018 113
2018 110
2018 108
2018 120
2018 118
2018 115
2018 112
2018 110
2018 108
2018 113
2018 111
2018 109
2018 107
2018 106
2018 111
2018 117
2018 117
2018 117
2018 119
2018 120
2018 120
2018 120
2018 120
2018 120
2018 120
2018 120
2018 121
2018 122
2018 121
2018 115
2018 114
2018 115
2018 112
2018 112
2018 111
2018 110
2018 110
2018 110
2018 113
2018 115
2018 116
2018 114
2018 148
2018 155
2018 160
2018 155
2018 156
2018 156
2018 156
2018 152
2018 150
2018 140
2018 143
2018 149
2018 144
2018 139
2018 152
2018 160
2018 149
2018 151
2018 152
2018 146
2018 146
2018 145
2018 139
2018 134
2018 134
2018 130
2018 130
2018 131
2018 132
2018 132
2018 140
2018 135
2018 130
2018 132
2018 131
2018 135
2018 130
2018 127
2018 123
2018 120
2018 120
2018 130
2018 122
2018 136
2018 125
2018 113
2018 115
2018 110
2018 100
2018 98
2018 91
2018 84
2018 78
2018 75
2018 70
2018 65
2018 60
2018 55
2018 45
2018 40
2018 25
2018 20
2018 15
2018 12
2018 6
2018 0
2018 0
2018 0
2018 0
2018 0
2018 0
2018 0
2018 0
2018 0
2018 6
2018 0
2018 0
2018 0
2018 0
2018 0
2018 0
2018 0
2018 0
2018 0
2018 0
2018 0
2018 0
2018 0
2018 0
2018 0
2018 0
2018 0
2018 0
2018 0
2018 0
2018 0
2018 0
2018 0
2018 0
2018 0
2018 0
2018 0
2018 0
2018 0
2018 0
2018 0
2018 0
2018 0
2018 0
2018 0
2018 0
2018 0
2018 0
2018 0
2018 0
2018 0
2018 0
2018 0
2018 0
2018 0
2018 0
2018 0
2018 0
2018 0
2018 0
2018 0
2018 0
2018 0
2018 0
2018 0
2018 0
2018 0
2018 0
2018 0
2018 0
2018 0
2018 0
2018 0
2018 0
2018 0
2018 0
2018 0
2018 0
2018 0
2018 0
2018 0
2018 0
2018 0
2018 0
2018 0
2018 0
2018 0
2018 0
2018 0
2018 0
2018 0
2018 0
2018 0
2018 0
2018 0
2018 0
2018 0
2018 0
2018 0
2018 0
2018 0
2018 0
2018 0
2018 0
2018 0
2018 0
2018 0
2018 0
2018 0
2018 0
2018 0
2018 0
2018 0
2018 0
2018 0
2018 0
2018 0
2018 0
2018 0
