1980 0
1980 0
1980 0
1980 0
1980 0
1980 0
1980 0
1980 0
1980 0
1980 0
1980 0
1980 0
1980 0
1980 0
1980 0
1980 0
1980 0
1980 0
1980 0
1980 0
1980 0
1980 0
1980 0
1980 0
1980 0
1980 0
1980 0
1980 0
1980 0
1980 0
1980 0
1980 0
1980 0
1980 0
1980 0
1980 0
1980 0
1980 0
1980 0
1980 0
1980 0
1980 0
1980 0
1980 0
1980 0
1980 0
1980 0
1980 0
1980 0
1980 0
1980 0
1980 0
1980 0
1980 0
1980 0
1980 0
1980 0
1980 0
1980 0
1980 0
1980 0
1980 0
1980 0
1980 0
1980 0
1980 0
1980 0
1980 0
1980 0
1980 0
1980 0
1980 0
1980 0
1980 0
1980 0
1980 0
1980 0
1980 0
1980 0
1980 0
1980 0
1980 0
1980 0
1980 0
1980 0
1980 0
1980 0
1980 0
1980 0
1980 0
1980 0
1980 0
1980 0
1980 0
1980 0
1980 0
1980 0
1980 0
1980 0
1980 0
1980 0
1980 0
1980 0
1980 0
1980 0
1980 3
1980 3
1980 3
1980 2
1980 2
1980 30
1980 24
1980 41
1980 30
1980 22
1980 22
1980 22
1980 21
1980 21
1980 22
1980 22
1980 21
1980 21
1980 21
1980 21
1980 21
1980 21
1980 28
1980 28
1980 27
1980 26
1980 26
1980 26
1980 26
1980 24
1980 24
1980 24
1980 38
1980 36
1980 35
1980 33
1980 32
1980 31
1980 30
1980 29
1980 27
1980 25
1980 25
1980 25
1980 25
1980 25
1980 25
1980 24
1980 24
1980 23
1980 22
1980 21
1980 21
1980 21
1980 20
1980 20
1980 20
1980 20
1980 18
1980 18
1980 16
1980 15
1980 15
1980 14
1980 14
1980 12
1980 10
1980 8
1980 8
1980 8
1980 8
1980 5
1980 0
1980 0
1980 0
1980 0
1980 0
1980 0
1980 0
1980 0
1980 0
1980 0
1980 0
1980 0
1980 0
1980 0
1980 0
1980 0
1980 0
1980 0
1980 0
1980 0
1980 0
1980 0
1980 0
1980 0
1980 0
1980 0
1980 0
1980 0
1980 0
1980 0
1980 0
1980 0
1980 0
1980 0
1980 0
1980 0
1980 0
1980 0
1980 0
1980 0
1980 0
1980 0
1980 0
1980 0
1980 0
1980 0
1980 0
1980 0
1980 0
1980 0
1980 0
1980 0
1980 0
1980 0
1980 0
1980 0
1980 0
1980 0
1980 0
1980 0
1980 0
1980 0
1980 0
1980 0
1980 0
1980 0
1980 0
1980 0
1980 0
1980 0
1980 0
1980 0
1980 0
1980 0
1980 0
1980 0
1980 0
1980 0
1980 0
1980 0
1980 0
1980 0
1980 0
1980 0
1980 0
1980 0
1980 0
1980 0
1980 0
1980 0
1980 0
1980 0
1980 0
1980 0
1980 0
1980 0
1980 0
1980 0
1980 0
1980 0
1980 0
1980 0
1980 0
1980 0
1980 0
1980 0
1980 0
1980 0
1980 0
1980 0
1980 0
1980 0
1980 0
1980 0
1980 0
1980 0
1980 0
1980 0
1980 0
1980 0
1980 0
1980 0
1980 0
1980 0
1980 0
1980 0
1980 0
1980 0
1980 0
1980 0
1980 0
1980 0
1980 0
1980 0
1980 0
1980 0
1980 0
1980 0
1980 0
1980 0
1980 0
1980 0
1980 0
1980 0
1980 0
1980 0
1980 0
1980 0
1980 0
1980 0
1980 0
1980 0
1980 0
1980 0
1980 0
1980 0
1980 0
1980 0
1980 0
1980 0
1980 0
1980 0
1980 0
1980 0
1980 0
1980 0
1980 0
1980 0
1980 0
1980 0
1980 0
1980 0
1980 0
1980 0
1980 0
1980 0
1980 0
1980 0
1980 0
1980 0
1980 0
1980 0
1980 0
1980 0
1980 0
1980 0
1980 0
1980 0
1980 0
1982 0
1982 0
1982 0
1982 0
1982 0
1982 0
1982 0
1982 0
1982 0
1982 0
1982 0
1982 0
1982 0
1982 0
1982 0
1982 0
1982 0
1982 0
1982 0
1982 0
1982 0
1982 0
1982 0
1982 0
1982 0
1982 0
1982 0
1982 0
1982 0
1982 0
1982 0
1982 0
1982 0
1982 0
1982 0
1982 0
1982 0
1982 0
1982 0
1982 0
1982 0
1982 0
1982 0
1982 0
1982 0
1982 0
1982 0
1982 0
1982 0
1982 0
1982 0
1982 0
1982 0
1982 0
1982 0
1982 0
1982 0
1982 0
1982 0
1982 0
1982 0
1982 0
1982 0
1982 0
1982 0
1982 0
1982 0
1982 0
1982 0
1982 0
1982 0
1982 0
1982 0
1982 0
1982 0
1982 0
1982 0
1982 0
1982 0
1982 0
1982 0
1982 0
1982 0
1982 0
1982 0
1982 0
1982 0
1982 0
1982 0
1982 0
1982 0
1982 0
1982 0
1982 0
1982 0
1982 0
1982 0
1982 0
1982 0
1982 0
1982 0
1982 0
1982 0
1982 5
1982 5
1982 4
1982 4
1982 4
1982 4
1982 41
1982 39
1982 40
1982 50
1982 76
1982 71
1982 72
1982 68
1982 65
1982 63
1982 61
1982 53
1982 43
1982 35
1982 27
1982 27
1982 27
1982 26
1982 25
1982 25
1982 25
1982 25
1982 25
1982 25
1982 25
1982 25
1982 25
1982 25
1982 24
1982 24
1982 24
1982 24
1982 24
1982 24
1982 23
1982 23
1982 23
1982 23
1982 23
1982 23
1982 23
1982 23
1982 23
1982 23
1982 23
1982 23
1982 23
1982 21
1982 21
1982 21
1982 21
1982 21
1982 20
1982 20
1982 20
1982 19
1982 18
1982 18
1982 17
1982 19
1982 18
1982 14
1982 13
1982 12
1982 11
1982 11
1982 11
1982 16
1982 31
1982 29
1982 22
1982 20
1982 18
1982 15
1982 15
1982 14
1982 12
1982 9
1982 7
1982 12
1982 9
1982 8
1982 5
1982 5
1982 5
1982 4
1982 2
1982 2
1982 2
1982 5
1982 9
1982 4
1982 2
1982 0
1982 0
1982 0
1982 0
1982 0
1982 0
1982 0
1982 0
1982 0
1982 0
1982 0
1982 0
1982 0
1982 0
1982 0
1982 0
1982 0
1982 0
1982 0
1982 0
1982 0
1982 0
1982 0
1982 0
1982 0
1982 0
1982 0
1982 0
1982 0
1982 0
1982 0
1982 0
1982 0
1982 0
1982 0
1982 0
1982 0
1982 0
1982 0
1982 0
1982 0
1982 0
1982 0
1982 0
1982 0
1982 0
1982 0
1982 0
1982 0
1982 0
1982 0
1982 0
1982 0
1982 0
1982 0
1982 0
1982 0
1982 0
1982 0
1982 0
1982 0
1982 0
1982 0
1982 0
1982 0
1982 0
1982 0
1982 0
1982 0
1982 0
1982 0
1982 0
1982 0
1982 0
1982 0
1982 0
1982 0
1982 0
1982 0
1982 0
1982 0
1982 0
1982 0
1982 0
1982 0
1982 0
1982 0
1982 0
1982 0
1982 0
1982 0
1982 0
1982 0
1982 0
1982 0
1982 0
1982 0
1982 0
1982 0
1982 0
1982 0
1982 0
1982 0
1982 0
1982 0
1982 0
1982 0
1982 0
1982 0
1982 0
1982 0
1982 0
1982 0
1982 0
1982 0
1982 0
1982 0
1982 0
1982 0
1982 0
1982 0
1982 0
1982 0
1982 0
1982 0
1982 0
1982 0
1982 0
1982 0
1982 0
1982 0
1982 0
1982 0
1982 0
1982 0
1982 0
1982 0
1982 0
1982 0
1982 0
1982 0
1982 0
1982 0
1982 0
1982 0
1982 0
1982 0
1982 0
1982 0
1982 0
1982 0
1982 0
1982 0
1982 0
1982 0
1982 0
1982 0
1982 0
1982 0
1982 0
1982 0
1982 0
1982 0
1983 0
1983 0
1983 0
1983 0
1983 0
1983 0
1983 0
1983 0
1983 0
1983 0
1983 0
1983 0
1983 0
1983 0
1983 0
1983 0
1983 0
1983 0
1983 0
1983 0
1983 0
1983 0
1983 0
1983 0
1983 0
1983 0
1983 0
1983 0
1983 0
1983 0
1983 0
1983 0
1983 0
1983 0
1983 0
1983 0
1983 0
1983 0
1983 0
1983 0
1983 0
1983 0
1983 0
1983 0
1983 0
1983 0
1983 0
1983 0
1983 0
1983 0
1983 0
1983 0
1983 0
1983 0
1983 0
1983 0
1983 0
1983 0
1983 0
1983 0
1983 0
1983 0
1983 0
1983 0
1983 0
1983 0
1983 0
1983 0
1983 0
1983 0
1983 0
1983 0
1983 0
1983 0
1983 0
1983 0
1983 0
1983 0
1983 0
1983 0
1983 0
1983 0
1983 0
1983 0
1983 0
1983 0
1983 0
1983 0
1983 0
1983 0
1983 0
1983 0
1983 0
1983 0
1983 0
1983 0
1983 0
1983 0
1983 0
1983 0
1983 0
1983 0
1983 0
1983 0
1983 0
1983 0
1983 0
1983 0
1983 0
1983 0
1983 0
1983 0
1983 0
1983 0
1983 0
1983 0
1983 0
1983 0
1983 0
1983 0
1983 0
1983 0
1983 0
1983 0
1983 0
1983 0
1983 0
1983 0
1983 0
1983 0
1983 0
1983 0
1983 0
1983 0
1983 0
1983 0
1983 0
1983 14
1983 7
1983 0
1983 0
1983 0
1983 0
1983 0
1983 0
1983 0
1983 0
1983 0
1983 0
1983 0
1983 0
1983 0
1983 0
1983 0
1983 0
1983 0
1983 0
1983 0
1983 14
1983 23
1983 20
1983 22
1983 23
1983 25
1983 29
1983 23
1983 22
1983 22
1983 19
1983 18
1983 18
1983 18
1983 18
1983 18
1983 17
1983 17
1983 16
1983 15
1983 15
1983 15
1983 14
1983 15
1983 13
1983 11
1983 11
1983 7
1983 6
1983 5
1983 0
1983 0
1983 0
1983 0
1983 0
1983 0
1983 0
1983 0
1983 0
1983 0
1983 0
1983 0
1983 0
1983 0
1983 0
1983 0
1983 0
1983 0
1983 0
1983 0
1983 0
1983 0
1983 0
1983 0
1983 0
1983 0
1983 0
1983 0
1983 0
1983 0
1983 0
1983 0
1983 0
1983 0
1983 0
1983 0
1983 0
1983 0
1983 0
1983 0
1983 0
1983 0
1983 0
1983 0
1983 0
1983 0
1983 0
1983 0
1983 0
1983 0
1983 0
1983 0
1983 0
1983 0
1983 0
1983 0
1983 0
1983 0
1983 0
1983 0
1983 0
1983 0
1983 0
1983 0
1983 0
1983 0
1983 0
1983 0
1983 0
1983 0
1983 0
1983 0
1983 0
1983 0
1983 0
1983 0
1983 0
1983 0
1983 0
1983 0
1983 0
1983 0
1983 0
1983 0
1983 0
1983 0
1983 0
1983 0
1983 0
1983 0
1983 0
1983 0
1983 0
1983 0
1983 0
1983 0
1983 0
1983 0
1983 0
1983 0
1983 0
1983 0
1983 0
1983 0
1983 0
1983 0
1983 0
1983 0
1983 0
1983 0
1983 0
1983 0
1983 0
1983 0
1983 0
1983 0
1983 0
1983 0
1983 0
1983 0
1983 0
1983 0
1983 0
1983 0
1983 0
1983 0
1983 0
1983 0
1983 0
1983 0
1983 0
1983 0
1983 0
1983 0
1983 0
1983 0
1983 0
1983 0
1983 0
1983 0
1983 0
1983 0
1983 0
1983 0
1983 0
1983 0
1983 0
1983 0
1983 0
1983 0
1983 0
1983 0
1983 0
1983 0
1983 0
1983 0
1983 0
1983 0
1983 0
1983 0
1983 0
1983 0
1983 0
1983 0
1983 0
1983 0
1983 0
1983 0
1983 0
1983 0
1983 0
1983 0
1983 0
1983 0
1983 0
1983 0
1983 0
