2002 0
2002 0
2002 0
2002 0
2002 0
2002 0
2002 0
2002 0
2002 0
2002 0
2002 0
2002 0
2002 0
2002 0
2002 0
2002 6
2002 0
2002 0
2002 0
2002 0
2002 0
2002 0
2002 0
2002 0
2002 0
2002 0
2002 0
2002 0
2002 0
2002 0
2002 0
2002 0
2002 0
2002 0
2002 0
2002 0
2002 0
2002 0
2002 0
2002 0
2002 0
2002 0
2002 0
2002 0
2002 0
2002 0
2002 0
2002 0
2002 0
2002 0
2002 0
2002 0
2002 0
2002 0
2002 0
2002 0
2002 0
2002 0
2002 0
2002 0
2002 0
2002 0
2002 0
2002 0
2002 0
2002 0
2002 6
2002 0
2002 0
2002 9
2002 0
2002 0
2002 0
2002 0
2002 0
2002 0
2002 0
2002 0
2002 0
2002 0
2002 0
2002 0
2002 0
2002 17
2002 15
2002 13
2002 11
2002 14
2002 13
2002 13
2002 18
2002 17.5
2002 17
2002 17
2002 18
2002 29
2002 27
2002 27
2002 26
2002 25
2002 25
2002 25
2002 25
2002 25
2002 21
2002 21
2002 21
2002 20
2002 21
2002 20
2002 20
2002 21
2002 35
2002 33.5
2002 32
2002 31
2002 32
2002 35
2002 34
2002 67
2002 89
2002 84
2002 80
2002 79
2002 77
2002 77
2002 75
2002 75
2002 73
2002 63
2002 63
2002 63
2002 62.6666666666667
2002 62.3333333333333
2002 62
2002 62
2002 62
2002 61
2002 60
2002 61
2002 62
2002 62
2002 61
2002 62
2002 62
2002 67
2002 70
2002 69
2002 70
2002 65
2002 64
2002 64
2002 64
2002 65
2002 64.5
2002 64
2002 64
2002 64
2002 76
2002 78
2002 81
2002 80
2002 79
2002 78
2002 78
2002 77
2002 76
2002 76
2002 77
2002 74
2002 75
2002 75
2002 83
2002 90
2002 97
2002 106
2002 110
2002 125
2002 118
2002 113
2002 109
2002 108
2002 113
2002 119
2002 114.5
2002 110
2002 110
2002 105
2002 102
2002 100
2002 97
2002 95
2002 93
2002 92
2002 91
2002 90
2002 90
2002 89
2002 88
2002 100
2002 95
2002 91
2002 95
2002 113
2002 111
2002 109
2002 108
2002 105
2002 104
2002 104
2002 103
2002 102
2002 100
2002 95
2002 93
2002 94
2002 94
2002 92
2002 91
2002 90
2002 93
2002 92
2002 92
2002 90
2002 88
2002 92
2002 91
2002 92
2002 91
2002 90
2002 89
2002 89
2002 84
2002 80
2002 75
2002 73
2002 70
2002 66
2002 66
2002 61
2002 58
2002 53
2002 56
2002 59
2002 62
2002 93
2002 89
2002 83
2002 77
2002 68
2002 59
2002 55
2002 56
2002 53
2002 50
2002 41
2002 24
2002 0
2002 0
2002 0
2002 0
2002 0
2002 0
2002 0
2002 0
2002 0
2002 0
2002 0
2002 17
2002 9
2002 0
2002 0
2002 0
2002 0
2002 0
2002 0
2002 0
2002 0
2002 0
2002 0
2002 0
2002 0
2002 0
2002 0
2002 0
2002 0
2002 0
2002 0
2002 0
2002 0
2002 0
2002 0
2002 0
2002 0
2002 0
2002 0
2002 0
2002 0
2002 0
2002 0
2002 0
2002 0
2002 0
2002 0
2002 0
2002 0
2002 0
2002 0
2002 0
2002 0
2002 0
2002 0
2002 0
2002 0
2002 0
2002 0
2002 0
2002 0
2002 0
2002 0
2002 0
2002 0
2002 0
2002 0
2002 0
2002 0
2002 0
2002 0
2002 0
2002 0
2002 0
2002 0
2002 0
2002 0
2002 0
2002 0
2002 0
2002 0
2002 0
2002 0
2002 0
2002 0
2002 0
2002 0
2002 0
2002 0
2002 0
2002 0
2002 0
2002 0
2002 0
2002 0
2002 0
2002 0
2002 0
2002 0
2002 0
2002 0
2002 0
2002 0
2002 0
2002 0
2002 0
2002 0
2002 0
2003 0
2003 0
2003 0
2003 0
2003 0
2003 0
2003 0
2003 0
2003 0
2003 0
2003 0
2003 0
2003 0
2003 0
2003 0
2003 0
2003 0
2003 0
2003 0
2003 0
2003 0
2003 0
2003 0
2003 7
2003 6
2003 0
2003 0
2003 0
2003 0
2003 0
2003 0
2003 0
2003 0
2003 0
2003 0
2003 8
2003 0
2003 0
2003 0
2003 0
2003 0
2003 0
2003 0
2003 0
2003 0
2003 0
2003 6
2003 7
2003 16
2003 12
2003 8
2003 0
2003 0
2003 0
2003 7
2003 0
2003 0
2003 0
2003 0
2003 0
2003 0
2003 0
2003 0
2003 0
2003 21
2003 16
2003 15
2003 29
2003 32
2003 48
2003 57
2003 42
2003 39
2003 38
2003 40
2003 39
2003 46
2003 53
2003 65
2003 71
2003 65
2003 62
2003 62
2003 60
2003 58
2003 61
2003 66
2003 63
2003 63
2003 62
2003 61
2003 62.3333333333333
2003 63.6666666666667
2003 65
2003 64
2003 63
2003 63
2003 63
2003 63
2003 57
2003 63
2003 61
2003 63
2003 62
2003 63
2003 64
2003 73
2003 96
2003 98
2003 97
2003 95
2003 102
2003 102
2003 98
2003 96
2003 94
2003 93
2003 93
2003 93
2003 92
2003 94
2003 98
2003 90
2003 108
2003 107
2003 128
2003 134
2003 127
2003 126
2003 121
2003 116
2003 116
2003 115
2003 115
2003 121
2003 115
2003 115
2003 114
2003 114
2003 114
2003 114
2003 113
2003 114.333333333333
2003 115.666666666667
2003 117
2003 121
2003 119
2003 118
2003 124.5
2003 131
2003 136
2003 153
2003 149
2003 148
2003 143
2003 156
2003 188
2003 200
2003 195
2003 189
2003 184
2003 179
2003 176
2003 173
2003 173
2003 171
2003 169
2003 169
2003 169
2003 168
2003 167
2003 166
2003 165
2003 165
2003 164
2003 163
2003 162
2003 161
2003 161
2003 160
2003 160
2003 159
2003 164
2003 164
2003 163
2003 162
2003 161
2003 160
2003 160
2003 159
2003 158
2003 154
2003 153
2003 153
2003 153
2003 152
2003 151
2003 151
2003 150
2003 150
2003 150
2003 149
2003 147
2003 146
2003 144
2003 142
2003 140
2003 138
2003 135
2003 131
2003 129
2003 128
2003 124
2003 125
2003 124
2003 121
2003 120
2003 121
2003 119
2003 118
2003 125
2003 126
2003 124
2003 123
2003 120
2003 118
2003 115
2003 110
2003 106
2003 102
2003 101
2003 99
2003 100
2003 98
2003 95
2003 93
2003 89
2003 86
2003 85
2003 80
2003 73
2003 66
2003 58
2003 54
2003 45
2003 36
2003 27
2003 0
2003 0
2003 0
2003 0
2003 0
2003 0
2003 0
2003 0
2003 0
2003 0
2003 0
2003 0
2003 0
2003 0
2003 0
2003 0
2003 0
2003 0
2003 0
2003 0
2003 0
2003 0
2003 0
2003 0
2003 0
2003 0
2003 0
2003 0
2003 0
2003 0
2003 0
2003 0
2003 0
2003 0
2003 0
2003 0
2003 0
2003 0
2003 0
2003 0
2003 0
2003 0
2003 0
2003 0
2003 0
2003 0
2003 0
2003 0
2003 0
2003 0
2003 0
2003 0
2003 0
2003 0
2003 0
2003 0
2003 0
2003 0
2003 0
2003 0
2003 0
2003 0
2003 0
2003 0
2003 0
2003 0
2003 0
2003 0
2003 0
2003 0
2003 0
2003 0
2003 0
2003 0
2003 0
2003 0
2003 0
2003 0
2003 0
2003 0
2003 0
2003 0
2003 0
2003 0
2003 0
2003 0
2003 0
2003 0
2003 0
2003 0
2003 0
2003 0
2003 0
2003 0
2003 0
2003 0
2003 0
2003 0
2003 0
2003 0
2003 0
2003 0
2003 0
2003 0
2003 0
2003 0
2003 0
2003 0
2003 0
2003 0
2003 0
2003 0
2003 0
2003 0
2003 0
2003 0
2003 0
2003 0
2004 0
2004 0
2004 0
2004 0
2004 0
2004 0
2004 0
2004 0
2004 0
2004 0
2004 0
2004 0
2004 0
2004 0
2004 0
2004 0
2004 0
2004 0
2004 0
2004 0
2004 0
2004 0
2004 0
2004 0
2004 0
2004 0
2004 0
2004 0
2004 0
2004 0
2004 0
2004 0
2004 0
2004 0
2004 6
2004 7
2004 15
2004 35
2004 22
2004 18
2004 14
2004 11
2004 9
2004 8
2004 6
2004 0
2004 0
2004 0
2004 0
2004 0
2004 0
2004 0
2004 7
2004 0
2004 0
2004 0
2004 0
2004 0
2004 7
2004 6
2004 6
2004 14
2004 13
2004 13
2004 11
2004 10
2004 10
2004 11
2004 15
2004 10
2004 10
2004 11
2004 10
2004 12
2004 12
2004 12
2004 12
2004 10
2004 12
2004 11
2004 12
2004 11
2004 10
2004 11
2004 11
2004 11
2004 10
2004 25
2004 41
2004 37
2004 34
2004 15
2004 23
2004 20
2004 21
2004 20
2004 21
2004 22
2004 21
2004 23
2004 24
2004 18
2004 22
2004 25
2004 25
2004 38
2004 44
2004 42
2004 37
2004 37
2004 36
2004 45
2004 61
2004 61
2004 58.6666666666667
2004 56.3333333333333
2004 54
2004 53
2004 57
2004 62
2004 60.5
2004 59
2004 59.6666666666667
2004 60.3333333333333
2004 61
2004 62
2004 61
2004 64
2004 65
2004 65
2004 100
2004 106
2004 103
2004 124
2004 139
2004 142
2004 151
2004 157
2004 156
2004 152
2004 148
2004 169
2004 165
2004 160
2004 156
2004 154
2004 154
2004 151
2004 149
2004 151
2004 153
2004 151
2004 149
2004 148
2004 146
2004 145
2004 144
2004 143
2004 140.5
2004 138
2004 129
2004 131
2004 130
2004 130
2004 129
2004 128
2004 128
2004 128
2004 127
2004 127
2004 127
2004 129
2004 126
2004 127
2004 127
2004 133
2004 131
2004 131
2004 130
2004 138
2004 134
2004 137
2004 135
2004 132
2004 132
2004 132
2004 135
2004 143
2004 145
2004 147
2004 145
2004 143
2004 159
2004 153
2004 149
2004 145
2004 141
2004 137
2004 133
2004 130
2004 127
2004 123
2004 121
2004 122
2004 128
2004 127
2004 133
2004 134
2004 129
2004 126
2004 125
2004 123
2004 122
2004 120
2004 118
2004 118
2004 116
2004 115
2004 113
2004 123
2004 117
2004 119
2004 127
2004 123
2004 121
2004 121
2004 119
2004 118
2004 117
2004 117
2004 113
2004 147
2004 133
2004 125
2004 117
2004 116
2004 112
2004 110
2004 106
2004 102
2004 98
2004 95
2004 89
2004 86
2004 85
2004 83
2004 81
2004 111
2004 118
2004 114
2004 110
2004 112
2004 104
2004 101
2004 92
2004 92
2004 87
2004 81
2004 77
2004 69
2004 62
2004 52
2004 45
2004 38
2004 33
2004 27
2004 22
2004 15
2004 8
2004 0
2004 0
2004 0
2004 0
2004 0
2004 0
2004 0
2004 0
2004 0
2004 0
2004 0
2004 0
2004 0
2004 0
2004 0
2004 0
2004 0
2004 0
2004 0
2004 0
2004 0
2004 0
2004 0
2004 0
2004 0
2004 0
2004 0
2004 0
2004 0
2004 0
2004 0
2004 0
2004 0
2004 0
2004 0
2004 0
2004 0
2004 0
2004 0
2004 0
2004 0
2004 0
2004 0
2004 0
2004 0
2004 0
2004 0
2004 0
2004 0
2004 0
2004 0
2004 0
2004 0
2004 0
2004 0
2004 0
2004 0
2004 0
2004 0
2004 0
2004 0
2004 0
2004 0
2004 0
2004 0
2004 0
2004 0
2004 0
2004 0
2004 0
2004 0
2004 0
2004 0
2004 0
2004 0
2004 0
2004 0
2004 0
2004 0
2004 0
2004 0
2004 0
2004 0
2004 0
2004 0
2004 0
2004 0
2004 0
2004 0
2004 0
2004 0
2004 0
2004 0
2004 0
2004 0
2004 0
2004 0
2005 0
2005 0
2005 0
2005 0
2005 0
2005 0
2005 0
2005 0
2005 0
2005 0
2005 0
2005 0
2005 0
2005 0
2005 0
2005 0
2005 0
2005 0
2005 0
2005 0
2005 0
2005 0
2005 0
2005 0
2005 0
2005 0
2005 0
2005 0
2005 0
2005 0
2005 0
2005 0
2005 0
2005 0
2005 0
2005 0
2005 0
2005 0
2005 0
2005 0
2005 0
2005 0
2005 0
2005 0
2005 0
2005 0
2005 0
2005 0
2005 0
2005 0
2005 0
2005 0
2005 0
2005 0
2005 0
2005 0
2005 0
2005 0
2005 0
2005 0
2005 0
2005 0
2005 0
2005 0
2005 0
2005 0
2005 0
2005 0
2005 0
2005 0
2005 0
2005 0
2005 0
2005 0
2005 0
2005 0
2005 0
2005 0
2005 0
2005 20
2005 15
2005 17
2005 15
2005 16
2005 15
2005 15
2005 15
2005 14
2005 15
2005 15
2005 15
2005 15
2005 16
2005 15
2005 15
2005 15
2005 16
2005 15
2005 16
2005 15
2005 15
2005 14
2005 14
2005 14
2005 14
2005 14
2005 15
2005 23
2005 60
2005 98
2005 90
2005 84
2005 82
2005 79
2005 76
2005 73
2005 71
2005 70
2005 71
2005 73
2005 70
2005 70
2005 70
2005 70
2005 70
2005 69
2005 68
2005 74
2005 72
2005 72
2005 70
2005 69
2005 69
2005 69
2005 70
2005 69
2005 67
2005 67
2005 68
2005 74
2005 84
2005 86
2005 80
2005 106
2005 128
2005 128
2005 126
2005 118
2005 98
2005 98
2005 96
2005 96
2005 96
2005 118
2005 119
2005 116
2005 114
2005 113
2005 112
2005 112
2005 111
2005 111
2005 111
2005 119
2005 122
2005 139
2005 150
2005 157
2005 154
2005 150
2005 145
2005 148
2005 160
2005 167
2005 162
2005 160
2005 153
2005 148
2005 146
2005 153
2005 151
2005 149
2005 147
2005 144
2005 143
2005 148
2005 150
2005 151
2005 152
2005 150
2005 148
2005 146
2005 141
2005 140
2005 141
2005 139
2005 138
2005 135
2005 131
2005 127
2005 122
2005 116
2005 113
2005 110
2005 107
2005 108
2005 105
2005 113
2005 107
2005 106
2005 120
2005 109
2005 110
2005 108
2005 107
2005 107
2005 106
2005 103
2005 112
2005 119
2005 135
2005 129
2005 115
2005 107
2005 106
2005 102
2005 102
2005 115
2005 125
2005 119
2005 122
2005 124
2005 120
2005 114
2005 112
2005 111
2005 114
2005 109
2005 105
2005 102
2005 96
2005 88
2005 83
2005 76
2005 71
2005 63
2005 58
2005 59
2005 61
2005 64
2005 61
2005 57
2005 53
2005 49
2005 45
2005 43
2005 34
2005 31
2005 30
2005 29
2005 21
2005 13
2005 7
2005 0
2005 0
2005 0
2005 0
2005 0
2005 0
2005 0
2005 0
2005 0
2005 0
2005 0
2005 0
2005 0
2005 0
2005 0
2005 0
2005 0
2005 0
2005 0
2005 0
2005 0
2005 0
2005 0
2005 0
2005 0
2005 0
2005 0
2005 0
2005 0
2005 0
2005 0
2005 0
2005 0
2005 0
2005 0
2005 0
2005 0
2005 0
2005 0
2005 0
2005 0
2005 0
2005 0
2005 0
2005 0
2005 0
2005 0
2005 0
2005 0
2005 0
2005 0
2005 0
2005 0
2005 0
2005 0
2005 0
2005 0
2005 0
2005 0
2005 0
2005 0
2005 0
2005 0
2005 0
2005 0
2005 0
2005 0
2005 0
2005 0
2005 0
2005 0
2005 0
2005 0
2005 0
2005 0
2005 0
2005 0
2005 0
2005 0
2005 0
2005 0
2005 0
2005 0
2005 0
2005 0
2005 0
2005 0
2005 0
2005 0
2005 0
2005 0
2005 0
2005 0
2005 0
2005 0
2005 0
2005 0
2005 0
2005 0
2005 0
2005 0
2005 0
2006 0
2006 0
2006 0
2006 0
2006 0
2006 0
2006 0
2006 0
2006 0
2006 0
2006 0
2006 0
2006 0
2006 0
2006 0
2006 0
2006 0
2006 0
2006 0
2006 0
2006 0
2006 0
2006 0
2006 0
2006 0
2006 0
2006 0
2006 0
2006 0
2006 0
2006 0
2006 29
2006 25
2006 25
2006 20
2006 12
2006 9
2006 0
2006 0
2006 0
2006 0
2006 0
2006 0
2006 0
2006 0
2006 0
2006 0
2006 0
2006 0
2006 0
2006 0
2006 0
2006 0
2006 0
2006 0
2006 0
2006 0
2006 0
2006 0
2006 0
2006 0
2006 0
2006 0
2006 0
2006 0
2006 0
2006 0
2006 0
2006 0
2006 0
2006 0
2006 0
2006 0
2006 0
2006 0
2006 0
2006 0
2006 0
2006 0
2006 0
2006 0
2006 0
2006 0
2006 0
2006 0
2006 10
2006 8
2006 10
2006 0
2006 10
2006 10
2006 8
2006 9
2006 11
2006 12
2006 18
2006 18
2006 20
2006 26
2006 24
2006 19
2006 10
2006 10
2006 11
2006 9
2006 10
2006 33
2006 34
2006 78
2006 75
2006 76
2006 69
2006 69
2006 69
2006 67
2006 65
2006 66
2006 67
2006 68
2006 70
2006 72
2006 99
2006 99
2006 98
2006 95
2006 93
2006 87
2006 83
2006 83
2006 82
2006 82
2006 81
2006 81
2006 81
2006 80
2006 80
2006 79
2006 79
2006 84
2006 104
2006 99
2006 98
2006 96
2006 95
2006 94
2006 93
2006 93
2006 92
2006 91
2006 87
2006 86
2006 86
2006 85
2006 85
2006 85
2006 85
2006 84
2006 85
2006 84
2006 84
2006 83
2006 84
2006 87
2006 86
2006 86
2006 84
2006 86
2006 107
2006 121
2006 120
2006 120
2006 113
2006 117
2006 115
2006 115
2006 114
2006 117
2006 116
2006 115
2006 115
2006 114
2006 123
2006 125
2006 154
2006 173
2006 165
2006 161
2006 167
2006 179
2006 185
2006 181
2006 177
2006 181
2006 179
2006 176
2006 175
2006 174
2006 172
2006 170
2006 168
2006 167
2006 166
2006 163
2006 162
2006 166
2006 161
2006 155
2006 148
2006 155
2006 157
2006 159
2006 159
2006 158
2006 155
2006 156
2006 153
2006 171
2006 170
2006 164
2006 160
2006 160
2006 169
2006 177
2006 176
2006 173
2006 163
2006 163
2006 159
2006 158
2006 159
2006 158
2006 153
2006 150
2006 146
2006 143
2006 137
2006 133
2006 133
2006 131
2006 131
2006 126
2006 124
2006 121
2006 117
2006 111
2006 106
2006 103
2006 99
2006 98
2006 95
2006 117
2006 115
2006 106
2006 99
2006 93
2006 87
2006 83
2006 65
2006 24
2006 16
2006 0
2006 0
2006 0
2006 0
2006 0
2006 0
2006 0
2006 0
2006 0
2006 0
2006 0
2006 0
2006 0
2006 0
2006 0
2006 0
2006 0
2006 0
2006 0
2006 0
2006 0
2006 0
2006 0
2006 0
2006 0
2006 0
2006 0
2006 0
2006 0
2006 0
2006 0
2006 0
2006 0
2006 0
2006 0
2006 0
2006 0
2006 0
2006 0
2006 0
2006 0
2006 0
2006 0
2006 0
2006 0
2006 0
2006 0
2006 0
2006 0
2006 0
2006 0
2006 0
2006 0
2006 0
2006 0
2006 0
2006 0
2006 0
2006 0
2006 0
2006 0
2006 0
2006 0
2006 0
2006 0
2006 0
2006 0
2006 0
2006 0
2006 0
2006 0
2006 0
2006 0
2006 0
2006 0
2006 0
2006 0
2006 0
2006 0
2006 0
2006 0
2006 0
2006 0
2006 0
2006 0
2006 0
2006 0
2006 0
2006 0
2006 0
2006 0
2006 0
2006 0
2006 0
2006 0
2006 0
2006 0
2006 0
2006 0
2006 0
2006 0
2006 0
2006 0
2006 0
2006 0
2007 0
2007 0
2007 0
2007 0
2007 0
2007 0
2007 0
2007 0
2007 0
2007 0
2007 0
2007 0
2007 0
2007 0
2007 0
2007 0
2007 0
2007 0
2007 0
2007 0
2007 0
2007 0
2007 0
2007 0
2007 0
2007 0
2007 0
2007 0
2007 0
2007 0
2007 0
2007 0
2007 0
2007 0
2007 0
2007 0
2007 0
2007 0
2007 0
2007 0
2007 0
2007 0
2007 0
2007 0
2007 0
2007 0
2007 0
2007 0
2007 0
2007 0
2007 0
2007 0
2007 0
2007 0
2007 0
2007 0
2007 0
2007 0
2007 0
2007 0
2007 0
2007 0
2007 0
2007 0
2007 0
2007 0
2007 0
2007 0
2007 0
2007 0
2007 0
2007 0
2007 10
2007 7
2007 0
2007 0
2007 0
2007 0
2007 0
2007 0
2007 0
2007 16
2007 19
2007 14
2007 15
2007 9
2007 0
2007 0
2007 0
2007 0
2007 0
2007 0
2007 0
2007 0
2007 8
2007 11
2007 18
2007 22
2007 17
2007 34.5
2007 52
2007 46
2007 41
2007 38
2007 35
2007 33
2007 33
2007 33
2007 31
2007 30
2007 29
2007 29
2007 27
2007 26
2007 24
2007 24
2007 25
2007 25
2007 24
2007 25
2007 25
2007 25
2007 36
2007 67
2007 82
2007 80
2007 81
2007 79
2007 76
2007 75
2007 78
2007 74
2007 72
2007 71
2007 69
2007 69
2007 68
2007 68
2007 68
2007 79
2007 79
2007 76
2007 75
2007 74
2007 75
2007 90
2007 85
2007 85
2007 81
2007 80
2007 77
2007 78
2007 77
2007 77
2007 77
2007 75
2007 76
2007 77
2007 80
2007 79
2007 87
2007 81
2007 82
2007 91
2007 106
2007 125
2007 117
2007 115
2007 114
2007 110
2007 108
2007 109
2007 107
2007 107
2007 106
2007 106
2007 110
2007 116
2007 126
2007 128
2007 134
2007 142
2007 160
2007 168
2007 163
2007 159
2007 156
2007 154
2007 151
2007 150
2007 152
2007 147
2007 145
2007 143
2007 141
2007 135
2007 132
2007 131
2007 126
2007 132
2007 131
2007 137
2007 135
2007 135
2007 135
2007 133
2007 131
2007 130
2007 130
2007 130
2007 127
2007 128
2007 128
2007 126
2007 125
2007 125
2007 124
2007 121
2007 116
2007 114
2007 112
2007 108
2007 104
2007 101
2007 98
2007 94
2007 90
2007 86
2007 81
2007 77
2007 72
2007 67
2007 60
2007 54
2007 49
2007 42.5
2007 36
2007 27
2007 21
2007 14
2007 7
2007 0
2007 0
2007 0
2007 0
2007 0
2007 0
2007 0
2007 0
2007 0
2007 0
2007 0
2007 0
2007 0
2007 0
2007 0
2007 0
2007 0
2007 21
2007 0
2007 0
2007 0
2007 0
2007 0
2007 0
2007 0
2007 0
2007 0
2007 0
2007 37
2007 40
2007 29
2007 19
2007 38
2007 27
2007 15
2007 0
2007 0
2007 0
2007 0
2007 0
2007 0
2007 0
2007 0
2007 0
2007 0
2007 0
2007 0
2007 0
2007 0
2007 0
2007 0
2007 0
2007 0
2007 0
2007 0
2007 0
2007 0
2007 0
2007 0
2007 0
2007 0
2007 0
2007 0
2007 0
2007 0
2007 0
2007 0
2007 0
2007 0
2007 0
2007 0
2007 0
2007 0
2007 0
2007 0
2007 0
2007 0
2007 0
2007 0
2007 0
2007 0
2007 0
2007 0
2007 0
2007 0
2007 0
2007 0
2007 0
2007 0
2007 0
2007 0
2007 0
2007 0
2007 0
2007 0
2007 0
2007 0
2007 0
2007 0
2007 0
2007 0
2007 0
2007 0
2007 0
2007 0
2007 0
2007 0
2007 0
2007 0
2007 0
2007 0
2007 0
2007 0
2007 0
2007 0
2007 0
2007 0
2007 0
2007 0
2007 0
2007 0
2007 0
2007 0
2007 0
2008 0
2008 0
2008 0
2008 0
2008 0
2008 0
2008 0
2008 0
2008 0
2008 0
2008 0
2008 0
2008 0
2008 0
2008 0
2008 0
2008 0
2008 0
2008 0
2008 0
2008 0
2008 0
2008 0
2008 0
2008 0
2008 8
2008 17
2008 14
2008 10
2008 6
2008 0
2008 0
2008 0
2008 0
2008 0
2008 0
2008 0
2008 0
2008 0
2008 0
2008 0
2008 0
2008 0
2008 0
2008 0
2008 0
2008 0
2008 0
2008 0
2008 0
2008 0
2008 0
2008 0
2008 0
2008 0
2008 0
2008 0
2008 0
2008 0
2008 0
2008 0
2008 0
2008 0
2008 0
2008 0
2008 0
2008 0
2008 0
2008 0
2008 13
2008 39
2008 58
2008 67
2008 60
2008 81
2008 77
2008 72
2008 68
2008 67
2008 65
2008 54
2008 46
2008 43
2008 41
2008 42
2008 44
2008 41
2008 41
2008 40
2008 40
2008 40
2008 41
2008 40
2008 89
2008 110
2008 102
2008 97
2008 108
2008 113
2008 124
2008 139
2008 145
2008 139
2008 132
2008 129
2008 127
2008 121
2008 119
2008 118
2008 117
2008 116
2008 114
2008 114
2008 114
2008 113
2008 112
2008 112
2008 111
2008 110
2008 111
2008 113
2008 111
2008 111
2008 111
2008 109
2008 102
2008 102
2008 126
2008 137
2008 134
2008 133
2008 132
2008 130
2008 153
2008 148
2008 146
2008 144
2008 142
2008 141
2008 148
2008 145
2008 143
2008 141
2008 158
2008 158
2008 154
2008 152
2008 151
2008 148
2008 146
2008 146
2008 146
2008 146
2008 145
2008 151
2008 142
2008 144
2008 143
2008 152
2008 150
2008 150
2008 149
2008 148
2008 147
2008 147
2008 147
2008 146
2008 145
2008 144
2008 145
2008 144
2008 144
2008 144
2008 148
2008 146
2008 144
2008 143
2008 142
2008 142
2008 141
2008 144
2008 140
2008 138
2008 138
2008 135
2008 136
2008 137
2008 137
2008 135
2008 135
2008 134
2008 134
2008 136
2008 159
2008 149
2008 149
2008 148
2008 148
2008 156
2008 154
2008 152
2008 154
2008 182
2008 176
2008 172
2008 166
2008 157
2008 155
2008 160
2008 156
2008 154
2008 153
2008 153
2008 152
2008 159
2008 167
2008 164
2008 161
2008 159
2008 158
2008 158
2008 157
2008 157
2008 161
2008 172
2008 162
2008 166
2008 164
2008 163
2008 162
2008 159
2008 156
2008 154
2008 159
2008 167
2008 158
2008 155
2008 153
2008 148
2008 145
2008 143
2008 147
2008 151
2008 144
2008 141
2008 137
2008 130
2008 124
2008 122
2008 118
2008 112
2008 107
2008 100
2008 95
2008 88
2008 83
2008 75
2008 72
2008 65
2008 55
2008 52
2008 25
2008 43
2008 37
2008 34
2008 28
2008 20
2008 10
2008 0
2008 0
2008 0
2008 0
2008 0
2008 0
2008 0
2008 0
2008 0
2008 0
2008 0
2008 0
2008 0
2008 0
2008 0
2008 0
2008 0
2008 0
2008 0
2008 0
2008 0
2008 0
2008 0
2008 0
2008 0
2008 0
2008 0
2008 0
2008 0
2008 0
2008 0
2008 0
2008 0
2008 0
2008 0
2008 0
2008 0
2008 0
2008 0
2008 0
2008 0
2008 0
2008 0
2008 0
2008 0
2008 0
2008 0
2008 0
2008 0
2008 0
2008 0
2008 0
2008 0
2008 0
2008 0
2008 0
2008 0
2008 0
2008 0
2008 0
2008 0
2008 0
2008 0
2008 0
2008 0
2008 0
2008 0
2008 0
2008 0
2008 0
2008 0
2008 0
2008 0
2008 0
2008 0
2008 0
2008 0
2008 0
2008 0
2008 0
2008 0
2008 0
2008 0
2008 0
2008 0
2008 0
2008 0
2008 0
2008 0
2008 0
2008 0
2008 0
2008 0
2008 0
2008 0
2008 0
2008 0
2008 0
2009 0
2009 0
2009 0
2009 0
2009 0
2009 0
2009 0
2009 0
2009 0
2009 0
2009 0
2009 0
2009 0
2009 0
2009 0
2009 0
2009 0
2009 0
2009 0
2009 0
2009 0
2009 0
2009 0
2009 0
2009 0
2009 0
2009 0
2009 0
2009 0
2009 0
2009 0
2009 0
2009 0
2009 13
2009 0
2009 0
2009 0
2009 0
2009 0
2009 0
2009 0
2009 0
2009 0
2009 0
2009 0
2009 0
2009 0
2009 0
2009 0
2009 0
2009 0
2009 0
2009 0
2009 0
2009 0
2009 0
2009 0
2009 0
2009 0
2009 29
2009 15
2009 8
2009 0
2009 6
2009 0
2009 15
2009 12
2009 11
2009 10
2009 10
2009 10
2009 10
2009 19
2009 22
2009 19
2009 17
2009 17
2009 14
2009 20
2009 20
2009 19
2009 52
2009 70
2009 77
2009 98
2009 91
2009 91
2009 81
2009 70
2009 68
2009 76
2009 82
2009 80
2009 79
2009 78
2009 91
2009 107
2009 102
2009 99
2009 96
2009 93
2009 103
2009 100
2009 95
2009 126
2009 143
2009 136
2009 140
2009 137
2009 134
2009 131
2009 129
2009 127
2009 125
2009 124
2009 121
2009 120
2009 120
2009 120
2009 118
2009 118
2009 119
2009 137
2009 132
2009 129
2009 128
2009 126
2009 123
2009 124
2009 123
2009 121
2009 121
2009 121
2009 121
2009 120
2009 120
2009 120
2009 119
2009 119
2009 124
2009 120
2009 133
2009 133
2009 132
2009 162
2009 164
2009 158
2009 153
2009 151
2009 148
2009 146
2009 144
2009 143
2009 142
2009 140
2009 138
2009 138
2009 137
2009 136
2009 137
2009 148
2009 150
2009 157
2009 160
2009 162
2009 158
2009 160
2009 157
2009 155
2009 169
2009 176
2009 172
2009 169
2009 167
2009 181
2009 174
2009 171
2009 169
2009 167
2009 164
2009 161
2009 160
2009 160
2009 159
2009 158
2009 197
2009 195
2009 191
2009 186
2009 186
2009 197
2009 202
2009 197
2009 192
2009 189
2009 186
2009 183
2009 181
2009 179
2009 177
2009 176
2009 176
2009 175
2009 174
2009 182
2009 186
2009 192
2009 187
2009 186
2009 188
2009 184
2009 180
2009 175
2009 170
2009 166
2009 164
2009 161
2009 156
2009 153
2009 150
2009 147
2009 144
2009 143
2009 139
2009 136
2009 134
2009 131
2009 151
2009 140
2009 136
2009 138
2009 135
2009 132
2009 129
2009 127
2009 127
2009 125
2009 122
2009 173
2009 204
2009 192
2009 183
2009 170
2009 161
2009 152
2009 149
2009 148
2009 140
2009 134
2009 132
2009 126
2009 119
2009 116
2009 110
2009 106
2009 99
2009 91
2009 85
2009 77
2009 69
2009 61
2009 54
2009 44
2009 31
2009 18
2009 0
2009 0
2009 0
2009 0
2009 0
2009 0
2009 0
2009 0
2009 0
2009 0
2009 0
2009 0
2009 0
2009 0
2009 0
2009 0
2009 0
2009 0
2009 0
2009 0
2009 0
2009 0
2009 0
2009 0
2009 0
2009 0
2009 0
2009 0
2009 0
2009 0
2009 0
2009 0
2009 0
2009 0
2009 0
2009 0
2009 0
2009 0
2009 0
2009 0
2009 0
2009 0
2009 0
2009 0
2009 0
2009 0
2009 0
2009 0
2009 0
2009 0
2009 0
2009 0
2009 0
2009 0
2009 0
2009 0
2009 0
2009 0
2009 0
2009 0
2009 0
2009 0
2009 0
2009 0
2009 0
2009 0
2009 0
2009 0
2009 0
2009 0
2009 0
2009 0
2009 0
2009 0
2009 0
2009 0
2009 0
2009 0
2009 0
2009 0
2009 0
2009 0
2009 0
2009 0
2009 0
2009 0
2009 0
2009 0
2009 0
2009 0
2009 0
2009 0
2009 0
2009 0
2009 0
2009 0
2009 0
2009 0
2009 0
2009 0
2010 0
2010 0
2010 0
2010 0
2010 0
2010 0
2010 0
2010 0
2010 0
2010 0
2010 0
2010 0
2010 0
2010 0
2010 0
2010 0
2010 0
2010 0
2010 0
2010 0
2010 0
2010 0
2010 0
2010 0
2010 0
2010 0
2010 0
2010 0
2010 0
2010 0
2010 0
2010 0
2010 0
2010 0
2010 0
2010 0
2010 0
2010 0
2010 0
2010 0
2010 0
2010 17
2010 10
2010 9
2010 6
2010 6
2010 9
2010 8
2010 6
2010 7
2010 0
2010 7
2010 7
2010 0
2010 0
2010 0
2010 0
2010 0
2010 0
2010 0
2010 0
2010 0
2010 13
2010 14
2010 20
2010 21
2010 21
2010 17
2010 25
2010 27
2010 25
2010 24
2010 21
2010 22
2010 22
2010 24
2010 18
2010 14
2010 7
2010 0
2010 0
2010 0
2010 0
2010 0
2010 16
2010 14
2010 14
2010 13
2010 12
2010 13
2010 45
2010 66
2010 59
2010 55.5
2010 52
2010 48
2010 46
2010 54
2010 62
2010 58.5
2010 55
2010 53
2010 52
2010 52
2010 50
2010 49
2010 49
2010 51
2010 52
2010 60
2010 55
2010 50
2010 49
2010 50
2010 48
2010 58
2010 68
2010 67
2010 76
2010 79
2010 86
2010 93
2010 90
2010 87
2010 85
2010 91
2010 89
2010 86
2010 85
2010 80
2010 80
2010 80
2010 79
2010 79
2010 80
2010 75
2010 73
2010 73
2010 76.5
2010 80
2010 79
2010 79
2010 79.5
2010 80
2010 80
2010 79
2010 79
2010 78
2010 77
2010 85.5
2010 94
2010 102
2010 101
2010 98
2010 115
2010 111
2010 109
2010 109.5
2010 110
2010 109
2010 107
2010 108
2010 116
2010 117
2010 114.5
2010 112
2010 111
2010 110
2010 109
2010 99
2010 100
2010 99.5
2010 99
2010 99
2010 99
2010 98
2010 99
2010 104
2010 109
2010 103
2010 98
2010 97
2010 98
2010 96
2010 97
2010 97
2010 107
2010 98
2010 97
2010 97
2010 96
2010 98
2010 96
2010 97
2010 96
2010 98
2010 99
2010 99
2010 97
2010 96
2010 93
2010 94
2010 93
2010 90
2010 89
2010 86
2010 98
2010 96
2010 106
2010 98
2010 103
2010 101
2010 103
2010 100
2010 100
2010 104
2010 100
2010 96
2010 94
2010 91
2010 89
2010 86
2010 86
2010 86
2010 85
2010 85
2010 86
2010 83
2010 80
2010 79
2010 78
2010 74
2010 71
2010 68
2010 65
2010 61
2010 58
2010 53
2010 48
2010 40.5
2010 33
2010 29
2010 25
2010 22
2010 29
2010 21
2010 31
2010 26
2010 24
2010 24
2010 23
2010 20
2010 12
2010 9
2010 0
2010 18
2010 15
2010 13
2010 10
2010 0
2010 0
2010 0
2010 0
2010 0
2010 0
2010 0
2010 0
2010 0
2010 0
2010 0
2010 0
2010 0
2010 0
2010 0
2010 0
2010 0
2010 0
2010 0
2010 0
2010 0
2010 0
2010 0
2010 0
2010 0
2010 0
2010 0
2010 0
2010 0
2010 0
2010 0
2010 0
2010 0
2010 0
2010 0
2010 0
2010 0
2010 0
2010 0
2010 0
2010 0
2010 0
2010 0
2010 0
2010 0
2010 0
2010 0
2010 0
2010 0
2010 0
2010 0
2010 0
2010 0
2010 0
2010 0
2010 0
2010 0
2010 0
2010 0
2010 0
2010 0
2010 0
2010 0
2010 0
2010 0
2010 0
2010 0
2010 0
2010 0
2010 0
2010 0
2010 0
2010 0
2010 0
2010 0
2010 0
2010 0
2010 0
2010 0
2010 0
2010 0
2010 0
2010 0
2010 0
2010 0
2010 0
2010 0
2010 0
2010 0
2010 0
2010 0
2010 0
2010 0
2010 0
2010 0
2010 0
2010 0
2010 0
2010 0
2010 0
2010 0
2010 0
2010 0
2010 0
2010 0
2010 0
2011 0
2011 0
2011 0
2011 0
2011 0
2011 0
2011 0
2011 0
2011 0
2011 0
2011 0
2011 0
2011 0
2011 0
2011 0
2011 0
2011 0
2011 0
2011 0
2011 0
2011 0
2011 0
2011 0
2011 6
2011 16
2011 13
2011 9
2011 8
2011 0
2011 0
2011 0
2011 0
2011 0
2011 0
2011 0
2011 0
2011 0
2011 0
2011 0
2011 0
2011 0
2011 0
2011 0
2011 0
2011 0
2011 10
2011 0
2011 0
2011 6
2011 12
2011 8
2011 7
2011 6
2011 10
2011 27
2011 17
2011 13
2011 9
2011 7
2011 6
2011 8
2011 0
2011 0
2011 0
2011 0
2011 0
2011 0
2011 0
2011 0
2011 0
2011 0
2011 6
2011 9
2011 0
2011 0
2011 0
2011 19
2011 16
2011 13
2011 17
2011 15
2011 14
2011 15
2011 16
2011 15
2011 16
2011 15
2011 14
2011 14
2011 15
2011 15
2011 19
2011 18
2011 17
2011 20
2011 19
2011 31
2011 39
2011 35
2011 49
2011 47
2011 45
2011 43
2011 41
2011 41
2011 48
2011 46
2011 60
2011 62
2011 59.5
2011 57
2011 56
2011 54
2011 53
2011 72
2011 69
2011 72
2011 69
2011 74
2011 70
2011 68
2011 66
2011 65
2011 66
2011 64
2011 65
2011 64
2011 65
2011 65
2011 63
2011 63
2011 66
2011 66
2011 71
2011 79
2011 78
2011 77
2011 75
2011 75
2011 75
2011 74
2011 75
2011 75
2011 72
2011 72
2011 72
2011 73
2011 73
2011 73
2011 72
2011 72
2011 72
2011 71
2011 71
2011 71
2011 71
2011 71
2011 70
2011 69
2011 69
2011 69
2011 69
2011 70
2011 70
2011 70
2011 69
2011 69
2011 68
2011 70
2011 69
2011 69
2011 70
2011 74
2011 75
2011 77
2011 76
2011 92
2011 88
2011 86
2011 92
2011 91
2011 87
2011 86
2011 86
2011 80
2011 81
2011 80
2011 80
2011 80
2011 80
2011 78
2011 78
2011 78
2011 77
2011 76
2011 75
2011 77
2011 83
2011 87
2011 95
2011 94
2011 92
2011 90
2011 86
2011 83
2011 80
2011 79
2011 76
2011 75
2011 75
2011 80
2011 79
2011 75
2011 68
2011 64
2011 59
2011 55
2011 52
2011 43
2011 34
2011 30
2011 25
2011 19
2011 15
2011 17
2011 17
2011 16
2011 12
2011 8
2011 0
2011 0
2011 0
2011 0
2011 0
2011 0
2011 0
2011 0
2011 0
2011 0
2011 0
2011 0
2011 0
2011 0
2011 0
2011 0
2011 0
2011 0
2011 0
2011 0
2011 0
2011 0
2011 0
2011 0
2011 0
2011 0
2011 0
2011 10
2011 0
2011 0
2011 0
2011 0
2011 0
2011 0
2011 0
2011 0
2011 0
2011 0
2011 0
2011 0
2011 0
2011 0
2011 0
2011 0
2011 21
2011 0
2011 0
2011 0
2011 0
2011 0
2011 0
2011 0
2011 0
2011 0
2011 0
2011 0
2011 0
2011 0
2011 0
2011 0
2011 0
2011 0
2011 0
2011 0
2011 0
2011 0
2011 0
2011 0
2011 0
2011 0
2011 0
2011 0
2011 0
2011 0
2011 0
2011 0
2011 0
2011 0
2011 0
2011 0
2011 0
2011 0
2011 0
2011 0
2011 0
2011 0
2011 0
2011 0
2011 0
2011 0
2011 0
2011 0
2011 0
2011 0
2011 0
2011 0
2011 0
2011 0
2011 0
2011 0
2011 0
2011 0
2011 0
2011 0
2011 0
2011 0
2011 0
2011 0
2011 0
2011 0
2011 0
2011 0
2011 0
2011 0
2011 0
2011 0
2011 0
2011 0
2011 0
2011 0
2011 0
2011 0
2011 0
2011 0
2011 0
2011 0
2011 0
2011 0
2011 0
2011 0
2011 0
2011 0
2011 0
2011 0
2011 0
2011 0
2012 0
2012 0
2012 0
2012 0
2012 0
2012 0
2012 0
2012 0
2012 0
2012 0
2012 0
2012 0
2012 0
2012 0
2012 0
2012 0
2012 0
2012 0
2012 0
2012 0
2012 0
2012 0
2012 0
2012 0
2012 0
2012 0
2012 0
2012 0
2012 0
2012 0
2012 0
2012 0
2012 0
2012 0
2012 0
2012 0
2012 0
2012 0
2012 0
2012 0
2012 8
2012 0
2012 0
2012 0
2012 0
2012 0
2012 0
2012 0
2012 0
2012 0
2012 0
2012 0
2012 0
2012 0
2012 0
2012 0
2012 0
2012 0
2012 0
2012 0
2012 0
2012 0
2012 0
2012 0
2012 0
2012 0
2012 0
2012 0
2012 0
2012 0
2012 0
2012 0
2012 0
2012 0
2012 0
2012 0
2012 0
2012 0
2012 0
2012 0
2012 0
2012 0
2012 0
2012 0
2012 0
2012 0
2012 0
2012 0
2012 0
2012 0
2012 0
2012 0
2012 0
2012 0
2012 7
2012 19
2012 34
2012 75
2012 83
2012 77
2012 72
2012 67
2012 72
2012 73
2012 81
2012 87
2012 155
2012 167
2012 155
2012 151
2012 165
2012 167
2012 170
2012 163
2012 162
2012 155
2012 152
2012 148
2012 146
2012 143
2012 167
2012 189
2012 183
2012 184
2012 178
2012 174
2012 187
2012 201
2012 196
2012 191
2012 187
2012 188
2012 184
2012 181
2012 179
2012 177
2012 176
2012 175
2012 174
2012 174
2012 176.5
2012 179
2012 206
2012 200
2012 199
2012 198
2012 198
2012 195
2012 194
2012 192.5
2012 191
2012 190
2012 188
2012 188
2012 186
2012 187
2012 187
2012 184
2012 184
2012 185
2012 182
2012 183
2012 182
2012 181
2012 181
2012 181
2012 180
2012 188
2012 193
2012 192
2012 191
2012 191
2012 190
2012 190
2012 190
2012 189
2012 187
2012 184
2012 184
2012 183.5
2012 183
2012 181
2012 180
2012 177
2012 177
2012 174
2012 178
2012 180
2012 181
2012 181
2012 180
2012 179
2012 178
2012 177
2012 174
2012 173
2012 170
2012 169
2012 167
2012 164
2012 184
2012 174
2012 170
2012 166
2012 164
2012 161
2012 158
2012 154
2012 151
2012 147
2012 146
2012 143
2012 140
2012 136
2012 132
2012 131
2012 131
2012 128
2012 130
2012 130.5
2012 131
2012 129
2012 127
2012 134
2012 131
2012 128
2012 134
2012 132
2012 133
2012 132
2012 135
2012 135
2012 135
2012 136
2012 141
2012 140
2012 139
2012 138
2012 133
2012 126
2012 118
2012 112
2012 109
2012 106
2012 104
2012 101
2012 95
2012 99
2012 97
2012 91
2012 89
2012 85
2012 74
2012 63
2012 50
2012 44
2012 37
2012 6
2012 42
2012 33
2012 17
2012 23
2012 14.5
2012 6
2012 6.5
2012 7
2012 0
2012 0
2012 0
2012 0
2012 0
2012 0
2012 0
2012 0
2012 0
2012 0
2012 0
2012 0
2012 0
2012 0
2012 0
2012 0
2012 0
2012 0
2012 0
2012 0
2012 0
2012 0
2012 0
2012 0
2012 0
2012 0
2012 0
2012 0
2012 0
2012 0
2012 0
2012 0
2012 0
2012 0
2012 0
2012 0
2012 0
2012 0
2012 0
2012 0
2012 0
2012 0
2012 0
2012 0
2012 0
2012 0
2012 0
2012 0
2012 0
2012 0
2012 0
2012 0
2012 0
2012 0
2012 0
2012 0
2012 0
2012 0
2012 0
2012 0
2012 0
2012 0
2012 0
2012 0
2012 0
2012 0
2012 0
2012 0
2012 0
2012 0
2012 0
2012 0
2012 0
2012 0
2012 0
2012 0
2012 0
2012 0
2012 0
2012 0
2012 0
2012 0
2012 0
2012 0
2012 0
2012 0
2012 0
2012 0
2012 0
2012 0
2012 0
2012 0
2012 0
2012 0
2012 0
2012 0
2012 0
2012 0
2012 0
2012 0
2013 0
2013 0
2013 0
2013 0
2013 0
2013 0
2013 0
2013 0
2013 0
2013 0
2013 0
2013 0
2013 0
2013 0
2013 0
2013 0
2013 0
2013 0
2013 0
2013 0
2013 0
2013 0
2013 0
2013 0
2013 0
2013 0
2013 0
2013 0
2013 0
2013 0
2013 0
2013 0
2013 0
2013 0
2013 0
2013 0
2013 0
2013 0
2013 0
2013 0
2013 0
2013 0
2013 0
2013 0
2013 22
2013 15
2013 8
2013 0
2013 0
2013 0
2013 0
2013 0
2013 0
2013 0
2013 0
2013 0
2013 0
2013 18
2013 12
2013 11
2013 8
2013 8
2013 6
2013 0
2013 0
2013 6
2013 13
2013 11
2013 10
2013 7
2013 7
2013 15
2013 10
2013 10
2013 9
2013 10
2013 10
2013 10
2013 9
2013 9
2013 8
2013 9
2013 10
2013 10
2013 9
2013 9
2013 9
2013 10
2013 11
2013 31
2013 28.5
2013 26
2013 30
2013 43
2013 92
2013 92
2013 95
2013 98
2013 98
2013 94
2013 143
2013 133
2013 129
2013 123
2013 111
2013 112
2013 121
2013 124
2013 146
2013 146
2013 139
2013 143
2013 146
2013 156
2013 149
2013 145
2013 149
2013 160
2013 170
2013 164
2013 161
2013 157
2013 157
2013 157
2013 155
2013 151
2013 150
2013 147
2013 145
2013 144
2013 142
2013 141
2013 163
2013 160
2013 156
2013 155
2013 154
2013 152
2013 155
2013 152
2013 150
2013 146
2013 143
2013 144
2013 144
2013 142
2013 142
2013 142
2013 142
2013 145
2013 145
2013 145
2013 145
2013 163
2013 171
2013 166
2013 175
2013 163
2013 169
2013 170
2013 176
2013 174
2013 172
2013 163
2013 166
2013 165
2013 165
2013 171
2013 168
2013 166
2013 165
2013 164
2013 163
2013 161
2013 163
2013 164
2013 175
2013 161
2013 161
2013 160
2013 158
2013 156
2013 157
2013 156
2013 155
2013 154
2013 153
2013 152
2013 153
2013 154
2013 153
2013 153
2013 150
2013 150
2013 155
2013 151
2013 150
2013 150
2013 152
2013 160
2013 160
2013 160
2013 157
2013 156
2013 156
2013 156
2013 158
2013 155
2013 165
2013 166
2013 170
2013 171
2013 170
2013 168
2013 165
2013 164
2013 167
2013 165
2013 164
2013 167
2013 174
2013 169
2013 167
2013 164
2013 163
2013 158
2013 152
2013 148
2013 142
2013 136
2013 147
2013 161
2013 147
2013 144
2013 141
2013 135
2013 130
2013 126
2013 127
2013 124
2013 120
2013 111
2013 104
2013 98
2013 98
2013 96
2013 90
2013 88
2013 84
2013 73
2013 65
2013 60.5
2013 56
2013 53.5
2013 51
2013 44
2013 39
2013 39
2013 37
2013 34
2013 36
2013 34
2013 36
2013 36
2013 33
2013 33
2013 33
2013 31
2013 25
2013 22
2013 17
2013 40
2013 38
2013 35
2013 29
2013 22
2013 17
2013 12
2013 6
2013 0
2013 0
2013 0
2013 0
2013 0
2013 0
2013 0
2013 0
2013 0
2013 0
2013 0
2013 0
2013 0
2013 0
2013 0
2013 0
2013 0
2013 0
2013 0
2013 0
2013 0
2013 0
2013 0
2013 0
2013 0
2013 0
2013 0
2013 0
2013 0
2013 0
2013 0
2013 0
2013 0
2013 0
2013 0
2013 0
2013 0
2013 0
2013 0
2013 0
2013 0
2013 0
2013 0
2013 0
2013 0
2013 0
2013 0
2013 0
2013 0
2013 0
2013 0
2013 0
2013 0
2013 0
2013 0
2013 0
2013 0
2013 0
2013 0
2013 0
2013 0
2013 0
2013 0
2013 0
2013 0
2013 0
2013 0
2013 0
2013 0
2013 0
2013 0
2013 0
2013 0
2013 0
2013 0
2013 0
2013 0
2013 0
2013 0
2013 0
2013 0
2013 0
2013 0
2013 0
2013 0
2013 0
2014 0
2014 0
2014 0
2014 0
2014 0
2014 0
2014 0
2014 0
2014 0
2014 0
2014 0
2014 0
2014 0
2014 0
2014 0
2014 0
2014 0
2014 0
2014 0
2014 0
2014 0
2014 0
2014 0
2014 0
2014 0
2014 0
2014 0
2014 0
2014 0
2014 0
2014 0
2014 0
2014 0
2014 0
2014 0
2014 0
2014 0
2014 0
2014 0
2014 0
2014 8
2014 17
2014 14
2014 9
2014 7
2014 0
2014 0
2014 0
2014 0
2014 0
2014 0
2014 0
2014 0
2014 0
2014 0
2014 0
2014 0
2014 0
2014 0
2014 0
2014 0
2014 0
2014 0
2014 8
2014 7
2014 12
2014 24
2014 21
2014 19
2014 21
2014 61
2014 61
2014 55
2014 37
2014 39
2014 38
2014 36
2014 36
2014 36
2014 40
2014 41
2014 59
2014 54
2014 53
2014 51
2014 50
2014 49
2014 47
2014 46
2014 45
2014 49
2014 48
2014 43
2014 44
2014 45
2014 44
2014 54
2014 53
2014 53
2014 53
2014 52
2014 51
2014 52
2014 52.3333333333333
2014 52.6666666666667
2014 53
2014 52
2014 52
2014 52.5
2014 53
2014 52
2014 51.6666666666667
2014 51.3333333333333
2014 51
2014 64.3333333333333
2014 77.6666666666667
2014 91
2014 88
2014 65
2014 71
2014 68
2014 68
2014 67
2014 75
2014 72
2014 81
2014 81
2014 79
2014 76
2014 75
2014 74
2014 73
2014 72
2014 72
2014 72
2014 84
2014 82
2014 79
2014 81
2014 80
2014 77
2014 78
2014 80
2014 78
2014 79
2014 81
2014 83
2014 102
2014 122
2014 117
2014 108
2014 106
2014 104
2014 104
2014 122
2014 114
2014 116
2014 124
2014 121
2014 135
2014 125
2014 124
2014 138
2014 134
2014 133
2014 136
2014 139
2014 130
2014 139
2014 141
2014 139
2014 141
2014 138
2014 142
2014 136
2014 145
2014 142
2014 141
2014 140
2014 141
2014 142
2014 164
2014 164
2014 169
2014 175
2014 171
2014 164
2014 160
2014 157
2014 152
2014 149
2014 145
2014 142
2014 140
2014 139
2014 136
2014 133
2014 128
2014 125
2014 124
2014 120
2014 119
2014 120
2014 129
2014 127
2014 123
2014 121
2014 119
2014 118
2014 117
2014 115
2014 114
2014 112
2014 109
2014 108
2014 104
2014 104
2014 102
2014 100
2014 96
2014 94
2014 89
2014 89
2014 86
2014 80
2014 78
2014 77
2014 75
2014 71
2014 72
2014 77
2014 78
2014 74
2014 74
2014 68
2014 65
2014 60
2014 55
2014 77
2014 124
2014 111
2014 106
2014 96
2014 102
2014 99
2014 91
2014 85
2014 81
2014 79
2014 73
2014 62
2014 58
2014 54.5
2014 51
2014 50
2014 50
2014 49
2014 44
2014 41
2014 36
2014 32
2014 24
2014 10
2014 0
2014 0
2014 0
2014 0
2014 0
2014 0
2014 0
2014 0
2014 0
2014 0
2014 0
2014 0
2014 0
2014 0
2014 0
2014 0
2014 0
2014 0
2014 0
2014 0
2014 0
2014 0
2014 0
2014 0
2014 0
2014 0
2014 0
2014 0
2014 0
2014 0
2014 0
2014 0
2014 0
2014 0
2014 0
2014 0
2014 0
2014 0
2014 0
2014 0
2014 0
2014 0
2014 0
2014 0
2014 0
2014 0
2014 0
2014 0
2014 0
2014 0
2014 0
2014 0
2014 0
2014 0
2014 0
2014 0
2014 0
2014 0
2014 0
2014 0
2014 0
2014 0
2014 0
2014 0
2014 0
2014 0
2014 0
2014 0
2014 0
2014 0
2014 0
2014 0
2014 0
2014 0
2014 0
2014 0
2014 0
2014 0
2014 0
2014 0
2014 0
2014 0
2014 0
2014 0
2014 0
2014 0
2014 0
2014 0
2014 0
2014 0
2014 0
2014 0
2014 0
2014 0
2014 0
2014 0
2014 0
2014 0
2014 0
2014 0
2014 0
2014 0
2015 0
2015 0
2015 0
2015 0
2015 0
2015 0
2015 0
2015 0
2015 0
2015 0
2015 0
2015 0
2015 0
2015 0
2015 0
2015 0
2015 0
2015 0
2015 0
2015 0
2015 0
2015 0
2015 0
2015 0
2015 0
2015 0
2015 0
2015 0
2015 0
2015 0
2015 0
2015 0
2015 0
2015 0
2015 0
2015 0
2015 0
2015 0
2015 0
2015 0
2015 0
2015 0
2015 0
2015 0
2015 0
2015 0
2015 0
2015 0
2015 0
2015 0
2015 0
2015 14
2015 14
2015 8
2015 0
2015 0
2015 0
2015 0
2015 0
2015 0
2015 0
2015 0
2015 0
2015 0
2015 15
2015 38
2015 45
2015 35
2015 33
2015 32
2015 30
2015 24
2015 27
2015 31
2015 29
2015 32
2015 48
2015 43
2015 42
2015 40
2015 39
2015 38
2015 37
2015 36
2015 33
2015 31
2015 29
2015 29
2015 28
2015 28
2015 27
2015 26
2015 25
2015 25
2015 25
2015 25
2015 23
2015 25
2015 26
2015 27
2015 29
2015 35
2015 36
2015 36
2015 36
2015 36
2015 41
2015 50
2015 51
2015 47
2015 48.5
2015 50
2015 46.5
2015 43
2015 44
2015 44
2015 44
2015 71
2015 75
2015 77
2015 72
2015 69
2015 68
2015 68
2015 75
2015 88
2015 87
2015 84
2015 84
2015 84
2015 86
2015 83
2015 81
2015 79
2015 78
2015 85
2015 80
2015 78
2015 90
2015 85
2015 85
2015 85
2015 82
2015 81
2015 80
2015 80
2015 85
2015 99
2015 100
2015 97
2015 118
2015 131
2015 132
2015 138
2015 139
2015 135
2015 131
2015 127
2015 125
2015 120
2015 120
2015 119
2015 119
2015 118
2015 118
2015 118
2015 117
2015 118
2015 116
2015 116
2015 115
2015 115
2015 115
2015 115
2015 123
2015 130
2015 127
2015 128
2015 127
2015 131
2015 129
2015 134
2015 152
2015 151
2015 149
2015 149
2015 147
2015 144
2015 142
2015 139
2015 138
2015 136
2015 135
2015 135
2015 134
2015 134
2015 132
2015 132
2015 131
2015 129
2015 128
2015 130
2015 130
2015 128
2015 127
2015 129
2015 128
2015 129
2015 127
2015 138
2015 178
2015 166
2015 163
2015 165
2015 169
2015 168
2015 170
2015 167
2015 165
2015 163
2015 158
2015 154
2015 150
2015 146
2015 143
2015 140
2015 136
2015 135
2015 134
2015 131
2015 127
2015 124
2015 120
2015 116
2015 112
2015 107
2015 106
2015 102
2015 97
2015 94
2015 92
2015 88
2015 105
2015 94
2015 84
2015 70
2015 48
2015 40
2015 32
2015 29
2015 15
2015 10
2015 0
2015 0
2015 0
2015 0
2015 19
2015 0
2015 0
2015 0
2015 0
2015 0
2015 0
2015 0
2015 0
2015 0
2015 0
2015 0
2015 0
2015 0
2015 0
2015 0
2015 0
2015 0
2015 0
2015 0
2015 0
2015 0
2015 0
2015 0
2015 0
2015 0
2015 0
2015 0
2015 0
2015 0
2015 0
2015 0
2015 0
2015 0
2015 0
2015 0
2015 0
2015 0
2015 0
2015 0
2015 0
2015 0
2015 0
2015 0
2015 0
2015 0
2015 0
2015 0
2015 0
2015 0
2015 0
2015 0
2015 0
2015 0
2015 0
2015 0
2015 0
2015 0
2015 0
2015 0
2015 0
2015 0
2015 0
2015 0
2015 0
2015 0
2015 0
2015 0
2015 0
2015 0
2015 0
2015 0
2015 0
2015 0
2015 0
2015 0
2015 0
2015 0
2015 0
2015 0
2015 0
2015 0
2015 0
2015 0
2015 0
2015 0
2015 0
2015 0
2015 0
2015 0
2015 0
2015 0
2015 0
2015 0
2015 0
2015 0
2015 0
2015 0
2015 0
2015 0
2015 0
2015 0
2015 0
2015 0
2015 0
2015 0
2015 0
2015 0
2015 0
2016 0
2016 0
2016 0
2016 0
2016 0
2016 0
2016 0
2016 0
2016 0
2016 0
2016 0
2016 0
2016 0
2016 0
2016 0
2016 0
2016 0
2016 0
2016 0
2016 0
2016 0
2016 0
2016 0
2016 0
2016 0
2016 0
2016 0
2016 0
2016 0
2016 0
2016 0
2016 0
2016 0
2016 0
2016 0
2016 0
2016 0
2016 0
2016 0
2016 0
2016 0
2016 0
2016 0
2016 0
2016 15
2016 13
2016 8
2016 0
2016 0
2016 0
2016 0
2016 0
2016 0
2016 0
2016 0
2016 0
2016 0
2016 0
2016 0
2016 0
2016 0
2016 0
2016 0
2016 0
2016 0
2016 0
2016 0
2016 0
2016 0
2016 0
2016 0
2016 0
2016 0
2016 0
2016 0
2016 0
2016 0
2016 0
2016 0
2016 0
2016 0
2016 23
2016 30
2016 29
2016 28
2016 40
2016 43
2016 39
2016 44
2016 45
2016 50
2016 48
2016 46
2016 45
2016 46
2016 46
2016 45
2016 44
2016 43
2016 46
2016 44
2016 43
2016 43
2016 42
2016 42
2016 43
2016 50
2016 48
2016 48.25
2016 48.5
2016 48.75
2016 49
2016 48
2016 47
2016 47
2016 47
2016 45
2016 46
2016 46
2016 47
2016 46
2016 46
2016 46
2016 52
2016 51
2016 61
2016 71
2016 68
2016 91
2016 89
2016 96
2016 93
2016 117
2016 154
2016 162
2016 149
2016 144
2016 142
2016 150
2016 143
2016 144
2016 141
2016 136
2016 134
2016 133
2016 131
2016 129
2016 128
2016 126
2016 125
2016 124
2016 122
2016 164
2016 153
2016 147
2016 149
2016 157
2016 177
2016 168
2016 153
2016 157
2016 152
2016 159
2016 156
2016 150
2016 175
2016 172
2016 169
2016 164
2016 163
2016 161
2016 159
2016 164
2016 162
2016 159
2016 165
2016 167
2016 173
2016 171
2016 163
2016 160
2016 162
2016 162
2016 165
2016 170
2016 170
2016 168
2016 167
2016 166
2016 175
2016 169
2016 168
2016 166
2016 164
2016 163
2016 162
2016 162
2016 160
2016 159
2016 158
2016 156
2016 156
2016 154
2016 152
2016 152
2016 152
2016 151
2016 151
2016 156
2016 151
2016 149
2016 146
2016 143
2016 141
2016 135
2016 133
2016 128
2016 125
2016 126
2016 122
2016 124
2016 131
2016 126
2016 122
2016 118
2016 120
2016 116
2016 115
2016 112
2016 113
2016 120
2016 112
2016 108
2016 103
2016 102
2016 100
2016 100
2016 104
2016 102
2016 103
2016 102
2016 99
2016 98
2016 115
2016 105
2016 109
2016 101
2016 99
2016 92
2016 88
2016 85
2016 79
2016 71
2016 64
2016 65
2016 72
2016 66
2016 63
2016 61
2016 56
2016 51.2
2016 46.4
2016 41.6
2016 36.8
2016 32
2016 40
2016 48
2016 41
2016 33
2016 21
2016 0
2016 0
2016 0
2016 0
2016 0
2016 0
2016 0
2016 0
2016 0
2016 0
2016 0
2016 0
2016 0
2016 0
2016 0
2016 0
2016 0
2016 0
2016 0
2016 0
2016 0
2016 0
2016 0
2016 0
2016 0
2016 0
2016 0
2016 0
2016 0
2016 0
2016 0
2016 0
2016 0
2016 0
2016 0
2016 0
2016 0
2016 0
2016 0
2016 0
2016 0
2016 0
2016 0
2016 0
2016 0
2016 0
2016 0
2016 0
2016 0
2016 0
2016 0
2016 0
2016 0
2016 0
2016 0
2016 0
2016 0
2016 0
2016 0
2016 0
2016 0
2016 0
2016 0
2016 0
2016 0
2016 0
2016 0
2016 0
2016 0
2016 0
2016 0
2016 0
2016 0
2016 0
2016 0
2016 0
2016 0
2016 0
2016 0
2016 0
2016 0
2016 0
2016 0
2016 0
2016 0
2016 0
2016 0
2016 0
2016 0
2016 0
2016 0
2016 0
2016 0
2016 0
2016 0
2016 0
2017 0
2017 0
2017 0
2017 0
2017 0
2017 0
2017 0
2017 0
2017 0
2017 0
2017 0
2017 0
2017 0
2017 0
2017 0
2017 0
2017 0
2017 0
2017 0
2017 0
2017 0
2017 0
2017 0
2017 0
2017 0
2017 0
2017 0
2017 0
2017 0
2017 0
2017 0
2017 0
2017 0
2017 0
2017 0
2017 0
2017 0
2017 0
2017 0
2017 0
2017 0
2017 0
2017 0
2017 0
2017 0
2017 0
2017 0
2017 0
2017 0
2017 0
2017 0
2017 0
2017 0
2017 0
2017 0
2017 0
2017 0
2017 0
2017 0
2017 0
2017 0
2017 0
2017 0
2017 0
2017 0
2017 0
2017 15
2017 9
2017 12
2017 15
2017 56
2017 71
2017 65
2017 60
2017 56
2017 54
2017 52
2017 47
2017 45
2017 46
2017 43
2017 42
2017 39
2017 35
2017 32
2017 31
2017 29
2017 28
2017 28
2017 28
2017 28
2017 28
2017 28
2017 28
2017 28
2017 28
2017 27
2017 27
2017 28
2017 28
2017 28
2017 29
2017 28
2017 27
2017 27
2017 29
2017 27
2017 27
2017 28
2017 28
2017 28
2017 27
2017 28
2017 27
2017 28
2017 28
2017 28
2017 28
2017 27
2017 27
2017 27
2017 27
2017 26
2017 28
2017 27
2017 27
2017 44
2017 39
2017 41
2017 47
2017 46
2017 51
2017 51
2017 46
2017 84
2017 107
2017 99
2017 94
2017 82
2017 80
2017 79
2017 78
2017 76
2017 73
2017 71
2017 71
2017 70
2017 70
2017 67
2017 67
2017 67
2017 69
2017 82
2017 81
2017 80
2017 81
2017 88
2017 87
2017 91
2017 94
2017 96
2017 92
2017 91
2017 88
2017 87
2017 86
2017 85
2017 84
2017 85
2017 85
2017 85
2017 85
2017 84
2017 88
2017 87
2017 85
2017 85
2017 84
2017 84
2017 85
2017 97
2017 107
2017 115
2017 112
2017 119
2017 123
2017 167
2017 173
2017 167
2017 168
2017 154
2017 147
2017 143
2017 141
2017 137
2017 133
2017 128
2017 124
2017 128
2017 122
2017 119
2017 117
2017 114
2017 115
2017 113
2017 110
2017 112
2017 110
2017 107
2017 104
2017 102
2017 99
2017 99
2017 98
2017 97
2017 96
2017 96
2017 95
2017 92
2017 89
2017 86
2017 82
2017 79
2017 75
2017 72
2017 69
2017 66
2017 65
2017 62
2017 63
2017 64
2017 64
2017 63
2017 59
2017 55
2017 55.3333333333333
2017 55.6666666666667
2017 56
2017 63
2017 74
2017 66
2017 61
2017 72
2017 71
2017 71.5
2017 72
2017 65
2017 66
2017 63
2017 65
2017 61
2017 57
2017 54
2017 48
2017 42
2017 33
2017 25
2017 15
2017 0
2017 0
2017 0
2017 0
2017 0
2017 0
2017 0
2017 0
2017 0
2017 0
2017 0
2017 0
2017 0
2017 0
2017 0
2017 0
2017 0
2017 0
2017 0
2017 0
2017 0
2017 0
2017 0
2017 0
2017 0
2017 0
2017 0
2017 0
2017 0
2017 0
2017 0
2017 0
2017 0
2017 0
2017 0
2017 0
2017 0
2017 0
2017 0
2017 0
2017 0
2017 0
2017 0
2017 0
2017 0
2017 0
2017 0
2017 0
2017 0
2017 0
2017 0
2017 0
2017 0
2017 0
2017 0
2017 0
2017 0
2017 0
2017 0
2017 0
2017 0
2017 0
2017 0
2017 0
2017 0
2017 0
2017 0
2017 0
2017 0
2017 0
2017 0
2017 0
2017 0
2017 0
2017 0
2017 0
2017 0
2017 0
2017 0
2017 0
2017 0
2017 0
2017 0
2017 0
2017 0
2017 0
2017 0
2017 0
2017 0
2017 0
2017 0
2017 0
2017 0
2017 0
2017 0
2017 0
2017 0
2017 0
2017 0
2017 0
2017 0
2017 0
2017 0
2017 0
2017 0
2017 0
2017 0
2018 0
2018 0
2018 0
2018 0
2018 0
2018 0
2018 0
2018 0
2018 0
2018 0
2018 0
2018 0
2018 0
2018 0
2018 0
2018 0
2018 0
2018 0
2018 0
2018 0
2018 0
2018 0
2018 0
2018 0
2018 0
2018 0
2018 0
2018 0
2018 0
2018 0
2018 0
2018 0
2018 0
2018 0
2018 0
2018 0
2018 0
2018 0
2018 0
2018 0
2018 0
2018 0
2018 0
2018 0
2018 0
2018 0
2018 0
2018 0
2018 0
2018 0
2018 0
2018 0
2018 12
2018 0
2018 0
2018 0
2018 0
2018 0
2018 0
2018 0
2018 0
2018 0
2018 0
2018 0
2018 0
2018 20
2018 23
2018 19
2018 22
2018 16
2018 17
2018 30
2018 37
2018 51
2018 44
2018 41
2018 40
2018 39
2018 39
2018 60
2018 55
2018 53
2018 50
2018 51
2018 52
2018 53
2018 61
2018 57
2018 58
2018 59
2018 59
2018 56
2018 52
2018 52
2018 53
2018 52
2018 51.5
2018 51
2018 66
2018 76
2018 117
2018 66
2018 71
2018 72
2018 95
2018 108
2018 107
2018 105
2018 118
2018 113
2018 108
2018 106
2018 105
2018 102
2018 101
2018 100
2018 100
2018 102
2018 112
2018 113
2018 160
2018 151
2018 150
2018 162
2018 164
2018 199
2018 193
2018 187
2018 183
2018 195
2018 238
2018 230
2018 225
2018 220
2018 216
2018 214
2018 212
2018 210
2018 208
2018 217
2018 205
2018 218
2018 205
2018 250
2018 253
2018 248
2018 244
2018 240
2018 237
2018 234
2018 233
2018 230
2018 229
2018 234
2018 232
2018 235
2018 232
2018 226
2018 225
2018 224
2018 223
2018 222
2018 220
2018 221
2018 219
2018 218
2018 217
2018 237
2018 234
2018 233
2018 232
2018 230
2018 230
2018 229
2018 229
2018 226
2018 225
2018 224
2018 225
2018 225
2018 223
2018 224
2018 225
2018 224
2018 221
2018 221
2018 221
2018 222
2018 223
2018 221
2018 221
2018 220
2018 223
2018 222
2018 221
2018 219
2018 217
2018 224
2018 228
2018 230
2018 229
2018 226
2018 225
2018 223
2018 222
2018 221
2018 220
2018 227
2018 226
2018 223
2018 221
2018 251
2018 245
2018 240
2018 237
2018 235
2018 231
2018 226
2018 221
2018 216
2018 215
2018 213
2018 214
2018 220
2018 216
2018 213
2018 212
2018 210
2018 206
2018 200
2018 194
2018 187
2018 182
2018 177
2018 174
2018 166
2018 160
2018 154
2018 149
2018 142
2018 138
2018 137
2018 138
2018 136
2018 134
2018 127
2018 119
2018 112
2018 108
2018 102
2018 97
2018 91
2018 76
2018 62
2018 53
2018 34
2018 52
2018 48.3333333333333
2018 44.6666666666667
2018 41
2018 38
2018 35
2018 28
2018 22
2018 16
2018 10
2018 0
2018 0
2018 0
2018 0
2018 0
2018 0
2018 0
2018 0
2018 0
2018 0
2018 0
2018 0
2018 0
2018 0
2018 0
2018 0
2018 0
2018 0
2018 0
2018 0
2018 0
2018 0
2018 0
2018 0
2018 0
2018 0
2018 0
2018 0
2018 0
2018 0
2018 0
2018 0
2018 0
2018 0
2018 0
2018 0
2018 0
2018 0
2018 0
2018 0
2018 0
2018 0
2018 0
2018 0
2018 0
2018 0
2018 0
2018 0
2018 0
2018 0
2018 0
2018 0
2018 0
2018 0
2018 0
2018 0
2018 0
2018 0
2018 0
2018 0
2018 0
2018 0
2018 0
2018 0
2018 0
2018 0
2018 0
2018 0
2018 0
2018 0
2018 0
2018 0
2018 0
2018 0
2018 0
2018 0
2018 0
2018 0
2018 0
2018 0
2018 0
2018 0
2018 0
2018 0
2018 0
2018 0
2018 0
2018 0
2018 0
2018 0
2018 0
2018 0
2018 0
2018 0
2018 0
2018 0
2018 0
2018 0
2018 0
2019 0
2019 0
2019 0
2019 0
2019 0
2019 0
2019 0
2019 0
2019 0
2019 0
2019 0
2019 0
2019 0
2019 0
2019 0
2019 0
2019 0
2019 0
2019 0
2019 0
2019 0
2019 0
2019 0
2019 0
2019 0
2019 0
2019 0
2019 0
2019 0
2019 0
2019 0
2019 0
2019 0
2019 0
2019 0
2019 0
2019 0
2019 0
2019 0
2019 0
2019 0
2019 0
2019 0
2019 0
2019 0
2019 0
2019 0
2019 0
2019 0
2019 0
2019 0
2019 0
2019 0
2019 0
2019 0
2019 0
2019 0
2019 8
2019 10
2019 23
2019 12
2019 15
2019 14
2019 10
2019 6
2019 0
2019 0
2019 6
2019 0
2019 0
2019 0
2019 0
2019 0
2019 0
2019 0
2019 0
2019 0
2019 0
2019 0
2019 0
2019 0
2019 0
2019 0
2019 0
2019 0
2019 0
2019 6
2019 6
2019 6
2019 0
2019 0
2019 8
2019 24
2019 27
2019 52
2019 48
2019 48
2019 45
2019 62
2019 66
2019 104
2019 104
2019 101
2019 96
2019 93
2019 92
2019 104
2019 103
2019 100
2019 101
2019 99
2019 108
2019 111
2019 116
2019 124
2019 113
2019 110
2019 108
2019 107
2019 107
2019 105
2019 105
2019 104
2019 104
2019 102
2019 103
2019 102
2019 103
2019 102
2019 110
2019 140
2019 134
2019 132
2019 129
2019 169
2019 183
2019 185
2019 181
2019 176
2019 173
2019 171
2019 170
2019 169
2019 167
2019 166
2019 165
2019 167
2019 164
2019 163
2019 172
2019 173
2019 171
2019 171
2019 159
2019 159
2019 164
2019 163
2019 161
2019 161
2019 163
2019 163
2019 159
2019 163
2019 180
2019 175
2019 173
2019 171
2019 170
2019 169
2019 168
2019 167
2019 167
2019 166
2019 166
2019 164
2019 162
2019 161
2019 160
2019 159
2019 156
2019 155
2019 160
2019 161
2019 159
2019 161
2019 161
2019 160
2019 158
2019 157
2019 165
2019 164
2019 169
2019 174
2019 172
2019 191
2019 196
2019 191
2019 188
2019 185
2019 184
2019 183
2019 182
2019 181
2019 179
2019 174
2019 173
2019 173
2019 172
2019 171
2019 170
2019 169
2019 167
2019 166
2019 165
2019 166
2019 212
2019 196
2019 187
2019 184
2019 184
2019 181
2019 181
2019 180
2019 180
2019 179
2019 180
2019 176
2019 173
2019 168
2019 165
2019 163
2019 160
2019 156
2019 153
2019 149
2019 150
2019 146
2019 163
2019 161
2019 160
2019 158
2019 155
2019 150
2019 146
2019 144
2019 146
2019 147
2019 145
2019 142
2019 151
2019 153
2019 145
2019 143
2019 150
2019 145
2019 142
2019 138
2019 132
2019 130
2019 127
2019 125
2019 121
2019 114
2019 111
2019 106
2019 99
2019 98
2019 89
2019 84
2019 80
2019 77
2019 74
2019 67
2019 58
2019 44
2019 29
2019 0
2019 0
2019 0
2019 0
2019 0
2019 0
2019 0
2019 0
2019 0
2019 0
2019 0
2019 0
2019 0
2019 0
2019 0
2019 0
2019 0
2019 0
2019 0
2019 0
2019 0
2019 0
2019 0
2019 0
2019 0
2019 0
2019 0
2019 0
2019 0
2019 0
2019 0
2019 0
2019 0
2019 0
2019 0
2019 0
2019 0
2019 0
2019 0
2019 0
2019 0
2019 0
2019 0
2019 0
2019 0
2019 0
2019 0
2019 0
2019 0
2019 0
2019 0
2019 0
2019 0
2019 0
2019 0
2019 0
2019 0
2019 0
2019 0
2019 0
2019 0
2019 0
2019 0
2019 0
2019 0
2019 0
2019 0
2019 0
2019 0
2019 0
2019 0
2019 0
2019 0
2019 0
2019 0
2019 0
2019 0
2019 0
2019 0
2019 0
2019 0
2019 0
2019 0
2019 0
2019 0
2019 0
2019 0
2019 0
2019 0
2020 0
2020 0
2020 0
2020 0
2020 0
2020 0
2020 0
2020 0
2020 0
2020 0
2020 0
2020 0
2020 0
2020 0
2020 0
2020 0
2020 0
2020 0
2020 0
2020 0
2020 0
2020 0
2020 0
2020 0
2020 0
2020 0
2020 0
2020 0
2020 0
2020 0
2020 0
2020 0
2020 0
2020 0
2020 0
2020 0
2020 0
2020 0
2020 0
2020 0
2020 0
2020 0
2020 0
2020 0
2020 0
2020 0
2020 0
2020 0
2020 0
2020 0
2020 0
2020 0
2020 0
2020 0
2020 0
2020 0
2020 0
2020 0
2020 0
2020 0
2020 0
2020 0
2020 0
2020 0
2020 11
2020 14
2020 17
2020 15
2020 24
2020 23
2020 21
2020 23
2020 25
2020 20
2020 20
2020 17
2020 17
2020 77
2020 63
2020 49
2020 44
2020 40
2020 37
2020 77
2020 93
2020 84
2020 78
2020 81
2020 77
2020 79
2020 80
2020 84
2020 81
2020 78
2020 78
2020 77
2020 76
2020 75
2020 74
2020 76
2020 91
2020 88
2020 87
2020 119
2020 131
2020 122
2020 114
2020 108
2020 105
2020 103
2020 104
2020 105
2020 132
2020 145
2020 160
2020 151
2020 147
2020 153
2020 147
2020 144
2020 141
2020 139
2020 136
2020 135
2020 132
2020 132
2020 128
2020 127
2020 127
2020 125
2020 125
2020 124
2020 123
2020 121
2020 121
2020 121
2020 121
2020 120
2020 120
2020 120
2020 119
2020 119
2020 118
2020 117
2020 117
2020 117
2020 115
2020 114
2020 116
2020 135
2020 152
2020 153
2020 149
2020 146
2020 148
2020 140
2020 143
2020 169
2020 162
2020 159
2020 157
2020 156
2020 154
2020 151
2020 151
2020 158
2020 165
2020 162
2020 161
2020 158
2020 157
2020 159
2020 156
2020 155
2020 153
2020 148
2020 146
2020 144
2020 153
2020 180
2020 172
2020 167
2020 168
2020 168
2020 177
2020 173
2020 185
2020 192
2020 188
2020 185
2020 188
2020 203
2020 185
2020 174
2020 169
2020 167
2020 166
2020 165
2020 163
2020 161
2020 158
2020 157
2020 154
2020 153
2020 150
2020 150
2020 150
2020 148
2020 146
2020 145
2020 146
2020 145
2020 147
2020 144
2020 143
2020 143
2020 141
2020 138
2020 135
2020 132
2020 129
2020 127
2020 123
2020 118
2020 115
2020 113
2020 110
2020 105
2020 99
2020 96
2020 88
2020 81
2020 74
2020 63
2020 57
2020 51
2020 43
2020 38
2020 37
2020 30
2020 25
2020 23
2020 25
2020 31
2020 31
2020 26
2020 17
2020 9
2020 0
2020 0
2020 0
2020 0
2020 0
2020 0
2020 0
2020 0
2020 0
2020 0
2020 0
2020 0
2020 0
2020 0
2020 0
2020 0
2020 0
2020 0
2020 0
2020 0
2020 0
2020 0
2020 0
2020 0
2020 0
2020 0
2020 0
2020 0
2020 0
2020 0
2020 0
2020 0
2020 0
2020 0
2020 0
2020 0
2020 0
2020 0
2020 0
2020 0
2020 0
2020 0
2020 0
2020 0
2020 0
2020 0
2020 0
2020 0
2020 0
2020 0
2020 0
2020 0
2020 0
2020 0
2020 0
2020 0
2020 0
2020 0
2020 0
2020 0
2020 0
2020 0
2020 0
2020 0
2020 0
2020 0
2020 0
2020 0
2020 0
2020 0
2020 0
2020 0
2020 0
2020 0
2020 0
2020 0
2020 0
2020 0
2020 0
2020 0
2020 0
2020 0
2020 0
2020 0
2020 0
2020 0
2020 0
2020 0
2020 0
2020 0
2020 0
2020 0
2020 0
2020 0
2020 0
2020 0
2020 0
2020 0
2020 0
2020 0
2020 0
2020 0
2020 0
2020 0
2020 0
2020 0
2020 0
2020 0
2020 0
2020 0
2020 0
2020 0
2020 0
2020 0
2020 0
2020 0
2020 0
2020 0
