1991 0
1991 0
1991 0
1991 0
1991 0
1991 0
1991 0
1991 2
1991 0
1991 0
1991 0
1991 0
1991 0
1991 0
1991 0
1991 0
1991 0
1991 0
1991 0
1991 0
1991 0
1991 0
1991 0
1991 0
1991 0
1991 0
1991 0
1991 0
1991 0
1991 0
1991 0
1991 0
1991 0
1991 0
1991 0
1991 0
1991 0
1991 0
1991 0
1991 0
1991 0
1991 0
1991 0
1991 0
1991 0
1991 0
1991 0
1991 3
1991 0
1991 0
1991 0
1991 0
1991 0
1991 0
1991 0
1991 0
1991 6
1991 3
1991 25
1991 45
1991 42
1991 38
1991 41
1991 45
1991 45
1991 50
1991 53
1991 50
1991 45
1991 40
1991 37
1991 33
1991 35
1991 33
1991 32
1991 38
1991 40
1991 35
1991 32
1991 30
1991 30
1991 37
1991 48
1991 100
1991 120
1991 135
1991 145
1991 140
1991 130
1991 123
1991 115
1991 105
1991 100
1991 98
1991 95
1991 98
1991 99
1991 95
1991 92
1991 110
1991 170
1991 200
1991 170
1991 177
1991 167
1991 160
1991 152
1991 149
1991 148
1991 145
1991 143
1991 140
1991 138
1991 134
1991 132
1991 130
1991 130
1991 135
1991 145
1991 140
1991 132
1991 130
1991 137
1991 135
1991 145
1991 138
1991 144
1991 148
1991 155
1991 150
1991 147
1991 145
1991 142
1991 140
1991 150
1991 180
1991 185
1991 180
1991 178
1991 172
1991 168
1991 164
1991 162
1991 160
1991 157
1991 154
1991 152
1991 150
1991 149
1991 148
1991 147
1991 146
1991 145
1991 144
1991 144
1991 144
1991 144
1991 144
1991 146
1991 148
1991 149
1991 155
1991 165
1991 172
1991 166
1991 162
1991 158
1991 155
1991 173
1991 170
1991 164
1991 161
1991 160
1991 160
1991 159
1991 158
1991 156
1991 150
1991 147
1991 146
1991 150
1991 170
1991 176
1991 174
1991 168
1991 162
1991 160
1991 170
1991 195
1991 240
1991 240
1991 228
1991 223
1991 218
1991 216
1991 212
1991 209
1991 207
1991 206
1991 205
1991 204
1991 200
1991 201
1991 212
1991 230
1991 226
1991 232
1991 230
1991 225
1991 218
1991 217
1991 215
1991 213
1991 211
1991 202
1991 218
1991 278
1991 260
1991 249
1991 240
1991 232
1991 225
1991 220
1991 215
1991 212
1991 207
1991 205
1991 203
1991 201
1991 200
1991 200
1991 199
1991 200
1991 199
1991 200
1991 199
1991 207
1991 225
1991 215
1991 208
1991 206
1991 203
1991 205
1991 218
1991 208
1991 205
1991 207
1991 208
1991 209
1991 207
1991 208
1991 213
1991 217
1991 215
1991 208
1991 205
1991 200
1991 199
1991 198
1991 198
1991 197
1991 195
1991 193
1991 182
1991 172
1991 160
1991 158
1991 153
1991 149
1991 145
1991 140
1991 130
1991 120
1991 118
1991 115
1991 110
1991 100
1991 98
1991 94
1991 90
1991 86
1991 80
1991 75
1991 72
1991 65
1991 60
1991 50
1991 40
1991 30
1991 20
1991 30
1991 20
1991 15
1991 10
1991 7
1991 3
1991 0
1991 0
1991 0
1991 0
1991 0
1991 0
1991 0
1991 0
1991 0
1991 0
1991 0
1991 0
1991 0
1991 0
1991 0
1991 0
1991 0
1991 0
1991 0
1991 0
1991 0
1991 0
1991 0
1991 0
1991 0
1991 0
1991 0
1991 0
1991 0
1991 0
1991 0
1991 0
1991 0
1991 0
1991 0
1991 0
1991 0
1991 0
1991 0
1991 0
1991 0
1991 0
1991 0
1991 0
1991 0
1991 0
1991 0
1991 0
1991 0
1991 0
1991 0
1991 0
1991 0
1991 0
1991 0
1991 0
1991 0
1991 0
1991 0
1991 0
1991 0
1991 0
1991 0
1991 0
1991 0
1991 0
1991 0
1991 0
1991 0
1992 0
1992 0
1992 0
1992 0
1992 0
1992 0
1992 0
1992 0
1992 0
1992 0
1992 0
1992 0
1992 0
1992 0
1992 0
1992 0
1992 0
1992 0
1992 0
1992 0
1992 0
1992 0
1992 0
1992 0
1992 0
1992 0
1992 0
1992 0
1992 10
1992 0
1992 0
1992 0
1992 0
1992 0
1992 0
1992 5
1992 18
1992 12
1992 8
1992 4
1992 0
1992 0
1992 10
1992 15
1992 19
1992 15
1992 10
1992 5
1992 3
1992 5
1992 3
1992 3
1992 3
1992 2
1992 2
1992 0
1992 0
1992 0
1992 0
1992 0
1992 0
1992 0
1992 0
1992 0
1992 4
1992 5
1992 5
1992 5
1992 5
1992 4
1992 4
1992 4
1992 4
1992 3
1992 35
1992 35
1992 40
1992 32
1992 25
1992 26
1992 27
1992 29
1992 26
1992 20
1992 20
1992 20
1992 20
1992 20
1992 20
1992 20
1992 19
1992 19
1992 19
1992 19
1992 19
1992 19
1992 19
1992 19
1992 19
1992 18
1992 18
1992 18
1992 18
1992 18
1992 18
1992 18
1992 18
1992 18
1992 20
1992 60
1992 55
1992 70
1992 135
1992 123
1992 115
1992 110
1992 106
1992 105
1992 108
1992 104
1992 100
1992 97
1992 97
1992 97
1992 97
1992 97
1992 96
1992 96
1992 95
1992 95
1992 96
1992 135
1992 155
1992 155
1992 145
1992 130
1992 127
1992 125
1992 120
1992 118
1992 115
1992 113
1992 110
1992 115
1992 118
1992 128
1992 125
1992 123
1992 120
1992 119
1992 118
1992 117
1992 115
1992 113
1992 111
1992 110
1992 117
1992 175
1992 185
1992 170
1992 160
1992 153
1992 147
1992 143
1992 147
1992 144
1992 150
1992 148
1992 147
1992 148
1992 155
1992 150
1992 147
1992 145
1992 143
1992 140
1992 139
1992 139
1992 142
1992 140
1992 140
1992 139
1992 138
1992 135
1992 133
1992 133
1992 130
1992 130
1992 130
1992 129
1992 129
1992 129
1992 129
1992 128
1992 135
1992 148
1992 162
1992 180
1992 175
1992 173
1992 170
1992 168
1992 162
1992 165
1992 190
1992 192
1992 203
1992 195
1992 190
1992 186
1992 181
1992 180
1992 200
1992 280
1992 285
1992 270
1992 260
1992 270
1992 260
1992 240
1992 230
1992 220
1992 215
1992 206
1992 203
1992 200
1992 203
1992 200
1992 208
1992 205
1992 204
1992 198
1992 195
1992 190
1992 180
1992 180
1992 175
1992 172
1992 165
1992 160
1992 155
1992 160
1992 155
1992 155
1992 152
1992 155
1992 150
1992 145
1992 143
1992 142
1992 140
1992 135
1992 128
1992 120
1992 112
1992 105
1992 102
1992 98
1992 94
1992 88
1992 82
1992 70
1992 68
1992 70
1992 65
1992 62
1992 60
1992 57
1992 53
1992 50
1992 50
1992 40
1992 35
1992 28
1992 22
1992 18
1992 15
1992 10
1992 10
1992 15
1992 10
1992 12
1992 7
1992 3
1992 0
1992 0
1992 0
1992 0
1992 0
1992 0
1992 0
1992 0
1992 0
1992 5
1992 0
1992 0
1992 0
1992 0
1992 0
1992 0
1992 0
1992 0
1992 0
1992 0
1992 0
1992 0
1992 0
1992 0
1992 0
1992 0
1992 0
1992 0
1992 0
1992 0
1992 0
1992 0
1992 0
1992 0
1992 0
1992 0
1992 0
1992 0
1992 0
1992 0
1992 0
1992 0
1992 0
1992 0
1992 0
1992 0
1992 0
1992 0
1992 0
1992 0
1992 0
1992 0
1992 0
1992 0
1992 0
1992 0
1992 0
1992 0
1992 0
1992 0
1992 0
1992 0
1992 0
1992 0
1992 0
1992 0
1992 0
1992 0
1992 0
1992 0
1992 0
1992 0
1992 0
1992 0
1992 0
1992 0
1992 0
1992 0
1992 0
1992 0
1992 0
1992 0
1993 3
1993 0
1993 0
1993 0
1993 8
1993 0
1993 0
1993 0
1993 0
1993 0
1993 0
1993 0
1993 0
1993 0
1993 0
1993 0
1993 0
1993 0
1993 0
1993 0
1993 0
1993 0
1993 0
1993 0
1993 0
1993 0
1993 0
1993 0
1993 5
1993 0
1993 0
1993 0
1993 0
1993 3
1993 13
1993 10
1993 5
1993 0
1993 0
1993 0
1993 0
1993 0
1993 0
1993 0
1993 0
1993 0
1993 5
1993 10
1993 4
1993 15
1993 11
1993 30
1993 27
1993 25
1993 55
1993 65
1993 50
1993 47
1993 52
1993 49
1993 48
1993 46
1993 42
1993 40
1993 45
1993 38
1993 30
1993 27
1993 25
1993 23
1993 22
1993 23
1993 35
1993 50
1993 60
1993 58
1993 63
1993 62
1993 68
1993 85
1993 75
1993 80
1993 85
1993 70
1993 60
1993 55
1993 54
1993 54
1993 53
1993 52
1993 51
1993 50
1993 50
1993 55
1993 85
1993 100
1993 95
1993 90
1993 98
1993 89
1993 85
1993 85
1993 85
1993 90
1993 88
1993 78
1993 75
1993 75
1993 74
1993 73
1993 73
1993 71
1993 71
1993 71
1993 71
1993 71
1993 71
1993 71
1993 71
1993 71
1993 71
1993 70
1993 70
1993 70
1993 70
1993 70
1993 70
1993 70
1993 68
1993 68
1993 68
1993 68
1993 68
1993 71
1993 75
1993 75
1993 75
1993 75
1993 75
1993 75
1993 75
1993 75
1993 75
1993 75
1993 75
1993 75
1993 78
1993 80
1993 88
1993 100
1993 98
1993 95
1993 90
1993 90
1993 89
1993 89
1993 88
1993 88
1993 87
1993 85
1993 83
1993 82
1993 82
1993 82
1993 81
1993 81
1993 81
1993 80
1993 80
1993 81
1993 80
1993 80
1993 88
1993 95
1993 117
1993 125
1993 120
1993 120
1993 115
1993 110
1993 110
1993 170
1993 165
1993 162
1993 162
1993 155
1993 150
1993 143
1993 140
1993 135
1993 132
1993 131
1993 130
1993 130
1993 128
1993 125
1993 125
1993 123
1993 122
1993 115
1993 110
1993 105
1993 100
1993 103
1993 108
1993 110
1993 112
1993 112
1993 110
1993 110
1993 109
1993 109
1993 105
1993 106
1993 106
1993 106
1993 115
1993 130
1993 153
1993 190
1993 150
1993 148
1993 145
1993 145
1993 148
1993 157
1993 148
1993 145
1993 144
1993 143
1993 142
1993 140
1993 137
1993 135
1993 130
1993 130
1993 132
1993 165
1993 180
1993 150
1993 170
1993 160
1993 150
1993 150
1993 145
1993 142
1993 135
1993 125
1993 140
1993 135
1993 124
1993 122
1993 118
1993 118
1993 115
1993 115
1993 114
1993 112
1993 110
1993 106
1993 100
1993 97
1993 95
1993 100
1993 95
1993 87
1993 80
1993 70
1993 65
1993 52
1993 47
1993 40
1993 35
1993 30
1993 25
1993 20
1993 15
1993 10
1993 8
1993 3
1993 0
1993 0
1993 0
1993 0
1993 3
1993 0
1993 0
1993 0
1993 0
1993 0
1993 0
1993 0
1993 0
1993 0
1993 0
1993 0
1993 0
1993 0
1993 0
1993 0
1993 0
1993 0
1993 0
1993 0
1993 0
1993 0
1993 0
1993 0
1993 0
1993 0
1993 0
1993 0
1993 0
1993 0
1993 0
1993 0
1993 0
1993 0
1993 0
1993 0
1993 0
1993 0
1993 0
1993 0
1993 0
1993 0
1993 0
1993 0
1993 0
1993 0
1993 0
1993 0
1993 0
1993 0
1993 0
1993 0
1993 0
1993 0
1993 0
1993 0
1993 0
1993 0
1993 0
1993 0
1993 0
1993 0
1993 0
1993 0
1993 0
1993 0
1993 0
1993 0
1993 0
1993 0
1993 0
1993 0
1993 0
1993 0
1993 0
1993 0
1993 0
1993 0
1993 0
1993 0
1993 0
1994 0
1994 0
1994 0
1994 0
1994 0
1994 0
1994 0
1994 0
1994 0
1994 0
1994 0
1994 0
1994 0
1994 5
1994 0
1994 0
1994 0
1994 0
1994 0
1994 0
1994 0
1994 0
1994 0
1994 0
1994 0
1994 0
1994 0
1994 45
1994 35
1994 27
1994 32
1994 48
1994 68
1994 52
1994 47
1994 50
1994 45
1994 55
1994 48
1994 42
1994 42
1994 40
1994 30
1994 25
1994 20
1994 18
1994 25
1994 22
1994 20
1994 18
1994 15
1994 18
1994 20
1994 23
1994 26
1994 26
1994 25
1994 25
1994 25
1994 32
1994 25
1994 27
1994 27
1994 27
1994 25
1994 25
1994 28
1994 50
1994 51
1994 50
1994 50
1994 48
1994 50
1994 48
1994 50
1994 60
1994 50
1994 48
1994 47
1994 47
1994 46
1994 46
1994 48
1994 47
1994 50
1994 48
1994 47
1994 47
1994 47
1994 46
1994 46
1994 46
1994 46
1994 46
1994 46
1994 44
1994 44
1994 45
1994 70
1994 75
1994 70
1994 75
1994 78
1994 76
1994 76
1994 76
1994 85
1994 115
1994 110
1994 105
1994 100
1994 90
1994 92
1994 100
1994 118
1994 140
1994 134
1994 130
1994 100
1994 98
1994 100
1994 98
1994 110
1994 110
1994 125
1994 123
1994 121
1994 135
1994 225
1994 260
1994 245
1994 230
1994 238
1994 230
1994 225
1994 215
1994 213
1994 215
1994 220
1994 200
1994 195
1994 194
1994 191
1994 188
1994 183
1994 182
1994 190
1994 195
1994 203
1994 204
1994 205
1994 198
1994 195
1994 190
1994 188
1994 187
1994 193
1994 243
1994 250
1994 245
1994 254
1994 240
1994 235
1994 235
1994 230
1994 228
1994 238
1994 240
1994 235
1994 232
1994 224
1994 220
1994 218
1994 220
1994 217
1994 215
1994 215
1994 214
1994 212
1994 209
1994 225
1994 248
1994 247
1994 240
1994 240
1994 238
1994 237
1994 230
1994 228
1994 223
1994 211
1994 203
1994 203
1994 203
1994 200
1994 198
1994 198
1994 197
1994 197
1994 196
1994 202
1994 198
1994 195
1994 194
1994 190
1994 187
1994 185
1994 180
1994 179
1994 178
1994 176
1994 176
1994 174
1994 190
1994 188
1994 185
1994 190
1994 192
1994 192
1994 200
1994 202
1994 204
1994 200
1994 200
1994 200
1994 201
1994 238
1994 230
1994 225
1994 210
1994 210
1994 206
1994 201
1994 199
1994 198
1994 197
1994 199
1994 203
1994 198
1994 195
1994 185
1994 182
1994 182
1994 180
1994 170
1994 165
1994 160
1994 160
1994 152
1994 150
1994 156
1994 153
1994 150
1994 149
1994 143
1994 138
1994 148
1994 143
1994 138
1994 135
1994 148
1994 148
1994 146
1994 144
1994 142
1994 137
1994 130
1994 120
1994 115
1994 115
1994 110
1994 105
1994 101
1994 99
1994 96
1994 86
1994 75
1994 73
1994 73
1994 73
1994 60
1994 45
1994 40
1994 39
1994 38
1994 34
1994 20
1994 0
1994 0
1994 0
1994 0
1994 0
1994 0
1994 0
1994 0
1994 0
1994 0
1994 0
1994 0
1994 0
1994 0
1994 0
1994 0
1994 0
1994 0
1994 0
1994 0
1994 0
1994 0
1994 0
1994 0
1994 0
1994 0
1994 0
1994 0
1994 0
1994 0
1994 0
1994 0
1994 0
1994 0
1994 0
1994 0
1994 0
1994 0
1994 0
1994 0
1994 0
1994 0
1994 0
1994 0
1994 0
1994 0
1994 0
1994 0
1994 0
1994 0
1994 0
1994 0
1994 0
1994 0
1994 0
1994 0
1994 0
1994 0
1994 0
1994 0
1994 0
1994 0
1994 0
1994 0
1994 0
1994 0
1994 0
1994 0
1994 0
1994 0
1994 0
1994 0
1994 0
1994 0
1994 0
1994 0
1994 0
1994 0
1995 0
1995 0
1995 0
1995 0
1995 0
1995 0
1995 0
1995 0
1995 0
1995 0
1995 0
1995 0
1995 0
1995 0
1995 0
1995 0
1995 0
1995 0
1995 0
1995 0
1995 0
1995 0
1995 0
1995 0
1995 0
1995 0
1995 0
1995 0
1995 0
1995 0
1995 0
1995 0
1995 0
1995 0
1995 0
1995 0
1995 0
1995 0
1995 0
1995 0
1995 0
1995 0
1995 0
1995 0
1995 0
1995 0
1995 0
1995 0
1995 0
1995 0
1995 13
1995 10
1995 8
1995 15
1995 10
1995 10
1995 8
1995 8
1995 12
1995 10
1995 6
1995 6
1995 6
1995 6
1995 5
1995 6
1995 35
1995 36
1995 36
1995 36
1995 40
1995 39
1995 39
1995 38
1995 36
1995 35
1995 34
1995 33
1995 33
1995 45
1995 23
1995 20
1995 20
1995 19
1995 19
1995 18
1995 17
1995 16
1995 16
1995 15
1995 15
1995 10
1995 14
1995 14
1995 14
1995 13
1995 13
1995 12
1995 12
1995 12
1995 25
1995 24
1995 24
1995 20
1995 20
1995 20
1995 19
1995 19
1995 18
1995 18
1995 28
1995 28
1995 28
1995 28
1995 28
1995 28
1995 26
1995 25
1995 28
1995 26
1995 40
1995 70
1995 70
1995 85
1995 92
1995 84
1995 84
1995 84
1995 83
1995 75
1995 70
1995 76
1995 155
1995 130
1995 140
1995 135
1995 105
1995 95
1995 93
1995 90
1995 103
1995 100
1995 97
1995 100
1995 105
1995 127
1995 140
1995 148
1995 155
1995 150
1995 150
1995 151
1995 160
1995 150
1995 145
1995 140
1995 135
1995 133
1995 130
1995 127
1995 124
1995 125
1995 126
1995 130
1995 130
1995 128
1995 135
1995 136
1995 138
1995 140
1995 143
1995 143
1995 140
1995 138
1995 136
1995 134
1995 140
1995 178
1995 187
1995 180
1995 178
1995 175
1995 170
1995 167
1995 175
1995 170
1995 175
1995 178
1995 170
1995 171
1995 164
1995 160
1995 159
1995 157
1995 155
1995 150
1995 150
1995 148
1995 155
1995 153
1995 155
1995 158
1995 158
1995 156
1995 155
1995 152
1995 150
1995 149
1995 165
1995 185
1995 205
1995 195
1995 192
1995 188
1995 184
1995 178
1995 172
1995 162
1995 160
1995 153
1995 148
1995 145
1995 142
1995 140
1995 137
1995 135
1995 134
1995 133
1995 132
1995 130
1995 128
1995 165
1995 220
1995 246
1995 265
1995 262
1995 265
1995 255
1995 240
1995 230
1995 212
1995 205
1995 201
1995 199
1995 195
1995 192
1995 189
1995 180
1995 174
1995 165
1995 155
1995 152
1995 149
1995 167
1995 160
1995 156
1995 156
1995 160
1995 165
1995 160
1995 158
1995 155
1995 157
1995 153
1995 153
1995 150
1995 147
1995 143
1995 135
1995 125
1995 118
1995 110
1995 105
1995 100
1995 96
1995 94
1995 93
1995 91
1995 88
1995 83
1995 75
1995 70
1995 65
1995 81
1995 77
1995 74
1995 71
1995 69
1995 65
1995 60
1995 55
1995 45
1995 35
1995 20
1995 8
1995 0
1995 0
1995 0
1995 0
1995 0
1995 0
1995 0
1995 0
1995 0
1995 0
1995 0
1995 0
1995 0
1995 0
1995 0
1995 0
1995 0
1995 0
1995 0
1995 0
1995 0
1995 0
1995 0
1995 0
1995 0
1995 0
1995 0
1995 0
1995 0
1995 0
1995 0
1995 0
1995 0
1995 0
1995 0
1995 0
1995 0
1995 0
1995 0
1995 0
1995 0
1995 0
1995 0
1995 0
1995 0
1995 0
1995 0
1995 0
1995 0
1995 0
1995 0
1995 0
1995 0
1995 0
1995 0
1995 0
1995 0
1995 0
1995 0
1995 0
1995 0
1995 0
1995 0
1995 0
1995 0
1995 0
1995 0
1995 0
1995 0
1995 0
1996 0
1996 0
1996 0
1996 0
1996 0
1996 0
1996 0
1996 0
1996 0
1996 0
1996 0
1996 0
1996 5
1996 5
1996 0
1996 0
1996 0
1996 0
1996 0
1996 0
1996 5
1996 0
1996 0
1996 0
1996 0
1996 3
1996 0
1996 0
1996 0
1996 0
1996 0
1996 0
1996 0
1996 0
1996 0
1996 0
1996 0
1996 0
1996 0
1996 0
1996 0
1996 0
1996 0
1996 0
1996 0
1996 0
1996 0
1996 0
1996 0
1996 0
1996 0
1996 0
1996 0
1996 0
1996 0
1996 0
1996 0
1996 0
1996 0
1996 0
1996 0
1996 0
1996 5
1996 3
1996 3
1996 3
1996 3
1996 2
1996 2
1996 0
1996 0
1996 2
1996 4
1996 5
1996 5
1996 3
1996 5
1996 7
1996 14
1996 13
1996 25
1996 24
1996 20
1996 20
1996 20
1996 18
1996 18
1996 30
1996 55
1996 55
1996 53
1996 51
1996 50
1996 45
1996 45
1996 45
1996 45
1996 45
1996 75
1996 70
1996 60
1996 56
1996 53
1996 53
1996 50
1996 60
1996 68
1996 65
1996 60
1996 58
1996 60
1996 72
1996 68
1996 75
1996 70
1996 78
1996 85
1996 81
1996 80
1996 77
1996 80
1996 78
1996 82
1996 80
1996 75
1996 73
1996 70
1996 70
1996 71
1996 75
1996 72
1996 70
1996 100
1996 158
1996 168
1996 160
1996 153
1996 150
1996 145
1996 140
1996 135
1996 132
1996 130
1996 128
1996 125
1996 135
1996 133
1996 138
1996 140
1996 135
1996 130
1996 130
1996 127
1996 130
1996 160
1996 159
1996 156
1996 152
1996 152
1996 152
1996 146
1996 142
1996 140
1996 140
1996 140
1996 155
1996 170
1996 160
1996 155
1996 148
1996 151
1996 160
1996 160
1996 156
1996 156
1996 154
1996 150
1996 145
1996 150
1996 148
1996 145
1996 145
1996 145
1996 142
1996 140
1996 140
1996 138
1996 135
1996 133
1996 140
1996 140
1996 137
1996 135
1996 135
1996 139
1996 137
1996 137
1996 135
1996 130
1996 132
1996 131
1996 130
1996 130
1996 145
1996 142
1996 140
1996 138
1996 130
1996 125
1996 120
1996 120
1996 120
1996 120
1996 120
1996 128
1996 125
1996 122
1996 120
1996 120
1996 120
1996 120
1996 120
1996 110
1996 104
1996 100
1996 100
1996 102
1996 100
1996 100
1996 100
1996 100
1996 98
1996 97
1996 96
1996 95
1996 95
1996 98
1996 98
1996 96
1996 95
1996 90
1996 86
1996 85
1996 83
1996 131
1996 200
1996 190
1996 180
1996 166
1996 163
1996 145
1996 115
1996 105
1996 100
1996 97
1996 96
1996 95
1996 92
1996 89
1996 85
1996 80
1996 70
1996 75
1996 75
1996 73
1996 70
1996 68
1996 65
1996 60
1996 56
1996 56
1996 50
1996 45
1996 40
1996 35
1996 31
1996 23
1996 16
1996 10
1996 5
1996 0
1996 0
1996 0
1996 0
1996 0
1996 0
1996 0
1996 0
1996 0
1996 0
1996 0
1996 0
1996 0
1996 0
1996 0
1996 0
1996 0
1996 0
1996 0
1996 0
1996 0
1996 0
1996 0
1996 0
1996 0
1996 0
1996 0
1996 0
1996 0
1996 0
1996 0
1996 0
1996 0
1996 0
1996 0
1996 0
1996 0
1996 0
1996 0
1996 0
1996 0
1996 0
1996 0
1996 0
1996 0
1996 0
1996 0
1996 0
1996 0
1996 0
1996 0
1996 0
1996 0
1996 0
1996 0
1996 0
1996 0
1996 0
1996 0
1996 0
1996 0
1996 0
1996 0
1996 0
1996 0
1996 0
1996 0
1996 0
1996 0
1996 0
1996 0
1996 0
1996 0
1996 0
1996 0
1996 0
1996 0
1996 0
1996 0
1996 0
1996 0
1996 0
1996 0
1996 0
1996 0
1996 0
1997 0
1997 0
1997 0
1997 0
1997 0
1997 0
1997 0
1997 0
1997 0
1997 0
1997 0
1997 0
1997 3
1997 8
1997 0
1997 0
1997 0
1997 0
1997 2
1997 2
1997 0
1997 0
1997 0
1997 0
1997 0
1997 0
1997 0
1997 0
1997 0
1997 0
1997 0
1997 3
1997 0
1997 0
1997 0
1997 0
1997 0
1997 0
1997 0
1997 0
1997 0
1997 0
1997 0
1997 0
1997 0
1997 3
1997 3
1997 3
1997 0
1997 0
1997 0
1997 0
1997 0
1997 0
1997 0
1997 0
1997 0
1997 0
1997 0
1997 2
1997 0
1997 0
1997 0
1997 0
1997 0
1997 0
1997 6
1997 3
1997 7
1997 6
1997 5
1997 10
1997 65
1997 80
1997 85
1997 78
1997 75
1997 70
1997 105
1997 110
1997 130
1997 140
1997 145
1997 145
1997 148
1997 130
1997 145
1997 160
1997 165
1997 160
1997 185
1997 220
1997 223
1997 235
1997 230
1997 210
1997 190
1997 175
1997 160
1997 155
1997 170
1997 172
1997 168
1997 165
1997 175
1997 165
1997 160
1997 155
1997 153
1997 150
1997 153
1997 150
1997 152
1997 157
1997 158
1997 156
1997 155
1997 150
1997 150
1997 140
1997 138
1997 137
1997 147
1997 146
1997 160
1997 191
1997 188
1997 198
1997 208
1997 200
1997 202
1997 200
1997 200
1997 199
1997 194
1997 190
1997 188
1997 185
1997 183
1997 180
1997 175
1997 170
1997 173
1997 171
1997 169
1997 168
1997 167
1997 166
1997 166
1997 166
1997 166
1997 165
1997 163
1997 161
1997 159
1997 157
1997 156
1997 155
1997 156
1997 155
1997 155
1997 155
1997 155
1997 154
1997 157
1997 155
1997 175
1997 182
1997 183
1997 180
1997 175
1997 190
1997 185
1997 185
1997 184
1997 184
1997 180
1997 185
1997 186
1997 198
1997 195
1997 190
1997 185
1997 183
1997 180
1997 175
1997 175
1997 170
1997 165
1997 160
1997 160
1997 158
1997 158
1997 155
1997 152
1997 150
1997 148
1997 145
1997 144
1997 153
1997 178
1997 175
1997 170
1997 168
1997 175
1997 174
1997 174
1997 170
1997 165
1997 173
1997 174
1997 173
1997 170
1997 166
1997 160
1997 158
1997 157
1997 156
1997 155
1997 153
1997 152
1997 150
1997 145
1997 146
1997 145
1997 140
1997 138
1997 136
1997 135
1997 134
1997 133
1997 136
1997 134
1997 132
1997 130
1997 128
1997 126
1997 128
1997 138
1997 143
1997 143
1997 144
1997 143
1997 140
1997 130
1997 115
1997 105
1997 108
1997 114
1997 130
1997 128
1997 130
1997 130
1997 130
1997 125
1997 122
1997 118
1997 108
1997 102
1997 97
1997 94
1997 92
1997 90
1997 85
1997 80
1997 78
1997 70
1997 65
1997 60
1997 57
1997 55
1997 52
1997 50
1997 48
1997 50
1997 45
1997 40
1997 35
1997 30
1997 25
1997 15
1997 11
1997 6
1997 2
1997 0
1997 0
1997 0
1997 0
1997 0
1997 0
1997 0
1997 0
1997 0
1997 0
1997 0
1997 0
1997 0
1997 0
1997 0
1997 0
1997 0
1997 0
1997 0
1997 0
1997 0
1997 0
1997 0
1997 0
1997 0
1997 0
1997 0
1997 0
1997 0
1997 0
1997 0
1997 0
1997 0
1997 0
1997 0
1997 0
1997 0
1997 0
1997 0
1997 0
1997 0
1997 0
1997 0
1997 0
1997 0
1997 0
1997 0
1997 0
1997 0
1997 0
1997 0
1997 0
1997 0
1997 0
1997 0
1997 0
1997 0
1997 0
1997 0
1997 0
1997 0
1997 0
1997 0
1997 0
1997 0
1997 0
1997 0
1997 0
1997 0
1997 0
1997 0
1997 0
1997 0
1997 0
1997 0
1997 0
1997 0
1997 0
1997 0
1997 0
1997 0
1998 0
1998 0
1998 0
1998 0
1998 0
1998 0
1998 0
1998 0
1998 0
1998 0
1998 0
1998 0
1998 0
1998 0
1998 0
1998 0
1998 0
1998 0
1998 0
1998 0
1998 0
1998 0
1998 0
1998 0
1998 0
1998 0
1998 0
1998 0
1998 0
1998 0
1998 0
1998 0
1998 0
1998 0
1998 0
1998 0
1998 0
1998 0
1998 0
1998 0
1998 0
1998 0
1998 10
1998 6
1998 5
1998 5
1998 3
1998 0
1998 0
1998 0
1998 0
1998 0
1998 0
1998 0
1998 0
1998 0
1998 0
1998 0
1998 0
1998 0
1998 0
1998 0
1998 0
1998 0
1998 0
1998 0
1998 10
1998 25
1998 40
1998 41
1998 52
1998 52
1998 75
1998 100
1998 93
1998 92
1998 91
1998 85
1998 75
1998 70
1998 68
1998 68
1998 67
1998 66
1998 65
1998 64
1998 64
1998 63
1998 62
1998 62
1998 62
1998 62
1998 62
1998 80
1998 80
1998 77
1998 77
1998 75
1998 72
1998 70
1998 68
1998 67
1998 72
1998 85
1998 83
1998 82
1998 85
1998 87
1998 97
1998 130
1998 203
1998 195
1998 186
1998 178
1998 170
1998 167
1998 164
1998 161
1998 170
1998 165
1998 165
1998 165
1998 170
1998 175
1998 178
1998 180
1998 181
1998 190
1998 195
1998 190
1998 185
1998 178
1998 168
1998 155
1998 150
1998 148
1998 152
1998 150
1998 160
1998 160
1998 180
1998 175
1998 182
1998 180
1998 175
1998 173
1998 174
1998 172
1998 171
1998 170
1998 169
1998 168
1998 165
1998 163
1998 160
1998 158
1998 156
1998 155
1998 154
1998 153
1998 152
1998 151
1998 148
1998 145
1998 143
1998 140
1998 138
1998 136
1998 134
1998 134
1998 134
1998 133
1998 132
1998 130
1998 128
1998 140
1998 139
1998 138
1998 136
1998 133
1998 131
1998 132
1998 131
1998 130
1998 130
1998 136
1998 135
1998 135
1998 139
1998 142
1998 140
1998 140
1998 140
1998 140
1998 140
1998 140
1998 140
1998 140
1998 139
1998 138
1998 137
1998 136
1998 136
1998 136
1998 155
1998 153
1998 152
1998 150
1998 148
1998 145
1998 141
1998 141
1998 140
1998 140
1998 140
1998 145
1998 170
1998 180
1998 184
1998 198
1998 199
1998 232
1998 300
1998 340
1998 315
1998 300
1998 282
1998 295
1998 282
1998 285
1998 280
1998 272
1998 265
1998 255
1998 247
1998 240
1998 210
1998 200
1998 195
1998 230
1998 228
1998 225
1998 230
1998 228
1998 225
1998 222
1998 210
1998 200
1998 197
1998 195
1998 192
1998 188
1998 184
1998 178
1998 171
1998 165
1998 160
1998 155
1998 152
1998 149
1998 146
1998 143
1998 139
1998 130
1998 125
1998 120
1998 115
1998 110
1998 100
1998 94
1998 90
1998 87
1998 84
1998 86
1998 81
1998 77
1998 70
1998 60
1998 55
1998 50
1998 40
1998 30
1998 20
1998 10
1998 5
1998 5
1998 0
1998 0
1998 0
1998 0
1998 0
1998 0
1998 0
1998 0
1998 0
1998 0
1998 0
1998 0
1998 0
1998 0
1998 0
1998 0
1998 0
1998 0
1998 0
1998 0
1998 0
1998 0
1998 0
1998 0
1998 0
1998 0
1998 0
1998 0
1998 0
1998 0
1998 0
1998 0
1998 0
1998 0
1998 0
1998 0
1998 0
1998 0
1998 0
1998 0
1998 0
1998 0
1998 0
1998 0
1998 0
1998 0
1998 0
1998 0
1998 0
1998 0
1998 0
1998 0
1998 0
1998 0
1998 0
1998 0
1998 0
1998 0
1998 0
1998 0
1998 0
1998 0
1998 0
1998 0
1998 0
1998 0
1998 0
1998 0
1998 0
1998 0
1998 0
1998 0
1998 0
1998 0
1998 0
1998 0
1998 0
1998 0
1998 0
1999 0
1999 0
1999 0
1999 0
1999 0
1999 0
1999 0
1999 0
1999 0
1999 0
1999 0
1999 0
1999 0
1999 2
1999 2
1999 0
1999 0
1999 0
1999 0
1999 0
1999 0
1999 0
1999 0
1999 0
1999 0
1999 0
1999 0
1999 0
1999 0
1999 0
1999 0
1999 7
1999 4
1999 2
1999 4
1999 2
1999 12
1999 8
1999 8
1999 8
1999 6
1999 5
1999 3
1999 2
1999 0
1999 0
1999 0
1999 0
1999 0
1999 0
1999 0
1999 0
1999 0
1999 3
1999 30
1999 50
1999 50
1999 40
1999 30
1999 30
1999 50
1999 55
1999 60
1999 55
1999 55
1999 55
1999 45
1999 43
1999 41
1999 39
1999 37
1999 35
1999 35
1999 35
1999 35
1999 45
1999 53
1999 50
1999 48
1999 47
1999 47
1999 47
1999 46
1999 46
1999 43
1999 40
1999 39
1999 38
1999 40
1999 40
1999 40
1999 42
1999 40
1999 38
1999 38
1999 38
1999 46
1999 46
1999 46
1999 45
1999 45
1999 45
1999 45
1999 45
1999 40
1999 39
1999 39
1999 39
1999 38
1999 37
1999 36
1999 36
1999 35
1999 35
1999 35
1999 35
1999 35
1999 34
1999 34
1999 34
1999 33
1999 34
1999 60
1999 70
1999 70
1999 80
1999 80
1999 78
1999 75
1999 75
1999 85
1999 83
1999 115
1999 168
1999 170
1999 180
1999 175
1999 165
1999 160
1999 150
1999 145
1999 138
1999 132
1999 122
1999 120
1999 118
1999 118
1999 116
1999 118
1999 140
1999 210
1999 215
1999 205
1999 200
1999 198
1999 190
1999 187
1999 178
1999 200
1999 230
1999 245
1999 250
1999 260
1999 250
1999 240
1999 235
1999 232
1999 228
1999 220
1999 220
1999 250
1999 275
1999 268
1999 260
1999 300
1999 310
1999 315
1999 320
1999 300
1999 295
1999 285
1999 275
1999 265
1999 250
1999 255
1999 325
1999 320
1999 310
1999 305
1999 310
1999 305
1999 290
1999 286
1999 281
1999 277
1999 274
1999 260
1999 255
1999 253
1999 250
1999 248
1999 245
1999 250
1999 260
1999 262
1999 260
1999 263
1999 275
1999 285
1999 280
1999 275
1999 270
1999 265
1999 263
1999 260
1999 257
1999 252
1999 247
1999 244
1999 240
1999 238
1999 230
1999 227
1999 225
1999 227
1999 227
1999 240
1999 325
1999 330
1999 325
1999 320
1999 310
1999 305
1999 300
1999 295
1999 290
1999 285
1999 280
1999 275
1999 260
1999 255
1999 250
1999 245
1999 240
1999 235
1999 230
1999 220
1999 217
1999 214
1999 210
1999 205
1999 198
1999 193
1999 188
1999 182
1999 178
1999 174
1999 169
1999 164
1999 160
1999 156
1999 175
1999 165
1999 166
1999 162
1999 155
1999 150
1999 140
1999 130
1999 120
1999 118
1999 110
1999 105
1999 100
1999 95
1999 90
1999 85
1999 80
1999 75
1999 70
1999 65
1999 60
1999 50
1999 40
1999 25
1999 0
1999 0
1999 0
1999 0
1999 0
1999 0
1999 0
1999 0
1999 0
1999 0
1999 0
1999 0
1999 0
1999 0
1999 0
1999 0
1999 0
1999 0
1999 0
1999 0
1999 0
1999 0
1999 0
1999 0
1999 0
1999 0
1999 0
1999 0
1999 0
1999 0
1999 0
1999 0
1999 0
1999 0
1999 0
1999 0
1999 0
1999 0
1999 0
1999 0
1999 0
1999 0
1999 0
1999 0
1999 0
1999 0
1999 0
1999 0
1999 0
1999 0
1999 0
1999 0
1999 0
1999 0
1999 0
1999 0
1999 0
1999 0
1999 0
1999 0
1999 0
1999 0
1999 0
1999 0
1999 0
1999 0
1999 0
1999 0
1999 0
1999 0
1999 0
1999 0
1999 0
1999 0
1999 0
1999 0
1999 0
1999 0
1999 0
1999 0
2000 0
2000 0
2000 2
2000 0
2000 0
2000 0
2000 0
2000 0
2000 0
2000 0
2000 0
2000 0
2000 0
2000 0
2000 0
2000 0
2000 0
2000 0
2000 0
2000 0
2000 2
2000 0
2000 0
2000 0
2000 0
2000 0
2000 0
2000 0
2000 0
2000 0
2000 0
2000 0
2000 0
2000 2
2000 3
2000 2
2000 0
2000 0
2000 0
2000 0
2000 0
2000 0
2000 0
2000 0
2000 0
2000 0
2000 0
2000 0
2000 2
2000 4
2000 10
2000 20
2000 16
2000 20
2000 25
2000 15
2000 10
2000 8
2000 6
2000 5
2000 3
2000 2
2000 0
2000 0
2000 2
2000 10
2000 8
2000 12
2000 10
2000 8
2000 8
2000 9
2000 35
2000 30
2000 26
2000 23
2000 25
2000 24
2000 25
2000 32
2000 30
2000 30
2000 30
2000 28
2000 28
2000 25
2000 24
2000 24
2000 23
2000 23
2000 21
2000 20
2000 18
2000 16
2000 15
2000 20
2000 25
2000 24
2000 23
2000 21
2000 25
2000 28
2000 27
2000 50
2000 55
2000 65
2000 65
2000 65
2000 64
2000 67
2000 70
2000 70
2000 70
2000 70
2000 68
2000 68
2000 83
2000 130
2000 150
2000 168
2000 158
2000 148
2000 138
2000 134
2000 130
2000 129
2000 129
2000 128
2000 128
2000 126
2000 125
2000 123
2000 122
2000 121
2000 120
2000 120
2000 120
2000 120
2000 118
2000 115
2000 113
2000 112
2000 111
2000 110
2000 114
2000 116
2000 116
2000 115
2000 115
2000 114
2000 113
2000 135
2000 150
2000 148
2000 145
2000 142
2000 140
2000 138
2000 138
2000 136
2000 135
2000 136
2000 136
2000 135
2000 137
2000 136
2000 135
2000 136
2000 140
2000 145
2000 158
2000 178
2000 208
2000 210
2000 205
2000 200
2000 197
2000 193
2000 195
2000 193
2000 191
2000 190
2000 198
2000 195
2000 193
2000 196
2000 194
2000 192
2000 190
2000 190
2000 195
2000 190
2000 180
2000 172
2000 165
2000 160
2000 162
2000 160
2000 160
2000 158
2000 156
2000 155
2000 153
2000 150
2000 148
2000 145
2000 143
2000 145
2000 155
2000 155
2000 188
2000 200
2000 195
2000 195
2000 193
2000 195
2000 199
2000 199
2000 195
2000 192
2000 190
2000 187
2000 190
2000 180
2000 200
2000 200
2000 215
2000 220
2000 225
2000 230
2000 250
2000 290
2000 285
2000 275
2000 250
2000 225
2000 230
2000 222
2000 215
2000 208
2000 200
2000 240
2000 230
2000 210
2000 200
2000 195
2000 190
2000 187
2000 184
2000 180
2000 178
2000 170
2000 167
2000 160
2000 155
2000 145
2000 140
2000 130
2000 120
2000 110
2000 100
2000 93
2000 90
2000 88
2000 85
2000 80
2000 78
2000 75
2000 75
2000 70
2000 60
2000 55
2000 50
2000 45
2000 35
2000 25
2000 20
2000 15
2000 5
2000 0
2000 0
2000 0
2000 0
2000 0
2000 0
2000 0
2000 0
2000 0
2000 0
2000 0
2000 0
2000 0
2000 0
2000 0
2000 0
2000 0
2000 0
2000 0
2000 0
2000 0
2000 0
2000 0
2000 0
2000 0
2000 0
2000 0
2000 0
2000 0
2000 0
2000 0
2000 0
2000 0
2000 0
2000 0
2000 0
2000 0
2000 0
2000 0
2000 0
2000 0
2000 0
2000 0
2000 0
2000 0
2000 0
2000 0
2000 0
2000 0
2000 0
2000 0
2000 0
2000 0
2000 0
2000 0
2000 0
2000 0
2000 0
2000 0
2000 0
2000 0
2000 0
2000 0
2000 0
2000 0
2000 0
2000 0
2000 0
2000 0
2000 0
2000 0
2000 0
2000 0
2000 0
2000 0
2000 0
2000 0
2000 0
2000 0
2000 0
2000 0
2000 0
2000 0
2000 0
2000 0
2000 0
2000 0
2001 0
2001 0
2001 0
2001 0
2001 0
2001 0
2001 0
2001 0
2001 0
2001 0
2001 0
2001 0
2001 0
2001 0
2001 0
2001 0
2001 0
2001 0
2001 0
2001 0
2001 0
2001 0
2001 0
2001 0
2001 0
2001 0
2001 0
2001 0
2001 0
2001 0
2001 2
2001 3
2001 2
2001 0
2001 0
2001 0
2001 0
2001 0
2001 0
2001 2
2001 11
2001 40
2001 20
2001 5
2001 0
2001 15
2001 20
2001 18
2001 12
2001 8
2001 5
2001 0
2001 0
2001 0
2001 0
2001 0
2001 0
2001 0
2001 0
2001 0
2001 2
2001 11
2001 8
2001 23
2001 45
2001 42
2001 43
2001 80
2001 82
2001 95
2001 90
2001 87
2001 85
2001 95
2001 130
2001 145
2001 135
2001 175
2001 210
2001 190
2001 175
2001 170
2001 160
2001 160
2001 185
2001 190
2001 182
2001 185
2001 170
2001 160
2001 155
2001 153
2001 150
2001 153
2001 155
2001 152
2001 150
2001 148
2001 158
2001 168
2001 164
2001 160
2001 157
2001 155
2001 154
2001 156
2001 165
2001 163
2001 163
2001 160
2001 160
2001 158
2001 157
2001 156
2001 155
2001 162
2001 164
2001 166
2001 165
2001 168
2001 180
2001 178
2001 178
2001 174
2001 175
2001 163
2001 165
2001 177
2001 190
2001 200
2001 200
2001 200
2001 200
2001 200
2001 191
2001 190
2001 190
2001 190
2001 190
2001 200
2001 202
2001 200
2001 200
2001 198
2001 200
2001 198
2001 210
2001 220
2001 218
2001 215
2001 212
2001 210
2001 208
2001 207
2001 205
2001 208
2001 242
2001 225
2001 224
2001 224
2001 240
2001 270
2001 270
2001 265
2001 260
2001 255
2001 250
2001 235
2001 235
2001 230
2001 230
2001 228
2001 225
2001 222
2001 225
2001 235
2001 235
2001 235
2001 235
2001 235
2001 245
2001 252
2001 250
2001 260
2001 263
2001 265
2001 265
2001 255
2001 255
2001 265
2001 260
2001 260
2001 265
2001 270
2001 286
2001 275
2001 270
2001 270
2001 270
2001 277
2001 270
2001 280
2001 295
2001 285
2001 275
2001 270
2001 270
2001 260
2001 255
2001 255
2001 280
2001 276
2001 268
2001 260
2001 250
2001 248
2001 260
2001 260
2001 270
2001 275
2001 275
2001 275
2001 277
2001 273
2001 268
2001 265
2001 265
2001 265
2001 265
2001 265
2001 266
2001 265
2001 265
2001 265
2001 265
2001 260
2001 257
2001 258
2001 256
2001 255
2001 250
2001 250
2001 255
2001 250
2001 248
2001 245
2001 247
2001 255
2001 250
2001 235
2001 230
2001 225
2001 220
2001 210
2001 200
2001 195
2001 193
2001 188
2001 187
2001 184
2001 180
2001 175
2001 170
2001 160
2001 148
2001 142
2001 135
2001 130
2001 120
2001 110
2001 100
2001 90
2001 85
2001 80
2001 70
2001 65
2001 60
2001 50
2001 47
2001 45
2001 42
2001 40
2001 35
2001 30
2001 20
2001 17
2001 10
2001 0
2001 0
2001 0
2001 0
2001 0
2001 0
2001 0
2001 0
2001 0
2001 0
2001 0
2001 0
2001 0
2001 0
2001 0
2001 0
2001 0
2001 0
2001 0
2001 0
2001 0
2001 0
2001 0
2001 0
2001 0
2001 0
2001 0
2001 0
2001 0
2001 0
2001 0
2001 0
2001 0
2001 0
2001 0
2001 0
2001 0
2001 0
2001 0
2001 0
2001 0
2001 0
2001 0
2001 0
2001 0
2001 0
2001 0
2001 0
2001 0
2001 0
2001 0
2001 0
2001 0
2001 0
2001 0
2001 0
2001 0
2001 0
2001 0
2001 0
2001 0
2001 0
2001 0
2001 0
2001 0
2001 0
2001 0
2001 0
2001 0
2001 0
2001 0
2001 0
2001 0
2001 0
2001 0
2001 0
2001 0
2001 0
2002 0
2002 0
2002 0
2002 0
2002 0
2002 0
2002 0
2002 0
2002 2
2002 0
2002 0
2002 0
2002 0
2002 0
2002 0
2002 0
2002 3
2002 0
2002 8
2002 3
2002 0
2002 0
2002 0
2002 0
2002 0
2002 0
2002 0
2002 0
2002 0
2002 0
2002 0
2002 0
2002 0
2002 0
2002 0
2002 0
2002 0
2002 0
2002 0
2002 0
2002 0
2002 0
2002 0
2002 0
2002 0
2002 0
2002 0
2002 0
2002 0
2002 0
2002 0
2002 0
2002 0
2002 0
2002 0
2002 0
2002 0
2002 0
2002 0
2002 0
2002 0
2002 0
2002 0
2002 0
2002 0
2002 0
2002 0
2002 0
2002 2
2002 4
2002 3
2002 2
2002 0
2002 0
2002 0
2002 0
2002 0
2002 0
2002 0
2002 0
2002 0
2002 0
2002 0
2002 5
2002 8
2002 8
2002 7
2002 6
2002 10
2002 10
2002 13
2002 11
2002 9
2002 6
2002 5
2002 5
2002 7
2002 7
2002 7
2002 5
2002 5
2002 4
2002 4
2002 4
2002 8
2002 8
2002 7
2002 6
2002 5
2002 5
2002 4
2002 4
2002 4
2002 7
2002 6
2002 6
2002 7
2002 9
2002 9
2002 17
2002 45
2002 45
2002 40
2002 40
2002 36
2002 34
2002 32
2002 30
2002 28
2002 26
2002 26
2002 26
2002 26
2002 25
2002 25
2002 24
2002 24
2002 24
2002 24
2002 24
2002 24
2002 23
2002 23
2002 22
2002 22
2002 31
2002 33
2002 30
2002 29
2002 31
2002 30
2002 25
2002 22
2002 22
2002 22
2002 22
2002 21
2002 20
2002 31
2002 56
2002 53
2002 50
2002 61
2002 63
2002 61
2002 60
2002 60
2002 95
2002 116
2002 124
2002 113
2002 110
2002 110
2002 125
2002 123
2002 123
2002 135
2002 140
2002 136
2002 139
2002 143
2002 137
2002 142
2002 152
2002 149
2002 145
2002 145
2002 145
2002 140
2002 134
2002 129
2002 126
2002 120
2002 115
2002 110
2002 110
2002 108
2002 106
2002 103
2002 112
2002 134
2002 127
2002 139
2002 165
2002 160
2002 158
2002 158
2002 155
2002 153
2002 148
2002 145
2002 141
2002 138
2002 134
2002 130
2002 120
2002 117
2002 114
2002 108
2002 108
2002 116
2002 118
2002 124
2002 131
2002 135
2002 140
2002 138
2002 134
2002 130
2002 126
2002 124
2002 122
2002 120
2002 118
2002 115
2002 110
2002 105
2002 100
2002 98
2002 96
2002 96
2002 95
2002 93
2002 107
2002 198
2002 247
2002 243
2002 248
2002 244
2002 235
2002 224
2002 218
2002 210
2002 200
2002 190
2002 180
2002 170
2002 160
2002 150
2002 140
2002 130
2002 120
2002 110
2002 100
2002 95
2002 105
2002 95
2002 90
2002 100
2002 130
2002 120
2002 110
2002 100
2002 90
2002 80
2002 70
2002 65
2002 60
2002 50
2002 46
2002 43
2002 40
2002 35
2002 25
2002 12
2002 0
2002 0
2002 0
2002 0
2002 0
2002 0
2002 0
2002 0
2002 0
2002 0
2002 0
2002 0
2002 0
2002 0
2002 0
2002 0
2002 0
2002 0
2002 0
2002 0
2002 0
2002 0
2002 0
2002 0
2002 0
2002 0
2002 0
2002 0
2002 0
2002 0
2002 0
2002 0
2002 0
2002 0
2002 0
2002 0
2002 0
2002 0
2002 0
2002 0
2002 0
2002 0
2002 0
2002 0
2002 0
2002 0
2002 0
2002 0
2002 0
2002 0
2002 0
2002 0
2002 0
2002 0
2002 0
2002 0
2002 0
2002 0
2002 0
2002 0
2002 0
2002 0
2002 0
2002 0
2002 0
2002 0
2002 0
2002 0
2002 0
2002 0
2002 0
2002 0
2002 0
2002 0
2002 0
2002 0
2002 0
2002 0
2002 0
2002 0
2003 0
2003 0
2003 0
2003 0
2003 0
2003 0
2003 0
2003 0
2003 0
2003 0
2003 0
2003 0
2003 0
2003 0
2003 0
2003 0
2003 0
2003 0
2003 0
2003 0
2003 0
2003 0
2003 0
2003 0
2003 0
2003 0
2003 0
2003 0
2003 0
2003 0
2003 0
2003 0
2003 0
2003 0
2003 0
2003 0
2003 0
2003 0
2003 0
2003 0
2003 0
2003 0
2003 0
2003 0
2003 0
2003 0
2003 0
2003 3
2003 3
2003 3
2003 11
2003 10
2003 6
2003 5
2003 6
2003 14
2003 10
2003 8
2003 7
2003 6
2003 5
2003 4
2003 3
2003 2
2003 12
2003 15
2003 14
2003 12
2003 17
2003 16
2003 32
2003 35
2003 33
2003 32
2003 38
2003 100
2003 145
2003 170
2003 158
2003 178
2003 162
2003 160
2003 185
2003 180
2003 186
2003 218
2003 263
2003 265
2003 250
2003 228
2003 215
2003 210
2003 208
2003 202
2003 198
2003 196
2003 193
2003 190
2003 185
2003 180
2003 182
2003 180
2003 180
2003 183
2003 180
2003 180
2003 180
2003 190
2003 190
2003 189
2003 188
2003 188
2003 188
2003 200
2003 198
2003 196
2003 195
2003 195
2003 208
2003 218
2003 215
2003 213
2003 210
2003 208
2003 225
2003 230
2003 225
2003 222
2003 220
2003 220
2003 220
2003 218
2003 218
2003 217
2003 215
2003 212
2003 202
2003 202
2003 202
2003 201
2003 200
2003 200
2003 200
2003 225
2003 218
2003 220
2003 221
2003 217
2003 213
2003 210
2003 214
2003 230
2003 230
2003 226
2003 220
2003 218
2003 255
2003 260
2003 280
2003 275
2003 270
2003 264
2003 255
2003 250
2003 245
2003 243
2003 241
2003 240
2003 242
2003 257
2003 250
2003 247
2003 245
2003 240
2003 238
2003 238
2003 236
2003 236
2003 234
2003 232
2003 230
2003 225
2003 225
2003 233
2003 228
2003 225
2003 225
2003 224
2003 223
2003 222
2003 220
2003 215
2003 212
2003 208
2003 208
2003 207
2003 207
2003 206
2003 205
2003 203
2003 200
2003 200
2003 198
2003 198
2003 197
2003 196
2003 196
2003 195
2003 193
2003 193
2003 193
2003 190
2003 190
2003 193
2003 193
2003 193
2003 193
2003 191
2003 190
2003 190
2003 191
2003 210
2003 215
2003 212
2003 210
2003 206
2003 203
2003 200
2003 198
2003 196
2003 194
2003 198
2003 198
2003 195
2003 192
2003 190
2003 187
2003 184
2003 190
2003 185
2003 182
2003 178
2003 170
2003 165
2003 160
2003 155
2003 153
2003 150
2003 145
2003 138
2003 130
2003 124
2003 120
2003 116
2003 110
2003 100
2003 99
2003 98
2003 96
2003 94
2003 92
2003 90
2003 87
2003 84
2003 80
2003 76
2003 70
2003 62
2003 58
2003 52
2003 46
2003 40
2003 30
2003 20
2003 10
2003 0
2003 0
2003 0
2003 0
2003 0
2003 0
2003 0
2003 0
2003 0
2003 0
2003 0
2003 0
2003 0
2003 0
2003 0
2003 0
2003 0
2003 0
2003 0
2003 0
2003 0
2003 0
2003 0
2003 0
2003 0
2003 0
2003 0
2003 0
2003 0
2003 0
2003 0
2003 0
2003 0
2003 0
2003 0
2003 0
2003 0
2003 0
2003 0
2003 0
2003 0
2003 0
2003 0
2003 0
2003 0
2003 0
2003 0
2003 0
2003 0
2003 0
2003 0
2003 0
2003 0
2003 0
2003 0
2003 0
2003 0
2003 0
2003 0
2003 0
2003 0
2003 0
2003 0
2003 0
2003 0
2003 0
2003 0
2003 0
2003 0
2003 0
2003 0
2003 0
2003 0
2003 0
2003 0
2003 0
2003 0
2003 0
2003 0
2003 0
2003 0
2003 0
2003 0
2003 0
2003 0
2003 0
2003 0
2003 0
2003 0
2003 0
2004 0
2004 0
2004 0
2004 0
2004 0
2004 0
2004 0
2004 0
2004 0
2004 0
2004 0
2004 0
2004 0
2004 0
2004 0
2004 0
2004 0
2004 0
2004 0
2004 0
2004 0
2004 0
2004 0
2004 0
2004 0
2004 0
2004 0
2004 0
2004 0
2004 0
2004 0
2004 0
2004 0
2004 0
2004 0
2004 0
2004 0
2004 28
2004 15
2004 0
2004 0
2004 0
2004 0
2004 0
2004 0
2004 0
2004 0
2004 0
2004 0
2004 3
2004 12
2004 5
2004 4
2004 6
2004 5
2004 3
2004 3
2004 3
2004 2
2004 10
2004 15
2004 62
2004 64
2004 60
2004 58
2004 55
2004 50
2004 60
2004 86
2004 100
2004 90
2004 83
2004 75
2004 75
2004 73
2004 70
2004 68
2004 73
2004 70
2004 67
2004 65
2004 63
2004 65
2004 68
2004 72
2004 85
2004 86
2004 90
2004 125
2004 120
2004 120
2004 122
2004 132
2004 160
2004 160
2004 155
2004 150
2004 145
2004 142
2004 140
2004 139
2004 142
2004 140
2004 137
2004 133
2004 150
2004 155
2004 150
2004 148
2004 146
2004 143
2004 146
2004 160
2004 165
2004 160
2004 155
2004 151
2004 150
2004 156
2004 195
2004 203
2004 215
2004 210
2004 210
2004 205
2004 200
2004 196
2004 194
2004 190
2004 185
2004 191
2004 219
2004 220
2004 238
2004 275
2004 310
2004 306
2004 295
2004 295
2004 283
2004 275
2004 275
2004 285
2004 280
2004 275
2004 271
2004 273
2004 270
2004 272
2004 275
2004 272
2004 270
2004 266
2004 260
2004 255
2004 252
2004 247
2004 243
2004 238
2004 230
2004 226
2004 222
2004 218
2004 216
2004 233
2004 227
2004 218
2004 212
2004 208
2004 204
2004 200
2004 198
2004 253
2004 280
2004 285
2004 291
2004 290
2004 287
2004 283
2004 280
2004 277
2004 275
2004 270
2004 268
2004 265
2004 261
2004 257
2004 260
2004 260
2004 259
2004 257
2004 258
2004 292
2004 300
2004 290
2004 285
2004 279
2004 270
2004 267
2004 260
2004 254
2004 245
2004 235
2004 230
2004 226
2004 222
2004 218
2004 210
2004 206
2004 200
2004 198
2004 195
2004 193
2004 190
2004 188
2004 198
2004 194
2004 190
2004 186
2004 190
2004 190
2004 204
2004 209
2004 218
2004 215
2004 210
2004 205
2004 200
2004 215
2004 213
2004 210
2004 222
2004 242
2004 240
2004 235
2004 230
2004 225
2004 220
2004 215
2004 210
2004 205
2004 200
2004 217
2004 215
2004 210
2004 205
2004 210
2004 205
2004 235
2004 233
2004 231
2004 229
2004 227
2004 222
2004 217
2004 212
2004 207
2004 205
2004 203
2004 200
2004 198
2004 195
2004 190
2004 180
2004 175
2004 170
2004 165
2004 162
2004 158
2004 155
2004 150
2004 145
2004 138
2004 133
2004 127
2004 120
2004 115
2004 110
2004 105
2004 100
2004 95
2004 87
2004 78
2004 70
2004 60
2004 55
2004 45
2004 40
2004 35
2004 30
2004 20
2004 12
2004 5
2004 0
2004 0
2004 0
2004 0
2004 0
2004 0
2004 0
2004 0
2004 0
2004 0
2004 0
2004 0
2004 0
2004 0
2004 0
2004 0
2004 0
2004 0
2004 0
2004 0
2004 0
2004 0
2004 0
2004 0
2004 0
2004 0
2004 0
2004 0
2004 0
2004 0
2004 0
2004 0
2004 0
2004 0
2004 0
2004 0
2004 0
2004 0
2004 0
2004 0
2004 0
2004 0
2004 0
2004 0
2004 0
2004 0
2004 0
2004 0
2004 0
2004 0
2004 0
2004 0
2004 0
2004 0
2004 0
2004 0
2004 0
2004 0
2004 0
2004 0
2004 0
2004 0
2004 0
2004 0
2004 0
2004 0
2004 0
2004 0
2004 0
2004 0
2004 0
2004 0
2004 0
2005 0
2005 0
2005 0
2005 0
2005 0
2005 0
2005 0
2005 0
2005 0
2005 0
2005 0
2005 0
2005 0
2005 0
2005 0
2005 0
2005 0
2005 0
2005 0
2005 0
2005 0
2005 0
2005 0
2005 0
2005 0
2005 0
2005 0
2005 0
2005 0
2005 0
2005 0
2005 0
2005 0
2005 0
2005 0
2005 0
2005 0
2005 0
2005 0
2005 0
2005 0
2005 0
2005 0
2005 0
2005 0
2005 20
2005 18
2005 16
2005 15
2005 10
2005 6
2005 5
2005 0
2005 0
2005 0
2005 0
2005 0
2005 0
2005 0
2005 0
2005 0
2005 8
2005 4
2005 0
2005 0
2005 0
2005 0
2005 0
2005 3
2005 2
2005 2
2005 5
2005 18
2005 15
2005 13
2005 10
2005 8
2005 5
2005 4
2005 10
2005 16
2005 20
2005 18
2005 15
2005 13
2005 11
2005 9
2005 8
2005 7
2005 8
2005 32
2005 55
2005 56
2005 55
2005 53
2005 50
2005 47
2005 45
2005 44
2005 42
2005 40
2005 38
2005 35
2005 34
2005 32
2005 31
2005 30
2005 30
2005 52
2005 70
2005 76
2005 75
2005 74
2005 73
2005 70
2005 68
2005 108
2005 125
2005 120
2005 115
2005 114
2005 112
2005 108
2005 105
2005 105
2005 103
2005 100
2005 97
2005 94
2005 90
2005 87
2005 84
2005 81
2005 79
2005 77
2005 74
2005 70
2005 68
2005 65
2005 63
2005 63
2005 62
2005 72
2005 102
2005 115
2005 120
2005 125
2005 120
2005 118
2005 116
2005 114
2005 112
2005 110
2005 130
2005 130
2005 128
2005 126
2005 123
2005 120
2005 117
2005 114
2005 111
2005 108
2005 105
2005 115
2005 125
2005 140
2005 140
2005 139
2005 137
2005 136
2005 132
2005 130
2005 127
2005 125
2005 122
2005 120
2005 123
2005 121
2005 120
2005 119
2005 115
2005 113
2005 111
2005 110
2005 108
2005 106
2005 104
2005 102
2005 100
2005 98
2005 96
2005 95
2005 98
2005 96
2005 94
2005 92
2005 89
2005 86
2005 83
2005 80
2005 75
2005 70
2005 68
2005 64
2005 66
2005 63
2005 73
2005 70
2005 68
2005 68
2005 66
2005 65
2005 63
2005 61
2005 59
2005 57
2005 55
2005 54
2005 65
2005 95
2005 95
2005 93
2005 91
2005 88
2005 86
2005 90
2005 108
2005 146
2005 135
2005 120
2005 110
2005 108
2005 107
2005 105
2005 105
2005 108
2005 110
2005 106
2005 103
2005 98
2005 92
2005 88
2005 80
2005 70
2005 65
2005 62
2005 58
2005 55
2005 53
2005 50
2005 47
2005 44
2005 41
2005 38
2005 34
2005 30
2005 25
2005 50
2005 45
2005 40
2005 35
2005 30
2005 25
2005 20
2005 15
2005 10
2005 5
2005 0
2005 0
2005 0
2005 0
2005 0
2005 0
2005 0
2005 0
2005 0
2005 0
2005 0
2005 0
2005 0
2005 0
2005 0
2005 0
2005 0
2005 0
2005 0
2005 0
2005 0
2005 0
2005 0
2005 0
2005 0
2005 0
2005 0
2005 0
2005 0
2005 0
2005 0
2005 0
2005 0
2005 0
2005 0
2005 0
2005 0
2005 0
2005 0
2005 0
2005 0
2005 0
2005 0
2005 0
2005 0
2005 0
2005 0
2005 0
2005 0
2005 0
2005 0
2005 0
2005 0
2005 0
2005 0
2005 0
2005 0
2005 0
2005 0
2005 0
2005 0
2005 0
2005 0
2005 0
2005 0
2005 0
2005 0
2005 0
2005 0
2005 0
2005 0
2005 0
2005 0
2005 0
2005 0
2005 0
2005 0
2005 0
2005 0
2005 0
2005 0
2005 0
2005 0
2005 0
2005 0
2005 0
2005 0
2005 0
2005 0
2005 0
2005 0
2005 0
2005 0
2005 0
2005 0
2005 0
2005 0
2006 0
2006 0
2006 0
2006 0
2006 0
2006 0
2006 0
2006 0
2006 0
2006 0
2006 0
2006 0
2006 0
2006 0
2006 0
2006 0
2006 0
2006 0
2006 0
2006 0
2006 0
2006 0
2006 0
2006 0
2006 0
2006 0
2006 0
2006 0
2006 0
2006 0
2006 0
2006 0
2006 4
2006 5
2006 3
2006 2
2006 0
2006 0
2006 0
2006 0
2006 0
2006 0
2006 0
2006 0
2006 0
2006 0
2006 0
2006 0
2006 0
2006 0
2006 0
2006 0
2006 0
2006 0
2006 0
2006 0
2006 0
2006 0
2006 0
2006 0
2006 0
2006 0
2006 0
2006 0
2006 0
2006 0
2006 0
2006 0
2006 0
2006 0
2006 0
2006 0
2006 0
2006 0
2006 0
2006 0
2006 0
2006 0
2006 0
2006 0
2006 0
2006 0
2006 0
2006 0
2006 0
2006 3
2006 8
2006 7
2006 6
2006 8
2006 13
2006 12
2006 11
2006 45
2006 43
2006 45
2006 45
2006 46
2006 45
2006 48
2006 43
2006 41
2006 39
2006 40
2006 38
2006 37
2006 35
2006 60
2006 60
2006 58
2006 56
2006 54
2006 50
2006 47
2006 45
2006 43
2006 40
2006 40
2006 48
2006 46
2006 44
2006 60
2006 62
2006 60
2006 58
2006 55
2006 55
2006 55
2006 53
2006 51
2006 49
2006 47
2006 46
2006 45
2006 44
2006 43
2006 42
2006 41
2006 43
2006 52
2006 50
2006 48
2006 47
2006 47
2006 46
2006 46
2006 46
2006 44
2006 53
2006 122
2006 115
2006 110
2006 105
2006 100
2006 95
2006 90
2006 85
2006 83
2006 82
2006 80
2006 78
2006 85
2006 85
2006 82
2006 80
2006 78
2006 76
2006 74
2006 104
2006 114
2006 118
2006 128
2006 192
2006 195
2006 190
2006 200
2006 195
2006 210
2006 205
2006 200
2006 190
2006 180
2006 170
2006 178
2006 218
2006 238
2006 230
2006 220
2006 222
2006 260
2006 252
2006 245
2006 248
2006 240
2006 230
2006 220
2006 210
2006 200
2006 195
2006 190
2006 185
2006 180
2006 175
2006 170
2006 174
2006 182
2006 177
2006 167
2006 160
2006 172
2006 165
2006 170
2006 165
2006 160
2006 155
2006 150
2006 161
2006 165
2006 163
2006 155
2006 150
2006 155
2006 177
2006 175
2006 170
2006 174
2006 160
2006 166
2006 160
2006 155
2006 150
2006 140
2006 135
2006 130
2006 125
2006 120
2006 118
2006 116
2006 114
2006 112
2006 110
2006 100
2006 98
2006 95
2006 93
2006 90
2006 88
2006 86
2006 83
2006 80
2006 95
2006 90
2006 92
2006 85
2006 83
2006 83
2006 81
2006 78
2006 74
2006 70
2006 65
2006 60
2006 55
2006 50
2006 45
2006 42
2006 40
2006 35
2006 30
2006 20
2006 10
2006 5
2006 10
2006 5
2006 0
2006 0
2006 0
2006 0
2006 0
2006 0
2006 0
2006 0
2006 0
2006 0
2006 0
2006 0
2006 0
2006 0
2006 0
2006 0
2006 0
2006 0
2006 0
2006 0
2006 0
2006 0
2006 0
2006 0
2006 0
2006 0
2006 0
2006 0
2006 0
2006 0
2006 0
2006 0
2006 0
2006 0
2006 0
2006 0
2006 0
2006 0
2006 0
2006 0
2006 0
2006 0
2006 0
2006 0
2006 0
2006 0
2006 0
2006 0
2006 0
2006 0
2006 0
2006 0
2006 0
2006 0
2006 0
2006 0
2006 0
2006 0
2006 0
2006 0
2006 0
2006 0
2006 0
2006 0
2006 0
2006 0
2006 0
2006 0
2006 0
2006 0
2006 0
2006 0
2006 0
2006 0
2006 0
2006 0
2006 0
2006 0
2006 0
2006 0
2006 0
2006 0
2006 0
2006 0
2006 0
2006 0
2006 0
2006 0
2006 0
2006 0
2006 0
2007 0
2007 0
2007 0
2007 0
2007 0
2007 0
2007 0
2007 0
2007 0
2007 0
2007 0
2007 0
2007 0
2007 0
2007 0
2007 0
2007 0
2007 0
2007 0
2007 0
2007 0
2007 0
2007 0
2007 0
2007 0
2007 0
2007 0
2007 0
2007 0
2007 0
2007 0
2007 0
2007 0
2007 0
2007 0
2007 0
2007 0
2007 0
2007 0
2007 0
2007 0
2007 0
2007 0
2007 0
2007 0
2007 0
2007 0
2007 0
2007 0
2007 0
2007 0
2007 0
2007 0
2007 0
2007 0
2007 0
2007 0
2007 0
2007 0
2007 0
2007 0
2007 0
2007 0
2007 0
2007 0
2007 0
2007 0
2007 0
2007 0
2007 0
2007 0
2007 0
2007 0
2007 0
2007 0
2007 0
2007 0
2007 0
2007 18
2007 15
2007 20
2007 16
2007 24
2007 18
2007 15
2007 18
2007 15
2007 12
2007 10
2007 8
2007 7
2007 7
2007 6
2007 6
2007 10
2007 12
2007 15
2007 44
2007 45
2007 115
2007 110
2007 100
2007 98
2007 95
2007 93
2007 91
2007 90
2007 90
2007 90
2007 86
2007 84
2007 82
2007 80
2007 80
2007 78
2007 77
2007 76
2007 75
2007 74
2007 72
2007 70
2007 68
2007 71
2007 90
2007 120
2007 120
2007 118
2007 116
2007 113
2007 110
2007 115
2007 110
2007 105
2007 110
2007 105
2007 98
2007 95
2007 92
2007 89
2007 86
2007 96
2007 85
2007 80
2007 79
2007 95
2007 125
2007 122
2007 120
2007 118
2007 115
2007 112
2007 110
2007 108
2007 105
2007 103
2007 100
2007 98
2007 95
2007 90
2007 94
2007 94
2007 96
2007 95
2007 94
2007 104
2007 129
2007 125
2007 122
2007 120
2007 118
2007 116
2007 114
2007 112
2007 110
2007 108
2007 105
2007 100
2007 106
2007 116
2007 148
2007 166
2007 160
2007 190
2007 208
2007 213
2007 200
2007 190
2007 220
2007 232
2007 225
2007 220
2007 215
2007 210
2007 200
2007 190
2007 180
2007 170
2007 160
2007 150
2007 147
2007 145
2007 143
2007 140
2007 138
2007 136
2007 134
2007 132
2007 135
2007 138
2007 140
2007 138
2007 142
2007 140
2007 138
2007 136
2007 134
2007 132
2007 130
2007 128
2007 126
2007 124
2007 122
2007 120
2007 116
2007 112
2007 110
2007 106
2007 102
2007 100
2007 96
2007 90
2007 85
2007 80
2007 75
2007 70
2007 65
2007 60
2007 55
2007 50
2007 45
2007 40
2007 35
2007 25
2007 15
2007 12
2007 10
2007 13
2007 12
2007 10
2007 5
2007 0
2007 0
2007 0
2007 0
2007 0
2007 0
2007 14
2007 7
2007 12
2007 0
2007 0
2007 0
2007 0
2007 0
2007 0
2007 0
2007 0
2007 0
2007 0
2007 10
2007 8
2007 5
2007 2
2007 5
2007 4
2007 0
2007 0
2007 0
2007 0
2007 0
2007 0
2007 0
2007 0
2007 0
2007 0
2007 0
2007 0
2007 0
2007 0
2007 0
2007 0
2007 0
2007 0
2007 0
2007 0
2007 0
2007 0
2007 0
2007 0
2007 0
2007 0
2007 0
2007 0
2007 0
2007 0
2007 0
2007 0
2007 0
2007 0
2007 0
2007 0
2007 0
2007 0
2007 0
2007 0
2007 0
2007 0
2007 0
2007 0
2007 0
2007 0
2007 0
2007 0
2007 0
2007 0
2007 0
2007 0
2007 0
2007 0
2007 0
2007 0
2007 0
2007 0
2007 0
2007 0
2007 0
2007 0
2007 0
2007 0
2007 0
2007 0
2007 0
2007 0
2007 0
2007 0
2007 0
2007 0
2007 0
2007 0
2007 0
2007 0
2007 0
2007 0
2007 0
2007 0
2007 0
2007 0
2007 0
2007 0
2007 0
2007 0
2007 0
2007 0
2007 0
2007 0
2008 0
2008 0
2008 0
2008 0
2008 0
2008 0
2008 0
2008 0
2008 0
2008 0
2008 0
2008 0
2008 0
2008 0
2008 0
2008 0
2008 0
2008 0
2008 0
2008 0
2008 0
2008 0
2008 0
2008 0
2008 0
2008 6
2008 5
2008 9
2008 5
2008 4
2008 3
2008 0
2008 0
2008 0
2008 0
2008 0
2008 0
2008 0
2008 0
2008 0
2008 0
2008 0
2008 0
2008 0
2008 0
2008 0
2008 0
2008 0
2008 0
2008 0
2008 0
2008 0
2008 0
2008 0
2008 0
2008 0
2008 5
2008 2
2008 0
2008 0
2008 0
2008 0
2008 0
2008 0
2008 0
2008 0
2008 0
2008 0
2008 2
2008 5
2008 18
2008 38
2008 35
2008 33
2008 48
2008 55
2008 50
2008 47
2008 42
2008 37
2008 32
2008 28
2008 38
2008 63
2008 96
2008 90
2008 85
2008 80
2008 76
2008 72
2008 68
2008 64
2008 60
2008 90
2008 125
2008 135
2008 130
2008 128
2008 135
2008 152
2008 160
2008 168
2008 170
2008 165
2008 155
2008 145
2008 135
2008 130
2008 130
2008 120
2008 115
2008 110
2008 100
2008 100
2008 95
2008 90
2008 85
2008 80
2008 79
2008 78
2008 77
2008 75
2008 74
2008 73
2008 73
2008 95
2008 113
2008 153
2008 160
2008 155
2008 145
2008 142
2008 140
2008 160
2008 220
2008 210
2008 205
2008 215
2008 230
2008 235
2008 225
2008 215
2008 205
2008 195
2008 190
2008 180
2008 170
2008 160
2008 155
2008 150
2008 145
2008 140
2008 139
2008 140
2008 150
2008 140
2008 148
2008 170
2008 160
2008 168
2008 162
2008 158
2008 155
2008 151
2008 147
2008 143
2008 140
2008 137
2008 135
2008 133
2008 131
2008 129
2008 128
2008 133
2008 132
2008 130
2008 128
2008 125
2008 123
2008 121
2008 119
2008 117
2008 122
2008 137
2008 136
2008 136
2008 136
2008 135
2008 134
2008 132
2008 131
2008 133
2008 193
2008 210
2008 220
2008 208
2008 200
2008 210
2008 205
2008 200
2008 198
2008 195
2008 200
2008 238
2008 232
2008 225
2008 235
2008 225
2008 215
2008 210
2008 200
2008 190
2008 193
2008 193
2008 185
2008 210
2008 225
2008 210
2008 203
2008 215
2008 208
2008 200
2008 203
2008 208
2008 220
2008 210
2008 215
2008 245
2008 240
2008 245
2008 250
2008 260
2008 250
2008 260
2008 265
2008 255
2008 245
2008 235
2008 225
2008 215
2008 205
2008 210
2008 200
2008 210
2008 200
2008 190
2008 180
2008 175
2008 160
2008 155
2008 150
2008 145
2008 140
2008 135
2008 130
2008 125
2008 120
2008 115
2008 110
2008 100
2008 95
2008 90
2008 88
2008 85
2008 83
2008 80
2008 75
2008 73
2008 70
2008 67
2008 62
2008 58
2008 54
2008 50
2008 45
2008 40
2008 35
2008 30
2008 25
2008 20
2008 15
2008 10
2008 5
2008 0
2008 0
2008 0
2008 0
2008 0
2008 0
2008 0
2008 0
2008 0
2008 0
2008 0
2008 0
2008 0
2008 0
2008 0
2008 0
2008 0
2008 0
2008 0
2008 0
2008 0
2008 0
2008 0
2008 0
2008 0
2008 0
2008 0
2008 0
2008 0
2008 0
2008 0
2008 0
2008 0
2008 0
2008 0
2008 0
2008 0
2008 0
2008 0
2008 0
2008 0
2008 0
2008 0
2008 0
2008 0
2008 0
2008 0
2008 0
2008 0
2008 0
2008 0
2008 0
2008 0
2008 0
2008 0
2008 0
2008 0
2008 0
2008 0
2008 0
2008 0
2008 0
2008 0
2008 0
2008 0
2008 0
2008 0
2008 0
2008 0
2008 0
2008 0
2008 0
2008 0
2008 0
2008 0
2008 0
2008 0
2008 0
2008 0
2008 0
2008 0
2008 0
2008 0
2009 0
2009 0
2009 0
2009 0
2009 0
2009 0
2009 0
2009 0
2009 0
2009 0
2009 0
2009 0
2009 0
2009 0
2009 0
2009 0
2009 0
2009 0
2009 0
2009 0
2009 0
2009 0
2009 0
2009 0
2009 0
2009 0
2009 0
2009 0
2009 0
2009 0
2009 0
2009 0
2009 0
2009 0
2009 0
2009 0
2009 0
2009 0
2009 0
2009 0
2009 0
2009 0
2009 0
2009 0
2009 0
2009 0
2009 0
2009 0
2009 0
2009 0
2009 0
2009 0
2009 0
2009 0
2009 0
2009 0
2009 0
2009 0
2009 15
2009 40
2009 65
2009 83
2009 63
2009 73
2009 85
2009 110
2009 130
2009 135
2009 120
2009 110
2009 105
2009 100
2009 105
2009 105
2009 105
2009 105
2009 105
2009 100
2009 95
2009 93
2009 90
2009 95
2009 115
2009 125
2009 135
2009 130
2009 125
2009 125
2009 126
2009 150
2009 170
2009 190
2009 185
2009 185
2009 180
2009 190
2009 200
2009 200
2009 190
2009 180
2009 200
2009 220
2009 240
2009 245
2009 260
2009 310
2009 330
2009 310
2009 300
2009 270
2009 250
2009 240
2009 230
2009 220
2009 215
2009 210
2009 210
2009 200
2009 195
2009 210
2009 215
2009 215
2009 225
2009 215
2009 200
2009 200
2009 195
2009 195
2009 200
2009 205
2009 210
2009 205
2009 200
2009 200
2009 190
2009 190
2009 190
2009 190
2009 190
2009 190
2009 205
2009 225
2009 240
2009 230
2009 220
2009 260
2009 230
2009 230
2009 230
2009 225
2009 220
2009 210
2009 200
2009 195
2009 210
2009 230
2009 220
2009 220
2009 260
2009 315
2009 320
2009 320
2009 325
2009 330
2009 310
2009 290
2009 285
2009 280
2009 280
2009 280
2009 275
2009 275
2009 270
2009 270
2009 270
2009 270
2009 265
2009 265
2009 265
2009 265
2009 260
2009 260
2009 260
2009 270
2009 275
2009 320
2009 320
2009 300
2009 290
2009 285
2009 295
2009 320
2009 310
2009 305
2009 305
2009 300
2009 290
2009 285
2009 285
2009 280
2009 280
2009 275
2009 270
2009 270
2009 280
2009 290
2009 300
2009 310
2009 320
2009 335
2009 320
2009 310
2009 302
2009 290
2009 300
2009 290
2009 280
2009 270
2009 270
2009 265
2009 263
2009 260
2009 265
2009 265
2009 260
2009 255
2009 250
2009 255
2009 300
2009 295
2009 285
2009 280
2009 275
2009 270
2009 265
2009 265
2009 277
2009 266
2009 280
2009 375
2009 385
2009 380
2009 370
2009 355
2009 335
2009 318
2009 310
2009 300
2009 290
2009 280
2009 280
2009 275
2009 270
2009 263
2009 258
2009 248
2009 245
2009 244
2009 242
2009 241
2009 237
2009 230
2009 220
2009 210
2009 205
2009 190
2009 180
2009 170
2009 165
2009 155
2009 145
2009 140
2009 135
2009 130
2009 125
2009 115
2009 110
2009 100
2009 95
2009 85
2009 75
2009 70
2009 60
2009 55
2009 50
2009 48
2009 45
2009 40
2009 37
2009 30
2009 20
2009 15
2009 0
2009 0
2009 0
2009 0
2009 0
2009 0
2009 0
2009 0
2009 0
2009 0
2009 0
2009 0
2009 0
2009 0
2009 0
2009 0
2009 0
2009 0
2009 0
2009 0
2009 0
2009 0
2009 0
2009 0
2009 0
2009 0
2009 0
2009 0
2009 0
2009 0
2009 0
2009 0
2009 0
2009 0
2009 0
2009 0
2009 0
2009 0
2009 0
2009 0
2009 0
2009 0
2009 0
2009 0
2009 0
2009 0
2009 0
2009 0
2009 0
2009 0
2009 0
2009 0
2009 0
2009 0
2009 0
2009 0
2009 0
2009 0
2009 0
2009 0
2009 0
2009 0
2009 0
2009 0
2009 0
2009 0
2009 0
2009 0
2009 0
2009 0
2009 0
2009 0
2009 0
2010 0
2010 0
2010 0
2010 0
2010 0
2010 0
2010 0
2010 0
2010 0
2010 0
2010 0
2010 0
2010 0
2010 0
2010 0
2010 0
2010 0
2010 0
2010 0
2010 0
2010 0
2010 0
2010 0
2010 0
2010 0
2010 0
2010 0
2010 0
2010 0
2010 0
2010 0
2010 0
2010 0
2010 0
2010 0
2010 0
2010 0
2010 0
2010 0
2010 0
2010 0
2010 0
2010 0
2010 0
2010 0
2010 0
2010 0
2010 0
2010 0
2010 0
2010 0
2010 0
2010 0
2010 0
2010 0
2010 0
2010 0
2010 0
2010 0
2010 0
2010 0
2010 0
2010 0
2010 20
2010 18
2010 16
2010 13
2010 11
2010 17
2010 14
2010 12
2010 10
2010 9
2010 8
2010 8
2010 10
2010 14
2010 10
2010 8
2010 7
2010 6
2010 5
2010 5
2010 5
2010 17
2010 16
2010 15
2010 14
2010 13
2010 13
2010 83
2010 140
2010 130
2010 120
2010 124
2010 118
2010 112
2010 110
2010 115
2010 110
2010 105
2010 100
2010 110
2010 102
2010 110
2010 100
2010 90
2010 90
2010 85
2010 85
2010 83
2010 85
2010 100
2010 115
2010 120
2010 140
2010 135
2010 135
2010 135
2010 132
2010 137
2010 140
2010 137
2010 130
2010 130
2010 128
2010 130
2010 125
2010 124
2010 140
2010 155
2010 170
2010 165
2010 160
2010 160
2010 150
2010 145
2010 140
2010 137
2010 135
2010 132
2010 130
2010 128
2010 125
2010 120
2010 117
2010 114
2010 110
2010 108
2010 110
2010 110
2010 128
2010 126
2010 125
2010 129
2010 127
2010 128
2010 135
2010 148
2010 140
2010 135
2010 130
2010 128
2010 125
2010 124
2010 123
2010 123
2010 122
2010 125
2010 130
2010 135
2010 140
2010 150
2010 145
2010 160
2010 165
2010 163
2010 162
2010 180
2010 170
2010 172
2010 170
2010 160
2010 155
2010 160
2010 158
2010 165
2010 163
2010 160
2010 155
2010 160
2010 165
2010 160
2010 157
2010 155
2010 150
2010 147
2010 145
2010 143
2010 140
2010 138
2010 142
2010 140
2010 138
2010 136
2010 140
2010 155
2010 180
2010 190
2010 185
2010 190
2010 210
2010 215
2010 220
2010 210
2010 220
2010 215
2010 205
2010 200
2010 190
2010 180
2010 175
2010 172
2010 175
2010 177
2010 170
2010 165
2010 160
2010 155
2010 150
2010 148
2010 145
2010 140
2010 138
2010 136
2010 133
2010 130
2010 125
2010 120
2010 118
2010 115
2010 113
2010 110
2010 105
2010 125
2010 135
2010 145
2010 165
2010 167
2010 162
2010 150
2010 155
2010 160
2010 154
2010 156
2010 165
2010 165
2010 160
2010 155
2010 147
2010 145
2010 140
2010 137
2010 128
2010 125
2010 120
2010 115
2010 100
2010 90
2010 85
2010 83
2010 80
2010 75
2010 70
2010 68
2010 62
2010 50
2010 50
2010 45
2010 35
2010 25
2010 15
2010 0
2010 0
2010 0
2010 0
2010 0
2010 0
2010 0
2010 0
2010 0
2010 0
2010 0
2010 0
2010 0
2010 0
2010 0
2010 0
2010 0
2010 0
2010 0
2010 0
2010 0
2010 0
2010 0
2010 0
2010 0
2010 0
2010 0
2010 0
2010 0
2010 0
2010 0
2010 0
2010 0
2010 0
2010 0
2010 0
2010 0
2010 0
2010 0
2010 0
2010 0
2010 0
2010 0
2010 0
2010 0
2010 0
2010 0
2010 0
2010 0
2010 0
2010 0
2010 0
2010 0
2010 0
2010 0
2010 0
2010 0
2010 0
2010 0
2010 0
2010 0
2010 0
2010 0
2010 0
2010 0
2010 0
2010 0
2010 0
2010 0
2010 0
2010 0
2010 0
2010 0
2010 0
2010 0
2010 0
2010 0
2010 0
2010 0
2010 0
2010 0
2010 0
2010 0
2011 0
2011 0
2011 0
2011 0
2011 0
2011 0
2011 0
2011 0
2011 0
2011 0
2011 0
2011 0
2011 0
2011 0
2011 0
2011 0
2011 0
2011 0
2011 0
2011 0
2011 0
2011 0
2011 0
2011 0
2011 2
2011 0
2011 0
2011 0
2011 0
2011 0
2011 0
2011 0
2011 0
2011 0
2011 0
2011 0
2011 0
2011 0
2011 0
2011 0
2011 0
2011 0
2011 0
2011 0
2011 0
2011 0
2011 0
2011 0
2011 0
2011 4
2011 5
2011 0
2011 3
2011 2
2011 5
2011 2
2011 2
2011 0
2011 0
2011 0
2011 20
2011 70
2011 50
2011 45
2011 40
2011 35
2011 30
2011 25
2011 55
2011 60
2011 65
2011 70
2011 80
2011 60
2011 55
2011 53
2011 100
2011 85
2011 80
2011 84
2011 85
2011 100
2011 120
2011 115
2011 112
2011 110
2011 108
2011 105
2011 105
2011 105
2011 100
2011 120
2011 130
2011 125
2011 120
2011 116
2011 127
2011 123
2011 117
2011 115
2011 113
2011 112
2011 110
2011 110
2011 110
2011 105
2011 103
2011 110
2011 120
2011 120
2011 125
2011 120
2011 127
2011 163
2011 185
2011 160
2011 130
2011 125
2011 120
2011 120
2011 120
2011 117
2011 115
2011 110
2011 110
2011 110
2011 110
2011 110
2011 115
2011 123
2011 130
2011 135
2011 130
2011 128
2011 135
2011 125
2011 123
2011 120
2011 115
2011 115
2011 115
2011 115
2011 115
2011 115
2011 115
2011 115
2011 115
2011 120
2011 120
2011 123
2011 120
2011 120
2011 120
2011 120
2011 120
2011 120
2011 120
2011 120
2011 120
2011 118
2011 118
2011 118
2011 118
2011 117
2011 117
2011 116
2011 116
2011 118
2011 136
2011 155
2011 150
2011 145
2011 143
2011 146
2011 146
2011 145
2011 145
2011 145
2011 143
2011 140
2011 138
2011 138
2011 135
2011 134
2011 154
2011 150
2011 150
2011 147
2011 145
2011 145
2011 143
2011 140
2011 140
2011 145
2011 160
2011 157
2011 170
2011 190
2011 185
2011 185
2011 183
2011 180
2011 175
2011 172
2011 170
2011 168
2011 166
2011 164
2011 162
2011 160
2011 157.5
2011 155
2011 152
2011 150
2011 147
2011 145
2011 142
2011 140
2011 133
2011 125
2011 121
2011 120
2011 117
2011 115
2011 114
2011 112
2011 111
2011 108
2011 104
2011 100
2011 98
2011 95
2011 93
2011 90
2011 88
2011 86
2011 83
2011 80
2011 75
2011 79
2011 80
2011 80
2011 78
2011 75
2011 72
2011 70
2011 68
2011 64
2011 62
2011 60
2011 55
2011 46
2011 40
2011 35
2011 30
2011 25
2011 20
2011 15
2011 10
2011 5
2011 0
2011 0
2011 0
2011 0
2011 0
2011 0
2011 0
2011 0
2011 0
2011 0
2011 0
2011 0
2011 0
2011 3
2011 0
2011 0
2011 0
2011 0
2011 0
2011 0
2011 0
2011 0
2011 0
2011 0
2011 0
2011 0
2011 0
2011 0
2011 0
2011 0
2011 0
2011 0
2011 0
2011 0
2011 0
2011 0
2011 0
2011 0
2011 0
2011 0
2011 0
2011 0
2011 0
2011 0
2011 0
2011 0
2011 0
2011 0
2011 0
2011 0
2011 0
2011 0
2011 0
2011 0
2011 0
2011 0
2011 0
2011 0
2011 0
2011 0
2011 0
2011 0
2011 0
2011 0
2011 0
2011 0
2011 0
2011 0
2011 0
2011 0
2011 0
2011 0
2011 0
2011 0
2011 0
2011 0
2011 0
2011 0
2011 0
2011 0
2011 0
2011 0
2011 0
2011 0
2011 0
2011 0
2011 0
2011 0
2011 0
2011 0
2011 0
2011 0
2011 0
2011 0
2011 0
2011 0
2011 0
2011 0
2011 0
2011 0
2011 0
2011 0
2011 0
2011 0
2011 0
2015 0
2015 0
2015 0
2015 0
2015 0
2015 0
2015 0
2015 0
2015 0
2015 0
2015 0
2015 0
2015 0
2015 0
2015 0
2015 0
2015 0
2015 0
2015 0
2015 0
2015 0
2015 0
2015 0
2015 0
2015 0
2015 0
2015 0
2015 0
2015 0
2015 0
2015 0
2015 0
2015 0
2015 0
2015 0
2015 0
2015 0
2015 0
2015 0
2015 0
2015 0
2015 0
2015 0
2015 0
2015 0
2015 0
2015 0
2015 0
2015 0
2015 0
2015 0
2015 0
2015 0
2015 0
2015 0
2015 0
2015 0
2015 0
2015 0
2015 0
2015 0
2015 0
2015 0
2015 0
2015 10
2015 90
2015 112
2015 110
2015 105
2015 98
2015 110
2015 130
2015 170
2015 175
2015 180
2015 185
2015 190
2015 195
2015 200
2015 205
2015 197.5
2015 190
2015 187
2015 182
2015 173
2015 168
2015 160
2015 150
2015 143
2015 140
2015 135
2015 140
2015 138
2015 138
2015 137
2015 137
2015 136
2015 135
2015 135
2015 134
2015 134
2015 134
2015 133
2015 133
2015 131
2015 130
2015 137
2015 138
2015 151
2015 153
2015 149
2015 143
2015 138
2015 135
2015 134
2015 134
2015 133
2015 137
2015 150
2015 145
2015 141
2015 139
2015 138
2015 133
2015 128
2015 152
2015 155
2015 151
2015 150
2015 150
2015 145
2015 145
2015 144
2015 143
2015 140
2015 140
2015 144
2015 146
2015 198
2015 228
2015 218
2015 230
2015 228
2015 234
2015 240
2015 235
2015 230
2015 228
2015 229
2015 228
2015 230
2015 245
2015 248
2015 244
2015 252
2015 250
2015 248
2015 250
2015 248
2015 240
2015 240
2015 238
2015 234
2015 232
2015 228
2015 225
2015 220
2015 288
2015 336
2015 290
2015 278
2015 270
2015 268
2015 268
2015 293
2015 290
2015 286
2015 285
2015 282
2015 276
2015 270
2015 268
2015 271
2015 276
2015 274
2015 268
2015 265
2015 260
2015 258
2015 256
2015 252
2015 248
2015 242
2015 239
2015 235
2015 230
2015 245
2015 255
2015 255
2015 250
2015 245
2015 240
2015 245
2015 245
2015 240
2015 245
2015 257
2015 250
2015 248
2015 242
2015 280
2015 310
2015 300
2015 290
2015 305
2015 298
2015 290
2015 284
2015 278
2015 272
2015 268
2015 260
2015 253
2015 245
2015 240
2015 238
2015 235
2015 232
2015 230
2015 226
2015 222
2015 220
2015 215
2015 209
2015 204
2015 200
2015 198
2015 196
2015 198
2015 196
2015 195
2015 193
2015 205
2015 215
2015 212
2015 210
2015 208
2015 199
2015 190
2015 182
2015 175
2015 170
2015 160
2015 155
2015 149
2015 143
2015 139.8
2015 136.6
2015 133.4
2015 130.2
2015 127
2015 130
2015 135
2015 132
2015 130
2015 125
2015 120
2015 118
2015 117
2015 115
2015 113
2015 110
2015 108
2015 106
2015 95
2015 85
2015 74
2015 63
2015 50
2015 40
2015 27
2015 22
2015 16
2015 10
2015 3
2015 3
2015 0
2015 0
2015 0
2015 0
2015 0
2015 0
2015 0
2015 0
2015 0
2015 0
2015 0
2015 0
2015 0
2015 0
2015 0
2015 0
2015 0
2015 0
2015 0
2015 0
2015 0
2015 0
2015 0
2015 0
2015 0
2015 0
2015 0
2015 0
2015 0
2015 0
2015 0
2015 0
2015 0
2015 0
2015 0
2015 0
2015 0
2015 0
2015 0
2015 0
2015 0
2015 0
2015 0
2015 0
2015 0
2015 0
2015 0
2015 0
2015 0
2015 0
2015 0
2015 0
2015 0
2015 0
2015 0
2015 0
2015 0
2015 0
2015 0
2015 0
2015 0
2015 0
2015 0
2015 0
2015 0
2015 0
2015 0
2015 0
2015 0
2015 0
2015 0
2015 0
2015 0
2015 0
2015 0
2015 0
2015 0
2015 0
2015 0
2018 0
2018 0
2018 0
2018 0
2018 0
2018 0
2018 0
2018 0
2018 0
2018 0
2018 0
2018 0
2018 0
2018 0
2018 0
2018 0
2018 0
2018 0
2018 0
2018 0
2018 0
2018 0
2018 0
2018 0
2018 0
2018 0
2018 0
2018 0
2018 0
2018 0
2018 0
2018 0
2018 0
2018 0
2018 0
2018 0
2018 0
2018 0
2018 0
2018 0
2018 0
2018 0
2018 0
2018 0
2018 0
2018 0
2018 0
2018 0
2018 0
2018 0
2018 0
2018 0
2018 0
2018 0
2018 0
2018 0
2018 0
2018 0
2018 0
2018 0
2018 0
2018 0
2018 0
2018 0
2018 0
2018 7
2018 27
2018 27
2018 30
2018 32
2018 30
2018 27
2018 25
2018 25
2018 25
2018 25
2018 23
2018 23
2018 21
2018 26
2018 33
2018 32
2018 30
2018 30
2018 28
2018 28
2018 30
2018 30
2018 30
2018 32
2018 30
2018 30
2018 30
2018 30
2018 30
2018 29
2018 28
2018 27
2018 30
2018 32
2018 32
2018 50
2018 80
2018 83
2018 93
2018 136
2018 134
2018 142
2018 140
2018 145
2018 145
2018 143
2018 140
2018 138
2018 135
2018 133
2018 133.5
2018 134
2018 167
2018 149
2018 174
2018 186
2018 176
2018 179
2018 195
2018 230
2018 240
2018 220
2018 200
2018 200
2018 220
2018 230
2018 220
2018 220
2018 218
2018 215
2018 213
2018 214
2018 240
2018 260
2018 280
2018 290
2018 300
2018 340
2018 360
2018 330
2018 290
2018 280
2018 295
2018 287
2018 280
2018 265
2018 260
2018 260
2018 265
2018 260
2018 258
2018 260
2018 260
2018 262
2018 258
2018 258
2018 256
2018 255
2018 250
2018 248
2018 248
2018 245
2018 270
2018 270
2018 270
2018 268
2018 265
2018 263
2018 261
2018 262
2018 263
2018 264
2018 263
2018 260
2018 260
2018 260
2018 260
2018 260
2018 260
2018 258
2018 257
2018 254
2018 250
2018 245
2018 242
2018 244
2018 275
2018 260
2018 252
2018 250
2018 260
2018 260
2018 280
2018 280
2018 275
2018 268
2018 260
2018 255
2018 250
2018 247
2018 242
2018 243
2018 243
2018 248
2018 264
2018 280
2018 285
2018 280
2018 276.5
2018 273
2018 289
2018 286
2018 283
2018 280
2018 270
2018 285
2018 290
2018 310
2018 310
2018 310
2018 300
2018 290
2018 285
2018 281
2018 277
2018 275
2018 268
2018 260
2018 250
2018 242
2018 238
2018 233
2018 230
2018 227
2018 200
2018 195
2018 190
2018 188
2018 186
2018 185
2018 184
2018 181
2018 177
2018 174
2018 170
2018 160
2018 155
2018 150
2018 148
2018 148
2018 145
2018 144
2018 142
2018 140
2018 135
2018 133
2018 130
2018 128
2018 120
2018 115
2018 110
2018 105
2018 100
2018 95
2018 90
2018 88
2018 86
2018 84
2018 78
2018 70
2018 58
2018 45
2018 40
2018 35
2018 30
2018 25
2018 20
2018 15
2018 5
2018 4
2018 0
2018 0
2018 0
2018 0
2018 0
2018 0
2018 0
2018 0
2018 0
2018 0
2018 0
2018 0
2018 0
2018 0
2018 0
2018 0
2018 0
2018 0
2018 0
2018 0
2018 0
2018 0
2018 0
2018 0
2018 0
2018 0
2018 0
2018 0
2018 0
2018 0
2018 0
2018 0
2018 0
2018 0
2018 0
2018 0
2018 0
2018 0
2018 0
2018 0
2018 0
2018 0
2018 0
2018 0
2018 0
2018 0
2018 0
2018 0
2018 0
2018 0
2018 0
2018 0
2018 0
2018 0
2018 0
2018 0
2018 0
2018 0
2018 0
2018 0
2018 0
2018 0
2018 0
2018 0
2018 0
2018 0
2018 0
2018 0
2018 0
2018 0
2018 0
2018 0
2018 0
2018 0
2018 0
2018 0
2018 0
2018 0
2018 0
2020 0
2020 0
2020 0
2020 0
2020 0
2020 0
2020 0
2020 0
2020 0
2020 0
2020 0
2020 0
2020 0
2020 0
2020 0
2020 0
2020 0
2020 0
2020 0
2020 0
2020 0
2020 0
2020 0
2020 0
2020 0
2020 0
2020 0
2020 0
2020 0
2020 0
2020 0
2020 0
2020 0
2020 0
2020 0
2020 0
2020 0
2020 0
2020 0
2020 0
2020 0
2020 0
2020 0
2020 0
2020 0
2020 0
2020 0
2020 0
2020 0
2020 0
2020 0
2020 0
2020 0
2020 0
2020 0
2020 0
2020 0
2020 0
2020 0
2020 0
2020 0
2020 0
2020 6
2020 15
2020 26
2020 34
2020 30
2020 28
2020 40
2020 60
2020 60
2020 55
2020 65
2020 62
2020 60
2020 123
2020 127
2020 123
2020 156
2020 168
2020 170
2020 168
2020 170
2020 180
2020 250
2020 250
2020 240
2020 238
2020 230
2020 217
2020 220
2020 208
2020 210
2020 198
2020 188
2020 180
2020 180
2020 180
2020 180
2020 178
2020 185
2020 181
2020 180
2020 182
2020 201
2020 187
2020 182
2020 187
2020 200
2020 200
2020 215
2020 245
2020 250
2020 280
2020 300
2020 305
2020 293
2020 283
2020 279
2020 275
2020 271
2020 268
2020 265
2020 260
2020 260
2020 260
2020 260
2020 255
2020 250
2020 250
2020 249
2020 247
2020 245
2020 243
2020 238
2020 230
2020 228
2020 228
2020 226
2020 224
2020 224
2020 224
2020 224
2020 224
2020 223
2020 220
2020 220
2020 219
2020 217
2020 220
2020 245
2020 260
2020 260
2020 256
2020 248
2020 238
2020 240
2020 253
2020 249
2020 237
2020 225
2020 221
2020 217
2020 223
2020 228
2020 228
2020 280
2020 275
2020 270
2020 265
2020 270
2020 258
2020 260
2020 247
2020 234
2020 221
2020 207
2020 202
2020 196
2020 210
2020 225
2020 220
2020 218
2020 210
2020 240
2020 234
2020 236
2020 254
2020 255
2020 253
2020 246
2020 240
2020 245
2020 240
2020 230
2020 222
2020 218
2020 215
2020 210
2020 207
2020 204
2020 201
2020 198
2020 196
2020 194
2020 192
2020 190
2020 190
2020 188
2020 188
2020 188
2020 188
2020 189
2020 188
2020 187
2020 185
2020 185
2020 184
2020 184
2020 183
2020 183
2020 182
2020 181
2020 180
2020 180
2020 179
2020 179
2020 178
2020 176
2020 171
2020 168
2020 160
2020 160
2020 154
2020 152
2020 150
2020 145
2020 144
2020 143
2020 140
2020 138
2020 140
2020 134
2020 128
2020 124
2020 120
2020 117
2020 106
2020 104
2020 103
2020 100
2020 98
2020 97
2020 96
2020 96
2020 92
2020 88
2020 85
2020 82
2020 78
2020 76
2020 74
2020 72
2020 70
2020 68
2020 66
2020 64
2020 65
2020 58
2020 50
2020 41
2020 27
2020 16
2020 0
2020 0
2020 0
2020 0
2020 0
2020 0
2020 0
2020 0
2020 0
2020 0
2020 0
2020 0
2020 0
2020 0
2020 0
2020 0
2020 0
2020 0
2020 0
2020 0
2020 0
2020 0
2020 0
2020 0
2020 0
2020 0
2020 0
2020 0
2020 0
2020 0
2020 0
2020 0
2020 0
2020 0
2020 0
2020 0
2020 0
2020 0
2020 0
2020 0
2020 0
2020 0
2020 0
2020 0
2020 0
2020 0
2020 0
2020 0
2020 0
2020 0
2020 0
2020 0
2020 0
2020 0
2020 0
2020 0
2020 0
2020 0
2020 0
2020 0
2020 0
2020 0
2020 0
2020 0
2020 0
2020 0
2020 0
2020 0
2020 0
2020 0
2020 0
2020 0
2020 0
2020 0
2020 0
2020 0
2020 0
2020 0
2020 0
2020 0
2020 0
2020 0
2020 0
2020 0
2020 0
2020 0
2020 0
2020 0
2020 0
2020 0
2020 0
2020 0
2020 0
2021 0
2021 0
2021 0
2021 0
2021 0
2021 0
2021 0
2021 0
2021 0
2021 0
2021 0
2021 0
2021 0
2021 0
2021 0
2021 0
2021 0
2021 0
2021 0
2021 0
2021 0
2021 0
2021 0
2021 0
2021 0
2021 0
2021 0
2021 0
2021 0
2021 0
2021 0
2021 0
2021 0
2021 9
2021 31
2021 27
2021 27
2021 24
2021 20
2021 15
2021 12
2021 10
2021 5
2021 5
2021 5
2021 11
2021 9
2021 6
2021 5
2021 4.5
2021 4
2021 3
2021 3
2021 7.25
2021 11.5
2021 15.75
2021 20
2021 20
2021 15
2021 10
2021 10
2021 10
2021 10
2021 5
2021 0
2021 0
2021 0
2021 0
2021 0
2021 0
2021 0
2021 0
2021 0
2021 0
2021 0
2021 0
2021 0
2021 0
2021 0
2021 0
2021 0
2021 0
2021 0
2021 0
2021 0
2021 0
2021 0
2021 0
2021 0
2021 0
2021 0
2021 0
2021 2
2021 3
2021 6
2021 80
2021 150
2021 170
2021 180
2021 180
2021 180
2021 178
2021 165
2021 155
2021 151
2021 145
2021 140
2021 136
2021 134
2021 134
2021 132
2021 130
2021 130
2021 125
2021 123
2021 125
2021 125
2021 120
2021 127
2021 133
2021 130
2021 128
2021 128
2021 140
2021 160
2021 165
2021 170
2021 170
2021 168
2021 163
2021 159
2021 155
2021 148
2021 141
2021 165
2021 185
2021 215
2021 190
2021 185
2021 180
2021 176.5
2021 173
2021 178
2021 185
2021 195
2021 189
2021 192
2021 203
2021 200
2021 240
2021 260
2021 265
2021 240
2021 225
2021 220
2021 223
2021 226
2021 226
2021 226
2021 238
2021 263
2021 254
2021 245
2021 250
2021 243
2021 235.5
2021 228
2021 220
2021 215
2021 212
2021 210
2021 209
2021 209
2021 208
2021 208
2021 208
2021 207
2021 207
2021 206
2021 190
2021 188
2021 186
2021 184
2021 182
2021 181
2021 178
2021 178
2021 177
2021 176
2021 176
2021 174
2021 174
2021 172
2021 170
2021 185
2021 220
2021 250
2021 270
2021 278
2021 270
2021 259
2021 252
2021 246
2021 238
2021 230
2021 220
2021 215
2021 205
2021 190
2021 180
2021 170
2021 168
2021 164
2021 162
2021 160
2021 160
2021 159
2021 160
2021 162
2021 160
2021 155
2021 150
2021 155
2021 160
2021 155
2021 155
2021 155
2021 155
2021 160
2021 155
2021 154
2021 152
2021 150
2021 150
2021 148
2021 146
2021 144
2021 142
2021 140
2021 140
2021 136
2021 137
2021 132
2021 136
2021 140
2021 131
2021 130
2021 128
2021 127
2021 126
2021 124
2021 120
2021 117
2021 132
2021 128
2021 125
2021 119
2021 125
2021 122
2021 119.5
2021 117
2021 116
2021 115
2021 125
2021 123
2021 120
2021 117
2021 114.5
2021 112
2021 108
2021 101
2021 92
2021 82
2021 75
2021 74
2021 70
2021 65
2021 60
2021 40
2021 25
2021 24
2021 20
2021 14
2021 0
2021 0
2021 0
2021 0
2021 0
2021 0
2021 0
2021 0
2021 0
2021 0
2021 0
2021 0
2021 0
2021 0
2021 0
2021 0
2021 0
2021 0
2021 0
2021 0
2021 0
2021 0
2021 0
2021 0
2021 0
2021 0
2021 0
2021 0
2021 0
2021 0
2021 0
2021 0
2021 0
2021 0
2021 0
2021 0
2021 0
2021 0
2021 0
2021 0
2021 0
2021 0
2021 0
2021 0
2021 0
2021 0
2021 0
2021 0
2021 0
2021 0
2021 0
2021 0
2021 0
2021 0
2021 0
2021 0
2021 0
2021 0
2021 0
2021 0
2021 0
2021 0
2021 0
2021 0
2021 0
2021 0
2021 0
2021 0
2021 0
2021 0
2021 0
2021 0
2021 0
2021 0
2021 0
2021 0
2021 0
2021 0
2021 0
2021 0
2021 0
2021 0
