2002 0
2002 0
2002 0
2002 0
2002 0
2002 0
2002 0
2002 0
2002 0
2002 0
2002 0
2002 0
2002 0
2002 0
2002 0
2002 44
2002 63
2002 49
2002 46
2002 36
2002 29
2002 25
2002 17
2002 12
2002 13
2002 13
2002 10
2002 7
2002 0
2002 0
2002 0
2002 0
2002 0
2002 0
2002 0
2002 0
2002 0
2002 0
2002 0
2002 0
2002 0
2002 0
2002 0
2002 0
2002 0
2002 0
2002 0
2002 0
2002 0
2002 0
2002 0
2002 0
2002 0
2002 0
2002 0
2002 0
2002 0
2002 0
2002 0
2002 0
2002 0
2002 0
2002 0
2002 0
2002 0
2002 0
2002 0
2002 20
2002 31
2002 48
2002 44
2002 36
2002 29
2002 31
2002 35
2002 34
2002 32
2002 30
2002 29
2002 28.5
2002 28
2002 28
2002 29
2002 78
2002 76
2002 77
2002 79
2002 84
2002 90
2002 91
2002 103
2002 94
2002 88
2002 84
2002 83
2002 99
2002 107
2002 104
2002 102
2002 101
2002 99
2002 99
2002 97
2002 96
2002 96
2002 95
2002 95
2002 94
2002 93
2002 94
2002 93
2002 93
2002 108
2002 114.5
2002 121
2002 117
2002 159
2002 156
2002 161
2002 188
2002 198
2002 186
2002 178
2002 173
2002 169
2002 164
2002 161.5
2002 159
2002 157
2002 153
2002 151
2002 148
2002 148
2002 148
2002 146
2002 144
2002 141
2002 143
2002 140
2002 141
2002 140
2002 140
2002 142
2002 141
2002 140
2002 141
2002 142
2002 142
2002 158
2002 151
2002 149
2002 148
2002 147
2002 147
2002 146
2002 144
2002 143
2002 143
2002 158
2002 162
2002 171
2002 167
2002 183
2002 180
2002 178
2002 175
2002 173
2002 172
2002 171
2002 169
2002 169
2002 178
2002 194
2002 225
2002 215
2002 220
2002 272
2002 277
2002 262
2002 254
2002 258
2002 250
2002 247
2002 256
2002 248
2002 241
2002 235
2002 230
2002 227
2002 224
2002 229
2002 227
2002 223
2002 220
2002 219
2002 217
2002 216
2002 213
2002 209
2002 212
2002 209
2002 206
2002 239
2002 220
2002 222
2002 224
2002 221
2002 220
2002 216
2002 214
2002 213
2002 212
2002 211
2002 208
2002 205
2002 204
2002 203
2002 202
2002 201
2002 207
2002 203
2002 201
2002 199
2002 197
2002 200
2002 203
2002 204
2002 203
2002 202
2002 204
2002 206
2002 210
2002 203
2002 197
2002 196
2002 210
2002 206
2002 199
2002 203
2002 200
2002 202
2002 196
2002 193
2002 188
2002 197
2002 209
2002 220
2002 210
2002 206
2002 200
2002 193
2002 188
2002 186
2002 183
2002 175
2002 170
2002 163
2002 155
2002 144
2002 137
2002 134
2002 130
2002 123
2002 118.333333333333
2002 113.666666666667
2002 109
2002 107
2002 106
2002 151
2002 143
2002 123
2002 115
2002 107
2002 100
2002 89
2002 84
2002 76
2002 60
2002 53
2002 49
2002 45
2002 44
2002 38
2002 32
2002 23
2002 12
2002 0
2002 0
2002 0
2002 0
2002 0
2002 0
2002 0
2002 0
2002 0
2002 0
2002 0
2002 0
2002 0
2002 0
2002 0
2002 0
2002 0
2002 0
2002 0
2002 0
2002 0
2002 0
2002 0
2002 0
2002 0
2002 0
2002 0
2002 0
2002 0
2002 0
2002 0
2002 0
2002 0
2002 0
2002 0
2002 0
2002 0
2002 0
2002 0
2002 0
2002 0
2002 0
2002 0
2002 0
2002 0
2002 0
2002 0
2002 0
2002 0
2002 0
2002 0
2002 0
2002 0
2002 0
2002 0
2002 0
2002 0
2002 0
2002 0
2002 0
2002 0
2002 0
2002 0
2002 0
2002 0
2002 0
2002 0
2002 0
2002 0
2002 0
2002 0
2002 0
2002 0
2002 0
2002 0
2002 0
2002 0
2002 0
2002 0
2003 0
2003 0
2003 0
2003 0
2003 0
2003 0
2003 0
2003 0
2003 0
2003 0
2003 0
2003 0
2003 0
2003 0
2003 0
2003 0
2003 0
2003 0
2003 0
2003 0
2003 0
2003 0
2003 0
2003 32
2003 30
2003 25
2003 23
2003 19
2003 16
2003 13
2003 8
2003 5
2003 0
2003 0
2003 0
2003 21
2003 20
2003 16
2003 10
2003 0
2003 0
2003 0
2003 0
2003 0
2003 0
2003 0
2003 0
2003 26
2003 34
2003 26
2003 10
2003 0
2003 0
2003 9
2003 6
2003 0
2003 0
2003 0
2003 0
2003 0
2003 0
2003 0
2003 8
2003 0
2003 39
2003 55
2003 47
2003 71
2003 85
2003 92
2003 101
2003 89
2003 81
2003 74
2003 69.5
2003 65
2003 71
2003 75
2003 79
2003 83
2003 82
2003 77
2003 89
2003 89
2003 71
2003 71
2003 78
2003 73
2003 72
2003 100
2003 93
2003 89
2003 94
2003 96
2003 93
2003 90
2003 89
2003 89
2003 89
2003 88
2003 88
2003 87.5
2003 87
2003 86
2003 88
2003 86
2003 93
2003 132
2003 137
2003 130
2003 135.5
2003 141
2003 134
2003 129
2003 127
2003 125
2003 124
2003 123
2003 139
2003 156
2003 148
2003 163
2003 160
2003 155
2003 152
2003 173
2003 187
2003 179
2003 178
2003 171
2003 168
2003 164
2003 163
2003 160
2003 164
2003 169
2003 166
2003 164
2003 164
2003 162
2003 161
2003 159
2003 159
2003 160
2003 180
2003 201
2003 191
2003 192
2003 191
2003 198
2003 229
2003 274
2003 259
2003 247
2003 246
2003 249
2003 295
2003 313
2003 317
2003 297
2003 287
2003 277
2003 270
2003 264
2003 259
2003 255
2003 251
2003 249
2003 246
2003 244
2003 242
2003 240
2003 236
2003 233
2003 232
2003 229
2003 229
2003 224
2003 205
2003 202
2003 201
2003 201
2003 208
2003 211
2003 214
2003 210
2003 211
2003 218
2003 215
2003 213
2003 210
2003 206
2003 211
2003 211
2003 210
2003 209
2003 208
2003 207
2003 206
2003 205
2003 204
2003 203
2003 203
2003 202
2003 201
2003 200
2003 198
2003 196
2003 195
2003 192
2003 188
2003 193
2003 190
2003 214
2003 212.5
2003 211
2003 207
2003 219.5
2003 232
2003 227
2003 230
2003 226.5
2003 223
2003 223
2003 218
2003 213
2003 208
2003 203
2003 196
2003 194
2003 191
2003 189
2003 190
2003 190
2003 188
2003 185
2003 180
2003 173
2003 171
2003 165
2003 156
2003 145
2003 145
2003 138
2003 138
2003 131
2003 123
2003 114
2003 104
2003 97
2003 93
2003 87
2003 83
2003 79
2003 74
2003 88
2003 84
2003 77
2003 74
2003 66
2003 57
2003 60
2003 78
2003 83
2003 65
2003 55
2003 49
2003 40
2003 32
2003 25
2003 18
2003 6
2003 0
2003 0
2003 0
2003 0
2003 0
2003 0
2003 0
2003 0
2003 0
2003 0
2003 0
2003 0
2003 0
2003 0
2003 0
2003 0
2003 0
2003 0
2003 0
2003 0
2003 0
2003 0
2003 0
2003 0
2003 0
2003 0
2003 0
2003 0
2003 0
2003 0
2003 0
2003 0
2003 0
2003 0
2003 0
2003 0
2003 0
2003 0
2003 0
2003 0
2003 0
2003 0
2003 0
2003 0
2003 0
2003 0
2003 0
2003 0
2003 0
2003 0
2003 0
2003 0
2003 0
2003 0
2003 0
2003 0
2003 0
2003 0
2003 0
2003 0
2003 0
2003 0
2003 0
2003 0
2003 0
2003 0
2003 0
2003 0
2003 0
2003 0
2003 0
2003 0
2003 0
2003 0
2003 0
2003 0
2003 0
2003 0
2003 0
2003 0
2003 0
2003 0
2003 0
2003 0
2003 0
2003 0
2003 0
2003 0
2003 0
2003 0
2003 0
2003 0
2003 0
2004 0
2004 0
2004 0
2004 0
2004 0
2004 0
2004 0
2004 0
2004 0
2004 0
2004 0
2004 0
2004 0
2004 0
2004 0
2004 0
2004 0
2004 0
2004 0
2004 0
2004 0
2004 0
2004 0
2004 0
2004 0
2004 0
2004 0
2004 0
2004 0
2004 0
2004 0
2004 0
2004 0
2004 0
2004 22
2004 33
2004 43
2004 78
2004 60
2004 44
2004 40
2004 34
2004 30
2004 26
2004 27
2004 26
2004 25
2004 23
2004 21
2004 20
2004 27
2004 26
2004 40
2004 41.5
2004 43
2004 41
2004 39
2004 40
2004 44
2004 49
2004 45
2004 72
2004 65
2004 61
2004 57
2004 56
2004 55
2004 54
2004 52
2004 52
2004 51
2004 51
2004 48
2004 69
2004 67
2004 65
2004 62
2004 62
2004 57
2004 56
2004 56
2004 55
2004 50
2004 48
2004 44
2004 43
2004 43
2004 47
2004 74
2004 75
2004 70
2004 65
2004 63
2004 57
2004 55
2004 53
2004 55
2004 54
2004 53
2004 52
2004 54
2004 53
2004 55
2004 56
2004 75
2004 100
2004 124
2004 115
2004 102
2004 97
2004 94
2004 98
2004 111.5
2004 125
2004 118
2004 114
2004 109
2004 95
2004 95
2004 110
2004 110
2004 111
2004 112
2004 112
2004 112
2004 139
2004 131
2004 126
2004 125
2004 123
2004 145
2004 160
2004 155
2004 186
2004 195
2004 198
2004 205
2004 212
2004 219
2004 218
2004 210
2004 239
2004 257
2004 246
2004 236
2004 230
2004 250
2004 219
2004 230
2004 241
2004 252
2004 243
2004 234
2004 227
2004 223
2004 219
2004 215
2004 213
2004 210
2004 223
2004 237
2004 269
2004 256
2004 277
2004 267
2004 259
2004 255
2004 251
2004 247
2004 245
2004 243
2004 243
2004 238
2004 231
2004 228
2004 234
2004 234
2004 230
2004 234
2004 238
2004 234
2004 235
2004 233
2004 232
2004 229
2004 228
2004 230
2004 229
2004 233
2004 239
2004 234
2004 234
2004 246
2004 241
2004 229
2004 225
2004 224
2004 219
2004 216
2004 211
2004 208
2004 204
2004 201
2004 203
2004 226
2004 237
2004 238
2004 237
2004 227
2004 223
2004 220
2004 217
2004 215
2004 212
2004 209
2004 208
2004 207
2004 212
2004 224
2004 249
2004 239
2004 242
2004 239
2004 244
2004 239
2004 237
2004 236
2004 232
2004 227
2004 226
2004 223
2004 249
2004 234
2004 227
2004 220
2004 216
2004 212
2004 211
2004 209
2004 205
2004 203
2004 200
2004 197
2004 194
2004 191
2004 188
2004 185
2004 206
2004 225
2004 223
2004 224
2004 231
2004 222
2004 216
2004 209
2004 212
2004 206
2004 199
2004 197
2004 191
2004 184
2004 178
2004 169
2004 165
2004 166
2004 165
2004 162
2004 156
2004 152
2004 148
2004 148
2004 142
2004 135
2004 132
2004 132
2004 130
2004 146
2004 136
2004 133
2004 127
2004 119
2004 111
2004 102
2004 90
2004 83
2004 77
2004 76
2004 68
2004 66
2004 63
2004 56
2004 46
2004 44
2004 46
2004 39
2004 33
2004 21
2004 14
2004 7
2004 0
2004 0
2004 0
2004 0
2004 0
2004 0
2004 0
2004 0
2004 0
2004 0
2004 0
2004 0
2004 0
2004 0
2004 0
2004 0
2004 0
2004 0
2004 0
2004 0
2004 0
2004 0
2004 0
2004 0
2004 0
2004 0
2004 0
2004 0
2004 0
2004 0
2004 0
2004 0
2004 0
2004 0
2004 0
2004 0
2004 0
2004 0
2004 0
2004 0
2004 0
2004 0
2004 0
2004 0
2004 0
2004 0
2004 0
2004 0
2004 0
2004 0
2004 0
2004 0
2004 0
2004 0
2004 0
2004 0
2004 0
2004 0
2004 0
2004 0
2004 0
2004 0
2004 0
2004 0
2004 0
2004 0
2004 0
2005 0
2005 0
2005 0
2005 0
2005 0
2005 0
2005 0
2005 0
2005 0
2005 0
2005 0
2005 0
2005 0
2005 0
2005 0
2005 0
2005 0
2005 0
2005 0
2005 0
2005 0
2005 0
2005 0
2005 10
2005 27
2005 25
2005 16
2005 8
2005 0
2005 0
2005 0
2005 0
2005 0
2005 0
2005 0
2005 0
2005 0
2005 0
2005 0
2005 0
2005 0
2005 0
2005 0
2005 0
2005 0
2005 33
2005 31
2005 23
2005 13
2005 0
2005 0
2005 0
2005 0
2005 0
2005 0
2005 0
2005 0
2005 0
2005 0
2005 0
2005 0
2005 0
2005 0
2005 0
2005 0
2005 0
2005 0
2005 14
2005 8
2005 7
2005 0
2005 8
2005 5
2005 8
2005 9
2005 9
2005 9
2005 7
2005 7
2005 29
2005 78
2005 60
2005 49
2005 48
2005 43
2005 42
2005 40
2005 38
2005 40
2005 39
2005 38
2005 36
2005 35
2005 35
2005 34
2005 34
2005 34
2005 33
2005 34
2005 34
2005 33
2005 33
2005 32
2005 33
2005 33
2005 33
2005 34
2005 34
2005 58
2005 92
2005 87
2005 83
2005 80
2005 77
2005 75
2005 73
2005 76
2005 80
2005 81
2005 94
2005 87
2005 83
2005 83
2005 94
2005 113
2005 103
2005 98
2005 107
2005 102
2005 100
2005 97
2005 95
2005 94
2005 94
2005 95
2005 92
2005 92
2005 91
2005 90
2005 95
2005 131
2005 133
2005 160
2005 192
2005 185
2005 191
2005 191
2005 183
2005 178
2005 173
2005 173
2005 168
2005 166
2005 191
2005 209
2005 203
2005 195
2005 189
2005 184
2005 180
2005 176
2005 174
2005 172
2005 184
2005 202
2005 245
2005 266
2005 270
2005 258
2005 247
2005 239
2005 238
2005 243
2005 243
2005 238
2005 233
2005 232
2005 227
2005 225
2005 224
2005 220
2005 218
2005 219
2005 217
2005 216
2005 228
2005 237
2005 230
2005 245
2005 267
2005 252
2005 244
2005 242
2005 252
2005 244
2005 239
2005 231
2005 226
2005 220
2005 212
2005 208
2005 204
2005 200
2005 196
2005 193
2005 191
2005 190
2005 188
2005 188
2005 187
2005 188
2005 186
2005 186
2005 184
2005 182
2005 181
2005 180
2005 176
2005 173
2005 179
2005 210
2005 200
2005 194
2005 185
2005 180
2005 177
2005 173
2005 172
2005 173
2005 183
2005 191
2005 209
2005 204
2005 199
2005 195
2005 190
2005 196
2005 191
2005 188
2005 183
2005 177
2005 172
2005 166
2005 159
2005 154
2005 149
2005 159
2005 173
2005 176
2005 196
2005 196
2005 196
2005 184
2005 174
2005 167
2005 162
2005 159
2005 162
2005 157
2005 161
2005 156
2005 149
2005 144
2005 138
2005 141
2005 134
2005 127
2005 119
2005 111
2005 104
2005 93
2005 87
2005 81
2005 75
2005 69
2005 60
2005 53
2005 49
2005 48
2005 49
2005 48
2005 46
2005 43
2005 40
2005 35
2005 26
2005 18
2005 12
2005 0
2005 0
2005 0
2005 0
2005 0
2005 0
2005 0
2005 0
2005 0
2005 0
2005 0
2005 0
2005 0
2005 0
2005 0
2005 0
2005 0
2005 0
2005 0
2005 0
2005 0
2005 0
2005 0
2005 0
2005 0
2005 0
2005 0
2005 0
2005 0
2005 0
2005 0
2005 0
2005 0
2005 0
2005 0
2005 0
2005 0
2005 0
2005 0
2005 0
2005 0
2005 0
2005 0
2005 0
2005 0
2005 0
2005 0
2005 0
2005 0
2005 0
2005 0
2005 0
2005 0
2005 0
2005 0
2005 0
2005 0
2005 0
2005 0
2005 0
2005 0
2005 0
2005 0
2005 0
2005 0
2005 0
2005 0
2005 0
2005 0
2005 0
2005 0
2005 0
2005 0
2005 0
2005 0
2005 0
2005 0
2006 0
2006 0
2006 0
2006 0
2006 0
2006 0
2006 0
2006 0
2006 0
2006 0
2006 0
2006 0
2006 0
2006 0
2006 0
2006 0
2006 0
2006 0
2006 0
2006 0
2006 0
2006 0
2006 0
2006 0
2006 0
2006 0
2006 0
2006 0
2006 0
2006 0
2006 0
2006 22
2006 12
2006 5
2006 0
2006 0
2006 0
2006 0
2006 0
2006 0
2006 0
2006 0
2006 0
2006 0
2006 0
2006 0
2006 0
2006 0
2006 0
2006 0
2006 0
2006 0
2006 0
2006 0
2006 0
2006 0
2006 0
2006 0
2006 0
2006 0
2006 0
2006 0
2006 0
2006 0
2006 0
2006 0
2006 0
2006 0
2006 0
2006 0
2006 0
2006 0
2006 0
2006 0
2006 0
2006 0
2006 0
2006 9
2006 0
2006 9
2006 7
2006 23
2006 20
2006 18
2006 18
2006 37
2006 30
2006 27
2006 27
2006 28
2006 26
2006 27
2006 23
2006 33
2006 21
2006 22
2006 23
2006 43
2006 43
2006 37
2006 35
2006 33
2006 31
2006 30
2006 29
2006 29
2006 58
2006 130
2006 117
2006 107
2006 109
2006 102
2006 98
2006 96
2006 91
2006 88
2006 85
2006 90
2006 93
2006 92
2006 91
2006 103.5
2006 116
2006 126
2006 124
2006 122
2006 117
2006 113
2006 109
2006 107
2006 104
2006 104
2006 103
2006 102
2006 98
2006 99
2006 98
2006 96
2006 104
2006 154
2006 161
2006 149
2006 153
2006 160
2006 154
2006 149
2006 145
2006 142
2006 142
2006 137
2006 125
2006 123
2006 121
2006 120
2006 119
2006 118.5
2006 118
2006 117
2006 121
2006 121
2006 127
2006 161
2006 176
2006 171
2006 161
2006 155
2006 150
2006 156
2006 192
2006 191
2006 184
2006 176
2006 176
2006 171
2006 170
2006 167
2006 164
2006 163
2006 170
2006 172
2006 170
2006 183
2006 186
2006 189
2006 198
2006 203
2006 207
2006 221
2006 230
2006 246
2006 245
2006 255
2006 265
2006 253
2006 246
2006 240
2006 235
2006 232
2006 228
2006 225
2006 222
2006 219
2006 216
2006 219
2006 217
2006 214
2006 206
2006 200
2006 221
2006 223
2006 217
2006 209
2006 206
2006 203
2006 217
2006 216
2006 213
2006 212
2006 209
2006 206
2006 201
2006 211
2006 224
2006 233
2006 243
2006 232
2006 223
2006 219
2006 218
2006 216
2006 214
2006 211
2006 207
2006 203
2006 200
2006 195
2006 192
2006 189
2006 185
2006 192
2006 194
2006 192
2006 188
2006 183
2006 179
2006 172
2006 169
2006 167
2006 163
2006 160
2006 178
2006 166
2006 160
2006 157
2006 151
2006 153
2006 149
2006 143
2006 135
2006 128
2006 122
2006 117
2006 113
2006 104
2006 105.666666666667
2006 107.333333333333
2006 109
2006 102
2006 95
2006 89
2006 90
2006 132
2006 135
2006 142
2006 134
2006 127
2006 127
2006 122
2006 123
2006 115
2006 106
2006 98
2006 90
2006 80
2006 70
2006 63
2006 53
2006 42
2006 35
2006 24
2006 10
2006 0
2006 0
2006 0
2006 0
2006 0
2006 0
2006 0
2006 0
2006 0
2006 0
2006 0
2006 0
2006 0
2006 0
2006 0
2006 0
2006 0
2006 0
2006 0
2006 0
2006 0
2006 0
2006 0
2006 0
2006 0
2006 0
2006 0
2006 0
2006 0
2006 0
2006 0
2006 0
2006 0
2006 0
2006 0
2006 0
2006 0
2006 0
2006 0
2006 0
2006 0
2006 0
2006 0
2006 0
2006 0
2006 0
2006 0
2006 0
2006 0
2006 0
2006 0
2006 0
2006 0
2006 0
2006 0
2006 0
2006 0
2006 0
2006 0
2006 0
2006 0
2006 0
2006 0
2006 0
2006 0
2006 0
2006 0
2006 0
2006 0
2006 0
2006 0
2006 0
2006 0
2006 0
2007 0
2007 0
2007 0
2007 0
2007 0
2007 0
2007 0
2007 0
2007 0
2007 0
2007 0
2007 0
2007 0
2007 0
2007 0
2007 0
2007 0
2007 0
2007 0
2007 0
2007 0
2007 0
2007 0
2007 0
2007 0
2007 0
2007 0
2007 0
2007 0
2007 0
2007 0
2007 0
2007 0
2007 0
2007 0
2007 0
2007 0
2007 0
2007 0
2007 0
2007 0
2007 0
2007 0
2007 0
2007 0
2007 0
2007 0
2007 0
2007 0
2007 0
2007 0
2007 0
2007 0
2007 0
2007 0
2007 0
2007 0
2007 0
2007 0
2007 0
2007 0
2007 0
2007 0
2007 0
2007 0
2007 0
2007 0
2007 0
2007 0
2007 0
2007 0
2007 5
2007 30
2007 31
2007 17
2007 15
2007 13
2007 11
2007 8
2007 8
2007 10
2007 14
2007 33
2007 27
2007 23
2007 14
2007 11
2007 11
2007 9
2007 10
2007 10
2007 10
2007 9
2007 10
2007 12
2007 11
2007 33
2007 34
2007 28
2007 65
2007 68
2007 60
2007 55
2007 52
2007 49
2007 47
2007 45
2007 44
2007 46
2007 46
2007 44
2007 44
2007 43
2007 42
2007 42
2007 41
2007 41
2007 41
2007 42
2007 40
2007 41
2007 42
2007 52
2007 89
2007 110
2007 102
2007 112
2007 102
2007 101
2007 98
2007 102
2007 95
2007 93
2007 99
2007 105
2007 102
2007 101
2007 100
2007 99
2007 97
2007 88
2007 86
2007 89
2007 88
2007 87
2007 101
2007 97
2007 98
2007 122
2007 114
2007 106
2007 103
2007 101
2007 100
2007 99
2007 98
2007 97
2007 98
2007 98
2007 97
2007 97
2007 101
2007 101
2007 110
2007 120
2007 143
2007 127
2007 136
2007 132
2007 130
2007 129
2007 126
2007 126
2007 125
2007 124
2007 123
2007 122
2007 127
2007 159
2007 176
2007 176
2007 181
2007 209
2007 213
2007 210
2007 202
2007 196
2007 193
2007 192
2007 190
2007 200
2007 195
2007 190
2007 187
2007 184
2007 181
2007 179
2007 178
2007 175
2007 185
2007 193
2007 199
2007 201
2007 211
2007 207
2007 201
2007 195
2007 192
2007 190
2007 190
2007 188
2007 187
2007 184
2007 182
2007 181
2007 188
2007 184
2007 181
2007 176
2007 175
2007 173
2007 170
2007 166
2007 162
2007 157
2007 151
2007 146
2007 139
2007 133
2007 131
2007 125
2007 121
2007 118
2007 111
2007 106
2007 99
2007 94
2007 89
2007 81
2007 76
2007 70
2007 64
2007 59
2007 59
2007 53
2007 54
2007 55
2007 64
2007 58
2007 51
2007 44
2007 35
2007 31
2007 23
2007 16
2007 18
2007 21
2007 15
2007 35
2007 17
2007 8
2007 0
2007 0
2007 0
2007 0
2007 0
2007 0
2007 0
2007 0
2007 0
2007 32
2007 18
2007 0
2007 5
2007 0
2007 0
2007 0
2007 0
2007 0
2007 0
2007 0
2007 0
2007 0
2007 0
2007 0
2007 0
2007 0
2007 0
2007 0
2007 0
2007 0
2007 0
2007 0
2007 0
2007 0
2007 0
2007 0
2007 0
2007 0
2007 0
2007 0
2007 0
2007 0
2007 0
2007 0
2007 0
2007 0
2007 0
2007 0
2007 0
2007 0
2007 0
2007 0
2007 0
2007 0
2007 0
2007 0
2007 0
2007 0
2007 0
2007 0
2007 0
2007 0
2007 0
2007 0
2007 0
2007 0
2007 0
2007 0
2007 0
2007 0
2007 0
2007 0
2007 0
2007 0
2007 0
2007 0
2007 0
2007 0
2007 0
2007 0
2007 0
2007 0
2007 0
2007 0
2007 0
2007 0
2007 0
2007 0
2007 0
2007 0
2007 0
2007 0
2007 0
2007 0
2007 0
2007 0
2007 0
2007 0
2007 0
2007 0
2007 0
2007 0
2007 0
2007 0
2008 0
2008 0
2008 0
2008 0
2008 0
2008 0
2008 0
2008 0
2008 0
2008 0
2008 0
2008 0
2008 0
2008 0
2008 0
2008 0
2008 0
2008 0
2008 0
2008 0
2008 0
2008 0
2008 0
2008 0
2008 0
2008 20
2008 14
2008 12
2008 5
2008 0
2008 0
2008 0
2008 0
2008 0
2008 0
2008 0
2008 0
2008 0
2008 0
2008 0
2008 0
2008 0
2008 0
2008 0
2008 0
2008 0
2008 0
2008 0
2008 0
2008 0
2008 0
2008 5
2008 0
2008 0
2008 0
2008 0
2008 0
2008 0
2008 0
2008 0
2008 0
2008 0
2008 0
2008 0
2008 0
2008 0
2008 0
2008 19
2008 23
2008 62
2008 94
2008 100
2008 131
2008 121
2008 159
2008 150
2008 140
2008 129
2008 122
2008 117
2008 98
2008 84
2008 81
2008 78
2008 77
2008 78
2008 94
2008 90
2008 87
2008 85
2008 85
2008 84
2008 82
2008 116
2008 144
2008 138
2008 133
2008 129
2008 151
2008 152
2008 167
2008 215
2008 202
2008 190
2008 179
2008 173
2008 169
2008 164
2008 160
2008 157
2008 154
2008 151
2008 149
2008 147
2008 145
2008 143
2008 141
2008 140
2008 140
2008 139
2008 145
2008 140
2008 141
2008 141
2008 135
2008 133
2008 127
2008 150
2008 152
2008 149
2008 146
2008 146
2008 141
2008 183
2008 173
2008 167
2008 164
2008 161
2008 159
2008 157
2008 159
2008 157
2008 155
2008 187
2008 181
2008 177
2008 173
2008 171
2008 168
2008 166
2008 164
2008 166
2008 166
2008 163
2008 154
2008 148
2008 147
2008 153
2008 169
2008 178
2008 171
2008 169
2008 167
2008 165
2008 163
2008 162
2008 161
2008 160
2008 159
2008 159
2008 158
2008 158
2008 158
2008 164
2008 161
2008 159
2008 157
2008 156
2008 156
2008 158
2008 158
2008 162
2008 168
2008 186
2008 182
2008 194
2008 204
2008 196
2008 194
2008 192
2008 190
2008 187
2008 191
2008 219
2008 229
2008 228
2008 223
2008 237
2008 267
2008 265
2008 257
2008 273
2008 332
2008 310
2008 311
2008 302
2008 349
2008 337
2008 331
2008 319
2008 310
2008 300
2008 293
2008 288
2008 305
2008 338
2008 329
2008 324
2008 332
2008 336
2008 325
2008 321
2008 311
2008 301
2008 300
2008 294
2008 303
2008 330
2008 314
2008 306
2008 303
2008 298
2008 293
2008 298
2008 337
2008 340
2008 329
2008 333
2008 321
2008 311
2008 300
2008 301
2008 296
2008 302
2008 296
2008 290
2008 284
2008 279
2008 273
2008 267
2008 262
2008 257
2008 249
2008 246
2008 240
2008 234
2008 228
2008 223
2008 217
2008 213
2008 213
2008 210
2008 207
2008 204
2008 202
2008 198
2008 189
2008 183
2008 174
2008 158
2008 138
2008 121
2008 113
2008 105
2008 97
2008 87
2008 82
2008 80
2008 75
2008 72
2008 69
2008 64
2008 57
2008 53
2008 48
2008 41
2008 40
2008 36
2008 39
2008 36
2008 32
2008 27
2008 19
2008 9
2008 0
2008 0
2008 0
2008 0
2008 0
2008 0
2008 0
2008 0
2008 0
2008 0
2008 0
2008 0
2008 0
2008 0
2008 0
2008 0
2008 0
2008 0
2008 0
2008 0
2008 0
2008 0
2008 0
2008 0
2008 0
2008 0
2008 0
2008 0
2008 0
2008 0
2008 0
2008 0
2008 0
2008 0
2008 0
2008 0
2008 0
2008 0
2008 0
2008 0
2008 0
2008 0
2008 0
2008 0
2008 0
2008 0
2008 0
2008 0
2008 0
2008 0
2008 0
2008 0
2008 0
2008 0
2008 0
2008 0
2008 0
2008 0
2008 0
2008 0
2008 0
2008 0
2008 0
2008 0
2008 0
2008 0
2008 0
2008 0
2008 0
2008 0
2008 0
2008 0
2009 0
2009 0
2009 0
2009 0
2009 0
2009 0
2009 0
2009 0
2009 0
2009 0
2009 0
2009 0
2009 0
2009 0
2009 0
2009 0
2009 18
2009 0
2009 0
2009 0
2009 0
2009 0
2009 0
2009 0
2009 0
2009 0
2009 0
2009 0
2009 0
2009 0
2009 0
2009 0
2009 7
2009 18
2009 8
2009 0
2009 0
2009 0
2009 0
2009 0
2009 0
2009 0
2009 0
2009 0
2009 0
2009 0
2009 0
2009 0
2009 0
2009 0
2009 0
2009 6
2009 0
2009 0
2009 9
2009 0
2009 0
2009 0
2009 9
2009 39
2009 31
2009 17
2009 0
2009 0
2009 0
2009 0
2009 0
2009 0
2009 0
2009 0
2009 0
2009 0
2009 0
2009 5
2009 0
2009 0
2009 0
2009 0
2009 0
2009 0
2009 0
2009 36
2009 87
2009 98
2009 94
2009 83
2009 82
2009 75
2009 67
2009 64
2009 60
2009 73
2009 75
2009 70
2009 66
2009 72
2009 89
2009 101
2009 93
2009 88
2009 87
2009 92
2009 92
2009 87
2009 81
2009 70
2009 71
2009 71
2009 71
2009 81
2009 101
2009 112
2009 108
2009 104
2009 103
2009 102
2009 99
2009 97
2009 96
2009 95
2009 94
2009 92
2009 100
2009 97
2009 95
2009 95
2009 94
2009 93
2009 91
2009 92
2009 90
2009 90
2009 89
2009 90
2009 89
2009 90
2009 90
2009 89
2009 89
2009 98
2009 87
2009 107
2009 117
2009 102.5
2009 88
2009 97
2009 97
2009 96
2009 95
2009 94
2009 94
2009 94
2009 93
2009 93
2009 92
2009 92
2009 92
2009 92
2009 91
2009 93
2009 106
2009 104
2009 94
2009 139
2009 148
2009 138
2009 134
2009 129
2009 130
2009 188
2009 179
2009 169
2009 164
2009 164
2009 174
2009 190
2009 193
2009 185
2009 183
2009 190
2009 182
2009 177
2009 175
2009 174
2009 171
2009 180
2009 195
2009 201
2009 192
2009 220
2009 227
2009 263
2009 254
2009 240
2009 232
2009 229
2009 227
2009 221
2009 218
2009 216
2009 213
2009 211
2009 208
2009 209
2009 274
2009 289
2009 298
2009 291
2009 275
2009 273
2009 263
2009 255
2009 250
2009 240
2009 235
2009 231
2009 226
2009 220
2009 216
2009 213
2009 208
2009 204
2009 201
2009 199
2009 195
2009 192
2009 186
2009 187
2009 187
2009 185
2009 185
2009 180
2009 177
2009 173
2009 177
2009 176
2009 170
2009 167
2009 166
2009 181
2009 193
2009 189
2009 180
2009 177
2009 170
2009 173
2009 170
2009 164
2009 159
2009 151
2009 146
2009 138
2009 131
2009 124
2009 118
2009 109
2009 105
2009 99
2009 89
2009 85
2009 80
2009 75
2009 64
2009 53
2009 43
2009 28
2009 17
2009 0
2009 0
2009 0
2009 0
2009 0
2009 0
2009 0
2009 0
2009 0
2009 0
2009 0
2009 0
2009 0
2009 0
2009 0
2009 0
2009 0
2009 0
2009 0
2009 0
2009 0
2009 0
2009 0
2009 0
2009 0
2009 0
2009 0
2009 0
2009 0
2009 0
2009 0
2009 0
2009 0
2009 0
2009 0
2009 0
2009 0
2009 0
2009 0
2009 0
2009 0
2009 0
2009 0
2009 0
2009 0
2009 0
2009 0
2009 0
2009 0
2009 0
2009 0
2009 0
2009 0
2009 0
2009 0
2009 0
2009 0
2009 0
2009 0
2009 0
2009 0
2009 0
2009 0
2009 0
2009 0
2009 0
2009 0
2009 0
2009 0
2009 0
2009 0
2009 0
2009 0
2009 0
2009 0
2009 0
2009 0
2009 0
2009 0
2009 0
2009 0
2009 0
2009 0
2009 0
2009 0
2009 0
2009 0
2009 0
2009 0
2009 0
2009 0
2009 0
2009 0
2009 0
2009 0
2009 0
2009 0
2009 0
2012 0
2012 0
2012 0
2012 0
2012 0
2012 0
2012 0
2012 0
2012 0
2012 0
2012 0
2012 0
2012 0
2012 0
2012 0
2012 0
2012 0
2012 0
2012 0
2012 0
2012 0
2012 0
2012 0
2012 0
2012 0
2012 0
2012 0
2012 0
2012 0
2012 0
2012 0
2012 0
2012 0
2012 0
2012 0
2012 0
2012 0
2012 0
2012 0
2012 0
2012 40
2012 29
2012 20
2012 17
2012 18
2012 14
2012 10
2012 9
2012 0
2012 9
2012 9
2012 7
2012 9
2012 8
2012 0
2012 0
2012 0
2012 0
2012 0
2012 0
2012 0
2012 0
2012 0
2012 0
2012 0
2012 0
2012 0
2012 0
2012 0
2012 0
2012 0
2012 0
2012 0
2012 0
2012 0
2012 0
2012 0
2012 0
2012 0
2012 0
2012 0
2012 0
2012 0
2012 0
2012 0
2012 0
2012 0
2012 0
2012 0
2012 0
2012 0
2012 0
2012 0
2012 5
2012 0
2012 22
2012 49
2012 92
2012 103
2012 88
2012 81
2012 77
2012 88
2012 83
2012 79
2012 87
2012 95
2012 143
2012 142
2012 142
2012 189
2012 201
2012 216
2012 199
2012 212
2012 201
2012 190
2012 183
2012 178
2012 183
2012 221
2012 247
2012 245
2012 239
2012 237
2012 247
2012 264
2012 229
2012 236
2012 275
2012 287
2012 277
2012 267
2012 261
2012 262
2012 255
2012 251
2012 248
2012 245
2012 242
2012 240
2012 285
2012 322
2012 316
2012 310
2012 340
2012 338
2012 326
2012 316
2012 322
2012 316
2012 311
2012 307
2012 304
2012 298
2012 297
2012 295
2012 293
2012 292
2012 290
2012 288
2012 284
2012 284
2012 283
2012 281
2012 281
2012 283
2012 332
2012 352
2012 339
2012 329
2012 328
2012 323
2012 318
2012 313
2012 310
2012 306
2012 301
2012 313
2012 307
2012 304
2012 298
2012 293
2012 290
2012 287
2012 285
2012 305
2012 299
2012 294
2012 306
2012 300
2012 297
2012 296
2012 291
2012 288
2012 285
2012 282
2012 279
2012 278
2012 278
2012 314
2012 304
2012 295
2012 290
2012 285
2012 279
2012 277
2012 276
2012 274
2012 270
2012 266
2012 267
2012 265
2012 264
2012 261
2012 258
2012 255
2012 255
2012 252
2012 261
2012 288
2012 277
2012 268
2012 280
2012 272
2012 272
2012 269
2012 272
2012 279
2012 275
2012 285
2012 279
2012 287
2012 281
2012 286
2012 283
2012 302
2012 298
2012 289
2012 277
2012 266
2012 249
2012 244
2012 240
2012 236
2012 232
2012 228
2012 228
2012 228
2012 230
2012 226
2012 217
2012 209
2012 203
2012 200
2012 199
2012 197
2012 200
2012 242
2012 220
2012 203
2012 197
2012 188
2012 183
2012 179
2012 170
2012 162
2012 155
2012 147
2012 143
2012 138
2012 130
2012 124
2012 119
2012 113
2012 104
2012 96
2012 98
2012 92
2012 89
2012 75
2012 70
2012 67
2012 63
2012 61
2012 74
2012 67
2012 59
2012 51
2012 40
2012 30
2012 20
2012 9
2012 0
2012 0
2012 0
2012 0
2012 0
2012 0
2012 0
2012 0
2012 0
2012 0
2012 0
2012 0
2012 0
2012 0
2012 0
2012 0
2012 0
2012 0
2012 0
2012 0
2012 0
2012 0
2012 0
2012 0
2012 0
2012 0
2012 0
2012 0
2012 0
2012 0
2012 0
2012 0
2012 0
2012 0
2012 0
2012 0
2012 0
2012 0
2012 0
2012 0
2012 0
2012 0
2012 0
2012 0
2012 0
2012 0
2012 0
2012 0
2012 0
2012 0
2012 0
2012 0
2012 0
2012 0
2012 0
2012 0
2012 0
2012 0
2012 0
2012 0
2012 0
2012 0
2012 0
2012 0
2012 0
2012 0
2012 0
2012 0
2012 0
2012 0
2012 0
2012 0
2012 0
2014 0
2014 0
2014 0
2014 0
2014 0
2014 0
2014 0
2014 0
2014 0
2014 0
2014 0
2014 0
2014 0
2014 0
2014 0
2014 0
2014 0
2014 0
2014 0
2014 0
2014 0
2014 0
2014 0
2014 0
2014 0
2014 0
2014 0
2014 0
2014 0
2014 0
2014 0
2014 0
2014 0
2014 0
2014 0
2014 0
2014 0
2014 0
2014 0
2014 0
2014 34
2014 25
2014 22
2014 16
2014 13
2014 18
2014 9
2014 7
2014 0
2014 0
2014 0
2014 0
2014 0
2014 0
2014 0
2014 0
2014 0
2014 0
2014 0
2014 0
2014 0
2014 0
2014 0
2014 0
2014 0
2014 8
2014 19
2014 17
2014 14
2014 24
2014 43
2014 41
2014 37
2014 34
2014 32
2014 41
2014 38
2014 35
2014 32
2014 29
2014 31
2014 52
2014 52
2014 52
2014 60
2014 56
2014 53
2014 51
2014 49
2014 47
2014 59
2014 54
2014 52
2014 50
2014 50
2014 50
2014 73
2014 68
2014 64
2014 58
2014 58
2014 56
2014 55
2014 53
2014 54
2014 56
2014 56
2014 52
2014 50
2014 52
2014 47
2014 47
2014 47
2014 46
2014 46
2014 52
2014 85
2014 83
2014 76
2014 80
2014 81
2014 77
2014 75
2014 66
2014 66
2014 63
2014 70
2014 68
2014 66
2014 65
2014 64
2014 67
2014 65
2014 65
2014 65
2014 87
2014 86
2014 76
2014 65
2014 65
2014 63
2014 64
2014 67
2014 65
2014 67
2014 84
2014 80
2014 95
2014 109
2014 104
2014 98
2014 91
2014 90
2014 86
2014 105
2014 102
2014 99
2014 96
2014 95
2014 83
2014 78
2014 80
2014 78
2014 81
2014 85
2014 82
2014 97
2014 83
2014 103
2014 113
2014 108
2014 115
2014 109
2014 115
2014 119
2014 122
2014 117
2014 114
2014 113
2014 119
2014 117
2014 120
2014 122
2014 127
2014 128
2014 127
2014 123
2014 120
2014 117
2014 114
2014 111
2014 110
2014 108
2014 106.5
2014 105
2014 104
2014 103
2014 102
2014 99.5
2014 97
2014 93
2014 91
2014 93
2014 127
2014 134
2014 122
2014 118
2014 112
2014 108
2014 105
2014 102
2014 99
2014 96
2014 94
2014 92
2014 90
2014 89
2014 85
2014 83
2014 83
2014 86
2014 83
2014 81
2014 81
2014 78
2014 75
2014 82
2014 79
2014 77
2014 78
2014 78
2014 76
2014 73
2014 69
2014 67
2014 60
2014 55
2014 48
2014 62
2014 64
2014 60
2014 66
2014 63
2014 74
2014 77
2014 72
2014 68
2014 65
2014 60
2014 57
2014 52
2014 45
2014 46
2014 56
2014 60
2014 81
2014 82
2014 80
2014 76
2014 67
2014 57
2014 50
2014 38
2014 22
2014 13
2014 0
2014 0
2014 0
2014 0
2014 0
2014 0
2014 0
2014 0
2014 0
2014 0
2014 0
2014 0
2014 0
2014 0
2014 0
2014 0
2014 0
2014 0
2014 0
2014 0
2014 0
2014 0
2014 0
2014 0
2014 0
2014 0
2014 0
2014 0
2014 0
2014 0
2014 0
2014 0
2014 0
2014 0
2014 0
2014 0
2014 0
2014 0
2014 0
2014 0
2014 0
2014 0
2014 0
2014 0
2014 0
2014 0
2014 0
2014 0
2014 0
2014 0
2014 0
2014 0
2014 0
2014 0
2014 0
2014 0
2014 0
2014 0
2014 0
2014 0
2014 0
2014 0
2014 0
2014 0
2014 0
2014 0
2014 0
2014 0
2014 0
2014 0
2014 0
2014 0
2014 0
2014 0
2014 0
2014 0
2014 0
2014 0
2014 0
2014 0
2014 0
2014 0
2014 0
2014 0
2014 0
2014 0
2014 0
2014 0
2014 0
2014 0
2014 0
2014 0
2014 0
2014 0
2014 0
2014 0
2014 0
2014 0
2014 0
2014 0
2015 0
2015 0
2015 0
2015 0
2015 0
2015 0
2015 0
2015 0
2015 0
2015 0
2015 0
2015 0
2015 0
2015 0
2015 0
2015 0
2015 0
2015 0
2015 0
2015 0
2015 0
2015 0
2015 0
2015 0
2015 0
2015 0
2015 0
2015 0
2015 0
2015 0
2015 0
2015 0
2015 0
2015 0
2015 0
2015 0
2015 0
2015 0
2015 0
2015 0
2015 0
2015 0
2015 0
2015 0
2015 0
2015 0
2015 0
2015 0
2015 0
2015 0
2015 0
2015 47
2015 59
2015 47
2015 37
2015 26
2015 23
2015 22
2015 23
2015 21
2015 16
2015 16
2015 15
2015 13
2015 10
2015 51
2015 74
2015 60
2015 55
2015 44
2015 38
2015 30
2015 22
2015 27
2015 26
2015 24
2015 47
2015 43
2015 51
2015 51
2015 47
2015 44
2015 39
2015 39
2015 34
2015 31
2015 31
2015 30
2015 29
2015 27
2015 25
2015 24
2015 24
2015 23
2015 23
2015 22
2015 24
2015 24
2015 27
2015 36
2015 35
2015 36
2015 29
2015 25
2015 24
2015 24
2015 35
2015 47
2015 46
2015 43
2015 54
2015 54
2015 52
2015 51
2015 50
2015 54
2015 84
2015 81
2015 106
2015 109
2015 128
2015 121
2015 112.5
2015 104
2015 104
2015 112
2015 109
2015 105
2015 104
2015 103
2015 102
2015 98
2015 127
2015 122
2015 119.5
2015 117
2015 89
2015 90
2015 132
2015 127
2015 119
2015 113
2015 110
2015 108
2015 107
2015 106
2015 111
2015 114
2015 150
2015 141
2015 152
2015 160
2015 164
2015 183
2015 207
2015 188
2015 178
2015 171
2015 165
2015 160
2015 171
2015 166
2015 160
2015 157
2015 154
2015 153
2015 151
2015 147
2015 146
2015 143
2015 142
2015 141
2015 140
2015 136
2015 146
2015 145
2015 169
2015 161
2015 158
2015 176
2015 174
2015 173
2015 212
2015 221
2015 228
2015 239
2015 225
2015 218
2015 212
2015 207
2015 204
2015 201
2015 198
2015 196
2015 195
2015 194
2015 191
2015 189
2015 185
2015 183
2015 181
2015 186
2015 187
2015 185
2015 184
2015 180
2015 181
2015 199
2015 193
2015 199
2015 246
2015 253
2015 280
2015 310
2015 301
2015 314
2015 312
2015 302
2015 294
2015 287
2015 277
2015 267
2015 261
2015 255
2015 247
2015 242
2015 237
2015 232
2015 230
2015 235
2015 230
2015 225
2015 221
2015 217
2015 213
2015 209
2015 207
2015 202
2015 197
2015 204
2015 198
2015 198
2015 200
2015 196
2015 190
2015 182
2015 168
2015 165
2015 161
2015 156
2015 152
2015 145
2015 141
2015 135
2015 126
2015 115
2015 128
2015 119
2015 116
2015 108
2015 106
2015 119
2015 145
2015 141
2015 138
2015 129
2015 122
2015 122
2015 117
2015 112
2015 105
2015 101
2015 95
2015 88
2015 79
2015 67
2015 58
2015 49
2015 33
2015 22
2015 14
2015 12
2015 0
2015 0
2015 0
2015 0
2015 0
2015 0
2015 0
2015 0
2015 0
2015 0
2015 5
2015 0
2015 0
2015 0
2015 0
2015 0
2015 0
2015 0
2015 0
2015 0
2015 0
2015 0
2015 0
2015 0
2015 0
2015 0
2015 0
2015 0
2015 0
2015 0
2015 0
2015 0
2015 0
2015 0
2015 0
2015 0
2015 0
2015 0
2015 0
2015 0
2015 0
2015 0
2015 0
2015 0
2015 0
2015 0
2015 0
2015 0
2015 0
2015 0
2015 0
2015 0
2015 0
2015 0
2015 0
2015 0
2015 0
2015 0
2015 0
2015 0
2015 0
2015 0
2015 0
2015 0
2015 0
2015 0
2015 0
2015 0
2015 0
2015 0
2015 0
2015 0
2015 0
2015 0
2015 0
2015 0
2015 0
2015 0
2015 0
2015 0
2015 0
2015 0
2015 0
2017 0
2017 0
2017 0
2017 0
2017 0
2017 0
2017 0
2017 0
2017 0
2017 0
2017 0
2017 0
2017 0
2017 0
2017 0
2017 0
2017 0
2017 0
2017 0
2017 0
2017 0
2017 0
2017 0
2017 0
2017 0
2017 0
2017 0
2017 0
2017 0
2017 0
2017 0
2017 0
2017 0
2017 0
2017 0
2017 0
2017 0
2017 0
2017 0
2017 0
2017 0
2017 0
2017 0
2017 0
2017 0
2017 0
2017 0
2017 0
2017 0
2017 0
2017 0
2017 0
2017 0
2017 0
2017 0
2017 0
2017 0
2017 0
2017 0
2017 0
2017 0
2017 0
2017 0
2017 0
2017 0
2017 0
2017 15
2017 19
2017 7
2017 13
2017 33
2017 72
2017 64
2017 51
2017 46
2017 42
2017 34
2017 28
2017 27
2017 46
2017 27
2017 24
2017 19
2017 17
2017 15
2017 13
2017 12
2017 14
2017 14
2017 14
2017 14
2017 14
2017 13
2017 13
2017 13
2017 14
2017 13
2017 13
2017 13
2017 14
2017 14
2017 14
2017 14
2017 13
2017 13
2017 13
2017 12
2017 13
2017 14
2017 16
2017 15
2017 14
2017 14
2017 14
2017 15
2017 15
2017 14
2017 16
2017 16
2017 15
2017 15
2017 15
2017 16
2017 15
2017 20
2017 33
2017 51
2017 43
2017 42
2017 54
2017 51
2017 51
2017 52
2017 55
2017 102
2017 175
2017 148
2017 140
2017 130
2017 122
2017 113
2017 107
2017 102
2017 99
2017 96
2017 94
2017 93
2017 92
2017 89
2017 81
2017 80
2017 80
2017 97
2017 127
2017 121
2017 118
2017 115
2017 123
2017 131
2017 128
2017 130
2017 127
2017 120
2017 122
2017 119
2017 114
2017 112
2017 110
2017 104
2017 123
2017 118
2017 116
2017 117
2017 123
2017 122
2017 120
2017 133
2017 131
2017 128
2017 118
2017 120
2017 127
2017 148
2017 140
2017 124
2017 157
2017 179
2017 222
2017 209
2017 246
2017 239
2017 229
2017 222
2017 217
2017 213
2017 208
2017 205
2017 196
2017 208
2017 200
2017 193
2017 188
2017 190
2017 187
2017 185
2017 180
2017 179
2017 176
2017 171
2017 168
2017 164
2017 159
2017 155
2017 153
2017 149
2017 150
2017 153
2017 151
2017 147
2017 145
2017 139
2017 136
2017 135
2017 132
2017 125
2017 125
2017 125
2017 172
2017 183
2017 214
2017 217
2017 197
2017 189
2017 181
2017 173
2017 167
2017 161
2017 163
2017 179
2017 200
2017 183
2017 176
2017 188
2017 184
2017 175
2017 178
2017 174
2017 168
2017 176
2017 177
2017 176
2017 170
2017 168
2017 161
2017 155
2017 153
2017 146
2017 140
2017 133
2017 126
2017 119
2017 122
2017 115
2017 110
2017 103
2017 95
2017 86
2017 78
2017 68
2017 58
2017 45
2017 35
2017 22
2017 15
2017 7
2017 0
2017 0
2017 0
2017 0
2017 0
2017 0
2017 0
2017 0
2017 0
2017 0
2017 0
2017 0
2017 0
2017 0
2017 0
2017 0
2017 0
2017 0
2017 0
2017 0
2017 0
2017 0
2017 0
2017 0
2017 0
2017 0
2017 0
2017 0
2017 0
2017 0
2017 0
2017 0
2017 0
2017 0
2017 0
2017 0
2017 0
2017 0
2017 0
2017 0
2017 0
2017 0
2017 0
2017 0
2017 0
2017 0
2017 0
2017 0
2017 0
2017 0
2017 0
2017 0
2017 0
2017 0
2017 0
2017 0
2017 0
2017 0
2017 0
2017 0
2017 0
2017 0
2017 0
2017 0
2017 0
2017 0
2017 0
2017 0
2017 0
2017 0
2017 0
2017 0
2017 0
2017 0
2017 0
2017 0
2017 0
2017 0
2017 0
2017 0
2017 0
2017 0
2017 0
2017 0
2017 0
2017 0
2017 0
2017 0
2017 0
2017 0
2018 0
2018 0
2018 0
2018 0
2018 0
2018 0
2018 0
2018 0
2018 0
2018 0
2018 0
2018 0
2018 0
2018 0
2018 0
2018 0
2018 0
2018 0
2018 0
2018 0
2018 0
2018 0
2018 0
2018 0
2018 0
2018 0
2018 0
2018 0
2018 0
2018 0
2018 0
2018 0
2018 0
2018 0
2018 0
2018 0
2018 0
2018 0
2018 0
2018 0
2018 0
2018 0
2018 0
2018 0
2018 0
2018 0
2018 0
2018 0
2018 0
2018 0
2018 0
2018 0
2018 29
2018 19
2018 9
2018 5
2018 0
2018 0
2018 0
2018 8
2018 7
2018 5
2018 6
2018 5
2018 0
2018 27
2018 37
2018 31
2018 35
2018 31
2018 31
2018 51
2018 78
2018 86
2018 77
2018 73
2018 70
2018 69
2018 67
2018 89
2018 83
2018 82
2018 79
2018 76
2018 75
2018 67
2018 97
2018 105
2018 92
2018 94
2018 105
2018 95
2018 88
2018 86
2018 99
2018 95
2018 90
2018 87
2018 106
2018 127
2018 72
2018 68
2018 101
2018 94
2018 112
2018 122
2018 134
2018 153
2018 160
2018 145
2018 137
2018 131
2018 134
2018 127
2018 124
2018 122
2018 119
2018 120
2018 166
2018 155
2018 169
2018 160
2018 157
2018 180
2018 185
2018 205
2018 189
2018 183
2018 179
2018 176
2018 179
2018 176
2018 172
2018 172
2018 170
2018 168
2018 167
2018 190
2018 239
2018 249
2018 265
2018 275
2018 325
2018 351
2018 346
2018 330
2018 321
2018 313
2018 308
2018 303
2018 299
2018 294
2018 292
2018 300
2018 294
2018 292
2018 289
2018 285
2018 283
2018 281
2018 278
2018 276
2018 276
2018 280
2018 306
2018 296
2018 290
2018 307
2018 310
2018 311
2018 307
2018 305
2018 303
2018 305
2018 301
2018 298
2018 296
2018 296
2018 295
2018 292
2018 292
2018 289
2018 288
2018 286
2018 286
2018 285
2018 283
2018 294
2018 298
2018 294
2018 292
2018 286
2018 285
2018 297
2018 307
2018 302
2018 297
2018 297
2018 299
2018 309
2018 305
2018 303
2018 299
2018 298
2018 296
2018 296
2018 292
2018 306
2018 311
2018 317
2018 314
2018 334
2018 341
2018 327
2018 320
2018 312
2018 312
2018 309
2018 301
2018 296
2018 292
2018 289
2018 287
2018 286
2018 283
2018 280
2018 276
2018 274
2018 269
2018 263
2018 258
2018 252
2018 246
2018 240
2018 234
2018 228
2018 222
2018 218
2018 211
2018 203
2018 194
2018 192
2018 187
2018 186
2018 183
2018 176
2018 169
2018 162
2018 159
2018 151
2018 147
2018 147
2018 139
2018 136
2018 129
2018 128
2018 133
2018 134
2018 133
2018 125
2018 123
2018 120
2018 113
2018 111
2018 106
2018 101
2018 94
2018 84
2018 77
2018 69
2018 59
2018 50
2018 41
2018 31
2018 27
2018 19
2018 10
2018 0
2018 0
2018 0
2018 0
2018 0
2018 0
2018 0
2018 0
2018 0
2018 0
2018 0
2018 0
2018 0
2018 0
2018 0
2018 0
2018 0
2018 0
2018 0
2018 0
2018 0
2018 0
2018 0
2018 0
2018 0
2018 0
2018 0
2018 0
2018 0
2018 0
2018 0
2018 0
2018 0
2018 0
2018 0
2018 0
2018 0
2018 0
2018 0
2018 0
2018 0
2018 0
2018 0
2018 0
2018 0
2018 0
2018 0
2018 0
2018 0
2018 0
2018 0
2018 0
2018 0
2018 0
2018 0
2018 0
2018 0
2018 0
2018 0
2018 0
2018 0
2018 0
2018 0
2018 0
2018 0
2018 0
2018 0
2018 0
2018 0
2018 0
2018 0
2018 0
2018 0
2018 0
2018 0
2018 0
2018 0
2018 0
2018 0
2018 0
2018 0
2018 0
2018 0
2018 0
2018 0
2018 0
2018 0
2018 0
2019 0
2019 0
2019 0
2019 0
2019 0
2019 0
2019 0
2019 0
2019 0
2019 0
2019 0
2019 0
2019 0
2019 0
2019 0
2019 0
2019 0
2019 0
2019 0
2019 0
2019 0
2019 0
2019 0
2019 0
2019 0
2019 0
2019 0
2019 0
2019 0
2019 0
2019 0
2019 0
2019 0
2019 0
2019 0
2019 0
2019 0
2019 0
2019 0
2019 0
2019 0
2019 0
2019 0
2019 0
2019 0
2019 0
2019 0
2019 0
2019 0
2019 0
2019 0
2019 0
2019 0
2019 0
2019 0
2019 0
2019 18
2019 28
2019 13
2019 10
2019 5
2019 5
2019 0
2019 0
2019 0
2019 0
2019 0
2019 0
2019 0
2019 0
2019 0
2019 0
2019 0
2019 0
2019 0
2019 0
2019 0
2019 0
2019 0
2019 5
2019 0
2019 0
2019 0
2019 0
2019 0
2019 0
2019 0
2019 7
2019 0
2019 0
2019 0
2019 0
2019 0
2019 10
2019 41
2019 35
2019 31
2019 28
2019 44
2019 86
2019 120
2019 125
2019 114
2019 103
2019 99
2019 95
2019 102
2019 103
2019 100
2019 94
2019 93
2019 93
2019 98
2019 106
2019 125
2019 118
2019 114
2019 111
2019 109
2019 107
2019 106
2019 112
2019 111
2019 122
2019 110
2019 107
2019 128
2019 141
2019 139
2019 160
2019 176
2019 176
2019 173
2019 172
2019 223
2019 254
2019 271
2019 254
2019 247
2019 243
2019 236
2019 231
2019 227
2019 222
2019 219
2019 217
2019 214
2019 217
2019 212
2019 236
2019 254
2019 235
2019 228
2019 199
2019 205
2019 226
2019 220
2019 216
2019 212
2019 210
2019 211
2019 207
2019 197
2019 242
2019 238
2019 229
2019 223
2019 218
2019 214
2019 212
2019 210
2019 207
2019 206
2019 205
2019 202
2019 200
2019 199
2019 197
2019 196
2019 193
2019 192
2019 220
2019 217
2019 213
2019 209
2019 206
2019 205
2019 210
2019 206
2019 210
2019 206
2019 242
2019 237
2019 238
2019 269
2019 304
2019 290
2019 285
2019 311
2019 298
2019 293
2019 285
2019 279
2019 275
2019 271
2019 282
2019 287
2019 282
2019 277
2019 273
2019 270
2019 267
2019 265
2019 262
2019 260
2019 304
2019 290
2019 281
2019 276
2019 272
2019 272
2019 271
2019 271
2019 269
2019 266
2019 276
2019 269
2019 266
2019 261
2019 256
2019 249
2019 244
2019 241
2019 235
2019 233
2019 224
2019 221
2019 262
2019 253
2019 256
2019 262
2019 252
2019 243
2019 242
2019 237
2019 243
2019 251
2019 244
2019 240
2019 236
2019 235
2019 235
2019 238
2019 263
2019 259
2019 255
2019 257
2019 248
2019 243
2019 239
2019 235
2019 240
2019 242
2019 239
2019 234
2019 226
2019 223
2019 217
2019 216
2019 217
2019 223
2019 218
2019 210
2019 201
2019 193
2019 183
2019 173
2019 163
2019 157
2019 144
2019 137
2019 132
2019 123
2019 113
2019 104
2019 96
2019 84
2019 75
2019 70
2019 59
2019 47
2019 38
2019 29
2019 25
2019 18
2019 12
2019 0
2019 0
2019 0
2019 0
2019 0
2019 0
2019 0
2019 0
2019 0
2019 0
2019 0
2019 0
2019 0
2019 0
2019 0
2019 0
2019 0
2019 0
2019 0
2019 0
2019 0
2019 0
2019 0
2019 0
2019 0
2019 0
2019 0
2019 0
2019 0
2019 0
2019 0
2019 0
2019 0
2019 0
2019 0
2019 0
2019 0
2019 0
2019 0
2019 0
2019 0
2019 0
2019 0
2019 0
2019 0
2019 0
2019 0
2019 0
2019 0
2019 0
2019 0
2019 0
2019 0
2019 0
2019 0
2019 0
2019 0
2019 0
2019 0
2019 0
2019 0
2019 0
2019 0
2019 0
2019 0
2019 0
2019 0
2019 0
2019 0
