2008 0
2008 0
2008 0
2008 0
2008 0
2008 0
2008 0
2008 0
2008 0
2008 0
2008 0
2008 0
2008 0
2008 0
2008 0
2008 0
2008 0
2008 0
2008 0
2008 0
2008 0
2008 0
2008 0
2008 0
2008 0
2008 0
2008 0
2008 0
2008 0
2008 0
2008 0
2008 0
2008 0
2008 0
2008 0
2008 0
2008 0
2008 0
2008 0
2008 0
2008 0
2008 0
2008 0
2008 0
2008 0
2008 0
2008 0
2008 0
2008 0
2008 0
2008 0
2008 0
2008 0
2008 0
2008 0
2008 0
2008 0
2008 0
2008 0
2008 0
2008 0
2008 0
2008 0
2008 0
2008 0
2008 0
2008 0
2008 0
2008 0
2008 0
2008 10.3243243243243
2008 18.3243243243243
2008 19.3243243243243
2008 26.3243243243243
2008 33.3243243243243
2008 30.3243243243243
2008 28.3243243243243
2008 27.3243243243243
2008 27.3243243243243
2008 27.3243243243243
2008 25.3243243243243
2008 25.3243243243243
2008 37.3243243243243
2008 55.3243243243243
2008 52.3243243243243
2008 55.3243243243243
2008 55.3243243243243
2008 53.3243243243243
2008 52.3243243243243
2008 51.3243243243243
2008 51.3243243243243
2008 51.3243243243243
2008 50.3243243243243
2008 57.3243243243243
2008 67.3243243243243
2008 65.3243243243243
2008 64.3243243243243
2008 70.3243243243243
2008 72.3243243243243
2008 80.3243243243243
2008 81.3243243243243
2008 82.3243243243243
2008 79.3243243243243
2008 78.3243243243243
2008 76.3243243243243
2008 75.3243243243243
2008 75.3243243243243
2008 69.3243243243243
2008 69.3243243243243
2008 69.3243243243243
2008 69.3243243243243
2008 69.3243243243243
2008 69.3243243243243
2008 69.3243243243243
2008 68.3243243243243
2008 68.3243243243243
2008 69.3243243243243
2008 68.3243243243243
2008 68.3243243243243
2008 68.3243243243243
2008 68.3243243243243
2008 68.3243243243243
2008 68.3243243243243
2008 68.3243243243243
2008 74.3243243243243
2008 78.3243243243243
2008 81.3243243243243
2008 82.3243243243243
2008 94.3243243243243
2008 90.3243243243243
2008 89.3243243243243
2008 88.3243243243243
2008 87.3243243243243
2008 139.324324324324
2008 130.324324324324
2008 125.324324324324
2008 122.324324324324
2008 121.324324324324
2008 116.324324324324
2008 115.324324324324
2008 115.324324324324
2008 113.324324324324
2008 111.324324324324
2008 114.324324324324
2008 109.324324324324
2008 108.324324324324
2008 106.324324324324
2008 106.324324324324
2008 106.324324324324
2008 105.324324324324
2008 104.324324324324
2008 104.324324324324
2008 105.324324324324
2008 103.324324324324
2008 102.324324324324
2008 103.324324324324
2008 109.324324324324
2008 110.324324324324
2008 108.324324324324
2008 106.324324324324
2008 105.324324324324
2008 105.324324324324
2008 104.324324324324
2008 104.324324324324
2008 104.324324324324
2008 103.324324324324
2008 103.324324324324
2008 103.324324324324
2008 103.324324324324
2008 102.324324324324
2008 102.324324324324
2008 102.324324324324
2008 102.324324324324
2008 104.324324324324
2008 103.324324324324
2008 102.324324324324
2008 101.324324324324
2008 101.324324324324
2008 101.324324324324
2008 102.324324324324
2008 101.324324324324
2008 102.324324324324
2008 100.324324324324
2008 99.3243243243243
2008 99.3243243243243
2008 101.324324324324
2008 100.324324324324
2008 99.3243243243243
2008 100.324324324324
2008 100.324324324324
2008 99.3243243243243
2008 102.324324324324
2008 109.324324324324
2008 122.324324324324
2008 121.324324324324
2008 120.324324324324
2008 120.324324324324
2008 120.324324324324
2008 118.324324324324
2008 118.324324324324
2008 117.324324324324
2008 119.324324324324
2008 129.324324324324
2008 127.324324324324
2008 128.324324324324
2008 126.324324324324
2008 122.324324324324
2008 121.324324324324
2008 125.324324324324
2008 123.324324324324
2008 120.324324324324
2008 121.324324324324
2008 126.324324324324
2008 121.324324324324
2008 134.324324324324
2008 131.324324324324
2008 129.324324324324
2008 128.324324324324
2008 127.324324324324
2008 126.324324324324
2008 126.324324324324
2008 128.324324324324
2008 125.324324324324
2008 128.324324324324
2008 135.324324324324
2008 134.324324324324
2008 137.324324324324
2008 136.324324324324
2008 135.324324324324
2008 136.324324324324
2008 135.324324324324
2008 133.324324324324
2008 133.324324324324
2008 145.324324324324
2008 141.324324324324
2008 133.324324324324
2008 131.324324324324
2008 126.324324324324
2008 124.324324324324
2008 119.324324324324
2008 117.324324324324
2008 119.324324324324
2008 126.324324324324
2008 122.324324324324
2008 119.324324324324
2008 113.324324324324
2008 109.324324324324
2008 103.324324324324
2008 99.3243243243243
2008 93.3243243243243
2008 89.3243243243243
2008 83.3243243243243
2008 78.3243243243243
2008 73.3243243243243
2008 67.3243243243243
2008 62.3243243243243
2008 57.3243243243243
2008 52.3243243243243
2008 46.3243243243243
2008 41.3243243243243
2008 37.3243243243243
2008 28.3243243243243
2008 25.3243243243243
2008 21.3243243243243
2008 16.3243243243243
2008 10.3243243243243
2008 0
2008 0
2008 0
2008 0
2008 0
2008 0
2008 0
2008 0
2008 0
2008 0
2008 0
2008 0
2008 0
2008 0
2008 0
2008 0
2008 0
2008 0
2008 0
2008 0
2008 0
2008 0
2008 0
2008 0
2008 0
2008 0
2008 0
2008 0
2008 0
2008 0
2008 0
2008 0
2008 0
2008 0
2008 0
2008 0
2008 0
2008 0
2008 0
2008 0
2008 0
2008 0
2008 0
2008 0
2008 0
2008 0
2008 0
2008 0
2008 0
2008 0
2008 0
2008 0
2008 0
2008 0
2008 0
2008 0
2008 0
2008 0
2008 0
2008 0
2008 0
2008 0
2008 0
2008 0
2008 0
2008 0
2008 0
2008 0
2008 0
2008 0
2008 0
2008 0
2008 0
2008 0
2008 0
2008 0
2008 0
2008 0
2008 0
2008 0
2008 0
2008 0
2008 0
2008 0
2008 0
2008 0
2008 0
2008 0
2008 0
2008 0
2008 0
2008 0
2008 0
2008 0
2008 0
2008 0
2008 0
2008 0
2008 0
2008 0
2009 0
2009 0
2009 0
2009 0
2009 0
2009 0
2009 0
2009 0
2009 0
2009 0
2009 0
2009 0
2009 0
2009 0
2009 0
2009 0
2009 0
2009 0
2009 0
2009 0
2009 0
2009 0
2009 0
2009 0
2009 0
2009 0
2009 0
2009 0
2009 0
2009 0
2009 0
2009 0
2009 0
2009 0
2009 0
2009 0
2009 0
2009 0
2009 0
2009 0
2009 0
2009 0
2009 0
2009 0
2009 0
2009 0
2009 0
2009 0
2009 0
2009 0
2009 0
2009 0
2009 0
2009 0
2009 0
2009 0
2009 0
2009 9.01219512195122
2009 22.0121951219512
2009 35.0121951219512
2009 35.0121951219512
2009 32.0121951219512
2009 29.0121951219512
2009 41.0121951219512
2009 60.0121951219512
2009 91.0121951219512
2009 81.0121951219512
2009 76.0121951219512
2009 71.0121951219512
2009 69.0121951219512
2009 66.0121951219512
2009 64.0121951219512
2009 73.0121951219512
2009 80.0121951219512
2009 74.0121951219512
2009 71.0121951219512
2009 69.0121951219512
2009 67.0121951219512
2009 68.0121951219512
2009 66.0121951219512
2009 66.0121951219512
2009 69.0121951219512
2009 71.0121951219512
2009 59.0121951219512
2009 71.0121951219512
2009 70.0121951219512
2009 68.0121951219512
2009 68.0121951219512
2009 70.0121951219512
2009 69.0121951219512
2009 76.0121951219512
2009 80.0121951219512
2009 79.0121951219512
2009 78.0121951219512
2009 77.0121951219512
2009 90.0121951219512
2009 94.0121951219512
2009 92.0121951219512
2009 91.0121951219512
2009 91.0121951219512
2009 99.0121951219512
2009 122.012195121951
2009 115.012195121951
2009 114.012195121951
2009 114.012195121951
2009 139.012195121951
2009 136.012195121951
2009 137.012195121951
2009 131.012195121951
2009 128.012195121951
2009 121.012195121951
2009 115.012195121951
2009 112.012195121951
2009 110.012195121951
2009 108.012195121951
2009 108.012195121951
2009 106.012195121951
2009 103.012195121951
2009 104.012195121951
2009 104.012195121951
2009 103.012195121951
2009 101.012195121951
2009 103.012195121951
2009 102.012195121951
2009 100.012195121951
2009 101.012195121951
2009 101.012195121951
2009 100.012195121951
2009 101.012195121951
2009 100.012195121951
2009 100.012195121951
2009 100.012195121951
2009 100.012195121951
2009 99.0121951219512
2009 97.0121951219512
2009 99.0121951219512
2009 99.0121951219512
2009 96.0121951219512
2009 98.0121951219512
2009 102.012195121951
2009 98.0121951219512
2009 114.012195121951
2009 110.012195121951
2009 110.012195121951
2009 123.012195121951
2009 131.012195121951
2009 130.012195121951
2009 128.012195121951
2009 128.012195121951
2009 125.012195121951
2009 124.012195121951
2009 124.012195121951
2009 124.012195121951
2009 123.012195121951
2009 124.012195121951
2009 122.012195121951
2009 121.012195121951
2009 120.012195121951
2009 139.012195121951
2009 153.012195121951
2009 155.012195121951
2009 151.012195121951
2009 150.012195121951
2009 145.012195121951
2009 143.012195121951
2009 141.012195121951
2009 139.012195121951
2009 138.012195121951
2009 138.012195121951
2009 142.012195121951
2009 146.012195121951
2009 144.012195121951
2009 143.012195121951
2009 142.012195121951
2009 148.012195121951
2009 146.012195121951
2009 145.012195121951
2009 144.012195121951
2009 143.012195121951
2009 141.012195121951
2009 139.012195121951
2009 139.012195121951
2009 139.012195121951
2009 142.012195121951
2009 142.012195121951
2009 170.012195121951
2009 168.012195121951
2009 164.012195121951
2009 162.012195121951
2009 164.012195121951
2009 166.012195121951
2009 178.012195121951
2009 172.012195121951
2009 169.012195121951
2009 165.012195121951
2009 164.012195121951
2009 161.012195121951
2009 159.012195121951
2009 158.012195121951
2009 158.012195121951
2009 155.012195121951
2009 156.012195121951
2009 156.012195121951
2009 156.012195121951
2009 160.012195121951
2009 158.012195121951
2009 166.012195121951
2009 163.012195121951
2009 173.012195121951
2009 186.012195121951
2009 177.012195121951
2009 171.012195121951
2009 164.012195121951
2009 161.012195121951
2009 159.012195121951
2009 158.012195121951
2009 155.012195121951
2009 153.012195121951
2009 150.012195121951
2009 147.012195121951
2009 146.012195121951
2009 145.012195121951
2009 148.012195121951
2009 144.012195121951
2009 140.012195121951
2009 138.012195121951
2009 135.012195121951
2009 165.012195121951
2009 153.012195121951
2009 147.012195121951
2009 159.012195121951
2009 159.012195121951
2009 151.012195121951
2009 146.012195121951
2009 144.012195121951
2009 150.012195121951
2009 145.012195121951
2009 145.012195121951
2009 205.012195121951
2009 216.012195121951
2009 208.012195121951
2009 195.012195121951
2009 186.012195121951
2009 177.012195121951
2009 170.012195121951
2009 167.012195121951
2009 163.012195121951
2009 157.012195121951
2009 153.012195121951
2009 149.012195121951
2009 144.012195121951
2009 139.012195121951
2009 135.012195121951
2009 130.012195121951
2009 124.012195121951
2009 115.012195121951
2009 109.012195121951
2009 103.012195121951
2009 97.0121951219512
2009 93.0121951219512
2009 85.0121951219512
2009 78.0121951219512
2009 69.0121951219512
2009 56.0121951219512
2009 47.0121951219512
2009 36.0121951219512
2009 25.0121951219512
2009 21.0121951219512
2009 10.5121951219512
2009 0
2009 0
2009 0
2009 0
2009 0
2009 0
2009 0
2009 0
2009 0
2009 0
2009 0
2009 0
2009 0
2009 0
2009 0
2009 0
2009 0
2009 0
2009 0
2009 0
2009 0
2009 0
2009 0
2009 0
2009 0
2009 0
2009 0
2009 0
2009 0
2009 0
2009 0
2009 0
2009 0
2009 0
2009 0
2009 0
2009 0
2009 0
2009 0
2009 0
2009 0
2009 0
2009 0
2009 0
2009 0
2009 0
2009 0
2009 0
2009 0
2009 0
2009 0
2009 0
2009 0
2009 0
2009 0
2009 0
2009 0
2009 0
2009 0
2009 0
2009 0
2009 0
2009 0
2009 0
2009 0
2009 0
2009 0
2009 0
2009 0
2009 0
2009 0
2009 0
2009 0
2009 0
2009 0
2009 0
2009 0
2009 0
2009 0
2009 0
2009 0
2009 0
2009 0
2009 0
2009 0
2009 0
2009 0
2009 0
2009 0
2009 0
2009 0
2009 0
2009 0
2009 0
2009 0
2009 0
2010 0
2010 0
2010 0
2010 0
2010 0
2010 0
2010 0
2010 0
2010 0
2010 0
2010 0
2010 0
2010 0
2010 0
2010 0
2010 0
2010 0
2010 0
2010 0
2010 0
2010 0
2010 0
2010 0
2010 0
2010 0
2010 0
2010 0
2010 0
2010 0
2010 0
2010 0
2010 0
2010 0
2010 0
2010 0
2010 0
2010 0
2010 0
2010 0
2010 0
2010 0
2010 0
2010 0
2010 0
2010 0
2010 0
2010 0
2010 0
2010 0
2010 0
2010 0
2010 0
2010 0
2010 0
2010 0
2010 0
2010 0
2010 0
2010 0
2010 0
2010 0
2010 0
2010 5.85714285714286
2010 12.8571428571429
2010 13.8571428571429
2010 14.8571428571429
2010 12.8571428571429
2010 14.8571428571429
2010 16.4571428571429
2010 18.0571428571429
2010 19.6571428571429
2010 21.2571428571429
2010 22.8571428571429
2010 22.8571428571429
2010 22.8571428571429
2010 22.8571428571429
2010 18.8571428571429
2010 17.8571428571429
2010 16.8571428571429
2010 15.8571428571429
2010 15.8571428571429
2010 14.8571428571429
2010 19.5238095238096
2010 24.1904761904762
2010 28.8571428571429
2010 27.8571428571429
2010 26.8571428571429
2010 24.8571428571429
2010 25.8571428571429
2010 27.8571428571429
2010 70.8571428571429
2010 80.8571428571429
2010 73.8571428571429
2010 68.8571428571429
2010 67.8571428571429
2010 64.8571428571429
2010 63.8571428571429
2010 62.8571428571429
2010 56.8571428571429
2010 56.8571428571429
2010 55.8571428571429
2010 52.8571428571429
2010 52.8571428571429
2010 49.8571428571429
2010 53.8571428571429
2010 52.8571428571429
2010 52.8571428571429
2010 52.8571428571429
2010 53.8571428571429
2010 45.8571428571429
2010 51.8571428571429
2010 35.8571428571429
2010 41.8571428571429
2010 53.8571428571429
2010 56.8571428571429
2010 62.8571428571429
2010 62.8571428571429
2010 60.8571428571429
2010 57.8571428571429
2010 62.8571428571429
2010 69.8571428571429
2010 69.8571428571429
2010 66.8571428571429
2010 65.8571428571429
2010 64.8571428571429
2010 64.8571428571429
2010 63.8571428571429
2010 62.8571428571429
2010 63.8571428571429
2010 70.8571428571429
2010 79.8571428571429
2010 74.8571428571429
2010 74.8571428571429
2010 74.8571428571429
2010 74.8571428571429
2010 73.8571428571429
2010 73.8571428571429
2010 71.8571428571429
2010 70.8571428571429
2010 70.8571428571429
2010 70.8571428571429
2010 70.8571428571429
2010 69.8571428571429
2010 70.8571428571429
2010 69.8571428571429
2010 70.8571428571429
2010 69.8571428571429
2010 72.8571428571429
2010 71.8571428571429
2010 59.8571428571429
2010 56.8571428571429
2010 61.8571428571429
2010 60.8571428571429
2010 61.8571428571429
2010 61.8571428571429
2010 61.8571428571429
2010 61.8571428571429
2010 71.8571428571429
2010 73.8571428571429
2010 70.8571428571429
2010 69.8571428571429
2010 69.8571428571429
2010 71.8571428571429
2010 77.8571428571429
2010 72.8571428571429
2010 71.8571428571429
2010 71.8571428571429
2010 71.8571428571429
2010 71.8571428571429
2010 74.8571428571429
2010 75.8571428571429
2010 77.8571428571429
2010 77.8571428571429
2010 77.8571428571429
2010 81.8571428571429
2010 80.8571428571429
2010 80.8571428571429
2010 80.8571428571429
2010 80.8571428571429
2010 81.8571428571429
2010 79.8571428571429
2010 77.8571428571429
2010 77.8571428571429
2010 77.8571428571429
2010 77.8571428571429
2010 76.8571428571429
2010 75.8571428571429
2010 76.8571428571429
2010 76.8571428571429
2010 75.8571428571429
2010 79.8571428571429
2010 80.8571428571429
2010 79.8571428571429
2010 78.8571428571429
2010 77.8571428571429
2010 78.8571428571429
2010 78.8571428571429
2010 78.8571428571429
2010 78.8571428571429
2010 78.8571428571429
2010 77.8571428571429
2010 75.8571428571429
2010 75.8571428571429
2010 73.8571428571429
2010 73.8571428571429
2010 78.8571428571429
2010 89.8571428571429
2010 88.8571428571429
2010 97.8571428571429
2010 91.8571428571429
2010 112.857142857143
2010 106.857142857143
2010 105.857142857143
2010 102.857142857143
2010 101.857142857143
2010 108.857142857143
2010 108.857142857143
2010 101.857142857143
2010 98.8571428571429
2010 96.8571428571429
2010 93.8571428571429
2010 92.8571428571429
2010 90.8571428571429
2010 92.8571428571429
2010 90.8571428571429
2010 92.8571428571429
2010 92.8571428571429
2010 91.8571428571429
2010 89.8571428571429
2010 88.8571428571429
2010 86.8571428571429
2010 82.8571428571429
2010 80.8571428571429
2010 75.8571428571429
2010 72.8571428571429
2010 66.8571428571429
2010 60.8571428571429
2010 55.8571428571429
2010 52.8571428571429
2010 46.8571428571429
2010 41.8571428571429
2010 37.8571428571429
2010 34.8571428571429
2010 43.8571428571429
2010 45.8571428571429
2010 44.8571428571429
2010 86.8571428571429
2010 68.8571428571429
2010 62.8571428571429
2010 56.8571428571429
2010 55.8571428571429
2010 50.8571428571429
2010 54.8571428571429
2010 51.8571428571429
2010 53.8571428571429
2010 57.8571428571429
2010 62.8571428571429
2010 59.8571428571429
2010 57.8571428571429
2010 55.8571428571429
2010 54.8571428571429
2010 48.8571428571429
2010 45.8571428571429
2010 40.8571428571429
2010 35.8571428571429
2010 28.8571428571429
2010 22.8571428571429
2010 17.8571428571429
2010 11.8571428571429
2010 6.85714285714286
2010 0
2010 0
2010 8.85714285714286
2010 0
2010 0
2010 0
2010 0
2010 0
2010 0
2010 0
2010 0
2010 0
2010 0
2010 0
2010 0
2010 0
2010 0
2010 0
2010 0
2010 0
2010 0
2010 0
2010 0
2010 0
2010 0
2010 0
2010 0
2010 0
2010 0
2010 0
2010 0
2010 0
2010 0
2010 0
2010 0
2010 0
2010 0
2010 0
2010 0
2010 0
2010 0
2010 0
2010 0
2010 0
2010 0
2010 0
2010 0
2010 0
2010 0
2010 0
2010 0
2010 0
2010 0
2010 0
2010 0
2010 0
2010 0
2010 0
2010 0
2010 0
2010 0
2010 0
2010 0
2010 0
2010 0
2010 0
2010 0
2010 0
2010 0
2010 0
2010 0
2010 0
2010 0
2010 0
2010 0
2010 0
2010 0
2010 0
2010 0
2010 0
2010 0
2010 0
2010 0
2010 0
2010 0
2010 0
2010 0
2010 0
2010 0
2010 0
2010 0
2010 0
2010 0
2010 0
2010 0
2011 0
2011 0
2011 0
2011 0
2011 0
2011 0
2011 0
2011 0
2011 0
2011 0
2011 0
2011 0
2011 0
2011 0
2011 0
2011 0
2011 0
2011 0
2011 0
2011 0
2011 0
2011 0
2011 0
2011 0
2011 0
2011 0
2011 0
2011 0
2011 0
2011 0
2011 0
2011 0
2011 0
2011 0
2011 0
2011 0
2011 0
2011 0
2011 0
2011 0
2011 0
2011 0
2011 0
2011 0
2011 0
2011 0
2011 0
2011 0
2011 0
2011 0
2011 0
2011 0
2011 0
2011 10.8333333333333
2011 28.8333333333333
2011 26.8333333333333
2011 22.8333333333333
2011 19.8333333333333
2011 18.8333333333333
2011 16.8333333333333
2011 32.8333333333333
2011 34.8333333333333
2011 29.8333333333333
2011 27.8333333333333
2011 26.8333333333333
2011 25.8333333333333
2011 26.8333333333333
2011 28.8333333333333
2011 30.8333333333333
2011 33.8333333333333
2011 33.8333333333333
2011 34.8333333333333
2011 29.8333333333333
2011 27.8333333333333
2011 27.8333333333333
2011 36.8333333333333
2011 66.8333333333333
2011 57.8333333333333
2011 57.8333333333333
2011 56.8333333333333
2011 55.8333333333333
2011 54.8333333333333
2011 53.8333333333333
2011 55.8333333333333
2011 52.8333333333333
2011 53.8333333333333
2011 53.8333333333333
2011 53.8333333333333
2011 53.8333333333333
2011 53.8333333333333
2011 53.8333333333333
2011 57.8333333333333
2011 56.8333333333333
2011 56.8333333333333
2011 55.8333333333333
2011 56.8333333333333
2011 58.8333333333333
2011 58.8333333333333
2011 58.8333333333333
2011 60.8333333333333
2011 59.8333333333333
2011 57.8333333333333
2011 56.8333333333333
2011 56.8333333333333
2011 56.8333333333333
2011 56.8333333333333
2011 56.8333333333333
2011 58.8333333333333
2011 58.8333333333333
2011 65.8333333333333
2011 64.8333333333333
2011 64.8333333333333
2011 64.8333333333333
2011 70.8333333333333
2011 84.8333333333333
2011 84.8333333333333
2011 88.8333333333333
2011 86.8333333333333
2011 85.8333333333333
2011 83.8333333333333
2011 83.8333333333333
2011 81.8333333333333
2011 81.8333333333333
2011 80.8333333333333
2011 80.8333333333333
2011 80.8333333333333
2011 80.8333333333333
2011 79.8333333333333
2011 78.8333333333333
2011 81.8333333333333
2011 77.8333333333333
2011 82.8333333333333
2011 81.8333333333333
2011 83.8333333333333
2011 82.8333333333333
2011 81.8333333333333
2011 80.8333333333333
2011 79.8333333333333
2011 80.8333333333333
2011 80.8333333333333
2011 80.8333333333333
2011 80.8333333333333
2011 82.8333333333333
2011 81.8333333333333
2011 81.8333333333333
2011 81.8333333333333
2011 81.8333333333333
2011 80.8333333333333
2011 80.8333333333333
2011 79.8333333333333
2011 79.8333333333333
2011 80.8333333333333
2011 80.8333333333333
2011 80.8333333333333
2011 80.8333333333333
2011 81.8333333333333
2011 81.8333333333333
2011 80.8333333333333
2011 80.8333333333333
2011 79.8333333333333
2011 80.8333333333333
2011 80.8333333333333
2011 80.8333333333333
2011 80.8333333333333
2011 80.8333333333333
2011 80.8333333333333
2011 80.8333333333333
2011 87.8333333333333
2011 86.8333333333333
2011 86.8333333333333
2011 85.8333333333333
2011 86.8333333333333
2011 87.8333333333333
2011 88.8333333333333
2011 86.8333333333333
2011 86.8333333333333
2011 98.8333333333333
2011 98.8333333333333
2011 95.8333333333333
2011 99.8333333333333
2011 108.833333333333
2011 109.833333333333
2011 105.833333333333
2011 103.833333333333
2011 104.833333333333
2011 103.833333333333
2011 102.833333333333
2011 101.833333333333
2011 101.833333333333
2011 100.833333333333
2011 99.8333333333333
2011 99.8333333333333
2011 98.8333333333333
2011 98.8333333333333
2011 96.8333333333333
2011 95.8333333333333
2011 117.833333333333
2011 117.833333333333
2011 114.833333333333
2011 122.833333333333
2011 120.833333333333
2011 118.833333333333
2011 116.833333333333
2011 111.833333333333
2011 110.833333333333
2011 107.833333333333
2011 107.833333333333
2011 104.833333333333
2011 107.833333333333
2011 106.833333333333
2011 107.833333333333
2011 105.833333333333
2011 105.833333333333
2011 102.833333333333
2011 98.8333333333333
2011 95.8333333333333
2011 91.3333333333333
2011 86.8333333333333
2011 80.8333333333333
2011 74.8333333333333
2011 70.8333333333333
2011 67.8333333333333
2011 64.8333333333333
2011 62.8333333333333
2011 62.8333333333333
2011 64.8333333333333
2011 63.8333333333333
2011 61.8333333333333
2011 59.8333333333333
2011 57.8333333333333
2011 54.8333333333333
2011 51.8333333333333
2011 48.8333333333333
2011 44.8333333333333
2011 41.8333333333333
2011 40.8333333333333
2011 36.8333333333333
2011 31.8333333333333
2011 30.8333333333333
2011 29.8333333333333
2011 27.8333333333333
2011 20.8333333333333
2011 19.8333333333333
2011 14.8333333333333
2011 15.8333333333333
2011 10.8333333333333
2011 7.83333333333333
2011 0
2011 0
2011 0
2011 0
2011 0
2011 0
2011 0
2011 0
2011 0
2011 0
2011 0
2011 0
2011 0
2011 0
2011 0
2011 0
2011 0
2011 0
2011 0
2011 0
2011 0
2011 0
2011 0
2011 0
2011 0
2011 0
2011 22.8333333333333
2011 0
2011 0
2011 0
2011 0
2011 0
2011 0
2011 0
2011 0
2011 0
2011 0
2011 0
2011 0
2011 0
2011 0
2011 0
2011 0
2011 0
2011 0
2011 0
2011 0
2011 0
2011 0
2011 0
2011 0
2011 0
2011 0
2011 0
2011 0
2011 0
2011 0
2011 0
2011 0
2011 0
2011 0
2011 0
2011 0
2011 0
2011 0
2011 0
2011 0
2011 0
2011 0
2011 0
2011 0
2011 0
2011 0
2011 0
2011 0
2011 0
2011 0
2011 0
2011 0
2011 0
2011 0
2011 0
2011 0
2011 0
2011 0
2011 0
2011 0
2011 0
2011 0
2011 0
2011 0
2011 0
2011 0
2011 0
2011 0
2011 0
2011 0
2011 0
2011 0
2011 0
2011 0
2011 0
2011 0
2011 0
2011 0
2011 0
2011 0
2011 0
2011 0
2011 0
2011 0
2011 0
2011 0
2011 0
2011 0
2011 0
2011 0
2011 0
2012 0
2012 0
2012 0
2012 0
2012 0
2012 0
2012 0
2012 0
2012 0
2012 0
2012 0
2012 0
2012 0
2012 0
2012 0
2012 0
2012 0
2012 0
2012 0
2012 0
2012 0
2012 0
2012 0
2012 0
2012 0
2012 0
2012 0
2012 0
2012 0
2012 0
2012 0
2012 0
2012 0
2012 0
2012 0
2012 0
2012 7.10588235294118
2012 26.1058823529412
2012 19.1058823529412
2012 6.10588235294118
2012 0
2012 0
2012 0
2012 0
2012 0
2012 0
2012 0
2012 0
2012 0
2012 0
2012 0
2012 0
2012 0
2012 0
2012 17.1058823529412
2012 14.6058823529412
2012 12.1058823529412
2012 11.3558823529412
2012 10.6058823529412
2012 9.85588235294118
2012 9.10588235294118
2012 10.1058823529412
2012 10.1058823529412
2012 10.4392156862745
2012 10.7725490196079
2012 11.1058823529412
2012 20.1058823529412
2012 18.1058823529412
2012 19.1058823529412
2012 18.1058823529412
2012 18.1058823529412
2012 18.1058823529412
2012 18.1058823529412
2012 17.1058823529412
2012 17.1058823529412
2012 18.1058823529412
2012 18.1058823529412
2012 18.1058823529412
2012 18.1058823529412
2012 18.1058823529412
2012 18.1058823529412
2012 18.1058823529412
2012 18.1058823529412
2012 18.1058823529412
2012 18.1058823529412
2012 18.1058823529412
2012 19.1058823529412
2012 18.1058823529412
2012 19.1058823529412
2012 19.1058823529412
2012 19.1058823529412
2012 18.1058823529412
2012 20.1058823529412
2012 21.1058823529412
2012 22.1058823529412
2012 21.1058823529412
2012 26.1058823529412
2012 43.1058823529412
2012 43.1058823529412
2012 41.1058823529412
2012 40.1058823529412
2012 39.1058823529412
2012 51.1058823529412
2012 46.1058823529412
2012 56.1058823529412
2012 60.1058823529412
2012 89.1058823529412
2012 83.1058823529412
2012 80.1058823529412
2012 79.1058823529412
2012 115.105882352941
2012 109.105882352941
2012 111.105882352941
2012 107.105882352941
2012 107.105882352941
2012 103.105882352941
2012 99.1058823529412
2012 96.1058823529412
2012 93.1058823529412
2012 92.1058823529412
2012 96.1058823529412
2012 137.105882352941
2012 127.105882352941
2012 128.105882352941
2012 125.105882352941
2012 117.105882352941
2012 132.105882352941
2012 135.105882352941
2012 130.105882352941
2012 143.105882352941
2012 136.105882352941
2012 132.105882352941
2012 128.105882352941
2012 126.105882352941
2012 124.105882352941
2012 122.105882352941
2012 121.105882352941
2012 120.105882352941
2012 119.105882352941
2012 119.105882352941
2012 118.105882352941
2012 133.105882352941
2012 146.105882352941
2012 136.105882352941
2012 135.105882352941
2012 134.105882352941
2012 137.105882352941
2012 134.105882352941
2012 133.105882352941
2012 139.105882352941
2012 143.105882352941
2012 141.105882352941
2012 143.105882352941
2012 142.105882352941
2012 141.105882352941
2012 140.105882352941
2012 140.105882352941
2012 138.105882352941
2012 138.105882352941
2012 138.105882352941
2012 137.105882352941
2012 137.105882352941
2012 137.105882352941
2012 136.105882352941
2012 137.105882352941
2012 137.105882352941
2012 136.105882352941
2012 135.105882352941
2012 137.105882352941
2012 136.105882352941
2012 136.105882352941
2012 136.105882352941
2012 135.105882352941
2012 136.105882352941
2012 136.105882352941
2012 136.105882352941
2012 136.105882352941
2012 134.105882352941
2012 134.105882352941
2012 134.105882352941
2012 134.105882352941
2012 133.105882352941
2012 132.105882352941
2012 132.105882352941
2012 137.105882352941
2012 138.105882352941
2012 149.105882352941
2012 149.105882352941
2012 147.105882352941
2012 149.105882352941
2012 148.105882352941
2012 147.105882352941
2012 146.105882352941
2012 145.105882352941
2012 141.105882352941
2012 140.105882352941
2012 138.105882352941
2012 137.105882352941
2012 143.105882352941
2012 145.105882352941
2012 170.105882352941
2012 165.105882352941
2012 159.105882352941
2012 155.105882352941
2012 153.105882352941
2012 150.105882352941
2012 150.105882352941
2012 147.105882352941
2012 146.105882352941
2012 144.105882352941
2012 142.105882352941
2012 138.105882352941
2012 137.105882352941
2012 135.105882352941
2012 134.105882352941
2012 133.105882352941
2012 132.105882352941
2012 134.105882352941
2012 133.105882352941
2012 135.105882352941
2012 135.105882352941
2012 135.105882352941
2012 134.105882352941
2012 147.105882352941
2012 141.105882352941
2012 144.105882352941
2012 150.105882352941
2012 160.105882352941
2012 166.105882352941
2012 160.105882352941
2012 163.105882352941
2012 164.105882352941
2012 161.105882352941
2012 158.105882352941
2012 164.105882352941
2012 162.105882352941
2012 175.105882352941
2012 171.105882352941
2012 164.105882352941
2012 156.105882352941
2012 147.105882352941
2012 148.105882352941
2012 148.105882352941
2012 150.105882352941
2012 150.105882352941
2012 146.105882352941
2012 143.105882352941
2012 149.105882352941
2012 149.105882352941
2012 148.105882352941
2012 146.105882352941
2012 139.105882352941
2012 132.105882352941
2012 124.105882352941
2012 118.105882352941
2012 110.105882352941
2012 107.105882352941
2012 102.105882352941
2012 104.105882352941
2012 100.105882352941
2012 93.1058823529412
2012 91.1058823529412
2012 88.1058823529412
2012 87.1058823529412
2012 87.1058823529412
2012 79.1058823529412
2012 72.1058823529412
2012 64.1058823529412
2012 58.1058823529412
2012 55.1058823529412
2012 48.1058823529412
2012 41.1058823529412
2012 32.1058823529412
2012 25.1058823529412
2012 14.1058823529412
2012 0
2012 0
2012 0
2012 0
2012 0
2012 0
2012 0
2012 0
2012 0
2012 0
2012 0
2012 0
2012 0
2012 0
2012 0
2012 0
2012 0
2012 0
2012 0
2012 0
2012 0
2012 0
2012 0
2012 0
2012 0
2012 0
2012 0
2012 0
2012 0
2012 0
2012 0
2012 0
2012 0
2012 0
2012 0
2012 0
2012 0
2012 0
2012 0
2012 0
2012 0
2012 0
2012 0
2012 0
2012 0
2012 0
2012 0
2012 0
2012 0
2012 0
2012 0
2012 0
2012 0
2012 0
2012 0
2012 0
2012 0
2012 0
2012 0
2012 0
2012 0
2012 0
2012 0
2012 0
2012 0
2012 0
2012 0
2012 0
2012 0
2012 0
2012 0
2012 0
2012 0
2012 0
2012 0
2012 0
2012 0
2012 0
2012 0
2012 0
2012 0
2012 0
2012 0
2012 0
2012 0
2012 0
2012 0
2012 0
2012 0
2012 0
2012 0
2013 0
2013 0
2013 0
2013 0
2013 0
2013 0
2013 0
2013 0
2013 0
2013 0
2013 0
2013 0
2013 0
2013 0
2013 0
2013 0
2013 0
2013 0
2013 0
2013 0
2013 0
2013 0
2013 0
2013 0
2013 0
2013 0
2013 0
2013 0
2013 0
2013 0
2013 0
2013 0
2013 0
2013 0
2013 0
2013 0
2013 0
2013 0
2013 0
2013 0
2013 0
2013 0
2013 0
2013 0
2013 27.0824742268041
2013 17.0824742268041
2013 10.0824742268041
2013 0
2013 0
2013 0
2013 0
2013 0
2013 0
2013 0
2013 0
2013 0
2013 0
2013 44.0824742268041
2013 34.0824742268041
2013 28.0824742268041
2013 23.0824742268041
2013 23.0824742268041
2013 26.0824742268041
2013 21.0824742268041
2013 19.0824742268041
2013 21.0824742268041
2013 20.0824742268041
2013 20.0824742268041
2013 21.0824742268041
2013 21.0824742268041
2013 24.0824742268041
2013 43.0824742268041
2013 39.0824742268041
2013 37.0824742268041
2013 36.0824742268041
2013 36.0824742268041
2013 35.0824742268041
2013 34.0824742268041
2013 34.0824742268041
2013 34.0824742268041
2013 34.0824742268041
2013 34.0824742268041
2013 34.0824742268041
2013 34.0824742268041
2013 34.0824742268041
2013 34.0824742268041
2013 37.0824742268041
2013 55.0824742268041
2013 85.0824742268041
2013 91.0824742268041
2013 87.0824742268041
2013 81.0824742268041
2013 80.0824742268041
2013 94.0824742268041
2013 102.082474226804
2013 107.082474226804
2013 103.082474226804
2013 106.082474226804
2013 105.082474226804
2013 101.082474226804
2013 104.082474226804
2013 99.0824742268041
2013 95.0824742268041
2013 95.0824742268041
2013 92.0824742268041
2013 97.0824742268041
2013 96.0824742268041
2013 97.0824742268041
2013 110.082474226804
2013 108.082474226804
2013 104.082474226804
2013 103.082474226804
2013 110.082474226804
2013 122.082474226804
2013 118.082474226804
2013 113.082474226804
2013 115.082474226804
2013 120.082474226804
2013 115.082474226804
2013 111.082474226804
2013 110.082474226804
2013 109.082474226804
2013 107.082474226804
2013 105.082474226804
2013 105.082474226804
2013 105.082474226804
2013 103.082474226804
2013 103.082474226804
2013 101.082474226804
2013 100.082474226804
2013 99.0824742268041
2013 98.0824742268041
2013 123.082474226804
2013 119.082474226804
2013 116.082474226804
2013 114.082474226804
2013 112.082474226804
2013 111.082474226804
2013 112.082474226804
2013 111.082474226804
2013 111.082474226804
2013 109.082474226804
2013 115.082474226804
2013 113.082474226804
2013 112.082474226804
2013 110.082474226804
2013 110.082474226804
2013 109.082474226804
2013 110.082474226804
2013 114.082474226804
2013 114.082474226804
2013 114.082474226804
2013 112.082474226804
2013 125.082474226804
2013 124.082474226804
2013 123.082474226804
2013 126.082474226804
2013 119.082474226804
2013 125.082474226804
2013 124.082474226804
2013 122.082474226804
2013 122.082474226804
2013 122.082474226804
2013 126.082474226804
2013 126.082474226804
2013 126.082474226804
2013 125.082474226804
2013 127.082474226804
2013 127.082474226804
2013 127.082474226804
2013 126.082474226804
2013 126.082474226804
2013 125.082474226804
2013 125.082474226804
2013 123.082474226804
2013 125.082474226804
2013 130.082474226804
2013 129.082474226804
2013 128.082474226804
2013 127.082474226804
2013 127.082474226804
2013 126.082474226804
2013 126.082474226804
2013 126.082474226804
2013 125.082474226804
2013 124.082474226804
2013 123.082474226804
2013 121.082474226804
2013 124.082474226804
2013 126.082474226804
2013 126.082474226804
2013 125.082474226804
2013 125.082474226804
2013 125.082474226804
2013 125.082474226804
2013 125.082474226804
2013 124.082474226804
2013 128.082474226804
2013 131.082474226804
2013 129.082474226804
2013 127.082474226804
2013 129.082474226804
2013 123.082474226804
2013 123.082474226804
2013 122.082474226804
2013 123.082474226804
2013 124.082474226804
2013 124.082474226804
2013 127.082474226804
2013 127.082474226804
2013 130.082474226804
2013 133.082474226804
2013 133.082474226804
2013 132.082474226804
2013 131.082474226804
2013 132.082474226804
2013 132.082474226804
2013 130.082474226804
2013 128.082474226804
2013 130.082474226804
2013 136.082474226804
2013 130.082474226804
2013 128.082474226804
2013 130.082474226804
2013 129.082474226804
2013 126.082474226804
2013 121.082474226804
2013 115.082474226804
2013 108.082474226804
2013 102.082474226804
2013 108.082474226804
2013 130.082474226804
2013 120.082474226804
2013 113.082474226804
2013 107.082474226804
2013 103.082474226804
2013 96.0824742268041
2013 93.0824742268041
2013 113.082474226804
2013 115.082474226804
2013 104.082474226804
2013 95.0824742268041
2013 92.0824742268041
2013 89.0824742268041
2013 92.0824742268041
2013 89.0824742268041
2013 85.0824742268041
2013 83.0824742268041
2013 79.0824742268041
2013 73.0824742268041
2013 66.0824742268041
2013 62.0824742268041
2013 59.0824742268041
2013 56.0824742268041
2013 54.0824742268041
2013 52.0824742268041
2013 53.0824742268041
2013 61.0824742268041
2013 64.0824742268041
2013 63.0824742268041
2013 77.0824742268041
2013 72.0824742268041
2013 69.0824742268041
2013 63.0824742268041
2013 67.0824742268041
2013 67.0824742268041
2013 67.0824742268041
2013 66.0824742268041
2013 63.0824742268041
2013 59.0824742268041
2013 82.0824742268041
2013 76.0824742268041
2013 75.0824742268041
2013 69.0824742268041
2013 64.0824742268041
2013 60.0824742268041
2013 55.0824742268041
2013 51.0824742268041
2013 42.0824742268041
2013 34.0824742268041
2013 30.0824742268041
2013 27.0824742268041
2013 22.0824742268041
2013 13.0824742268041
2013 0
2013 0
2013 0
2013 0
2013 0
2013 0
2013 0
2013 0
2013 0
2013 0
2013 0
2013 0
2013 0
2013 0
2013 0
2013 0
2013 0
2013 0
2013 0
2013 0
2013 0
2013 0
2013 0
2013 0
2013 0
2013 0
2013 0
2013 0
2013 0
2013 0
2013 0
2013 0
2013 0
2013 0
2013 0
2013 0
2013 0
2013 0
2013 0
2013 0
2013 0
2013 0
2013 0
2013 0
2013 0
2013 0
2013 0
2013 0
2013 0
2013 0
2013 0
2013 0
2013 0
2013 0
2013 0
2013 0
2013 0
2013 0
2013 0
2013 0
2013 0
2013 0
2013 0
2013 0
2013 0
2013 0
2013 0
2013 0
2013 0
2013 0
2013 0
2013 0
2013 0
2013 0
2013 0
2013 0
2013 0
2013 0
2013 0
2013 0
2013 0
2014 0
2014 0
2014 0
2014 0
2014 0
2014 0
2014 0
2014 0
2014 0
2014 0
2014 0
2014 0
2014 0
2014 0
2014 0
2014 0
2014 0
2014 0
2014 0
2014 0
2014 0
2014 0
2014 0
2014 0
2014 0
2014 0
2014 0
2014 0
2014 0
2014 0
2014 0
2014 0
2014 0
2014 0
2014 0
2014 0
2014 0
2014 0
2014 0
2014 0
2014 0
2014 14.049504950495
2014 10.049504950495
2014 6.04950495049505
2014 6.04950495049505
2014 7.04950495049505
2014 0
2014 0
2014 0
2014 0
2014 0
2014 0
2014 0
2014 0
2014 0
2014 0
2014 0
2014 0
2014 0
2014 0
2014 0
2014 0
2014 0
2014 8.04950495049505
2014 8.04950495049505
2014 15.049504950495
2014 28.049504950495
2014 26.049504950495
2014 25.049504950495
2014 27.049504950495
2014 49.049504950495
2014 42.049504950495
2014 40.049504950495
2014 38.049504950495
2014 42.049504950495
2014 59.049504950495
2014 53.049504950495
2014 51.049504950495
2014 49.049504950495
2014 56.049504950495
2014 55.049504950495
2014 71.049504950495
2014 75.049504950495
2014 78.049504950495
2014 73.049504950495
2014 70.049504950495
2014 68.049504950495
2014 67.049504950495
2014 65.049504950495
2014 63.049504950495
2014 65.049504950495
2014 64.049504950495
2014 62.049504950495
2014 60.049504950495
2014 60.049504950495
2014 60.049504950495
2014 57.049504950495
2014 56.049504950495
2014 56.049504950495
2014 56.049504950495
2014 55.049504950495
2014 56.049504950495
2014 55.049504950495
2014 55.049504950495
2014 56.049504950495
2014 54.049504950495
2014 53.049504950495
2014 54.049504950495
2014 54.049504950495
2014 53.049504950495
2014 76.049504950495
2014 72.049504950495
2014 69.049504950495
2014 67.049504950495
2014 65.049504950495
2014 81.049504950495
2014 134.049504950495
2014 123.049504950495
2014 104.049504950495
2014 112.049504950495
2014 107.049504950495
2014 105.049504950495
2014 103.049504950495
2014 101.049504950495
2014 100.049504950495
2014 112.049504950495
2014 114.049504950495
2014 112.049504950495
2014 110.049504950495
2014 108.049504950495
2014 106.049504950495
2014 101.049504950495
2014 100.049504950495
2014 99.049504950495
2014 98.049504950495
2014 122.049504950495
2014 121.049504950495
2014 112.049504950495
2014 130.049504950495
2014 128.049504950495
2014 133.049504950495
2014 131.049504950495
2014 129.049504950495
2014 126.049504950495
2014 126.049504950495
2014 124.049504950495
2014 122.049504950495
2014 112.049504950495
2014 120.049504950495
2014 119.049504950495
2014 118.049504950495
2014 118.049504950495
2014 119.049504950495
2014 121.049504950495
2014 141.049504950495
2014 141.049504950495
2014 146.049504950495
2014 140.049504950495
2014 137.049504950495
2014 138.049504950495
2014 132.049504950495
2014 134.049504950495
2014 136.049504950495
2014 134.049504950495
2014 131.049504950495
2014 143.049504950495
2014 146.049504950495
2014 130.049504950495
2014 151.049504950495
2014 163.049504950495
2014 157.049504950495
2014 164.049504950495
2014 159.049504950495
2014 162.049504950495
2014 159.049504950495
2014 168.049504950495
2014 162.049504950495
2014 160.049504950495
2014 164.049504950495
2014 164.049504950495
2014 161.049504950495
2014 175.049504950495
2014 170.049504950495
2014 170.049504950495
2014 177.049504950495
2014 173.049504950495
2014 170.049504950495
2014 168.049504950495
2014 167.049504950495
2014 164.049504950495
2014 162.049504950495
2014 161.049504950495
2014 159.049504950495
2014 155.049504950495
2014 153.049504950495
2014 153.049504950495
2014 152.049504950495
2014 150.049504950495
2014 147.049504950495
2014 143.049504950495
2014 140.049504950495
2014 140.049504950495
2014 158.049504950495
2014 168.049504950495
2014 161.049504950495
2014 157.049504950495
2014 155.049504950495
2014 153.049504950495
2014 152.049504950495
2014 151.049504950495
2014 149.049504950495
2014 146.049504950495
2014 143.049504950495
2014 143.049504950495
2014 142.049504950495
2014 139.049504950495
2014 136.049504950495
2014 132.049504950495
2014 128.049504950495
2014 127.049504950495
2014 123.049504950495
2014 121.049504950495
2014 117.049504950495
2014 114.049504950495
2014 113.049504950495
2014 110.049504950495
2014 109.049504950495
2014 107.049504950495
2014 104.049504950495
2014 102.049504950495
2014 118.049504950495
2014 113.049504950495
2014 108.049504950495
2014 105.049504950495
2014 102.049504950495
2014 95.049504950495
2014 92.049504950495
2014 90.049504950495
2014 113.049504950495
2014 147.049504950495
2014 136.049504950495
2014 128.049504950495
2014 123.049504950495
2014 131.049504950495
2014 127.049504950495
2014 122.049504950495
2014 119.049504950495
2014 114.049504950495
2014 120.049504950495
2014 111.049504950495
2014 103.049504950495
2014 100.049504950495
2014 98.049504950495
2014 98.049504950495
2014 108.049504950495
2014 101.049504950495
2014 100.049504950495
2014 99.049504950495
2014 96.049504950495
2014 92.049504950495
2014 89.049504950495
2014 82.049504950495
2014 74.049504950495
2014 68.049504950495
2014 61.049504950495
2014 55.049504950495
2014 51.049504950495
2014 46.049504950495
2014 48.049504950495
2014 42.049504950495
2014 39.049504950495
2014 34.049504950495
2014 24.049504950495
2014 18.049504950495
2014 10.549504950495
2014 0
2014 0
2014 0
2014 0
2014 0
2014 0
2014 0
2014 0
2014 0
2014 0
2014 0
2014 0
2014 0
2014 0
2014 0
2014 0
2014 0
2014 0
2014 0
2014 0
2014 0
2014 0
2014 0
2014 0
2014 0
2014 0
2014 0
2014 0
2014 0
2014 0
2014 0
2014 0
2014 0
2014 0
2014 0
2014 0
2014 0
2014 0
2014 0
2014 0
2014 0
2014 0
2014 0
2014 0
2014 0
2014 0
2014 0
2014 0
2014 0
2014 0
2014 0
2014 0
2014 0
2014 0
2014 0
2014 0
2014 0
2014 0
2014 0
2014 0
2014 0
2014 0
2014 0
2014 0
2014 0
2014 0
2014 0
2014 0
2014 0
2014 0
2014 0
2014 0
2014 0
2014 0
2014 0
2014 0
2014 0
2014 0
2014 0
2014 0
2014 0
2014 0
2014 0
2014 0
2014 0
2014 0
2014 0
2014 0
2014 0
2014 0
2015 0
2015 0
2015 0
2015 0
2015 0
2015 0
2015 0
2015 0
2015 0
2015 0
2015 0
2015 0
2015 0
2015 0
2015 0
2015 0
2015 0
2015 0
2015 0
2015 0
2015 0
2015 0
2015 0
2015 0
2015 0
2015 0
2015 0
2015 0
2015 0
2015 0
2015 0
2015 0
2015 0
2015 0
2015 0
2015 0
2015 0
2015 0
2015 0
2015 0
2015 0
2015 0
2015 0
2015 0
2015 0
2015 0
2015 0
2015 0
2015 0
2015 0
2015 0
2015 8.74666666666667
2015 5.74666666666667
2015 0
2015 0
2015 0
2015 0
2015 0
2015 0
2015 0
2015 0
2015 0
2015 0
2015 0
2015 32.7466666666667
2015 57.7466666666667
2015 54.7466666666667
2015 50.7466666666667
2015 47.7466666666667
2015 44.7466666666667
2015 50.7466666666667
2015 50.7466666666667
2015 64.7466666666667
2015 65.7466666666667
2015 62.7466666666667
2015 78.7466666666667
2015 87.7466666666667
2015 87.7466666666667
2015 85.7466666666667
2015 80.7466666666667
2015 78.7466666666667
2015 75.7466666666667
2015 73.7466666666667
2015 71.7466666666667
2015 69.7466666666667
2015 68.7466666666667
2015 66.7466666666667
2015 65.7466666666667
2015 64.7466666666667
2015 63.7466666666667
2015 62.7466666666667
2015 68.7466666666667
2015 66.7466666666667
2015 63.7466666666667
2015 63.7466666666667
2015 62.7466666666667
2015 61.7466666666667
2015 62.7466666666667
2015 62.7466666666667
2015 63.7466666666667
2015 62.7466666666667
2015 62.7466666666667
2015 61.7466666666667
2015 60.7466666666667
2015 60.7466666666667
2015 59.7466666666667
2015 60.7466666666667
2015 68.7466666666667
2015 67.7466666666667
2015 65.7466666666667
2015 64.7466666666667
2015 64.7466666666667
2015 62.7466666666667
2015 61.7466666666667
2015 61.7466666666667
2015 61.7466666666667
2015 63.7466666666667
2015 73.7466666666667
2015 68.7466666666667
2015 71.7466666666667
2015 70.7466666666667
2015 70.7466666666667
2015 69.7466666666667
2015 70.7466666666667
2015 70.7466666666667
2015 80.7466666666667
2015 76.7466666666667
2015 76.7466666666667
2015 75.7466666666667
2015 76.7466666666667
2015 72.7466666666667
2015 70.7466666666667
2015 70.7466666666667
2015 69.7466666666667
2015 70.7466666666667
2015 70.7466666666667
2015 69.7466666666667
2015 79.7466666666667
2015 102.746666666667
2015 97.7466666666667
2015 95.7466666666667
2015 92.7466666666667
2015 96.7466666666667
2015 95.7466666666667
2015 93.7466666666667
2015 93.7466666666667
2015 92.7466666666667
2015 93.7466666666667
2015 96.7466666666667
2015 93.7466666666667
2015 95.7466666666667
2015 100.746666666667
2015 103.746666666667
2015 105.746666666667
2015 105.746666666667
2015 104.746666666667
2015 104.746666666667
2015 109.746666666667
2015 125.746666666667
2015 121.746666666667
2015 119.746666666667
2015 117.746666666667
2015 115.746666666667
2015 113.746666666667
2015 112.746666666667
2015 112.746666666667
2015 118.746666666667
2015 127.746666666667
2015 125.746666666667
2015 123.746666666667
2015 121.746666666667
2015 120.746666666667
2015 119.746666666667
2015 128.746666666667
2015 137.746666666667
2015 136.746666666667
2015 138.746666666667
2015 135.746666666667
2015 133.746666666667
2015 134.746666666667
2015 133.746666666667
2015 133.746666666667
2015 132.746666666667
2015 132.746666666667
2015 132.746666666667
2015 129.746666666667
2015 129.746666666667
2015 128.746666666667
2015 128.746666666667
2015 126.746666666667
2015 125.746666666667
2015 123.746666666667
2015 123.746666666667
2015 123.746666666667
2015 124.746666666667
2015 123.746666666667
2015 123.746666666667
2015 123.746666666667
2015 121.746666666667
2015 120.746666666667
2015 119.746666666667
2015 124.746666666667
2015 123.746666666667
2015 121.746666666667
2015 122.746666666667
2015 128.746666666667
2015 124.746666666667
2015 125.746666666667
2015 125.746666666667
2015 131.746666666667
2015 157.746666666667
2015 156.746666666667
2015 153.746666666667
2015 153.746666666667
2015 154.746666666667
2015 153.746666666667
2015 155.746666666667
2015 154.746666666667
2015 153.746666666667
2015 151.746666666667
2015 147.746666666667
2015 144.746666666667
2015 140.746666666667
2015 139.746666666667
2015 136.746666666667
2015 133.746666666667
2015 129.746666666667
2015 129.746666666667
2015 128.746666666667
2015 125.746666666667
2015 121.746666666667
2015 118.746666666667
2015 113.746666666667
2015 109.746666666667
2015 106.746666666667
2015 102.746666666667
2015 101.746666666667
2015 100.746666666667
2015 99.7466666666667
2015 99.7466666666667
2015 95.7466666666667
2015 95.7466666666667
2015 94.7466666666667
2015 91.7466666666667
2015 86.7466666666667
2015 81.7466666666667
2015 74.7466666666667
2015 66.7466666666667
2015 62.7466666666667
2015 62.7466666666667
2015 56.7466666666667
2015 51.7466666666667
2015 45.7466666666667
2015 38.7466666666667
2015 26.7466666666667
2015 15.7466666666667
2015 29.7466666666667
2015 24.7466666666667
2015 15.7466666666667
2015 7.74666666666667
2015 0
2015 0
2015 8.74666666666667
2015 0
2015 5.74666666666667
2015 0
2015 0
2015 0
2015 0
2015 0
2015 0
2015 0
2015 0
2015 0
2015 0
2015 0
2015 0
2015 0
2015 0
2015 0
2015 0
2015 0
2015 0
2015 0
2015 0
2015 0
2015 0
2015 0
2015 0
2015 0
2015 0
2015 0
2015 0
2015 0
2015 0
2015 0
2015 0
2015 0
2015 0
2015 0
2015 0
2015 0
2015 0
2015 0
2015 0
2015 0
2015 0
2015 0
2015 0
2015 0
2015 0
2015 0
2015 0
2015 0
2015 0
2015 0
2015 0
2015 0
2015 0
2015 0
2015 0
2015 0
2015 0
2015 0
2015 0
2015 0
2015 0
2015 0
2015 0
2015 0
2015 0
2015 0
2015 0
2015 0
2015 0
2015 0
2015 0
2015 0
2015 0
2015 0
2015 0
2015 0
2015 0
2015 0
2015 0
2015 0
2015 0
2015 0
2015 0
2015 0
2015 0
2015 0
2015 0
2015 0
2015 0
2015 0
2015 0
2015 0
2015 0
2015 0
2015 0
2015 0
2015 0
2015 0
2015 0
2016 0
2016 0
2016 0
2016 0
2016 0
2016 0
2016 0
2016 0
2016 0
2016 0
2016 0
2016 0
2016 0
2016 0
2016 0
2016 0
2016 0
2016 0
2016 0
2016 0
2016 0
2016 0
2016 0
2016 0
2016 0
2016 0
2016 0
2016 0
2016 0
2016 0
2016 0
2016 0
2016 0
2016 0
2016 0
2016 0
2016 0
2016 0
2016 0
2016 0
2016 0
2016 6.06493506493506
2016 0
2016 0
2016 21.0649350649351
2016 14.0649350649351
2016 10.0649350649351
2016 9.06493506493506
2016 8.06493506493506
2016 8.06493506493506
2016 7.06493506493506
2016 7.06493506493506
2016 5.56493506493506
2016 0
2016 0
2016 0
2016 0
2016 0
2016 0
2016 0
2016 0
2016 0
2016 0
2016 0
2016 0
2016 0
2016 0
2016 0
2016 0
2016 0
2016 0
2016 0
2016 0
2016 0
2016 0
2016 0
2016 0
2016 0
2016 0
2016 0
2016 0
2016 15.0649350649351
2016 11.0649350649351
2016 10.0649350649351
2016 11.0649350649351
2016 15.0649350649351
2016 17.0649350649351
2016 15.0649350649351
2016 18.0649350649351
2016 18.0649350649351
2016 15.0649350649351
2016 15.0649350649351
2016 14.0649350649351
2016 15.0649350649351
2016 15.0649350649351
2016 15.0649350649351
2016 15.4649350649351
2016 15.8649350649351
2016 16.2649350649351
2016 16.6649350649351
2016 17.0649350649351
2016 17.0649350649351
2016 16.0649350649351
2016 17.0649350649351
2016 17.0649350649351
2016 18.0649350649351
2016 20.0649350649351
2016 20.0649350649351
2016 20.0649350649351
2016 18.0649350649351
2016 19.0649350649351
2016 18.0649350649351
2016 19.0649350649351
2016 18.0649350649351
2016 19.0649350649351
2016 18.0649350649351
2016 18.0649350649351
2016 18.0649350649351
2016 18.0649350649351
2016 19.0649350649351
2016 19.0649350649351
2016 20.0649350649351
2016 19.0649350649351
2016 25.0649350649351
2016 27.0649350649351
2016 35.0649350649351
2016 33.0649350649351
2016 32.0649350649351
2016 47.0649350649351
2016 43.0649350649351
2016 49.0649350649351
2016 63.0649350649351
2016 84.0649350649351
2016 76.0649350649351
2016 75.0649350649351
2016 72.0649350649351
2016 68.0649350649351
2016 65.0649350649351
2016 63.0649350649351
2016 62.0649350649351
2016 61.0649350649351
2016 60.0649350649351
2016 59.0649350649351
2016 58.0649350649351
2016 56.0649350649351
2016 57.0649350649351
2016 56.0649350649351
2016 55.0649350649351
2016 55.0649350649351
2016 55.0649350649351
2016 55.0649350649351
2016 54.0649350649351
2016 71.0649350649351
2016 64.0649350649351
2016 62.0649350649351
2016 68.0649350649351
2016 71.0649350649351
2016 88.0649350649351
2016 81.0649350649351
2016 95.0649350649351
2016 88.0649350649351
2016 89.0649350649351
2016 87.0649350649351
2016 86.0649350649351
2016 86.0649350649351
2016 87.0649350649351
2016 90.0649350649351
2016 87.0649350649351
2016 86.0649350649351
2016 83.0649350649351
2016 84.0649350649351
2016 83.0649350649351
2016 87.0649350649351
2016 86.0649350649351
2016 86.0649350649351
2016 94.0649350649351
2016 88.0649350649351
2016 90.0649350649351
2016 90.0649350649351
2016 89.0649350649351
2016 120.064935064935
2016 131.064935064935
2016 124.064935064935
2016 121.064935064935
2016 125.064935064935
2016 119.064935064935
2016 133.064935064935
2016 128.064935064935
2016 124.064935064935
2016 121.064935064935
2016 119.064935064935
2016 117.064935064935
2016 117.064935064935
2016 115.064935064935
2016 114.064935064935
2016 111.064935064935
2016 112.064935064935
2016 113.064935064935
2016 111.064935064935
2016 110.064935064935
2016 109.064935064935
2016 107.064935064935
2016 107.064935064935
2016 105.064935064935
2016 105.064935064935
2016 104.064935064935
2016 111.064935064935
2016 109.064935064935
2016 110.064935064935
2016 107.064935064935
2016 106.064935064935
2016 104.064935064935
2016 104.064935064935
2016 102.064935064935
2016 97.0649350649351
2016 96.0649350649351
2016 93.0649350649351
2016 97.0649350649351
2016 97.0649350649351
2016 95.0649350649351
2016 101.064935064935
2016 104.064935064935
2016 99.0649350649351
2016 98.0649350649351
2016 97.0649350649351
2016 97.0649350649351
2016 96.0649350649351
2016 94.0649350649351
2016 95.0649350649351
2016 101.064935064935
2016 107.064935064935
2016 102.064935064935
2016 99.0649350649351
2016 96.0649350649351
2016 93.0649350649351
2016 96.0649350649351
2016 100.064935064935
2016 98.0649350649351
2016 96.0649350649351
2016 95.0649350649351
2016 94.0649350649351
2016 93.0649350649351
2016 92.0649350649351
2016 114.064935064935
2016 107.064935064935
2016 104.064935064935
2016 101.064935064935
2016 100.064935064935
2016 97.0649350649351
2016 94.0649350649351
2016 92.0649350649351
2016 87.0649350649351
2016 78.0649350649351
2016 73.0649350649351
2016 75.0649350649351
2016 77.0649350649351
2016 71.0649350649351
2016 72.0649350649351
2016 69.0649350649351
2016 65.0649350649351
2016 60.0649350649351
2016 67.0649350649351
2016 61.0649350649351
2016 51.0649350649351
2016 45.0649350649351
2016 89.0649350649351
2016 68.0649350649351
2016 59.0649350649351
2016 54.0649350649351
2016 44.0649350649351
2016 37.0649350649351
2016 36.0649350649351
2016 31.0649350649351
2016 23.0649350649351
2016 16.0649350649351
2016 12.0649350649351
2016 6.06493506493506
2016 0
2016 0
2016 0
2016 0
2016 0
2016 0
2016 0
2016 0
2016 0
2016 0
2016 0
2016 0
2016 0
2016 0
2016 0
2016 0
2016 0
2016 0
2016 0
2016 0
2016 0
2016 0
2016 0
2016 0
2016 0
2016 0
2016 0
2016 0
2016 0
2016 0
2016 0
2016 0
2016 0
2016 0
2016 0
2016 0
2016 0
2016 0
2016 0
2016 0
2016 0
2016 0
2016 0
2016 0
2016 0
2016 0
2016 0
2016 0
2016 0
2016 0
2016 0
2016 0
2016 0
2016 0
2016 0
2016 0
2016 0
2016 0
2016 0
2016 0
2016 0
2016 0
2016 0
2016 0
2016 0
2016 0
2016 0
2016 0
2016 0
2016 0
2016 0
2016 0
2016 0
2016 0
2016 0
2016 0
2016 0
2016 0
2016 0
2016 0
2016 0
2016 0
2016 0
2016 0
2016 0
2016 0
2016 0
2016 0
2016 0
2017 0
2017 0
2017 0
2017 0
2017 0
2017 0
2017 0
2017 0
2017 0
2017 0
2017 0
2017 0
2017 0
2017 0
2017 0
2017 0
2017 0
2017 0
2017 0
2017 0
2017 0
2017 0
2017 0
2017 0
2017 0
2017 0
2017 0
2017 0
2017 0
2017 0
2017 0
2017 0
2017 0
2017 0
2017 0
2017 0
2017 0
2017 0
2017 0
2017 0
2017 0
2017 0
2017 0
2017 5.20967741935484
2017 0
2017 0
2017 0
2017 0
2017 0
2017 0
2017 0
2017 0
2017 0
2017 0
2017 0
2017 0
2017 0
2017 0
2017 0
2017 0
2017 0
2017 0
2017 0
2017 0
2017 0
2017 5.20967741935484
2017 20.2096774193548
2017 15.2096774193548
2017 14.2096774193548
2017 16.2096774193548
2017 29.2096774193548
2017 42.2096774193548
2017 34.2096774193548
2017 35.2096774193548
2017 40.2096774193548
2017 37.2096774193548
2017 34.2096774193548
2017 32.2096774193548
2017 36.2096774193548
2017 44.2096774193548
2017 37.2096774193548
2017 49.2096774193548
2017 53.2096774193548
2017 50.2096774193548
2017 47.2096774193548
2017 56.2096774193548
2017 55.2096774193548
2017 53.2096774193548
2017 53.2096774193548
2017 52.2096774193548
2017 51.2096774193548
2017 51.2096774193548
2017 51.2096774193548
2017 50.2096774193548
2017 50.2096774193548
2017 50.2096774193548
2017 50.2096774193548
2017 50.2096774193548
2017 50.2096774193548
2017 50.2096774193548
2017 50.2096774193548
2017 49.2096774193548
2017 48.2096774193548
2017 48.2096774193548
2017 48.2096774193548
2017 48.2096774193548
2017 48.2096774193548
2017 48.2096774193548
2017 49.2096774193548
2017 53.2096774193548
2017 53.2096774193548
2017 52.2096774193548
2017 52.2096774193548
2017 52.2096774193548
2017 53.2096774193548
2017 56.2096774193548
2017 55.2096774193548
2017 55.2096774193548
2017 55.2096774193548
2017 55.2096774193548
2017 55.2096774193548
2017 55.2096774193548
2017 55.2096774193548
2017 55.2096774193548
2017 54.2096774193548
2017 56.2096774193548
2017 47.2096774193548
2017 47.2096774193548
2017 48.2096774193548
2017 47.2096774193548
2017 46.2096774193548
2017 53.2096774193548
2017 50.2096774193548
2017 51.2096774193548
2017 55.2096774193548
2017 61.2096774193548
2017 60.2096774193548
2017 59.2096774193548
2017 58.2096774193548
2017 57.2096774193548
2017 58.2096774193548
2017 58.2096774193548
2017 57.2096774193548
2017 58.2096774193548
2017 58.2096774193548
2017 58.2096774193548
2017 58.2096774193548
2017 57.2096774193548
2017 56.2096774193548
2017 56.2096774193548
2017 56.2096774193548
2017 57.2096774193548
2017 67.2096774193548
2017 68.2096774193548
2017 72.2096774193548
2017 72.2096774193548
2017 71.2096774193548
2017 87.2096774193548
2017 87.2096774193548
2017 84.2096774193548
2017 92.2096774193548
2017 88.2096774193548
2017 90.2096774193548
2017 87.2096774193548
2017 85.2096774193548
2017 83.2096774193548
2017 82.2096774193548
2017 81.2096774193548
2017 80.2096774193548
2017 83.2096774193548
2017 81.2096774193548
2017 81.2096774193548
2017 80.2096774193548
2017 80.2096774193548
2017 79.2096774193548
2017 77.2096774193548
2017 77.2096774193548
2017 77.2096774193548
2017 77.2096774193548
2017 77.2096774193548
2017 84.2096774193548
2017 82.2096774193548
2017 85.2096774193548
2017 83.2096774193548
2017 90.2096774193548
2017 92.2096774193548
2017 102.209677419355
2017 112.209677419355
2017 107.209677419355
2017 122.209677419355
2017 119.209677419355
2017 117.209677419355
2017 113.209677419355
2017 112.209677419355
2017 111.209677419355
2017 108.209677419355
2017 107.209677419355
2017 104.209677419355
2017 103.209677419355
2017 100.209677419355
2017 97.2096774193548
2017 94.2096774193548
2017 94.2096774193548
2017 102.209677419355
2017 104.209677419355
2017 100.209677419355
2017 112.209677419355
2017 106.209677419355
2017 103.209677419355
2017 100.209677419355
2017 99.2096774193548
2017 98.2096774193548
2017 97.2096774193548
2017 107.209677419355
2017 104.209677419355
2017 102.209677419355
2017 99.2096774193548
2017 99.2096774193548
2017 97.2096774193548
2017 95.2096774193548
2017 91.2096774193548
2017 89.2096774193548
2017 87.2096774193548
2017 84.2096774193548
2017 82.2096774193548
2017 79.2096774193548
2017 77.2096774193548
2017 77.2096774193548
2017 78.2096774193548
2017 77.2096774193548
2017 77.2096774193548
2017 76.2096774193548
2017 75.2096774193548
2017 73.2096774193548
2017 70.2096774193548
2017 66.2096774193548
2017 74.2096774193548
2017 80.2096774193548
2017 91.2096774193548
2017 104.209677419355
2017 97.2096774193548
2017 92.2096774193548
2017 104.209677419355
2017 104.209677419355
2017 99.2096774193548
2017 100.209677419355
2017 95.2096774193548
2017 92.2096774193548
2017 92.2096774193548
2017 91.2096774193548
2017 87.2096774193548
2017 83.2096774193548
2017 84.2096774193548
2017 80.2096774193548
2017 74.2096774193548
2017 69.2096774193548
2017 64.2096774193548
2017 59.2096774193548
2017 51.2096774193548
2017 46.2096774193548
2017 45.2096774193548
2017 42.2096774193548
2017 36.2096774193548
2017 28.2096774193548
2017 21.2096774193548
2017 9.20967741935484
2017 0
2017 0
2017 0
2017 0
2017 0
2017 0
2017 0
2017 0
2017 0
2017 0
2017 0
2017 0
2017 0
2017 0
2017 0
2017 0
2017 0
2017 0
2017 0
2017 0
2017 0
2017 0
2017 0
2017 0
2017 0
2017 0
2017 0
2017 0
2017 0
2017 0
2017 0
2017 0
2017 0
2017 0
2017 0
2017 0
2017 0
2017 0
2017 0
2017 0
2017 0
2017 0
2017 0
2017 0
2017 0
2017 0
2017 0
2017 0
2017 0
2017 0
2017 0
2017 0
2017 0
2017 0
2017 0
2017 0
2017 0
2017 0
2017 0
2017 0
2017 0
2017 0
2017 0
2017 0
2017 0
2017 0
2017 0
2017 0
2017 0
2017 0
2017 0
2017 0
2017 0
2017 0
2017 0
2017 0
2017 0
2017 0
2017 0
2017 0
2017 0
2017 0
2017 0
2017 0
2017 0
2017 0
2017 0
2017 0
2017 0
2017 0
2017 0
2017 0
2017 0
2017 0
2017 0
2017 0
2017 0
2017 0
2017 0
2018 0
2018 0
2018 0
2018 0
2018 0
2018 0
2018 0
2018 0
2018 0
2018 0
2018 0
2018 0
2018 0
2018 0
2018 0
2018 0
2018 0
2018 0
2018 0
2018 0
2018 0
2018 0
2018 0
2018 0
2018 0
2018 0
2018 0
2018 0
2018 0
2018 0
2018 0
2018 0
2018 0
2018 0
2018 0
2018 0
2018 0
2018 0
2018 0
2018 0
2018 0
2018 0
2018 0
2018 0
2018 0
2018 0
2018 0
2018 0
2018 0
2018 0
2018 0
2018 0
2018 8.94252873563218
2018 0
2018 0
2018 0
2018 0
2018 0
2018 0
2018 0
2018 0
2018 0
2018 0
2018 0
2018 0
2018 13.9425287356322
2018 25.9425287356322
2018 23.9425287356322
2018 24.9425287356322
2018 22.9425287356322
2018 22.9425287356322
2018 21.9425287356322
2018 21.9425287356322
2018 26.9425287356322
2018 25.9425287356322
2018 25.9425287356322
2018 24.9425287356322
2018 24.9425287356322
2018 24.9425287356322
2018 33.9425287356322
2018 34.9425287356322
2018 32.9425287356322
2018 30.9425287356322
2018 31.9425287356322
2018 31.9425287356322
2018 37.9425287356322
2018 37.9425287356322
2018 37.9425287356322
2018 36.9425287356322
2018 37.9425287356322
2018 39.9425287356322
2018 39.9425287356322
2018 39.9425287356322
2018 38.9425287356322
2018 39.9425287356322
2018 39.9425287356322
2018 38.9425287356322
2018 38.9425287356322
2018 39.9425287356322
2018 43.9425287356322
2018 57.9425287356322
2018 70.9425287356322
2018 76.9425287356322
2018 74.9425287356322
2018 67.9425287356322
2018 67.9425287356322
2018 65.9425287356322
2018 64.9425287356322
2018 74.9425287356322
2018 71.9425287356322
2018 70.9425287356322
2018 69.9425287356322
2018 68.9425287356322
2018 66.9425287356322
2018 65.9425287356322
2018 66.9425287356322
2018 65.9425287356322
2018 75.9425287356322
2018 78.9425287356322
2018 77.9425287356322
2018 115.942528735632
2018 106.942528735632
2018 103.942528735632
2018 100.942528735632
2018 113.942528735632
2018 146.942528735632
2018 133.942528735632
2018 129.942528735632
2018 137.942528735632
2018 193.942528735632
2018 215.942528735632
2018 201.942528735632
2018 192.942528735632
2018 186.942528735632
2018 181.942528735632
2018 177.942528735632
2018 175.942528735632
2018 182.942528735632
2018 172.942528735632
2018 193.942528735632
2018 177.942528735632
2018 184.942528735632
2018 203.942528735632
2018 237.942528735632
2018 226.942528735632
2018 220.942528735632
2018 215.942528735632
2018 218.942528735632
2018 217.942528735632
2018 212.942528735632
2018 209.942528735632
2018 206.942528735632
2018 204.942528735632
2018 205.942528735632
2018 204.942528735632
2018 201.942528735632
2018 199.942528735632
2018 198.942528735632
2018 196.942528735632
2018 194.942528735632
2018 192.942528735632
2018 191.942528735632
2018 190.942528735632
2018 192.942528735632
2018 193.942528735632
2018 192.942528735632
2018 190.942528735632
2018 211.942528735632
2018 208.942528735632
2018 206.942528735632
2018 207.942528735632
2018 205.942528735632
2018 204.942528735632
2018 203.942528735632
2018 203.942528735632
2018 203.942528735632
2018 206.942528735632
2018 206.942528735632
2018 207.942528735632
2018 206.942528735632
2018 205.942528735632
2018 200.942528735632
2018 201.942528735632
2018 203.942528735632
2018 199.942528735632
2018 197.942528735632
2018 197.942528735632
2018 199.942528735632
2018 198.942528735632
2018 196.942528735632
2018 195.942528735632
2018 206.942528735632
2018 201.942528735632
2018 204.942528735632
2018 202.942528735632
2018 206.942528735632
2018 204.942528735632
2018 212.942528735632
2018 213.942528735632
2018 212.942528735632
2018 210.942528735632
2018 209.942528735632
2018 208.942528735632
2018 206.942528735632
2018 205.942528735632
2018 205.942528735632
2018 205.942528735632
2018 218.942528735632
2018 211.942528735632
2018 210.942528735632
2018 209.942528735632
2018 226.942528735632
2018 226.942528735632
2018 220.942528735632
2018 219.942528735632
2018 221.942528735632
2018 216.942528735632
2018 212.942528735632
2018 209.942528735632
2018 203.942528735632
2018 205.942528735632
2018 209.942528735632
2018 207.942528735632
2018 208.942528735632
2018 209.942528735632
2018 205.942528735632
2018 204.942528735632
2018 200.942528735632
2018 196.942528735632
2018 191.942528735632
2018 186.942528735632
2018 181.942528735632
2018 175.942528735632
2018 170.942528735632
2018 167.942528735632
2018 162.942528735632
2018 157.942528735632
2018 153.942528735632
2018 147.942528735632
2018 144.942528735632
2018 141.942528735632
2018 147.942528735632
2018 147.942528735632
2018 147.942528735632
2018 160.942528735632
2018 147.942528735632
2018 139.942528735632
2018 132.942528735632
2018 129.942528735632
2018 122.942528735632
2018 118.942528735632
2018 117.942528735632
2018 111.942528735632
2018 106.942528735632
2018 103.942528735632
2018 109.942528735632
2018 110.942528735632
2018 106.942528735632
2018 103.942528735632
2018 97.9425287356322
2018 93.9425287356322
2018 91.9425287356322
2018 85.9425287356322
2018 81.9425287356322
2018 76.9425287356322
2018 67.9425287356322
2018 62.9425287356322
2018 56.9425287356322
2018 50.9425287356322
2018 43.9425287356322
2018 35.9425287356322
2018 28.9425287356322
2018 17.9425287356322
2018 0
2018 0
2018 0
2018 0
2018 0
2018 0
2018 0
2018 0
2018 0
2018 0
2018 0
2018 0
2018 0
2018 0
2018 0
2018 0
2018 0
2018 0
2018 0
2018 0
2018 0
2018 0
2018 0
2018 0
2018 0
2018 0
2018 0
2018 0
2018 0
2018 0
2018 0
2018 0
2018 0
2018 0
2018 0
2018 0
2018 0
2018 0
2018 0
2018 0
2018 0
2018 0
2018 0
2018 0
2018 0
2018 0
2018 0
2018 0
2018 0
2018 0
2018 0
2018 0
2018 0
2018 0
2018 0
2018 0
2018 0
2018 0
2018 0
2018 0
2018 0
2018 0
2018 0
2018 0
2018 0
2018 0
2018 0
2018 0
2018 0
2018 0
2018 0
2018 0
2018 0
2018 0
2018 0
2018 0
2018 0
2018 0
2018 0
2018 0
2018 0
2018 0
2018 0
2018 0
2018 0
2018 0
2018 0
2018 0
2018 0
2018 0
2018 0
2018 0
2019 0
2019 0
2019 0
2019 0
2019 0
2019 0
2019 0
2019 0
2019 0
2019 0
2019 0
2019 0
2019 0
2019 0
2019 0
2019 0
2019 0
2019 0
2019 0
2019 0
2019 0
2019 0
2019 0
2019 0
2019 0
2019 0
2019 0
2019 0
2019 0
2019 0
2019 0
2019 0
2019 0
2019 0
2019 0
2019 0
2019 0
2019 0
2019 0
2019 0
2019 0
2019 0
2019 0
2019 0
2019 0
2019 0
2019 0
2019 0
2019 0
2019 0
2019 0
2019 0
2019 0
2019 0
2019 0
2019 0
2019 8.68571428571429
2019 12.6857142857143
2019 46.6857142857143
2019 61.6857142857143
2019 54.6857142857143
2019 83.6857142857143
2019 76.6857142857143
2019 71.6857142857143
2019 64.6857142857143
2019 56.6857142857143
2019 58.6857142857143
2019 66.6857142857143
2019 60.6857142857143
2019 59.6857142857143
2019 56.6857142857143
2019 56.6857142857143
2019 53.6857142857143
2019 52.6857142857143
2019 51.6857142857143
2019 50.6857142857143
2019 50.6857142857143
2019 49.6857142857143
2019 49.6857142857143
2019 50.6857142857143
2019 49.6857142857143
2019 53.6857142857143
2019 51.6857142857143
2019 55.6857142857143
2019 57.6857142857143
2019 56.6857142857143
2019 57.6857142857143
2019 58.6857142857143
2019 58.6857142857143
2019 58.6857142857143
2019 59.6857142857143
2019 59.6857142857143
2019 64.6857142857143
2019 69.6857142857143
2019 75.6857142857143
2019 74.6857142857143
2019 77.6857142857143
2019 75.6857142857143
2019 79.6857142857143
2019 80.6857142857143
2019 101.685714285714
2019 94.6857142857143
2019 93.6857142857143
2019 91.6857142857143
2019 90.6857142857143
2019 90.6857142857143
2019 100.685714285714
2019 102.685714285714
2019 100.685714285714
2019 103.685714285714
2019 101.685714285714
2019 103.685714285714
2019 102.685714285714
2019 106.685714285714
2019 127.685714285714
2019 119.685714285714
2019 117.685714285714
2019 115.685714285714
2019 114.685714285714
2019 112.685714285714
2019 110.685714285714
2019 109.685714285714
2019 108.685714285714
2019 108.685714285714
2019 108.685714285714
2019 108.685714285714
2019 108.685714285714
2019 107.685714285714
2019 107.685714285714
2019 107.685714285714
2019 107.685714285714
2019 106.685714285714
2019 106.685714285714
2019 106.685714285714
2019 122.685714285714
2019 134.685714285714
2019 136.685714285714
2019 134.685714285714
2019 132.685714285714
2019 132.685714285714
2019 130.685714285714
2019 130.685714285714
2019 129.685714285714
2019 128.685714285714
2019 129.685714285714
2019 128.685714285714
2019 128.685714285714
2019 127.685714285714
2019 128.685714285714
2019 131.685714285714
2019 130.685714285714
2019 129.685714285714
2019 130.685714285714
2019 141.685714285714
2019 142.685714285714
2019 148.685714285714
2019 145.685714285714
2019 144.685714285714
2019 142.685714285714
2019 141.685714285714
2019 141.685714285714
2019 136.685714285714
2019 141.685714285714
2019 150.685714285714
2019 147.685714285714
2019 146.685714285714
2019 145.685714285714
2019 144.685714285714
2019 143.685714285714
2019 142.685714285714
2019 141.685714285714
2019 141.685714285714
2019 141.685714285714
2019 141.685714285714
2019 141.685714285714
2019 140.685714285714
2019 139.685714285714
2019 139.685714285714
2019 138.685714285714
2019 138.685714285714
2019 137.685714285714
2019 149.685714285714
2019 146.685714285714
2019 144.685714285714
2019 141.685714285714
2019 138.685714285714
2019 137.685714285714
2019 141.685714285714
2019 140.685714285714
2019 141.685714285714
2019 146.685714285714
2019 140.685714285714
2019 142.685714285714
2019 141.685714285714
2019 169.685714285714
2019 177.685714285714
2019 169.685714285714
2019 168.685714285714
2019 168.685714285714
2019 166.685714285714
2019 164.685714285714
2019 163.685714285714
2019 162.685714285714
2019 159.685714285714
2019 156.685714285714
2019 156.685714285714
2019 155.685714285714
2019 154.685714285714
2019 154.685714285714
2019 152.685714285714
2019 150.685714285714
2019 149.685714285714
2019 149.685714285714
2019 150.685714285714
2019 161.685714285714
2019 187.685714285714
2019 177.685714285714
2019 173.685714285714
2019 174.685714285714
2019 170.685714285714
2019 167.685714285714
2019 167.685714285714
2019 169.685714285714
2019 163.685714285714
2019 162.685714285714
2019 161.685714285714
2019 161.685714285714
2019 160.685714285714
2019 157.685714285714
2019 155.685714285714
2019 153.685714285714
2019 151.685714285714
2019 149.685714285714
2019 146.685714285714
2019 145.685714285714
2019 149.685714285714
2019 149.685714285714
2019 158.685714285714
2019 154.685714285714
2019 155.685714285714
2019 154.685714285714
2019 150.685714285714
2019 147.685714285714
2019 146.685714285714
2019 146.685714285714
2019 143.685714285714
2019 144.685714285714
2019 142.685714285714
2019 140.685714285714
2019 141.685714285714
2019 140.685714285714
2019 136.685714285714
2019 137.685714285714
2019 137.685714285714
2019 134.685714285714
2019 129.685714285714
2019 125.685714285714
2019 119.685714285714
2019 118.685714285714
2019 114.685714285714
2019 114.685714285714
2019 120.685714285714
2019 115.685714285714
2019 109.685714285714
2019 103.685714285714
2019 98.6857142857143
2019 94.6857142857143
2019 89.6857142857143
2019 85.6857142857143
2019 80.6857142857143
2019 80.6857142857143
2019 73.6857142857143
2019 66.6857142857143
2019 57.6857142857143
2019 49.6857142857143
2019 41.6857142857143
2019 25.6857142857143
2019 16.6857142857143
2019 8.68571428571429
2019 0
2019 0
2019 0
2019 0
2019 0
2019 0
2019 0
2019 0
2019 0
2019 0
2019 0
2019 0
2019 0
2019 0
2019 0
2019 0
2019 0
2019 0
2019 0
2019 0
2019 0
2019 0
2019 0
2019 0
2019 0
2019 0
2019 0
2019 0
2019 0
2019 0
2019 0
2019 0
2019 0
2019 0
2019 0
2019 0
2019 0
2019 0
2019 0
2019 0
2019 0
2019 0
2019 0
2019 0
2019 0
2019 0
2019 0
2019 0
2019 0
2019 0
2019 0
2019 0
2019 0
2019 0
2019 0
2019 0
2019 0
2019 0
2019 0
2019 0
2019 0
2019 0
2019 0
2019 0
2019 0
2019 0
2019 0
2019 0
2019 0
2019 0
2019 0
2019 0
2019 0
2019 0
2019 0
2019 0
2019 0
2019 0
2019 0
2019 0
2019 0
2019 0
2019 0
2019 0
2019 0
2019 0
2020 0
2020 0
2020 0
2020 0
2020 0
2020 0
2020 0
2020 0
2020 0
2020 0
2020 0
2020 0
2020 0
2020 0
2020 0
2020 0
2020 0
2020 0
2020 0
2020 0
2020 0
2020 0
2020 0
2020 0
2020 0
2020 0
2020 0
2020 0
2020 0
2020 0
2020 0
2020 0
2020 0
2020 0
2020 0
2020 0
2020 0
2020 0
2020 0
2020 0
2020 0
2020 0
2020 0
2020 0
2020 0
2020 0
2020 0
2020 0
2020 0
2020 0
2020 0
2020 0
2020 0
2020 0
2020 0
2020 0
2020 0
2020 0
2020 0
2020 0
2020 0
2020 0
2020 0
2020 5.18095238095238
2020 0
2020 7.18095238095238
2020 5.18095238095238
2020 7.18095238095238
2020 27.1809523809524
2020 18.1809523809524
2020 16.1809523809524
2020 17.1809523809524
2020 16.1809523809524
2020 17.1809523809524
2020 15.1809523809524
2020 58.1809523809524
2020 51.1809523809524
2020 62.1809523809524
2020 57.1809523809524
2020 51.1809523809524
2020 48.1809523809524
2020 45.1809523809524
2020 43.1809523809524
2020 58.1809523809524
2020 61.1809523809524
2020 57.1809523809524
2020 54.1809523809524
2020 58.1809523809524
2020 58.1809523809524
2020 73.1809523809524
2020 68.1809523809524
2020 69.1809523809524
2020 64.1809523809524
2020 62.1809523809524
2020 60.1809523809524
2020 58.1809523809524
2020 57.1809523809524
2020 55.1809523809524
2020 55.1809523809524
2020 63.1809523809524
2020 62.1809523809524
2020 61.1809523809524
2020 62.1809523809524
2020 77.1809523809524
2020 82.1809523809524
2020 76.1809523809524
2020 71.1809523809524
2020 74.1809523809524
2020 75.1809523809524
2020 71.1809523809524
2020 88.1809523809524
2020 80.1809523809524
2020 83.1809523809524
2020 105.180952380952
2020 114.180952380952
2020 102.180952380952
2020 100.180952380952
2020 130.180952380952
2020 119.180952380952
2020 113.180952380952
2020 109.180952380952
2020 106.180952380952
2020 103.180952380952
2020 99.1809523809524
2020 97.1809523809524
2020 96.1809523809524
2020 94.1809523809524
2020 93.1809523809524
2020 92.1809523809524
2020 91.1809523809524
2020 89.1809523809524
2020 90.1809523809524
2020 88.1809523809524
2020 88.1809523809524
2020 88.1809523809524
2020 88.1809523809524
2020 88.1809523809524
2020 87.1809523809524
2020 88.1809523809524
2020 91.1809523809524
2020 91.1809523809524
2020 91.1809523809524
2020 90.1809523809524
2020 90.1809523809524
2020 89.1809523809524
2020 89.1809523809524
2020 89.1809523809524
2020 88.1809523809524
2020 89.1809523809524
2020 97.1809523809524
2020 103.180952380952
2020 101.180952380952
2020 101.180952380952
2020 101.180952380952
2020 103.180952380952
2020 99.1809523809524
2020 103.180952380952
2020 110.180952380952
2020 109.180952380952
2020 108.180952380952
2020 108.180952380952
2020 108.180952380952
2020 96.1809523809524
2020 105.180952380952
2020 96.1809523809524
2020 98.1809523809524
2020 103.180952380952
2020 102.180952380952
2020 100.180952380952
2020 95.1809523809524
2020 95.1809523809524
2020 95.1809523809524
2020 98.1809523809524
2020 98.1809523809524
2020 98.1809523809524
2020 93.1809523809524
2020 92.1809523809524
2020 91.1809523809524
2020 106.180952380952
2020 104.180952380952
2020 108.180952380952
2020 100.180952380952
2020 101.180952380952
2020 118.180952380952
2020 117.180952380952
2020 115.180952380952
2020 118.180952380952
2020 117.180952380952
2020 115.180952380952
2020 115.180952380952
2020 115.180952380952
2020 134.180952380952
2020 124.180952380952
2020 118.180952380952
2020 115.180952380952
2020 115.180952380952
2020 114.180952380952
2020 114.180952380952
2020 112.180952380952
2020 111.180952380952
2020 109.180952380952
2020 109.180952380952
2020 108.180952380952
2020 105.180952380952
2020 104.180952380952
2020 103.180952380952
2020 103.180952380952
2020 103.180952380952
2020 102.180952380952
2020 100.180952380952
2020 101.180952380952
2020 105.180952380952
2020 104.180952380952
2020 104.180952380952
2020 103.180952380952
2020 103.180952380952
2020 102.180952380952
2020 102.180952380952
2020 99.1809523809524
2020 99.1809523809524
2020 97.1809523809524
2020 94.1809523809524
2020 93.1809523809524
2020 90.1809523809524
2020 87.1809523809524
2020 86.1809523809524
2020 84.1809523809524
2020 80.1809523809524
2020 77.1809523809524
2020 73.1809523809524
2020 70.1809523809524
2020 68.1809523809524
2020 62.1809523809524
2020 59.1809523809524
2020 56.1809523809524
2020 51.1809523809524
2020 47.1809523809524
2020 44.1809523809524
2020 40.1809523809524
2020 37.1809523809524
2020 35.1809523809524
2020 35.1809523809524
2020 44.1809523809524
2020 53.1809523809524
2020 68.1809523809524
2020 84.1809523809524
2020 64.1809523809524
2020 54.1809523809524
2020 47.1809523809524
2020 42.1809523809524
2020 37.1809523809524
2020 27.1809523809524
2020 20.1809523809524
2020 17.1809523809524
2020 10.1809523809524
2020 7.18095238095238
2020 0
2020 0
2020 0
2020 0
2020 0
2020 0
2020 0
2020 0
2020 0
2020 0
2020 0
2020 0
2020 0
2020 0
2020 0
2020 0
2020 0
2020 0
2020 0
2020 0
2020 0
2020 0
2020 0
2020 0
2020 0
2020 0
2020 0
2020 0
2020 0
2020 0
2020 0
2020 0
2020 0
2020 0
2020 0
2020 0
2020 0
2020 0
2020 0
2020 0
2020 0
2020 0
2020 0
2020 0
2020 0
2020 0
2020 0
2020 0
2020 0
2020 0
2020 0
2020 0
2020 0
2020 0
2020 0
2020 0
2020 0
2020 0
2020 0
2020 0
2020 0
2020 0
2020 0
2020 0
2020 0
2020 0
2020 0
2020 0
2020 0
2020 0
2020 0
2020 0
2020 0
2020 0
2020 0
2020 0
2020 0
2020 0
2020 0
2020 0
2020 0
2020 0
2020 0
2020 0
2020 0
2020 0
2020 0
2020 0
2020 0
2020 0
2020 0
2020 0
2020 0
2020 0
2020 0
2020 0
2020 0
2020 0
2020 0
2020 0
2020 0
2020 0
2020 0
2020 0
2020 0
2020 0
2020 0
2020 0
2020 0
2020 0
