1999 0
1999 0
1999 0
1999 0
1999 0
1999 0
1999 0
1999 0
1999 0
1999 0
1999 0
1999 0
1999 0
1999 0
1999 0
1999 0
1999 0
1999 0
1999 0
1999 0
1999 0
1999 0
1999 0
1999 0
1999 0
1999 0
1999 0
1999 0
1999 0
1999 0
1999 0
1999 0
1999 0
1999 0
1999 0
1999 0
1999 0
1999 0
1999 0
1999 0
1999 0
1999 0
1999 0
1999 0
1999 0
1999 0
1999 0
1999 0
1999 0
1999 0
1999 0
1999 0
1999 0
1999 0
1999 0
1999 0
1999 0
1999 0
1999 0
1999 0
1999 0
1999 0
1999 0
1999 0
1999 0
1999 0
1999 0
1999 0
1999 0
1999 0
1999 0
1999 0
1999 0
1999 0
1999 0
1999 3
1999 2
1999 2
1999 2
1999 2
1999 2
1999 2
1999 2
1999 2
1999 4
1999 7
1999 12
1999 10
1999 8
1999 8
1999 8
1999 7
1999 8
1999 7
1999 7
1999 7
1999 10
1999 11
1999 8
1999 7
1999 7
1999 7
1999 7
1999 6
1999 6
1999 5
1999 5
1999 5
1999 5
1999 3
1999 5
1999 4
1999 4
1999 4
1999 4
1999 4
1999 4
1999 4
1999 4
1999 4
1999 4
1999 7
1999 11
1999 11
1999 12
1999 11
1999 11
1999 11
1999 11
1999 11
1999 11
1999 11
1999 33
1999 35
1999 37
1999 30
1999 30
1999 30
1999 30
1999 30
1999 30
1999 30
1999 30
1999 30
1999 30
1999 28
1999 27
1999 27
1999 30
1999 37
1999 40
1999 36
1999 35
1999 35
1999 34
1999 32
1999 30
1999 27
1999 39
1999 38
1999 38
1999 46
1999 45
1999 44
1999 40
1999 40
1999 38
1999 38
1999 38
1999 41
1999 43
1999 38
1999 32
1999 32
1999 30
1999 35
1999 37
1999 37
1999 33
1999 32
1999 30
1999 30
1999 29
1999 30
1999 35
1999 43
1999 47
1999 47
1999 45
1999 43
1999 40
1999 39
1999 35
1999 34
1999 33
1999 31
1999 28
1999 28
1999 27
1999 26
1999 26
1999 25
1999 27
1999 25
1999 24
1999 23
1999 24
1999 22
1999 25
1999 25
1999 22
1999 20
1999 15
1999 0
1999 0
1999 0
1999 0
1999 0
1999 0
1999 0
1999 0
1999 0
1999 0
1999 0
1999 0
1999 0
1999 0
1999 40
1999 32
1999 17
1999 13
1999 8
1999 0
1999 0
1999 0
1999 0
1999 0
1999 0
1999 0
1999 0
1999 0
1999 0
1999 0
1999 0
1999 0
1999 0
1999 0
1999 0
1999 0
1999 0
1999 0
1999 0
1999 0
1999 0
1999 0
1999 0
1999 0
1999 0
1999 0
1999 0
1999 0
1999 0
1999 0
1999 0
1999 0
1999 0
1999 0
1999 0
1999 0
1999 0
1999 0
1999 0
1999 0
1999 0
1999 0
1999 0
1999 0
1999 0
1999 0
1999 0
1999 0
1999 0
1999 0
1999 0
1999 0
1999 0
1999 0
1999 0
1999 0
1999 0
1999 0
1999 0
1999 0
1999 0
1999 0
1999 0
1999 0
1999 0
1999 0
1999 0
1999 0
1999 0
1999 0
1999 0
1999 0
1999 0
1999 0
1999 0
1999 0
1999 0
1999 0
1999 0
1999 0
1999 0
1999 0
1999 0
1999 0
1999 0
1999 0
1999 0
1999 0
1999 0
1999 0
1999 0
1999 0
1999 0
1999 0
1999 0
1999 0
1999 0
1999 0
1999 0
1999 0
1999 0
1999 0
1999 0
1999 0
1999 0
1999 0
1999 0
1999 0
1999 0
1999 0
1999 0
1999 0
1999 0
1999 0
1999 0
1999 0
1999 0
1999 0
1999 0
1999 0
1999 0
1999 0
1999 0
1999 0
1999 0
1999 0
1999 0
1999 0
1999 0
1999 0
1999 0
1999 0
2000 0
2000 0
2000 0
2000 0
2000 0
2000 0
2000 0
2000 0
2000 0
2000 0
2000 0
2000 0
2000 0
2000 0
2000 0
2000 0
2000 0
2000 0
2000 0
2000 0
2000 0
2000 0
2000 0
2000 0
2000 0
2000 0
2000 0
2000 0
2000 0
2000 0
2000 0
2000 0
2000 0
2000 0
2000 0
2000 0
2000 0
2000 0
2000 0
2000 0
2000 0
2000 0
2000 0
2000 0
2000 0
2000 0
2000 0
2000 0
2000 0
2000 0
2000 0
2000 0
2000 0
2000 0
2000 0
2000 0
2000 0
2000 0
2000 0
2000 0
2000 0
2000 0
2000 0
2000 0
2000 0
2000 0
2000 7
2000 4
2000 3
2000 3
2000 3
2000 4
2000 3
2000 3
2000 3
2000 3
2000 3
2000 8
2000 7
2000 7
2000 6
2000 7
2000 6
2000 6
2000 6
2000 6
2000 6
2000 5
2000 5
2000 5
2000 5
2000 5
2000 4
2000 4
2000 4
2000 4
2000 4
2000 4
2000 4
2000 6
2000 27
2000 26
2000 25
2000 22
2000 23
2000 20
2000 20
2000 8
2000 18
2000 19
2000 20
2000 20
2000 18
2000 16
2000 16
2000 18
2000 29
2000 42
2000 50
2000 45
2000 45
2000 40
2000 35
2000 35
2000 35
2000 35
2000 33
2000 33
2000 30
2000 30
2000 29
2000 29
2000 29
2000 29
2000 29
2000 29
2000 29
2000 29
2000 28
2000 28
2000 28
2000 28
2000 28
2000 30
2000 30
2000 30
2000 30
2000 30
2000 30
2000 30
2000 30
2000 26
2000 23
2000 20
2000 20
2000 20
2000 20
2000 20
2000 20
2000 19
2000 19
2000 22
2000 20
2000 21
2000 20
2000 18
2000 18
2000 18
2000 30
2000 25
2000 25
2000 28
2000 25
2000 25
2000 25
2000 25
2000 24
2000 20
2000 19
2000 19
2000 19
2000 20
2000 26
2000 25
2000 22
2000 21
2000 21
2000 20
2000 19
2000 16
2000 13
2000 12
2000 10
2000 10
2000 10
2000 7
2000 5
2000 3
2000 0
2000 0
2000 0
2000 0
2000 0
2000 0
2000 0
2000 0
2000 0
2000 0
2000 18
2000 15
2000 35
2000 25
2000 22
2000 22
2000 18
2000 17
2000 11
2000 10
2000 0
2000 0
2000 0
2000 0
2000 0
2000 0
2000 0
2000 0
2000 0
2000 0
2000 0
2000 0
2000 0
2000 0
2000 0
2000 0
2000 0
2000 0
2000 0
2000 0
2000 0
2000 0
2000 0
2000 0
2000 0
2000 0
2000 0
2000 0
2000 0
2000 0
2000 0
2000 0
2000 0
2000 0
2000 0
2000 0
2000 0
2000 0
2000 0
2000 0
2000 0
2000 0
2000 0
2000 0
2000 0
2000 0
2000 0
2000 0
2000 0
2000 0
2000 0
2000 0
2000 0
2000 0
2000 0
2000 0
2000 0
2000 0
2000 0
2000 0
2000 0
2000 0
2000 0
2000 0
2000 0
2000 0
2000 0
2000 0
2000 0
2000 0
2000 0
2000 0
2000 0
2000 0
2000 0
2000 0
2000 0
2000 0
2000 0
2000 0
2000 0
2000 0
2000 0
2000 0
2000 0
2000 0
2000 0
2000 0
2000 0
2000 0
2000 0
2000 0
2000 0
2000 0
2000 0
2000 0
2000 0
2000 0
2000 0
2000 0
2000 0
2000 0
2000 0
2000 0
2000 0
2000 0
2000 0
2000 0
2000 0
2000 0
2000 0
2000 0
2000 0
2000 0
2000 0
2000 0
2000 0
2000 0
2000 0
2000 0
2000 0
2000 0
2000 0
2000 0
2000 0
2000 0
2000 0
2000 0
2000 0
2000 0
2000 0
2000 0
2000 0
2000 0
2000 0
2000 0
2000 0
2000 0
2000 0
2000 0
2000 0
2000 0
2000 0
2000 0
2000 0
2000 0
2000 0
2000 0
2001 0
2001 0
2001 0
2001 0
2001 0
2001 0
2001 0
2001 0
2001 0
2001 0
2001 0
2001 0
2001 0
2001 0
2001 0
2001 0
2001 0
2001 0
2001 0
2001 0
2001 0
2001 0
2001 0
2001 0
2001 0
2001 0
2001 0
2001 0
2001 0
2001 0
2001 0
2001 0
2001 0
2001 0
2001 0
2001 0
2001 2
2001 0
2001 0
2001 0
2001 0
2001 0
2001 0
2001 0
2001 0
2001 0
2001 0
2001 0
2001 0
2001 0
2001 0
2001 0
2001 0
2001 0
2001 0
2001 0
2001 0
2001 0
2001 0
2001 0
2001 0
2001 0
2001 0
2001 0
2001 0
2001 0
2001 2
2001 2
2001 2
2001 4
2001 6
2001 3
2001 1
2001 3
2001 2
2001 0
2001 2
2001 5
2001 14
2001 14
2001 15
2001 2
2001 27
2001 25
2001 21
2001 22
2001 20
2001 20
2001 22
2001 22
2001 22
2001 22
2001 21
2001 20
2001 16
2001 15
2001 15
2001 14
2001 14
2001 12
2001 12
2001 12
2001 11
2001 11
2001 11
2001 22
2001 22
2001 20
2001 20
2001 18
2001 15
2001 15
2001 15
2001 15
2001 15
2001 21
2001 20
2001 21
2001 22
2001 24
2001 24
2001 24
2001 24
2001 27
2001 38
2001 33
2001 30
2001 33
2001 33
2001 40
2001 39
2001 38
2001 37
2001 35
2001 33
2001 33
2001 33
2001 33
2001 33
2001 43
2001 40
2001 40
2001 39
2001 39
2001 40
2001 44
2001 53
2001 68
2001 70
2001 65
2001 62
2001 60
2001 58
2001 56
2001 56
2001 57
2001 58
2001 56
2001 56
2001 56
2001 50
2001 52
2001 55
2001 53
2001 53
2001 52
2001 50
2001 50
2001 50
2001 52
2001 50
2001 50
2001 50
2001 49
2001 50
2001 51
2001 51
2001 49
2001 49
2001 49
2001 55
2001 55
2001 54
2001 60
2001 58
2001 52
2001 52
2001 51
2001 51
2001 50
2001 52
2001 49
2001 47
2001 50
2001 52
2001 50
2001 49
2001 48
2001 45
2001 42
2001 38
2001 35
2001 30
2001 27
2001 21
2001 19
2001 18
2001 10
2001 10
2001 7
2001 12
2001 10
2001 8
2001 6
2001 0
2001 0
2001 5
2001 0
2001 10
2001 5
2001 0
2001 2
2001 0
2001 0
2001 0
2001 0
2001 0
2001 0
2001 0
2001 0
2001 0
2001 14
2001 5
2001 0
2001 0
2001 0
2001 0
2001 0
2001 0
2001 0
2001 0
2001 0
2001 0
2001 0
2001 0
2001 0
2001 0
2001 0
2001 0
2001 0
2001 0
2001 0
2001 0
2001 0
2001 0
2001 0
2001 0
2001 0
2001 0
2001 0
2001 0
2001 0
2001 0
2001 0
2001 0
2001 0
2001 0
2001 0
2001 0
2001 0
2001 0
2001 0
2001 0
2001 0
2001 0
2001 0
2001 0
2001 0
2001 0
2001 0
2001 0
2001 0
2001 0
2001 0
2001 0
2001 0
2001 0
2001 0
2001 0
2001 0
2001 0
2001 0
2001 0
2001 0
2001 0
2001 0
2001 0
2001 0
2001 0
2001 0
2001 0
2001 0
2001 0
2001 0
2001 0
2001 0
2001 0
2001 0
2001 0
2001 0
2001 0
2001 0
2001 0
2001 0
2001 0
2001 0
2001 0
2001 0
2001 0
2001 0
2001 0
2001 0
2001 0
2001 0
2001 0
2001 0
2001 0
2001 0
2001 0
2001 0
2001 0
2001 0
2001 0
2001 0
2001 0
2001 0
2001 0
2001 0
2001 0
2001 0
2001 0
2001 0
2001 0
2001 0
2001 0
2001 0
2001 0
2001 0
2001 0
2001 0
2001 0
2001 0
2001 0
2001 0
2001 0
2001 0
2001 0
2001 0
2001 0
2001 0
2001 0
2001 0
2001 0
2001 0
2001 0
2002 0
2002 0
2002 0
2002 0
2002 0
2002 0
2002 0
2002 0
2002 0
2002 0
2002 0
2002 0
2002 0
2002 0
2002 0
2002 0
2002 0
2002 0
2002 0
2002 0
2002 0
2002 0
2002 0
2002 0
2002 0
2002 0
2002 0
2002 0
2002 0
2002 0
2002 0
2002 0
2002 0
2002 0
2002 0
2002 0
2002 0
2002 0
2002 0
2002 0
2002 0
2002 0
2002 0
2002 0
2002 0
2002 0
2002 0
2002 0
2002 0
2002 0
2002 0
2002 0
2002 0
2002 0
2002 0
2002 0
2002 0
2002 0
2002 0
2002 0
2002 0
2002 0
2002 0
2002 0
2002 0
2002 0
2002 0
2002 0
2002 0
2002 3
2002 2
2002 2
2002 0
2002 0
2002 0
2002 0
2002 0
2002 0
2002 0
2002 0
2002 0
2002 0
2002 0
2002 4
2002 3
2002 2
2002 0
2002 3
2002 3
2002 2
2002 1
2002 0
2002 0
2002 0
2002 0
2002 0
2002 1
2002 1
2002 1
2002 1
2002 1
2002 1
2002 0
2002 2
2002 2
2002 2
2002 2
2002 2
2002 2
2002 2
2002 2
2002 2
2002 2
2002 2
2002 2
2002 2
2002 3
2002 3
2002 3
2002 3
2002 3
2002 2
2002 2
2002 1
2002 1
2002 1
2002 1
2002 0
2002 0
2002 0
2002 0
2002 0
2002 0
2002 0
2002 0
2002 0
2002 0
2002 0
2002 0
2002 0
2002 0
2002 0
2002 0
2002 0
2002 0
2002 3
2002 2
2002 2
2002 0
2002 0
2002 0
2002 0
2002 0
2002 0
2002 0
2002 0
2002 0
2002 0
2002 10
2002 20
2002 20
2002 10
2002 11
2002 10
2002 9
2002 8
2002 9
2002 12
2002 30
2002 28
2002 27
2002 23
2002 21
2002 21
2002 21
2002 20
2002 21
2002 20
2002 18
2002 18
2002 18
2002 17
2002 16
2002 40
2002 32
2002 30
2002 28
2002 23
2002 19
2002 18
2002 18
2002 17
2002 16
2002 15
2002 11
2002 10
2002 9
2002 9
2002 7
2002 6
2002 0
2002 0
2002 1
2002 16
2002 13
2002 10
2002 9
2002 7
2002 6
2002 0
2002 0
2002 0
2002 0
2002 0
2002 0
2002 0
2002 0
2002 0
2002 0
2002 1
2002 1
2002 0
2002 0
2002 0
2002 0
2002 0
2002 0
2002 0
2002 0
2002 0
2002 0
2002 0
2002 0
2002 0
2002 0
2002 0
2002 0
2002 0
2002 0
2002 0
2002 0
2002 0
2002 0
2002 0
2002 0
2002 0
2002 0
2002 0
2002 0
2002 0
2002 0
2002 0
2002 0
2002 0
2002 0
2002 0
2002 0
2002 0
2002 0
2002 0
2002 0
2002 0
2002 0
2002 0
2002 0
2002 0
2002 0
2002 0
2002 0
2002 0
2002 0
2002 0
2002 0
2002 0
2002 0
2002 0
2002 0
2002 0
2002 0
2002 0
2002 0
2002 0
2002 0
2002 0
2002 0
2002 0
2002 0
2002 0
2002 0
2002 0
2002 0
2002 0
2002 0
2002 0
2002 0
2002 0
2002 0
2002 0
2002 0
2002 0
2002 0
2002 0
2002 0
2002 0
2002 0
2002 0
2002 0
2002 0
2002 0
2002 0
2002 0
2002 0
2002 0
2002 0
2002 0
2002 0
2002 0
2002 0
2002 0
2002 0
2002 0
2002 0
2002 0
2002 0
2002 0
2002 0
2002 0
2002 0
2002 0
2002 0
2002 0
2002 0
2002 0
2002 0
2002 0
2002 0
2002 0
2002 0
2002 0
2002 0
2002 0
2002 0
2002 0
2002 0
2002 0
2002 0
2002 0
2002 0
2002 0
2002 0
2002 0
2002 0
2002 0
2002 0
2002 0
2002 0
2002 0
2002 0
2002 0
2002 0
2002 0
2002 0
2002 0
2002 0
2002 0
2003 0
2003 0
2003 0
2003 0
2003 0
2003 0
2003 0
2003 0
2003 0
2003 0
2003 0
2003 0
2003 0
2003 0
2003 0
2003 0
2003 0
2003 0
2003 0
2003 0
2003 0
2003 0
2003 0
2003 0
2003 0
2003 0
2003 0
2003 0
2003 0
2003 0
2003 0
2003 0
2003 0
2003 0
2003 0
2003 0
2003 0
2003 0
2003 0
2003 0
2003 0
2003 0
2003 0
2003 0
2003 0
2003 0
2003 0
2003 0
2003 0
2003 0
2003 0
2003 0
2003 0
2003 0
2003 0
2003 0
2003 0
2003 0
2003 0
2003 0
2003 0
2003 0
2003 0
2003 0
2003 0
2003 0
2003 0
2003 0
2003 0
2003 0
2003 0
2003 0
2003 0
2003 0
2003 0
2003 0
2003 0
2003 0
2003 4
2003 2
2003 0
2003 0
2003 0
2003 1
2003 2
2003 0
2003 0
2003 0
2003 0
2003 2
2003 0
2003 0
2003 3
2003 12
2003 13
2003 15
2003 10
2003 9
2003 8
2003 10
2003 10
2003 10
2003 10
2003 9
2003 9
2003 10
2003 10
2003 11
2003 11
2003 11
2003 10
2003 9
2003 9
2003 9
2003 9
2003 8
2003 8
2003 9
2003 16
2003 18
2003 14
2003 15
2003 15
2003 16
2003 16
2003 16
2003 18
2003 18
2003 18
2003 18
2003 18
2003 18
2003 18
2003 18
2003 18
2003 17
2003 17
2003 17
2003 17
2003 17
2003 17
2003 17
2003 21
2003 26
2003 26
2003 25
2003 25
2003 25
2003 20
2003 20
2003 21
2003 22
2003 22
2003 22
2003 20
2003 20
2003 24
2003 24
2003 24
2003 22
2003 22
2003 22
2003 22
2003 22
2003 22
2003 22
2003 22
2003 22
2003 22
2003 22
2003 22
2003 22
2003 22
2003 21
2003 21
2003 21
2003 21
2003 21
2003 21
2003 21
2003 20
2003 18
2003 19
2003 19
2003 17
2003 17
2003 17
2003 15
2003 12
2003 10
2003 8
2003 5
2003 0
2003 0
2003 0
2003 0
2003 0
2003 0
2003 0
2003 0
2003 0
2003 0
2003 0
2003 0
2003 0
2003 0
2003 0
2003 0
2003 0
2003 0
2003 0
2003 0
2003 0
2003 1
2003 0
2003 0
2003 0
2003 0
2003 0
2003 0
2003 0
2003 0
2003 0
2003 0
2003 0
2003 0
2003 0
2003 0
2003 0
2003 0
2003 0
2003 0
2003 0
2003 0
2003 0
2003 0
2003 0
2003 0
2003 0
2003 0
2003 0
2003 0
2003 0
2003 0
2003 0
2003 0
2003 0
2003 0
2003 0
2003 0
2003 0
2003 0
2003 0
2003 0
2003 0
2003 0
2003 0
2003 0
2003 0
2003 0
2003 0
2003 0
2003 0
2003 0
2003 0
2003 0
2003 0
2003 0
2003 0
2003 0
2003 0
2003 0
2003 0
2003 0
2003 0
2003 0
2003 0
2003 0
2003 0
2003 0
2003 0
2003 0
2003 0
2003 0
2003 0
2003 0
2003 0
2003 0
2003 0
2003 0
2003 0
2003 0
2003 0
2003 0
2003 0
2003 0
2003 0
2003 0
2003 0
2003 0
2003 0
2003 0
2003 0
2003 0
2003 0
2003 0
2003 0
2003 0
2003 0
2003 0
2003 0
2003 0
2003 0
2003 0
2003 0
2003 0
2003 0
2003 0
2003 0
2003 0
2003 0
2003 0
2003 0
2003 0
2003 0
2003 0
2003 0
2003 0
2003 0
2003 0
2003 0
2003 0
2003 0
2003 0
2003 0
2003 0
2003 0
2003 0
2003 0
2003 0
2003 0
2003 0
2003 0
2003 0
2003 0
2003 0
2003 0
2003 0
2003 0
2003 0
2003 0
2003 0
2003 0
2003 0
2003 0
2003 0
2003 0
2003 0
2003 0
2003 0
2003 0
2003 0
2003 0
2003 0
2003 0
2004 0
2004 0
2004 0
2004 0
2004 0
2004 0
2004 0
2004 0
2004 0
2004 0
2004 0
2004 0
2004 0
2004 0
2004 0
2004 0
2004 0
2004 0
2004 0
2004 0
2004 0
2004 0
2004 0
2004 0
2004 0
2004 0
2004 0
2004 0
2004 0
2004 0
2004 0
2004 0
2004 0
2004 0
2004 0
2004 0
2004 0
2004 0
2004 0
2004 0
2004 0
2004 0
2004 0
2004 0
2004 0
2004 0
2004 0
2004 0
2004 0
2004 2
2004 0
2004 0
2004 6
2004 3
2004 3
2004 2
2004 2
2004 1
2004 3
2004 4
2004 7
2004 2
2004 0
2004 0
2004 0
2004 0
2004 0
2004 3
2004 17
2004 12
2004 10
2004 10
2004 10
2004 8
2004 8
2004 6
2004 5
2004 5
2004 4
2004 3
2004 3
2004 3
2004 2
2004 1
2004 0
2004 0
2004 0
2004 0
2004 17
2004 17
2004 15
2004 17
2004 20
2004 12
2004 12
2004 12
2004 12
2004 12
2004 12
2004 12
2004 13
2004 12
2004 12
2004 12
2004 13
2004 12
2004 21
2004 19
2004 15
2004 17
2004 16
2004 18
2004 18
2004 18
2004 18
2004 18
2004 17
2004 17
2004 23
2004 52
2004 50
2004 50
2004 49.78125
2004 49.5625
2004 49.34375
2004 49.125
2004 48.90625
2004 48.6875
2004 48.46875
2004 48.25
2004 48.03125
2004 47.8125
2004 47.59375
2004 47.375
2004 47.15625
2004 46.9375
2004 46.71875
2004 46.5
2004 46.28125
2004 46.0625
2004 45.84375
2004 45.625
2004 45.40625
2004 45.1875
2004 44.96875
2004 44.75
2004 44.53125
2004 44.3125
2004 44.09375
2004 43.875
2004 43.65625
2004 43.4375
2004 43.21875
2004 43
2004 40
2004 40
2004 38
2004 37
2004 36
2004 36
2004 37
2004 36
2004 36
2004 36
2004 36
2004 36
2004 35
2004 35
2004 35
2004 35
2004 35
2004 51
2004 55
2004 58
2004 50
2004 58
2004 53
2004 50
2004 50
2004 53
2004 53
2004 53
2004 53
2004 53
2004 52
2004 52
2004 52
2004 53
2004 59
2004 52
2004 52
2004 53
2004 74
2004 70
2004 64
2004 60
2004 55
2004 52
2004 52
2004 51
2004 48
2004 44
2004 40
2004 40
2004 43
2004 42
2004 40
2004 35
2004 35
2004 35
2004 30
2004 25
2004 25
2004 20
2004 15
2004 0
2004 0
2004 0
2004 0
2004 0
2004 0
2004 2
2004 3
2004 0
2004 0
2004 0
2004 0
2004 0
2004 0
2004 0
2004 0
2004 5
2004 0
2004 0
2004 0
2004 0
2004 0
2004 0
2004 0
2004 0
2004 0
2004 0
2004 0
2004 0
2004 0
2004 0
2004 0
2004 0
2004 0
2004 0
2004 0
2004 0
2004 0
2004 0
2004 0
2004 0
2004 0
2004 0
2004 0
2004 0
2004 0
2004 0
2004 0
2004 0
2004 0
2004 0
2004 0
2004 0
2004 0
2004 0
2004 0
2004 0
2004 0
2004 0
2004 0
2004 0
2004 0
2004 0
2004 0
2004 0
2004 0
2004 0
2004 0
2004 0
2004 0
2004 0
2004 0
2004 0
2004 0
2004 0
2004 0
2004 0
2004 0
2004 0
2004 0
2004 0
2004 0
2004 0
2004 0
2004 0
2004 0
2004 0
2004 0
2004 0
2004 0
2004 0
2004 0
2004 0
2004 0
2004 0
2004 0
2004 0
2004 0
2004 0
2004 0
2004 0
2004 0
2004 0
2004 0
2004 0
2004 0
2004 0
2004 0
2004 0
2004 0
2004 0
2004 0
2004 0
2004 0
2004 0
2004 0
2004 0
2004 0
2004 0
2004 0
2004 0
2004 0
2004 0
2004 0
2004 0
2004 0
2004 0
2004 0
2004 0
2004 0
2004 0
2004 0
2004 0
2004 0
2004 0
2004 0
2004 0
2004 0
2004 0
2004 0
2004 0
2004 0
2004 0
2004 0
2004 0
2004 0
2004 0
2004 0
2004 0
2004 0
2004 0
2005 0
2005 0
2005 0
2005 0
2005 0
2005 0
2005 0
2005 0
2005 0
2005 0
2005 0
2005 0
2005 0
2005 0
2005 0
2005 0
2005 0
2005 0
2005 0
2005 0
2005 0
2005 0
2005 0
2005 0
2005 0
2005 0
2005 0
2005 0
2005 0
2005 0
2005 0
2005 0
2005 0
2005 0
2005 0
2005 0
2005 0
2005 0
2005 0
2005 0
2005 0
2005 0
2005 0
2005 0
2005 0
2005 8
2005 4
2005 0
2005 0
2005 0
2005 0
2005 0
2005 0
2005 0
2005 0
2005 0
2005 0
2005 0
2005 0
2005 0
2005 0
2005 0
2005 0
2005 0
2005 0
2005 0
2005 0
2005 0
2005 0
2005 0
2005 0
2005 14
2005 15
2005 7
2005 7
2005 7
2005 7
2005 7
2005 7
2005 8
2005 8
2005 8
2005 8
2005 7
2005 7
2005 7
2005 7
2005 7
2005 6
2005 10
2005 30
2005 30
2005 33
2005 30
2005 30
2005 25
2005 25
2005 25
2005 25
2005 25
2005 25
2005 25
2005 23
2005 23
2005 23
2005 23
2005 23
2005 24
2005 25
2005 30
2005 28
2005 28
2005 28
2005 26
2005 25
2005 26
2005 41
2005 40
2005 41
2005 38
2005 38
2005 36
2005 34
2005 34
2005 34
2005 34
2005 33
2005 31
2005 31
2005 31
2005 31
2005 31
2005 31
2005 31
2005 32
2005 30
2005 30
2005 30
2005 30
2005 30
2005 35
2005 30
2005 30
2005 31
2005 31
2005 31
2005 31
2005 31
2005 31
2005 31
2005 31
2005 31
2005 31
2005 34
2005 34
2005 33
2005 30
2005 30
2005 30
2005 30
2005 30
2005 29
2005 28
2005 29
2005 29
2005 30
2005 30
2005 28
2005 28
2005 28
2005 28
2005 28
2005 26
2005 27
2005 27
2005 28
2005 28
2005 28
2005 28
2005 28
2005 28
2005 28
2005 28
2005 31
2005 32
2005 32
2005 32
2005 32
2005 32
2005 27
2005 27
2005 25
2005 25
2005 25
2005 25
2005 22
2005 20
2005 18
2005 15
2005 15
2005 0
2005 0
2005 0
2005 0
2005 0
2005 0
2005 0
2005 0
2005 0
2005 0
2005 0
2005 0
2005 0
2005 0
2005 0
2005 0
2005 0
2005 0
2005 0
2005 0
2005 9
2005 4
2005 0
2005 0
2005 0
2005 0
2005 0
2005 0
2005 0
2005 0
2005 0
2005 0
2005 0
2005 0
2005 0
2005 0
2005 0
2005 0
2005 0
2005 0
2005 0
2005 0
2005 0
2005 0
2005 0
2005 0
2005 0
2005 0
2005 0
2005 0
2005 0
2005 0
2005 0
2005 0
2005 0
2005 0
2005 0
2005 0
2005 0
2005 0
2005 0
2005 0
2005 0
2005 0
2005 0
2005 0
2005 0
2005 0
2005 0
2005 0
2005 0
2005 0
2005 0
2005 0
2005 0
2005 0
2005 0
2005 0
2005 0
2005 0
2005 0
2005 0
2005 0
2005 0
2005 0
2005 0
2005 0
2005 0
2005 0
2005 0
2005 0
2005 0
2005 0
2005 0
2005 0
2005 0
2005 0
2005 0
2005 0
2005 0
2005 0
2005 0
2005 0
2005 0
2005 0
2005 0
2005 0
2005 0
2005 0
2005 0
2005 0
2005 0
2005 0
2005 0
2005 0
2005 0
2005 0
2005 0
2005 0
2005 0
2005 0
2005 0
2005 0
2005 0
2005 0
2005 0
2005 0
2005 0
2005 0
2005 0
2005 0
2005 0
2005 0
2005 0
2005 0
2005 0
2005 0
2005 0
2005 0
2005 0
2005 0
2005 0
2005 0
2005 0
2005 0
2005 0
2005 0
2005 0
2005 0
2005 0
2005 0
2005 0
2005 0
2005 0
2005 0
2005 0
2005 0
2005 0
2005 0
2005 0
2005 0
2005 0
2005 0
2005 0
2005 0
2006 0
2006 0
2006 0
2006 0
2006 0
2006 0
2006 0
2006 0
2006 0
2006 0
2006 0
2006 0
2006 0
2006 0
2006 0
2006 0
2006 0
2006 0
2006 0
2006 0
2006 0
2006 0
2006 0
2006 0
2006 0
2006 0
2006 0
2006 0
2006 0
2006 0
2006 0
2006 0
2006 0
2006 0
2006 0
2006 0
2006 0
2006 0
2006 0
2006 0
2006 0
2006 0
2006 0
2006 0
2006 0
2006 0
2006 0
2006 0
2006 0
2006 0
2006 0
2006 0
2006 0
2006 0
2006 0
2006 0
2006 0
2006 0
2006 0
2006 0
2006 0
2006 0
2006 0
2006 0
2006 0
2006 0
2006 0
2006 0
2006 0
2006 0
2006 0
2006 0
2006 0
2006 0
2006 0
2006 0
2006 0
2006 0
2006 0
2006 0
2006 0
2006 0
2006 0
2006 0
2006 0
2006 5
2006 14
2006 12
2006 10
2006 12
2006 10
2006 10
2006 11
2006 42
2006 40
2006 40
2006 35
2006 35
2006 32
2006 30
2006 25
2006 25
2006 25
2006 25
2006 25
2006 24
2006 23
2006 25
2006 25
2006 25
2006 25
2006 25
2006 23
2006 23
2006 23
2006 23
2006 23
2006 24
2006 26
2006 26
2006 26
2006 31
2006 32
2006 30
2006 30
2006 30
2006 30
2006 30
2006 30
2006 30
2006 30
2006 29
2006 29
2006 29
2006 29
2006 29
2006 29
2006 29
2006 29
2006 35
2006 36
2006 33
2006 33
2006 30
2006 30
2006 30
2006 30
2006 31
2006 57
2006 57
2006 51
2006 45
2006 43
2006 42
2006 40
2006 40
2006 40
2006 38
2006 37
2006 35
2006 35
2006 35
2006 35
2006 35
2006 35
2006 35
2006 35
2006 37
2006 40
2006 42
2006 70
2006 66
2006 72
2006 67
2006 65
2006 65
2006 66
2006 69
2006 65
2006 63
2006 62
2006 62
2006 62
2006 62
2006 61
2006 75
2006 75
2006 70
2006 73
2006 72
2006 73
2006 70
2006 70
2006 70
2006 67
2006 67
2006 65
2006 65
2006 65
2006 63
2006 60
2006 60
2006 55
2006 52
2006 52
2006 47
2006 40
2006 39
2006 36
2006 30
2006 29
2006 26
2006 20
2006 20
2006 12
2006 0
2006 1
2006 0
2006 0
2006 0
2006 0
2006 0
2006 12
2006 6
2006 0
2006 0
2006 0
2006 0
2006 0
2006 0
2006 0
2006 0
2006 0
2006 0
2006 0
2006 0
2006 0
2006 0
2006 0
2006 0
2006 0
2006 0
2006 0
2006 0
2006 0
2006 0
2006 0
2006 0
2006 0
2006 0
2006 0
2006 0
2006 0
2006 0
2006 0
2006 0
2006 0
2006 0
2006 0
2006 0
2006 0
2006 0
2006 0
2006 0
2006 0
2006 0
2006 0
2006 0
2006 0
2006 0
2006 0
2006 0
2006 0
2006 0
2006 0
2006 0
2006 0
2006 0
2006 0
2006 0
2006 0
2006 0
2006 0
2006 0
2006 0
2006 0
2006 0
2006 0
2006 0
2006 0
2006 0
2006 0
2006 0
2006 0
2006 0
2006 0
2006 0
2006 0
2006 0
2006 0
2006 0
2006 0
2006 0
2006 0
2006 0
2006 0
2006 0
2006 0
2006 0
2006 0
2006 0
2006 0
2006 0
2006 0
2006 0
2006 0
2006 0
2006 0
2006 0
2006 0
2006 0
2006 0
2006 0
2006 0
2006 0
2006 0
2006 0
2006 0
2006 0
2006 0
2006 0
2006 0
2006 0
2006 0
2006 0
2006 0
2006 0
2006 0
2006 0
2006 0
2006 0
2006 0
2006 0
2006 0
2006 0
2006 0
2006 0
2006 0
2006 0
2006 0
2006 0
2006 0
2006 0
2006 0
2006 0
2006 0
2006 0
2006 0
2006 0
2006 0
2006 0
2006 0
2006 0
2006 0
2006 0
2007 0
2007 0
2007 0
2007 0
2007 0
2007 0
2007 0
2007 0
2007 0
2007 0
2007 0
2007 0
2007 0
2007 0
2007 0
2007 0
2007 0
2007 0
2007 0
2007 0
2007 0
2007 0
2007 0
2007 0
2007 0
2007 0
2007 0
2007 0
2007 0
2007 0
2007 0
2007 0
2007 0
2007 0
2007 0
2007 0
2007 0
2007 0
2007 0
2007 0
2007 0
2007 0
2007 0
2007 0
2007 0
2007 0
2007 0
2007 0
2007 0
2007 0
2007 0
2007 0
2007 0
2007 0
2007 0
2007 0
2007 0
2007 0
2007 0
2007 0
2007 0
2007 0
2007 0
2007 0
2007 0
2007 0
2007 0
2007 0
2007 0
2007 0
2007 0
2007 0
2007 0
2007 0
2007 0
2007 0
2007 0
2007 0
2007 0
2007 0
2007 0
2007 0
2007 12
2007 10
2007 7
2007 5
2007 5
2007 5
2007 5
2007 5
2007 5
2007 5
2007 5
2007 5
2007 5
2007 3
2007 3
2007 0
2007 0
2007 11
2007 11
2007 11
2007 11
2007 10
2007 10
2007 10
2007 10
2007 10
2007 8
2007 8
2007 8
2007 8
2007 7
2007 8
2007 8
2007 7
2007 7
2007 7
2007 7
2007 7
2007 7
2007 7
2007 9
2007 11
2007 12
2007 12
2007 0
2007 10
2007 10
2007 10
2007 8
2007 7
2007 7
2007 7
2007 7
2007 7
2007 7
2007 7
2007 7
2007 7
2007 6
2007 6
2007 6
2007 7
2007 29
2007 35
2007 35
2007 30
2007 31
2007 25
2007 22
2007 20
2007 18
2007 16
2007 15
2007 15
2007 15
2007 15
2007 15
2007 16
2007 18
2007 19
2007 17
2007 15
2007 19
2007 20
2007 19
2007 18
2007 17
2007 17
2007 17
2007 17
2007 17
2007 17
2007 15
2007 15
2007 14
2007 14
2007 14
2007 14
2007 14
2007 14
2007 13
2007 13
2007 10
2007 7
2007 7
2007 5
2007 4
2007 2
2007 2
2007 0
2007 0
2007 0
2007 0
2007 0
2007 0
2007 0
2007 0
2007 17
2007 14
2007 10
2007 10
2007 7
2007 8
2007 10
2007 6
2007 6
2007 0
2007 0
2007 0
2007 0
2007 0
2007 0
2007 0
2007 0
2007 0
2007 0
2007 0
2007 0
2007 0
2007 0
2007 0
2007 0
2007 0
2007 0
2007 0
2007 0
2007 0
2007 0
2007 0
2007 0
2007 0
2007 0
2007 0
2007 0
2007 0
2007 0
2007 0
2007 0
2007 0
2007 0
2007 0
2007 0
2007 0
2007 0
2007 0
2007 0
2007 0
2007 0
2007 0
2007 0
2007 0
2007 0
2007 0
2007 0
2007 0
2007 0
2007 0
2007 0
2007 0
2007 0
2007 0
2007 0
2007 0
2007 0
2007 0
2007 0
2007 0
2007 0
2007 0
2007 0
2007 0
2007 0
2007 0
2007 0
2007 0
2007 0
2007 0
2007 0
2007 0
2007 0
2007 0
2007 0
2007 0
2007 0
2007 0
2007 0
2007 0
2007 0
2007 0
2007 0
2007 0
2007 0
2007 0
2007 0
2007 0
2007 0
2007 0
2007 0
2007 0
2007 0
2007 0
2007 0
2007 0
2007 0
2007 0
2007 0
2007 0
2007 0
2007 0
2007 0
2007 0
2007 0
2007 0
2007 0
2007 0
2007 0
2007 0
2007 0
2007 0
2007 0
2007 0
2007 0
2007 0
2007 0
2007 0
2007 0
2007 0
2007 0
2007 0
2007 0
2007 0
2007 0
2007 0
2007 0
2007 0
2007 0
2007 0
2007 0
2007 0
2007 0
2007 0
2007 0
2007 0
2007 0
2007 0
2007 0
2007 0
2007 0
2007 0
2007 0
2007 0
2007 0
2007 0
2007 0
2007 0
2007 0
2007 0
2007 0
2007 0
2007 0
2007 0
2007 0
2007 0
2008 0
2008 0
2008 0
2008 0
2008 0
2008 0
2008 0
2008 0
2008 0
2008 0
2008 0
2008 0
2008 0
2008 0
2008 0
2008 0
2008 0
2008 0
2008 0
2008 0
2008 0
2008 0
2008 0
2008 0
2008 0
2008 0
2008 0
2008 0
2008 0
2008 0
2008 0
2008 0
2008 0
2008 0
2008 0
2008 0
2008 0
2008 0
2008 0
2008 0
2008 0
2008 0
2008 0
2008 0
2008 0
2008 0
2008 0
2008 0
2008 0
2008 0
2008 0
2008 0
2008 0
2008 0
2008 0
2008 0
2008 0
2008 0
2008 0
2008 0
2008 0
2008 0
2008 0
2008 0
2008 0
2008 0
2008 0
2008 0
2008 0
2008 1
2008 6
2008 15
2008 16
2008 15
2008 15
2008 15
2008 10
2008 10
2008 9
2008 9
2008 9
2008 7
2008 13
2008 10
2008 19
2008 12
2008 12
2008 12
2008 12
2008 12
2008 10
2008 10
2008 11
2008 22
2008 30
2008 20
2008 15
2008 15
2008 18
2008 18
2008 18
2008 15
2008 15
2008 15
2008 15
2008 15
2008 15
2008 15
2008 15
2008 15
2008 15
2008 15
2008 15
2008 15
2008 15
2008 15
2008 15
2008 15
2008 15
2008 15
2008 15
2008 15
2008 15
2008 15
2008 18
2008 30
2008 39
2008 52
2008 53
2008 50
2008 28
2008 28
2008 29
2008 45
2008 48
2008 48
2008 47
2008 51
2008 58
2008 58
2008 52
2008 50
2008 49
2008 47
2008 46
2008 46
2008 44
2008 43
2008 41
2008 40
2008 39
2008 39
2008 39
2008 39
2008 42
2008 42
2008 43
2008 52
2008 49
2008 49
2008 48
2008 48
2008 47
2008 47
2008 47
2008 47
2008 46
2008 46
2008 46
2008 46
2008 46
2008 44
2008 44
2008 42
2008 41
2008 38
2008 35
2008 35
2008 34
2008 33
2008 33
2008 32
2008 30
2008 23
2008 20
2008 21
2008 21
2008 21
2008 20
2008 20
2008 19
2008 19
2008 21
2008 18
2008 17
2008 12
2008 10
2008 9
2008 8
2008 8
2008 7
2008 7
2008 8
2008 8
2008 10
2008 9
2008 9
2008 7
2008 6
2008 5
2008 5
2008 0
2008 0
2008 0
2008 0
2008 0
2008 0
2008 0
2008 0
2008 15
2008 5
2008 0
2008 0
2008 0
2008 0
2008 0
2008 1
2008 0
2008 0
2008 0
2008 0
2008 0
2008 0
2008 0
2008 0
2008 0
2008 0
2008 0
2008 0
2008 0
2008 0
2008 0
2008 0
2008 0
2008 0
2008 0
2008 0
2008 0
2008 0
2008 0
2008 0
2008 0
2008 0
2008 0
2008 0
2008 0
2008 0
2008 0
2008 0
2008 0
2008 0
2008 0
2008 0
2008 0
2008 0
2008 0
2008 0
2008 0
2008 0
2008 0
2008 0
2008 0
2008 0
2008 0
2008 0
2008 0
2008 0
2008 0
2008 0
2008 0
2008 0
2008 0
2008 0
2008 0
2008 0
2008 0
2008 0
2008 0
2008 0
2008 0
2008 0
2008 0
2008 0
2008 0
2008 0
2008 0
2008 0
2008 0
2008 0
2008 0
2008 0
2008 0
2008 0
2008 0
2008 0
2008 0
2008 0
2008 0
2008 0
2008 0
2008 0
2008 0
2008 0
2008 0
2008 0
2008 0
2008 0
2008 0
2008 0
2008 0
2008 0
2008 0
2008 0
2008 0
2008 0
2008 0
2008 0
2008 0
2008 0
2008 0
2008 0
2008 0
2008 0
2008 0
2008 0
2008 0
2008 0
2008 0
2008 0
2008 0
2008 0
2008 0
2008 0
2008 0
2008 0
2008 0
2008 0
2008 0
2008 0
2008 0
2008 0
2008 0
2008 0
2008 0
2008 0
2008 0
2008 0
2008 0
2008 0
2008 0
2008 0
2008 0
2008 0
2008 0
2008 0
2008 0
2009 0
2009 0
2009 0
2009 0
2009 0
2009 0
2009 0
2009 0
2009 0
2009 0
2009 0
2009 0
2009 0
2009 0
2009 0
2009 0
2009 0
2009 0
2009 0
2009 0
2009 0
2009 0
2009 0
2009 0
2009 0
2009 0
2009 0
2009 0
2009 0
2009 0
2009 0
2009 0
2009 1
2009 0
2009 0
2009 0
2009 0
2009 0
2009 0
2009 0
2009 0
2009 0
2009 0
2009 0
2009 0
2009 0
2009 0
2009 0
2009 0
2009 0
2009 0
2009 0
2009 0
2009 0
2009 0
2009 0
2009 0
2009 0
2009 0
2009 0
2009 17
2009 3
2009 0
2009 0
2009 0
2009 0
2009 0
2009 0
2009 0
2009 0
2009 0
2009 0
2009 0
2009 0
2009 0
2009 0
2009 0
2009 0
2009 0
2009 0
2009 0
2009 0
2009 8
2009 9
2009 0
2009 8
2009 8
2009 6
2009 17
2009 21
2009 37
2009 51
2009 52
2009 46
2009 42
2009 45
2009 41
2009 41
2009 35
2009 35
2009 53
2009 70
2009 70
2009 70
2009 65
2009 68
2009 60
2009 69
2009 62
2009 60
2009 55
2009 50
2009 48
2009 47
2009 46
2009 45
2009 45
2009 45
2009 45
2009 45
2009 45
2009 45
2009 45
2009 45
2009 45
2009 45
2009 45
2009 47
2009 46
2009 46
2009 45
2009 45
2009 48
2009 45
2009 45
2009 45
2009 45
2009 45
2009 45
2009 45
2009 47
2009 107
2009 90
2009 90
2009 90
2009 85
2009 83
2009 83
2009 85
2009 75
2009 75
2009 73
2009 71
2009 70
2009 78
2009 77
2009 76
2009 74
2009 92
2009 100
2009 96
2009 94
2009 93
2009 94
2009 92
2009 90
2009 89
2009 87
2009 87
2009 85
2009 86
2009 85
2009 85
2009 83
2009 80
2009 78
2009 76
2009 76
2009 75
2009 73
2009 70
2009 70
2009 70
2009 70
2009 71
2009 80
2009 75
2009 74
2009 72
2009 72
2009 72
2009 72
2009 70
2009 70
2009 68
2009 65
2009 65
2009 60
2009 58
2009 57
2009 58
2009 57
2009 57
2009 56
2009 56
2009 56
2009 60
2009 59
2009 55
2009 60
2009 50
2009 45
2009 40
2009 38
2009 30
2009 28
2009 20
2009 15
2009 12
2009 5
2009 0
2009 0
2009 0
2009 0
2009 0
2009 0
2009 0
2009 0
2009 0
2009 0
2009 0
2009 0
2009 0
2009 0
2009 0
2009 0
2009 0
2009 0
2009 0
2009 0
2009 0
2009 0
2009 0
2009 0
2009 0
2009 0
2009 0
2009 0
2009 0
2009 0
2009 0
2009 0
2009 0
2009 0
2009 0
2009 0
2009 0
2009 0
2009 0
2009 0
2009 0
2009 0
2009 0
2009 0
2009 0
2009 0
2009 0
2009 0
2009 0
2009 0
2009 0
2009 0
2009 0
2009 0
2009 0
2009 0
2009 0
2009 0
2009 0
2009 0
2009 0
2009 0
2009 0
2009 0
2009 0
2009 0
2009 0
2009 0
2009 0
2009 0
2009 0
2009 0
2009 0
2009 0
2009 0
2009 0
2009 0
2009 0
2009 0
2009 0
2009 0
2009 0
2009 0
2009 0
2009 0
2009 0
2009 0
2009 0
2009 0
2009 0
2009 0
2009 0
2009 0
2009 0
2009 0
2009 0
2009 0
2009 0
2009 0
2009 0
2009 0
2009 0
2009 0
2009 0
2009 0
2009 0
2009 0
2009 0
2009 0
2009 0
2009 0
2009 0
2009 0
2009 0
2009 0
2009 0
2009 0
2009 0
2009 0
2009 0
2009 0
2009 0
2009 0
2009 0
2009 0
2009 0
2009 0
2009 0
2009 0
2009 0
2009 0
2009 0
2009 0
2009 0
2009 0
2009 0
2009 0
2009 0
2009 0
2009 0
2009 0
2009 0
2009 0
2009 0
2009 0
2010 0
2010 0
2010 0
2010 0
2010 0
2010 0
2010 0
2010 0
2010 0
2010 0
2010 0
2010 0
2010 0
2010 0
2010 0
2010 0
2010 0
2010 0
2010 0
2010 0
2010 0
2010 0
2010 0
2010 0
2010 0
2010 0
2010 0
2010 0
2010 0
2010 0
2010 0
2010 0
2010 0
2010 0
2010 0
2010 0
2010 0
2010 0
2010 0
2010 0
2010 0
2010 0
2010 0
2010 0
2010 0
2010 0
2010 0
2010 0
2010 0
2010 0
2010 0
2010 0
2010 0
2010 0
2010 0
2010 0
2010 0
2010 0
2010 0
2010 0
2010 0
2010 0
2010 7
2010 3
2010 4
2010 3
2010 4
2010 3
2010 14
2010 14
2010 14
2010 12
2010 10
2010 10
2010 8
2010 6
2010 4
2010 3
2010 3
2010 3
2010 3
2010 1
2010 1
2010 1
2010 0
2010 0
2010 0
2010 0
2010 0
2010 0
2010 23
2010 23
2010 23
2010 23
2010 32
2010 31
2010 30
2010 26
2010 28
2010 28
2010 27
2010 27
2010 27
2010 27
2010 25
2010 25
2010 25
2010 25
2010 25
2010 25
2010 25
2010 26
2010 30
2010 60
2010 66
2010 66
2010 65
2010 60
2010 60
2010 57
2010 62
2010 60
2010 60
2010 60
2010 60
2010 60
2010 60
2010 60
2010 60
2010 70
2010 72
2010 70
2010 70
2010 70
2010 72
2010 70
2010 70
2010 70
2010 68
2010 68
2010 68
2010 68
2010 67
2010 67
2010 67
2010 65
2010 68
2010 67
2010 67
2010 67
2010 66
2010 66
2010 66
2010 66
2010 64
2010 64
2010 64
2010 65
2010 69
2010 64
2010 64
2010 62
2010 63
2010 64
2010 64
2010 64
2010 62
2010 62
2010 64
2010 60
2010 60
2010 69
2010 69
2010 69
2010 71
2010 68
2010 65
2010 65
2010 78
2010 74
2010 74
2010 74
2010 68
2010 64
2010 64
2010 64
2010 65
2010 65
2010 65
2010 65
2010 80
2010 85
2010 80
2010 78
2010 78
2010 78
2010 73
2010 70
2010 68
2010 65
2010 65
2010 60
2010 55
2010 50
2010 46.25
2010 42.5
2010 38.75
2010 35
2010 32
2010 30
2010 25
2010 22
2010 27
2010 20
2010 19
2010 19
2010 20
2010 15
2010 10
2010 5
2010 0
2010 0
2010 0
2010 0
2010 0
2010 0
2010 0
2010 0
2010 0
2010 0
2010 0
2010 0
2010 0
2010 0
2010 0
2010 0
2010 0
2010 0
2010 0
2010 0
2010 0
2010 0
2010 0
2010 0
2010 0
2010 0
2010 0
2010 0
2010 0
2010 0
2010 0
2010 0
2010 0
2010 0
2010 0
2010 0
2010 0
2010 0
2010 0
2010 0
2010 0
2010 0
2010 0
2010 0
2010 0
2010 0
2010 0
2010 0
2010 0
2010 0
2010 0
2010 0
2010 0
2010 0
2010 0
2010 0
2010 0
2010 0
2010 0
2010 0
2010 0
2010 0
2010 0
2010 0
2010 0
2010 0
2010 0
2010 0
2010 0
2010 0
2010 0
2010 0
2010 0
2010 0
2010 0
2010 0
2010 0
2010 0
2010 0
2010 0
2010 0
2010 0
2010 0
2010 0
2010 0
2010 0
2010 0
2010 0
2010 0
2010 0
2010 0
2010 0
2010 0
2010 0
2010 0
2010 0
2010 0
2010 0
2010 0
2010 0
2010 0
2010 0
2010 0
2010 0
2010 0
2010 0
2010 0
2010 0
2010 0
2010 0
2010 0
2010 0
2010 0
2010 0
2010 0
2010 0
2010 0
2010 0
2010 0
2010 0
2010 0
2010 0
2010 0
2010 0
2010 0
2010 0
2010 0
2010 0
2010 0
2010 0
2010 0
2010 0
2010 0
2010 0
2010 0
2010 0
2010 0
2010 0
2010 0
2010 0
2010 0
2010 0
2010 0
2010 0
2010 0
2011 0
2011 0
2011 0
2011 0
2011 0
2011 0
2011 0
2011 0
2011 0
2011 0
2011 0
2011 0
2011 0
2011 0
2011 0
2011 0
2011 0
2011 0
2011 0
2011 0
2011 0
2011 0
2011 0
2011 0
2011 0
2011 0
2011 0
2011 0
2011 0
2011 0
2011 0
2011 0
2011 0
2011 0
2011 0
2011 0
2011 0
2011 0
2011 0
2011 0
2011 0
2011 0
2011 0
2011 0
2011 0
2011 0
2011 0
2011 0
2011 0
2011 0
2011 0
2011 0
2011 0
2011 0
2011 25
2011 20
2011 15
2011 10
2011 5
2011 3
2011 1
2011 0
2011 0
2011 0
2011 0
2011 0
2011 0
2011 0
2011 10
2011 11
2011 9
2011 5
2011 3
2011 2
2011 1
2011 0
2011 0
2011 0
2011 0
2011 3
2011 3
2011 13
2011 25
2011 25
2011 22
2011 22
2011 27
2011 22
2011 28
2011 27
2011 20
2011 39
2011 38
2011 39
2011 40
2011 34
2011 35
2011 30
2011 24
2011 19
2011 20
2011 20
2011 20
2011 20
2011 20
2011 20
2011 20
2011 21
2011 21
2011 21
2011 21
2011 21
2011 25
2011 32
2011 28
2011 27
2011 27
2011 27
2011 27
2011 27
2011 26
2011 26
2011 25
2011 26
2011 26
2011 26
2011 26
2011 26
2011 26
2011 26
2011 25
2011 27
2011 27
2011 26
2011 25.5
2011 25
2011 25
2011 25
2011 24
2011 24
2011 24
2011 24
2011 24
2011 24
2011 24
2011 24
2011 24
2011 24
2011 24
2011 24
2011 24
2011 24
2011 24
2011 24
2011 24
2011 24
2011 23
2011 23
2011 23
2011 23
2011 22
2011 22
2011 22
2011 22
2011 22
2011 22
2011 22
2011 22
2011 31
2011 30
2011 27
2011 26
2011 26
2011 27
2011 27
2011 27
2011 27
2011 27
2011 26
2011 27
2011 32
2011 32
2011 30
2011 30
2011 30
2011 29
2011 29
2011 28
2011 28
2011 27
2011 27
2011 25
2011 25
2011 25
2011 25
2011 20
2011 16
2011 19
2011 14
2011 12
2011 11
2011 10
2011 9
2011 4
2011 0
2011 0
2011 0
2011 0
2011 0
2011 0
2011 0
2011 0
2011 0
2011 0
2011 0
2011 0
2011 0
2011 0
2011 0
2011 0
2011 0
2011 0
2011 0
2011 0
2011 0
2011 0
2011 0
2011 0
2011 0
2011 0
2011 0
2011 0
2011 0
2011 0
2011 0
2011 0
2011 0
2011 0
2011 0
2011 0
2011 0
2011 0
2011 0
2011 0
2011 0
2011 0
2011 0
2011 0
2011 0
2011 0
2011 0
2011 0
2011 0
2011 0
2011 0
2011 0
2011 0
2011 0
2011 0
2011 0
2011 0
2011 0
2011 0
2011 0
2011 0
2011 0
2011 0
2011 0
2011 0
2011 0
2011 0
2011 0
2011 0
2011 0
2011 0
2011 0
2011 0
2011 0
2011 0
2011 0
2011 0
2011 0
2011 0
2011 0
2011 0
2011 0
2011 0
2011 0
2011 0
2011 0
2011 0
2011 0
2011 0
2011 0
2011 0
2011 0
2011 0
2011 0
2011 0
2011 0
2011 0
2011 0
2011 0
2011 0
2011 0
2011 0
2011 0
2011 0
2011 0
2011 0
2011 0
2011 0
2011 0
2011 0
2011 0
2011 0
2011 0
2011 0
2011 0
2011 0
2011 0
2011 0
2011 0
2011 0
2011 0
2011 0
2011 0
2011 0
2011 0
2011 0
2011 0
2011 0
2011 0
2011 0
2011 0
2011 0
2011 0
2011 0
2011 0
2011 0
2011 0
2011 0
2011 0
2011 0
2011 0
2011 0
2011 0
2011 0
2011 0
2011 0
2011 0
2011 0
2011 0
2011 0
2011 0
2011 0
2011 0
2011 0
2011 0
2011 0
2011 0
2011 0
2011 0
2011 0
2011 0
2012 0
2012 0
2012 0
2012 0
2012 0
2012 0
2012 0
2012 0
2012 0
2012 0
2012 0
2012 0
2012 0
2012 0
2012 0
2012 0
2012 0
2012 0
2012 0
2012 0
2012 0
2012 0
2012 0
2012 0
2012 0
2012 0
2012 0
2012 0
2012 0
2012 0
2012 0
2012 0
2012 0
2012 0
2012 0
2012 0
2012 0
2012 0
2012 5
2012 0
2012 0
2012 0
2012 0
2012 0
2012 0
2012 0
2012 0
2012 0
2012 0
2012 0
2012 0
2012 0
2012 0
2012 0
2012 0
2012 0
2012 0
2012 0
2012 0
2012 0
2012 0
2012 0
2012 0
2012 0
2012 0
2012 0
2012 0
2012 0
2012 0
2012 0
2012 0
2012 0
2012 0
2012 0
2012 0
2012 0
2012 0
2012 0
2012 0
2012 0
2012 0
2012 0
2012 0
2012 0
2012 0
2012 0
2012 0
2012 0
2012 0
2012 0
2012 0
2012 0
2012 0
2012 0
2012 0
2012 0
2012 0
2012 0
2012 0
2012 0
2012 0
2012 0
2012 7
2012 7
2012 10
2012 6
2012 9
2012 12
2012 12
2012 12
2012 12
2012 11
2012 10
2012 10
2012 10
2012 10
2012 8
2012 7
2012 8
2012 8
2012 17
2012 21
2012 10
2012 20
2012 22
2012 21
2012 23
2012 32
2012 28
2012 32
2012 30
2012 28
2012 27
2012 26
2012 25
2012 24
2012 24
2012 24
2012 24
2012 23
2012 22
2012 22
2012 32
2012 28
2012 26
2012 28
2012 28
2012 28
2012 28
2012 28
2012 29
2012 29
2012 33
2012 35
2012 39
2012 40
2012 36
2012 35
2012 34
2012 36
2012 35
2012 35
2012 35
2012 35
2012 36
2012 36
2012 35
2012 35
2012 35
2012 30
2012 30
2012 30
2012 35
2012 33
2012 33
2012 30
2012 25
2012 20
2012 18
2012 20
2012 18
2012 15
2012 13
2012 5
2012 1
2012 0
2012 2
2012 0
2012 0
2012 0
2012 0
2012 0
2012 0
2012 0
2012 0
2012 0
2012 0
2012 0
2012 0
2012 0
2012 3
2012 0
2012 0
2012 0
2012 0
2012 0
2012 0
2012 0
2012 0
2012 0
2012 0
2012 0
2012 0
2012 0
2012 0
2012 0
2012 0
2012 0
2012 0
2012 0
2012 0
2012 0
2012 0
2012 5
2012 0
2012 0
2012 0
2012 0
2012 0
2012 0
2012 0
2012 0
2012 1
2012 0
2012 10
2012 5
2012 8
2012 0
2012 0
2012 0
2012 0
2012 0
2012 0
2012 0
2012 0
2012 0
2012 0
2012 0
2012 0
2012 0
2012 0
2012 0
2012 0
2012 0
2012 0
2012 0
2012 0
2012 0
2012 0
2012 0
2012 0
2012 0
2012 0
2012 0
2012 0
2012 0
2012 0
2012 0
2012 0
2012 0
2012 0
2012 0
2012 0
2012 0
2012 0
2012 0
2012 0
2012 0
2012 0
2012 0
2012 0
2012 0
2012 0
2012 0
2012 0
2012 0
2012 0
2012 0
2012 0
2012 0
2012 0
2012 0
2012 0
2012 0
2012 0
2012 0
2012 0
2012 0
2012 0
2012 0
2012 0
2012 0
2012 0
2012 0
2012 0
2012 0
2012 0
2012 0
2012 0
2012 0
2012 0
2012 0
2012 0
2012 0
2012 0
2012 0
2012 0
2012 0
2012 0
2012 0
2012 0
2012 0
2012 0
2012 0
2012 0
2012 0
2012 0
2012 0
2012 0
2012 0
2012 0
2012 0
2012 0
2012 0
2012 0
2012 0
2012 0
2012 0
2012 0
2012 0
2012 0
2012 0
2012 0
2012 0
2012 0
2012 0
2012 0
2012 0
2012 0
2012 0
2012 0
2012 0
2012 0
2012 0
2012 0
2012 0
2012 0
2012 0
2012 0
2012 0
2012 0
2012 0
2012 0
2012 0
2012 0
2012 0
