2002 0
2002 0
2002 0
2002 0
2002 0
2002 0
2002 0
2002 0
2002 0
2002 0
2002 0
2002 0
2002 0
2002 0
2002 0
2002 0
2002 0
2002 0
2002 0
2002 0
2002 0
2002 0
2002 0
2002 0
2002 0
2002 0
2002 0
2002 0
2002 0
2002 0
2002 0
2002 0
2002 0
2002 0
2002 0
2002 0
2002 0
2002 0
2002 0
2002 0
2002 0
2002 0
2002 0
2002 0
2002 0
2002 0
2002 0
2002 0
2002 0
2002 0
2002 0
2002 0
2002 0
2002 0
2002 0
2002 0
2002 0
2002 0
2002 0
2002 0
2002 0
2002 0
2002 0
2002 0
2002 0
2002 0
2002 0
2002 0
2002 0
2002 6
2002 5
2002 0
2002 0
2002 3
2002 4
2002 4
2002 3
2002 0
2002 0
2002 0
2002 0
2002 0
2002 0
2002 8
2002 6
2002 6
2002 4
2002 7
2002 10
2002 8
2002 10
2002 8
2002 7
2002 7
2002 6
2002 7
2002 6
2002 6
2002 6
2002 6
2002 6
2002 6
2002 6
2002 6
2002 6
2002 6
2002 6
2002 6
2002 6
2002 6
2002 6
2002 6
2002 18
2002 16
2002 12
2002 16
2002 22
2002 16
2002 34
2002 50
2002 50
2002 45
2002 45
2002 45
2002 42
2002 40
2002 42
2002 42
2002 42
2002 42
2002 42
2002 42
2002 42
2002 42
2002 42
2002 42
2002 42
2002 42
2002 42
2002 42
2002 42
2002 42
2002 40
2002 40
2002 40
2002 49
2002 48
2002 49
2002 48
2002 45
2002 45
2002 45
2002 44
2002 44
2002 42
2002 42
2002 42
2002 42
2002 56
2002 55
2002 54
2002 52
2002 58
2002 52
2002 51
2002 50
2002 50
2002 50
2002 55
2002 55
2002 55
2002 58
2002 88
2002 100
2002 100
2002 100
2002 100
2002 116
2002 102
2002 86
2002 84
2002 84
2002 92
2002 92
2002 87
2002 86
2002 80
2002 78
2002 72
2002 72
2002 72
2002 69
2002 68
2002 64
2002 62
2002 60
2002 60
2002 60
2002 58
2002 58
2002 50
2002 48
2002 47
2002 57
2002 57
2002 50
2002 50
2002 48
2002 47
2002 45
2002 45
2002 43
2002 40
2002 35
2002 32
2002 28
2002 24
2002 20
2002 18
2002 10
2002 8
2002 8
2002 0
2002 0
2002 0
2002 0
2002 0
2002 0
2002 0
2002 0
2002 0
2002 0
2002 0
2002 0
2002 0
2002 0
2002 0
2002 0
2002 0
2002 0
2002 0
2002 0
2002 0
2002 0
2002 4
2002 25
2002 13
2002 0
2002 0
2002 0
2002 0
2002 0
2002 0
2002 0
2002 0
2002 0
2002 0
2002 0
2002 0
2002 0
2002 0
2002 0
2002 0
2002 0
2002 0
2002 0
2002 0
2002 0
2002 0
2002 0
2002 0
2002 0
2002 0
2002 0
2002 0
2002 0
2002 0
2002 0
2002 0
2002 0
2002 0
2002 0
2002 0
2002 0
2002 0
2002 0
2002 0
2002 0
2002 0
2002 0
2002 0
2002 0
2002 0
2002 0
2002 0
2002 0
2002 0
2002 0
2002 0
2002 0
2002 0
2002 0
2002 0
2002 0
2002 0
2002 0
2002 0
2002 0
2002 0
2002 0
2002 0
2002 0
2002 0
2002 0
2002 0
2002 0
2002 0
2002 0
2002 0
2002 0
2002 0
2002 0
2002 0
2002 0
2002 0
2002 0
2002 0
2002 0
2002 0
2002 0
2002 0
2002 0
2002 0
2002 0
2002 0
2002 0
2002 0
2002 0
2002 0
2002 0
2002 0
2002 0
2002 0
2002 0
2002 0
2002 0
2002 0
2002 0
2002 0
2002 0
2002 0
2002 0
2002 0
2002 0
2002 0
2002 0
2002 0
2002 0
2002 0
2002 0
2002 0
2002 0
2002 0
2002 0
2002 0
2003 0
2003 0
2003 0
2003 0
2003 0
2003 0
2003 0
2003 0
2003 0
2003 0
2003 0
2003 0
2003 0
2003 0
2003 0
2003 0
2003 0
2003 0
2003 0
2003 0
2003 0
2003 0
2003 0
2003 0
2003 0
2003 0
2003 0
2003 0
2003 0
2003 0
2003 0
2003 0
2003 0
2003 0
2003 0
2003 0
2003 0
2003 0
2003 0
2003 0
2003 0
2003 0
2003 0
2003 0
2003 0
2003 0
2003 0
2003 0
2003 8
2003 8
2003 0
2003 0
2003 0
2003 0
2003 0
2003 0
2003 0
2003 0
2003 0
2003 0
2003 0
2003 0
2003 0
2003 0
2003 17
2003 14
2003 10
2003 21
2003 18
2003 15
2003 12
2003 11
2003 10
2003 10
2003 8
2003 5
2003 10
2003 10
2003 17
2003 19
2003 17
2003 13
2003 18
2003 17
2003 13
2003 10
2003 7
2003 7
2003 7
2003 9
2003 9
2003 9
2003 14
2003 14
2003 14
2003 14
2003 14
2003 14
2003 14
2003 15
2003 15
2003 15
2003 15
2003 15
2003 15
2003 19
2003 32
2003 27
2003 32
2003 32
2003 30
2003 28
2003 25
2003 25
2003 25
2003 25
2003 25
2003 25
2003 22
2003 28
2003 25
2003 26
2003 25
2003 24
2003 29
2003 62
2003 60
2003 58
2003 55
2003 55
2003 50
2003 50
2003 50
2003 50
2003 53
2003 52
2003 50
2003 50
2003 50
2003 50
2003 49
2003 48
2003 54
2003 56
2003 60
2003 73
2003 69
2003 65
2003 64
2003 64
2003 75
2003 80
2003 78
2003 76
2003 76
2003 110
2003 120
2003 127
2003 120
2003 115
2003 110
2003 108
2003 106
2003 104
2003 102
2003 100
2003 100
2003 100
2003 98
2003 98
2003 95
2003 90
2003 90
2003 90
2003 90
2003 90
2003 90
2003 90
2003 88
2003 88
2003 87
2003 85
2003 90
2003 87
2003 85
2003 85
2003 84
2003 83
2003 83
2003 82
2003 82
2003 80
2003 77
2003 75
2003 72
2003 72
2003 69
2003 65
2003 65
2003 64
2003 63
2003 62
2003 60
2003 52
2003 52
2003 50
2003 50
2003 50
2003 50
2003 45
2003 42
2003 42
2003 40
2003 40
2003 40
2003 40
2003 35
2003 35
2003 35
2003 35
2003 37
2003 45
2003 42
2003 36
2003 33
2003 30
2003 25
2003 20
2003 16
2003 10
2003 8
2003 4
2003 0
2003 0
2003 0
2003 0
2003 0
2003 0
2003 0
2003 0
2003 0
2003 0
2003 0
2003 0
2003 0
2003 0
2003 0
2003 0
2003 0
2003 0
2003 0
2003 0
2003 0
2003 0
2003 0
2003 0
2003 0
2003 0
2003 0
2003 0
2003 0
2003 0
2003 0
2003 0
2003 0
2003 0
2003 0
2003 0
2003 0
2003 0
2003 0
2003 0
2003 0
2003 0
2003 0
2003 0
2003 0
2003 0
2003 0
2003 0
2003 0
2003 0
2003 0
2003 0
2003 0
2003 0
2003 0
2003 0
2003 0
2003 0
2003 0
2003 0
2003 0
2003 0
2003 0
2003 0
2003 0
2003 0
2003 0
2003 0
2003 0
2003 0
2003 0
2003 0
2003 0
2003 0
2003 0
2003 0
2003 0
2003 0
2003 0
2003 0
2003 0
2003 0
2003 0
2003 0
2003 0
2003 0
2003 0
2003 0
2003 0
2003 0
2003 0
2003 0
2003 0
2003 0
2003 0
2003 0
2003 0
2003 0
2003 0
2003 0
2003 0
2003 0
2003 0
2003 0
2003 0
2003 0
2003 0
2003 0
2003 0
2003 0
2003 0
2003 0
2003 0
2003 0
2003 0
2003 0
2003 0
2003 0
2003 0
2003 0
2003 0
2003 0
2003 0
2003 0
2003 0
2003 0
2003 0
2003 0
2003 0
2003 0
2003 0
2003 0
2003 0
2004 0
2004 0
2004 0
2004 0
2004 0
2004 0
2004 0
2004 0
2004 0
2004 0
2004 0
2004 0
2004 0
2004 0
2004 0
2004 0
2004 0
2004 0
2004 0
2004 0
2004 0
2004 0
2004 0
2004 0
2004 0
2004 0
2004 0
2004 0
2004 0
2004 0
2004 0
2004 0
2004 0
2004 0
2004 0
2004 0
2004 0
2004 4
2004 0
2004 0
2004 0
2004 0
2004 0
2004 0
2004 0
2004 0
2004 0
2004 0
2004 0
2004 0
2004 0
2004 0
2004 4
2004 4
2004 0
2004 0
2004 0
2004 0
2004 0
2004 13
2004 9
2004 7
2004 5
2004 4
2004 0
2004 0
2004 0
2004 0
2004 0
2004 0
2004 0
2004 0
2004 0
2004 0
2004 0
2004 0
2004 0
2004 0
2004 0
2004 0
2004 0
2004 0
2004 0
2004 0
2004 0
2004 0
2004 0
2004 3
2004 20
2004 17
2004 12
2004 10
2004 6
2004 5
2004 4
2004 4
2004 4
2004 4
2004 4
2004 4
2004 4
2004 4
2004 6
2004 5
2004 5
2004 8
2004 8
2004 8
2004 8
2004 8
2004 8
2004 13
2004 28
2004 28
2004 25
2004 25
2004 25
2004 20
2004 27
2004 32
2004 33
2004 35
2004 36.78125
2004 38.5625
2004 40.34375
2004 42.125
2004 43.90625
2004 45.6875
2004 47.46875
2004 49.25
2004 51.03125
2004 52.8125
2004 54.59375
2004 56.375
2004 58.15625
2004 59.9375
2004 61.71875
2004 63.5
2004 65.28125
2004 67.0625
2004 68.84375
2004 70.625
2004 72.40625
2004 74.1875
2004 75.96875
2004 77.75
2004 79.53125
2004 81.3125
2004 83.09375
2004 84.875
2004 86.65625
2004 88.4375
2004 90.21875
2004 92
2004 92
2004 88
2004 85
2004 85
2004 74
2004 82
2004 90
2004 92
2004 90
2004 90
2004 90
2004 90
2004 88
2004 88
2004 87
2004 87
2004 87
2004 91
2004 92
2004 90
2004 85
2004 86
2004 80
2004 80
2004 81
2004 82
2004 80
2004 80
2004 80
2004 80
2004 80
2004 82
2004 82
2004 97
2004 94
2004 92
2004 90
2004 90
2004 100
2004 98
2004 93
2004 84
2004 84
2004 84
2004 80
2004 77
2004 72
2004 70
2004 63
2004 67
2004 63
2004 63
2004 61
2004 60
2004 61
2004 58
2004 55
2004 53
2004 50
2004 48
2004 46
2004 40
2004 40
2004 40
2004 41
2004 43
2004 40
2004 42
2004 42
2004 40
2004 38
2004 38
2004 30
2004 28
2004 28
2004 25
2004 23
2004 30
2004 22
2004 16
2004 10
2004 5
2004 0
2004 0
2004 0
2004 0
2004 0
2004 0
2004 0
2004 0
2004 0
2004 0
2004 0
2004 9
2004 6
2004 3
2004 0
2004 4
2004 0
2004 0
2004 0
2004 0
2004 0
2004 0
2004 0
2004 0
2004 0
2004 0
2004 0
2004 0
2004 0
2004 0
2004 0
2004 0
2004 0
2004 0
2004 0
2004 0
2004 0
2004 0
2004 0
2004 0
2004 0
2004 0
2004 0
2004 0
2004 0
2004 0
2004 0
2004 0
2004 0
2004 0
2004 0
2004 0
2004 0
2004 0
2004 0
2004 0
2004 0
2004 0
2004 0
2004 0
2004 0
2004 0
2004 0
2004 0
2004 0
2004 0
2004 0
2004 0
2004 0
2004 0
2004 0
2004 0
2004 0
2004 0
2004 0
2004 0
2004 0
2004 0
2004 0
2004 0
2004 0
2004 0
2004 0
2004 0
2004 0
2004 0
2004 0
2004 0
2004 0
2004 0
2004 0
2004 0
2004 0
2004 0
2004 0
2004 0
2004 0
2004 0
2004 0
2004 0
2004 0
2004 0
2004 0
2004 0
2004 0
2004 0
2004 0
2004 0
2004 0
2004 0
2004 0
2004 0
2004 0
2004 0
2004 0
2004 0
2004 0
2004 0
2004 0
2004 0
2004 0
2004 0
2004 0
2004 0
2004 0
2004 0
2004 0
2004 0
2004 0
2004 0
2005 0
2005 0
2005 0
2005 0
2005 0
2005 0
2005 0
2005 0
2005 0
2005 0
2005 0
2005 0
2005 0
2005 0
2005 0
2005 0
2005 0
2005 0
2005 0
2005 0
2005 0
2005 0
2005 0
2005 0
2005 0
2005 0
2005 0
2005 0
2005 0
2005 0
2005 0
2005 0
2005 0
2005 0
2005 0
2005 0
2005 0
2005 0
2005 0
2005 0
2005 0
2005 0
2005 0
2005 0
2005 0
2005 0
2005 6
2005 0
2005 0
2005 0
2005 0
2005 0
2005 0
2005 0
2005 0
2005 0
2005 0
2005 0
2005 0
2005 0
2005 0
2005 0
2005 0
2005 0
2005 0
2005 0
2005 0
2005 0
2005 0
2005 0
2005 0
2005 0
2005 0
2005 0
2005 0
2005 0
2005 0
2005 0
2005 0
2005 10
2005 12
2005 10
2005 10
2005 10
2005 8
2005 8
2005 8
2005 8
2005 8
2005 10
2005 30
2005 28
2005 28
2005 27
2005 27
2005 27
2005 27
2005 25
2005 25
2005 24
2005 24
2005 24
2005 24
2005 24
2005 24
2005 24
2005 24
2005 35
2005 30
2005 71
2005 65
2005 64
2005 64
2005 60
2005 58
2005 58
2005 60
2005 56
2005 57
2005 54
2005 52
2005 52
2005 52
2005 54
2005 52
2005 52
2005 50
2005 51
2005 51
2005 51
2005 51
2005 50
2005 50
2005 50
2005 50
2005 50
2005 50
2005 50
2005 50
2005 65
2005 65
2005 69
2005 69
2005 80
2005 96
2005 97
2005 90
2005 90
2005 87
2005 87
2005 87
2005 87
2005 86
2005 97
2005 96
2005 93
2005 93
2005 92
2005 89
2005 88
2005 87
2005 87
2005 86
2005 96
2005 89
2005 97
2005 100
2005 108
2005 105
2005 103
2005 100
2005 101
2005 100
2005 99
2005 99
2005 97
2005 95
2005 95
2005 95
2005 93
2005 93
2005 93
2005 93
2005 92
2005 92
2005 92
2005 93
2005 91
2005 91
2005 91
2005 91
2005 91
2005 91
2005 90
2005 90
2005 88
2005 85
2005 83
2005 83
2005 73
2005 70
2005 65
2005 60
2005 55
2005 53
2005 48
2005 44
2005 44
2005 38
2005 35
2005 36
2005 33
2005 30
2005 30
2005 25
2005 20
2005 19
2005 18
2005 12
2005 18
2005 20
2005 18
2005 15
2005 10
2005 5
2005 0
2005 0
2005 9
2005 23
2005 10
2005 5
2005 0
2005 0
2005 0
2005 0
2005 0
2005 0
2005 0
2005 0
2005 0
2005 0
2005 0
2005 0
2005 0
2005 0
2005 0
2005 0
2005 0
2005 0
2005 0
2005 0
2005 0
2005 0
2005 0
2005 0
2005 0
2005 0
2005 0
2005 0
2005 0
2005 0
2005 0
2005 0
2005 0
2005 0
2005 0
2005 0
2005 0
2005 0
2005 0
2005 0
2005 0
2005 0
2005 0
2005 0
2005 0
2005 0
2005 0
2005 0
2005 0
2005 0
2005 0
2005 0
2005 0
2005 0
2005 0
2005 0
2005 0
2005 0
2005 0
2005 0
2005 0
2005 0
2005 0
2005 0
2005 0
2005 0
2005 0
2005 0
2005 0
2005 0
2005 0
2005 0
2005 0
2005 0
2005 0
2005 0
2005 0
2005 0
2005 0
2005 0
2005 0
2005 0
2005 0
2005 0
2005 0
2005 0
2005 0
2005 0
2005 0
2005 0
2005 0
2005 0
2005 0
2005 0
2005 0
2005 0
2005 0
2005 0
2005 0
2005 0
2005 0
2005 0
2005 0
2005 0
2005 0
2005 0
2005 0
2005 0
2005 0
2005 0
2005 0
2005 0
2005 0
2005 0
2005 0
2005 0
2005 0
2005 0
2005 0
2005 0
2005 0
2005 0
2005 0
2005 0
2005 0
2005 0
2005 0
2005 0
2005 0
2005 0
2005 0
2005 0
2005 0
2005 0
2006 0
2006 0
2006 0
2006 0
2006 0
2006 0
2006 0
2006 0
2006 0
2006 0
2006 0
2006 0
2006 0
2006 0
2006 0
2006 0
2006 0
2006 0
2006 0
2006 0
2006 0
2006 0
2006 0
2006 0
2006 0
2006 0
2006 0
2006 0
2006 0
2006 0
2006 0
2006 0
2006 0
2006 0
2006 0
2006 0
2006 0
2006 0
2006 0
2006 0
2006 0
2006 0
2006 0
2006 0
2006 0
2006 0
2006 0
2006 0
2006 0
2006 0
2006 0
2006 0
2006 0
2006 0
2006 0
2006 0
2006 0
2006 0
2006 0
2006 0
2006 0
2006 0
2006 0
2006 0
2006 0
2006 0
2006 0
2006 0
2006 0
2006 0
2006 0
2006 0
2006 0
2006 0
2006 0
2006 0
2006 0
2006 0
2006 0
2006 0
2006 0
2006 0
2006 0
2006 0
2006 0
2006 11
2006 8
2006 8
2006 10
2006 9
2006 8
2006 8
2006 8
2006 15
2006 22
2006 28
2006 25
2006 25
2006 34
2006 34
2006 32
2006 26
2006 24.5
2006 23
2006 23
2006 23
2006 48
2006 53
2006 46
2006 45
2006 46
2006 44
2006 43
2006 42
2006 40
2006 40
2006 40
2006 40
2006 40
2006 40
2006 44
2006 68
2006 72
2006 70
2006 70
2006 66
2006 66
2006 66
2006 62
2006 62
2006 62
2006 62
2006 62
2006 62
2006 62
2006 61
2006 61
2006 62
2006 68
2006 97
2006 90
2006 84
2006 82
2006 82
2006 80
2006 80
2006 80
2006 80
2006 77
2006 76
2006 74
2006 72
2006 71
2006 70
2006 70
2006 70
2006 70
2006 70
2006 69
2006 69
2006 73
2006 73
2006 70
2006 70
2006 70
2006 69
2006 69
2006 86
2006 90
2006 107
2006 112
2006 110
2006 112
2006 107
2006 104
2006 102
2006 104
2006 104
2006 100
2006 99
2006 100
2006 105
2006 107
2006 137
2006 150
2006 137
2006 135
2006 137
2006 162
2006 160
2006 148
2006 148
2006 140
2006 140
2006 136
2006 134
2006 134
2006 130
2006 125
2006 125
2006 125
2006 120
2006 120
2006 120
2006 116
2006 114
2006 110
2006 110
2006 110
2006 110
2006 104
2006 95
2006 95
2006 90
2006 85
2006 80
2006 106
2006 105
2006 103
2006 98
2006 97
2006 104
2006 98
2006 98
2006 95
2006 90
2006 80
2006 77
2006 70
2006 70
2006 65
2006 59
2006 55
2006 50
2006 45
2006 40
2006 35
2006 30
2006 20
2006 15
2006 10
2006 5
2006 5
2006 0
2006 0
2006 0
2006 0
2006 0
2006 0
2006 0
2006 0
2006 0
2006 0
2006 0
2006 0
2006 0
2006 0
2006 0
2006 0
2006 0
2006 0
2006 0
2006 0
2006 0
2006 0
2006 0
2006 0
2006 0
2006 0
2006 0
2006 0
2006 0
2006 0
2006 0
2006 0
2006 0
2006 0
2006 0
2006 0
2006 0
2006 0
2006 0
2006 0
2006 0
2006 0
2006 0
2006 0
2006 0
2006 0
2006 0
2006 0
2006 0
2006 0
2006 0
2006 0
2006 0
2006 0
2006 0
2006 0
2006 0
2006 0
2006 0
2006 0
2006 0
2006 0
2006 0
2006 0
2006 0
2006 0
2006 0
2006 0
2006 0
2006 0
2006 0
2006 0
2006 0
2006 0
2006 0
2006 0
2006 0
2006 0
2006 0
2006 0
2006 0
2006 0
2006 0
2006 0
2006 0
2006 0
2006 0
2006 0
2006 0
2006 0
2006 0
2006 0
2006 0
2006 0
2006 0
2006 0
2006 0
2006 0
2006 0
2006 0
2006 0
2006 0
2006 0
2006 0
2006 0
2006 0
2006 0
2006 0
2006 0
2006 0
2006 0
2006 0
2006 0
2006 0
2006 0
2006 0
2006 0
2006 0
2006 0
2006 0
2006 0
2006 0
2007 0
2007 0
2007 0
2007 0
2007 0
2007 0
2007 0
2007 0
2007 0
2007 0
2007 0
2007 0
2007 0
2007 0
2007 0
2007 0
2007 0
2007 0
2007 0
2007 0
2007 0
2007 0
2007 0
2007 0
2007 0
2007 0
2007 0
2007 0
2007 0
2007 0
2007 0
2007 0
2007 0
2007 0
2007 0
2007 0
2007 0
2007 0
2007 0
2007 0
2007 0
2007 0
2007 0
2007 0
2007 0
2007 0
2007 0
2007 0
2007 0
2007 0
2007 0
2007 0
2007 0
2007 0
2007 0
2007 0
2007 0
2007 0
2007 0
2007 0
2007 0
2007 0
2007 0
2007 0
2007 0
2007 0
2007 0
2007 0
2007 0
2007 0
2007 0
2007 0
2007 0
2007 0
2007 0
2007 0
2007 0
2007 0
2007 0
2007 0
2007 0
2007 10
2007 20
2007 0
2007 8
2007 6
2007 5
2007 0
2007 5
2007 5
2007 4
2007 4
2007 4
2007 4
2007 0
2007 0
2007 3
2007 7
2007 3
2007 34
2007 32
2007 32
2007 32
2007 32
2007 32
2007 32
2007 32
2007 25
2007 25
2007 24
2007 24
2007 22
2007 22
2007 22
2007 22
2007 22
2007 22
2007 22
2007 22
2007 22
2007 22
2007 22
2007 23
2007 24
2007 34
2007 26
2007 30
2007 29
2007 25
2007 25
2007 25
2007 24
2007 22
2007 22
2007 22
2007 22
2007 22
2007 22
2007 22
2007 22
2007 20
2007 20
2007 20
2007 20
2007 22
2007 30
2007 30
2007 28
2007 28
2007 28
2007 25
2007 25
2007 25
2007 25
2007 25
2007 25
2007 25
2007 23
2007 24
2007 25
2007 30
2007 28
2007 28
2007 28
2007 48
2007 50
2007 52
2007 52
2007 50
2007 50
2007 48
2007 48
2007 45
2007 45
2007 43
2007 40
2007 41
2007 50
2007 67
2007 69
2007 60
2007 55
2007 62
2007 55
2007 55
2007 53
2007 52
2007 53
2007 53
2007 70
2007 53
2007 48
2007 45
2007 45
2007 40
2007 40
2007 35
2007 35
2007 35
2007 42
2007 42
2007 41
2007 41
2007 45
2007 43
2007 40
2007 35
2007 36
2007 36
2007 36
2007 30
2007 30
2007 30
2007 28
2007 26
2007 30
2007 25
2007 20
2007 20
2007 20
2007 18
2007 10
2007 6
2007 5
2007 0
2007 0
2007 0
2007 0
2007 0
2007 0
2007 0
2007 0
2007 0
2007 0
2007 0
2007 0
2007 0
2007 0
2007 0
2007 0
2007 0
2007 0
2007 0
2007 0
2007 0
2007 0
2007 0
2007 0
2007 0
2007 0
2007 0
2007 0
2007 0
2007 0
2007 0
2007 0
2007 0
2007 0
2007 4
2007 0
2007 0
2007 0
2007 0
2007 0
2007 0
2007 0
2007 0
2007 0
2007 0
2007 20
2007 17
2007 5
2007 0
2007 0
2007 0
2007 0
2007 0
2007 0
2007 0
2007 0
2007 0
2007 0
2007 0
2007 0
2007 0
2007 0
2007 0
2007 0
2007 0
2007 0
2007 0
2007 0
2007 0
2007 0
2007 0
2007 0
2007 0
2007 0
2007 0
2007 0
2007 0
2007 0
2007 0
2007 0
2007 0
2007 0
2007 0
2007 0
2007 0
2007 0
2007 0
2007 0
2007 0
2007 0
2007 0
2007 0
2007 0
2007 0
2007 0
2007 0
2007 0
2007 0
2007 0
2007 0
2007 0
2007 0
2007 0
2007 0
2007 0
2007 0
2007 0
2007 0
2007 0
2007 0
2007 0
2007 0
2007 0
2007 0
2007 0
2007 0
2007 0
2007 0
2007 0
2007 0
2007 0
2007 0
2007 0
2007 0
2007 0
2007 0
2007 0
2007 0
2007 0
2007 0
2007 0
2007 0
2007 0
2007 0
2007 0
2007 0
2007 0
2007 0
2007 0
2007 0
2007 0
2008 0
2008 0
2008 0
2008 0
2008 0
2008 0
2008 0
2008 0
2008 0
2008 0
2008 0
2008 0
2008 0
2008 0
2008 0
2008 0
2008 0
2008 0
2008 0
2008 0
2008 0
2008 0
2008 0
2008 0
2008 0
2008 0
2008 0
2008 0
2008 0
2008 0
2008 0
2008 0
2008 0
2008 0
2008 0
2008 0
2008 0
2008 0
2008 0
2008 0
2008 0
2008 0
2008 0
2008 0
2008 0
2008 0
2008 0
2008 0
2008 0
2008 0
2008 0
2008 0
2008 0
2008 0
2008 0
2008 0
2008 0
2008 0
2008 0
2008 0
2008 0
2008 0
2008 0
2008 0
2008 0
2008 0
2008 0
2008 0
2008 0
2008 7
2008 33
2008 33
2008 33
2008 32
2008 63
2008 63
2008 63
2008 53
2008 50
2008 44
2008 41
2008 36
2008 30
2008 29
2008 25
2008 23
2008 23
2008 23
2008 23
2008 23
2008 23
2008 21
2008 20
2008 55
2008 56
2008 53
2008 52
2008 43
2008 56
2008 79
2008 103
2008 125
2008 115
2008 110
2008 105
2008 105
2008 100
2008 98
2008 98
2008 95
2008 90
2008 90
2008 90
2008 85
2008 80
2008 80
2008 73
2008 80
2008 85
2008 83
2008 88
2008 85
2008 85
2008 85
2008 85
2008 80
2008 83
2008 105
2008 90
2008 90
2008 93
2008 90
2008 100
2008 110
2008 105
2008 105
2008 106
2008 106
2008 105
2008 110
2008 105
2008 105
2008 105
2008 110
2008 107
2008 106
2008 105
2008 104
2008 104
2008 103
2008 102
2008 103
2008 102
2008 100
2008 111
2008 112.5
2008 114
2008 114
2008 110
2008 110
2008 108
2008 108
2008 108
2008 108
2008 108
2008 108
2008 108
2008 108
2008 106
2008 105
2008 104
2008 104
2008 104
2008 100
2008 100
2008 95
2008 90
2008 90
2008 80
2008 55
2008 55
2008 55
2008 54
2008 45
2008 45
2008 45
2008 45
2008 45
2008 45
2008 45
2008 43
2008 43
2008 53
2008 50
2008 50
2008 45
2008 45
2008 47
2008 70
2008 65
2008 65
2008 65
2008 133
2008 117
2008 110
2008 110
2008 104
2008 90
2008 85
2008 78
2008 70
2008 62
2008 64
2008 60
2008 77
2008 80
2008 68
2008 55
2008 52
2008 55
2008 53
2008 52
2008 48
2008 48
2008 45
2008 45
2008 46
2008 48
2008 44
2008 40
2008 40
2008 40
2008 35
2008 38
2008 40
2008 35
2008 30
2008 30
2008 25
2008 20
2008 15
2008 13
2008 13
2008 10
2008 5
2008 0
2008 0
2008 0
2008 0
2008 0
2008 0
2008 0
2008 0
2008 0
2008 0
2008 0
2008 0
2008 0
2008 0
2008 0
2008 0
2008 0
2008 0
2008 0
2008 0
2008 0
2008 0
2008 0
2008 0
2008 0
2008 0
2008 0
2008 0
2008 0
2008 0
2008 0
2008 0
2008 0
2008 0
2008 0
2008 0
2008 0
2008 0
2008 0
2008 0
2008 0
2008 0
2008 0
2008 0
2008 0
2008 0
2008 0
2008 0
2008 0
2008 0
2008 0
2008 0
2008 0
2008 0
2008 0
2008 0
2008 0
2008 0
2008 0
2008 0
2008 0
2008 0
2008 0
2008 0
2008 0
2008 0
2008 0
2008 0
2008 0
2008 0
2008 0
2008 0
2008 0
2008 0
2008 0
2008 0
2008 0
2008 0
2008 0
2008 0
2008 0
2008 0
2008 0
2008 0
2008 0
2008 0
2008 0
2008 0
2008 0
2008 0
2008 0
2008 0
2008 0
2008 0
2008 0
2008 0
2008 0
2008 0
2008 0
2008 0
2008 0
2008 0
2008 0
2008 0
2008 0
2008 0
2008 0
2008 0
2008 0
2008 0
2008 0
2008 0
2008 0
2008 0
2008 0
2008 0
2008 0
2008 0
2008 0
2008 0
2008 0
2009 0
2009 0
2009 0
2009 0
2009 0
2009 0
2009 0
2009 0
2009 0
2009 0
2009 0
2009 0
2009 0
2009 0
2009 0
2009 0
2009 0
2009 0
2009 0
2009 0
2009 0
2009 0
2009 0
2009 0
2009 0
2009 0
2009 0
2009 0
2009 0
2009 0
2009 0
2009 0
2009 0
2009 5
2009 0
2009 0
2009 0
2009 0
2009 0
2009 0
2009 0
2009 0
2009 0
2009 0
2009 0
2009 0
2009 0
2009 0
2009 0
2009 0
2009 0
2009 0
2009 0
2009 0
2009 0
2009 0
2009 0
2009 0
2009 8
2009 46
2009 36
2009 25
2009 22
2009 12
2009 10
2009 5
2009 5
2009 0
2009 0
2009 0
2009 0
2009 0
2009 0
2009 0
2009 0
2009 0
2009 0
2009 0
2009 11
2009 10
2009 8
2009 16
2009 16
2009 17
2009 46
2009 42
2009 42
2009 42
2009 35
2009 30
2009 32
2009 34
2009 30
2009 30
2009 34
2009 67
2009 85
2009 80
2009 74
2009 72
2009 80
2009 83
2009 80
2009 86
2009 73
2009 63
2009 61
2009 76
2009 73
2009 73
2009 68
2009 65
2009 65
2009 65
2009 65
2009 65
2009 62
2009 62
2009 62
2009 62
2009 62
2009 66
2009 78
2009 80
2009 75
2009 75
2009 72
2009 72
2009 72
2009 70
2009 70
2009 68
2009 68
2009 68
2009 66
2009 66
2009 66
2009 66
2009 66
2009 86
2009 88
2009 102
2009 106
2009 106
2009 120
2009 110
2009 108
2009 105
2009 103
2009 100
2009 100
2009 99
2009 98
2009 96
2009 96
2009 96
2009 93
2009 90
2009 90
2009 97
2009 95
2009 96
2009 120
2009 116
2009 116
2009 113
2009 113
2009 110
2009 110
2009 145
2009 155
2009 145
2009 140
2009 134
2009 153
2009 144
2009 143
2009 138
2009 134
2009 125
2009 123
2009 118
2009 115
2009 116
2009 113
2009 135
2009 132
2009 126
2009 124
2009 138
2009 158
2009 145
2009 140
2009 129
2009 124
2009 121
2009 117
2009 115
2009 112
2009 110
2009 109
2009 109
2009 107
2009 105
2009 129
2009 142
2009 123
2009 114
2009 111
2009 118
2009 112
2009 108
2009 103
2009 99
2009 97
2009 86
2009 85
2009 83
2009 78
2009 73
2009 70
2009 63
2009 60
2009 52
2009 48
2009 42
2009 40
2009 45
2009 40
2009 35
2009 32
2009 28
2009 23
2009 20
2009 10
2009 10
2009 10
2009 8
2009 18
2009 36
2009 22
2009 15
2009 10
2009 10
2009 8
2009 5
2009 5
2009 0
2009 0
2009 0
2009 0
2009 0
2009 0
2009 0
2009 0
2009 0
2009 0
2009 0
2009 0
2009 0
2009 0
2009 0
2009 0
2009 0
2009 0
2009 0
2009 0
2009 0
2009 0
2009 0
2009 0
2009 0
2009 0
2009 0
2009 0
2009 0
2009 0
2009 0
2009 0
2009 0
2009 0
2009 0
2009 0
2009 0
2009 0
2009 0
2009 0
2009 0
2009 0
2009 0
2009 0
2009 0
2009 0
2009 0
2009 0
2009 0
2009 0
2009 0
2009 0
2009 0
2009 0
2009 0
2009 0
2009 0
2009 0
2009 0
2009 0
2009 0
2009 0
2009 0
2009 0
2009 0
2009 0
2009 0
2009 0
2009 0
2009 0
2009 0
2009 0
2009 0
2009 0
2009 0
2009 0
2009 0
2009 0
2009 0
2009 0
2009 0
2009 0
2009 0
2009 0
2009 0
2009 0
2009 0
2009 0
2009 0
2009 0
2009 0
2009 0
2009 0
2009 0
2009 0
2009 0
2009 0
2009 0
2009 0
2009 0
2009 0
2009 0
2009 0
2009 0
2009 0
2009 0
2009 0
2009 0
2009 0
2009 0
2009 0
2009 0
2009 0
2009 0
2009 0
2009 0
2009 0
2009 0
2010 0
2010 0
2010 0
2010 0
2010 0
2010 0
2010 0
2010 0
2010 0
2010 0
2010 0
2010 0
2010 0
2010 0
2010 0
2010 0
2010 0
2010 0
2010 0
2010 0
2010 0
2010 0
2010 0
2010 0
2010 0
2010 0
2010 0
2010 0
2010 0
2010 0
2010 0
2010 0
2010 0
2010 0
2010 0
2010 0
2010 0
2010 0
2010 0
2010 0
2010 0
2010 0
2010 0
2010 0
2010 0
2010 0
2010 5
2010 0
2010 0
2010 0
2010 0
2010 0
2010 0
2010 0
2010 0
2010 0
2010 0
2010 0
2010 0
2010 0
2010 0
2010 0
2010 0
2010 0
2010 0
2010 4
2010 4
2010 32
2010 0
2010 3
2010 4
2010 0
2010 0
2010 0
2010 0
2010 0
2010 0
2010 0
2010 0
2010 0
2010 0
2010 0
2010 0
2010 0
2010 0
2010 0
2010 0
2010 0
2010 0
2010 0
2010 30
2010 30
2010 30
2010 28
2010 33
2010 30
2010 23
2010 18
2010 18
2010 18
2010 18
2010 18
2010 19
2010 18
2010 18
2010 18
2010 18
2010 18
2010 19
2010 19
2010 21
2010 37
2010 42
2010 50
2010 44
2010 40
2010 40
2010 42
2010 54
2010 47
2010 44
2010 54
2010 59
2010 55
2010 55
2010 63
2010 63
2010 61
2010 60
2010 57
2010 57
2010 60
2010 60
2010 59
2010 67
2010 65
2010 63
2010 62
2010 78
2010 75
2010 73
2010 72
2010 73
2010 72
2010 70
2010 70
2010 68
2010 68
2010 67
2010 78
2010 90
2010 90
2010 88
2010 86
2010 87
2010 90
2010 88
2010 102
2010 100
2010 96
2010 94
2010 92
2010 92
2010 92
2010 91
2010 91
2010 89
2010 89
2010 88
2010 86
2010 82
2010 82
2010 82
2010 82
2010 81
2010 83
2010 81
2010 83
2010 93
2010 90
2010 91
2010 90
2010 90
2010 90
2010 87
2010 87
2010 93
2010 89
2010 88
2010 88
2010 90
2010 92
2010 89
2010 88
2010 87
2010 87
2010 88
2010 86
2010 84
2010 80
2010 77
2010 70
2010 65
2010 62
2010 60
2010 56
2010 60
2010 60
2010 60
2010 53
2010 56
2010 56
2010 54
2010 52
2010 50
2010 55
2010 55
2010 52
2010 49
2010 30
2010 38
2010 35
2010 33
2010 32
2010 32
2010 27
2010 27
2010 22
2010 18
2010 15
2010 10
2010 10
2010 5
2010 0
2010 0
2010 0
2010 0
2010 0
2010 0
2010 0
2010 0
2010 0
2010 0
2010 0
2010 0
2010 0
2010 0
2010 0
2010 0
2010 0
2010 0
2010 0
2010 0
2010 0
2010 0
2010 0
2010 0
2010 0
2010 0
2010 0
2010 0
2010 0
2010 0
2010 0
2010 0
2010 0
2010 0
2010 0
2010 0
2010 0
2010 0
2010 0
2010 0
2010 0
2010 0
2010 0
2010 0
2010 0
2010 0
2010 0
2010 0
2010 0
2010 0
2010 0
2010 0
2010 0
2010 0
2010 0
2010 0
2010 0
2010 0
2010 0
2010 0
2010 0
2010 0
2010 0
2010 0
2010 0
2010 0
2010 0
2010 0
2010 0
2010 0
2010 0
2010 0
2010 0
2010 0
2010 0
2010 0
2010 0
2010 0
2010 0
2010 0
2010 0
2010 0
2010 0
2010 0
2010 0
2010 0
2010 0
2010 0
2010 0
2010 0
2010 0
2010 0
2010 0
2010 0
2010 0
2010 0
2010 0
2010 0
2010 0
2010 0
2010 0
2010 0
2010 0
2010 0
2010 0
2010 0
2010 0
2010 0
2010 0
2010 0
2010 0
2010 0
2010 0
2010 0
2010 0
2010 0
2010 0
2010 0
2010 0
2010 0
2010 0
2010 0
2010 0
2010 0
2010 0
2010 0
2010 0
2010 0
2010 0
2010 0
2010 0
2010 0
2011 0
2011 0
2011 0
2011 0
2011 0
2011 0
2011 0
2011 0
2011 0
2011 0
2011 0
2011 0
2011 0
2011 0
2011 0
2011 0
2011 0
2011 0
2011 0
2011 0
2011 0
2011 0
2011 0
2011 0
2011 0
2011 0
2011 0
2011 0
2011 0
2011 0
2011 0
2011 0
2011 0
2011 0
2011 0
2011 0
2011 0
2011 0
2011 0
2011 0
2011 0
2011 0
2011 0
2011 0
2011 0
2011 0
2011 0
2011 0
2011 0
2011 0
2011 0
2011 0
2011 0
2011 4
2011 10
2011 7
2011 0
2011 0
2011 0
2011 0
2011 0
2011 0
2011 0
2011 0
2011 0
2011 0
2011 0
2011 0
2011 0
2011 0
2011 5
2011 10
2011 4
2011 0
2011 0
2011 0
2011 10
2011 8
2011 9
2011 9
2011 8
2011 7
2011 12
2011 11
2011 10
2011 9
2011 12
2011 12
2011 11
2011 13
2011 12
2011 22
2011 22
2011 20
2011 20
2011 25
2011 55
2011 40
2011 34
2011 28
2011 27
2011 27
2011 27
2011 27
2011 27
2011 27
2011 28
2011 50
2011 45
2011 50
2011 48
2011 46
2011 45
2011 41
2011 46
2011 53
2011 50
2011 50
2011 50
2011 53
2011 52
2011 51
2011 51
2011 51
2011 50
2011 50
2011 50
2011 51
2011 55
2011 50
2011 50
2011 56
2011 59
2011 66
2011 58
2011 57
2011 57
2011 57
2011 57
2011 57
2011 57
2011 57
2011 57
2011 56
2011 56
2011 56
2011 55
2011 55
2011 55
2011 55
2011 55
2011 55
2011 55
2011 55
2011 55
2011 55
2011 55
2011 55
2011 55
2011 55
2011 55
2011 55
2011 55
2011 55
2011 55
2011 55
2011 55
2011 56
2011 55
2011 55
2011 55
2011 55
2011 60
2011 60
2011 58
2011 58
2011 72
2011 68
2011 64
2011 63
2011 63
2011 61
2011 60
2011 60
2011 57
2011 55
2011 54
2011 54
2011 53
2011 52
2011 51
2011 50
2011 50
2011 50
2011 49
2011 48
2011 40
2011 36
2011 33
2011 41
2011 40
2011 38
2011 35
2011 34
2011 30
2011 25
2011 20
2011 20
2011 18
2011 15
2011 15
2011 10
2011 5
2011 0
2011 0
2011 0
2011 0
2011 0
2011 0
2011 0
2011 0
2011 0
2011 0
2011 0
2011 0
2011 0
2011 0
2011 0
2011 0
2011 0
2011 0
2011 0
2011 0
2011 0
2011 0
2011 0
2011 0
2011 0
2011 0
2011 0
2011 0
2011 0
2011 0
2011 0
2011 0
2011 0
2011 0
2011 0
2011 0
2011 0
2011 0
2011 0
2011 0
2011 0
2011 0
2011 0
2011 4
2011 0
2011 0
2011 0
2011 0
2011 0
2011 0
2011 0
2011 0
2011 0
2011 0
2011 0
2011 0
2011 0
2011 0
2011 0
2011 0
2011 0
2011 0
2011 0
2011 0
2011 0
2011 0
2011 0
2011 0
2011 0
2011 0
2011 0
2011 0
2011 0
2011 0
2011 0
2011 0
2011 0
2011 0
2011 0
2011 0
2011 0
2011 0
2011 0
2011 0
2011 0
2011 0
2011 0
2011 0
2011 0
2011 0
2011 0
2011 0
2011 0
2011 0
2011 0
2011 0
2011 0
2011 0
2011 0
2011 0
2011 0
2011 0
2011 0
2011 0
2011 0
2011 0
2011 0
2011 0
2011 0
2011 0
2011 0
2011 0
2011 0
2011 0
2011 0
2011 0
2011 0
2011 0
2011 0
2011 0
2011 0
2011 0
2011 0
2011 0
2011 0
2011 0
2011 0
2011 0
2011 0
2011 0
2011 0
2011 0
2011 0
2011 0
2011 0
2011 0
2011 0
2011 0
2011 0
2011 0
2011 0
2011 0
2011 0
2011 0
2011 0
2011 0
2011 0
2011 0
2011 0
2011 0
2011 0
2011 0
2012 0
2012 0
2012 0
2012 0
2012 0
2012 0
2012 0
2012 0
2012 0
2012 0
2012 0
2012 0
2012 0
2012 0
2012 0
2012 0
2012 0
2012 0
2012 0
2012 0
2012 0
2012 0
2012 0
2012 0
2012 0
2012 0
2012 0
2012 0
2012 0
2012 0
2012 0
2012 0
2012 0
2012 0
2012 0
2012 0
2012 0
2012 18
2012 0
2012 0
2012 0
2012 0
2012 0
2012 0
2012 0
2012 0
2012 0
2012 0
2012 0
2012 0
2012 0
2012 0
2012 0
2012 0
2012 0
2012 0
2012 0
2012 0
2012 0
2012 0
2012 0
2012 0
2012 0
2012 0
2012 0
2012 0
2012 0
2012 0
2012 0
2012 0
2012 0
2012 0
2012 0
2012 0
2012 0
2012 0
2012 0
2012 0
2012 0
2012 0
2012 0
2012 0
2012 0
2012 0
2012 0
2012 0
2012 0
2012 0
2012 0
2012 0
2012 0
2012 0
2012 0
2012 0
2012 0
2012 0
2012 17
2012 51
2012 50
2012 47
2012 41
2012 40
2012 50
2012 50
2012 65
2012 80
2012 135
2012 121
2012 116
2012 115
2012 133
2012 143
2012 136
2012 123
2012 119
2012 117
2012 113
2012 112
2012 109
2012 108
2012 107
2012 150
2012 135
2012 135
2012 133
2012 130
2012 154
2012 156
2012 156
2012 158
2012 157
2012 157
2012 154
2012 150
2012 149
2012 147
2012 146
2012 145
2012 145
2012 144
2012 140
2012 144
2012 170
2012 164
2012 154
2012 154
2012 160
2012 158
2012 156
2012 165
2012 163
2012 165
2012 165
2012 165
2012 163
2012 165
2012 165
2012 162
2012 162
2012 162
2012 160
2012 158
2012 156
2012 156
2012 156
2012 156
2012 156
2012 158
2012 155
2012 154
2012 153
2012 155
2012 154
2012 152
2012 150
2012 148
2012 145
2012 143
2012 142
2012 140
2012 140
2012 135
2012 135
2012 130
2012 128
2012 128
2012 134
2012 130
2012 130
2012 130
2012 130
2012 130
2012 130
2012 130
2012 128
2012 128
2012 128
2012 125
2012 125
2012 126
2012 128
2012 125
2012 120
2012 120
2012 120
2012 118
2012 115
2012 112
2012 112
2012 108
2012 108
2012 100
2012 95
2012 90
2012 80
2012 80
2012 78
2012 75
2012 70
2012 68
2012 60
2012 55
2012 55
2012 55
2012 45
2012 46
2012 40
2012 44
2012 44
2012 40
2012 40
2012 40
2012 38
2012 39
2012 38
2012 33
2012 33
2012 30
2012 27
2012 23
2012 16
2012 7
2012 5
2012 3
2012 3
2012 0
2012 0
2012 0
2012 0
2012 0
2012 0
2012 0
2012 0
2012 0
2012 0
2012 0
2012 0
2012 0
2012 6
2012 0
2012 0
2012 0
2012 0
2012 0
2012 0
2012 0
2012 0
2012 0
2012 0
2012 0
2012 0
2012 0
2012 0
2012 0
2012 0
2012 0
2012 0
2012 0
2012 0
2012 0
2012 0
2012 0
2012 0
2012 0
2012 0
2012 0
2012 0
2012 0
2012 0
2012 0
2012 0
2012 0
2012 0
2012 0
2012 0
2012 0
2012 0
2012 0
2012 0
2012 0
2012 0
2012 0
2012 0
2012 0
2012 0
2012 0
2012 0
2012 0
2012 0
2012 0
2012 0
2012 0
2012 0
2012 0
2012 0
2012 0
2012 0
2012 0
2012 0
2012 0
2012 0
2012 0
2012 0
2012 0
2012 0
2012 0
2012 0
2012 0
2012 0
2012 0
2012 0
2012 0
2012 0
2012 0
2012 0
2012 0
2012 0
2012 0
2012 0
2012 0
2012 0
2012 0
2012 0
2012 0
2012 0
2012 0
2012 0
2012 0
2012 0
2012 0
2012 0
2012 0
2012 0
2012 0
2012 0
2012 0
2012 0
2012 0
2012 0
2012 0
2012 0
2012 0
2012 0
2012 0
2012 0
2012 0
2013 0
2013 0
2013 0
2013 0
2013 0
2013 0
2013 0
2013 0
2013 0
2013 0
2013 0
2013 0
2013 0
2013 0
2013 0
2013 0
2013 0
2013 0
2013 0
2013 0
2013 0
2013 0
2013 0
2013 0
2013 0
2013 0
2013 0
2013 0
2013 0
2013 0
2013 0
2013 0
2013 0
2013 0
2013 0
2013 0
2013 0
2013 0
2013 0
2013 0
2013 0
2013 0
2013 0
2013 0
2013 0
2013 0
2013 0
2013 0
2013 0
2013 0
2013 0
2013 0
2013 0
2013 0
2013 0
2013 0
2013 0
2013 10
2013 8
2013 0
2013 0
2013 0
2013 0
2013 0
2013 0
2013 0
2013 0
2013 0
2013 0
2013 0
2013 0
2013 0
2013 0
2013 0
2013 0
2013 0
2013 0
2013 0
2013 0
2013 0
2013 0
2013 0
2013 0
2013 0
2013 0
2013 0
2013 0
2013 0
2013 3
2013 20
2013 20
2013 20
2013 20
2013 38
2013 85
2013 89
2013 82
2013 85
2013 85
2013 86
2013 88
2013 80
2013 80
2013 78
2013 72
2013 90
2013 103
2013 108
2013 126
2013 125
2013 113
2013 117
2013 120
2013 112
2013 105
2013 100
2013 103
2013 104
2013 115
2013 112
2013 110
2013 110
2013 108
2013 110
2013 110
2013 108
2013 106
2013 102
2013 100
2013 98
2013 98
2013 98
2013 140
2013 135
2013 130
2013 125
2013 126
2013 120
2013 118
2013 116
2013 116
2013 112
2013 113
2013 112
2013 110
2013 110
2013 110
2013 109
2013 110
2013 114
2013 111
2013 110
2013 108
2013 116
2013 115
2013 112
2013 137
2013 139
2013 146
2013 140
2013 140
2013 141
2013 135
2013 138
2013 135
2013 133
2013 132
2013 135
2013 133
2013 130
2013 128
2013 127
2013 128
2013 128
2013 130
2013 130
2013 133
2013 132
2013 130
2013 128
2013 126
2013 124
2013 122
2013 121
2013 118
2013 118
2013 116
2013 113
2013 112
2013 111
2013 111
2013 110
2013 110
2013 110
2013 110
2013 110
2013 110
2013 114
2013 120
2013 125
2013 125
2013 123
2013 113
2013 110
2013 108
2013 108
2013 107
2013 106
2013 113
2013 113
2013 111
2013 103
2013 103
2013 103
2013 100
2013 96
2013 95
2013 94
2013 91
2013 93
2013 98
2013 93
2013 89
2013 85
2013 82
2013 75
2013 68
2013 58
2013 52
2013 42
2013 48
2013 67
2013 45
2013 45
2013 40
2013 35
2013 25
2013 25
2013 15
2013 15
2013 10
2013 5
2013 5
2013 0
2013 0
2013 0
2013 0
2013 0
2013 0
2013 0
2013 0
2013 0
2013 0
2013 0
2013 0
2013 0
2013 0
2013 0
2013 0
2013 0
2013 0
2013 0
2013 0
2013 0
2013 0
2013 0
2013 0
2013 0
2013 0
2013 0
2013 0
2013 0
2013 0
2013 0
2013 0
2013 0
2013 0
2013 0
2013 0
2013 0
2013 0
2013 0
2013 0
2013 0
2013 0
2013 0
2013 0
2013 0
2013 0
2013 0
2013 0
2013 0
2013 0
2013 0
2013 0
2013 0
2013 0
2013 0
2013 0
2013 0
2013 0
2013 0
2013 0
2013 0
2013 0
2013 0
2013 0
2013 0
2013 0
2013 0
2013 0
2013 0
2013 0
2013 0
2013 0
2013 0
2013 0
2013 0
2013 0
2013 0
2013 0
2013 0
2013 0
2013 0
2013 0
2013 0
2013 0
2013 0
2013 0
2013 0
2013 0
2013 0
2013 0
2013 0
2013 0
2013 0
2013 0
2013 0
2013 0
2013 0
2013 0
2013 0
2013 0
2013 0
2013 0
2013 0
2013 0
2013 0
2013 0
2013 0
2013 0
2013 0
2013 0
2013 0
2013 0
2013 0
2013 0
2013 0
2013 0
2013 0
2013 0
2013 0
2013 0
2013 0
2013 0
2018 0
2018 0
2018 0
2018 0
2018 0
2018 0
2018 0
2018 0
2018 0
2018 0
2018 0
2018 0
2018 0
2018 0
2018 0
2018 0
2018 0
2018 0
2018 0
2018 0
2018 0
2018 0
2018 0
2018 0
2018 0
2018 0
2018 0
2018 0
2018 0
2018 0
2018 0
2018 0
2018 0
2018 0
2018 0
2018 0
2018 0
2018 0
2018 0
2018 0
2018 0
2018 0
2018 0
2018 0
2018 0
2018 0
2018 0
2018 0
2018 0
2018 0
2018 0
2018 0
2018 0
2018 0
2018 0
2018 0
2018 0
2018 0
2018 0
2018 0
2018 0
2018 0
2018 0
2018 0
2018 0
2018 0
2018 0
2018 0
2018 0
2018 0
2018 0
2018 0
2018 5
2018 24
2018 19
2018 17
2018 16
2018 15
2018 15
2018 23
2018 21
2018 18
2018 18
2018 18
2018 17
2018 18
2018 18
2018 18
2018 18
2018 23
2018 23
2018 23
2018 22
2018 22
2018 23
2018 23
2018 23
2018 23
2018 40
2018 43
2018 85
2018 82
2018 86
2018 79
2018 91
2018 95
2018 90
2018 86
2018 108
2018 100
2018 94
2018 90
2018 86
2018 83
2018 81
2018 79
2018 78
2018 80
2018 88
2018 85
2018 103
2018 96
2018 100
2018 114
2018 110
2018 123
2018 114
2018 111
2018 109
2018 109
2018 116
2018 113
2018 112
2018 111
2018 110
2018 110
2018 109
2018 119
2018 107
2018 142
2018 142
2018 148
2018 159
2018 164
2018 158
2018 155
2018 152
2018 151
2018 149
2018 149
2018 148
2018 148
2018 147
2018 152
2018 151
2018 150
2018 150
2018 149
2018 148
2018 148
2018 147
2018 146
2018 146
2018 152
2018 153
2018 152
2018 151
2018 170
2018 160
2018 157
2018 157
2018 156
2018 156
2018 155
2018 155
2018 155
2018 150
2018 150
2018 150
2018 150
2018 149
2018 162
2018 166
2018 167
2018 158
2018 155
2018 153
2018 159
2018 154
2018 152
2018 151
2018 151
2018 151
2018 164
2018 157
2018 154
2018 152
2018 161
2018 161
2018 159
2018 158
2018 157
2018 157
2018 156
2018 155
2018 154
2018 153
2018 158
2018 155
2018 151
2018 150
2018 170
2018 162
2018 156
2018 154
2018 153
2018 151
2018 150
2018 149
2018 144
2018 135
2018 133
2018 129
2018 127
2018 124
2018 123
2018 118
2018 109
2018 106
2018 103
2018 98
2018 93
2018 86
2018 80
2018 69
2018 63
2018 53
2018 44
2018 36
2018 29
2018 26
2018 22
2018 20
2018 16
2018 13
2018 5
2018 0
2018 0
2018 0
2018 0
2018 0
2018 0
2018 0
2018 0
2018 0
2018 0
2018 0
2018 0
2018 0
2018 0
2018 0
2018 0
2018 0
2018 0
2018 0
2018 0
2018 0
2018 0
2018 0
2018 0
2018 0
2018 0
2018 0
2018 0
2018 0
2018 0
2018 0
2018 0
2018 0
2018 0
2018 0
2018 0
2018 0
2018 0
2018 0
2018 0
2018 0
2018 0
2018 0
2018 0
2018 0
2018 0
2018 0
2018 0
2018 0
2018 0
2018 0
2018 0
2018 0
2018 0
2018 0
2018 0
2018 0
2018 0
2018 0
2018 0
2018 0
2018 0
2018 0
2018 0
2018 0
2018 0
2018 0
2018 0
2018 0
2018 0
2018 0
2018 0
2018 0
2018 0
2018 0
2018 0
2018 0
2018 0
2018 0
2018 0
2018 0
2018 0
2018 0
2018 0
2018 0
2018 0
2018 0
2018 0
2018 0
2018 0
2018 0
2018 0
2018 0
2018 0
2018 0
2018 0
2018 0
2018 0
2018 0
2018 0
2018 0
2018 0
2018 0
2018 0
2018 0
2018 0
2018 0
2018 0
2018 0
2018 0
2018 0
2018 0
2018 0
2018 0
2018 0
2018 0
2018 0
2018 0
2018 0
2019 0
2019 0
2019 0
2019 0
2019 0
2019 0
2019 0
2019 0
2019 0
2019 0
2019 0
2019 0
2019 0
2019 0
2019 0
2019 0
2019 0
2019 0
2019 0
2019 0
2019 0
2019 0
2019 0
2019 0
2019 0
2019 0
2019 0
2019 0
2019 0
2019 0
2019 0
2019 0
2019 0
2019 0
2019 0
2019 0
2019 0
2019 0
2019 0
2019 0
2019 0
2019 0
2019 0
2019 0
2019 0
2019 0
2019 0
2019 0
2019 0
2019 0
2019 0
2019 0
2019 0
2019 0
2019 0
2019 0
2019 0
2019 3
2019 0
2019 0
2019 0
2019 0
2019 0
2019 0
2019 0
2019 0
2019 0
2019 0
2019 0
2019 0
2019 0
2019 0
2019 0
2019 0
2019 0
2019 0
2019 0
2019 0
2019 0
2019 0
2019 0
2019 0
2019 0
2019 0
2019 0
2019 0
2019 0
2019 0
2019 0
2019 0
2019 3
2019 3
2019 4
2019 0
2019 0
2019 0
2019 0
2019 0
2019 4
2019 20
2019 32
2019 31
2019 28
2019 27
2019 25
2019 25
2019 39
2019 38
2019 38
2019 40
2019 38
2019 40
2019 34
2019 33
2019 32
2019 31
2019 31
2019 31
2019 31
2019 31
2019 30
2019 29
2019 29
2019 31
2019 30
2019 30
2019 30
2019 31
2019 31
2019 35
2019 49
2019 45
2019 43
2019 43
2019 102
2019 89
2019 84
2019 80
2019 79
2019 76
2019 74
2019 73
2019 71
2019 70
2019 70
2019 69
2019 69
2019 69
2019 69
2019 80
2019 79
2019 78
2019 78
2019 79
2019 81
2019 79
2019 78
2019 77
2019 76
2019 79
2019 82
2019 78
2019 87
2019 101
2019 95
2019 92
2019 89
2019 86
2019 85
2019 84
2019 82
2019 81
2019 80
2019 78
2019 75
2019 73
2019 70
2019 69
2019 68
2019 66
2019 64
2019 80
2019 73
2019 68
2019 74
2019 71
2019 69
2019 69
2019 69
2019 69
2019 66
2019 80
2019 73
2019 73
2019 107
2019 101
2019 93
2019 85
2019 83
2019 82
2019 80
2019 74
2019 71
2019 69
2019 67
2019 66
2019 66
2019 65
2019 61
2019 59
2019 55
2019 53
2019 50
2019 48
2019 47
2019 78
2019 62
2019 54
2019 51
2019 48
2019 45
2019 42
2019 39
2019 36
2019 33
2019 31
2019 26
2019 24
2019 19
2019 12
2019 6
2019 0
2019 0
2019 0
2019 0
2019 0
2019 0
2019 0
2019 0
2019 0
2019 0
2019 0
2019 0
2019 0
2019 0
2019 0
2019 0
2019 0
2019 0
2019 0
2019 0
2019 0
2019 0
2019 0
2019 0
2019 0
2019 0
2019 0
2019 0
2019 0
2019 0
2019 0
2019 0
2019 0
2019 0
2019 0
2019 0
2019 0
2019 0
2019 0
2019 0
2019 0
2019 0
2019 0
2019 0
2019 0
2019 0
2019 0
2019 0
2019 0
2019 0
2019 0
2019 0
2019 0
2019 0
2019 0
2019 0
2019 0
2019 0
2019 0
2019 0
2019 0
2019 0
2019 0
2019 0
2019 0
2019 0
2019 0
2019 0
2019 0
2019 0
2019 0
2019 0
2019 0
2019 0
2019 0
2019 0
2019 0
2019 0
2019 0
2019 0
2019 0
2019 0
2019 0
2019 0
2019 0
2019 0
2019 0
2019 0
2019 0
2019 0
2019 0
2019 0
2019 0
2019 0
2019 0
2019 0
2019 0
2019 0
2019 0
2019 0
2019 0
2019 0
2019 0
2019 0
2019 0
2019 0
2019 0
2019 0
2019 0
2019 0
2019 0
2019 0
2019 0
2019 0
2019 0
2019 0
2019 0
2019 0
2019 0
2019 0
2019 0
2019 0
2019 0
2019 0
2019 0
2019 0
2019 0
2019 0
2019 0
2019 0
2019 0
2019 0
2019 0
2019 0
2020 0
2020 0
2020 0
2020 0
2020 0
2020 0
2020 0
2020 0
2020 0
2020 0
2020 0
2020 0
2020 0
2020 0
2020 0
2020 0
2020 0
2020 0
2020 0
2020 0
2020 0
2020 0
2020 0
2020 0
2020 0
2020 0
2020 0
2020 0
2020 0
2020 0
2020 0
2020 0
2020 0
2020 0
2020 0
2020 0
2020 0
2020 0
2020 0
2020 0
2020 0
2020 0
2020 0
2020 0
2020 0
2020 0
2020 0
2020 0
2020 0
2020 0
2020 0
2020 0
2020 0
2020 0
2020 0
2020 0
2020 0
2020 0
2020 0
2020 0
2020 0
2020 0
2020 0
2020 0
2020 0
2020 0
2020 0
2020 0
2020 11
2020 7
2020 7
2020 9
2020 11
2020 10
2020 9
2020 33
2020 29
2020 54
2020 49
2020 41
2020 37
2020 34
2020 30
2020 26
2020 22
2020 19
2020 17
2020 16
2020 19
2020 44
2020 42
2020 45
2020 41
2020 38
2020 36
2020 35
2020 34
2020 34
2020 34
2020 56
2020 71
2020 61
2020 62
2020 93
2020 81
2020 75
2020 71
2020 64
2020 59
2020 56
2020 54
2020 54
2020 79
2020 74
2020 92
2020 86
2020 83
2020 104
2020 97
2020 93
2020 90
2020 86
2020 84
2020 83
2020 81
2020 80
2020 79
2020 78
2020 78
2020 77
2020 76
2020 76
2020 76
2020 76
2020 76
2020 75
2020 75
2020 75
2020 75
2020 79
2020 78
2020 78
2020 77
2020 77
2020 77
2020 76
2020 76
2020 76
2020 76
2020 94
2020 109
2020 101
2020 93
2020 91
2020 84
2020 79
2020 77
2020 86
2020 83
2020 82
2020 81
2020 81
2020 75
2020 76
2020 76
2020 88
2020 96
2020 92
2020 87
2020 84
2020 83
2020 87
2020 83
2020 83
2020 81
2020 76
2020 74
2020 74
2020 81
2020 96
2020 89
2020 83
2020 86
2020 96
2020 97
2020 95
2020 127
2020 125
2020 118
2020 116
2020 114
2020 128
2020 116
2020 111
2020 102
2020 100
2020 97
2020 95
2020 92
2020 89
2020 85
2020 84
2020 81
2020 79
2020 77
2020 76
2020 76
2020 75
2020 72
2020 69
2020 68
2020 68
2020 65
2020 61
2020 54
2020 49
2020 43
2020 36
2020 30
2020 20
2020 13
2020 5
2020 0
2020 0
2020 0
2020 0
2020 0
2020 0
2020 0
2020 0
2020 0
2020 0
2020 0
2020 0
2020 0
2020 0
2020 0
2020 0
2020 0
2020 0
2020 0
2020 0
2020 0
2020 0
2020 0
2020 0
2020 0
2020 0
2020 0
2020 0
2020 0
2020 0
2020 0
2020 0
2020 0
2020 0
2020 0
2020 0
2020 0
2020 0
2020 0
2020 0
2020 0
2020 0
2020 0
2020 0
2020 0
2020 0
2020 0
2020 0
2020 0
2020 0
2020 0
2020 0
2020 0
2020 0
2020 0
2020 0
2020 0
2020 0
2020 0
2020 0
2020 0
2020 0
2020 0
2020 0
2020 0
2020 0
2020 0
2020 0
2020 0
2020 0
2020 0
2020 0
2020 0
2020 0
2020 0
2020 0
2020 0
2020 0
2020 0
2020 0
2020 0
2020 0
2020 0
2020 0
2020 0
2020 0
2020 0
2020 0
2020 0
2020 0
2020 0
2020 0
2020 0
2020 0
2020 0
2020 0
2020 0
2020 0
2020 0
2020 0
2020 0
2020 0
2020 0
2020 0
2020 0
2020 0
2020 0
2020 0
2020 0
2020 0
2020 0
2020 0
2020 0
2020 0
2020 0
2020 0
2020 0
2020 0
2020 0
2020 0
2020 0
2020 0
2020 0
2020 0
2020 0
2020 0
2020 0
2020 0
2020 0
2020 0
2020 0
2020 0
2020 0
2020 0
2020 0
2020 0
2020 0
2020 0
2020 0
2020 0
2020 0
2020 0
2020 0
2020 0
