2019 NA
2019 NA
2019 NA
2019 NA
2019 NA
2019 NA
2019 NA
2019 NA
2019 NA
2019 NA
2019 NA
2019 NA
2019 NA
2019 NA
2019 NA
2019 NA
2019 NA
2019 NA
2019 NA
2019 NA
2019 NA
2019 NA
2019 NA
2019 NA
2019 NA
2019 NA
2019 NA
2019 NA
2019 NA
2019 NA
2019 NA
2019 NA
2019 NA
2019 NA
2019 NA
2019 NA
2019 NA
2019 NA
2019 NA
2019 NA
2019 NA
2019 NA
2019 NA
2019 NA
2019 NA
2019 NA
2019 NA
2019 NA
2019 NA
2019 NA
2019 NA
2019 NA
2019 NA
2019 NA
2019 NA
2019 NA
2019 NA
2019 NA
2019 NA
2019 NA
2019 NA
2019 NA
2019 NA
2019 NA
2019 NA
2019 NA
2019 NA
2019 NA
2019 NA
2019 NA
2019 NA
2019 NA
2019 NA
2019 NA
2019 NA
2019 NA
2019 NA
2019 NA
2019 NA
2019 NA
2019 NA
2019 NA
2019 NA
2019 NA
2019 NA
2019 NA
2019 NA
2019 NA
2019 NA
2019 NA
2019 NA
2019 NA
2019 NA
2019 NA
2019 NA
2019 NA
2019 NA
2019 NA
2019 NA
2019 NA
2019 NA
2019 NA
2019 NA
2019 NA
2019 NA
2019 NA
2019 NA
2019 NA
2019 94
2019 100
2019 92
2019 111
2019 97
2019 92
2019 125
2019 120
2019 116
2019 115
2019 112
2019 111
2019 105
2019 104
2019 102
2019 103
2019 102
2019 102
2019 102
2019 101
2019 101
2019 100
2019 117
2019 138
2019 126
2019 104
2019 109
2019 126
2019 134
2019 124
2019 126
2019 125
2019 124
2019 123
2019 122
2019 120
2019 116
2019 117
2019 115
2019 102
2019 106
2019 108
2019 116
2019 121
2019 118
2019 117
2019 123
2019 129
2019 131
2019 128
2019 125
2019 123
2019 122
2019 121
2019 125
2019 133
2019 119
2019 119
2019 118
2019 118
2019 117
2019 115
2019 114
2019 114
2019 114
2019 114
2019 113
2019 112
2019 111
2019 109
2019 109
2019 108
2019 106
2019 116
2019 111
2019 110
2019 112
2019 108
2019 108
2019 112
2019 112
2019 107
2019 109
2019 127
2019 122
2019 118
2019 107
2019 122
2019 106
2019 108
2019 112
2019 112
2019 110
2019 107
2019 106
2019 105
2019 103
2019 116
2019 121
2019 117
2019 114
2019 111
2019 109
2019 109
2019 108
2019 114
2019 125
2019 192
2019 188
2019 185
2019 178
2019 170
2019 165
2019 163
2019 162
2019 162
2019 159
2019 160
2019 161
2019 156
2019 153
2019 152
2019 147
2019 144
2019 140
2019 136
2019 134
2019 149
2019 149
2019 190
2019 189
2019 188
2019 185
2019 180
2019 173
2019 169
2019 165
2019 168
2019 169
2019 166
2019 162
2019 168
2019 168
2019 163
2019 164
2019 174
2019 172
2019 168
2019 169
2019 166
2019 166
2019 163
2019 163
2019 165
2019 163
2019 157
2019 153
2019 146
2019 142
2019 138
2019 135
2019 138
2019 146
2019 142
2019 133
2019 126
2019 120
2019 112
2019 102
2019 92
2019 86
2019 76
2019 66
2019 62
2019 52
2019 NA
2019 NA
2019 NA
2019 NA
2019 NA
2019 NA
2019 NA
2019 NA
2019 0
2019 0
2019 0
2019 0
2019 0
2019 0
2019 0
2019 0
2019 0
2019 0
2019 0
2019 0
2019 0
2019 0
2019 0
2019 0
2019 0
2019 0
2019 0
2019 2
2019 3
2019 2
2019 2
2019 2
2019 0
2019 2
2019 1
2019 3
2019 0
2019 3
2019 0
2019 4
2019 2
2019 5
2019 5
2019 6
2019 6
2019 NA
2019 NA
2019 NA
2019 NA
2019 NA
2019 NA
2019 NA
2019 NA
2019 NA
2019 NA
2019 4
2019 4
2019 8
2019 7
2019 8
2019 5
2019 5
2019 8
2019 9
2019 8
2019 7
2019 9
2019 7
2019 6
2019 7
2019 10
2019 6
2019 3
2019 7
2019 3
2019 4
2019 3
2019 0
2019 2
2019 1
2019 1
2019 4
2020 6
2020 7
2020 5
2020 5
2020 7
2020 23
2020 18
2020 19
2020 11
2020 9
2020 4
2020 5
2020 4
2020 5
2020 7
2020 5
2020 2
2020 2
2020 3
2020 1
2020 2
2020 2
2020 3
2020 1
2020 4
2020 1
2020 2
2020 1
2020 2
2020 3
2020 0
2020 4
2020 2
2020 1
2020 2
2020 3
2020 10
2020 1
2020 5
2020 2
2020 1
2020 0
2020 2
2020 0
2020 7
2020 7
2020 5
2020 4
2020 2
2020 2
2020 0
2020 0
2020 0
2020 0
2020 0
2020 0
2020 0
2020 1
2020 1
2020 0
2020 0
2020 3
2020 0
2020 4
2020 3
2020 4
2020 10
2020 6
2020 31
2020 24
2020 21
2020 14
2020 18
2020 16
2020 15
2020 30
2020 40
2020 82
2020 69
2020 61
2020 56
2020 53
2020 57
2020 56
2020 65
2020 61
2020 57
2020 55
2020 54
2020 59
2020 56
2020 59
2020 57
2020 55
2020 54
2020 52
2020 52
2020 47
2020 44
2020 43
2020 50
2020 44
2020 49
2020 66
2020 52
2020 43
2020 41
2020 41
2020 41
2020 41
2020 43
2020 44
2020 52
2020 78
2020 78
2020 44
2020 44
2020 53
2020 52
2020 52
2020 51
2020 50
2020 49
2020 49
2020 46
2020 46
2020 43
2020 43
2020 42
2020 42
2020 42
2020 43
2020 42
2020 42
2020 42
2020 42
2020 42
2020 42
2020 42
2020 44
2020 44
2020 44
2020 43
2020 43
2020 42
2020 43
2020 42
2020 42
2020 43
2020 44
2020 43
2020 43
2020 43
2020 43
2020 46
2020 51
2020 49
2020 60
2020 57
2020 55
2020 55
2020 53
2020 42
2020 42
2020 41
2020 42
2020 43
2020 40
2020 40
2020 39
2020 42
2020 41
2020 40
2020 39
2020 39
2020 38
2020 38
2020 37
2020 38
2020 55
2020 50
2020 42
2020 44
2020 52
2020 50
2020 47
2020 61
2020 62
2020 63
2020 58
2020 61
2020 62
2020 54
2020 50
2020 52
2020 52
2020 51
2020 51
2020 50
2020 49
2020 48
2020 47
2020 46
2020 45
2020 44
2020 44
2020 44
2020 43
2020 42
2020 41
2020 44
2020 50
2020 45
2020 43
2020 43
2020 42
2020 42
2020 41
2020 39
2020 38
2020 36
2020 32
2020 29
2020 26
2020 23
2020 22
2020 21
2020 20
2020 15
2020 12
2020 6
2020 3
2020 0
2020 0
2020 0
2020 0
2020 0
2020 0
2020 0
2020 0
2020 0
2020 0
2020 1
2020 2
2020 5
2020 6
2020 0
2020 0
2020 0
2020 0
2020 0
2020 0
2020 0
2020 0
2020 0
2020 0
2020 0
2020 0
2020 0
2020 0
2020 0
2020 0
2020 0
2020 0
2020 0
2020 0
2020 0
2020 1
2020 0
2020 0
2020 0
2020 0
2020 0
2020 0
2020 0
2020 0
2020 1
2020 5
2020 1
2020 2
2020 3
2020 2
2020 1
2020 5
2020 1
2020 1
2020 1
2020 3
2020 1
2020 1
2020 1
2020 1
2020 1
2020 0
2020 1
2020 2
2020 0
2020 0
2020 0
2020 1
2020 4
2020 1
2020 3
2020 9
2020 4
2020 2
2020 7
2020 1
2020 0
2020 0
2020 16
2020 1
2020 4
2020 2
2020 0
2020 0
2020 2
2020 11
2020 4
2020 3
2020 3
2020 0
2020 0
2020 2
2020 0
2020 1
2020 1
2020 1
2020 0
2020 2
2020 2
2020 1
2020 2
2020 2
2020 1
2020 0
2020 2
2020 2
2020 3
2020 1
2020 0
2020 0
2020 0
2020 1
2020 0
2020 1
2020 1
2020 2
2020 2
2020 2
2020 8
2020 1
2020 3
2020 0
2020 2
2020 0
2020 1
2020 1
2020 1
2020 2
2020 2
2020 3
2020 1
2020 3
2020 8
2020 2
