1989 0
1989 0
1989 0
1989 0
1989 0
1989 0
1989 0
1989 0
1989 0
1989 0
1989 0
1989 0
1989 0
1989 0
1989 0
1989 0
1989 0
1989 0
1989 0
1989 0
1989 0
1989 0
1989 0
1989 0
1989 0
1989 0
1989 0
1989 0
1989 0
1989 0
1989 0
1989 0
1989 0
1989 0
1989 0
1989 0
1989 0
1989 0
1989 0
1989 0
1989 0
1989 0
1989 0
1989 0
1989 0
1989 0
1989 0
1989 0
1989 0
1989 0
1989 0
1989 0
1989 0
1989 0
1989 0
1989 0
1989 0
1989 0
1989 0
1989 0
1989 0
1989 NA
1989 NA
1989 NA
1989 NA
1989 NA
1989 NA
1989 NA
1989 NA
1989 NA
1989 NA
1989 NA
1989 NA
1989 NA
1989 NA
1989 NA
1989 NA
1989 NA
1989 NA
1989 NA
1989 NA
1989 NA
1989 NA
1989 NA
1989 NA
1989 NA
1989 NA
1989 NA
1989 NA
1989 NA
1989 NA
1989 NA
1989 NA
1989 NA
1989 NA
1989 NA
1989 NA
1989 NA
1989 NA
1989 NA
1989 NA
1989 NA
1989 NA
1989 NA
1989 NA
1989 NA
1989 NA
1989 NA
1989 NA
1989 NA
1989 NA
1989 NA
1989 NA
1989 NA
1989 NA
1989 NA
1989 NA
1989 NA
1989 NA
1989 NA
1989 NA
1989 NA
1989 NA
1989 NA
1989 NA
1989 NA
1989 NA
1989 NA
1989 NA
1989 NA
1989 NA
1989 NA
1989 NA
1989 NA
1989 NA
1989 NA
1989 NA
1989 NA
1989 NA
1989 NA
1989 NA
1989 NA
1989 NA
1989 NA
1989 NA
1989 NA
1989 NA
1989 NA
1989 NA
1989 NA
1989 NA
1989 NA
1989 NA
1989 NA
1989 NA
1989 NA
1989 NA
1989 NA
1989 NA
1989 NA
1989 NA
1989 NA
1989 NA
1989 NA
1989 NA
1989 NA
1989 NA
1989 NA
1989 NA
1989 NA
1989 NA
1989 NA
1989 NA
1989 NA
1989 NA
1989 NA
1989 26
1989 76
1989 116
1989 105
1989 94
1989 87
1989 80
1989 82
1989 79
1989 73
1989 66
1989 59
1989 60
1989 60
1989 56
1989 52
1989 48
1989 42
1989 45
1989 43
1989 40
1989 NA
1989 NA
1989 NA
1989 NA
1989 48
1989 43
1989 41
1989 39
1989 36
1989 31
1989 30
1989 NA
1989 NA
1989 NA
1989 NA
1989 NA
1989 NA
1989 NA
1989 NA
1989 NA
1989 NA
1989 NA
1989 NA
1989 NA
1989 NA
1989 NA
1989 NA
1989 NA
1989 NA
1989 NA
1989 NA
1989 NA
1989 NA
1989 NA
1989 NA
1989 NA
1989 NA
1989 NA
1989 NA
1989 NA
1989 NA
1989 NA
1989 NA
1989 NA
1989 NA
1989 NA
1989 NA
1989 NA
1989 NA
1989 NA
1989 NA
1989 NA
1989 NA
1989 NA
1989 NA
1989 NA
1989 NA
1989 NA
1989 NA
1989 NA
1989 NA
1989 NA
1989 NA
1989 NA
1989 NA
1989 NA
1989 NA
1989 NA
1989 NA
1989 NA
1989 NA
1989 NA
1989 NA
1989 NA
1989 NA
1989 NA
1989 NA
1989 NA
1989 NA
1989 NA
1989 NA
1989 NA
1989 NA
1989 NA
1989 NA
1989 NA
1989 NA
1989 NA
1989 NA
1989 NA
1989 NA
1989 NA
1989 NA
1989 NA
1989 NA
1989 NA
1989 NA
1989 NA
1989 NA
1989 NA
1989 NA
1989 NA
1989 NA
1989 NA
1989 NA
1989 NA
1989 NA
1989 NA
1989 NA
1989 NA
1989 NA
1989 NA
1989 NA
1989 NA
1989 NA
1989 NA
1989 NA
1989 NA
1989 NA
1989 NA
1989 NA
1989 NA
1989 NA
1989 NA
1989 NA
1989 NA
1989 NA
1989 NA
1989 NA
1989 NA
1989 NA
1989 NA
1989 NA
1989 NA
1989 NA
1989 NA
1989 NA
1989 NA
1989 NA
1989 NA
1989 NA
1989 NA
1989 NA
1989 NA
1989 NA
1989 NA
1989 NA
1989 NA
1989 NA
1989 NA
1989 NA
1989 NA
1989 NA
1989 NA
1989 NA
1989 NA
1989 NA
1989 NA
1989 NA
1989 NA
1989 NA
1989 NA
1989 NA
1989 NA
1989 NA
1989 NA
1989 NA
1989 NA
1990 0
1990 0
1990 0
1990 0
1990 0
1990 0
1990 0
1990 0
1990 0
1990 0
1990 0
1990 0
1990 0
1990 0
1990 0
1990 0
1990 0
1990 0
1990 0
1990 0
1990 0
1990 0
1990 0
1990 0
1990 0
1990 0
1990 0
1990 0
1990 0
1990 0
1990 0
1990 0
1990 0
1990 0
1990 0
1990 0
1990 0
1990 0
1990 0
1990 0
1990 0
1990 0
1990 0
1990 0
1990 0
1990 0
1990 0
1990 0
1990 0
1990 0
1990 0
1990 0
1990 0
1990 0
1990 0
1990 0
1990 0
1990 0
1990 0
1990 0
1990 0
1990 NA
1990 NA
1990 NA
1990 NA
1990 NA
1990 NA
1990 NA
1990 NA
1990 NA
1990 NA
1990 NA
1990 NA
1990 NA
1990 NA
1990 NA
1990 NA
1990 NA
1990 NA
1990 NA
1990 NA
1990 NA
1990 NA
1990 NA
1990 NA
1990 NA
1990 NA
1990 NA
1990 NA
1990 NA
1990 NA
1990 NA
1990 NA
1990 NA
1990 NA
1990 NA
1990 NA
1990 NA
1990 NA
1990 NA
1990 NA
1990 NA
1990 NA
1990 NA
1990 NA
1990 NA
1990 NA
1990 NA
1990 NA
1990 NA
1990 NA
1990 NA
1990 NA
1990 NA
1990 NA
1990 NA
1990 NA
1990 NA
1990 NA
1990 NA
1990 NA
1990 NA
1990 NA
1990 NA
1990 NA
1990 NA
1990 NA
1990 NA
1990 NA
1990 NA
1990 NA
1990 NA
1990 NA
1990 NA
1990 NA
1990 NA
1990 NA
1990 NA
1990 NA
1990 NA
1990 NA
1990 NA
1990 NA
1990 NA
1990 NA
1990 NA
1990 NA
1990 NA
1990 NA
1990 NA
1990 NA
1990 NA
1990 NA
1990 NA
1990 NA
1990 NA
1990 NA
1990 NA
1990 NA
1990 NA
1990 NA
1990 NA
1990 NA
1990 NA
1990 NA
1990 NA
1990 NA
1990 NA
1990 NA
1990 NA
1990 NA
1990 NA
1990 NA
1990 NA
1990 NA
1990 NA
1990 NA
1990 NA
1990 NA
1990 NA
1990 NA
1990 NA
1990 NA
1990 NA
1990 NA
1990 NA
1990 NA
1990 NA
1990 NA
1990 NA
1990 NA
1990 NA
1990 NA
1990 NA
1990 NA
1990 NA
1990 NA
1990 NA
1990 NA
1990 NA
1990 NA
1990 NA
1990 NA
1990 NA
1990 NA
1990 NA
1990 NA
1990 NA
1990 NA
1990 NA
1990 NA
1990 NA
1990 NA
1990 NA
1990 NA
1990 9
1990 11
1990 15
1990 25
1990 30
1990 39
1990 32
1990 27
1990 27
1990 26
1990 24
1990 32
1990 35
1990 29
1990 32
1990 36
1990 40
1990 38
1990 34
1990 39
1990 38
1990 35
1990 34
1990 31
1990 26
1990 20
1990 15
1990 8
1990 0
1990 0
1990 0
1990 0
1990 0
1990 0
1990 0
1990 0
1990 0
1990 0
1990 0
1990 0
1990 0
1990 0
1990 0
1990 0
1990 0
1990 0
1990 0
1990 0
1990 0
1990 0
1990 0
1990 0
1990 0
1990 0
1990 0
1990 0
1990 0
1990 0
1990 0
1990 0
1990 0
1990 0
1990 0
1990 0
1990 0
1990 0
1990 0
1990 0
1990 0
1990 0
1990 0
1990 0
1990 0
1990 0
1990 0
1990 0
1990 0
1990 0
1990 0
1990 0
1990 0
1990 0
1990 0
1990 0
1990 0
1990 0
1990 0
1990 0
1990 0
1990 0
1990 0
1990 0
1990 0
1990 0
1990 0
1990 0
1990 0
1990 0
1990 0
1990 0
1990 0
1990 0
1990 0
1990 0
1990 0
1990 0
1990 0
1990 0
1990 0
1990 0
1990 0
1990 0
1990 0
1990 0
1990 0
1990 0
1990 0
1990 0
1990 0
1990 0
1990 0
1990 0
1990 0
1990 0
1990 0
1990 0
1990 0
1990 0
1990 0
1990 0
1990 0
1990 0
1990 0
1990 0
1990 0
1990 0
1990 0
1990 0
1990 0
1990 0
1990 0
1990 0
1990 0
1990 0
1990 0
1990 0
1990 0
1990 0
1990 0
1990 0
1991 0
1991 0
1991 0
1991 0
1991 0
1991 0
1991 0
1991 0
1991 0
1991 0
1991 0
1991 0
1991 0
1991 0
1991 0
1991 0
1991 0
1991 0
1991 0
1991 0
1991 0
1991 0
1991 0
1991 0
1991 0
1991 0
1991 0
1991 0
1991 0
1991 0
1991 0
1991 0
1991 0
1991 0
1991 0
1991 0
1991 0
1991 0
1991 0
1991 0
1991 0
1991 0
1991 0
1991 0
1991 0
1991 0
1991 0
1991 0
1991 0
1991 0
1991 0
1991 0
1991 0
1991 0
1991 0
1991 1
1991 7
1991 13
1991 17
1991 7
1991 4
1991 1
1991 0
1991 14
1991 20
1991 17
1991 14
1991 12
1991 12
1991 11
1991 12
1991 13
1991 13
1991 13
1991 12
1991 17
1991 17
1991 11
1991 7
1991 2
1991 1
1991 6
1991 18
1991 37
1991 35
1991 69
1991 117
1991 110
1991 106
1991 100
1991 98
1991 95
1991 91
1991 88
1991 88
1991 87
1991 83
1991 81
1991 79
1991 91
1991 163
1991 172
1991 156
1991 147
1991 141
1991 137
1991 134
1991 131
1991 127
1991 123
1991 123
1991 121
1991 118
1991 115
1991 114
1991 113
1991 118
1991 122
1991 120
1991 118
1991 116
1991 114
1991 117
1991 118
1991 117
1991 116
1991 124
1991 123
1991 120
1991 118
1991 116
1991 115
1991 113
1991 112
1991 118
1991 126
1991 124
1991 121
1991 120
1991 118
1991 117
1991 116
1991 115
1991 114
1991 113
1991 113
1991 113
1991 113
1991 113
1991 113
1991 112
1991 111
1991 110
1991 110
1991 109
1991 109
1991 110
1991 110
1991 113
1991 114
1991 126
1991 127
1991 152
1991 152
1991 149
1991 144
1991 141
1991 137
1991 126
1991 119
1991 118
1991 118
1991 117
1991 118
1991 118
1991 117
1991 114
1991 108
1991 106
1991 104
1991 104
1991 103
1991 103
1991 102
1991 101
1991 99
1991 99
1991 98
1991 104
1991 103
1991 102
1991 103
1991 101
1991 97
1991 96
1991 92
1991 89
1991 89
1991 86
1991 83
1991 80
1991 76
1991 76
1991 80
1991 85
1991 81
1991 97
1991 97
1991 94
1991 93
1991 95
1991 92
1991 88
1991 85
1991 81
1991 81
1991 93
1991 96
1991 84
1991 79
1991 75
1991 72
1991 71
1991 70
1991 69
1991 70
1991 70
1991 65
1991 78
1991 96
1991 89
1991 84
1991 85
1991 87
1991 92
1991 94
1991 90
1991 89
1991 86
1991 83
1991 81
1991 80
1991 78
1991 83
1991 97
1991 117
1991 119
1991 113
1991 107
1991 103
1991 104
1991 115
1991 122
1991 118
1991 107
1991 101
1991 96
1991 94
1991 93
1991 92
1991 90
1991 88
1991 82
1991 74
1991 65
1991 60
1991 59
1991 58
1991 52
1991 45
1991 37
1991 33
1991 26
1991 16
1991 5
1991 0
1991 0
1991 0
1991 0
1991 0
1991 0
1991 0
1991 0
1991 0
1991 0
1991 0
1991 0
1991 0
1991 0
1991 0
1991 0
1991 0
1991 0
1991 0
1991 0
1991 0
1991 0
1991 0
1991 0
1991 0
1991 0
1991 0
1991 0
1991 0
1991 0
1991 0
1991 0
1991 0
1991 0
1991 0
1991 0
1991 0
1991 0
1991 0
1991 0
1991 0
1991 0
1991 0
1991 0
1991 0
1991 0
1991 0
1991 0
1991 0
1991 0
1991 0
1991 0
1991 0
1991 0
1991 0
1991 0
1991 0
1991 0
1991 0
1991 0
1991 0
1991 0
1991 0
1991 0
1991 0
1991 0
1991 0
1991 0
1991 0
1991 0
1991 0
1991 0
1991 0
1991 0
1991 0
1991 0
1991 0
1991 0
1991 0
1991 0
1991 0
1991 0
1991 0
1991 0
1991 0
1991 0
1991 0
1991 0
1991 0
1991 0
1992 0
1992 0
1992 0
1992 0
1992 0
1992 0
1992 0
1992 0
1992 0
1992 0
1992 0
1992 0
1992 0
1992 0
1992 0
1992 0
1992 0
1992 0
1992 0
1992 0
1992 0
1992 0
1992 0
1992 0
1992 0
1992 0
1992 0
1992 0
1992 0
1992 0
1992 0
1992 0
1992 0
1992 0
1992 0
1992 0
1992 0
1992 0
1992 0
1992 0
1992 0
1992 0
1992 0
1992 0
1992 0
1992 0
1992 0
1992 0
1992 10
1992 14
1992 8
1992 8
1992 7
1992 6
1992 2
1992 0
1992 0
1992 0
1992 0
1992 0
1992 0
1992 0
1992 0
1992 0
1992 0
1992 0
1992 0
1992 0
1992 0
1992 1
1992 4
1992 2
1992 2
1992 6
1992 40
1992 51
1992 60
1992 67
1992 60
1992 58
1992 73
1992 78
1992 83
1992 82
1992 82
1992 80
1992 77
1992 74
1992 71
1992 68
1992 66
1992 64
1992 63
1992 62
1992 61
1992 60
1992 59
1992 58
1992 57
1992 55
1992 54
1992 54
1992 53
1992 53
1992 53
1992 53
1992 53
1992 54
1992 56
1992 57
1992 60
1992 63
1992 84
1992 67
1992 65
1992 60
1992 61
1992 61
1992 62
1992 62
1992 59
1992 58
1992 57
1992 56
1992 54
1992 55
1992 56
1992 55
1992 56
1992 56
1992 57
1992 62
1992 62
1992 64
1992 64
1992 62
1992 59
1992 58
1992 57
1992 54
1992 52
1992 53
1992 55
1992 64
1992 65
1992 67
1992 67
1992 66
1992 65
1992 64
1992 64
1992 63
1992 62
1992 59
1992 58
1992 55
1992 52
1992 52
1992 52
1992 51
1992 51
1992 51
1992 54
1992 56
1992 55
1992 54
1992 59
1992 57
1992 54
1992 52
1992 52
1992 51
1992 50
1992 51
1992 52
1992 52
1992 50
1992 50
1992 51
1992 50
1992 49
1992 46
1992 44
1992 44
1992 42
1992 38
1992 35
1992 33
1992 30
1992 28
1992 30
1992 29
1992 27
1992 28
1992 27
1992 24
1992 23
1992 24
1992 22
1992 21
1992 20
1992 17
1992 11
1992 12
1992 14
1992 51
1992 55
1992 52
1992 48
1992 41
1992 39
1992 42
1992 64
1992 110
1992 107
1992 97
1992 99
1992 109
1992 116
1992 106
1992 95
1992 97
1992 86
1992 82
1992 77
1992 79
1992 81
1992 86
1992 121
1992 118
1992 104
1992 93
1992 83
1992 77
1992 73
1992 71
1992 66
1992 62
1992 55
1992 50
1992 47
1992 53
1992 61
1992 53
1992 50
1992 46
1992 41
1992 36
1992 32
1992 28
1992 22
1992 16
1992 9
1992 1
1992 0
1992 0
1992 0
1992 0
1992 0
1992 0
1992 0
1992 0
1992 0
1992 0
1992 0
1992 0
1992 0
1992 0
1992 0
1992 0
1992 0
1992 0
1992 0
1992 0
1992 0
1992 0
1992 0
1992 0
1992 0
1992 0
1992 0
1992 0
1992 0
1992 0
1992 0
1992 0
1992 0
1992 0
1992 0
1992 0
1992 0
1992 0
1992 0
1992 0
1992 0
1992 0
1992 0
1992 0
1992 0
1992 0
1992 0
1992 0
1992 0
1992 0
1992 0
1992 0
1992 0
1992 0
1992 0
1992 0
1992 0
1992 0
1992 0
1992 0
1992 0
1992 0
1992 0
1992 0
1992 0
1992 0
1992 0
1992 0
1992 0
1992 0
1992 0
1992 0
1992 0
1992 0
1992 0
1992 0
1992 0
1992 0
1992 0
1992 0
1992 0
1992 0
1992 0
1992 0
1992 0
1992 0
1992 0
1992 0
1992 0
1992 0
1992 0
1992 0
1992 0
1992 0
1992 0
1992 0
1992 0
1992 0
1992 0
1992 0
1992 0
1992 0
1992 0
1992 0
1992 0
1992 0
1992 0
1992 0
1992 0
1992 0
1992 0
1992 0
1993 2
1993 0
1993 0
1993 0
1993 0
1993 0
1993 0
1993 0
1993 0
1993 0
1993 0
1993 0
1993 0
1993 0
1993 0
1993 0
1993 0
1993 0
1993 0
1993 0
1993 0
1993 0
1993 0
1993 0
1993 0
1993 0
1993 0
1993 0
1993 0
1993 0
1993 0
1993 0
1993 0
1993 0
1993 0
1993 0
1993 0
1993 0
1993 0
1993 0
1993 0
1993 0
1993 0
1993 0
1993 0
1993 0
1993 0
1993 NA
1993 NA
1993 NA
1993 NA
1993 4
1993 0
1993 0
1993 0
1993 0
1993 0
1993 0
1993 0
1993 3
1993 0
1993 0
1993 0
1993 0
1993 0
1993 0
1993 0
1993 0
1993 0
1993 0
1993 0
1993 0
1993 0
1993 0
1993 0
1993 0
1993 7
1993 24
1993 41
1993 34
1993 29
1993 24
1993 18
1993 11
1993 9
1993 9
1993 10
1993 10
1993 10
1993 10
1993 9
1993 10
1993 12
1993 25
1993 37
1993 66
1993 79
1993 72
1993 93
1993 109
1993 101
1993 94
1993 89
1993 80
1993 77
1993 73
1993 72
1993 68
1993 67
1993 66
1993 64
1993 65
1993 64
1993 62
1993 61
1993 61
1993 62
1993 63
1993 62
1993 62
1993 62
1993 61
1993 60
1993 58
1993 60
1993 61
1993 60
1993 59
1993 59
1993 60
1993 60
1993 60
1993 61
1993 60
1993 61
1993 60
1993 59
1993 58
1993 58
1993 58
1993 59
1993 58
1993 58
1993 57
1993 54
1993 53
1993 54
1993 53
1993 50
1993 52
1993 49
1993 48
1993 47
1993 46
1993 47
1993 46
1993 47
1993 47
1993 47
1993 46
1993 46
1993 45
1993 45
1993 45
1993 46
1993 46
1993 46
1993 46
1993 47
1993 46
1993 46
1993 46
1993 45
1993 45
1993 46
1993 45
1993 44
1993 44
1993 44
1993 43
1993 50
1993 77
1993 76
1993 70
1993 66
1993 64
1993 61
1993 53
1993 50
1993 48
1993 48
1993 49
1993 48
1993 46
1993 44
1993 41
1993 38
1993 32
1993 22
1993 18
1993 13
1993 6
1993 0
1993 0
1993 14
1993 34
1993 33
1993 29
1993 28
1993 26
1993 25
1993 20
1993 14
1993 14
1993 17
1993 18
1993 27
1993 19
1993 18
1993 16
1993 13
1993 13
1993 27
1993 55
1993 54
1993 49
1993 44
1993 40
1993 35
1993 31
1993 25
1993 16
1993 14
1993 10
1993 3
1993 0
1993 0
1993 0
1993 0
1993 0
1993 0
1993 0
1993 0
1993 0
1993 0
1993 0
1993 0
1993 0
1993 0
1993 0
1993 0
1993 0
1993 0
1993 0
1993 0
1993 0
1993 0
1993 0
1993 0
1993 0
1993 0
1993 0
1993 0
1993 0
1993 0
1993 0
1993 0
1993 0
1993 0
1993 0
1993 0
1993 0
1993 0
1993 0
1993 0
1993 0
1993 0
1993 0
1993 0
1993 0
1993 0
1993 0
1993 0
1993 0
1993 0
1993 0
1993 0
1993 0
1993 0
1993 0
1993 0
1993 0
1993 0
1993 0
1993 0
1993 0
1993 0
1993 0
1993 0
1993 0
1993 0
1993 0
1993 0
1993 0
1993 0
1993 0
1993 0
1993 0
1993 0
1993 0
1993 0
1993 0
1993 0
1993 0
1993 0
1993 0
1993 0
1993 0
1993 0
1993 0
1993 0
1993 0
1993 0
1993 0
1993 0
1993 0
1993 0
1993 0
1993 0
1993 0
1993 0
1993 0
1993 0
1993 0
1993 0
1993 0
1993 0
1993 0
1993 0
1993 0
1993 0
1993 0
1993 0
1993 0
1993 0
1993 0
1993 0
1993 0
1993 0
1993 0
1993 0
1993 0
1993 0
1993 0
1993 0
1993 0
1993 0
1993 0
1993 0
1993 0
1993 0
1993 0
1993 0
1993 0
1993 0
1994 0
1994 0
1994 0
1994 0
1994 0
1994 0
1994 0
1994 0
1994 0
1994 0
1994 0
1994 0
1994 0
1994 0
1994 0
1994 0
1994 0
1994 0
1994 0
1994 0
1994 0
1994 0
1994 0
1994 0
1994 0
1994 0
1994 0
1994 0
1994 0
1994 0
1994 0
1994 0
1994 0
1994 0
1994 0
1994 0
1994 0
1994 0
1994 0
1994 0
1994 0
1994 0
1994 0
1994 0
1994 0
1994 0
1994 0
1994 0
1994 0
1994 0
1994 0
1994 30
1994 30
1994 25
1994 22
1994 17
1994 15
1994 14
1994 13
1994 13
1994 15
1994 17
1994 14
1994 10
1994 7
1994 6
1994 3
1994 1
1994 2
1994 2
1994 2
1994 1
1994 7
1994 21
1994 19
1994 17
1994 12
1994 11
1994 11
1994 11
1994 12
1994 11
1994 13
1994 13
1994 12
1994 11
1994 13
1994 15
1994 16
1994 15
1994 14
1994 13
1994 13
1994 14
1994 13
1994 13
1994 15
1994 15
1994 16
1994 16
1994 14
1994 16
1994 15
1994 14
1994 20
1994 24
1994 30
1994 24
1994 15
1994 15
1994 13
1994 9
1994 10
1994 10
1994 29
1994 57
1994 50
1994 45
1994 41
1994 39
1994 39
1994 37
1994 50
1994 50
1994 47
1994 48
1994 56
1994 69
1994 82
1994 102
1994 95
1994 91
1994 91
1994 91
1994 88
1994 86
1994 85
1994 84
1994 82
1994 80
1994 78
1994 79
1994 77
1994 75
1994 75
1994 72
1994 67
1994 66
1994 66
1994 55
1994 47
1994 43
1994 43
1994 43
1994 43
1994 44
1994 45
1994 49
1994 66
1994 80
1994 83
1994 90
1994 85
1994 82
1994 80
1994 78
1994 76
1994 74
1994 74
1994 73
1994 70
1994 69
1994 68
1994 67
1994 66
1994 65
1994 65
1994 65
1994 65
1994 63
1994 65
1994 75
1994 79
1994 76
1994 71
1994 67
1994 62
1994 61
1994 58
1994 54
1994 47
1994 42
1994 39
1994 37
1994 33
1994 28
1994 28
1994 27
1994 25
1994 24
1994 25
1994 23
1994 22
1994 19
1994 11
1994 2
1994 0
1994 0
1994 0
1994 0
1994 0
1994 0
1994 1
1994 30
1994 25
1994 23
1994 33
1994 34
1994 30
1994 27
1994 33
1994 48
1994 49
1994 44
1994 40
1994 38
1994 53
1994 55
1994 65
1994 52
1994 47
1994 41
1994 37
1994 34
1994 29
1994 25
1994 26
1994 23
1994 18
1994 14
1994 8
1994 2
1994 0
1994 0
1994 0
1994 0
1994 0
1994 0
1994 0
1994 0
1994 0
1994 0
1994 0
1994 0
1994 0
1994 0
1994 0
1994 0
1994 0
1994 0
1994 0
1994 0
1994 0
1994 0
1994 0
1994 0
1994 0
1994 0
1994 0
1994 0
1994 0
1994 0
1994 0
1994 0
1994 0
1994 0
1994 0
1994 0
1994 0
1994 0
1994 0
1994 1
1994 1
1994 0
1994 0
1994 0
1994 0
1994 0
1994 0
1994 0
1994 0
1994 0
1994 0
1994 0
1994 0
1994 0
1994 0
1994 0
1994 0
1994 0
1994 0
1994 0
1994 0
1994 0
1994 0
1994 0
1994 0
1994 0
1994 0
1994 0
1994 0
1994 0
1994 0
1994 0
1994 0
1994 0
1994 0
1994 0
1994 0
1994 0
1994 0
1994 0
1994 0
1994 0
1994 0
1994 0
1994 0
1994 0
1994 0
1994 0
1994 0
1994 0
1994 0
1994 0
1994 0
1994 0
1994 0
1994 0
1994 0
1994 0
1994 0
1994 0
1994 0
1994 0
1994 0
1994 0
1994 0
1994 0
1994 0
1994 0
1994 0
1994 0
1994 0
1994 0
1994 0
1994 0
1994 0
1994 0
1994 0
1994 0
1994 0
1994 0
1994 0
1994 0
1994 0
1995 0
1995 0
1995 0
1995 0
1995 0
1995 0
1995 0
1995 0
1995 0
1995 0
1995 0
1995 0
1995 0
1995 0
1995 0
1995 0
1995 1
1995 0
1995 0
1995 0
1995 0
1995 0
1995 0
1995 0
1995 0
1995 0
1995 0
1995 0
1995 0
1995 0
1995 0
1995 0
1995 0
1995 0
1995 0
1995 0
1995 0
1995 1
1995 0
1995 0
1995 0
1995 0
1995 0
1995 0
1995 0
1995 0
1995 0
1995 0
1995 0
1995 0
1995 0
1995 0
1995 0
1995 0
1995 0
1995 2
1995 6
1995 6
1995 6
1995 4
1995 0
1995 0
1995 0
1995 0
1995 0
1995 0
1995 0
1995 0
1995 0
1995 0
1995 2
1995 26
1995 22
1995 18
1995 13
1995 9
1995 8
1995 7
1995 6
1995 7
1995 1
1995 0
1995 0
1995 0
1995 0
1995 0
1995 0
1995 0
1995 0
1995 0
1995 0
1995 0
1995 0
1995 0
1995 0
1995 0
1995 0
1995 0
1995 0
1995 0
1995 0
1995 0
1995 0
1995 0
1995 0
1995 0
1995 0
1995 0
1995 0
1995 0
1995 15
1995 23
1995 21
1995 19
1995 21
1995 22
1995 19
1995 18
1995 18
1995 14
1995 16
1995 17
1995 15
1995 13
1995 13
1995 13
1995 12
1995 12
1995 12
1995 12
1995 13
1995 15
1995 27
1995 24
1995 20
1995 18
1995 17
1995 18
1995 18
1995 18
1995 23
1995 25
1995 29
1995 31
1995 31
1995 20
1995 16
1995 16
1995 17
1995 15
1995 16
1995 16
1995 16
1995 14
1995 14
1995 14
1995 14
1995 14
1995 14
1995 11
1995 11
1995 12
1995 12
1995 14
1995 15
1995 14
1995 20
1995 21
1995 22
1995 20
1995 26
1995 25
1995 23
1995 20
1995 21
1995 39
1995 45
1995 44
1995 48
1995 58
1995 53
1995 48
1995 45
1995 44
1995 66
1995 68
1995 66
1995 65
1995 62
1995 76
1995 72
1995 68
1995 64
1995 60
1995 58
1995 56
1995 58
1995 59
1995 59
1995 57
1995 58
1995 53
1995 53
1995 52
1995 48
1995 44
1995 42
1995 41
1995 39
1995 39
1995 38
1995 37
1995 36
1995 32
1995 26
1995 21
1995 16
1995 12
1995 4
1995 0
1995 0
1995 0
1995 0
1995 0
1995 0
1995 0
1995 0
1995 0
1995 0
1995 0
1995 0
1995 4
1995 15
1995 9
1995 3
1995 0
1995 8
1995 11
1995 2
1995 0
1995 0
1995 0
1995 0
1995 0
1995 0
1995 0
1995 0
1995 0
1995 0
1995 0
1995 0
1995 0
1995 0
1995 1
1995 2
1995 0
1995 0
1995 0
1995 0
1995 0
1995 2
1995 22
1995 8
1995 1
1995 0
1995 0
1995 0
1995 0
1995 0
1995 0
1995 0
1995 0
1995 0
1995 0
1995 0
1995 0
1995 0
1995 0
1995 0
1995 0
1995 0
1995 0
1995 0
1995 0
1995 0
1995 0
1995 0
1995 0
1995 0
1995 0
1995 0
1995 0
1995 0
1995 0
1995 0
1995 0
1995 0
1995 0
1995 0
1995 0
1995 0
1995 0
1995 0
1995 0
1995 0
1995 0
1995 0
1995 0
1995 0
1995 0
1995 0
1995 0
1995 0
1995 0
1995 0
1995 0
1995 0
1995 0
1995 0
1995 0
1995 0
1995 0
1995 0
1995 0
1995 0
1995 0
1995 0
1995 0
1995 0
1995 0
1995 0
1995 0
1995 0
1995 0
1995 0
1995 0
1995 0
1995 0
1995 0
1995 0
1995 0
1995 0
1995 0
1995 0
1995 0
1995 0
1995 0
1995 0
1995 0
1995 0
1995 0
1995 0
1995 0
1995 0
1995 0
1995 0
1995 0
1995 0
1995 0
1995 0
1995 0
1995 0
1995 0
1995 0
1995 0
1996 0
1996 0
1996 0
1996 0
1996 0
1996 0
1996 0
1996 0
1996 0
1996 0
1996 0
1996 0
1996 0
1996 0
1996 0
1996 0
1996 0
1996 0
1996 0
1996 0
1996 0
1996 0
1996 0
1996 0
1996 0
1996 0
1996 0
1996 0
1996 0
1996 0
1996 0
1996 0
1996 0
1996 0
1996 0
1996 0
1996 0
1996 0
1996 0
1996 0
1996 0
1996 0
1996 0
1996 0
1996 0
1996 0
1996 0
1996 0
1996 0
1996 0
1996 0
1996 0
1996 0
1996 0
1996 0
1996 0
1996 0
1996 0
1996 0
1996 0
1996 0
1996 0
1996 0
1996 0
1996 0
1996 0
1996 0
1996 0
1996 0
1996 0
1996 0
1996 0
1996 0
1996 0
1996 0
1996 0
1996 3
1996 3
1996 1
1996 0
1996 1
1996 0
1996 0
1996 0
1996 0
1996 0
1996 0
1996 3
1996 9
1996 9
1996 7
1996 4
1996 5
1996 6
1996 12
1996 11
1996 11
1996 15
1996 14
1996 11
1996 12
1996 13
1996 14
1996 20
1996 45
1996 48
1996 46
1996 42
1996 44
1996 49
1996 46
1996 43
1996 41
1996 45
1996 45
1996 44
1996 46
1996 58
1996 57
1996 54
1996 53
1996 56
1996 57
1996 55
1996 54
1996 52
1996 50
1996 54
1996 69
1996 74
1996 69
1996 67
1996 66
1996 65
1996 64
1996 62
1996 61
1996 61
1996 60
1996 60
1996 60
1996 59
1996 58
1996 56
1996 59
1996 63
1996 64
1996 70
1996 73
1996 71
1996 70
1996 68
1996 67
1996 68
1996 68
1996 68
1996 75
1996 86
1996 81
1996 79
1996 78
1996 77
1996 76
1996 75
1996 75
1996 80
1996 79
1996 78
1996 78
1996 73
1996 69
1996 77
1996 81
1996 78
1996 77
1996 76
1996 72
1996 69
1996 67
1996 66
1996 66
1996 64
1996 65
1996 66
1996 66
1996 65
1996 64
1996 62
1996 63
1996 63
1996 62
1996 63
1996 63
1996 67
1996 68
1996 67
1996 65
1996 64
1996 65
1996 63
1996 63
1996 62
1996 59
1996 58
1996 58
1996 54
1996 46
1996 40
1996 37
1996 33
1996 33
1996 32
1996 32
1996 33
1996 50
1996 52
1996 52
1996 49
1996 45
1996 41
1996 38
1996 36
1996 33
1996 32
1996 34
1996 31
1996 29
1996 28
1996 25
1996 21
1996 16
1996 13
1996 8
1996 3
1996 0
1996 0
1996 0
1996 0
1996 0
1996 0
1996 0
1996 0
1996 0
1996 0
1996 0
1996 7
1996 3
1996 0
1996 0
1996 0
1996 0
1996 0
1996 0
1996 0
1996 0
1996 0
1996 0
1996 0
1996 0
1996 0
1996 0
1996 0
1996 0
1996 0
1996 0
1996 0
1996 0
1996 0
1996 0
1996 0
1996 0
1996 0
1996 0
1996 0
1996 0
1996 0
1996 0
1996 0
1996 0
1996 0
1996 0
1996 0
1996 0
1996 0
1996 0
1996 0
1996 0
1996 0
1996 0
1996 0
1996 0
1996 0
1996 0
1996 0
1996 0
1996 0
1996 2
1996 0
1996 0
1996 0
1996 0
1996 0
1996 0
1996 0
1996 0
1996 0
1996 0
1996 0
1996 0
1996 0
1996 0
1996 0
1996 0
1996 0
1996 0
1996 0
1996 0
1996 0
1996 0
1996 0
1996 0
1996 0
1996 0
1996 0
1996 0
1996 0
1996 0
1996 0
1996 0
1996 0
1996 0
1996 0
1996 0
1996 0
1996 0
1996 0
1996 0
1996 0
1996 0
1996 0
1996 0
1996 0
1996 0
1996 0
1996 0
1996 0
1996 0
1996 0
1996 0
1996 0
1996 0
1996 0
1996 0
1996 0
1996 0
1996 0
1996 0
1996 0
1996 0
1996 0
1996 0
1996 0
1996 0
1996 0
1996 0
1996 0
1997 0
1997 0
1997 0
1997 0
1997 0
1997 0
1997 0
1997 0
1997 0
1997 0
1997 0
1997 0
1997 0
1997 0
1997 0
1997 0
1997 0
1997 0
1997 0
1997 0
1997 0
1997 0
1997 0
1997 0
1997 0
1997 0
1997 0
1997 0
1997 0
1997 0
1997 0
1997 2
1997 1
1997 0
1997 0
1997 0
1997 0
1997 0
1997 0
1997 0
1997 0
1997 0
1997 0
1997 0
1997 0
1997 0
1997 1
1997 4
1997 1
1997 0
1997 0
1997 0
1997 0
1997 0
1997 0
1997 0
1997 0
1997 0
1997 0
1997 0
1997 0
1997 0
1997 0
1997 0
1997 0
1997 0
1997 0
1997 0
1997 0
1997 0
1997 0
1997 3
1997 2
1997 0
1997 1
1997 2
1997 3
1997 8
1997 28
1997 43
1997 55
1997 56
1997 55
1997 53
1997 51
1997 48
1997 54
1997 51
1997 55
1997 52
1997 51
1997 49
1997 46
1997 44
1997 42
1997 43
1997 41
1997 40
1997 40
1997 41
1997 43
1997 43
1997 44
1997 49
1997 58
1997 55
1997 52
1997 52
1997 52
1997 51
1997 60
1997 62
1997 63
1997 67
1997 66
1997 67
1997 66
1997 65
1997 65
1997 64
1997 64
1997 68
1997 87
1997 87
1997 96
1997 109
1997 106
1997 105
1997 101
1997 97
1997 96
1997 94
1997 92
1997 92
1997 89
1997 86
1997 86
1997 86
1997 85
1997 84
1997 84
1997 86
1997 88
1997 86
1997 84
1997 82
1997 81
1997 82
1997 81
1997 80
1997 79
1997 80
1997 81
1997 78
1997 78
1997 78
1997 78
1997 79
1997 77
1997 76
1997 76
1997 76
1997 76
1997 75
1997 74
1997 76
1997 73
1997 73
1997 71
1997 70
1997 71
1997 71
1997 70
1997 68
1997 67
1997 66
1997 67
1997 68
1997 68
1997 68
1997 66
1997 65
1997 64
1997 62
1997 60
1997 57
1997 61
1997 59
1997 56
1997 55
1997 53
1997 48
1997 45
1997 43
1997 41
1997 40
1997 38
1997 35
1997 31
1997 36
1997 33
1997 30
1997 28
1997 25
1997 29
1997 28
1997 27
1997 22
1997 18
1997 17
1997 16
1997 15
1997 12
1997 8
1997 6
1997 4
1997 2
1997 1
1997 0
1997 0
1997 0
1997 0
1997 0
1997 0
1997 0
1997 0
1997 0
1997 0
1997 0
1997 0
1997 0
1997 1
1997 2
1997 0
1997 0
1997 0
1997 0
1997 0
1997 2
1997 0
1997 0
1997 0
1997 0
1997 0
1997 0
1997 0
1997 0
1997 0
1997 5
1997 16
1997 16
1997 6
1997 0
1997 0
1997 0
1997 0
1997 0
1997 0
1997 0
1997 0
1997 0
1997 0
1997 0
1997 0
1997 0
1997 0
1997 0
1997 0
1997 0
1997 0
1997 0
1997 0
1997 0
1997 0
1997 0
1997 0
1997 0
1997 0
1997 0
1997 0
1997 0
1997 0
1997 0
1997 0
1997 0
1997 0
1997 0
1997 0
1997 0
1997 0
1997 0
1997 0
1997 0
1997 0
1997 0
1997 0
1997 0
1997 0
1997 0
1997 0
1997 0
1997 0
1997 0
1997 0
1997 0
1997 0
1997 0
1997 0
1997 0
1997 0
1997 0
1997 0
1997 0
1997 0
1997 0
1997 0
1997 0
1997 0
1997 0
1997 0
1997 0
1997 0
1997 0
1997 0
1997 0
1997 0
1997 0
1997 0
1997 0
1997 0
1997 0
1997 0
1997 0
1997 0
1997 0
1997 0
1997 0
1997 0
1997 0
1997 0
1997 0
1997 0
1997 0
1997 0
1997 0
1997 0
1997 0
1997 0
1997 0
1997 0
1997 0
1997 0
1997 0
1997 0
1997 0
1997 0
1997 0
1997 0
1997 0
1997 0
1997 0
1997 0
1997 0
1997 0
1997 0
1998 0
1998 0
1998 0
1998 0
1998 0
1998 0
1998 0
1998 0
1998 0
1998 0
1998 0
1998 0
1998 0
1998 0
1998 0
1998 0
1998 0
1998 0
1998 0
1998 0
1998 0
1998 0
1998 0
1998 0
1998 0
1998 0
1998 0
1998 0
1998 0
1998 0
1998 0
1998 0
1998 0
1998 0
1998 0
1998 0
1998 0
1998 0
1998 0
1998 0
1998 0
1998 0
1998 0
1998 0
1998 0
1998 0
1998 0
1998 0
1998 0
1998 0
1998 0
1998 0
1998 0
1998 0
1998 0
1998 0
1998 0
1998 0
1998 0
1998 0
1998 0
1998 0
1998 0
1998 0
1998 0
1998 0
1998 0
1998 0
1998 4
1998 7
1998 11
1998 14
1998 43
1998 51
1998 46
1998 42
1998 40
1998 36
1998 34
1998 35
1998 33
1998 33
1998 31
1998 31
1998 31
1998 31
1998 32
1998 28
1998 29
1998 31
1998 49
1998 62
1998 61
1998 88
1998 84
1998 76
1998 71
1998 67
1998 65
1998 62
1998 60
1998 58
1998 57
1998 55
1998 54
1998 54
1998 57
1998 60
1998 67
1998 72
1998 95
1998 96
1998 93
1998 88
1998 86
1998 83
1998 83
1998 83
1998 82
1998 80
1998 78
1998 77
1998 76
1998 79
1998 86
1998 90
1998 86
1998 83
1998 81
1998 80
1998 77
1998 75
1998 75
1998 74
1998 75
1998 75
1998 76
1998 77
1998 82
1998 80
1998 85
1998 85
1998 72
1998 69
1998 69
1998 68
1998 68
1998 67
1998 67
1998 67
1998 68
1998 67
1998 67
1998 67
1998 67
1998 68
1998 67
1998 67
1998 67
1998 68
1998 66
1998 66
1998 66
1998 66
1998 66
1998 64
1998 60
1998 62
1998 60
1998 58
1998 57
1998 57
1998 57
1998 58
1998 60
1998 70
1998 69
1998 66
1998 61
1998 59
1998 58
1998 60
1998 60
1998 60
1998 59
1998 58
1998 54
1998 53
1998 53
1998 52
1998 52
1998 51
1998 51
1998 51
1998 49
1998 49
1998 46
1998 44
1998 40
1998 39
1998 39
1998 41
1998 41
1998 48
1998 49
1998 45
1998 43
1998 40
1998 36
1998 32
1998 29
1998 27
1998 21
1998 18
1998 18
1998 13
1998 14
1998 14
1998 20
1998 26
1998 21
1998 30
1998 57
1998 72
1998 85
1998 83
1998 76
1998 83
1998 80
1998 78
1998 77
1998 72
1998 63
1998 56
1998 49
1998 43
1998 38
1998 31
1998 27
1998 55
1998 77
1998 68
1998 65
1998 59
1998 50
1998 44
1998 37
1998 33
1998 29
1998 24
1998 18
1998 11
1998 3
1998 0
1998 0
1998 0
1998 0
1998 0
1998 0
1998 0
1998 0
1998 0
1998 0
1998 0
1998 0
1998 0
1998 0
1998 0
1998 0
1998 0
1998 0
1998 0
1998 0
1998 0
1998 0
1998 0
1998 0
1998 0
1998 0
1998 0
1998 0
1998 0
1998 0
1998 0
1998 0
1998 0
1998 0
1998 0
1998 0
1998 0
1998 0
1998 0
1998 0
1998 0
1998 0
1998 0
1998 0
1998 0
1998 0
1998 0
1998 0
1998 0
1998 0
1998 0
1998 0
1998 0
1998 0
1998 0
1998 0
1998 0
1998 0
1998 0
1998 0
1998 0
1998 0
1998 0
1998 0
1998 0
1998 0
1998 0
1998 0
1998 0
1998 0
1998 0
1998 0
1998 0
1998 0
1998 0
1998 0
1998 0
1998 0
1998 0
1998 0
1998 0
1998 0
1998 0
1998 0
1998 0
1998 0
1998 0
1998 0
1998 0
1998 0
1998 0
1998 0
1998 0
1998 0
1998 0
1998 0
1998 0
1998 0
1998 0
1998 0
1998 0
1998 0
1998 0
1998 0
1998 0
1998 0
1998 0
1998 0
1998 0
1998 0
1998 0
1998 0
1999 0
1999 0
1999 0
1999 0
1999 0
1999 0
1999 0
1999 0
1999 0
1999 0
1999 0
1999 0
1999 0
1999 1
1999 0
1999 0
1999 0
1999 0
1999 0
1999 0
1999 0
1999 0
1999 0
1999 0
1999 0
1999 0
1999 0
1999 0
1999 0
1999 0
1999 0
1999 0
1999 0
1999 0
1999 0
1999 0
1999 0
1999 0
1999 0
1999 0
1999 0
1999 0
1999 0
1999 0
1999 0
1999 0
1999 0
1999 0
1999 0
1999 0
1999 0
1999 0
1999 0
1999 0
1999 0
1999 0
1999 0
1999 0
1999 0
1999 0
1999 0
1999 0
1999 0
1999 0
1999 0
1999 0
1999 0
1999 0
1999 0
1999 0
1999 0
1999 0
1999 0
1999 0
1999 0
1999 0
1999 0
1999 0
1999 0
1999 0
1999 0
1999 0
1999 0
1999 5
1999 10
1999 10
1999 12
1999 10
1999 8
1999 7
1999 9
1999 8
1999 11
1999 12
1999 11
1999 11
1999 10
1999 10
1999 9
1999 8
1999 9
1999 9
1999 9
1999 9
1999 8
1999 7
1999 7
1999 6
1999 5
1999 6
1999 8
1999 14
1999 10
1999 8
1999 7
1999 7
1999 7
1999 8
1999 9
1999 9
1999 9
1999 10
1999 11
1999 9
1999 14
1999 9
1999 7
1999 6
1999 6
1999 7
1999 8
1999 9
1999 46
1999 57
1999 53
1999 50
1999 45
1999 42
1999 39
1999 36
1999 36
1999 35
1999 34
1999 34
1999 33
1999 32
1999 32
1999 33
1999 33
1999 34
1999 36
1999 31
1999 27
1999 26
1999 27
1999 26
1999 24
1999 21
1999 20
1999 17
1999 19
1999 28
1999 45
1999 38
1999 30
1999 27
1999 26
1999 28
1999 24
1999 19
1999 25
1999 25
1999 22
1999 21
1999 22
1999 22
1999 21
1999 20
1999 19
1999 18
1999 17
1999 17
1999 17
1999 15
1999 34
1999 83
1999 84
1999 95
1999 85
1999 79
1999 73
1999 67
1999 59
1999 53
1999 50
1999 45
1999 41
1999 40
1999 40
1999 39
1999 40
1999 39
1999 44
1999 45
1999 41
1999 39
1999 43
1999 58
1999 60
1999 53
1999 52
1999 48
1999 43
1999 41
1999 38
1999 34
1999 32
1999 28
1999 29
1999 45
1999 37
1999 30
1999 26
1999 26
1999 41
1999 38
1999 42
1999 58
1999 59
1999 58
1999 55
1999 54
1999 56
1999 57
1999 51
1999 48
1999 44
1999 41
1999 40
1999 38
1999 33
1999 26
1999 22
1999 17
1999 10
1999 3
1999 2
1999 0
1999 0
1999 0
1999 0
1999 0
1999 0
1999 0
1999 0
1999 0
1999 0
1999 0
1999 0
1999 0
1999 0
1999 0
1999 2
1999 1
1999 0
1999 0
1999 0
1999 0
1999 0
1999 0
1999 0
1999 0
1999 0
1999 0
1999 0
1999 0
1999 0
1999 0
1999 0
1999 0
1999 0
1999 0
1999 0
1999 0
1999 0
1999 0
1999 0
1999 0
1999 0
1999 0
1999 0
1999 0
1999 0
1999 0
1999 0
1999 0
1999 0
1999 0
1999 0
1999 0
1999 0
1999 0
1999 0
1999 0
1999 0
1999 0
1999 0
1999 0
1999 0
1999 0
1999 0
1999 0
1999 0
1999 0
1999 0
1999 0
1999 0
1999 0
1999 0
1999 0
1999 0
1999 0
1999 0
1999 0
1999 0
1999 0
1999 0
1999 0
1999 0
1999 0
1999 0
1999 0
1999 0
1999 0
1999 0
1999 0
1999 0
1999 0
1999 0
1999 0
1999 0
1999 0
1999 0
1999 0
1999 0
1999 0
1999 0
1999 0
1999 0
1999 0
1999 0
1999 0
1999 0
1999 0
1999 0
1999 0
1999 0
1999 0
1999 0
1999 0
1999 0
1999 0
1999 0
1999 0
1999 0
2000 0
2000 0
2000 0
2000 0
2000 0
2000 0
2000 0
2000 0
2000 0
2000 0
2000 0
2000 0
2000 0
2000 0
2000 0
2000 0
2000 0
2000 0
2000 0
2000 0
2000 0
2000 0
2000 0
2000 0
2000 0
2000 0
2000 0
2000 0
2000 0
2000 0
2000 0
2000 0
2000 0
2000 0
2000 0
2000 0
2000 0
2000 0
2000 0
2000 0
2000 0
2000 0
2000 0
2000 0
2000 0
2000 0
2000 0
2000 0
2000 0
2000 0
2000 0
2000 0
2000 0
2000 0
2000 0
2000 0
2000 0
2000 0
2000 0
2000 0
2000 0
2000 0
2000 0
2000 0
2000 0
2000 0
2000 1
2000 9
2000 6
2000 5
2000 7
2000 8
2000 7
2000 7
2000 8
2000 11
2000 12
2000 17
2000 25
2000 26
2000 23
2000 28
2000 35
2000 27
2000 20
2000 20
2000 20
2000 18
2000 18
2000 18
2000 18
2000 19
2000 19
2000 14
2000 15
2000 15
2000 15
2000 13
2000 14
2000 15
2000 26
2000 35
2000 34
2000 33
2000 24
2000 25
2000 26
2000 26
2000 26
2000 25
2000 25
2000 22
2000 19
2000 19
2000 19
2000 20
2000 25
2000 22
2000 32
2000 21
2000 21
2000 21
2000 22
2000 21
2000 20
2000 18
2000 20
2000 18
2000 18
2000 19
2000 21
2000 19
2000 19
2000 19
2000 20
2000 20
2000 18
2000 19
2000 20
2000 20
2000 21
2000 18
2000 17
2000 16
2000 15
2000 16
2000 15
2000 14
2000 14
2000 15
2000 15
2000 18
2000 15
2000 13
2000 14
2000 13
2000 13
2000 12
2000 11
2000 11
2000 12
2000 11
2000 9
2000 8
2000 10
2000 9
2000 9
2000 6
2000 8
2000 18
2000 11
2000 11
2000 11
2000 11
2000 9
2000 9
2000 8
2000 6
2000 3
2000 4
2000 4
2000 5
2000 19
2000 28
2000 23
2000 21
2000 20
2000 17
2000 15
2000 14
2000 5
2000 0
2000 0
2000 0
2000 0
2000 0
2000 0
2000 0
2000 0
2000 0
2000 0
2000 0
2000 0
2000 0
2000 0
2000 0
2000 0
2000 1
2000 17
2000 35
2000 68
2000 80
2000 68
2000 66
2000 60
2000 62
2000 62
2000 54
2000 48
2000 40
2000 37
2000 35
2000 35
2000 34
2000 41
2000 46
2000 42
2000 38
2000 40
2000 36
2000 33
2000 29
2000 24
2000 18
2000 11
2000 6
2000 5
2000 2
2000 0
2000 0
2000 0
2000 0
2000 0
2000 0
2000 0
2000 0
2000 0
2000 0
2000 0
2000 0
2000 0
2000 0
2000 0
2000 0
2000 0
2000 0
2000 0
2000 0
2000 0
2000 0
2000 0
2000 1
2000 0
2000 0
2000 0
2000 0
2000 0
2000 0
2000 0
2000 0
2000 0
2000 0
2000 0
2000 0
2000 0
2000 0
2000 0
2000 0
2000 0
2000 0
2000 0
2000 0
2000 0
2000 0
2000 0
2000 0
2000 0
2000 0
2000 0
2000 0
2000 0
2000 0
2000 0
2000 0
2000 0
2000 0
2000 0
2000 0
2000 0
2000 0
2000 0
2000 0
2000 0
2000 0
2000 0
2000 0
2000 0
2000 0
2000 0
2000 0
2000 0
2000 0
2000 0
2000 0
2000 0
2000 0
2000 0
2000 0
2000 0
2000 0
2000 0
2000 0
2000 0
2000 0
2000 0
2000 0
2000 0
2000 0
2000 0
2000 0
2000 0
2000 0
2000 0
2000 0
2000 0
2000 0
2000 0
2000 0
2000 0
2000 0
2000 0
2000 0
2000 0
2000 0
2000 0
2000 0
2000 0
2000 0
2000 0
2000 0
2000 0
2000 0
2000 0
2000 0
2000 0
2000 0
2000 0
2000 0
2000 0
2000 0
2000 0
2000 0
2000 0
2000 0
2000 0
2000 0
2001 0
2001 0
2001 0
2001 0
2001 0
2001 0
2001 0
2001 0
2001 0
2001 0
2001 0
2001 0
2001 0
2001 0
2001 0
2001 0
2001 0
2001 0
2001 0
2001 0
2001 0
2001 0
2001 0
2001 0
2001 0
2001 0
2001 0
2001 0
2001 0
2001 0
2001 0
2001 0
2001 0
2001 0
2001 0
2001 1
2001 22
2001 29
2001 15
2001 10
2001 9
2001 3
2001 0
2001 0
2001 0
2001 0
2001 0
2001 0
2001 0
2001 0
2001 0
2001 0
2001 0
2001 0
2001 0
2001 0
2001 0
2001 0
2001 0
2001 0
2001 0
2001 1
2001 0
2001 6
2001 6
2001 5
2001 20
2001 44
2001 59
2001 57
2001 52
2001 47
2001 45
2001 39
2001 28
2001 27
2001 28
2001 35
2001 53
2001 57
2001 57
2001 74
2001 76
2001 72
2001 78
2001 101
2001 97
2001 94
2001 90
2001 86
2001 83
2001 80
2001 79
2001 77
2001 71
2001 68
2001 66
2001 67
2001 62
2001 63
2001 59
2001 57
2001 56
2001 55
2001 55
2001 64
2001 68
2001 66
2001 66
2001 66
2001 66
2001 64
2001 64
2001 64
2001 64
2001 72
2001 75
2001 77
2001 83
2001 85
2001 94
2001 91
2001 88
2001 88
2001 99
2001 96
2001 96
2001 95
2001 93
2001 118
2001 118
2001 113
2001 108
2001 106
2001 103
2001 101
2001 101
2001 100
2001 101
2001 117
2001 120
2001 118
2001 116
2001 115
2001 116
2001 117
2001 122
2001 127
2001 133
2001 138
2001 134
2001 133
2001 132
2001 130
2001 126
2001 126
2001 125
2001 124
2001 122
2001 121
2001 123
2001 132
2001 130
2001 127
2001 125
2001 125
2001 124
2001 123
2001 123
2001 123
2001 122
2001 121
2001 119
2001 117
2001 115
2001 114
2001 113
2001 113
2001 113
2001 112
2001 120
2001 125
2001 125
2001 132
2001 130
2001 128
2001 124
2001 121
2001 122
2001 136
2001 135
2001 129
2001 124
2001 138
2001 141
2001 135
2001 128
2001 131
2001 131
2001 125
2001 123
2001 122
2001 119
2001 113
2001 110
2001 107
2001 106
2001 117
2001 112
2001 114
2001 146
2001 142
2001 133
2001 125
2001 118
2001 114
2001 121
2001 116
2001 NA
2001 135
2001 130
2001 125
2001 NA
2001 131
2001 125
2001 124
2001 123
2001 126
2001 127
2001 125
2001 130
2001 NA
2001 NA
2001 177
2001 163
2001 152
2001 144
2001 139
2001 133
2001 NA
2001 NA
2001 124
2001 119
2001 112
2001 109
2001 105
2001 102
2001 98
2001 92
2001 89
2001 82
2001 75
2001 69
2001 62
2001 55
2001 46
2001 41
2001 37
2001 31
2001 23
2001 16
2001 7
2001 0
2001 0
2001 0
2001 0
2001 0
2001 0
2001 0
2001 0
2001 0
2001 0
2001 0
2001 0
2001 0
2001 1
2001 0
2001 0
2001 0
2001 0
2001 0
2001 0
2001 0
2001 0
2001 0
2001 0
2001 0
2001 0
2001 0
2001 0
2001 0
2001 0
2001 0
2001 0
2001 0
2001 0
2001 0
2001 0
2001 0
2001 0
2001 0
2001 0
2001 0
2001 0
2001 0
2001 0
2001 0
2001 0
2001 0
2001 0
2001 0
2001 0
2001 0
2001 0
2001 0
2001 0
2001 0
2001 0
2001 0
2001 0
2001 0
2001 0
2001 NA
2001 0
2001 0
2001 0
2001 0
2001 0
2001 0
2001 0
2001 0
2001 0
2001 0
2001 0
2001 0
2001 0
2001 0
2001 0
2001 0
2001 0
2001 0
2001 0
2001 0
2001 0
2001 0
2001 0
2001 0
2001 0
2001 0
2001 0
2001 0
2001 0
2001 0
2001 0
2001 0
2001 0
2001 0
2001 0
2001 0
2001 0
2001 0
2001 0
2001 0
2001 0
2001 0
2002 0
2002 0
2002 0
2002 0
2002 0
2002 0
2002 0
2002 0
2002 0
2002 0
2002 0
2002 0
2002 0
2002 1
2002 5
2002 0
2002 0
2002 0
2002 0
2002 0
2002 0
2002 0
2002 0
2002 0
2002 0
2002 0
2002 0
2002 0
2002 0
2002 0
2002 0
2002 0
2002 0
2002 0
2002 0
2002 0
2002 0
2002 0
2002 0
2002 0
2002 0
2002 0
2002 0
2002 0
2002 0
2002 0
2002 0
2002 0
2002 0
2002 0
2002 0
2002 0
2002 0
2002 0
2002 0
2002 0
2002 0
2002 0
2002 0
2002 0
2002 0
2002 0
2002 0
2002 0
2002 0
2002 0
2002 0
2002 0
2002 0
2002 11
2002 15
2002 10
2002 0
2002 0
2002 0
2002 0
2002 0
2002 0
2002 0
2002 0
2002 0
2002 0
2002 0
2002 1
2002 0
2002 0
2002 0
2002 3
2002 7
2002 4
2002 2
2002 0
2002 0
2002 0
2002 0
2002 0
2002 0
2002 0
2002 0
2002 0
2002 0
2002 0
2002 NA
2002 NA
2002 NA
2002 NA
2002 NA
2002 3
2002 3
2002 2
2002 3
2002 2
2002 2
2002 3
2002 2
2002 1
2002 3
2002 5
2002 2
2002 2
2002 1
2002 1
2002 1
2002 0
2002 0
2002 0
2002 0
2002 0
2002 0
2002 0
2002 0
2002 0
2002 0
2002 0
2002 0
2002 0
2002 0
2002 0
2002 0
2002 0
2002 0
2002 0
2002 0
2002 0
2002 0
2002 5
2002 10
2002 9
2002 9
2002 7
2002 4
2002 4
2002 5
2002 5
2002 4
2002 4
2002 4
2002 5
2002 8
2002 30
2002 27
2002 26
2002 24
2002 21
2002 19
2002 18
2002 19
2002 32
2002 61
2002 60
2002 55
2002 53
2002 47
2002 44
2002 40
2002 37
2002 29
2002 21
2002 20
2002 20
2002 20
2002 22
2002 35
2002 52
2002 49
2002 43
2002 48
2002 45
2002 36
2002 30
2002 26
2002 24
2002 23
2002 20
2002 18
2002 19
2002 18
2002 13
2002 11
2002 9
2002 2
2002 0
2002 2
2002 7
2002 5
2002 3
2002 1
2002 0
2002 0
2002 0
2002 0
2002 0
2002 0
2002 0
2002 1
2002 2
2002 0
2002 0
2002 0
2002 0
2002 9
2002 8
2002 4
2002 13
2002 14
2002 14
2002 31
2002 35
2002 40
2002 29
2002 26
2002 56
2002 57
2002 38
2002 29
2002 27
2002 23
2002 19
2002 14
2002 10
2002 8
2002 7
2002 2
2002 0
2002 0
2002 12
2002 27
2002 19
2002 12
2002 8
2002 6
2002 2
2002 0
2002 0
2002 0
2002 0
2002 0
2002 0
2002 0
2002 0
2002 0
2002 0
2002 0
2002 0
2002 0
2002 0
2002 0
2002 0
2002 0
2002 0
2002 0
2002 0
2002 0
2002 0
2002 0
2002 0
2002 0
2002 0
2002 0
2002 0
2002 0
2002 0
2002 0
2002 0
2002 0
2002 0
2002 0
2002 0
2002 0
2002 0
2002 0
2002 0
2002 0
2002 0
2002 0
2002 0
2002 0
2002 0
2002 0
2002 0
2002 0
2002 0
2002 0
2002 0
2002 0
2002 0
2002 0
2002 0
2002 0
2002 0
2002 0
2002 0
2002 0
2002 0
2002 0
2002 0
2002 0
2002 0
2002 0
2002 0
2002 0
2002 0
2002 0
2002 0
2002 0
2002 0
2002 0
2002 0
2002 0
2002 0
2002 0
2002 0
2002 0
2002 0
2002 0
2002 0
2002 0
2002 0
2002 0
2002 0
2002 0
2002 0
2002 0
2002 0
2002 0
2002 0
2002 0
2002 0
2002 0
2002 0
2002 0
2002 0
2002 0
2002 0
2002 0
2002 0
2002 NA
2002 NA
2002 NA
2002 NA
2002 NA
2002 NA
2002 NA
2002 NA
2002 0
2003 0
2003 NA
2003 NA
2003 NA
2003 NA
2003 0
2003 0
2003 0
2003 0
2003 0
2003 0
2003 0
2003 0
2003 0
2003 0
2003 0
2003 0
2003 0
2003 0
2003 0
2003 0
2003 0
2003 0
2003 17
2003 18
2003 6
2003 0
2003 0
2003 0
2003 0
2003 0
2003 0
2003 0
2003 0
2003 0
2003 0
2003 0
2003 0
2003 0
2003 0
2003 0
2003 0
2003 0
2003 0
2003 0
2003 0
2003 0
2003 1
2003 0
2003 0
2003 0
2003 0
2003 0
2003 0
2003 0
2003 0
2003 0
2003 0
2003 0
2003 0
2003 0
2003 0
2003 0
2003 0
2003 0
2003 0
2003 0
2003 0
2003 0
2003 0
2003 0
2003 0
2003 0
2003 2
2003 1
2003 0
2003 0
2003 2
2003 10
2003 31
2003 28
2003 29
2003 55
2003 60
2003 57
2003 49
2003 43
2003 36
2003 36
2003 39
2003 42
2003 42
2003 41
2003 52
2003 55
2003 56
2003 62
2003 62
2003 59
2003 56
2003 54
2003 53
2003 53
2003 52
2003 50
2003 52
2003 51
2003 51
2003 52
2003 51
2003 50
2003 51
2003 49
2003 46
2003 44
2003 47
2003 48
2003 47
2003 61
2003 71
2003 66
2003 67
2003 67
2003 65
2003 61
2003 61
2003 65
2003 65
2003 71
2003 70
2003 70
2003 70
2003 70
2003 69
2003 68
2003 66
2003 64
2003 63
2003 63
2003 63
2003 62
2003 62
2003 67
2003 83
2003 84
2003 80
2003 75
2003 74
2003 73
2003 71
2003 70
2003 69
2003 71
2003 70
2003 70
2003 69
2003 77
2003 75
2003 70
2003 69
2003 67
2003 69
2003 69
2003 69
2003 69
2003 69
2003 69
2003 68
2003 69
2003 68
2003 67
2003 67
2003 67
2003 67
2003 67
2003 66
2003 NA
2003 NA
2003 NA
2003 NA
2003 68
2003 67
2003 NA
2003 NA
2003 67
2003 67
2003 66
2003 66
2003 65
2003 64
2003 62
2003 59
2003 58
2003 55
2003 54
2003 53
2003 51
2003 50
2003 50
2003 49
2003 47
2003 44
2003 43
2003 40
2003 37
2003 34
2003 32
2003 32
2003 29
2003 28
2003 24
2003 21
2003 18
2003 31
2003 53
2003 57
2003 49
2003 45
2003 45
2003 NA
2003 NA
2003 52
2003 49
2003 47
2003 44
2003 38
2003 35
2003 30
2003 27
2003 NA
2003 NA
2003 NA
2003 NA
2003 NA
2003 NA
2003 18
2003 11
2003 5
2003 1
2003 0
2003 0
2003 NA
2003 NA
2003 NA
2003 NA
2003 0
2003 0
2003 0
2003 0
2003 0
2003 0
2003 0
2003 0
2003 0
2003 0
2003 0
2003 0
2003 0
2003 0
2003 0
2003 0
2003 0
2003 0
2003 0
2003 0
2003 0
2003 0
2003 0
2003 0
2003 0
2003 0
2003 0
2003 0
2003 0
2003 0
2003 0
2003 0
2003 0
2003 0
2003 NA
2003 0
2003 0
2003 0
2003 0
2003 0
2003 0
2003 0
2003 0
2003 0
2003 0
2003 NA
2003 NA
2003 0
2003 0
2003 0
2003 0
2003 0
2003 0
2003 0
2003 0
2003 0
2003 0
2003 0
2003 0
2003 0
2003 0
2003 0
2003 0
2003 0
2003 0
2003 0
2003 0
2003 0
2003 0
2003 0
2003 0
2003 0
2003 0
2003 0
2003 0
2003 0
2003 0
2003 0
2003 0
2003 0
2003 0
2003 0
2003 0
2003 0
2003 0
2003 0
2003 0
2003 0
2003 0
2003 0
2003 0
2003 0
2003 0
2003 0
2003 0
2003 0
2003 0
2003 0
2003 0
2003 0
2003 0
2003 0
2003 0
2003 0
2003 0
2003 0
2003 0
2003 0
2003 0
2003 0
2003 0
2003 0
2003 0
2003 0
2003 0
2003 0
2003 0
2003 0
2003 0
2003 0
2004 0
2004 0
2004 0
2004 0
2004 0
2004 0
2004 0
2004 0
2004 0
2004 0
2004 0
2004 0
2004 0
2004 0
2004 0
2004 0
2004 0
2004 0
2004 0
2004 0
2004 0
2004 0
2004 0
2004 0
2004 0
2004 0
2004 0
2004 0
2004 0
2004 0
2004 0
2004 0
2004 0
2004 0
2004 4
2004 9
2004 3
2004 2
2004 0
2004 0
2004 0
2004 0
2004 0
2004 0
2004 0
2004 0
2004 0
2004 0
2004 0
2004 0
2004 0
2004 0
2004 6
2004 20
2004 13
2004 9
2004 7
2004 7
2004 8
2004 12
2004 15
2004 12
2004 9
2004 8
2004 8
2004 7
2004 7
2004 10
2004 41
2004 54
2004 47
2004 42
2004 NA
2004 NA
2004 NA
2004 35
2004 33
2004 30
2004 26
2004 23
2004 NA
2004 NA
2004 NA
2004 19
2004 17
2004 15
2004 21
2004 34
2004 97
2004 97
2004 87
2004 82
2004 80
2004 74
2004 71
2004 69
2004 67
2004 64
2004 62
2004 60
2004 74
2004 80
2004 76
2004 72
2004 69
2004 62
2004 60
2004 54
2004 53
2004 53
2004 54
2004 57
2004 60
2004 60
2004 57
2004 56
2004 56
2004 56
2004 62
2004 84
2004 101
2004 106
2004 104
2004 100
2004 97
2004 96
2004 93
2004 91
2004 88
2004 86
2004 85
2004 86
2004 83
2004 81
2004 79
2004 77
2004 77
2004 76
2004 76
2004 77
2004 77
2004 76
2004 73
2004 74
2004 72
2004 71
2004 73
2004 72
2004 72
2004 75
2004 72
2004 71
2004 70
2004 70
2004 68
2004 67
2004 66
2004 64
2004 63
2004 65
2004 65
2004 66
2004 64
2004 64
2004 64
2004 64
2004 63
2004 62
2004 62
2004 61
2004 63
2004 79
2004 84
2004 86
2004 90
2004 97
2004 116
2004 109
2004 107
2004 121
2004 131
2004 126
2004 121
2004 116
2004 110
2004 106
2004 103
2004 103
2004 110
2004 114
2004 111
2004 111
2004 NA
2004 134
2004 123
2004 116
2004 108
2004 102
2004 96
2004 92
2004 88
2004 86
2004 83
2004 86
2004 106
2004 104
2004 101
2004 103
2004 108
2004 99
2004 93
2004 90
2004 87
2004 85
2004 83
2004 79
2004 77
2004 75
2004 79
2004 86
2004 82
2004 84
2004 92
2004 87
2004 83
2004 87
2004 82
2004 83
2004 84
2004 82
2004 79
2004 84
2004 85
2004 77
2004 73
2004 69
2004 63
2004 60
2004 58
2004 56
2004 54
2004 50
2004 49
2004 45
2004 39
2004 33
2004 33
2004 45
2004 60
2004 59
2004 57
2004 55
2004 54
2004 48
2004 45
2004 43
2004 39
2004 34
2004 25
2004 16
2004 5
2004 0
2004 0
2004 0
2004 0
2004 0
2004 0
2004 0
2004 0
2004 0
2004 0
2004 0
2004 0
2004 0
2004 0
2004 0
2004 0
2004 0
2004 0
2004 0
2004 0
2004 0
2004 0
2004 0
2004 0
2004 0
2004 0
2004 0
2004 0
2004 0
2004 0
2004 0
2004 0
2004 0
2004 0
2004 0
2004 0
2004 0
2004 0
2004 0
2004 0
2004 0
2004 0
2004 0
2004 0
2004 0
2004 0
2004 0
2004 0
2004 0
2004 0
2004 0
2004 0
2004 0
2004 0
2004 0
2004 0
2004 0
2004 0
2004 0
2004 0
2004 0
2004 0
2004 0
2004 0
2004 0
2004 0
2004 0
2004 0
2004 0
2004 0
2004 0
2004 0
2004 0
2004 0
2004 0
2004 0
2004 0
2004 0
2004 0
2004 0
2004 0
2004 0
2004 0
2004 0
2004 0
2004 0
2004 0
2004 0
2004 0
2004 0
2004 0
2004 0
2004 0
2004 0
2004 0
2004 0
2004 0
2004 0
2004 0
2004 0
2004 0
2004 0
2004 0
2004 0
2004 0
2005 0
2005 0
2005 0
2005 0
2005 0
2005 0
2005 0
2005 0
2005 0
2005 0
2005 0
2005 0
2005 0
2005 0
2005 0
2005 0
2005 0
2005 0
2005 0
2005 0
2005 0
2005 0
2005 0
2005 0
2005 0
2005 0
2005 0
2005 0
2005 0
2005 0
2005 0
2005 0
2005 0
2005 0
2005 0
2005 0
2005 0
2005 0
2005 0
2005 0
2005 0
2005 0
2005 0
2005 0
2005 2
2005 8
2005 6
2005 2
2005 0
2005 0
2005 0
2005 0
2005 0
2005 0
2005 0
2005 0
2005 0
2005 0
2005 0
2005 0
2005 0
2005 0
2005 0
2005 0
2005 0
2005 0
2005 0
2005 0
2005 0
2005 0
2005 11
2005 21
2005 18
2005 13
2005 13
2005 12
2005 11
2005 11
2005 9
2005 9
2005 9
2005 8
2005 8
2005 7
2005 6
2005 5
2005 4
2005 6
2005 6
2005 8
2005 23
2005 50
2005 45
2005 42
2005 39
2005 38
2005 34
2005 33
2005 33
2005 32
2005 32
2005 30
2005 31
2005 31
2005 31
2005 31
2005 31
2005 33
2005 33
2005 32
2005 31
2005 31
2005 30
2005 31
2005 NA
2005 NA
2005 66
2005 84
2005 85
2005 84
2005 77
2005 72
2005 69
2005 68
2005 65
2005 60
2005 56
2005 54
2005 51
2005 48
2005 49
2005 48
2005 48
2005 48
2005 49
2005 50
2005 48
2005 47
2005 48
2005 49
2005 52
2005 50
2005 46
2005 37
2005 37
2005 38
2005 39
2005 39
2005 37
2005 38
2005 40
2005 39
2005 38
2005 36
2005 36
2005 36
2005 36
2005 37
2005 36
2005 35
2005 36
2005 36
2005 36
2005 36
2005 35
2005 41
2005 41
2005 40
2005 38
2005 37
2005 37
2005 37
2005 40
2005 42
2005 49
2005 50
2005 48
2005 47
2005 49
2005 48
2005 48
2005 45
2005 45
2005 48
2005 53
2005 52
2005 51
2005 50
2005 48
2005 46
2005 42
2005 40
2005 38
2005 39
2005 38
2005 36
2005 33
2005 28
2005 22
2005 13
2005 4
2005 0
2005 0
2005 0
2005 0
2005 0
2005 0
2005 0
2005 0
2005 3
2005 0
2005 0
2005 0
2005 0
2005 0
2005 0
2005 0
2005 0
2005 0
2005 0
2005 12
2005 9
2005 8
2005 6
2005 1
2005 0
2005 0
2005 9
2005 18
2005 10
2005 6
2005 8
2005 4
2005 1
2005 0
2005 0
2005 2
2005 0
2005 0
2005 0
2005 0
2005 0
2005 0
2005 0
2005 0
2005 0
2005 0
2005 0
2005 0
2005 0
2005 NA
2005 NA
2005 NA
2005 0
2005 0
2005 0
2005 0
2005 0
2005 0
2005 0
2005 0
2005 0
2005 0
2005 0
2005 0
2005 0
2005 0
2005 0
2005 0
2005 0
2005 0
2005 0
2005 0
2005 0
2005 0
2005 0
2005 0
2005 0
2005 0
2005 0
2005 0
2005 0
2005 0
2005 0
2005 0
2005 0
2005 0
2005 0
2005 0
2005 0
2005 0
2005 0
2005 0
2005 0
2005 0
2005 0
2005 0
2005 0
2005 0
2005 0
2005 0
2005 0
2005 0
2005 0
2005 0
2005 0
2005 0
2005 0
2005 0
2005 0
2005 0
2005 0
2005 0
2005 0
2005 0
2005 0
2005 0
2005 0
2005 0
2005 0
2005 0
2005 0
2005 0
2005 0
2005 0
2005 0
2005 0
2005 0
2005 0
2005 0
2005 0
2005 0
2005 0
2005 0
2005 0
2005 0
2005 0
2005 0
2005 0
2005 0
2005 0
2005 0
2005 0
2005 0
2005 0
2005 0
2005 0
2005 0
2005 0
2005 0
2005 0
2005 0
2005 0
2005 0
2005 0
2005 0
2005 0
2005 0
2005 0
2005 0
2005 0
2005 0
2005 0
2005 0
2005 0
2006 0
2006 0
2006 0
2006 0
2006 0
2006 0
2006 0
2006 0
2006 0
2006 0
2006 0
2006 0
2006 0
2006 0
2006 0
2006 0
2006 0
2006 1
2006 0
2006 0
2006 0
2006 0
2006 0
2006 0
2006 0
2006 0
2006 0
2006 0
2006 0
2006 0
2006 0
2006 0
2006 2
2006 2
2006 0
2006 0
2006 0
2006 0
2006 0
2006 0
2006 0
2006 0
2006 0
2006 0
2006 0
2006 0
2006 0
2006 0
2006 0
2006 0
2006 0
2006 0
2006 0
2006 0
2006 0
2006 0
2006 0
2006 0
2006 0
2006 0
2006 0
2006 0
2006 0
2006 0
2006 0
2006 0
2006 0
2006 0
2006 0
2006 0
2006 0
2006 0
2006 0
2006 0
2006 0
2006 0
2006 0
2006 0
2006 0
2006 0
2006 0
2006 0
2006 0
2006 0
2006 0
2006 5
2006 17
2006 23
2006 19
2006 21
2006 22
2006 18
2006 17
2006 41
2006 45
2006 49
2006 48
2006 46
2006 44
2006 41
2006 39
2006 39
2006 39
2006 41
2006 38
2006 39
2006 37
2006 37
2006 39
2006 39
2006 37
2006 35
2006 36
2006 37
2006 35
2006 36
2006 38
2006 48
2006 53
2006 60
2006 56
2006 52
2006 51
2006 63
2006 56
2006 52
2006 54
2006 53
2006 51
2006 52
2006 50
2006 50
2006 51
2006 50
2006 50
2006 49
2006 50
2006 50
2006 50
2006 44
2006 35
2006 34
2006 34
2006 33
2006 34
2006 33
2006 34
2006 37
2006 45
2006 61
2006 57
2006 51
2006 48
2006 47
2006 45
2006 45
2006 44
2006 44
2006 45
2006 38
2006 32
2006 34
2006 35
2006 35
2006 34
2006 34
2006 34
2006 35
2006 37
2006 35
2006 40
2006 53
2006 74
2006 72
2006 72
2006 68
2006 73
2006 79
2006 NA
2006 NA
2006 NA
2006 NA
2006 68
2006 66
2006 66
2006 80
2006 82
2006 79
2006 76
2006 73
2006 73
2006 73
2006 69
2006 67
2006 66
2006 66
2006 66
2006 66
2006 66
2006 64
2006 61
2006 62
2006 62
2006 60
2006 60
2006 57
2006 51
2006 45
2006 48
2006 52
2006 45
2006 43
2006 39
2006 38
2006 37
2006 35
2006 47
2006 57
2006 53
2006 46
2006 41
2006 48
2006 71
2006 68
2006 60
2006 51
2006 44
2006 39
2006 36
2006 37
2006 36
2006 33
2006 26
2006 23
2006 19
2006 15
2006 7
2006 1
2006 0
2006 0
2006 1
2006 24
2006 9
2006 2
2006 0
2006 0
2006 0
2006 0
2006 0
2006 0
2006 1
2006 0
2006 0
2006 0
2006 0
2006 0
2006 0
2006 0
2006 0
2006 0
2006 0
2006 0
2006 0
2006 0
2006 0
2006 0
2006 0
2006 0
2006 0
2006 0
2006 0
2006 0
2006 0
2006 0
2006 0
2006 0
2006 0
2006 0
2006 0
2006 0
2006 0
2006 0
2006 0
2006 0
2006 0
2006 0
2006 0
2006 0
2006 0
2006 0
2006 0
2006 0
2006 0
2006 0
2006 0
2006 0
2006 0
2006 0
2006 0
2006 0
2006 0
2006 0
2006 0
2006 0
2006 0
2006 0
2006 0
2006 0
2006 0
2006 0
2006 0
2006 0
2006 0
2006 0
2006 0
2006 0
2006 0
2006 0
2006 0
2006 0
2006 0
2006 0
2006 0
2006 0
2006 0
2006 0
2006 0
2006 0
2006 0
2006 0
2006 0
2006 0
2006 0
2006 0
2006 0
2006 0
2006 0
2006 0
2006 0
2006 0
2006 0
2006 0
2006 0
2006 0
2006 0
2006 0
2006 0
2006 0
2006 0
2006 0
2006 0
2006 0
2006 0
2006 0
2006 0
2006 0
2006 0
2006 0
2006 0
2006 0
2006 0
2006 0
2006 0
2006 0
2006 0
2007 0
2007 0
2007 0
2007 0
2007 0
2007 0
2007 0
2007 0
2007 0
2007 0
2007 0
2007 0
2007 0
2007 0
2007 0
2007 0
2007 0
2007 0
2007 0
2007 0
2007 0
2007 0
2007 0
2007 0
2007 0
2007 0
2007 0
2007 0
2007 0
2007 0
2007 0
2007 0
2007 0
2007 0
2007 0
2007 0
2007 0
2007 0
2007 0
2007 0
2007 0
2007 0
2007 0
2007 0
2007 0
2007 0
2007 0
2007 0
2007 0
2007 0
2007 0
2007 0
2007 0
2007 0
2007 0
2007 0
2007 0
2007 0
2007 0
2007 0
2007 0
2007 0
2007 0
2007 0
2007 0
2007 0
2007 0
2007 0
2007 0
2007 0
2007 0
2007 0
2007 0
2007 0
2007 0
2007 0
2007 0
2007 0
2007 0
2007 0
2007 0
2007 0
2007 7
2007 5
2007 5
2007 2
2007 0
2007 0
2007 0
2007 0
2007 0
2007 0
2007 0
2007 0
2007 0
2007 0
2007 0
2007 0
2007 1
2007 42
2007 50
2007 44
2007 41
2007 38
2007 36
2007 34
2007 34
2007 34
2007 42
2007 44
2007 42
2007 41
2007 40
2007 39
2007 38
2007 38
2007 37
2007 37
2007 37
2007 37
2007 36
2007 37
2007 38
2007 40
2007 39
2007 38
2007 37
2007 35
2007 34
2007 35
2007 35
2007 35
2007 35
2007 34
2007 32
2007 32
2007 32
2007 32
2007 32
2007 33
2007 24
2007 14
2007 13
2007 16
2007 61
2007 87
2007 83
2007 79
2007 67
2007 52
2007 51
2007 47
2007 44
2007 44
2007 38
2007 40
2007 36
2007 37
2007 33
2007 32
2007 34
2007 39
2007 37
2007 37
2007 39
2007 56
2007 52
2007 51
2007 47
2007 46
2007 45
2007 44
2007 43
2007 42
2007 41
2007 41
2007 43
2007 45
2007 52
2007 47
2007 45
2007 43
2007 42
2007 41
2007 40
2007 38
2007 36
2007 53
2007 69
2007 63
2007 60
2007 55
2007 51
2007 48
2007 45
2007 41
2007 39
2007 36
2007 33
2007 57
2007 78
2007 64
2007 59
2007 56
2007 59
2007 76
2007 68
2007 59
2007 57
2007 55
2007 58
2007 90
2007 89
2007 83
2007 77
2007 77
2007 70
2007 65
2007 61
2007 57
2007 51
2007 47
2007 42
2007 39
2007 36
2007 30
2007 25
2007 18
2007 12
2007 4
2007 0
2007 0
2007 0
2007 0
2007 0
2007 0
2007 0
2007 0
2007 0
2007 0
2007 0
2007 0
2007 0
2007 0
2007 0
2007 0
2007 0
2007 0
2007 0
2007 0
2007 0
2007 0
2007 0
2007 0
2007 0
2007 0
2007 0
2007 0
2007 0
2007 0
2007 0
2007 0
2007 0
2007 0
2007 0
2007 0
2007 0
2007 0
2007 0
2007 0
2007 1
2007 0
2007 0
2007 0
2007 0
2007 0
2007 0
2007 0
2007 0
2007 0
2007 0
2007 0
2007 0
2007 0
2007 0
2007 0
2007 0
2007 0
2007 0
2007 0
2007 0
2007 0
2007 0
2007 0
2007 0
2007 0
2007 0
2007 0
2007 0
2007 0
2007 0
2007 0
2007 0
2007 0
2007 0
2007 0
2007 0
2007 0
2007 0
2007 0
2007 0
2007 0
2007 0
2007 0
2007 0
2007 0
2007 0
2007 0
2007 0
2007 0
2007 0
2007 0
2007 0
2007 0
2007 0
2007 0
2007 0
2007 0
2007 0
2007 0
2007 0
2007 0
2007 0
2007 0
2007 0
2007 0
2007 0
2007 0
2007 0
2007 0
2007 0
2007 0
2007 0
2007 0
2007 0
2007 0
2007 0
2007 0
2007 0
2007 0
2007 0
2007 0
2007 0
2007 0
2007 0
2007 0
2007 0
2007 0
2007 0
2007 0
2007 0
2007 0
2007 0
2007 0
2007 0
2008 0
2008 0
2008 0
2008 0
2008 0
2008 0
2008 0
2008 0
2008 0
2008 0
2008 0
2008 0
2008 0
2008 0
2008 0
2008 0
2008 0
2008 0
2008 0
2008 0
2008 0
2008 0
2008 0
2008 0
2008 0
2008 0
2008 0
2008 9
2008 2
2008 0
2008 0
2008 0
2008 0
2008 0
2008 0
2008 0
2008 0
2008 0
2008 0
2008 0
2008 0
2008 0
2008 0
2008 0
2008 0
2008 0
2008 0
2008 0
2008 0
2008 0
2008 0
2008 0
2008 0
2008 6
2008 0
2008 2
2008 0
2008 0
2008 0
2008 5
2008 10
2008 7
2008 5
2008 4
2008 4
2008 3
2008 4
2008 0
2008 0
2008 0
2008 0
2008 8
2008 11
2008 9
2008 9
2008 8
2008 8
2008 8
2008 8
2008 7
2008 7
2008 7
2008 8
2008 12
2008 18
2008 24
2008 21
2008 20
2008 20
2008 19
2008 20
2008 20
2008 20
2008 29
2008 29
2008 27
2008 27
2008 26
2008 26
2008 26
2008 26
2008 26
2008 26
2008 26
2008 26
2008 25
2008 26
2008 26
2008 26
2008 25
2008 25
2008 25
2008 25
2008 26
2008 26
2008 27
2008 26
2008 26
2008 26
2008 26
2008 28
2008 29
2008 29
2008 28
2008 29
2008 32
2008 35
2008 49
2008 48
2008 45
2008 44
2008 41
2008 43
2008 66
2008 101
2008 94
2008 90
2008 90
2008 105
2008 103
2008 98
2008 92
2008 87
2008 87
2008 84
2008 82
2008 81
2008 79
2008 66
2008 62
2008 61
2008 60
2008 60
2008 60
2008 69
2008 71
2008 81
2008 90
2008 87
2008 84
2008 81
2008 79
2008 78
2008 76
2008 74
2008 74
2008 73
2008 74
2008 73
2008 72
2008 70
2008 70
2008 70
2008 71
2008 69
2008 66
2008 62
2008 60
2008 59
2008 57
2008 56
2008 57
2008 58
2008 58
2008 52
2008 69
2008 71
2008 65
2008 65
2008 63
2008 63
2008 67
2008 81
2008 75
2008 67
2008 64
2008 60
2008 63
2008 67
2008 66
2008 64
2008 64
2008 66
2008 75
2008 92
2008 96
2008 95
2008 90
2008 89
2008 93
2008 88
2008 83
2008 81
2008 75
2008 72
2008 71
2008 71
2008 71
2008 73
2008 93
2008 91
2008 88
2008 81
2008 77
2008 77
2008 79
2008 77
2008 82
2008 80
2008 82
2008 82
2008 85
2008 78
2008 85
2008 98
2008 90
2008 83
2008 81
2008 76
2008 72
2008 71
2008 75
2008 72
2008 70
2008 65
2008 62
2008 59
2008 55
2008 47
2008 42
2008 36
2008 30
2008 27
2008 26
2008 20
2008 15
2008 4
2008 0
2008 0
2008 0
2008 0
2008 0
2008 0
2008 0
2008 0
2008 0
2008 0
2008 0
2008 0
2008 0
2008 0
2008 0
2008 0
2008 0
2008 0
2008 0
2008 0
2008 0
2008 0
2008 0
2008 0
2008 0
2008 0
2008 0
2008 0
2008 0
2008 0
2008 0
2008 0
2008 0
2008 0
2008 0
2008 0
2008 0
2008 0
2008 0
2008 0
2008 0
2008 0
2008 0
2008 0
2008 0
2008 0
2008 0
2008 0
2008 0
2008 0
2008 0
2008 0
2008 0
2008 0
2008 0
2008 0
2008 0
2008 0
2008 0
2008 0
2008 0
2008 0
2008 0
2008 0
2008 0
2008 0
2008 0
2008 0
2008 0
2008 0
2008 0
2008 0
2008 0
2008 0
2008 0
2008 0
2008 0
2008 0
2008 0
2008 0
2008 0
2008 0
2008 0
2008 0
2008 0
2008 0
2008 0
2008 0
2008 0
2008 0
2008 0
2008 0
2008 0
2008 0
2008 0
2008 0
2008 0
2008 0
2008 0
2008 0
2008 0
2008 0
2008 0
2008 0
2008 0
2008 0
2008 0
2008 0
2008 0
2009 0
2009 0
2009 0
2009 0
2009 0
2009 0
2009 0
2009 0
2009 0
2009 0
2009 0
2009 0
2009 0
2009 0
2009 0
2009 0
2009 0
2009 0
2009 0
2009 0
2009 0
2009 0
2009 0
2009 0
2009 0
2009 0
2009 0
2009 0
2009 0
2009 0
2009 0
2009 0
2009 1
2009 1
2009 0
2009 0
2009 0
2009 0
2009 0
2009 0
2009 0
2009 0
2009 0
2009 0
2009 0
2009 0
2009 0
2009 0
2009 0
2009 0
2009 0
2009 0
2009 0
2009 0
2009 0
2009 0
2009 0
2009 0
2009 0
2009 5
2009 24
2009 15
2009 8
2009 7
2009 3
2009 0
2009 0
2009 0
2009 0
2009 0
2009 0
2009 0
2009 4
2009 30
2009 39
2009 33
2009 32
2009 30
2009 28
2009 27
2009 26
2009 23
2009 16
2009 11
2009 15
2009 16
2009 15
2009 14
2009 28
2009 54
2009 80
2009 122
2009 120
2009 109
2009 102
2009 100
2009 96
2009 92
2009 88
2009 83
2009 98
2009 142
2009 162
2009 154
2009 152
2009 155
2009 154
2009 154
2009 147
2009 142
2009 136
2009 126
2009 122
2009 119
2009 114
2009 110
2009 110
2009 108
2009 107
2009 105
2009 103
2009 103
2009 108
2009 106
2009 104
2009 104
2009 102
2009 101
2009 101
2009 101
2009 98
2009 99
2009 97
2009 96
2009 96
2009 100
2009 107
2009 105
2009 102
2009 103
2009 105
2009 140
2009 176
2009 169
2009 164
2009 163
2009 158
2009 155
2009 157
2009 154
2009 150
2009 147
2009 144
2009 146
2009 159
2009 165
2009 160
2009 157
2009 176
2009 203
2009 212
2009 203
2009 199
2009 192
2009 186
2009 181
2009 178
2009 173
2009 172
2009 179
2009 177
2009 174
2009 173
2009 171
2009 169
2009 167
2009 165
2009 163
2009 161
2009 160
2009 158
2009 156
2009 156
2009 162
2009 173
2009 204
2009 211
2009 200
2009 192
2009 187
2009 182
2009 178
2009 174
2009 165
2009 161
2009 159
2009 154
2009 153
2009 151
2009 149
2009 149
2009 148
2009 145
2009 145
2009 144
2009 145
2009 145
2009 142
2009 146
2009 167
2009 191
2009 180
2009 169
2009 160
2009 157
2009 153
2009 148
2009 144
2009 141
2009 137
2009 134
2009 130
2009 126
2009 121
2009 117
2009 113
2009 110
2009 110
2009 121
2009 116
2009 115
2009 117
2009 113
2009 109
2009 106
2009 105
2009 103
2009 102
2009 107
2009 120
2009 119
2009 116
2009 111
2009 108
2009 103
2009 99
2009 98
2009 94
2009 86
2009 81
2009 75
2009 70
2009 64
2009 55
2009 47
2009 38
2009 33
2009 28
2009 21
2009 10
2009 1
2009 0
2009 0
2009 0
2009 0
2009 0
2009 0
2009 0
2009 0
2009 0
2009 0
2009 0
2009 0
2009 0
2009 0
2009 0
2009 0
2009 0
2009 0
2009 0
2009 0
2009 0
2009 0
2009 0
2009 0
2009 0
2009 0
2009 0
2009 0
2009 0
2009 0
2009 0
2009 0
2009 0
2009 0
2009 0
2009 0
2009 0
2009 0
2009 0
2009 0
2009 0
2009 0
2009 0
2009 0
2009 0
2009 0
2009 0
2009 0
2009 0
2009 0
2009 0
2009 0
2009 0
2009 0
2009 0
2009 0
2009 0
2009 0
2009 0
2009 0
2009 0
2009 0
2009 0
2009 0
2009 0
2009 0
2009 0
2009 0
2009 0
2009 0
2009 0
2009 0
2009 0
2009 0
2009 0
2009 0
2009 0
2009 0
2009 0
2009 0
2009 0
2009 0
2009 0
2009 0
2009 0
2009 0
2009 0
2009 0
2009 0
2009 0
2009 0
2009 0
2009 0
2009 0
2009 0
2009 0
2009 0
2009 0
2009 0
2009 0
2009 0
2009 0
2009 0
2009 0
2010 0
2010 0
2010 0
2010 0
2010 0
2010 0
2010 0
2010 0
2010 0
2010 0
2010 0
2010 0
2010 0
2010 2
2010 0
2010 0
2010 0
2010 0
2010 0
2010 0
2010 0
2010 0
2010 0
2010 0
2010 0
2010 0
2010 0
2010 0
2010 0
2010 0
2010 0
2010 0
2010 0
2010 0
2010 0
2010 0
2010 0
2010 0
2010 0
2010 0
2010 0
2010 0
2010 0
2010 0
2010 0
2010 0
2010 0
2010 0
2010 0
2010 0
2010 0
2010 0
2010 0
2010 0
2010 0
2010 0
2010 0
2010 0
2010 0
2010 0
2010 0
2010 0
2010 6
2010 42
2010 36
2010 33
2010 33
2010 30
2010 30
2010 37
2010 31
2010 29
2010 27
2010 25
2010 24
2010 22
2010 18
2010 16
2010 15
2010 14
2010 14
2010 14
2010 14
2010 15
2010 15
2010 13
2010 15
2010 14
2010 14
2010 17
2010 55
2010 94
2010 86
2010 79
2010 87
2010 89
2010 83
2010 80
2010 88
2010 90
2010 85
2010 81
2010 79
2010 77
2010 77
2010 75
2010 73
2010 74
2010 73
2010 75
2010 76
2010 77
2010 89
2010 108
2010 111
2010 106
2010 104
2010 99
2010 96
2010 96
2010 96
2010 99
2010 100
2010 106
2010 106
2010 104
2010 103
2010 104
2010 104
2010 118
2010 125
2010 127
2010 124
2010 121
2010 119
2010 117
2010 113
2010 112
2010 113
2010 112
2010 110
2010 107
2010 106
2010 104
2010 103
2010 102
2010 102
2010 102
2010 102
2010 104
2010 103
2010 107
2010 112
2010 111
2010 109
2010 108
2010 107
2010 110
2010 119
2010 116
2010 113
2010 112
2010 115
2010 129
2010 126
2010 122
2010 119
2010 119
2010 118
2010 117
2010 117
2010 128
2010 146
2010 144
2010 141
2010 137
2010 136
2010 135
2010 142
2010 143
2010 141
2010 138
2010 137
2010 135
2010 135
2010 133
2010 131
2010 130
2010 129
2010 128
2010 136
2010 140
2010 139
2010 136
2010 133
2010 127
2010 122
2010 120
2010 118
2010 116
2010 115
2010 114
2010 111
2010 107
2010 100
2010 98
2010 100
2010 104
2010 101
2010 99
2010 102
2010 116
2010 119
2010 124
2010 119
2010 120
2010 117
2010 112
2010 106
2010 100
2010 95
2010 92
2010 91
2010 91
2010 89
2010 90
2010 89
2010 86
2010 83
2010 88
2010 84
2010 79
2010 75
2010 72
2010 70
2010 66
2010 60
2010 52
2010 47
2010 40
2010 33
2010 24
2010 15
2010 11
2010 4
2010 0
2010 1
2010 9
2010 5
2010 3
2010 1
2010 0
2010 0
2010 0
2010 0
2010 0
2010 0
2010 0
2010 0
2010 0
2010 0
2010 0
2010 0
2010 0
2010 0
2010 0
2010 0
2010 0
2010 0
2010 0
2010 0
2010 0
2010 0
2010 0
2010 0
2010 0
2010 0
2010 0
2010 0
2010 0
2010 0
2010 0
2010 0
2010 0
2010 0
2010 0
2010 0
2010 0
2010 0
2010 0
2010 0
2010 0
2010 1
2010 0
2010 0
2010 0
2010 0
2010 0
2010 0
2010 0
2010 0
2010 0
2010 0
2010 0
2010 0
2010 0
2010 0
2010 0
2010 0
2010 0
2010 0
2010 0
2010 0
2010 0
2010 0
2010 0
2010 0
2010 0
2010 0
2010 0
2010 0
2010 0
2010 0
2010 0
2010 0
2010 0
2010 0
2010 0
2010 0
2010 0
2010 0
2010 0
2010 0
2010 0
2010 0
2010 0
2010 0
2010 0
2010 0
2010 0
2010 0
2010 0
2010 0
2010 0
2010 0
2010 0
2010 0
2010 0
2010 0
2010 0
2010 0
2010 0
2010 0
2010 0
2010 0
2010 0
2010 0
2010 0
2010 0
2010 0
2010 0
2010 0
2010 0
2010 0
2010 0
2011 0
2011 0
2011 0
2011 0
2011 0
2011 0
2011 0
2011 0
2011 0
2011 0
2011 0
2011 0
2011 0
2011 0
2011 0
2011 0
2011 0
2011 0
2011 0
2011 0
2011 0
2011 0
2011 0
2011 0
2011 4
2011 2
2011 0
2011 0
2011 0
2011 0
2011 0
2011 0
2011 0
2011 0
2011 0
2011 0
2011 0
2011 0
2011 0
2011 0
2011 0
2011 0
2011 0
2011 0
2011 0
2011 2
2011 14
2011 8
2011 2
2011 0
2011 0
2011 0
2011 0
2011 2
2011 44
2011 57
2011 49
2011 44
2011 40
2011 37
2011 35
2011 27
2011 25
2011 22
2011 21
2011 20
2011 19
2011 21
2011 26
2011 33
2011 34
2011 31
2011 27
2011 23
2011 22
2011 21
2011 25
2011 35
2011 34
2011 43
2011 42
2011 44
2011 69
2011 64
2011 62
2011 59
2011 63
2011 68
2011 74
2011 82
2011 81
2011 95
2011 106
2011 102
2011 100
2011 96
2011 101
2011 98
2011 86
2011 82
2011 81
2011 80
2011 78
2011 78
2011 77
2011 77
2011 76
2011 76
2011 78
2011 78
2011 81
2011 80
2011 86
2011 99
2011 132
2011 136
2011 135
2011 131
2011 127
2011 125
2011 123
2011 120
2011 118
2011 118
2011 117
2011 115
2011 115
2011 115
2011 115
2011 116
2011 115
2011 119
2011 128
2011 127
2011 120
2011 111
2011 109
2011 107
2011 105
2011 105
2011 110
2011 114
2011 112
2011 110
2011 109
2011 109
2011 108
2011 107
2011 106
2011 106
2011 106
2011 106
2011 106
2011 105
2011 106
2011 107
2011 107
2011 106
2011 104
2011 103
2011 99
2011 98
2011 98
2011 100
2011 99
2011 100
2011 98
2011 100
2011 110
2011 126
2011 124
2011 121
2011 121
2011 121
2011 127
2011 125
2011 123
2011 121
2011 118
2011 121
2011 132
2011 128
2011 125
2011 129
2011 126
2011 123
2011 122
2011 120
2011 120
2011 119
2011 118
2011 116
2011 116
2011 119
2011 121
2011 118
2011 129
2011 149
2011 144
2011 139
2011 136
2011 135
2011 134
2011 131
2011 126
2011 121
2011 119
2011 118
2011 119
2011 115
2011 112
2011 109
2011 106
2011 100
2011 96
2011 92
2011 89
2011 84
2011 72
2011 63
2011 54
2011 48
2011 43
2011 41
2011 39
2011 40
2011 37
2011 36
2011 32
2011 29
2011 25
2011 21
2011 16
2011 9
2011 2
2011 0
2011 0
2011 0
2011 0
2011 0
2011 0
2011 0
2011 0
2011 0
2011 0
2011 0
2011 0
2011 0
2011 0
2011 0
2011 0
2011 0
2011 0
2011 0
2011 0
2011 0
2011 13
2011 8
2011 0
2011 0
2011 0
2011 0
2011 0
2011 0
2011 0
2011 NA
2011 NA
2011 NA
2011 NA
2011 NA
2011 NA
2011 NA
2011 NA
2011 NA
2011 NA
2011 NA
2011 NA
2011 NA
2011 NA
2011 NA
2011 NA
2011 NA
2011 NA
2011 NA
2011 NA
2011 NA
2011 NA
2011 NA
2011 NA
2011 NA
2011 NA
2011 NA
2011 NA
2011 NA
2011 NA
2011 NA
2011 NA
2011 NA
2011 NA
2011 NA
2011 NA
2011 NA
2011 NA
2011 NA
2011 NA
2011 NA
2011 NA
2011 NA
2011 NA
2011 NA
2011 NA
2011 NA
2011 NA
2011 NA
2011 NA
2011 NA
2011 NA
2011 NA
2011 NA
2011 NA
2011 NA
2011 NA
2011 NA
2011 NA
2011 NA
2011 NA
2011 NA
2011 NA
2011 NA
2011 NA
2011 NA
2011 NA
2011 NA
2011 NA
2011 NA
2011 NA
2011 NA
2011 NA
2011 NA
2011 NA
2011 NA
2011 NA
2011 NA
2011 NA
2011 NA
2011 NA
2011 NA
2011 NA
2011 NA
2011 NA
2011 NA
2011 NA
2011 NA
2011 NA
2011 NA
2011 NA
2011 NA
2011 NA
2011 NA
2011 NA
2011 NA
2011 NA
2011 NA
2011 NA
2011 NA
2012 NA
2012 NA
2012 NA
2012 NA
2012 NA
2012 NA
2012 NA
2012 NA
2012 NA
2012 NA
2012 NA
2012 NA
2012 NA
2012 NA
2012 NA
2012 NA
2012 NA
2012 NA
2012 NA
2012 NA
2012 NA
2012 NA
2012 NA
2012 NA
2012 NA
2012 NA
2012 NA
2012 NA
2012 NA
2012 NA
2012 NA
2012 NA
2012 NA
2012 NA
2012 NA
2012 NA
2012 NA
2012 NA
2012 NA
2012 NA
2012 NA
2012 NA
2012 NA
2012 NA
2012 NA
2012 NA
2012 NA
2012 NA
2012 NA
2012 NA
2012 NA
2012 NA
2012 NA
2012 NA
2012 NA
2012 NA
2012 NA
2012 NA
2012 NA
2012 NA
2012 NA
2012 NA
2012 NA
2012 NA
2012 NA
2012 0
2012 0
2012 1
2012 2
2012 0
2012 0
2012 0
2012 0
2012 0
2012 0
2012 0
2012 0
2012 0
2012 0
2012 0
2012 0
2012 0
2012 0
2012 0
2012 0
2012 0
2012 0
2012 0
2012 0
2012 0
2012 0
2012 0
2012 0
2012 4
2012 5
2012 0
2012 0
2012 0
2012 0
2012 0
2012 0
2012 0
2012 4
2012 14
2012 14
2012 14
2012 17
2012 30
2012 26
2012 26
2012 23
2012 22
2012 22
2012 21
2012 21
2012 22
2012 19
2012 18
2012 18
2012 20
2012 21
2012 22
2012 21
2012 22
2012 44
2012 41
2012 38
2012 36
2012 30
2012 24
2012 23
2012 24
2012 22
2012 21
2012 17
2012 16
2012 17
2012 15
2012 14
2012 16
2012 16
2012 17
2012 20
2012 16
2012 13
2012 15
2012 17
2012 15
2012 16
2012 16
2012 17
2012 17
2012 18
2012 18
2012 23
2012 23
2012 23
2012 24
2012 25
2012 28
2012 27
2012 26
2012 26
2012 27
2012 35
2012 37
2012 35
2012 24
2012 16
2012 17
2012 16
2012 18
2012 30
2012 30
2012 28
2012 27
2012 25
2012 21
2012 18
2012 18
2012 18
2012 15
2012 9
2012 3
2012 0
2012 3
2012 20
2012 29
2012 21
2012 19
2012 16
2012 16
2012 14
2012 11
2012 7
2012 0
2012 0
2012 0
2012 0
2012 0
2012 8
2012 7
2012 2
2012 0
2012 0
2012 0
2012 0
2012 0
2012 0
2012 0
2012 0
2012 0
2012 0
2012 0
2012 0
2012 0
2012 0
2012 0
2012 0
2012 1
2012 0
2012 0
2012 0
2012 9
2012 18
2012 8
2012 9
2012 11
2012 14
2012 8
2012 10
2012 14
2012 17
2012 14
2012 18
2012 23
2012 38
2012 39
2012 27
2012 17
2012 9
2012 2
2012 0
2012 0
2012 0
2012 0
2012 0
2012 0
2012 0
2012 0
2012 0
2012 0
2012 0
2012 0
2012 0
2012 0
2012 0
2012 0
2012 14
2012 5
2012 0
2012 0
2012 0
2012 0
2012 0
2012 0
2012 0
2012 0
2012 0
2012 0
2012 0
2012 0
2012 0
2012 0
2012 0
2012 0
2012 0
2012 0
2012 0
2012 0
2012 0
2012 0
2012 0
2012 0
2012 0
2012 0
2012 0
2012 0
2012 0
2012 0
2012 0
2012 0
2012 0
2012 0
2012 0
2012 0
2012 0
2012 0
2012 0
2012 0
2012 0
2012 0
2012 0
2012 0
2012 0
2012 0
2012 0
2012 0
2012 0
2012 0
2012 0
2012 0
2012 0
2012 0
2012 0
2012 0
2012 0
2012 0
2012 0
2012 0
2012 0
2012 0
2012 0
2012 0
2012 0
2012 0
2012 0
2012 0
2012 0
2012 0
2012 0
2012 0
2012 0
2012 0
2012 0
2012 0
2012 0
2012 0
2012 0
2012 0
2012 0
2012 0
2012 0
2012 0
2012 0
2012 0
2012 0
2012 0
2012 0
2012 0
2012 0
2012 0
2012 0
2012 0
2012 0
2012 0
2012 0
2012 0
2012 0
2012 0
2012 0
2012 0
2012 0
2012 0
2012 0
2012 0
2013 0
2013 0
2013 0
2013 0
2013 0
2013 0
2013 0
2013 0
2013 0
2013 0
2013 0
2013 0
2013 0
2013 0
2013 0
2013 0
2013 0
2013 0
2013 0
2013 0
2013 0
2013 0
2013 0
2013 0
2013 0
2013 0
2013 0
2013 0
2013 0
2013 0
2013 0
2013 0
2013 0
2013 0
2013 0
2013 0
2013 0
2013 0
2013 0
2013 0
2013 0
2013 0
2013 0
2013 0
2013 2
2013 20
2013 12
2013 3
2013 0
2013 0
2013 0
2013 0
2013 0
2013 0
2013 0
2013 0
2013 0
2013 14
2013 17
2013 12
2013 12
2013 33
2013 29
2013 25
2013 19
2013 9
2013 7
2013 6
2013 6
2013 6
2013 9
2013 21
2013 18
2013 18
2013 16
2013 16
2013 15
2013 15
2013 16
2013 18
2013 18
2013 16
2013 20
2013 23
2013 23
2013 23
2013 22
2013 20
2013 48
2013 79
2013 75
2013 73
2013 76
2013 75
2013 71
2013 69
2013 67
2013 67
2013 67
2013 63
2013 63
2013 62
2013 60
2013 59
2013 65
2013 76
2013 78
2013 77
2013 75
2013 72
2013 72
2013 73
2013 73
2013 70
2013 67
2013 67
2013 72
2013 76
2013 70
2013 68
2013 68
2013 66
2013 66
2013 69
2013 71
2013 69
2013 67
2013 65
2013 64
2013 63
2013 62
2013 62
2013 61
2013 59
2013 61
2013 77
2013 91
2013 100
2013 100
2013 95
2013 92
2013 99
2013 114
2013 126
2013 122
2013 117
2013 112
2013 108
2013 106
2013 107
2013 105
2013 103
2013 100
2013 99
2013 109
2013 106
2013 100
2013 94
2013 99
2013 100
2013 99
2013 98
2013 98
2013 100
2013 118
2013 116
2013 112
2013 111
2013 108
2013 110
2013 108
2013 107
2013 106
2013 115
2013 114
2013 115
2013 143
2013 148
2013 140
2013 139
2013 131
2013 126
2013 124
2013 120
2013 115
2013 116
2013 115
2013 117
2013 110
2013 110
2013 115
2013 113
2013 115
2013 115
2013 137
2013 124
2013 123
2013 122
2013 153
2013 178
2013 169
2013 166
2013 158
2013 154
2013 153
2013 NA
2013 NA
2013 164
2013 161
2013 167
2013 166
2013 186
2013 181
2013 176
2013 171
2013 168
2013 168
2013 169
2013 165
2013 165
2013 165
2013 162
2013 159
2013 156
2013 153
2013 146
2013 141
2013 135
2013 128
2013 122
2013 116
2013 119
2013 116
2013 113
2013 110
2013 106
2013 100
2013 94
2013 92
2013 89
2013 83
2013 78
2013 73
2013 66
2013 60
2013 54
2013 50
2013 46
2013 39
2013 36
2013 29
2013 23
2013 20
2013 12
2013 0
2013 0
2013 0
2013 0
2013 0
2013 0
2013 0
2013 0
2013 0
2013 0
2013 2
2013 24
2013 18
2013 9
2013 3
2013 0
2013 0
2013 0
2013 0
2013 0
2013 0
2013 0
2013 0
2013 0
2013 0
2013 0
2013 0
2013 0
2013 0
2013 0
2013 0
2013 0
2013 0
2013 0
2013 0
2013 0
2013 0
2013 0
2013 0
2013 0
2013 0
2013 0
2013 0
2013 0
2013 0
2013 1
2013 4
2013 0
2013 0
2013 0
2013 0
2013 0
2013 0
2013 0
2013 0
2013 0
2013 0
2013 0
2013 0
2013 0
2013 0
2013 0
2013 0
2013 0
2013 0
2013 0
2013 0
2013 0
2013 0
2013 0
2013 0
2013 0
2013 0
2013 0
2013 0
2013 0
2013 0
2013 0
2013 0
2013 0
2013 0
2013 0
2013 0
2013 0
2013 0
2013 0
2013 0
2013 0
2013 0
2013 0
2013 0
2013 0
2013 0
2013 0
2013 0
2013 0
2013 0
2013 0
2013 0
2013 0
2013 0
2013 0
2013 0
2013 0
2013 0
2013 0
2013 0
2013 0
2013 0
2013 0
2013 0
2014 0
2014 0
2014 0
2014 0
2014 0
2014 0
2014 0
2014 0
2014 0
2014 0
2014 0
2014 0
2014 0
2014 0
2014 0
2014 0
2014 0
2014 0
2014 0
2014 0
2014 0
2014 0
2014 0
2014 0
2014 0
2014 0
2014 0
2014 0
2014 0
2014 0
2014 0
2014 0
2014 0
2014 0
2014 0
2014 0
2014 0
2014 0
2014 0
2014 0
2014 0
2014 11
2014 6
2014 1
2014 0
2014 0
2014 0
2014 0
2014 0
2014 0
2014 0
2014 0
2014 0
2014 0
2014 0
2014 0
2014 0
2014 0
2014 0
2014 0
2014 0
2014 0
2014 0
2014 0
2014 0
2014 0
2014 0
2014 0
2014 0
2014 0
2014 4
2014 0
2014 0
2014 0
2014 2
2014 28
2014 30
2014 27
2014 26
2014 32
2014 39
2014 47
2014 78
2014 82
2014 89
2014 84
2014 77
2014 72
2014 67
2014 64
2014 62
2014 58
2014 55
2014 55
2014 53
2014 52
2014 45
2014 31
2014 31
2014 31
2014 30
2014 30
2014 29
2014 28
2014 30
2014 34
2014 33
2014 32
2014 31
2014 33
2014 31
2014 33
2014 33
2014 32
2014 33
2014 43
2014 121
2014 126
2014 114
2014 109
2014 107
2014 100
2014 97
2014 96
2014 96
2014 108
2014 141
2014 142
2014 134
2014 127
2014 125
2014 122
2014 119
2014 115
2014 113
2014 130
2014 135
2014 131
2014 144
2014 155
2014 176
2014 177
2014 168
2014 161
2014 158
2014 159
2014 155
2014 148
2014 150
2014 165
2014 159
2014 169
2014 238
2014 251
2014 255
2014 254
2014 258
2014 260
2014 250
2014 244
2014 246
2014 253
2014 253
2014 260
2014 253
2014 249
2014 251
2014 245
2014 241
2014 257
2014 251
2014 253
2014 255
2014 247
2014 267
2014 263
2014 255
2014 251
2014 247
2014 243
2014 240
2014 243
2014 259
2014 252
2014 249
2014 243
2014 239
2014 235
2014 229
2014 225
2014 218
2014 215
2014 210
2014 207
2014 202
2014 201
2014 196
2014 189
2014 183
2014 180
2014 175
2014 171
2014 169
2014 199
2014 226
2014 213
2014 208
2014 200
2014 194
2014 189
2014 185
2014 180
2014 178
2014 173
2014 171
2014 168
2014 164
2014 160
2014 156
2014 151
2014 150
2014 145
2014 140
2014 134
2014 131
2014 127
2014 126
2014 124
2014 122
2014 120
2014 142
2014 140
2014 139
2014 131
2014 124
2014 117
2014 110
2014 106
2014 102
2014 100
2014 97
2014 97
2014 92
2014 89
2014 85
2014 79
2014 75
2014 70
2014 67
2014 63
2014 58
2014 51
2014 47
2014 46
2014 44
2014 39
2014 37
2014 33
2014 29
2014 26
2014 22
2014 18
2014 9
2014 1
2014 0
2014 0
2014 0
2014 0
2014 0
2014 0
2014 0
2014 0
2014 0
2014 0
2014 0
2014 0
2014 0
2014 0
2014 0
2014 0
2014 0
2014 0
2014 0
2014 0
2014 0
2014 0
2014 0
2014 0
2014 0
2014 0
2014 0
2014 0
2014 0
2014 0
2014 0
2014 0
2014 0
2014 0
2014 0
2014 0
2014 0
2014 0
2014 0
2014 0
2014 0
2014 0
2014 0
2014 0
2014 0
2014 0
2014 0
2014 0
2014 0
2014 0
2014 0
2014 0
2014 0
2014 0
2014 0
2014 0
2014 0
2014 0
2014 0
2014 0
2014 0
2014 0
2014 0
2014 0
2014 0
2014 0
2014 0
2014 0
2014 0
2014 0
2014 0
2014 0
2014 0
2014 0
2014 0
2014 0
2014 0
2014 0
2014 0
2014 0
2014 0
2014 0
2014 0
2014 0
2014 0
2014 0
2014 0
2014 0
2014 0
2014 0
2014 0
2014 0
2014 0
2014 0
2014 0
2014 0
2014 0
2014 0
2014 0
2014 0
2014 0
2015 0
2015 0
2015 0
2015 0
2015 0
2015 0
2015 0
2015 0
2015 0
2015 0
2015 0
2015 0
2015 0
2015 0
2015 0
2015 0
2015 0
2015 0
2015 0
2015 0
2015 0
2015 0
2015 0
2015 0
2015 0
2015 0
2015 0
2015 0
2015 0
2015 0
2015 0
2015 0
2015 0
2015 0
2015 0
2015 0
2015 0
2015 0
2015 0
2015 0
2015 0
2015 0
2015 0
2015 0
2015 0
2015 0
2015 0
2015 0
2015 0
2015 0
2015 0
2015 1
2015 16
2015 11
2015 9
2015 6
2015 0
2015 0
2015 0
2015 0
2015 0
2015 0
2015 0
2015 0
2015 0
2015 0
2015 0
2015 0
2015 0
2015 0
2015 0
2015 0
2015 0
2015 0
2015 0
2015 1
2015 9
2015 9
2015 31
2015 28
2015 23
2015 21
2015 19
2015 16
2015 14
2015 12
2015 11
2015 9
2015 7
2015 4
2015 3
2015 7
2015 9
2015 9
2015 20
2015 19
2015 21
2015 23
2015 21
2015 21
2015 20
2015 19
2015 19
2015 20
2015 21
2015 21
2015 22
2015 23
2015 23
2015 21
2015 20
2015 18
2015 16
2015 15
2015 14
2015 16
2015 15
2015 17
2015 20
2015 19
2015 19
2015 16
2015 15
2015 17
2015 18
2015 17
2015 17
2015 16
2015 16
2015 16
2015 17
2015 4
2015 0
2015 0
2015 0
2015 2
2015 3
2015 7
2015 50
2015 51
2015 46
2015 43
2015 42
2015 44
2015 41
2015 39
2015 39
2015 37
2015 37
2015 37
2015 36
2015 50
2015 51
2015 48
2015 47
2015 46
2015 45
2015 52
2015 71
2015 78
2015 71
2015 57
2015 54
2015 52
2015 51
2015 51
2015 51
2015 53
2015 54
2015 53
2015 52
2015 52
2015 51
2015 53
2015 63
2015 63
2015 72
2015 80
2015 76
2015 76
2015 74
2015 73
2015 72
2015 71
2015 71
2015 67
2015 64
2015 63
2015 62
2015 62
2015 61
2015 59
2015 57
2015 57
2015 56
2015 58
2015 66
2015 72
2015 65
2015 59
2015 56
2015 53
2015 59
2015 57
2015 55
2015 59
2015 88
2015 88
2015 79
2015 75
2015 74
2015 67
2015 62
2015 62
2015 60
2015 64
2015 67
2015 65
2015 64
2015 61
2015 56
2015 52
2015 49
2015 45
2015 41
2015 35
2015 30
2015 27
2015 24
2015 19
2015 14
2015 9
2015 4
2015 0
2015 0
2015 0
2015 0
2015 0
2015 0
2015 0
2015 0
2015 0
2015 0
2015 0
2015 0
2015 0
2015 0
2015 0
2015 0
2015 0
2015 0
2015 0
2015 0
2015 0
2015 0
2015 0
2015 0
2015 0
2015 0
2015 0
2015 0
2015 0
2015 0
2015 0
2015 0
2015 0
2015 0
2015 0
2015 0
2015 0
2015 0
2015 0
2015 0
2015 0
2015 0
2015 0
2015 0
2015 0
2015 0
2015 0
2015 0
2015 0
2015 0
2015 0
2015 0
2015 0
2015 0
2015 0
2015 0
2015 0
2015 0
2015 0
2015 0
2015 0
2015 0
2015 0
2015 0
2015 0
2015 0
2015 0
2015 0
2015 0
2015 0
2015 0
2015 0
2015 0
2015 0
2015 0
2015 0
2015 0
2015 0
2015 0
2015 0
2015 0
2015 0
2015 0
2015 0
2015 0
2015 0
2015 0
2015 0
2015 0
2015 0
2015 0
2015 0
2015 0
2015 0
2015 0
2015 0
2015 0
2015 0
2015 0
2015 0
2015 0
2015 0
2015 0
2015 0
2015 0
2015 0
2015 0
2015 0
2015 0
2015 0
2015 0
2015 0
2015 0
2015 0
2015 0
2015 0
2015 0
2015 0
2015 0
2015 0
2015 0
2015 0
2015 0
2015 0
2015 0
2015 0
2015 0
2015 0
2015 0
2015 0
2015 0
2015 0
2016 0
2016 0
2016 0
2016 0
2016 0
2016 0
2016 0
2016 0
2016 0
2016 0
2016 0
2016 0
2016 0
2016 0
2016 0
2016 0
2016 0
2016 0
2016 0
2016 0
2016 0
2016 0
2016 2
2016 0
2016 0
2016 0
2016 0
2016 0
2016 0
2016 0
2016 0
2016 0
2016 0
2016 0
2016 0
2016 0
2016 0
2016 0
2016 0
2016 0
2016 0
2016 0
2016 0
2016 0
2016 0
2016 9
2016 6
2016 0
2016 0
2016 0
2016 0
2016 0
2016 0
2016 0
2016 0
2016 0
2016 0
2016 0
2016 0
2016 0
2016 0
2016 0
2016 0
2016 0
2016 0
2016 0
2016 0
2016 0
2016 0
2016 0
2016 0
2016 0
2016 0
2016 0
2016 0
2016 0
2016 0
2016 0
2016 0
2016 0
2016 0
2016 0
2016 0
2016 0
2016 0
2016 2
2016 5
2016 5
2016 4
2016 5
2016 4
2016 0
2016 0
2016 0
2016 0
2016 0
2016 0
2016 0
2016 0
2016 0
2016 0
2016 0
2016 0
2016 0
2016 0
2016 0
2016 0
2016 0
2016 0
2016 0
2016 0
2016 0
2016 0
2016 0
2016 0
2016 0
2016 0
2016 0
2016 0
2016 0
2016 0
2016 0
2016 0
2016 0
2016 6
2016 8
2016 6
2016 6
2016 4
2016 6
2016 8
2016 18
2016 28
2016 40
2016 37
2016 34
2016 33
2016 32
2016 31
2016 30
2016 30
2016 29
2016 29
2016 28
2016 30
2016 28
2016 27
2016 26
2016 27
2016 27
2016 27
2016 26
2016 27
2016 21
2016 15
2016 16
2016 21
2016 17
2016 15
2016 19
2016 31
2016 33
2016 59
2016 54
2016 52
2016 53
2016 54
2016 56
2016 58
2016 68
2016 67
2016 63
2016 61
2016 50
2016 38
2016 37
2016 38
2016 39
2016 40
2016 40
2016 58
2016 76
2016 78
2016 74
2016 100
2016 95
2016 111
2016 143
2016 145
2016 162
2016 149
2016 138
2016 130
2016 123
2016 118
2016 115
2016 112
2016 119
2016 113
2016 107
2016 103
2016 101
2016 99
2016 95
2016 94
2016 91
2016 93
2016 93
2016 88
2016 89
2016 88
2016 86
2016 81
2016 76
2016 70
2016 66
2016 63
2016 58
2016 54
2016 53
2016 53
2016 68
2016 61
2016 56
2016 49
2016 43
2016 41
2016 37
2016 36
2016 34
2016 30
2016 40
2016 29
2016 24
2016 17
2016 17
2016 17
2016 15
2016 17
2016 29
2016 26
2016 21
2016 16
2016 24
2016 28
2016 19
2016 8
2016 0
2016 0
2016 0
2016 0
2016 0
2016 0
2016 0
2016 0
2016 0
2016 0
2016 0
2016 0
2016 0
2016 0
2016 0
2016 0
2016 0
2016 0
2016 0
2016 0
2016 0
2016 0
2016 0
2016 0
2016 0
2016 0
2016 0
2016 0
2016 0
2016 0
2016 0
2016 0
2016 0
2016 0
2016 0
2016 0
2016 0
2016 0
2016 0
2016 0
2016 0
2016 0
2016 0
2016 0
2016 0
2016 0
2016 0
2016 0
2016 0
2016 0
2016 0
2016 0
2016 0
2016 0
2016 0
2016 0
2016 0
2016 0
2016 0
2016 0
2016 0
2016 0
2016 0
2016 0
2016 0
2016 0
2016 0
2016 0
2016 0
2016 0
2016 0
2016 0
2016 0
2016 0
2016 0
2016 0
2016 0
2016 0
2016 0
2016 0
2016 0
2016 0
2016 0
2016 0
2016 0
2016 0
2016 0
2016 0
2016 0
2016 0
2016 0
2016 0
2016 0
2016 0
2016 0
2016 0
2016 0
2016 0
2016 0
2016 0
2016 0
2016 0
2016 0
2016 0
2016 0
2016 0
2016 0
2016 0
2016 0
2016 0
2016 0
2016 0
2016 0
2016 0
2016 0
2016 0
2016 0
2016 0
2016 0
2017 0
2017 0
2017 0
2017 0
2017 0
2017 0
2017 0
2017 0
2017 0
2017 0
2017 0
2017 0
2017 0
2017 0
2017 0
2017 0
2017 0
2017 0
2017 0
2017 0
2017 0
2017 0
2017 0
2017 0
2017 0
2017 0
2017 0
2017 0
2017 0
2017 0
2017 0
2017 0
2017 0
2017 0
2017 0
2017 0
2017 0
2017 0
2017 0
2017 0
2017 0
2017 0
2017 0
2017 0
2017 0
2017 0
2017 0
2017 0
2017 0
2017 0
2017 0
2017 0
2017 0
2017 0
2017 0
2017 0
2017 0
2017 0
2017 0
2017 0
2017 0
2017 0
2017 0
2017 0
2017 0
2017 2
2017 1
2017 2
2017 4
2017 6
2017 7
2017 9
2017 9
2017 8
2017 7
2017 7
2017 3
2017 0
2017 1
2017 2
2017 0
2017 0
2017 0
2017 0
2017 0
2017 0
2017 0
2017 0
2017 0
2017 0
2017 0
2017 0
2017 0
2017 0
2017 0
2017 0
2017 0
2017 0
2017 0
2017 0
2017 0
2017 0
2017 0
2017 0
2017 0
2017 0
2017 0
2017 0
2017 0
2017 0
2017 0
2017 0
2017 0
2017 0
2017 0
2017 0
2017 0
2017 0
2017 0
2017 0
2017 0
2017 0
2017 0
2017 0
2017 0
2017 0
2017 0
2017 0
2017 0
2017 0
2017 0
2017 0
2017 0
2017 0
2017 11
2017 17
2017 15
2017 14
2017 14
2017 14
2017 13
2017 13
2017 13
2017 12
2017 13
2017 13
2017 13
2017 13
2017 13
2017 13
2017 13
2017 14
2017 15
2017 15
2017 16
2017 20
2017 25
2017 31
2017 51
2017 53
2017 49
2017 46
2017 46
2017 55
2017 50
2017 49
2017 49
2017 45
2017 44
2017 44
2017 43
2017 41
2017 41
2017 37
2017 33
2017 30
2017 32
2017 34
2017 33
2017 33
2017 43
2017 71
2017 66
2017 63
2017 67
2017 76
2017 73
2017 71
2017 68
2017 66
2017 62
2017 59
2017 59
2017 57
2017 55
2017 53
2017 48
2017 45
2017 42
2017 34
2017 28
2017 25
2017 26
2017 25
2017 22
2017 18
2017 14
2017 9
2017 3
2017 0
2017 0
2017 0
2017 0
2017 0
2017 0
2017 1
2017 11
2017 3
2017 0
2017 0
2017 0
2017 0
2017 0
2017 0
2017 0
2017 0
2017 0
2017 0
2017 0
2017 2
2017 0
2017 0
2017 0
2017 0
2017 0
2017 0
2017 0
2017 8
2017 12
2017 16
2017 15
2017 8
2017 11
2017 17
2017 13
2017 13
2017 9
2017 5
2017 2
2017 0
2017 0
2017 0
2017 0
2017 0
2017 0
2017 0
2017 0
2017 0
2017 0
2017 0
2017 0
2017 0
2017 0
2017 0
2017 0
2017 0
2017 0
2017 0
2017 0
2017 0
2017 0
2017 0
2017 0
2017 0
2017 0
2017 0
2017 0
2017 0
2017 0
2017 0
2017 0
2017 0
2017 0
2017 0
2017 0
2017 0
2017 0
2017 0
2017 0
2017 0
2017 0
2017 0
2017 0
2017 0
2017 0
2017 0
2017 0
2017 0
2017 0
2017 0
2017 0
2017 0
2017 0
2017 0
2017 0
2017 0
2017 0
2017 0
2017 0
2017 0
2017 0
2017 0
2017 0
2017 0
2017 0
2017 0
2017 0
2017 0
2017 0
2017 0
2017 0
2017 0
2017 0
2017 0
2017 0
2017 0
2017 0
2017 0
2017 0
2017 0
2017 0
2017 0
2017 0
2017 0
2017 0
2017 0
2017 0
2017 0
2017 0
2017 0
2017 0
2017 0
2017 0
2017 0
2017 0
2017 0
2017 0
2017 0
2017 0
2017 0
2017 0
2017 0
2017 0
2017 0
2017 0
2017 0
2017 0
2017 0
2017 0
2017 0
2017 0
2017 0
2017 0
2017 0
2017 0
2018 0
2018 1
2018 1
2018 0
2018 0
2018 0
2018 0
2018 0
2018 0
2018 0
2018 0
2018 0
2018 0
2018 0
2018 0
2018 0
2018 0
2018 0
2018 3
2018 1
2018 0
2018 0
2018 0
2018 0
2018 0
2018 0
2018 0
2018 0
2018 0
2018 0
2018 0
2018 0
2018 0
2018 0
2018 0
2018 0
2018 0
2018 0
2018 0
2018 0
2018 0
2018 0
2018 0
2018 0
2018 0
2018 0
2018 0
2018 0
2018 0
2018 0
2018 0
2018 1
2018 1
2018 0
2018 0
2018 0
2018 0
2018 0
2018 0
2018 0
2018 0
2018 0
2018 0
2018 0
2018 0
2018 4
2018 43
2018 44
2018 40
2018 37
2018 33
2018 31
2018 30
2018 57
2018 50
2018 46
2018 43
2018 40
2018 40
2018 38
2018 35
2018 34
2018 30
2018 31
2018 30
2018 30
2018 34
2018 31
2018 31
2018 36
2018 49
2018 47
2018 43
2018 42
2018 42
2018 38
2018 36
2018 36
2018 38
2018 41
2018 40
2018 58
2018 82
2018 77
2018 75
2018 74
2018 74
2018 74
2018 71
2018 70
2018 68
2018 70
2018 69
2018 64
2018 61
2018 61
2018 62
2018 85
2018 117
2018 111
2018 107
2018 103
2018 108
2018 111
2018 109
2018 111
2018 108
2018 105
2018 102
2018 102
2018 125
2018 131
2018 123
2018 119
2018 117
2018 116
2018 112
2018 111
2018 111
2018 109
2018 107
2018 105
2018 108
2018 102
2018 100
2018 99
2018 98
2018 98
2018 97
2018 95
2018 95
2018 94
2018 94
2018 103
2018 118
2018 118
2018 116
2018 113
2018 111
2018 112
2018 111
2018 113
2018 120
2018 116
2018 121
2018 121
2018 117
2018 116
2018 114
2018 112
2018 119
2018 117
2018 117
2018 119
2018 119
2018 119
2018 115
2018 111
2018 110
2018 113
2018 112
2018 113
2018 114
2018 118
2018 117
2018 117
2018 124
2018 128
2018 132
2018 128
2018 126
2018 128
2018 138
2018 133
2018 133
2018 133
2018 134
2018 132
2018 140
2018 145
2018 144
2018 140
2018 137
2018 137
2018 134
2018 130
2018 127
2018 128
2018 128
2018 127
2018 141
2018 168
2018 178
2018 166
2018 159
2018 159
2018 153
2018 146
2018 142
2018 136
2018 131
2018 130
2018 129
2018 150
2018 153
2018 144
2018 137
2018 132
2018 127
2018 118
2018 111
2018 104
2018 96
2018 90
2018 84
2018 79
2018 71
2018 61
2018 55
2018 52
2018 46
2018 35
2018 29
2018 29
2018 25
2018 16
2018 8
2018 2
2018 0
2018 0
2018 0
2018 0
2018 0
2018 0
2018 0
2018 0
2018 3
2018 1
2018 0
2018 0
2018 0
2018 0
2018 0
2018 0
2018 0
2018 0
2018 0
2018 0
2018 0
2018 0
2018 0
2018 0
2018 0
2018 0
2018 0
2018 0
2018 0
2018 0
2018 0
2018 0
2018 0
2018 0
2018 0
2018 0
2018 0
2018 0
2018 0
2018 0
2018 0
2018 0
2018 0
2018 0
2018 0
2018 0
2018 0
2018 0
2018 0
2018 0
2018 0
2018 0
2018 0
2018 0
2018 0
2018 0
2018 0
2018 0
2018 0
2018 0
2018 0
2018 0
2018 0
2018 0
2018 0
2018 0
2018 0
2018 0
2018 0
2018 0
2018 0
2018 0
2018 0
2018 0
2018 0
2018 0
2018 0
2018 0
2018 0
2018 0
2018 0
2018 0
2018 0
2018 0
2018 0
2018 0
2018 0
2018 0
2018 0
2018 0
2018 0
2018 0
2018 0
2018 0
2018 0
2018 0
2018 0
2018 0
2018 0
2018 0
2018 0
2018 0
2018 0
2018 0
2018 0
2018 0
2018 0
2018 0
2018 0
2018 0
2018 0
2018 3
2018 0
2018 0
2018 0
2018 0
2018 0
2019 0
2019 0
2019 0
2019 0
2019 0
2019 0
2019 0
2019 0
2019 0
2019 0
2019 0
2019 0
2019 0
2019 0
2019 0
2019 0
2019 0
2019 0
2019 0
2019 0
2019 0
2019 0
2019 0
2019 0
2019 0
2019 0
2019 0
2019 0
2019 0
2019 0
2019 2
2019 2
2019 0
2019 0
2019 0
2019 0
2019 0
2019 0
2019 0
2019 0
2019 0
2019 0
2019 0
2019 0
2019 0
2019 0
2019 0
2019 0
2019 0
2019 0
2019 0
2019 0
2019 0
2019 0
2019 0
2019 0
2019 0
2019 0
2019 0
2019 16
2019 16
2019 17
2019 12
2019 7
2019 2
2019 0
2019 0
2019 0
2019 0
2019 0
2019 0
2019 0
2019 0
2019 0
2019 0
2019 0
2019 0
2019 0
2019 0
2019 0
2019 10
2019 9
2019 8
2019 9
2019 19
2019 16
2019 15
2019 15
2019 14
2019 14
2019 14
2019 14
2019 14
2019 14
2019 14
2019 14
2019 17
2019 18
2019 24
2019 24
2019 17
2019 22
2019 21
2019 21
2019 21
2019 21
2019 20
2019 21
2019 19
2019 21
2019 22
2019 23
2019 21
2019 19
2019 15
2019 14
2019 14
2019 13
2019 12
2019 12
2019 13
2019 13
2019 12
2019 15
2019 16
2019 16
2019 15
2019 14
2019 12
2019 12
2019 13
2019 13
2019 13
2019 12
2019 11
2019 18
2019 16
2019 13
2019 14
2019 21
2019 19
2019 17
2019 18
2019 17
2019 22
2019 22
2019 23
2019 22
2019 23
2019 35
2019 33
2019 31
2019 31
2019 51
2019 99
2019 116
2019 111
2019 104
2019 99
2019 95
2019 93
2019 91
2019 90
2019 94
2019 86
2019 82
2019 80
2019 77
2019 75
2019 74
2019 75
2019 74
2019 74
2019 72
2019 71
2019 69
2019 68
2019 66
2019 65
2019 62
2019 58
2019 57
2019 56
2019 56
2019 57
2019 56
2019 54
2019 65
2019 71
2019 67
2019 64
2019 61
2019 61
2019 60
2019 62
2019 63
2019 55
2019 53
2019 67
2019 65
2019 62
2019 60
2019 57
2019 54
2019 51
2019 47
2019 46
2019 45
2019 42
2019 40
2019 36
2019 33
2019 33
2019 32
2019 43
2019 71
2019 113
2019 90
2019 79
2019 73
2019 70
2019 77
2019 73
2019 70
2019 74
2019 79
2019 75
2019 73
2019 70
2019 69
2019 66
2019 60
2019 56
2019 51
2019 49
2019 50
2019 44
2019 41
2019 39
2019 66
2019 91
2019 74
2019 63
2019 54
2019 51
2019 53
2019 91
2019 84
2019 75
2019 72
2019 68
2019 60
2019 58
2019 77
2019 68
2019 58
2019 60
2019 59
2019 56
2019 54
2019 56
2019 53
2019 47
2019 39
2019 32
2019 25
2019 19
2019 14
2019 9
2019 3
2019 0
2019 0
2019 0
2019 0
2019 0
2019 0
2019 0
2019 0
2019 0
2019 0
2019 0
2019 0
2019 0
2019 0
2019 0
2019 0
2019 0
2019 0
2019 0
2019 0
2019 0
2019 0
2019 0
2019 0
2019 0
2019 0
2019 0
2019 0
2019 0
2019 0
2019 0
2019 0
2019 0
2019 0
2019 0
2019 0
2019 0
2019 0
2019 0
2019 0
2019 0
2019 0
2019 0
2019 0
2019 0
2019 0
2019 0
2019 0
2019 0
2019 0
2019 0
2019 0
2019 0
2019 0
2019 0
2019 0
2019 0
2019 0
2019 0
2019 0
2019 0
2019 0
2019 0
2019 0
2019 0
2019 0
2019 0
2019 0
2019 0
2019 0
2019 0
2019 0
2019 0
2019 0
2019 0
2019 0
2019 0
2019 0
2019 0
2019 0
2019 0
2019 0
2019 0
2019 0
2019 0
2019 0
2019 0
2019 0
2019 0
2019 0
2019 0
2019 0
2019 0
2019 0
2019 0
2020 0
2020 0
2020 0
2020 0
2020 0
2020 0
2020 0
2020 0
2020 0
2020 0
2020 0
2020 0
2020 0
2020 0
2020 0
2020 0
2020 0
2020 0
2020 0
2020 0
2020 0
2020 0
2020 0
2020 0
2020 0
2020 0
2020 0
2020 0
2020 0
2020 0
2020 0
2020 0
2020 0
2020 0
2020 0
2020 0
2020 0
2020 0
2020 0
2020 0
2020 0
2020 0
2020 0
2020 0
2020 0
2020 0
2020 0
2020 0
2020 0
2020 0
2020 0
2020 0
2020 0
2020 0
2020 0
2020 0
2020 0
2020 0
2020 0
2020 0
2020 0
2020 0
2020 0
2020 0
2020 0
2020 0
2020 1
2020 5
2020 26
2020 43
2020 34
2020 33
2020 50
2020 83
2020 80
2020 101
2020 128
2020 136
2020 128
2020 127
2020 125
2020 119
2020 116
2020 115
2020 131
2020 126
2020 121
2020 119
2020 121
2020 118
2020 117
2020 113
2020 115
2020 117
2020 116
2020 115
2020 115
2020 114
2020 112
2020 112
2020 111
2020 109
2020 108
2020 113
2020 115
2020 114
2020 113
2020 111
2020 107
2020 106
2020 114
2020 133
2020 141
2020 136
2020 131
2020 131
2020 128
2020 126
2020 122
2020 119
2020 118
2020 117
2020 116
2020 116
2020 115
2020 114
2020 110
2020 108
2020 108
2020 108
2020 107
2020 106
2020 106
2020 106
2020 105
2020 105
2020 105
2020 105
2020 104
2020 108
2020 108
2020 110
2020 111
2020 110
2020 110
2020 110
2020 110
2020 109
2020 109
2020 112
2020 115
2020 114
2020 113
2020 113
2020 113
2020 111
2020 109
2020 111
2020 109
2020 108
2020 109
2020 109
2020 109
2020 108
2020 108
2020 107
2020 107
2020 107
2020 107
2020 107
2020 107
2020 106
2020 106
2020 106
2020 105
2020 100
2020 89
2020 87
2020 87
2020 87
2020 86
2020 85
2020 88
2020 106
2020 146
2020 145
2020 140
2020 143
2020 136
2020 132
2020 128
2020 128
2020 122
2020 113
2020 109
2020 111
2020 111
2020 108
2020 105
2020 101
2020 99
2020 97
2020 95
2020 100
2020 98
2020 98
2020 97
2020 97
2020 99
2020 96
2020 95
2020 120
2020 126
2020 118
2020 111
2020 105
2020 102
2020 99
2020 95
2020 92
2020 87
2020 83
2020 78
2020 73
2020 67
2020 61
2020 59
2020 54
2020 48
2020 42
2020 36
2020 30
2020 27
2020 24
2020 18
2020 14
2020 9
2020 3
2020 1
2020 0
2020 0
2020 0
2020 0
2020 2
2020 0
2020 0
2020 0
2020 0
2020 0
2020 0
2020 0
2020 0
2020 0
2020 0
2020 0
2020 0
2020 0
2020 0
2020 0
2020 0
2020 0
2020 0
2020 0
2020 0
2020 0
2020 0
2020 0
2020 0
2020 0
2020 0
2020 0
2020 0
2020 0
2020 0
2020 0
2020 0
2020 0
2020 0
2020 0
2020 0
2020 0
2020 0
2020 0
2020 0
2020 0
2020 0
2020 0
2020 0
2020 0
2020 0
2020 0
2020 0
2020 0
2020 0
2020 0
2020 0
2020 0
2020 0
2020 0
2020 0
2020 0
2020 0
2020 0
2020 0
2020 0
2020 0
2020 0
2020 0
2020 0
2020 0
2020 0
2020 0
2020 0
2020 0
2020 0
2020 0
2020 0
2020 0
2020 0
2020 0
2020 0
2020 0
2020 0
2020 0
2020 0
2020 0
2020 0
2020 0
2020 0
2020 0
2020 0
2020 0
2020 0
2020 0
2020 0
2020 0
2020 0
2020 0
2020 0
2020 0
2020 0
2020 0
2020 0
2020 0
2020 0
2020 0
2020 0
2020 0
2020 0
2020 0
2020 0
2020 0
2020 0
2020 0
2020 0
2020 0
2020 0
2020 0
2020 0
2020 0
2020 0
2020 0
2020 0
2020 0
2020 0
2020 0
2021 0
2021 0
2021 0
2021 0
2021 0
2021 0
2021 0
2021 0
2021 0
2021 0
2021 0
2021 0
2021 0
2021 0
2021 0
2021 0
2021 0
2021 0
2021 0
2021 0
2021 0
2021 0
2021 0
2021 0
2021 0
2021 0
2021 0
2021 1
2021 0
2021 0
2021 0
2021 0
2021 0
2021 0
2021 2
2021 0
2021 0
2021 0
2021 0
2021 0
2021 22
2021 35
2021 27
2021 21
2021 16
2021 20
2021 17
2021 16
2021 16
2021 12
2021 12
2021 10
2021 5
2021 0
2021 0
2021 0
2021 7
2021 2
2021 0
2021 0
2021 0
2021 0
2021 0
2021 0
2021 0
2021 0
2021 0
2021 0
2021 0
2021 0
2021 0
2021 0
2021 0
2021 0
2021 0
2021 0
2021 0
2021 0
2021 0
2021 0
2021 15
2021 13
2021 13
2021 12
2021 11
2021 11
2021 11
2021 11
2021 11
2021 10
2021 10
2021 11
2021 14
2021 24
2021 31
2021 101
2021 151
2021 182
2021 179
2021 182
2021 NA
2021 NA
2021 NA
2021 NA
2021 NA
2021 NA
2021 NA
2021 NA
2021 NA
2021 126
2021 127
2021 126
2021 125
2021 124
2021 122
2021 123
2021 124
2021 122
2021 147
2021 164
2021 162
2021 156
2021 154
2021 177
2021 189
2021 177
2021 173
2021 177
2021 174
2021 169
2021 166
2021 161
2021 158
2021 158
2021 158
2021 154
2021 153
2021 150
2021 149
2021 145
2021 142
2021 142
2021 143
2021 163
2021 209
2021 207
2021 200
2021 195
2021 191
2021 187
2021 183
2021 179
2021 183
2021 181
2021 179
2021 177
2021 174
2021 172
2021 170
2021 191
2021 211
2021 205
2021 209
2021 209
2021 202
2021 198
2021 195
2021 194
2021 192
2021 188
2021 185
2021 180
2021 177
2021 175
2021 173
2021 171
2021 169
2021 167
2021 167
2021 163
2021 162
2021 161
2021 162
2021 161
2021 159
2021 157
2021 156
2021 156
2021 155
2021 154
2021 154
2021 155
2021 155
2021 155
2021 158
2021 158
2021 157
2021 156
2021 155
2021 154
2021 154
2021 155
2021 154
2021 154
2021 152
2021 150
2021 147
2021 145
2021 143
2021 140
2021 137
2021 134
2021 129
2021 122
2021 117
2021 116
2021 113
2021 111
2021 110
2021 110
2021 109
2021 110
2021 111
2021 118
2021 135
2021 129
2021 130
2021 130
2021 127
2021 124
2021 125
2021 122
2021 123
2021 123
2021 119
2021 114
2021 110
2021 109
2021 108
2021 106
2021 102
2021 97
2021 92
2021 89
2021 85
2021 81
2021 79
2021 78
2021 75
2021 71
2021 66
2021 58
2021 54
2021 51
2021 48
2021 45
2021 44
2021 42
2021 35
2021 33
2021 34
2021 29
2021 25
2021 24
2021 19
2021 17
2021 14
2021 9
2021 4
2021 0
2021 0
2021 0
2021 0
2021 0
2021 0
2021 0
2021 0
2021 0
2021 0
2021 0
2021 0
2021 0
2021 0
2021 0
2021 0
2021 0
2021 0
2021 0
2021 0
2021 0
2021 0
2021 0
2021 0
2021 0
2021 0
2021 0
2021 0
2021 0
2021 0
2021 0
2021 0
2021 0
2021 0
2021 0
2021 0
2021 0
2021 0
2021 0
2021 0
2021 0
2021 0
2021 0
2021 0
2021 0
2021 0
2021 0
2021 0
2021 0
2021 0
2021 0
2021 0
2021 0
2021 0
2021 0
2021 0
2021 0
2021 0
2021 0
2021 0
2021 0
2021 0
2021 0
2021 0
2021 0
2021 0
2021 0
2021 0
2021 0
2021 0
2021 0
2021 0
2021 0
2021 0
2021 0
2021 0
2021 0
2021 0
2021 0
2021 0
2021 0
2021 0
2021 0
2021 0
2021 0
2021 0
2021 0
2021 0
2021 0
2021 0
2021 0
2021 0
2021 0
2021 0
2021 0
2021 0
2022 0
2022 0
2022 0
2022 0
2022 0
2022 0
2022 0
2022 0
2022 0
2022 0
2022 0
2022 0
2022 0
2022 0
2022 0
2022 0
2022 0
2022 0
2022 0
2022 0
2022 0
2022 0
2022 0
2022 0
2022 0
2022 0
2022 0
2022 0
2022 0
2022 0
2022 0
2022 0
2022 0
2022 0
2022 0
2022 0
2022 0
2022 0
2022 0
2022 0
2022 0
2022 0
2022 0
2022 0
2022 0
2022 0
2022 0
2022 0
2022 0
2022 0
2022 0
2022 0
2022 0
2022 0
2022 0
2022 0
2022 0
2022 0
2022 0
2022 0
2022 0
2022 1
2022 11
2022 14
2022 32
2022 29
2022 25
2022 26
2022 27
2022 24
2022 25
2022 25
2022 25
2022 24
2022 28
2022 29
2022 27
2022 24
2022 21
2022 22
2022 22
2022 22
2022 23
2022 21
2022 22
2022 23
2022 25
2022 33
2022 50
2022 59
2022 49
2022 43
2022 43
2022 45
2022 45
2022 59
2022 62
2022 58
2022 60
2022 76
2022 73
2022 69
2022 64
2022 62
2022 61
2022 60
2022 59
2022 58
2022 57
2022 57
2022 53
2022 54
2022 53
2022 53
2022 54
2022 54
2022 54
2022 54
2022 53
2022 54
2022 51
2022 48
2022 48
2022 47
2022 46
2022 46
2022 58
2022 71
2022 67
2022 65
2022 63
2022 62
2022 60
2022 59
2022 59
2022 59
2022 59
2022 59
2022 59
2022 57
2022 57
2022 58
2022 59
2022 59
2022 58
2022 58
2022 57
2022 56
2022 55
2022 53
2022 52
2022 51
2022 51
2022 53
2022 51
2022 50
2022 50
2022 51
2022 50
2022 55
2022 52
2022 50
2022 50
2022 50
2022 50
2022 50
2022 51
2022 67
2022 79
2022 74
2022 69
2022 67
2022 65
2022 65
2022 64
2022 63
2022 62
2022 62
2022 61
2022 60
2022 60
2022 59
2022 59
2022 59
2022 58
2022 57
2022 57
2022 57
2022 58
2022 57
2022 57
2022 57
2022 56
2022 53
2022 50
2022 51
2022 43
2022 37
2022 35
2022 34
2022 31
2022 31
2022 32
2022 28
2022 24
2022 20
2022 18
2022 14
2022 11
2022 6
2022 3
2022 10
2022 19
2022 44
2022 47
2022 43
2022 35
2022 23
2022 18
2022 14
2022 14
2022 13
2022 10
2022 4
2022 0
2022 0
2022 0
2022 0
2022 0
2022 0
2022 0
2022 0
2022 0
2022 0
2022 0
2022 7
2022 3
2022 4
2022 0
2022 0
2022 0
2022 0
2022 0
2022 0
2022 0
2022 0
2022 0
2022 0
2022 0
2022 0
2022 0
2022 0
2022 0
2022 0
2022 0
2022 0
2022 0
2022 0
2022 0
2022 0
2022 0
2022 0
2022 0
2022 0
2022 0
2022 0
2022 0
2022 0
2022 0
2022 0
2022 0
2022 0
2022 0
2022 0
2022 0
2022 0
2022 0
2022 0
2022 0
2022 0
2022 0
2022 0
2022 0
2022 0
2022 0
2022 0
2022 0
2022 0
2022 0
2022 0
2022 0
2022 0
2022 0
2022 0
2022 0
2022 0
2022 0
2022 0
2022 0
2022 0
2022 0
2022 0
2022 0
2022 0
2022 0
2022 0
2022 0
2022 0
2022 0
2022 0
2022 0
2022 0
2022 0
2022 0
2022 0
2022 0
2022 0
2022 0
2022 0
2022 0
2022 0
2022 0
2022 0
2022 0
2022 0
2022 0
2022 0
2022 0
2022 0
2022 0
2022 0
2022 0
2022 0
2022 0
2022 0
2022 0
2022 0
2022 0
2022 0
2022 0
2022 0
2022 0
2022 0
2022 0
2022 0
2022 0
2022 0
2022 0
2022 0
2022 0
2022 0
2022 0
2022 0
2022 0
2022 0
2022 0
2022 0
2022 0
2022 0
2022 0
2022 0
2022 0
2022 0
2022 0
2022 0
2023 0
2023 0
2023 0
2023 0
2023 0
2023 0
2023 0
2023 0
2023 0
2023 0
2023 0
2023 0
2023 0
2023 0
2023 0
2023 0
2023 0
2023 0
2023 0
2023 0
2023 0
2023 0
2023 0
2023 0
2023 0
2023 0
2023 0
2023 0
2023 0
2023 0
2023 0
2023 0
2023 0
2023 0
2023 0
2023 0
2023 0
2023 0
2023 0
2023 0
2023 0
2023 0
2023 0
2023 0
2023 0
2023 0
2023 0
2023 0
2023 0
2023 0
2023 0
2023 0
2023 0
2023 0
2023 0
2023 0
2023 0
2023 0
2023 0
2023 0
2023 0
2023 0
2023 0
2023 0
2023 NA
2023 NA
2023 NA
2023 NA
2023 NA
2023 2
2023 1
2023 1
2023 1
2023 1
2023 1
2023 1
2023 1
2023 1
2023 1
2023 1
2023 1
2023 1
2023 15
2023 29
2023 24
2023 21
2023 19
2023 18
2023 19
2023 22
2023 22
2023 22
2023 25
2023 26
2023 36
2023 47
2023 49
2023 44
2023 42
2023 47
2023 48
2023 56
2023 55
2023 53
2023 50
2023 50
2023 62
2023 61
2023 58
2023 57
2023 55
2023 53
2023 51
2023 49
2023 47
2023 46
2023 44
2023 44
2023 44
2023 43
2023 43
2023 42
2023 42
2023 41
2023 42
2023 41
2023 41
2023 39
2023 40
2023 41
2023 60
2023 66
2023 65
2023 65
2023 63
2023 62
2023 62
2023 67
2023 71
2023 71
2023 69
2023 70
2023 65
2023 62
2023 78
2023 88
2023 84
2023 81
2023 79
2023 77
2023 75
2023 74
2023 70
2023 69
2023 65
2023 64
2023 61
2023 60
2023 59
2023 61
2023 63
2023 61
2023 59
2023 56
2023 55
2023 54
2023 54
2023 54
2023 54
2023 53
2023 51
2023 48
2023 47
2023 44
2023 43
2023 44
2023 44
2023 43
2023 43
2023 42
2023 42
2023 43
2023 46
2023 43
2023 44
2023 43
2023 43
2023 43
2023 43
2023 42
2023 41
2023 40
2023 39
2023 37
2023 41
2023 41
2023 40
2023 39
2023 37
2023 35
2023 33
2023 31
2023 27
2023 24
2023 21
2023 18
2023 18
2023 23
2023 20
2023 16
2023 9
2023 7
2023 7
2023 7
2023 6
2023 4
2023 1
2023 0
2023 0
2023 0
2023 0
2023 0
2023 0
2023 0
2023 14
2023 28
2023 23
2023 18
2023 14
2023 9
2023 7
2023 12
2023 24
2023 16
2023 10
2023 10
2023 10
2023 9
2023 4
2023 1
2023 0
2023 0
2023 0
2023 0
2023 0
2023 0
2023 0
2023 0
2023 0
2023 0
2023 0
2023 0
2023 14
2023 7
2023 4
2023 1
2023 0
2023 0
2023 0
2023 0
2023 0
2023 0
2023 0
2023 0
2023 0
2023 0
2023 0
2023 0
2023 0
2023 0
2023 0
2023 0
2023 0
2023 0
2023 0
2023 0
2023 0
2023 0
2023 0
2023 0
2023 0
2023 0
2023 0
2023 0
2023 0
2023 0
2023 0
2023 0
2023 0
2023 0
2023 0
2023 0
2023 0
2023 0
2023 0
2023 0
2023 0
2023 0
2023 0
2023 0
2023 0
2023 0
2023 0
2023 0
2023 0
2023 0
2023 0
2023 0
2023 0
2023 0
2023 0
2023 0
2023 0
2023 0
2023 0
2023 0
2023 0
2023 0
2023 0
2023 0
2023 0
2023 0
2023 0
2023 0
2023 0
2023 0
2023 0
2023 0
2023 0
2023 0
2023 0
2023 0
2023 0
2023 0
2023 0
2023 0
2023 0
2023 0
2023 0
2023 0
2023 0
2023 0
2023 0
2023 0
2023 0
2023 0
2023 0
2023 0
2023 0
2023 0
2023 0
2023 0
2023 0
2023 0
2023 0
2023 0
2023 0
2023 0
2023 0
2023 0
2023 0
2023 0
2023 0
2023 0
2023 0
2024 0
2024 0
2024 0
2024 0
2024 0
2024 0
2024 0
2024 0
2024 0
2024 0
2024 0
2024 0
2024 0
2024 0
2024 0
2024 0
2024 0
2024 0
2024 0
2024 0
2024 0
2024 0
2024 0
2024 0
2024 0
2024 0
2024 0
2024 0
2024 0
2024 0
2024 0
2024 0
2024 0
2024 0
2024 0
2024 0
2024 0
2024 0
2024 0
2024 0
2024 0
2024 0
2024 0
2024 0
2024 0
2024 0
2024 0
2024 0
2024 0
2024 0
2024 0
2024 0
2024 0
2024 0
2024 0
2024 0
2024 0
2024 0
2024 0
2024 0
2024 0
2024 0
2024 0
2024 8
2024 12
2024 28
2024 23
2024 21
2024 19
2024 18
2024 22
2024 21
2024 18
2024 14
2024 8
2024 5
2024 4
2024 4
2024 5
2024 3
2024 0
2024 0
2024 0
2024 0
2024 0
2024 6
2024 5
2024 4
2024 3
2024 4
2024 5
2024 3
2024 9
2024 13
2024 12
2024 13
2024 12
2024 13
2024 13
2024 14
2024 15
2024 14
2024 13
2024 22
2024 32
2024 28
2024 26
2024 23
2024 22
2024 21
2024 22
2024 21
2024 26
2024 13
2024 11
2024 10
2024 10
2024 9
2024 9
2024 9
2024 10
2024 10
2024 26
2024 20
2024 21
2024 21
2024 20
2024 48
2024 60
2024 57
2024 53
2024 50
2024 48
2024 46
2024 44
2024 42
2024 42
2024 46
2024 46
2024 52
2024 53
2024 51
2024 50
2024 50
2024 49
2024 46
2024 41
2024 41
2024 40
2024 39
2024 39
2024 39
2024 39
2024 40
2024 40
2024 39
2024 39
2024 38
2024 38
2024 38
2024 37
2024 40
2024 48
2024 56
2024 60
2024 58
2024 NA
2024 NA
2024 NA
2024 NA
2024 NA
2024 NA
2024 NA
2024 NA
2024 NA
2024 NA
2024 NA
2024 NA
2024 NA
2024 NA
2024 NA
2024 NA
2024 NA
2024 NA
2024 NA
2024 NA
2024 NA
2024 NA
2024 NA
2024 NA
2024 NA
2024 NA
2024 NA
2024 NA
2024 NA
2024 NA
2024 NA
2024 NA
2024 NA
2024 NA
2024 NA
2024 NA
2024 NA
2024 NA
2024 NA
2024 NA
2024 NA
2024 NA
2024 NA
2024 NA
2024 NA
2024 NA
2024 NA
2024 NA
2024 NA
2024 NA
2024 NA
2024 NA
2024 NA
2024 NA
2024 NA
2024 NA
2024 NA
2024 NA
2024 NA
2024 NA
2024 NA
2024 NA
2024 NA
2024 NA
2024 NA
2024 NA
2024 NA
2024 NA
2024 NA
2024 NA
2024 NA
2024 NA
2024 NA
2024 NA
2024 NA
2024 NA
2024 NA
2024 NA
2024 NA
2024 NA
2024 NA
2024 NA
2024 NA
2024 NA
2024 NA
2024 NA
2024 NA
2024 NA
2024 NA
2024 NA
2024 NA
2024 NA
2024 NA
2024 NA
2024 NA
2024 NA
2024 NA
2024 NA
2024 NA
2024 NA
2024 NA
2024 NA
2024 NA
2024 NA
2024 NA
2024 NA
2024 NA
2024 NA
2024 NA
2024 NA
2024 NA
2024 NA
2024 NA
2024 NA
2024 NA
2024 NA
2024 NA
2024 NA
2024 NA
2024 NA
2024 NA
2024 NA
2024 NA
2024 NA
2024 NA
2024 NA
2024 NA
2024 NA
2024 NA
2024 NA
2024 NA
2024 NA
2024 NA
2024 NA
2024 NA
2024 NA
2024 NA
2024 NA
2024 NA
2024 NA
2024 NA
2024 NA
2024 NA
2024 NA
2024 NA
2024 NA
2024 NA
2024 NA
2024 NA
2024 NA
2024 NA
2024 NA
2024 NA
2024 NA
2024 NA
2024 NA
2024 NA
2024 NA
2024 NA
2024 NA
2024 NA
2024 NA
2024 NA
2024 NA
2024 NA
2024 NA
2024 NA
2024 NA
2024 NA
2024 NA
2024 NA
2024 NA
2024 NA
2024 NA
2024 NA
2024 NA
2024 NA
2024 NA
2024 NA
2024 NA
2024 NA
2024 NA
2024 NA
2024 NA
2024 NA
2024 NA
2024 NA
2024 NA
2024 NA
2024 NA
2024 NA
2024 NA
2024 NA
2024 NA
2024 NA
2024 NA
2024 NA
2024 NA
2024 NA
2024 NA
