1997 NA
1997 NA
1997 NA
1997 NA
1997 NA
1997 NA
1997 NA
1997 NA
1997 NA
1997 NA
1997 NA
1997 NA
1997 NA
1997 NA
1997 NA
1997 NA
1997 NA
1997 NA
1997 NA
1997 NA
1997 NA
1997 NA
1997 NA
1997 NA
1997 NA
1997 NA
1997 NA
1997 NA
1997 NA
1997 NA
1997 NA
1997 2
1997 NA
1997 NA
1997 NA
1997 1
1997 1
1997 1
1997 NA
1997 3
1997 3
1997 0
1997 NA
1997 0
1997 NA
1997 8
1997 8
1997 5
1997 2
1997 2
1997 5
1997 5
1997 4
1997 2
1997 4
1997 5
1997 5
1997 2
1997 4
1997 5
1997 4
1997 5
1997 4
1997 2
1997 3
1997 3
1997 3
1997 1
1997 1
1997 2
1997 2
1997 NA
1997 1
1997 NA
1997 9
1997 2
1997 4
1997 4
1997 2
1997 2
1997 7
1997 2
1997 12
1997 5
1997 24
1997 16
1997 42
1997 15
1997 26
1997 28
1997 62
1997 71
1997 71
1997 63
1997 53
1997 54
1997 50
1997 48
1997 44
1997 38
1997 40
1997 38
1997 38
1997 58
1997 53
1997 51
1997 49
1997 44
1997 44
1997 47
1997 45
1997 43
1997 44
1997 41
1997 43
1997 44
1997 43
1997 40
1997 39
1997 41
1997 40
1997 12
1997 11
1997 12
1997 9
1997 17
1997 12
1997 7
1997 15
1997 13
1997 9
1997 15
1997 14
1997 16
1997 17
1997 14
1997 14
1997 10
1997 9
1997 11
1997 10
1997 7
1997 27
1997 8
1997 10
1997 9
1997 9
1997 9
1997 10
1997 11
1997 9
1997 10
1997 9
1997 8
1997 10
1997 9
1997 9
1997 4
1997 24
1997 21
1997 20
1997 18
1997 15
1997 8
1997 8
1997 9
1997 13
1997 41
1997 29
1997 25
1997 23
1997 38
1997 25
1997 24
1997 24
1997 22
1997 19
1997 32
1997 32
1997 57
1997 48
1997 41
1997 44
1997 43
1997 42
1997 42
1997 41
1997 41
1997 40
1997 39
1997 37
1997 36
1997 37
1997 34
1997 35
1997 41
1997 38
1997 37
1997 36
1997 52
1997 70
1997 61
1997 58
1997 51
1997 54
1997 53
1997 52
1997 48
1997 53
1997 57
1997 58
1997 55
1997 56
1997 50
1997 53
1997 37
1997 53
1997 56
1997 53
1997 51
1997 50
1997 49
1997 45
1997 47
1997 46
1997 49
1997 48
1997 49
1997 46
1997 48
1997 49
1997 54
1997 63
1997 58
1997 56
1997 55
1997 54
1997 55
1997 64
1997 70
1997 77
1997 83
1997 82
1997 79
1997 74
1997 71
1997 74
1997 84
1997 80
1997 96
1997 98
1997 98
1997 91
1997 90
1997 90
1997 82
1997 79
1997 74
1997 69
1997 69
1997 68
1997 72
1997 68
1997 69
1997 66
1997 63
1997 65
1997 62
1997 NA
1997 NA
1997 NA
1997 NA
1997 NA
1997 NA
1997 NA
1997 NA
1997 NA
1997 NA
1997 NA
1997 NA
1997 NA
1997 NA
1997 NA
1997 NA
1997 NA
1997 NA
1997 NA
1997 NA
1997 NA
1997 NA
1997 NA
1997 NA
1997 NA
1997 NA
1997 NA
1997 NA
1997 NA
1997 NA
1997 NA
1997 NA
1997 NA
1997 NA
1997 NA
1997 NA
1997 NA
1997 NA
1997 NA
1997 NA
1997 NA
1997 NA
1997 NA
1997 NA
1997 NA
1997 NA
1997 NA
1997 NA
1997 NA
1997 NA
1997 NA
1997 NA
1997 NA
1997 NA
1997 NA
1997 NA
1997 NA
1997 NA
1997 NA
1997 NA
1997 NA
1997 NA
1997 NA
1997 NA
1997 NA
1997 NA
1997 NA
1997 NA
1997 NA
1997 NA
1997 NA
1997 NA
1997 NA
1997 NA
1997 NA
1997 NA
1997 NA
1997 NA
1997 NA
1997 NA
1997 NA
1997 NA
1997 NA
1997 NA
1997 NA
1997 NA
1997 NA
1997 NA
1997 NA
1997 NA
1997 NA
1997 NA
1997 NA
1997 NA
1997 NA
1997 NA
1997 NA
1998 NA
1998 NA
1998 NA
1998 NA
1998 NA
1998 NA
1998 NA
1998 NA
1998 NA
1998 NA
1998 NA
1998 NA
1998 NA
1998 NA
1998 NA
1998 NA
1998 NA
1998 NA
1998 NA
1998 NA
1998 NA
1998 NA
1998 NA
1998 NA
1998 NA
1998 NA
1998 NA
1998 NA
1998 NA
1998 NA
1998 NA
1998 NA
1998 NA
1998 NA
1998 NA
1998 NA
1998 NA
1998 NA
1998 NA
1998 NA
1998 NA
1998 NA
1998 NA
1998 NA
1998 NA
1998 NA
1998 NA
1998 NA
1998 NA
1998 NA
1998 NA
1998 NA
1998 NA
1998 NA
1998 NA
1998 NA
1998 NA
1998 NA
1998 NA
1998 NA
1998 NA
1998 NA
1998 NA
1998 NA
1998 NA
1998 NA
1998 NA
1998 NA
1998 NA
1998 NA
1998 NA
1998 NA
1998 NA
1998 NA
1998 NA
1998 NA
1998 NA
1998 NA
1998 NA
1998 NA
1998 NA
1998 NA
1998 NA
1998 NA
1998 NA
1998 NA
1998 NA
1998 NA
1998 NA
1998 NA
1998 NA
1998 NA
1998 NA
1998 NA
1998 NA
1998 NA
1998 NA
1998 14
1998 13
1998 13
1998 12
1998 4
1998 31
1998 32
1998 18
1998 22
1998 9
1998 1
1998 1
1998 0
1998 15
1998 27
1998 30
1998 27
1998 9
1998 0
1998 1
1998 0
1998 9
1998 8
1998 1
1998 NA
1998 NA
1998 0
1998 0
1998 0
1998 NA
1998 0
1998 1
1998 0
1998 0
1998 0
1998 0
1998 0
1998 0
1998 NA
1998 8
1998 1
1998 17
1998 18
1998 26
1998 44
1998 NA
1998 NA
1998 NA
1998 NA
1998 NA
1998 NA
1998 NA
1998 NA
1998 NA
1998 NA
1998 NA
1998 NA
1998 NA
1998 NA
1998 NA
1998 NA
1998 NA
1998 NA
1998 NA
1998 NA
1998 NA
1998 NA
1998 NA
1998 NA
1998 NA
1998 NA
1998 NA
1998 NA
1998 NA
1998 NA
1998 NA
1998 NA
1998 NA
1998 NA
1998 NA
1998 NA
1998 NA
1998 NA
1998 NA
1998 NA
1998 NA
1998 NA
1998 NA
1998 NA
1998 NA
1998 NA
1998 NA
1998 NA
1998 NA
1998 NA
1998 NA
1998 NA
1998 NA
1998 NA
1998 NA
1998 NA
1998 NA
1998 NA
1998 NA
1998 NA
1998 NA
1998 NA
1998 NA
1998 NA
1998 NA
1998 NA
1998 NA
1998 NA
1998 NA
1998 NA
1998 NA
1998 NA
1998 NA
1998 NA
1998 NA
1998 NA
1998 NA
1998 NA
1998 NA
1998 NA
1998 NA
1998 NA
1998 NA
1998 NA
1998 NA
1998 NA
1998 NA
1998 NA
1998 NA
1998 NA
1998 NA
1998 NA
1998 NA
1998 NA
1998 NA
1998 NA
1998 NA
1998 NA
1998 NA
1998 NA
1998 NA
1998 NA
1998 NA
1998 NA
1998 NA
1998 NA
1998 NA
1998 NA
1998 NA
1998 NA
1998 NA
1998 NA
1998 NA
1998 NA
1998 NA
1998 NA
1998 NA
1998 NA
1998 NA
1998 NA
1998 NA
1998 NA
1998 NA
1998 NA
1998 NA
1998 NA
1998 NA
1998 NA
1998 NA
1998 NA
1998 NA
1998 NA
1998 NA
1998 NA
1998 NA
1998 NA
1998 NA
1998 NA
1998 NA
1998 NA
1998 NA
1998 NA
1998 NA
1998 NA
1998 NA
1998 NA
1998 NA
1998 NA
1998 NA
1998 NA
1998 NA
1998 NA
1998 NA
1998 NA
1998 NA
1998 NA
1998 NA
1998 NA
1998 NA
1998 NA
1998 NA
1998 NA
1998 NA
1998 NA
1998 NA
1998 NA
1998 NA
1998 NA
1998 NA
1998 NA
1998 NA
1998 NA
1998 NA
1998 NA
1998 NA
1998 NA
1998 NA
1998 NA
1998 NA
1998 NA
1998 NA
1998 NA
1998 NA
1998 NA
1998 NA
1998 NA
1998 NA
1998 NA
1998 NA
1998 NA
1998 NA
1998 NA
1998 NA
1998 NA
1998 NA
1998 NA
1998 NA
1998 NA
1998 NA
1998 NA
1998 NA
1998 NA
1998 NA
1998 NA
1998 NA
1998 NA
1998 NA
1998 NA
1998 NA
1998 NA
1998 NA
1998 NA
1998 NA
1998 NA
1998 NA
1998 NA
1998 NA
1998 NA
1998 NA
1998 NA
1998 NA
1998 NA
1998 NA
1999 NA
1999 NA
1999 NA
1999 NA
1999 NA
1999 NA
1999 NA
1999 NA
1999 NA
1999 NA
1999 NA
1999 NA
1999 NA
1999 NA
1999 NA
1999 NA
1999 NA
1999 NA
1999 NA
1999 NA
1999 NA
1999 NA
1999 NA
1999 NA
1999 NA
1999 NA
1999 NA
1999 NA
1999 NA
1999 NA
1999 NA
1999 NA
1999 NA
1999 NA
1999 NA
1999 NA
1999 NA
1999 NA
1999 NA
1999 NA
1999 NA
1999 NA
1999 NA
1999 NA
1999 NA
1999 NA
1999 NA
1999 NA
1999 NA
1999 NA
1999 NA
1999 NA
1999 NA
1999 NA
1999 NA
1999 NA
1999 NA
1999 NA
1999 NA
1999 NA
1999 NA
1999 NA
1999 NA
1999 NA
1999 NA
1999 NA
1999 NA
1999 NA
1999 NA
1999 NA
1999 NA
1999 71
1999 68
1999 73
1999 75
1999 72
1999 82
1999 77
1999 74
1999 72
1999 72
1999 71
1999 70
1999 72
1999 71
1999 70
1999 79
1999 88
1999 86
1999 86
1999 86
1999 84
1999 83
1999 81
1999 79
1999 80
1999 78
1999 82
1999 79
1999 85
1999 87
1999 107
1999 118
1999 114
1999 112
1999 107
1999 105
1999 103
1999 101
1999 98
1999 98
1999 99
1999 97
1999 95
1999 98
1999 101
1999 100
1999 98
1999 96
1999 95
1999 94
1999 92
1999 94
1999 94
1999 93
1999 96
1999 96
1999 95
1999 95
1999 102
1999 108
1999 112
1999 121
1999 121
1999 121
1999 136
1999 130
1999 127
1999 NA
1999 121
1999 119
1999 118
1999 117
1999 116
1999 116
1999 115
1999 114
1999 115
1999 139
1999 169
1999 189
1999 178
1999 171
1999 168
1999 164
1999 161
1999 157
1999 164
1999 184
1999 220
1999 207
1999 255
1999 266
1999 256
1999 250
1999 246
1999 241
1999 243
1999 242
1999 241
1999 293
1999 287
1999 312
1999 358
1999 365
1999 360
1999 378
1999 362
1999 348
1999 341
1999 334
1999 328
1999 327
1999 326
1999 359
1999 351
1999 348
1999 344
1999 340
1999 340
1999 335
1999 335
1999 329
1999 326
1999 322
1999 319
1999 316
1999 314
1999 312
1999 308
1999 309
1999 306
1999 325
1999 335
1999 325
1999 348
1999 346
1999 355
1999 354
1999 348
1999 344
1999 341
1999 335
1999 333
1999 331
1999 327
1999 324
1999 321
1999 342
1999 338
1999 332
1999 326
1999 335
1999 332
1999 350
1999 348
1999 358
1999 393
1999 374
1999 375
1999 366
1999 359
1999 356
1999 356
1999 354
1999 355
1999 352
1999 350
1999 342
1999 343
1999 340
1999 333
1999 326
1999 320
1999 315
1999 309
1999 306
1999 299
1999 295
1999 295
1999 289
1999 286
1999 282
1999 285
1999 283
1999 286
1999 284
1999 279
1999 279
1999 279
1999 285
1999 294
1999 296
1999 297
1999 289
1999 282
1999 277
1999 272
1999 264
1999 259
1999 252
1999 247
1999 243
1999 237
1999 229
1999 223
1999 227
1999 224
1999 223
1999 220
1999 222
1999 217
1999 221
1999 220
1999 218
1999 214
1999 216
1999 211
1999 209
1999 206
1999 202
1999 199
1999 195
1999 198
1999 201
1999 196
1999 187
1999 182
1999 179
1999 175
1999 170
1999 168
1999 165
1999 156
1999 153
1999 144
1999 137
1999 128
1999 124
1999 125
1999 120
1999 118
1999 95
1999 110
1999 108
1999 107
1999 104
1999 97
1999 96
1999 90
1999 85
1999 78
1999 72
1999 63
1999 63
1999 61
1999 50
1999 43
1999 35
1999 33
1999 23
1999 22
1999 17
1999 12
1999 4
1999 4
1999 2
1999 3
1999 3
1999 3
1999 4
1999 4
1999 4
1999 4
1999 4
1999 1
1999 5
1999 5
1999 5
1999 6
1999 4
1999 5
1999 4
1999 4
1999 5
1999 4
1999 3
1999 4
1999 4
1999 4
1999 5
1999 6
1999 5
1999 4
1999 5
2000 6
2000 5
2000 6
2000 4
2000 5
2000 6
2000 4
2000 5
2000 6
2000 5
2000 4
2000 4
2000 6
2000 7
2000 6
2000 4
2000 5
2000 6
2000 1
2000 0
2000 10
2000 7
2000 6
2000 7
2000 5
2000 5
2000 8
2000 3
2000 2
2000 0
2000 5
2000 6
2000 0
2000 9
2000 10
2000 10
2000 10
2000 9
2000 7
2000 10
2000 6
2000 4
2000 5
2000 11
2000 11
2000 11
2000 12
2000 11
2000 7
2000 11
2000 11
2000 11
2000 11
2000 10
2000 11
2000 11
2000 10
2000 10
2000 10
2000 11
2000 11
2000 11
2000 11
2000 8
2000 20
2000 23
2000 30
2000 25
2000 22
2000 24
2000 26
2000 22
2000 22
2000 22
2000 24
2000 23
2000 23
2000 46
2000 49
2000 57
2000 53
2000 50
2000 48
2000 51
2000 49
2000 47
2000 46
2000 44
2000 43
2000 41
2000 41
2000 41
2000 40
2000 39
2000 40
2000 40
2000 40
2000 40
2000 40
2000 40
2000 59
2000 82
2000 117
2000 135
2000 149
2000 136
2000 132
2000 137
2000 147
2000 152
2000 138
2000 145
2000 148
2000 146
2000 142
2000 146
2000 131
2000 111
2000 132
2000 130
2000 129
2000 131
2000 137
2000 139
2000 135
2000 132
2000 133
2000 131
2000 129
2000 126
2000 126
2000 125
2000 73
2000 73
2000 72
2000 73
2000 72
2000 72
2000 72
2000 72
2000 72
2000 71
2000 72
2000 75
2000 82
2000 82
2000 81
2000 80
2000 80
2000 80
2000 90
2000 117
2000 112
2000 109
2000 112
2000 115
2000 112
2000 110
2000 109
2000 108
2000 116
2000 118
2000 116
2000 121
2000 119
2000 121
2000 119
2000 122
2000 124
2000 140
2000 155
2000 149
2000 157
2000 151
2000 146
2000 143
2000 142
2000 141
2000 143
2000 139
2000 136
2000 137
2000 150
2000 155
2000 149
2000 161
2000 156
2000 153
2000 150
2000 149
2000 151
2000 147
2000 144
2000 143
2000 142
2000 144
2000 158
2000 153
2000 151
2000 149
2000 148
2000 147
2000 146
2000 144
2000 143
2000 141
2000 139
2000 144
2000 162
2000 154
2000 169
2000 159
2000 158
2000 156
2000 157
2000 157
2000 156
2000 166
2000 157
2000 156
2000 154
2000 153
2000 153
2000 151
2000 161
2000 161
2000 159
2000 165
2000 163
2000 165
2000 164
2000 159
2000 156
2000 154
2000 148
2000 151
2000 171
2000 158
2000 153
2000 147
2000 154
2000 176
2000 161
2000 152
2000 149
2000 143
2000 139
2000 135
2000 135
2000 131
2000 127
2000 121
2000 NA
2000 113
2000 114
2000 112
2000 109
2000 102
2000 96
2000 93
2000 91
2000 89
2000 86
2000 82
2000 79
2000 75
2000 72
2000 70
2000 65
2000 67
2000 66
2000 67
2000 64
2000 63
2000 54
2000 49
2000 46
2000 37
2000 30
2000 28
2000 23
2000 17
2000 8
2000 9
2000 9
2000 9
2000 11
2000 13
2000 12
2000 11
2000 10
2000 8
2000 11
2000 11
2000 10
2000 6
2000 10
2000 10
2000 10
2000 10
2000 10
2000 10
2000 10
2000 9
2000 8
2000 8
2000 9
2000 9
2000 9
2000 9
2000 8
2000 9
2000 9
2000 9
2000 6
2000 8
2000 6
2000 12
2000 16
2000 13
2000 9
2000 8
2000 9
2000 8
2000 8
2000 7
2000 8
2000 9
2000 9
2000 8
2000 8
2000 9
2000 9
2000 8
2000 8
2000 8
2000 8
2000 9
2000 9
2000 9
2000 9
2000 9
2000 8
2000 8
2000 6
2000 6
2000 8
2000 8
2000 6
2000 4
2000 7
2000 8
2000 5
2000 5
2000 3
2000 7
2000 7
2000 7
2000 8
2000 9
2000 7
2000 8
2000 8
2000 8
2000 8
2000 9
2001 7
2001 8
2001 9
2001 9
2001 10
2001 9
2001 10
2001 9
2001 8
2001 7
2001 7
2001 8
2001 8
2001 7
2001 7
2001 8
2001 8
2001 7
2001 7
2001 4
2001 14
2001 8
2001 7
2001 7
2001 7
2001 6
2001 7
2001 7
2001 6
2001 20
2001 17
2001 20
2001 22
2001 18
2001 16
2001 24
2001 20
2001 19
2001 22
2001 23
2001 34
2001 33
2001 39
2001 41
2001 73
2001 72
2001 62
2001 60
2001 59
2001 58
2001 55
2001 55
2001 53
2001 52
2001 51
2001 54
2001 54
2001 53
2001 54
2001 53
2001 63
2001 60
2001 61
2001 62
2001 65
2001 65
2001 86
2001 82
2001 81
2001 80
2001 79
2001 79
2001 79
2001 78
2001 83
2001 85
2001 83
2001 136
2001 130
2001 125
2001 120
2001 117
2001 113
2001 124
2001 135
2001 129
2001 153
2001 149
2001 145
2001 141
2001 138
2001 147
2001 147
2001 149
2001 145
2001 143
2001 140
2001 151
2001 154
2001 151
2001 157
2001 151
2001 149
2001 148
2001 154
2001 170
2001 169
2001 165
2001 160
2001 157
2001 155
2001 153
2001 153
2001 153
2001 156
2001 161
2001 162
2001 162
2001 169
2001 176
2001 168
2001 167
2001 167
2001 179
2001 186
2001 193
2001 200
2001 199
2001 203
2001 229
2001 216
2001 210
2001 206
2001 205
2001 206
2001 203
2001 199
2001 198
2001 196
2001 196
2001 195
2001 193
2001 193
2001 194
2001 196
2001 205
2001 210
2001 206
2001 204
2001 202
2001 200
2001 198
2001 198
2001 196
2001 200
2001 236
2001 244
2001 241
2001 235
2001 235
2001 241
2001 240
2001 239
2001 235
2001 232
2001 229
2001 228
2001 226
2001 224
2001 223
2001 224
2001 223
2001 221
2001 220
2001 225
2001 238
2001 235
2001 237
2001 233
2001 231
2001 228
2001 224
2001 230
2001 244
2001 250
2001 252
2001 248
2001 245
2001 242
2001 246
2001 249
2001 254
2001 250
2001 259
2001 271
2001 260
2001 257
2001 259
2001 260
2001 261
2001 265
2001 277
2001 268
2001 265
2001 262
2001 267
2001 265
2001 NA
2001 259
2001 277
2001 283
2001 271
2001 265
2001 260
2001 259
2001 261
2001 272
2001 285
2001 308
2001 309
2001 319
2001 321
2001 322
2001 307
2001 302
2001 299
2001 332
2001 336
2001 322
2001 315
2001 308
2001 334
2001 328
2001 315
2001 322
2001 312
2001 319
2001 311
2001 306
2001 303
2001 300
2001 315
2001 338
2001 333
2001 338
2001 331
2001 328
2001 323
2001 319
2001 313
2001 308
2001 304
2001 302
2001 296
2001 291
2001 287
2001 284
2001 283
2001 279
2001 277
2001 272
2001 268
2001 265
2001 260
2001 256
2001 254
2001 252
2001 246
2001 241
2001 234
2001 227
2001 220
2001 215
2001 212
2001 213
2001 225
2001 214
2001 209
2001 222
2001 214
2001 207
2001 206
2001 206
2001 207
2001 205
2001 202
2001 201
2001 195
2001 200
2001 205
2001 209
2001 205
2001 201
2001 195
2001 189
2001 183
2001 175
2001 169
2001 161
2001 158
2001 155
2001 150
2001 145
2001 141
2001 132
2001 129
2001 124
2001 116
2001 99
2001 104
2001 99
2001 91
2001 92
2001 88
2001 81
2001 75
2001 65
2001 61
2001 63
2001 61
2001 63
2001 59
2001 63
2001 55
2001 49
2001 43
2001 39
2001 30
2001 26
2001 21
2001 16
2001 5
2001 0
2001 0
2001 2
2001 1
2001 1
2001 5
2001 5
2001 5
2001 4
2001 5
2001 5
2001 5
2001 5
2001 5
2001 4
2001 2
2001 2
2001 4
2001 5
2001 5
2001 4
2001 5
2001 3
2001 3
2001 3
2001 3
2001 2
2001 1
2001 3
2001 1
2001 3
2001 4
2001 0
2002 6
2002 5
2002 5
2002 2
2002 6
2002 6
2002 6
2002 5
2002 6
2002 6
2002 6
2002 6
2002 5
2002 3
2002 6
2002 6
2002 18
2002 9
2002 9
2002 6
2002 6
2002 5
2002 5
2002 6
2002 6
2002 6
2002 1
2002 3
2002 0
2002 0
2002 1
2002 2
2002 1
2002 0
2002 2
2002 1
2002 2
2002 1
2002 1
2002 0
2002 3
2002 2
2002 1
2002 1
2002 2
2002 0
2002 2
2002 1
2002 0
2002 0
2002 1
2002 2
2002 0
2002 3
2002 4
2002 2
2002 1
2002 2
2002 0
2002 2
2002 1
2002 5
2002 3
2002 1
2002 1
2002 3
2002 4
2002 3
2002 3
2002 10
2002 9
2002 7
2002 7
2002 10
2002 15
2002 15
2002 13
2002 12
2002 11
2002 11
2002 10
2002 11
2002 12
2002 21
2002 18
2002 17
2002 17
2002 26
2002 24
2002 25
2002 39
2002 39
2002 37
2002 35
2002 39
2002 49
2002 50
2002 47
2002 46
2002 46
2002 44
2002 44
2002 44
2002 43
2002 44
2002 43
2002 43
2002 43
2002 43
2002 42
2002 42
2002 43
2002 43
2002 NA
2002 43
2002 43
2002 54
2002 55
2002 61
2002 70
2002 69
2002 66
2002 65
2002 64
2002 62
2002 62
2002 62
2002 61
2002 61
2002 60
2002 60
2002 59
2002 59
2002 59
2002 60
2002 59
2002 59
2002 59
2002 59
2002 58
2002 59
2002 59
2002 60
2002 59
2002 60
2002 75
2002 74
2002 73
2002 91
2002 88
2002 86
2002 84
2002 84
2002 82
2002 82
2002 82
2002 81
2002 81
2002 108
2002 107
2002 108
2002 103
2002 105
2002 101
2002 100
2002 98
2002 97
2002 96
2002 97
2002 96
2002 96
2002 96
2002 109
2002 125
2002 122
2002 113
2002 125
2002 147
2002 147
2002 156
2002 156
2002 150
2002 153
2002 157
2002 150
2002 149
2002 146
2002 143
2002 142
2002 140
2002 139
2002 137
2002 135
2002 132
2002 132
2002 125
2002 130
2002 129
2002 129
2002 153
2002 150
2002 148
2002 158
2002 166
2002 163
2002 160
2002 158
2002 157
2002 155
2002 153
2002 152
2002 150
2002 150
2002 148
2002 147
2002 142
2002 144
2002 145
2002 145
2002 155
2002 149
2002 149
2002 149
2002 149
2002 157
2002 155
2002 150
2002 150
2002 147
2002 143
2002 146
2002 151
2002 142
2002 141
2002 139
2002 139
2002 137
2002 136
2002 139
2002 136
2002 135
2002 132
2002 133
2002 146
2002 178
2002 196
2002 191
2002 178
2002 171
2002 163
2002 166
2002 158
2002 154
2002 164
2002 164
2002 158
2002 155
2002 149
2002 144
2002 139
2002 140
2002 137
2002 132
2002 129
2002 148
2002 137
2002 139
2002 133
2002 154
2002 147
2002 141
2002 134
2002 131
2002 124
2002 118
2002 NA
2002 109
2002 112
2002 117
2002 108
2002 117
2002 87
2002 NA
2002 NA
2002 109
2002 103
2002 97
2002 91
2002 84
2002 73
2002 65
2002 56
2002 50
2002 42
2002 34
2002 23
2002 15
2002 10
2002 2
2002 1
2002 9
2002 9
2002 9
2002 5
2002 6
2002 7
2002 6
2002 4
2002 7
2002 1
2002 1
2002 0
2002 0
2002 1
2002 0
2002 1
2002 0
2002 0
2002 0
2002 0
2002 0
2002 0
2002 0
2002 0
2002 1
2002 1
2002 1
2002 1
2002 0
2002 0
2002 0
2002 0
2002 0
2002 0
2002 0
2002 0
2002 0
2002 0
2002 0
2002 0
2002 1
2002 0
2002 0
2002 5
2002 16
2002 1
2002 0
2002 1
2002 0
2002 0
2002 0
2002 1
2002 0
2002 0
2002 1
2002 1
2002 0
2002 0
2002 0
2002 0
2002 0
2002 0
2002 0
2002 0
2002 0
2003 0
2003 0
2003 1
2003 1
2003 1
2003 0
2003 0
2003 1
2003 1
2003 0
2003 1
2003 0
2003 1
2003 1
2003 2
2003 1
2003 0
2003 1
2003 0
2003 0
2003 0
2003 2
2003 2
2003 10
2003 8
2003 5
2003 12
2003 7
2003 7
2003 5
2003 4
2003 1
2003 1
2003 0
2003 3
2003 1
2003 5
2003 4
2003 0
2003 0
2003 0
2003 4
2003 2
2003 0
2003 1
2003 0
2003 0
2003 10
2003 23
2003 13
2003 9
2003 11
2003 18
2003 16
2003 24
2003 19
2003 14
2003 13
2003 12
2003 10
2003 10
2003 10
2003 42
2003 52
2003 73
2003 67
2003 62
2003 81
2003 76
2003 85
2003 93
2003 94
2003 88
2003 85
2003 88
2003 91
2003 141
2003 133
2003 130
2003 128
2003 124
2003 130
2003 138
2003 133
2003 135
2003 140
2003 146
2003 145
2003 143
2003 148
2003 144
2003 NA
2003 159
2003 156
2003 151
2003 145
2003 144
2003 141
2003 138
2003 143
2003 140
2003 140
2003 134
2003 135
2003 NA
2003 141
2003 151
2003 156
2003 165
2003 159
2003 153
2003 NA
2003 167
2003 172
2003 169
2003 166
2003 160
2003 161
2003 182
2003 182
2003 178
2003 183
2003 185
2003 200
2003 193
2003 207
2003 203
2003 197
2003 192
2003 189
2003 186
2003 184
2003 181
2003 179
2003 179
2003 182
2003 180
2003 177
2003 177
2003 175
2003 174
2003 173
2003 184
2003 183
2003 192
2003 197
2003 191
2003 188
2003 191
2003 194
2003 203
2003 219
2003 212
2003 209
2003 211
2003 225
2003 246
2003 247
2003 248
2003 242
2003 237
2003 233
2003 230
2003 228
2003 226
2003 224
2003 223
2003 220
2003 220
2003 218
2003 217
2003 216
2003 214
2003 213
2003 212
2003 211
2003 210
2003 208
2003 208
2003 207
2003 206
2003 205
2003 214
2003 217
2003 213
2003 212
2003 217
2003 218
2003 215
2003 214
2003 211
2003 208
2003 207
2003 207
2003 207
2003 206
2003 205
2003 205
2003 205
2003 204
2003 204
2003 203
2003 203
2003 203
2003 201
2003 200
2003 199
2003 198
2003 197
2003 196
2003 195
2003 193
2003 193
2003 207
2003 201
2003 198
2003 195
2003 195
2003 194
2003 194
2003 195
2003 200
2003 198
2003 208
2003 205
2003 198
2003 196
2003 194
2003 192
2003 189
2003 187
2003 192
2003 193
2003 183
2003 189
2003 184
2003 180
2003 181
2003 180
2003 178
2003 172
2003 175
2003 172
2003 172
2003 170
2003 166
2003 159
2003 154
2003 150
2003 144
2003 143
2003 142
2003 138
2003 136
2003 131
2003 136
2003 131
2003 129
2003 126
2003 125
2003 122
2003 130
2003 131
2003 133
2003 127
2003 121
2003 NA
2003 NA
2003 112
2003 111
2003 107
2003 105
2003 105
2003 104
2003 100
2003 95
2003 89
2003 84
2003 75
2003 72
2003 65
2003 59
2003 52
2003 47
2003 38
2003 32
2003 28
2003 22
2003 16
2003 10
2003 9
2003 2
2003 0
2003 0
2003 0
2003 0
2003 NA
2003 NA
2003 0
2003 0
2003 0
2003 0
2003 0
2003 0
2003 0
2003 0
2003 0
2003 0
2003 0
2003 0
2003 0
2003 NA
2003 0
2003 0
2003 0
2003 0
2003 0
2003 0
2003 NA
2003 0
2003 0
2003 0
2003 0
2003 0
2003 0
2003 0
2003 0
2003 0
2003 0
2003 0
2003 0
2003 0
2003 0
2003 0
2003 2
2003 0
2003 1
2003 0
2003 2
2003 0
2003 0
2003 0
2003 0
2003 0
2003 0
2003 0
2003 0
2003 0
2003 0
2003 0
2003 0
2003 0
2003 0
2003 0
2003 0
2003 0
2003 0
2003 0
2003 0
2003 0
2003 0
2003 0
2003 0
2003 0
2003 0
2004 0
2004 0
2004 0
2004 0
2004 0
2004 0
2004 0
2004 0
2004 0
2004 0
2004 0
2004 0
2004 0
2004 0
2004 0
2004 0
2004 0
2004 0
2004 0
2004 0
2004 0
2004 0
2004 0
2004 0
2004 0
2004 0
2004 0
2004 0
2004 0
2004 0
2004 0
2004 0
2004 0
2004 NA
2004 16
2004 8
2004 19
2004 20
2004 19
2004 17
2004 14
2004 13
2004 13
2004 12
2004 11
2004 10
2004 10
2004 10
2004 9
2004 16
2004 29
2004 26
2004 37
2004 46
2004 41
2004 36
2004 35
2004 33
2004 34
2004 42
2004 46
2004 55
2004 50
2004 50
2004 47
2004 45
2004 45
2004 45
2004 44
2004 44
2004 44
2004 44
2004 43
2004 46
2004 45
2004 44
2004 46
2004 49
2004 48
2004 47
2004 47
2004 46
2004 52
2004 51
2004 54
2004 52
2004 52
2004 77
2004 97
2004 91
2004 86
2004 87
2004 103
2004 106
2004 NA
2004 116
2004 113
2004 111
2004 110
2004 108
2004 108
2004 106
2004 108
2004 107
2004 103
2004 102
2004 106
2004 104
2004 104
2004 107
2004 105
2004 116
2004 125
2004 125
2004 122
2004 118
2004 83
2004 115
2004 122
2004 134
2004 130
2004 NA
2004 126
2004 129
2004 NA
2004 124
2004 123
2004 120
2004 120
2004 NA
2004 120
2004 118
2004 NA
2004 134
2004 173
2004 160
2004 161
2004 165
2004 172
2004 177
2004 172
2004 202
2004 196
2004 190
2004 185
2004 183
2004 194
2004 195
2004 195
2004 193
2004 190
2004 186
2004 184
2004 180
2004 177
2004 176
2004 174
2004 172
2004 171
2004 175
2004 164
2004 163
2004 163
2004 171
2004 170
2004 168
2004 167
2004 166
2004 165
2004 164
2004 164
2004 164
2004 163
2004 165
2004 169
2004 169
2004 169
2004 169
2004 169
2004 169
2004 169
2004 169
2004 169
2004 169
2004 169
2004 169
2004 169
2004 169
2004 169
2004 169
2004 169
2004 169
2004 169
2004 203
2004 198
2004 200
2004 195
2004 188
2004 186
2004 184
2004 182
2004 182
2004 181
2004 183
2004 196
2004 205
2004 202
2004 200
2004 195
2004 195
2004 191
2004 191
2004 189
2004 189
2004 189
2004 185
2004 185
2004 190
2004 188
2004 203
2004 197
2004 204
2004 221
2004 207
2004 204
2004 201
2004 202
2004 207
2004 205
2004 202
2004 200
2004 234
2004 219
2004 211
2004 206
2004 203
2004 197
2004 194
2004 192
2004 190
2004 187
2004 185
2004 184
2004 180
2004 180
2004 180
2004 178
2004 207
2004 228
2004 228
2004 215
2004 220
2004 210
2004 203
2004 199
2004 198
2004 193
2004 189
2004 185
2004 180
2004 175
2004 171
2004 167
2004 163
2004 170
2004 167
2004 NA
2004 161
2004 159
2004 157
2004 159
2004 156
2004 152
2004 152
2004 173
2004 181
2004 179
2004 175
2004 171
2004 166
2004 162
2004 158
2004 152
2004 146
2004 141
2004 136
2004 132
2004 132
2004 129
2004 125
2004 121
2004 NA
2004 110
2004 NA
2004 NA
2004 NA
2004 113
2004 108
2004 102
2004 95
2004 90
2004 84
2004 77
2004 71
2004 68
2004 59
2004 56
2004 53
2004 47
2004 40
2004 31
2004 23
2004 23
2004 22
2004 17
2004 23
2004 24
2004 24
2004 20
2004 17
2004 5
2004 1
2004 NA
2004 NA
2004 NA
2004 NA
2004 0
2004 NA
2004 NA
2004 NA
2004 0
2004 NA
2004 NA
2004 NA
2004 NA
2004 0
2004 NA
2004 NA
2004 NA
2004 NA
2004 NA
2004 NA
2004 NA
2004 NA
2004 NA
2004 NA
2004 NA
2004 0
2004 NA
2004 0
2004 NA
2004 NA
2004 NA
2004 NA
2004 NA
2004 NA
2004 0
2004 0
2004 NA
2004 0
2004 NA
2004 NA
2004 0
2004 3
2004 4
2004 3
2005 6
2005 4
2005 7
2005 7
2005 7
2005 7
2005 6
2005 7
2005 7
2005 7
2005 7
2005 7
2005 8
2005 7
2005 7
2005 8
2005 8
2005 8
2005 7
2005 8
2005 7
2005 8
2005 7
2005 9
2005 8
2005 8
2005 8
2005 8
2005 7
2005 8
2005 8
2005 8
2005 8
2005 8
2005 7
2005 7
2005 7
2005 7
2005 7
2005 8
2005 8
2005 8
2005 8
2005 0
2005 2
2005 9
2005 7
2005 NA
2005 7
2005 7
2005 7
2005 8
2005 7
2005 7
2005 7
2005 NA
2005 7
2005 7
2005 10
2005 12
2005 8
2005 12
2005 16
2005 15
2005 14
2005 15
2005 15
2005 14
2005 15
2005 28
2005 23
2005 22
2005 23
2005 21
2005 22
2005 22
2005 21
2005 22
2005 20
2005 29
2005 26
2005 44
2005 36
2005 33
2005 31
2005 30
2005 30
2005 30
2005 30
2005 32
2005 36
2005 35
2005 NA
2005 33
2005 33
2005 34
2005 33
2005 33
2005 33
2005 33
2005 33
2005 33
2005 33
2005 33
2005 33
2005 34
2005 34
2005 45
2005 35
2005 62
2005 72
2005 67
2005 63
2005 60
2005 58
2005 56
2005 63
2005 60
2005 69
2005 69
2005 66
2005 65
2005 63
2005 63
2005 67
2005 65
2005 64
2005 66
2005 64
2005 64
2005 64
2005 63
2005 61
2005 62
2005 66
2005 64
2005 63
2005 62
2005 62
2005 68
2005 76
2005 86
2005 92
2005 118
2005 139
2005 137
2005 129
2005 123
2005 119
2005 117
2005 114
2005 112
2005 110
2005 136
2005 NA
2005 126
2005 123
2005 120
2005 118
2005 115
2005 114
2005 113
2005 112
2005 118
2005 126
2005 123
2005 128
2005 131
2005 127
2005 126
2005 125
2005 125
2005 131
2005 131
2005 129
2005 128
2005 127
2005 126
2005 125
2005 127
2005 126
2005 126
2005 125
2005 124
2005 124
2005 132
2005 376
2005 134
2005 131
2005 130
2005 128
2005 128
2005 126
2005 125
2005 126
2005 127
2005 125
2005 123
2005 122
2005 120
2005 118
2005 116
2005 115
2005 113
2005 111
2005 115
2005 115
2005 123
2005 120
2005 118
2005 132
2005 128
2005 123
2005 123
2005 124
2005 123
2005 122
2005 120
2005 NA
2005 NA
2005 157
2005 147
2005 139
2005 NA
2005 131
2005 129
2005 NA
2005 167
2005 180
2005 161
2005 177
2005 184
2005 169
2005 163
2005 160
2005 160
2005 158
2005 157
2005 156
2005 154
2005 152
2005 145
2005 140
2005 135
2005 137
2005 NA
2005 131
2005 137
2005 138
2005 132
2005 129
2005 128
2005 126
2005 123
2005 120
2005 124
2005 119
2005 127
2005 120
2005 122
2005 119
2005 114
2005 111
2005 108
2005 123
2005 113
2005 105
2005 98
2005 91
2005 83
2005 77
2005 75
2005 70
2005 65
2005 62
2005 55
2005 54
2005 49
2005 56
2005 51
2005 50
2005 49
2005 44
2005 40
2005 36
2005 32
2005 30
2005 28
2005 23
2005 17
2005 10
2005 7
2005 11
2005 9
2005 7
2005 8
2005 11
2005 11
2005 10
2005 8
2005 9
2005 1
2005 4
2005 5
2005 3
2005 2
2005 6
2005 8
2005 8
2005 6
2005 5
2005 4
2005 4
2005 3
2005 4
2005 3
2005 4
2005 8
2005 4
2005 8
2005 4
2005 5
2005 5
2005 4
2005 4
2005 5
2005 5
2005 2
2005 2
2005 6
2005 5
2005 3
2005 4
2005 3
2005 3
2005 4
2005 6
2005 4
2005 4
2005 4
2005 8
2005 6
2005 6
2005 3
2005 4
2005 4
2005 3
2005 0
2005 2
2005 3
2005 4
2005 2
2005 3
2005 0
2005 628
2005 19
2005 7
2005 2
2005 2
2005 2
2005 3
2005 2
2005 2
2005 2
2005 1
2006 1
2006 2
2006 2
2006 3
2006 2
2006 2
2006 2
2006 2
2006 1
2006 1
2006 0
2006 4
2006 2
2006 1
2006 2
2006 3
2006 3
2006 1
2006 2
2006 2
2006 4
2006 2
2006 3
2006 3
2006 2
2006 2
2006 2
2006 2
2006 0
2006 4
2006 3
2006 18
2006 14
2006 13
2006 9
2006 7
2006 6
2006 6
2006 4
2006 4
2006 3
2006 3
2006 3
2006 3
2006 3
2006 4
2006 3
2006 3
2006 2
2006 3
2006 2
2006 3
2006 NA
2006 3
2006 3
2006 3
2006 3
2006 3
2006 3
2006 3
2006 2
2006 3
2006 2
2006 2
2006 3
2006 0
2006 2
2006 0
2006 3
2006 2
2006 2
2006 2
2006 1
2006 0
2006 1
2006 1
2006 0
2006 2
2006 3
2006 4
2006 4
2006 4
2006 4
2006 5
2006 4
2006 9
2006 6
2006 5
2006 6
2006 5
2006 5
2006 4
2006 6
2006 17
2006 13
2006 31
2006 30
2006 30
2006 41
2006 36
2006 33
2006 30
2006 28
2006 28
2006 27
2006 27
2006 49
2006 66
2006 64
2006 56
2006 56
2006 52
2006 51
2006 50
2006 48
2006 47
2006 47
2006 47
2006 49
2006 49
2006 55
2006 77
2006 76
2006 75
2006 74
2006 72
2006 NA
2006 68
2006 66
2006 65
2006 64
2006 64
2006 63
2006 63
2006 62
2006 62
2006 62
2006 61
2006 63
2006 98
2006 93
2006 88
2006 85
2006 83
2006 80
2006 79
2006 77
2006 76
2006 78
2006 82
2006 78
2006 77
2006 75
2006 75
2006 75
2006 75
2006 75
2006 74
2006 74
2006 74
2006 76
2006 81
2006 83
2006 81
2006 80
2006 80
2006 79
2006 93
2006 113
2006 121
2006 129
2006 120
2006 120
2006 116
2006 113
2006 110
2006 111
2006 110
2006 112
2006 110
2006 113
2006 108
2006 105
2006 124
2006 158
2006 158
2006 152
2006 145
2006 176
2006 166
2006 168
2006 174
2006 168
2006 164
2006 161
2006 158
2006 155
2006 153
2006 151
2006 149
2006 146
2006 147
2006 142
2006 139
2006 137
2006 137
2006 137
2006 135
2006 141
2006 159
2006 157
2006 179
2006 183
2006 174
2006 180
2006 173
2006 187
2006 184
2006 180
2006 177
2006 174
2006 199
2006 200
2006 202
2006 197
2006 187
2006 183
2006 185
2006 181
2006 180
2006 178
2006 176
2006 172
2006 169
2006 164
2006 162
2006 161
2006 167
2006 164
2006 164
2006 160
2006 159
2006 157
2006 155
2006 154
2006 151
2006 149
2006 161
2006 157
2006 155
2006 195
2006 190
2006 180
2006 174
2006 166
2006 165
2006 162
2006 158
2006 152
2006 145
2006 136
2006 140
2006 135
2006 128
2006 128
2006 130
2006 NA
2006 122
2006 116
2006 114
2006 116
2006 125
2006 125
2006 128
2006 123
2006 119
2006 118
2006 115
2006 117
2006 114
2006 112
2006 107
2006 101
2006 96
2006 92
2006 87
2006 82
2006 76
2006 72
2006 69
2006 64
2006 56
2006 51
2006 43
2006 39
2006 33
2006 25
2006 17
2006 8
2006 8
2006 8
2006 5
2006 5
2006 3
2006 8
2006 5
2006 3
2006 4
2006 4
2006 3
2006 2
2006 5
2006 3
2006 2
2006 1
2006 2
2006 NA
2006 0
2006 0
2006 1
2006 1
2006 3
2006 0
2006 0
2006 3
2006 1
2006 0
2006 4
2006 3
2006 3
2006 2
2006 3
2006 1
2006 3
2006 NA
2006 2
2006 0
2006 7
2006 12
2006 12
2006 9
2006 3
2006 3
2006 3
2006 5
2006 4
2006 0
2006 3
2006 3
2006 3
2006 3
2006 3
2006 3
2006 3
2006 2
2006 1
2006 2
2006 3
2006 2
2006 3
2006 3
2006 3
2006 3
2006 7
2006 3
2007 3
2007 3
2007 2
2007 3
2007 4
2007 NA
2007 1
2007 3
2007 2
2007 2
2007 3
2007 3
2007 3
2007 20
2007 20
2007 20
2007 17
2007 20
2007 20
2007 19
2007 19
2007 20
2007 19
2007 19
2007 2
2007 19
2007 20
2007 20
2007 19
2007 19
2007 19
2007 19
2007 19
2007 19
2007 19
2007 19
2007 20
2007 18
2007 20
2007 20
2007 19
2007 20
2007 20
2007 NA
2007 19
2007 20
2007 20
2007 19
2007 18
2007 19
2007 19
2007 19
2007 18
2007 19
2007 18
2007 18
2007 18
2007 19
2007 19
2007 19
2007 19
2007 18
2007 19
2007 19
2007 19
2007 19
2007 19
2007 19
2007 19
2007 4
2007 19
2007 10
2007 20
2007 17
2007 22
2007 22
2007 21
2007 21
2007 20
2007 22
2007 25
2007 29
2007 NA
2007 38
2007 35
2007 35
2007 33
2007 33
2007 32
2007 33
2007 33
2007 32
2007 33
2007 32
2007 33
2007 32
2007 39
2007 45
2007 51
2007 95
2007 85
2007 75
2007 72
2007 68
2007 NA
2007 63
2007 62
2007 59
2007 58
2007 59
2007 58
2007 58
2007 59
2007 58
2007 57
2007 57
2007 56
2007 56
2007 56
2007 56
2007 56
2007 56
2007 77
2007 82
2007 88
2007 95
2007 99
2007 93
2007 91
2007 91
2007 103
2007 100
2007 97
2007 97
2007 94
2007 93
2007 92
2007 91
2007 90
2007 97
2007 101
2007 98
2007 101
2007 100
2007 109
2007 130
2007 123
2007 118
2007 116
2007 115
2007 113
2007 111
2007 111
2007 109
2007 109
2007 108
2007 107
2007 107
2007 107
2007 107
2007 113
2007 111
2007 109
2007 111
2007 128
2007 NA
2007 137
2007 137
2007 134
2007 132
2007 130
2007 128
2007 127
2007 126
2007 125
2007 124
2007 128
2007 140
2007 178
2007 176
2007 176
2007 187
2007 192
2007 272
2007 261
2007 257
2007 253
2007 260
2007 255
2007 252
2007 251
2007 249
2007 246
2007 243
2007 240
2007 238
2007 236
2007 233
2007 231
2007 245
2007 247
2007 244
2007 243
2007 252
2007 246
2007 244
2007 243
2007 240
2007 237
2007 236
2007 235
2007 234
2007 234
2007 231
2007 237
2007 237
2007 233
2007 229
2007 226
2007 223
2007 221
2007 219
2007 216
2007 214
2007 211
2007 208
2007 204
2007 201
2007 196
2007 193
2007 187
2007 182
2007 179
2007 174
2007 169
2007 168
2007 165
2007 163
2007 162
2007 159
2007 157
2007 154
2007 155
2007 174
2007 165
2007 173
2007 179
2007 182
2007 177
2007 173
2007 168
2007 164
2007 163
2007 160
2007 155
2007 157
2007 168
2007 170
2007 218
2007 203
2007 189
2007 176
2007 171
2007 164
2007 159
2007 153
2007 147
2007 150
2007 149
2007 207
2007 209
2007 193
2007 181
2007 216
2007 207
2007 191
2007 183
2007 175
2007 170
2007 165
2007 163
2007 158
2007 153
2007 151
2007 146
2007 141
2007 137
2007 136
2007 134
2007 128
2007 118
2007 113
2007 106
2007 101
2007 97
2007 88
2007 86
2007 78
2007 79
2007 76
2007 76
2007 72
2007 63
2007 58
2007 52
2007 51
2007 50
2007 54
2007 47
2007 40
2007 35
2007 28
2007 34
2007 36
2007 29
2007 22
2007 16
2007 17
2007 17
2007 16
2007 16
2007 15
2007 18
2007 18
2007 18
2007 17
2007 18
2007 17
2007 15
2007 17
2007 17
2007 17
2007 18
2007 17
2007 17
2007 18
2007 18
2007 17
2007 15
2007 15
2007 18
2007 12
2007 38
2007 33
2007 20
2007 17
2007 17
2007 17
2007 13
2007 17
2007 18
2007 17
2007 17
2007 13
2007 18
2007 18
2007 18
2007 18
2007 15
2007 15
2007 15
2007 15
2007 18
2007 18
2007 17
2008 18
2008 17
2008 18
2008 18
2008 14
2008 15
2008 14
2008 13
2008 13
2008 13
2008 14
2008 13
2008 14
2008 12
2008 14
2008 13
2008 14
2008 15
2008 15
2008 14
2008 14
2008 14
2008 14
2008 13
2008 5
2008 11
2008 20
2008 23
2008 20
2008 19
2008 14
2008 13
2008 14
2008 14
2008 14
2008 14
2008 15
2008 14
2008 14
2008 14
2008 14
2008 14
2008 15
2008 15
2008 15
2008 14
2008 14
2008 14
2008 14
2008 14
2008 12
2008 12
2008 13
2008 11
2008 11
2008 14
2008 13
2008 14
2008 13
2008 9
2008 12
2008 13
2008 14
2008 14
2008 14
2008 15
2008 14
2008 9
2008 13
2008 9
2008 26
2008 35
2008 28
2008 26
2008 70
2008 58
2008 50
2008 46
2008 43
2008 41
2008 39
2008 41
2008 47
2008 51
2008 53
2008 52
2008 53
2008 52
2008 51
2008 50
2008 50
2008 49
2008 49
2008 75
2008 78
2008 73
2008 70
2008 90
2008 104
2008 108
2008 130
2008 134
2008 128
2008 120
2008 115
2008 111
2008 108
2008 107
2008 105
2008 104
2008 103
2008 101
2008 101
2008 99
2008 98
2008 98
2008 97
2008 96
2008 95
2008 96
2008 108
2008 108
2008 105
2008 103
2008 115
2008 115
2008 111
2008 123
2008 134
2008 NA
2008 NA
2008 132
2008 NA
2008 175
2008 167
2008 163
2008 158
2008 155
2008 154
2008 159
2008 158
2008 154
2008 153
2008 162
2008 157
2008 155
2008 153
2008 151
2008 149
2008 148
2008 147
2008 148
2008 153
2008 151
2008 161
2008 153
2008 150
2008 154
2008 151
2008 150
2008 149
2008 148
2008 148
2008 147
2008 147
2008 146
2008 146
2008 145
2008 145
2008 145
2008 144
2008 144
2008 144
2008 148
2008 147
2008 147
2008 144
2008 144
2008 145
2008 145
2008 147
2008 149
2008 159
2008 160
2008 159
2008 169
2008 168
2008 166
2008 165
2008 163
2008 160
2008 170
2008 177
2008 185
2008 187
2008 185
2008 183
2008 188
2008 199
2008 194
2008 188
2008 197
2008 250
2008 235
2008 234
2008 228
2008 226
2008 217
2008 230
2008 222
2008 218
2008 216
2008 220
2008 215
2008 235
2008 235
2008 223
2008 218
2008 210
2008 217
2008 213
2008 224
2008 218
2008 225
2008 224
2008 221
2008 234
2008 242
2008 229
2008 230
2008 233
2008 228
2008 227
2008 245
2008 267
2008 246
2008 240
2008 234
2008 229
2008 224
2008 223
2008 225
2008 243
2008 227
2008 219
2008 218
2008 215
2008 211
2008 207
2008 203
2008 198
2008 195
2008 191
2008 189
2008 187
2008 185
2008 180
2008 179
2008 176
2008 174
2008 178
2008 173
2008 177
2008 176
2008 176
2008 174
2008 170
2008 171
2008 166
2008 159
2008 152
2008 145
2008 142
2008 139
2008 135
2008 130
2008 125
2008 133
2008 131
2008 NA
2008 134
2008 NA
2008 130
2008 NA
2008 NA
2008 118
2008 121
2008 115
2008 125
2008 123
2008 NA
2008 128
2008 NA
2008 113
2008 106
2008 97
2008 90
2008 85
2008 72
2008 64
2008 59
2008 48
2008 40
2008 32
2008 22
2008 14
2008 15
2008 16
2008 15
2008 14
2008 14
2008 11
2008 14
2008 14
2008 15
2008 17
2008 15
2008 15
2008 16
2008 14
2008 16
2008 15
2008 15
2008 17
2008 15
2008 17
2008 16
2008 12
2008 14
2008 17
2008 12
2008 11
2008 9
2008 11
2008 8
2008 17
2008 14
2008 11
2008 15
2008 9
2008 14
2008 15
2008 16
2008 14
2008 14
2008 16
2008 14
2008 14
2008 15
2008 15
2008 16
2008 16
2008 14
2008 12
2008 14
2008 14
2008 16
2008 16
2008 15
2008 17
2008 15
2008 16
2008 15
2008 14
2008 13
2008 10
2009 15
2009 13
2009 16
2009 16
2009 12
2009 15
2009 15
2009 17
2009 14
2009 14
2009 15
2009 14
2009 4
2009 17
2009 16
2009 17
2009 17
2009 16
2009 17
2009 17
2009 17
2009 14
2009 7
2009 13
2009 13
2009 15
2009 15
2009 15
2009 13
2009 13
2009 14
2009 14
2009 7
2009 23
2009 15
2009 14
2009 14
2009 14
2009 14
2009 15
2009 15
2009 14
2009 13
2009 14
2009 13
2009 14
2009 15
2009 14
2009 15
2009 14
2009 14
2009 13
2009 14
2009 14
2009 15
2009 15
2009 14
2009 0
2009 15
2009 54
2009 42
2009 41
2009 39
2009 56
2009 57
2009 100
2009 89
2009 83
2009 78
2009 77
2009 74
2009 72
2009 80
2009 77
2009 76
2009 74
2009 73
2009 71
2009 71
2009 71
2009 70
2009 85
2009 79
2009 80
2009 106
2009 101
2009 96
2009 94
2009 93
2009 92
2009 97
2009 97
2009 95
2009 99
2009 98
2009 124
2009 135
2009 131
2009 124
2009 119
2009 122
2009 131
2009 124
2009 123
2009 NA
2009 NA
2009 133
2009 146
2009 147
2009 148
2009 149
2009 145
2009 143
2009 141
2009 138
2009 141
2009 141
2009 NA
2009 137
2009 135
2009 133
2009 133
2009 142
2009 NA
2009 137
2009 137
2009 137
2009 136
2009 135
2009 133
2009 133
2009 133
2009 132
2009 132
2009 131
2009 132
2009 132
2009 NA
2009 131
2009 128
2009 125
2009 NA
2009 142
2009 141
2009 157
2009 170
2009 174
2009 172
2009 167
2009 165
2009 162
2009 159
2009 158
2009 156
2009 158
2009 157
2009 155
2009 154
2009 160
2009 183
2009 196
2009 196
2009 194
2009 195
2009 197
2009 191
2009 188
2009 185
2009 184
2009 203
2009 211
2009 205
2009 199
2009 195
2009 204
2009 205
2009 205
2009 201
2009 199
2009 196
2009 192
2009 191
2009 190
2009 192
2009 191
2009 224
2009 228
2009 221
2009 216
2009 215
2009 245
2009 250
2009 240
2009 233
2009 227
2009 224
2009 219
2009 216
2009 213
2009 212
2009 209
2009 207
2009 207
2009 202
2009 223
2009 227
2009 232
2009 230
2009 231
2009 233
2009 225
2009 223
2009 217
2009 209
2009 210
2009 210
2009 208
2009 206
2009 203
2009 201
2009 197
2009 197
2009 199
2009 197
2009 195
2009 193
2009 191
2009 210
2009 196
2009 193
2009 197
2009 194
2009 191
2009 191
2009 190
2009 190
2009 189
2009 188
2009 246
2009 257
2009 248
2009 231
2009 221
2009 215
2009 212
2009 216
2009 211
2009 206
2009 204
2009 202
2009 201
2009 195
2009 191
2009 192
2009 189
2009 183
2009 183
2009 179
2009 175
2009 173
2009 168
2009 162
2009 158
2009 151
2009 148
2009 142
2009 134
2009 133
2009 133
2009 129
2009 123
2009 135
2009 NA
2009 NA
2009 123
2009 116
2009 113
2009 111
2009 105
2009 107
2009 102
2009 103
2009 96
2009 96
2009 92
2009 85
2009 79
2009 72
2009 64
2009 60
2009 51
2009 47
2009 48
2009 38
2009 49
2009 45
2009 44
2009 39
2009 39
2009 34
2009 26
2009 20
2009 18
2009 16
2009 7
2009 7
2009 12
2009 12
2009 11
2009 12
2009 14
2009 14
2009 13
2009 13
2009 11
2009 8
2009 7
2009 7
2009 9
2009 10
2009 14
2009 13
2009 13
2009 10
2009 8
2009 6
2009 9
2009 13
2009 11
2009 7
2009 7
2009 10
2009 7
2009 6
2009 6
2009 10
2009 14
2009 10
2009 8
2009 6
2009 5
2009 12
2009 10
2009 13
2009 9
2009 8
2009 7
2009 10
2009 7
2009 12
2009 10
2009 7
2009 6
2009 7
2009 6
2009 8
2009 8
2009 6
2009 13
2009 13
2009 8
2009 5
2009 12
2009 12
2009 8
2010 8
2010 13
2010 NA
2010 12
2010 13
2010 13
2010 13
2010 13
2010 11
2010 9
2010 9
2010 11
2010 10
2010 10
2010 10
2010 8
2010 8
2010 9
2010 11
2010 10
2010 9
2010 11
2010 10
2010 10
2010 9
2010 9
2010 9
2010 9
2010 10
2010 9
2010 9
2010 12
2010 10
2010 11
2010 8
2010 8
2010 9
2010 8
2010 10
2010 10
2010 12
2010 12
2010 13
2010 13
2010 12
2010 11
2010 7
2010 10
2010 11
2010 12
2010 8
2010 11
2010 14
2010 12
2010 9
2010 10
2010 11
2010 9
2010 9
2010 9
2010 10
2010 9
2010 19
2010 22
2010 39
2010 37
2010 32
2010 33
2010 40
2010 36
2010 39
2010 35
2010 37
2010 38
2010 37
2010 35
2010 33
2010 33
2010 38
2010 37
2010 35
2010 34
2010 33
2010 40
2010 60
2010 57
2010 54
2010 53
2010 52
2010 51
2010 97
2010 98
2010 93
2010 88
2010 88
2010 87
2010 83
2010 90
2010 102
2010 95
2010 92
2010 88
2010 87
2010 84
2010 82
2010 83
2010 83
2010 82
2010 84
2010 86
2010 84
2010 88
2010 94
2010 105
2010 106
2010 106
2010 104
2010 101
2010 108
2010 118
2010 131
2010 131
2010 130
2010 136
2010 131
2010 130
2010 127
2010 123
2010 122
2010 121
2010 120
2010 118
2010 117
2010 117
2010 119
2010 120
2010 119
2010 117
2010 122
2010 120
2010 119
2010 117
2010 133
2010 129
2010 125
2010 124
2010 125
2010 126
2010 124
2010 NA
2010 149
2010 146
2010 141
2010 138
2010 137
2010 137
2010 135
2010 143
2010 146
2010 142
2010 141
2010 NA
2010 144
2010 NA
2010 139
2010 138
2010 137
2010 136
2010 NA
2010 138
2010 138
2010 147
2010 153
2010 151
2010 148
2010 148
2010 148
2010 145
2010 152
2010 150
2010 161
2010 161
2010 160
2010 160
2010 169
2010 165
2010 168
2010 170
2010 167
2010 166
2010 164
2010 167
2010 164
2010 163
2010 162
2010 161
2010 161
2010 161
2010 159
2010 157
2010 156
2010 156
2010 155
2010 155
2010 155
2010 160
2010 175
2010 175
2010 207
2010 194
2010 211
2010 202
2010 214
2010 201
2010 200
2010 203
2010 200
2010 193
2010 185
2010 182
2010 179
2010 178
2010 179
2010 181
2010 179
2010 178
2010 179
2010 177
2010 176
2010 173
2010 175
2010 177
2010 175
2010 173
2010 173
2010 167
2010 165
2010 161
2010 159
2010 156
2010 151
2010 145
2010 145
2010 162
2010 159
2010 159
2010 204
2010 186
2010 179
2010 168
2010 169
2010 163
2010 164
2010 162
2010 180
2010 189
2010 190
2010 186
2010 186
2010 182
2010 181
2010 179
2010 175
2010 169
2010 164
2010 156
2010 151
2010 148
2010 150
2010 149
2010 144
2010 156
2010 175
2010 168
2010 165
2010 159
2010 152
2010 145
2010 142
2010 134
2010 130
2010 NA
2010 116
2010 107
2010 98
2010 95
2010 89
2010 85
2010 81
2010 86
2010 86
2010 91
2010 99
2010 96
2010 91
2010 85
2010 80
2010 78
2010 70
2010 67
2010 63
2010 59
2010 55
2010 52
2010 48
2010 38
2010 35
2010 28
2010 23
2010 15
2010 5
2010 5
2010 2
2010 5
2010 6
2010 6
2010 5
2010 5
2010 5
2010 6
2010 6
2010 6
2010 5
2010 7
2010 7
2010 7
2010 7
2010 7
2010 7
2010 7
2010 6
2010 3
2010 7
2010 7
2010 6
2010 6
2010 7
2010 7
2010 5
2010 7
2010 7
2010 7
2010 8
2010 6
2010 7
2010 6
2010 7
2010 4
2010 15
2010 12
2010 10
2010 5
2010 6
2010 4
2010 9
2010 6
2010 0
2010 6
2010 8
2010 6
2010 10
2010 11
2010 10
2010 9
2010 10
2011 10
2011 8
2011 9
2011 7
2011 NA
2011 10
2011 7
2011 11
2011 9
2011 6
2011 7
2011 4
2011 8
2011 4
2011 5
2011 6
2011 5
2011 5
2011 9
2011 8
2011 6
2011 5
2011 5
2011 1
2011 15
2011 18
2011 13
2011 8
2011 10
2011 7
2011 9
2011 4
2011 4
2011 4
2011 4
2011 5
2011 4
2011 4
2011 4
2011 4
2011 5
2011 6
2011 5
2011 6
2011 8
2011 0
2011 11
2011 6
2011 9
2011 9
2011 8
2011 8
2011 8
2011 8
2011 35
2011 27
2011 19
2011 18
2011 16
2011 15
2011 18
2011 19
2011 18
2011 18
2011 16
2011 16
2011 17
2011 26
2011 23
2011 26
2011 28
2011 34
2011 52
2011 49
2011 48
2011 52
2011 67
2011 62
2011 64
2011 70
2011 69
2011 67
2011 74
2011 88
2011 79
2011 77
2011 82
2011 79
2011 75
2011 74
2011 74
2011 82
2011 78
2011 78
2011 76
2011 79
2011 93
2011 100
2011 97
2011 102
2011 100
2011 97
2011 95
2011 93
2011 94
2011 94
2011 94
2011 108
2011 106
2011 104
2011 105
2011 105
2011 104
2011 107
2011 122
2011 119
2011 117
2011 116
2011 118
2011 116
2011 114
2011 111
2011 112
2011 110
2011 110
2011 110
2011 109
2011 108
2011 111
2011 110
2011 110
2011 112
2011 114
2011 122
2011 121
2011 119
2011 115
2011 114
2011 114
2011 114
2011 113
2011 115
2011 115
2011 114
2011 114
2011 114
2011 114
2011 113
2011 113
2011 113
2011 112
2011 112
2011 111
2011 111
2011 112
2011 113
2011 113
2011 112
2011 111
2011 110
2011 111
2011 111
2011 111
2011 111
2011 111
2011 110
2011 110
2011 114
2011 114
2011 113
2011 112
2011 114
2011 133
2011 128
2011 129
2011 129
2011 NA
2011 132
2011 132
2011 151
2011 147
2011 144
2011 NA
2011 NA
2011 NA
2011 135
2011 NA
2011 133
2011 132
2011 132
2011 131
2011 130
2011 129
2011 128
2011 128
2011 127
2011 134
2011 151
2011 146
2011 167
2011 159
2011 155
2011 152
2011 147
2011 141
2011 139
2011 136
2011 NA
2011 143
2011 139
2011 144
2011 140
2011 141
2011 140
2011 138
2011 140
2011 137
2011 134
2011 130
2011 NA
2011 123
2011 119
2011 117
2011 115
2011 115
2011 123
2011 119
2011 118
2011 116
2011 114
2011 113
2011 111
2011 109
2011 107
2011 102
2011 101
2011 93
2011 96
2011 96
2011 97
2011 96
2011 95
2011 96
2011 93
2011 99
2011 98
2011 96
2011 93
2011 87
2011 86
2011 82
2011 79
2011 77
2011 75
2011 72
2011 67
2011 87
2011 80
2011 79
2011 76
2011 72
2011 66
2011 65
2011 64
2011 57
2011 54
2011 47
2011 43
2011 43
2011 39
2011 31
2011 24
2011 25
2011 39
2011 32
2011 25
2011 22
2011 20
2011 17
2011 18
2011 25
2011 28
2011 27
2011 26
2011 21
2011 19
2011 16
2011 11
2011 11
2011 7
2011 10
2011 8
2011 7
2011 6
2011 6
2011 10
2011 8
2011 5
2011 6
2011 4
2011 3
2011 6
2011 9
2011 8
2011 7
2011 8
2011 7
2011 6
2011 5
2011 6
2011 5
2011 6
2011 6
2011 5
2011 4
2011 11
2011 9
2011 7
2011 6
2011 10
2011 8
2011 3
2011 11
2011 11
2011 10
2011 11
2011 11
2011 9
2011 9
2011 11
2011 11
2011 7
2011 10
2011 7
2011 6
2011 6
2011 5
2011 5
2011 6
2011 5
2011 9
2011 11
2011 10
2011 10
2011 5
2011 6
2011 6
2011 5
2011 6
2011 5
2011 6
2011 4
2011 5
2011 5
2011 4
2011 8
2011 4
2011 5
2011 5
2011 7
2011 8
2011 7
2011 5
2011 5
2011 6
2012 5
2012 5
2012 8
2012 7
2012 10
2012 7
2012 8
2012 6
2012 5
2012 6
2012 5
2012 5
2012 6
2012 4
2012 8
2012 5
2012 5
2012 NA
2012 4
2012 6
2012 6
2012 7
2012 5
2012 4
2012 4
2012 6
2012 4
2012 5
2012 6
2012 7
2012 6
2012 7
2012 8
2012 7
2012 8
2012 6
2012 11
2012 35
2012 24
2012 20
2012 15
2012 12
2012 9
2012 8
2012 8
2012 8
2012 7
2012 7
2012 2
2012 9
2012 6
2012 8
2012 7
2012 6
2012 7
2012 7
2012 6
2012 7
2012 7
2012 7
2012 8
2012 7
2012 7
2012 2
2012 6
2012 11
2012 11
2012 16
2012 16
2012 16
2012 16
2012 15
2012 16
2012 15
2012 15
2012 15
2012 16
2012 15
2012 15
2012 16
2012 16
2012 15
2012 15
2012 15
2012 15
2012 15
2012 15
2012 15
2012 15
2012 15
2012 15
2012 15
2012 16
2012 22
2012 25
2012 38
2012 52
2012 78
2012 77
2012 70
2012 65
2012 61
2012 68
2012 69
2012 87
2012 96
2012 134
2012 130
2012 124
2012 119
2012 145
2012 150
2012 152
2012 142
2012 149
2012 141
2012 136
2012 132
2012 128
2012 131
2012 NA
2012 193
2012 180
2012 185
2012 179
2012 177
2012 200
2012 208
2012 203
2012 225
2012 212
2012 204
2012 197
2012 193
2012 186
2012 183
2012 179
2012 176
2012 174
2012 NA
2012 171
2012 193
2012 224
2012 213
2012 207
2012 215
2012 218
2012 210
2012 204
2012 203
2012 206
2012 201
2012 202
2012 199
2012 197
2012 195
2012 193
2012 191
2012 190
2012 190
2012 189
2012 187
2012 187
2012 185
2012 185
2012 184
2012 180
2012 193
2012 197
2012 194
2012 191
2012 192
2012 194
2012 192
2012 190
2012 188
2012 186
2012 185
2012 184
2012 184
2012 184
2012 181
2012 178
2012 177
2012 176
2012 178
2012 189
2012 184
2012 183
2012 192
2012 185
2012 183
2012 181
2012 181
2012 178
2012 178
2012 176
2012 175
2012 175
2012 177
2012 206
2012 200
2012 196
2012 194
2012 190
2012 188
2012 186
2012 184
2012 182
2012 179
2012 178
2012 176
2012 174
2012 173
2012 172
2012 170
2012 167
2012 176
2012 171
2012 174
2012 177
2012 174
2012 169
2012 187
2012 176
2012 177
2012 183
2012 191
2012 195
2012 192
2012 192
2012 197
2012 202
2012 196
2012 203
2012 202
2012 208
2012 207
2012 203
2012 198
2012 193
2012 211
2012 208
2012 214
2012 215
2012 206
2012 203
2012 204
2012 204
2012 201
2012 200
2012 197
2012 191
2012 185
2012 184
2012 178
2012 175
2012 172
2012 184
2012 170
2012 167
2012 164
2012 164
2012 162
2012 168
2012 164
2012 158
2012 154
2012 149
2012 146
2012 144
2012 139
2012 136
2012 132
2012 127
2012 NA
2012 117
2012 118
2012 112
2012 111
2012 106
2012 101
2012 96
2012 90
2012 106
2012 115
2012 116
2012 108
2012 100
2012 91
2012 84
2012 78
2012 71
2012 64
2012 61
2012 53
2012 48
2012 42
2012 36
2012 30
2012 22
2012 19
2012 10
2012 4
2012 4
2012 4
2012 1
2012 5
2012 3
2012 4
2012 4
2012 4
2012 5
2012 5
2012 4
2012 4
2012 3
2012 4
2012 6
2012 6
2012 4
2012 6
2012 3
2012 4
2012 6
2012 6
2012 5
2012 4
2012 3
2012 4
2012 2
2012 3
2012 4
2012 4
2012 4
2012 4
2012 3
2012 3
2012 3
2012 3
2012 4
2012 4
2012 4
2012 3
2012 5
2012 4
2012 5
2012 4
2012 3
2012 2
2012 3
2012 4
2012 3
2012 4
2012 2
2012 2
2012 3
2012 1
2012 2
2012 3
2012 6
2012 6
2012 4
2012 4
2012 4
2012 1
2013 13
2013 6
2013 4
2013 3
2013 4
2013 4
2013 4
2013 3
2013 4
2013 4
2013 4
2013 0
2013 8
2013 6
2013 7
2013 5
2013 5
2013 4
2013 7
2013 8
2013 5
2013 4
2013 4
2013 5
2013 5
2013 3
2013 4
2013 4
2013 3
2013 4
2013 5
2013 5
2013 5
2013 4
2013 5
2013 5
2013 4
2013 4
2013 2
2013 0
2013 5
2013 5
2013 5
2013 5
2013 30
2013 12
2013 8
2013 6
2013 6
2013 4
2013 4
2013 4
2013 4
2013 5
2013 5
2013 5
2013 8
2013 30
2013 24
2013 20
2013 19
2013 13
2013 27
2013 22
2013 21
2013 30
2013 33
2013 29
2013 29
2013 28
2013 30
2013 41
2013 40
2013 37
2013 36
2013 34
2013 33
2013 34
2013 34
2013 33
2013 33
2013 34
2013 33
2013 33
2013 32
2013 31
2013 33
2013 42
2013 55
2013 69
2013 66
2013 61
2013 64
2013 81
2013 104
2013 116
2013 116
2013 123
2013 125
2013 120
2013 141
2013 134
2013 126
2013 120
2013 116
2013 128
2013 NA
2013 146
2013 160
2013 151
2013 144
2013 156
2013 157
2013 158
2013 153
2013 147
2013 149
2013 151
2013 143
2013 140
2013 139
2013 136
2013 135
2013 137
2013 135
2013 NA
2013 129
2013 128
2013 126
2013 124
2013 123
2013 125
2013 166
2013 159
2013 152
2013 NA
2013 NA
2013 142
2013 141
2013 NA
2013 141
2013 142
2013 146
2013 144
2013 142
2013 140
2013 137
2013 137
2013 NA
2013 157
2013 160
2013 159
2013 158
2013 185
2013 206
2013 195
2013 206
2013 203
2013 202
2013 203
2013 199
2013 197
2013 193
2013 197
2013 197
2013 194
2013 190
2013 211
2013 203
2013 198
2013 194
2013 191
2013 192
2013 190
2013 186
2013 188
2013 182
2013 183
2013 181
2013 179
2013 179
2013 177
2013 177
2013 177
2013 176
2013 177
2013 177
2013 178
2013 180
2013 180
2013 181
2013 179
2013 175
2013 177
2013 187
2013 183
2013 181
2013 188
2013 194
2013 189
2013 189
2013 193
2013 190
2013 189
2013 186
2013 189
2013 201
2013 194
2013 203
2013 212
2013 216
2013 219
2013 213
2013 207
2013 204
2013 199
2013 199
2013 199
2013 198
2013 194
2013 210
2013 208
2013 208
2013 207
2013 205
2013 203
2013 198
2013 191
2013 186
2013 181
2013 190
2013 205
2013 195
2013 188
2013 183
2013 180
2013 176
2013 169
2013 183
2013 188
2013 188
2013 176
2013 186
2013 182
2013 178
2013 176
2013 169
2013 174
2013 171
2013 169
2013 166
2013 172
2013 168
2013 170
2013 163
2013 163
2013 174
2013 173
2013 190
2013 186
2013 199
2013 193
2013 190
2013 197
2013 189
2013 193
2013 204
2013 198
2013 191
2013 185
2013 229
2013 219
2013 220
2013 224
2013 214
2013 207
2013 202
2013 197
2013 191
2013 184
2013 182
2013 189
2013 192
2013 187
2013 185
2013 178
2013 171
2013 164
2013 158
2013 150
2013 141
2013 133
2013 128
2013 123
2013 120
2013 117
2013 116
2013 115
2013 113
2013 116
2013 114
2013 132
2013 121
2013 115
2013 108
2013 106
2013 100
2013 92
2013 88
2013 81
2013 81
2013 76
2013 72
2013 61
2013 53
2013 47
2013 42
2013 37
2013 32
2013 32
2013 27
2013 17
2013 9
2013 5
2013 5
2013 5
2013 5
2013 4
2013 4
2013 3
2013 4
2013 6
2013 6
2013 5
2013 4
2013 4
2013 4
2013 4
2013 3
2013 5
2013 7
2013 6
2013 8
2013 6
2013 6
2013 6
2013 7
2013 6
2013 4
2013 5
2013 5
2013 5
2013 7
2013 6
2013 6
2013 4
2013 5
2013 9
2013 8
2013 7
2013 6
2013 7
2013 5
2013 7
2013 6
2014 6
2014 6
2014 5
2014 3
2014 5
2014 5
2014 6
2014 8
2014 6
2014 8
2014 8
2014 7
2014 7
2014 6
2014 0
2014 2
2014 8
2014 8
2014 7
2014 6
2014 6
2014 6
2014 6
2014 6
2014 6
2014 2
2014 3
2014 2
2014 3
2014 8
2014 5
2014 4
2014 3
2014 2
2014 8
2014 4
2014 5
2014 7
2014 4
2014 6
2014 6
2014 28
2014 26
2014 22
2014 19
2014 25
2014 23
2014 21
2014 20
2014 16
2014 18
2014 14
2014 12
2014 12
2014 9
2014 7
2014 7
2014 7
2014 6
2014 7
2014 8
2014 7
2014 7
2014 35
2014 29
2014 43
2014 37
2014 35
2014 33
2014 39
2014 63
2014 60
2014 55
2014 52
2014 50
2014 65
2014 61
2014 58
2014 55
2014 59
2014 58
2014 73
2014 70
2014 65
2014 65
2014 63
2014 62
2014 62
2014 61
2014 61
2014 80
2014 74
2014 71
2014 68
2014 67
2014 66
2014 65
2014 64
2014 64
2014 63
2014 63
2014 62
2014 61
2014 61
2014 62
2014 61
2014 59
2014 58
2014 58
2014 60
2014 67
2014 66
2014 65
2014 65
2014 67
2014 85
2014 122
2014 114
2014 110
2014 116
2014 114
2014 111
2014 108
2014 116
2014 111
2014 122
2014 127
2014 123
2014 119
2014 116
2014 114
2014 108
2014 107
2014 106
2014 104
2014 124
2014 126
2014 123
2014 125
2014 123
2014 131
2014 127
2014 131
2014 128
2014 127
2014 141
2014 NA
2014 117
2014 136
2014 129
2014 128
2014 128
2014 130
2014 NA
2014 151
2014 153
2014 160
2014 160
2014 157
2014 167
2014 164
2014 159
2014 158
2014 166
2014 161
2014 185
2014 175
2014 170
2014 186
2014 184
2014 178
2014 181
2014 177
2014 185
2014 186
2014 198
2014 189
2014 187
2014 186
2014 192
2014 193
2014 205
2014 199
2014 208
2014 205
2014 202
2014 200
2014 196
2014 193
2014 190
2014 190
2014 185
2014 183
2014 179
2014 178
2014 175
2014 174
2014 172
2014 171
2014 169
2014 165
2014 164
2014 180
2014 205
2014 196
2014 189
2014 186
2014 181
2014 178
2014 175
2014 174
2014 171
2014 170
2014 170
2014 168
2014 166
2014 166
2014 162
2014 159
2014 163
2014 159
2014 158
2014 156
2014 156
2014 155
2014 153
2014 152
2014 150
2014 149
2014 151
2014 161
2014 157
2014 154
2014 153
2014 151
2014 149
2014 149
2014 147
2014 189
2014 204
2014 187
2014 192
2014 182
2014 199
2014 202
2014 196
2014 189
2014 186
2014 197
2014 185
2014 180
2014 177
2014 181
2014 185
2014 195
2014 194
2014 186
2014 181
2014 179
2014 178
2014 178
2014 173
2014 167
2014 166
2014 172
2014 168
2014 166
2014 165
2014 181
2014 174
2014 175
2014 173
2014 170
2014 167
2014 166
2014 165
2014 168
2014 162
2014 156
2014 149
2014 142
2014 137
2014 129
2014 NA
2014 113
2014 111
2014 110
2014 111
2014 109
2014 106
2014 102
2014 104
2014 97
2014 90
2014 86
2014 82
2014 77
2014 74
2014 71
2014 65
2014 62
2014 60
2014 59
2014 54
2014 53
2014 42
2014 39
2014 35
2014 24
2014 22
2014 35
2014 34
2014 46
2014 37
2014 32
2014 27
2014 23
2014 16
2014 8
2014 3
2014 4
2014 2
2014 5
2014 8
2014 4
2014 4
2014 7
2014 4
2014 6
2014 4
2014 5
2014 6
2014 5
2014 4
2014 4
2014 6
2014 5
2014 6
2014 5
2014 4
2014 4
2014 4
2014 5
2014 4
2014 5
2014 6
2014 7
2014 7
2014 7
2014 7
2014 5
2014 5
2014 5
2014 7
2014 5
2014 6
2014 6
2014 4
2014 5
2014 5
2014 4
2014 4
2014 4
2014 4
2014 6
2015 7
2015 6
2015 5
2015 5
2015 5
2015 4
2015 4
2015 4
2015 6
2015 5
2015 2
2015 1
2015 1
2015 1
2015 1
2015 1
2015 1
2015 1
2015 1
2015 1
2015 0
2015 2
2015 3
2015 1
2015 2
2015 1
2015 2
2015 1
2015 1
2015 2
2015 2
2015 2
2015 2
2015 2
2015 2
2015 2
2015 1
2015 1
2015 1
2015 1
2015 1
2015 1
2015 2
2015 1
2015 2
2015 1
2015 4
2015 1
2015 2
2015 1
2015 2
2015 9
2015 4
2015 1
2015 1
2015 1
2015 2
2015 1
2015 2
2015 1
2015 1
2015 1
2015 1
2015 2
2015 9
2015 38
2015 36
2015 33
2015 31
2015 28
2015 32
2015 26
2015 37
2015 38
2015 34
2015 50
2015 67
2015 68
2015 65
2015 66
2015 62
2015 59
2015 57
2015 55
2015 54
2015 52
2015 51
2015 50
2015 52
2015 50
2015 50
2015 52
2015 50
2015 50
2015 49
2015 49
2015 47
2015 49
2015 48
2015 54
2015 55
2015 54
2015 54
2015 58
2015 57
2015 56
2015 61
2015 83
2015 88
2015 84
2015 87
2015 84
2015 80
2015 76
2015 75
2015 75
2015 79
2015 93
2015 98
2015 97
2015 95
2015 90
2015 89
2015 91
2015 93
2015 94
2015 92
2015 91
2015 90
2015 90
2015 91
2015 93
2015 91
2015 89
2015 88
2015 90
2015 91
2015 102
2015 131
2015 126
2015 121
2015 117
2015 117
2015 114
2015 112
2015 110
2015 110
2015 118
2015 127
2015 124
2015 131
2015 137
2015 137
2015 NA
2015 144
2015 NA
2015 NA
2015 134
2015 138
2015 136
2015 134
2015 NA
2015 131
2015 129
2015 129
2015 128
2015 128
2015 133
2015 132
2015 130
2015 128
2015 128
2015 127
2015 131
2015 143
2015 150
2015 174
2015 164
2015 158
2015 167
2015 162
2015 168
2015 168
2015 174
2015 192
2015 182
2015 176
2015 172
2015 168
2015 164
2015 161
2015 157
2015 155
2015 154
2015 153
2015 152
2015 152
2015 152
2015 150
2015 148
2015 148
2015 158
2015 162
2015 160
2015 158
2015 163
2015 160
2015 159
2015 162
2015 172
2015 201
2015 197
2015 209
2015 210
2015 215
2015 231
2015 248
2015 226
2015 220
2015 213
2015 203
2015 197
2015 195
2015 191
2015 188
2015 184
2015 181
2015 179
2015 182
2015 180
2015 178
2015 177
2015 174
2015 171
2015 168
2015 164
2015 164
2015 165
2015 164
2015 170
2015 166
2015 166
2015 192
2015 195
2015 181
2015 175
2015 169
2015 165
2015 162
2015 163
2015 159
2015 157
2015 152
2015 146
2015 143
2015 137
2015 157
2015 143
2015 137
2015 132
2015 134
2015 150
2015 156
2015 152
2015 147
2015 142
2015 140
2015 147
2015 141
2015 138
2015 134
2015 131
2015 NA
2015 120
2015 115
2015 108
2015 102
2015 95
2015 89
2015 83
2015 80
2015 78
2015 74
2015 71
2015 66
2015 57
2015 54
2015 53
2015 51
2015 47
2015 46
2015 39
2015 39
2015 35
2015 27
2015 28
2015 23
2015 17
2015 8
2015 5
2015 0
2015 0
2015 0
2015 0
2015 0
2015 0
2015 0
2015 0
2015 0
2015 0
2015 1
2015 3
2015 2
2015 0
2015 0
2015 0
2015 0
2015 0
2015 0
2015 1
2015 3
2015 0
2015 0
2015 0
2015 1
2015 1
2015 2
2015 3
2015 1
2015 2
2015 1
2015 1
2015 2
2015 2
2015 1
2015 1
2015 0
2015 2
2015 0
2015 1
2015 1
2015 1
2015 2
2015 1
2015 2
2015 0
2015 0
2015 2
2015 0
2015 2
2015 2
2015 3
2015 3
2015 2
2015 2
2015 2
2015 2
2015 1
2015 2
2015 2
2015 1
2015 1
2015 1
2015 2
2015 2
2016 1
2016 1
2016 2
2016 3
2016 5
2016 3
2016 2
2016 3
2016 4
2016 3
2016 3
2016 2
2016 3
2016 3
2016 2
2016 1
2016 3
2016 3
2016 2
2016 3
2016 1
2016 2
2016 3
2016 3
2016 2
2016 2
2016 2
2016 3
2016 4
2016 3
2016 3
2016 2
2016 4
2016 3
2016 1
2016 0
2016 3
2016 4
2016 2
2016 3
2016 3
2016 2
2016 0
2016 5
2016 22
2016 14
2016 8
2016 7
2016 9
2016 8
2016 8
2016 8
2016 5
2016 5
2016 3
2016 2
2016 2
2016 5
2016 9
2016 9
2016 8
2016 7
2016 7
2016 7
2016 7
2016 7
2016 6
2016 4
2016 3
2016 3
2016 3
2016 3
2016 2
2016 3
2016 4
2016 2
2016 3
2016 3
2016 3
2016 1
2016 12
2016 48
2016 49
2016 43
2016 39
2016 66
2016 64
2016 55
2016 56
2016 59
2016 50
2016 46
2016 44
2016 41
2016 39
2016 44
2016 39
2016 40
2016 38
2016 43
2016 42
2016 42
2016 41
2016 41
2016 41
2016 41
2016 50
2016 NA
2016 48
2016 47
2016 47
2016 47
2016 46
2016 46
2016 46
2016 46
2016 45
2016 45
2016 45
2016 46
2016 45
2016 45
2016 45
2016 59
2016 61
2016 76
2016 82
2016 76
2016 91
2016 91
2016 98
2016 97
2016 131
2016 118
2016 129
2016 120
2016 116
2016 116
2016 114
2016 110
2016 115
2016 111
2016 109
2016 104
2016 106
2016 104
2016 102
2016 101
2016 100
2016 99
2016 97
2016 96
2016 123
2016 NA
2016 119
2016 139
2016 146
2016 155
2016 149
2016 165
2016 161
2016 161
2016 159
2016 158
2016 169
2016 171
2016 183
2016 179
2016 173
2016 169
2016 166
2016 172
2016 177
2016 173
2016 170
2016 180
2016 180
2016 199
2016 191
2016 187
2016 190
2016 190
2016 186
2016 192
2016 202
2016 195
2016 200
2016 201
2016 195
2016 196
2016 194
2016 191
2016 188
2016 187
2016 186
2016 183
2016 183
2016 201
2016 197
2016 195
2016 193
2016 192
2016 190
2016 189
2016 188
2016 186
2016 194
2016 193
2016 192
2016 193
2016 196
2016 190
2016 190
2016 187
2016 185
2016 184
2016 189
2016 192
2016 187
2016 184
2016 191
2016 194
2016 190
2016 189
2016 188
2016 194
2016 189
2016 191
2016 190
2016 192
2016 207
2016 194
2016 190
2016 188
2016 184
2016 205
2016 213
2016 209
2016 202
2016 202
2016 201
2016 200
2016 200
2016 221
2016 211
2016 210
2016 207
2016 203
2016 201
2016 199
2016 198
2016 193
2016 193
2016 190
2016 211
2016 220
2016 227
2016 221
2016 217
2016 212
2016 208
2016 215
2016 206
2016 199
2016 194
2016 227
2016 214
2016 205
2016 200
2016 192
2016 187
2016 200
2016 196
2016 192
2016 190
2016 193
2016 188
2016 186
2016 182
2016 178
2016 173
2016 170
2016 170
2016 164
2016 164
2016 164
2016 163
2016 160
2016 157
2016 155
2016 158
2016 161
2016 165
2016 157
2016 153
2016 144
2016 137
2016 131
2016 129
2016 NA
2016 120
2016 111
2016 107
2016 100
2016 92
2016 88
2016 82
2016 75
2016 68
2016 61
2016 54
2016 51
2016 40
2016 32
2016 24
2016 18
2016 16
2016 29
2016 22
2016 15
2016 6
2016 0
2016 2
2016 3
2016 2
2016 1
2016 1
2016 2
2016 1
2016 2
2016 2
2016 2
2016 2
2016 2
2016 2
2016 3
2016 1
2016 3
2016 2
2016 3
2016 3
2016 3
2016 3
2016 2
2016 5
2016 5
2016 3
2016 2
2016 3
2016 3
2016 4
2016 3
2016 1
2016 1
2016 1
2016 5
2016 3
2016 4
2016 5
2016 4
2016 4
2016 4
2016 5
2016 5
2016 7
2016 8
2017 7
2017 6
2017 7
2017 5
2017 6
2017 8
2017 6
2017 6
2017 7
2017 6
2017 7
2017 7
2017 7
2017 8
2017 8
2017 4
2017 3
2017 8
2017 10
2017 8
2017 9
2017 8
2017 8
2017 9
2017 8
2017 8
2017 8
2017 8
2017 8
2017 8
2017 8
2017 8
2017 9
2017 9
2017 9
2017 9
2017 9
2017 8
2017 9
2017 9
2017 4
2017 8
2017 8
2017 9
2017 8
2017 8
2017 8
2017 8
2017 8
2017 9
2017 8
2017 9
2017 8
2017 7
2017 8
2017 21
2017 18
2017 15
2017 14
2017 13
2017 13
2017 13
2017 14
2017 13
2017 14
2017 19
2017 34
2017 35
2017 39
2017 33
2017 61
2017 92
2017 80
2017 75
2017 73
2017 68
2017 63
2017 60
2017 60
2017 61
2017 61
2017 64
2017 75
2017 72
2017 66
2017 63
2017 63
2017 62
2017 61
2017 61
2017 60
2017 61
2017 60
2017 60
2017 60
2017 60
2017 60
2017 59
2017 59
2017 60
2017 59
2017 59
2017 58
2017 58
2017 58
2017 59
2017 58
2017 58
2017 58
2017 67
2017 73
2017 73
2017 73
2017 72
2017 72
2017 72
2017 72
2017 72
2017 71
2017 71
2017 71
2017 71
2017 71
2017 71
2017 71
2017 74
2017 82
2017 79
2017 80
2017 88
2017 86
2017 100
2017 99
2017 100
2017 109
2017 123
2017 117
2017 114
2017 111
2017 109
2017 108
2017 106
2017 105
2017 105
2017 103
2017 104
2017 103
2017 102
2017 110
2017 108
2017 106
2017 109
2017 NA
2017 129
2017 133
2017 141
2017 142
2017 148
2017 155
2017 157
2017 165
2017 159
2017 158
2017 155
2017 154
2017 151
2017 148
2017 146
2017 145
2017 150
2017 146
2017 146
2017 144
2017 145
2017 143
2017 141
2017 146
2017 148
2017 147
2017 150
2017 165
2017 170
2017 177
2017 178
2017 206
2017 205
2017 199
2017 225
2017 223
2017 231
2017 229
2017 224
2017 220
2017 218
2017 216
2017 214
2017 211
2017 209
2017 217
2017 213
2017 209
2017 208
2017 208
2017 214
2017 209
2017 215
2017 215
2017 214
2017 212
2017 211
2017 209
2017 208
2017 207
2017 215
2017 210
2017 214
2017 214
2017 211
2017 209
2017 207
2017 205
2017 202
2017 202
2017 200
2017 198
2017 196
2017 196
2017 199
2017 196
2017 205
2017 203
2017 201
2017 198
2017 195
2017 194
2017 192
2017 196
2017 195
2017 211
2017 213
2017 203
2017 199
2017 216
2017 221
2017 215
2017 223
2017 212
2017 216
2017 228
2017 225
2017 218
2017 215
2017 219
2017 215
2017 213
2017 213
2017 211
2017 206
2017 200
2017 198
2017 211
2017 208
2017 201
2017 197
2017 192
2017 188
2017 183
2017 177
2017 172
2017 167
2017 162
2017 158
2017 149
2017 147
2017 142
2017 139
2017 134
2017 134
2017 132
2017 130
2017 124
2017 NA
2017 115
2017 109
2017 105
2017 96
2017 91
2017 85
2017 80
2017 71
2017 66
2017 53
2017 46
2017 35
2017 23
2017 13
2017 7
2017 6
2017 4
2017 5
2017 3
2017 8
2017 9
2017 2
2017 5
2017 7
2017 7
2017 6
2017 6
2017 6
2017 6
2017 7
2017 6
2017 6
2017 7
2017 5
2017 8
2017 7
2017 6
2017 5
2017 7
2017 6
2017 7
2017 7
2017 5
2017 6
2017 8
2017 6
2017 8
2017 5
2017 6
2017 6
2017 7
2017 5
2017 4
2017 5
2017 5
2017 4
2017 5
2017 7
2017 6
2017 8
2017 7
2017 8
2017 15
2017 8
2017 5
2017 5
2017 6
2017 5
2017 5
2017 3
2017 7
2017 8
2017 7
2017 6
2017 5
2017 7
2017 6
2017 6
2017 6
2017 7
2017 5
2017 4
2017 7
2018 4
2018 3
2018 8
2018 7
2018 8
2018 7
2018 8
2018 9
2018 0
2018 8
2018 8
2018 9
2018 7
2018 10
2018 9
2018 9
2018 2
2018 7
2018 7
2018 9
2018 9
2018 9
2018 8
2018 9
2018 9
2018 4
2018 8
2018 8
2018 7
2018 8
2018 8
2018 6
2018 9
2018 9
2018 8
2018 9
2018 8
2018 8
2018 8
2018 9
2018 9
2018 8
2018 9
2018 9
2018 8
2018 8
2018 8
2018 9
2018 8
2018 8
2018 8
2018 4
2018 12
2018 8
2018 8
2018 8
2018 8
2018 8
2018 7
2018 8
2018 8
2018 8
2018 8
2018 8
2018 8
2018 21
2018 25
2018 19
2018 18
2018 17
2018 19
2018 28
2018 45
2018 58
2018 52
2018 47
2018 44
2018 42
2018 41
2018 52
2018 47
2018 45
2018 43
2018 43
2018 42
2018 47
2018 48
2018 47
2018 46
2018 54
2018 54
2018 51
2018 52
2018 51
2018 50
2018 50
2018 49
2018 49
2018 61
2018 64
2018 120
2018 111
2018 115
2018 109
2018 104
2018 109
2018 106
2018 104
2018 125
2018 117
2018 112
2018 107
2018 103
2018 101
2018 98
2018 96
2018 96
2018 99
2018 105
2018 105
2018 148
2018 136
2018 134
2018 139
2018 152
2018 197
2018 190
2018 183
2018 181
2018 200
2018 235
2018 224
2018 216
2018 210
2018 206
2018 202
2018 200
2018 169
2018 175
2018 192
2018 189
2018 203
2018 234
2018 276
2018 270
2018 260
2018 252
2018 249
2018 243
2018 240
2018 236
2018 232
2018 229
2018 235
2018 232
2018 229
2018 227
2018 228
2018 225
2018 223
2018 220
2018 218
2018 217
2018 224
2018 238
2018 233
2018 228
2018 258
2018 260
2018 266
2018 259
2018 255
2018 254
2018 252
2018 250
2018 247
2018 245
2018 243
2018 243
2018 241
2018 239
2018 238
2018 245
2018 252
2018 246
2018 242
2018 241
2018 247
2018 250
2018 242
2018 240
2018 249
2018 254
2018 262
2018 254
2018 254
2018 249
2018 263
2018 265
2018 277
2018 262
2018 259
2018 256
2018 256
2018 251
2018 251
2018 252
2018 265
2018 262
2018 268
2018 269
2018 280
2018 274
2018 269
2018 265
2018 265
2018 260
2018 256
2018 251
2018 246
2018 246
2018 252
2018 248
2018 253
2018 251
2018 248
2018 246
2018 241
2018 239
2018 236
2018 233
2018 228
2018 223
2018 218
2018 215
2018 212
2018 208
2018 204
2018 201
2018 198
2018 210
2018 206
2018 206
2018 207
2018 212
2018 200
2018 197
2018 191
2018 196
2018 188
2018 184
2018 186
2018 182
2018 175
2018 172
2018 173
2018 176
2018 178
2018 173
2018 172
2018 168
2018 167
2018 166
2018 163
2018 163
2018 159
2018 155
2018 152
2018 147
2018 142
2018 137
2018 136
2018 133
2018 130
2018 126
2018 124
2018 120
2018 115
2018 113
2018 111
2018 109
2018 106
2018 101
2018 96
2018 88
2018 97
2018 90
2018 84
2018 82
2018 79
2018 75
2018 69
2018 62
2018 58
2018 53
2018 46
2018 49
2018 45
2018 40
2018 33
2018 27
2018 23
2018 12
2018 2
2018 3
2018 2
2018 4
2018 4
2018 6
2018 4
2018 4
2018 5
2018 4
2018 5
2018 5
2018 6
2018 4
2018 5
2018 6
2018 6
2018 5
2018 4
2018 4
2018 4
2018 8
2018 5
2018 4
2018 3
2018 4
2018 3
2018 4
2018 4
2018 2
2018 3
2018 6
2018 4
2018 3
2018 4
2018 3
2018 2
2018 4
2018 5
2018 6
2018 5
2018 5
2018 4
2018 5
2018 6
2018 4
2018 5
2018 6
2018 5
2018 3
2018 3
2018 8
2018 8
2018 7
2018 8
2018 5
2018 8
2018 7
2018 7
2018 7
2018 7
2018 8
2019 NA
2019 7
2019 7
2019 7
2019 7
2019 8
2019 7
2019 7
2019 7
2019 7
2019 7
2019 6
2019 7
2019 7
2019 7
2019 7
2019 7
2019 6
2019 7
2019 7
2019 7
2019 7
2019 5
2019 7
2019 8
2019 8
2019 8
2019 7
2019 8
2019 8
2019 16
2019 7
2019 7
2019 8
2019 8
2019 7
2019 8
2019 8
2019 8
2019 7
2019 8
2019 8
2019 7
2019 8
2019 8
2019 8
2019 8
2019 8
2019 8
2019 9
2019 8
2019 8
2019 8
2019 8
2019 8
2019 8
2019 6
2019 19
2019 50
2019 51
2019 47
2019 62
2019 60
2019 57
2019 52
2019 53
2019 65
2019 68
2019 63
2019 60
2019 58
2019 56
2019 54
2019 53
2019 51
2019 51
2019 51
2019 51
2019 50
2019 52
2019 52
2019 54
2019 54
2019 59
2019 58
2019 57
2019 63
2019 74
2019 70
2019 66
2019 66
2019 65
2019 76
2019 93
2019 93
2019 91
2019 96
2019 92
2019 105
2019 98
2019 114
2019 115
2019 109
2019 106
2019 103
2019 101
2019 117
2019 131
2019 125
2019 128
2019 123
2019 126
2019 129
2019 136
2019 165
2019 156
2019 151
2019 148
2019 145
2019 142
2019 140
2019 138
2019 136
2019 134
2019 133
2019 132
2019 132
2019 130
2019 129
2019 134
2019 137
2019 134
2019 133
2019 131
2019 188
2019 185
2019 175
2019 170
2019 172
2019 169
2019 165
2019 163
2019 160
2019 158
2019 158
2019 156
2019 155
2019 154
2019 157
2019 175
2019 173
2019 170
2019 169
2019 176
2019 178
2019 189
2019 183
2019 178
2019 175
2019 178
2019 184
2019 181
2019 191
2019 191
2019 186
2019 183
2019 180
2019 178
2019 176
2019 174
2019 173
2019 171
2019 171
2019 170
2019 170
2019 168
2019 167
2019 166
2019 164
2019 163
2019 162
2019 185
2019 181
2019 175
2019 179
2019 174
2019 177
2019 188
2019 186
2019 183
2019 183
2019 201
2019 199
2019 207
2019 241
2019 243
2019 233
2019 228
2019 231
2019 226
2019 222
2019 218
2019 214
2019 211
2019 206
2019 206
2019 207
2019 206
2019 203
2019 202
2019 201
2019 200
2019 199
2019 198
2019 214
2019 254
2019 233
2019 229
2019 230
2019 225
2019 221
2019 220
2019 221
2019 218
2019 216
2019 216
2019 216
2019 215
2019 213
2019 209
2019 207
2019 205
2019 201
2019 197
2019 195
2019 209
2019 216
2019 254
2019 251
2019 259
2019 246
2019 237
2019 233
2019 233
2019 227
2019 225
2019 237
2019 224
2019 221
2019 231
2019 238
2019 227
2019 233
2019 231
2019 226
2019 223
2019 221
2019 217
2019 217
2019 215
2019 219
2019 242
2019 239
2019 229
2019 223
2019 219
2019 219
2019 218
2019 215
2019 223
2019 219
2019 215
2019 211
2019 205
2019 200
2019 194
2019 187
2019 183
2019 181
2019 176
2019 172
2019 169
2019 165
2019 178
2019 172
2019 169
2019 161
2019 152
2019 146
2019 140
2019 132
2019 126
2019 122
2019 120
2019 116
2019 108
2019 101
2019 93
2019 83
2019 72
2019 62
2019 54
2019 43
2019 33
2019 22
2019 14
2019 7
2019 4
2019 4
2019 3
2019 4
2019 3
2019 4
2019 4
2019 5
2019 6
2019 5
2019 3
2019 4
2019 4
2019 5
2019 4
2019 4
2019 4
2019 3
2019 4
2019 3
2019 2
2019 3
2019 3
2019 5
2019 4
2019 3
2019 4
2019 6
2019 4
2019 5
2019 5
2019 4
2019 3
2019 3
2019 4
2019 3
2019 3
2019 3
2019 4
2019 6
2019 7
2019 6
2019 6
2019 5
2019 5
2019 3
2019 5
2019 5
2019 4
2019 4
2019 3
2019 6
2019 5
2019 4
2019 3
2019 4
2019 4
2019 5
2020 5
2020 4
2020 7
2020 4
2020 0
2020 7
2020 8
2020 13
2020 7
2020 5
2020 5
2020 4
2020 7
2020 4
2020 4
2020 3
2020 4
2020 4
2020 5
2020 6
2020 7
2020 5
2020 7
2020 5
2020 8
2020 5
2020 6
2020 7
2020 6
2020 7
2020 6
2020 8
2020 9
2020 7
2020 7
2020 0
2020 11
2020 6
2020 8
2020 9
2020 7
2020 6
2020 6
2020 6
2020 10
2020 13
2020 13
2020 11
2020 8
2020 7
2020 6
2020 5
2020 7
2020 7
2020 6
2020 6
2020 5
2020 7
2020 4
2020 7
2020 5
2020 0
2020 7
2020 3
2020 21
2020 20
2020 22
2020 18
2020 38
2020 31
2020 30
2020 26
2020 26
2020 26
2020 24
2020 47
2020 44
2020 52
2020 49
2020 47
2020 44
2020 44
2020 51
2020 68
2020 62
2020 60
2020 57
2020 61
2020 65
2020 82
2020 84
2020 87
2020 80
2020 78
2020 76
2020 73
2020 72
2020 70
2020 70
2020 81
2020 90
2020 85
2020 93
2020 110
2020 100
2020 95
2020 99
2020 102
2020 99
2020 100
2020 114
2020 112
2020 142
2020 134
2020 162
2020 146
2020 141
2020 176
2020 164
2020 157
2020 152
2020 148
2020 144
2020 141
2020 138
2020 136
2020 134
2020 133
2020 131
2020 130
2020 127
2020 128
2020 126
2020 125
2020 124
2020 124
2020 123
2020 122
2020 124
2020 138
2020 135
2020 133
2020 130
2020 129
2020 128
2020 129
2020 127
2020 127
2020 127
2020 149
2020 180
2020 170
2020 163
2020 158
2020 178
2020 181
2020 184
2020 194
2020 188
2020 184
2020 181
2020 179
2020 169
2020 161
2020 156
2020 164
2020 167
2020 163
2020 161
2020 155
2020 158
2020 174
2020 167
2020 161
2020 159
2020 156
2020 154
2020 154
2020 163
2020 166
2020 173
2020 169
2020 177
2020 195
2020 203
2020 198
2020 211
2020 210
2020 205
2020 201
2020 208
2020 231
2020 220
2020 213
2020 224
2020 216
2020 209
2020 205
2020 201
2020 197
2020 195
2020 193
2020 192
2020 191
2020 189
2020 187
2020 195
2020 194
2020 191
2020 188
2020 191
2020 188
2020 188
2020 188
2020 185
2020 187
2020 186
2020 184
2020 182
2020 180
2020 177
2020 175
2020 172
2020 169
2020 166
2020 164
2020 162
2020 157
2020 154
2020 151
2020 147
2020 147
2020 145
2020 145
2020 142
2020 139
2020 138
2020 135
2020 136
2020 134
2020 139
2020 146
2020 154
2020 172
2020 192
2020 217
2020 201
2020 190
2020 177
2020 167
2020 161
2020 154
2020 149
2020 152
2020 148
2020 152
2020 146
2020 145
2020 145
2020 142
2020 139
2020 134
2020 129
2020 123
2020 119
2020 117
2020 115
2020 112
2020 108
2020 102
2020 99
2020 96
2020 96
2020 92
2020 91
2020 88
2020 86
2020 94
2020 93
2020 90
2020 93
2020 100
2020 102
2020 119
2020 112
2020 102
2020 99
2020 99
2020 100
2020 98
2020 103
2020 103
2020 105
2020 104
2020 98
2020 94
2020 90
2020 84
2020 79
2020 76
2020 72
2020 67
2020 58
2020 51
2020 46
2020 36
2020 37
2020 29
2020 19
2020 8
2020 5
2020 6
2020 7
2020 5
2020 6
2020 6
2020 6
2020 6
2020 4
2020 5
2020 5
2020 7
2020 6
2020 7
2020 7
2020 6
2020 5
2020 6
2020 6
2020 6
2020 7
2020 6
2020 5
2020 7
2020 7
2020 7
2020 6
2020 0
2020 8
2020 8
2020 7
2020 7
2020 7
2020 7
2020 7
2020 6
2020 6
2020 7
2020 4
2020 6
2020 7
2020 4
2020 5
2020 6
2020 5
2020 6
2020 5
2020 6
2020 6
2020 8
2020 7
2020 8
2020 5
2020 5
2020 NA
2020 13
