1991 0
1991 0
1991 0
1991 0
1991 0
1991 0
1991 0
1991 0
1991 0
1991 0
1991 0
1991 0
1991 0
1991 0
1991 0
1991 0
1991 0
1991 0
1991 0
1991 0
1991 0
1991 0
1991 0
1991 0
1991 0
1991 0
1991 0
1991 0
1991 0
1991 0
1991 0
1991 0
1991 0
1991 0
1991 0
1991 0
1991 0
1991 0
1991 0
1991 0
1991 0
1991 0
1991 0
1991 0
1991 0
1991 0
1991 0
1991 0
1991 0
1991 0
1991 0
1991 0
1991 0
1991 0
1991 0
1991 0
1991 8
1991 6
1991 24
1991 43
1991 34
1991 31
1991 28
1991 27
1991 27
1991 26
1991 27
1991 28
1991 27
1991 27
1991 26
1991 26
1991 26
1991 27
1991 26
1991 24
1991 24
1991 25
1991 24
1991 23
1991 23
1991 27
1991 29
1991 59
1991 59
1991 73
1991 82
1991 78
1991 74
1991 71
1991 69
1991 65
1991 59
1991 60
1991 58
1991 57
1991 57
1991 57
1991 57
1991 90
1991 144
1991 190
1991 182
1991 170
1991 158
1991 151
1991 145
1991 138
1991 134
1991 131
1991 128
1991 124
1991 120
1991 118
1991 117
1991 115
1991 115
1991 117
1991 103
1991 100
1991 101
1991 99
1991 100
1991 98
1991 97
1991 97
1991 96
1991 103
1991 103
1991 103
1991 102
1991 102
1991 100
1991 100
1991 109
1991 167
1991 201
1991 179
1991 171
1991 162
1991 155
1991 149
1991 144
1991 140
1991 137
1991 133
1991 130
1991 128
1991 127
1991 126
1991 125
1991 124
1991 124
1991 124
1991 123
1991 122
1991 122
1991 121
1991 140
1991 138
1991 145
1991 144
1991 149
1991 146
1991 144
1991 142
1991 140
1991 138
1991 142
1991 117
1991 118
1991 120
1991 117
1991 121
1991 119
1991 118
1991 116
1991 117
1991 115
1991 112
1991 126
1991 142
1991 148
1991 146
1991 139
1991 139
1991 139
1991 151
1991 185
1991 266
1991 249
1991 242
1991 246
1991 235
1991 229
1991 227
1991 222
1991 216
1991 222
1991 216
1991 212
1991 212
1991 214
1991 223
1991 248
1991 253
1991 274
1991 264
1991 258
1991 266
1991 262
1991 255
1991 251
1991 240
1991 236
1991 251
1991 270
1991 265
1991 252
1991 242
1991 250
1991 239
1991 230
1991 224
1991 240
1991 236
1991 229
1991 231
1991 223
1991 232
1991 228
1991 228
1991 233
1991 228
1991 249
1991 237
1991 234
1991 255
1991 242
1991 237
1991 244
1991 235
1991 238
1991 260
1991 283
1991 259
1991 264
1991 268
1991 271
1991 261
1991 256
1991 272
1991 273
1991 265
1991 259
1991 256
1991 252
1991 247
1991 247
1991 244
1991 242
1991 240
1991 235
1991 226
1991 222
1991 211
1991 210
1991 200
1991 197
1991 196
1991 190
1991 185
1991 181
1991 180
1991 173
1991 170
1991 168
1991 160
1991 164
1991 163
1991 163
1991 158
1991 150
1991 142
1991 135
1991 126
1991 119
1991 113
1991 108
1991 97
1991 100
1991 97
1991 101
1991 100
1991 95
1991 89
1991 79
1991 64
1991 60
1991 49
1991 41
1991 37
1991 28
1991 28
1991 21
1991 10
1991 0
1991 0
1991 0
1991 0
1991 0
1991 0
1991 0
1991 0
1991 0
1991 0
1991 0
1991 0
1991 0
1991 0
1991 0
1991 0
1991 0
1991 0
1991 0
1991 0
1991 0
1991 0
1991 0
1991 0
1991 0
1991 0
1991 0
1991 0
1991 0
1991 0
1991 0
1991 0
1991 0
1991 0
1991 0
1991 0
1991 0
1991 0
1991 0
1991 0
1991 0
1991 0
1991 0
1991 0
1991 0
1991 0
1991 0
1991 0
1991 0
1991 0
1991 0
1991 0
1991 0
1991 0
1991 0
1991 0
1991 0
1991 0
1991 0
1992 0
1992 0
1992 0
1992 0
1992 0
1992 0
1992 0
1992 0
1992 0
1992 0
1992 0
1992 0
1992 0
1992 0
1992 0
1992 0
1992 0
1992 0
1992 0
1992 0
1992 0
1992 0
1992 0
1992 0
1992 0
1992 0
1992 0
1992 0
1992 13
1992 10
1992 5
1992 0
1992 0
1992 0
1992 0
1992 8
1992 31
1992 30
1992 22
1992 18
1992 12
1992 8
1992 25
1992 28
1992 36
1992 36
1992 33
1992 31
1992 27
1992 27
1992 28
1992 28
1992 28
1992 28
1992 26
1992 27
1992 27
1992 30
1992 27
1992 28
1992 33
1992 31
1992 29
1992 33
1992 37
1992 33
1992 32
1992 32
1992 33
1992 31
1992 31
1992 32
1992 32
1992 32
1992 47
1992 37
1992 39
1992 39
1992 39
1992 40
1992 40
1992 47
1992 44
1992 44
1992 46
1992 46
1992 45
1992 45
1992 45
1992 45
1992 45
1992 45
1992 45
1992 45
1992 45
1992 44
1992 44
1992 43
1992 44
1992 44
1992 45
1992 45
1992 44
1992 45
1992 44
1992 44
1992 45
1992 44
1992 45
1992 27
1992 27
1992 26
1992 93
1992 60
1992 53
1992 53
1992 53
1992 50
1992 50
1992 47
1992 46
1992 45
1992 44
1992 44
1992 46
1992 48
1992 49
1992 48
1992 43
1992 43
1992 43
1992 86
1992 85
1992 90
1992 81
1992 75
1992 69
1992 67
1992 66
1992 64
1992 62
1992 63
1992 73
1992 75
1992 72
1992 75
1992 76
1992 71
1992 70
1992 68
1992 69
1992 68
1992 66
1992 66
1992 65
1992 65
1992 30
1992 18
1992 17
1992 17
1992 17
1992 19
1992 19
1992 23
1992 24
1992 20
1992 44
1992 39
1992 34
1992 35
1992 35
1992 35
1992 35
1992 35
1992 35
1992 35
1992 34
1992 34
1992 36
1992 37
1992 35
1992 37
1992 36
1992 36
1992 34
1992 33
1992 32
1992 37
1992 33
1992 35
1992 35
1992 33
1992 35
1992 34
1992 35
1992 34
1992 30
1992 29
1992 30
1992 30
1992 27
1992 26
1992 27
1992 19
1992 43
1992 45
1992 55
1992 46
1992 45
1992 44
1992 42
1992 43
1992 71
1992 136
1992 117
1992 117
1992 113
1992 119
1992 124
1992 114
1992 113
1992 110
1992 102
1992 100
1992 97
1992 93
1992 91
1992 89
1992 93
1992 88
1992 87
1992 81
1992 75
1992 66
1992 70
1992 67
1992 63
1992 59
1992 58
1992 54
1992 45
1992 51
1992 52
1992 47
1992 60
1992 68
1992 60
1992 57
1992 57
1992 55
1992 52
1992 49
1992 46
1992 38
1992 33
1992 30
1992 26
1992 23
1992 16
1992 4
1992 3
1992 0
1992 0
1992 58
1992 49
1992 69
1992 49
1992 39
1992 32
1992 26
1992 20
1992 16
1992 13
1992 10
1992 0
1992 0
1992 0
1992 0
1992 9
1992 22
1992 18
1992 39
1992 24
1992 21
1992 12
1992 17
1992 15
1992 9
1992 0
1992 0
1992 0
1992 0
1992 0
1992 18
1992 38
1992 28
1992 20
1992 15
1992 14
1992 9
1992 0
1992 0
1992 0
1992 0
1992 0
1992 0
1992 0
1992 0
1992 0
1992 0
1992 0
1992 0
1992 0
1992 0
1992 0
1992 0
1992 0
1992 0
1992 0
1992 0
1992 0
1992 0
1992 0
1992 0
1992 0
1992 0
1992 0
1992 0
1992 0
1992 0
1992 0
1992 0
1992 0
1992 0
1992 0
1992 0
1992 0
1992 0
1992 0
1992 0
1992 0
1992 0
1992 0
1992 0
1992 0
1992 0
1992 0
1992 0
1992 0
1992 0
1992 0
1992 0
1992 0
1992 0
1992 0
1992 0
1992 0
1992 0
1992 0
1992 0
1992 0
1992 0
1992 0
1992 0
1992 0
1992 0
1993 0
1993 0
1993 0
1993 0
1993 0
1993 0
1993 0
1993 0
1993 0
1993 0
1993 0
1993 0
1993 0
1993 0
1993 0
1993 0
1993 0
1993 0
1993 0
1993 0
1993 0
1993 0
1993 0
1993 0
1993 0
1993 0
1993 0
1993 0
1993 0
1993 0
1993 0
1993 0
1993 0
1993 64
1993 87
1993 93
1993 77
1993 72
1993 68
1993 65
1993 60
1993 59
1993 54
1993 54
1993 50
1993 49
1993 52
1993 51
1993 49
1993 60
1993 59
1993 71
1993 68
1993 66
1993 74
1993 79
1993 76
1993 74
1993 82
1993 80
1993 80
1993 77
1993 84
1993 80
1993 78
1993 78
1993 71
1993 74
1993 72
1993 70
1993 68
1993 71
1993 76
1993 69
1993 70
1993 72
1993 78
1993 77
1993 73
1993 73
1993 71
1993 75
1993 68
1993 64
1993 64
1993 63
1993 66
1993 64
1993 62
1993 62
1993 62
1993 63
1993 63
1993 70
1993 89
1993 108
1993 104
1993 102
1993 119
1993 118
1993 117
1993 114
1993 NA
1993 NA
1993 NA
1993 NA
1993 NA
1993 NA
1993 NA
1993 NA
1993 NA
1993 NA
1993 NA
1993 NA
1993 NA
1993 NA
1993 NA
1993 NA
1993 NA
1993 NA
1993 NA
1993 NA
1993 NA
1993 80
1993 85
1993 85
1993 NA
1993 NA
1993 NA
1993 NA
1993 NA
1993 NA
1993 NA
1993 NA
1993 NA
1993 NA
1993 NA
1993 NA
1993 NA
1993 NA
1993 NA
1993 NA
1993 NA
1993 NA
1993 NA
1993 NA
1993 NA
1993 NA
1993 NA
1993 NA
1993 NA
1993 NA
1993 NA
1993 70
1993 69
1993 68
1993 NA
1993 NA
1993 NA
1993 NA
1993 NA
1993 NA
1993 NA
1993 NA
1993 69
1993 NA
1993 NA
1993 NA
1993 NA
1993 NA
1993 NA
1993 66
1993 67
1993 69
1993 69
1993 NA
1993 NA
1993 NA
1993 NA
1993 78
1993 84
1993 179
1993 NA
1993 NA
1993 NA
1993 NA
1993 NA
1993 NA
1993 NA
1993 143
1993 NA
1993 137
1993 NA
1993 NA
1993 129
1993 NA
1993 NA
1993 NA
1993 NA
1993 NA
1993 NA
1993 NA
1993 NA
1993 NA
1993 NA
1993 NA
1993 NA
1993 NA
1993 NA
1993 NA
1993 NA
1993 NA
1993 NA
1993 NA
1993 NA
1993 NA
1993 NA
1993 NA
1993 NA
1993 NA
1993 NA
1993 NA
1993 NA
1993 NA
1993 NA
1993 174
1993 NA
1993 NA
1993 NA
1993 NA
1993 NA
1993 NA
1993 NA
1993 NA
1993 NA
1993 NA
1993 NA
1993 NA
1993 NA
1993 NA
1993 NA
1993 NA
1993 NA
1993 NA
1993 NA
1993 NA
1993 NA
1993 NA
1993 NA
1993 NA
1993 NA
1993 NA
1993 243
1993 NA
1993 NA
1993 244
1993 0
1993 NA
1993 NA
1993 221
1993 NA
1993 NA
1993 NA
1993 NA
1993 NA
1993 NA
1993 NA
1993 NA
1993 NA
1993 NA
1993 NA
1993 NA
1993 156
1993 148
1993 144
1993 142
1993 135
1993 129
1993 127
1993 122
1993 117
1993 115
1993 110
1993 100
1993 100
1993 95
1993 92
1993 91
1993 86
1993 82
1993 71
1993 65
1993 62
1993 58
1993 48
1993 47
1993 38
1993 29
1993 24
1993 19
1993 9
1993 0
1993 0
1993 0
1993 0
1993 0
1993 0
1993 0
1993 0
1993 0
1993 0
1993 0
1993 0
1993 0
1993 0
1993 0
1993 0
1993 0
1993 0
1993 0
1993 0
1993 0
1993 0
1993 0
1993 0
1993 0
1993 0
1993 0
1993 0
1993 0
1993 0
1993 0
1993 0
1993 0
1993 0
1993 0
1993 0
1993 0
1993 0
1993 0
1993 0
1993 0
1993 0
1993 0
1993 0
1993 0
1993 0
1993 0
1993 0
1993 0
1993 0
1993 0
1993 0
1993 0
1993 0
1993 0
1993 0
1993 0
1993 0
1993 0
1993 0
1993 0
1993 0
1993 0
1993 0
1994 0
1994 0
1994 0
1994 0
1994 0
1994 0
1994 0
1994 0
1994 0
1994 0
1994 0
1994 0
1994 0
1994 0
1994 0
1994 0
1994 0
1994 0
1994 0
1994 0
1994 0
1994 0
1994 0
1994 0
1994 0
1994 0
1994 0
1994 29
1994 26
1994 22
1994 27
1994 43
1994 61
1994 48
1994 49
1994 53
1994 50
1994 68
1994 62
1994 57
1994 52
1994 48
1994 45
1994 41
1994 36
1994 38
1994 47
1994 41
1994 37
1994 37
1994 35
1994 47
1994 67
1994 67
1994 80
1994 74
1994 69
1994 64
1994 63
1994 61
1994 56
1994 73
1994 71
1994 NA
1994 NA
1994 NA
1994 NA
1994 NA
1994 NA
1994 NA
1994 NA
1994 75
1994 78
1994 NA
1994 79
1994 74
1994 NA
1994 NA
1994 NA
1994 NA
1994 NA
1994 NA
1994 NA
1994 NA
1994 NA
1994 NA
1994 NA
1994 NA
1994 NA
1994 NA
1994 NA
1994 NA
1994 76
1994 75
1994 75
1994 71
1994 73
1994 78
1994 81
1994 72
1994 74
1994 83
1994 73
1994 71
1994 72
1994 72
1994 96
1994 101
1994 95
1994 92
1994 83
1994 87
1994 86
1994 87
1994 NA
1994 78
1994 80
1994 78
1994 78
1994 79
1994 79
1994 79
1994 85
1994 NA
1994 92
1994 86
1994 84
1994 100
1994 156
1994 198
1994 196
1994 186
1994 211
1994 202
1994 192
1994 185
1994 179
1994 179
1994 177
1994 174
1994 171
1994 167
1994 162
1994 160
1994 156
1994 155
1994 167
1994 162
1994 157
1994 159
1994 157
1994 155
1994 155
1994 154
1994 154
1994 153
1994 168
1994 239
1994 NA
1994 267
1994 262
1994 254
1994 245
1994 243
1994 237
1994 235
1994 243
1994 238
1994 232
1994 228
1994 223
1994 220
1994 218
1994 213
1994 220
1994 218
1994 218
1994 213
1994 211
1994 209
1994 225
1994 235
1994 232
1994 225
1994 219
1994 199
1994 198
1994 198
1994 195
1994 194
1994 190
1994 192
1994 189
1994 189
1994 187
1994 187
1994 184
1994 182
1994 182
1994 181
1994 181
1994 181
1994 179
1994 177
1994 177
1994 172
1994 170
1994 167
1994 168
1994 165
1994 163
1994 159
1994 163
1994 159
1994 160
1994 159
1994 164
1994 160
1994 159
1994 172
1994 164
1994 163
1994 163
1994 162
1994 160
1994 159
1994 186
1994 192
1994 213
1994 204
1994 200
1994 204
1994 205
1994 198
1994 197
1994 195
1994 206
1994 200
1994 NA
1994 192
1994 184
1994 173
1994 168
1994 166
1994 166
1994 160
1994 157
1994 152
1994 148
1994 145
1994 163
1994 159
1994 140
1994 152
1994 151
1994 NA
1994 NA
1994 160
1994 158
1994 163
1994 182
1994 178
1994 174
1994 171
1994 NA
1994 161
1994 156
1994 150
1994 146
1994 143
1994 139
1994 130
1994 121
1994 0
1994 0
1994 0
1994 103
1994 100
1994 93
1994 85
1994 80
1994 77
1994 74
1994 81
1994 81
1994 72
1994 69
1994 62
1994 NA
1994 NA
1994 37
1994 35
1994 24
1994 23
1994 20
1994 9
1994 0
1994 0
1994 0
1994 0
1994 0
1994 0
1994 0
1994 0
1994 0
1994 0
1994 0
1994 0
1994 0
1994 0
1994 0
1994 0
1994 0
1994 0
1994 0
1994 0
1994 0
1994 0
1994 0
1994 0
1994 0
1994 0
1994 0
1994 0
1994 0
1994 0
1994 0
1994 0
1994 0
1994 0
1994 0
1994 0
1994 0
1994 0
1994 0
1994 0
1994 0
1994 0
1994 0
1994 0
1994 0
1994 0
1994 0
1994 0
1994 0
1994 0
1994 0
1994 0
1994 0
1994 0
1994 0
1994 0
1994 0
1994 0
1994 0
1994 0
1994 0
1994 0
1994 0
1994 0
1994 0
1994 0
1994 0
1994 0
1994 0
1995 0
1995 0
1995 0
1995 0
1995 0
1995 0
1995 0
1995 0
1995 0
1995 0
1995 0
1995 0
1995 0
1995 0
1995 6
1995 0
1995 0
1995 0
1995 0
1995 0
1995 0
1995 0
1995 0
1995 0
1995 0
1995 0
1995 0
1995 0
1995 0
1995 0
1995 0
1995 0
1995 0
1995 0
1995 0
1995 0
1995 0
1995 0
1995 0
1995 0
1995 0
1995 0
1995 0
1995 0
1995 0
1995 0
1995 0
1995 0
1995 0
1995 0
1995 23
1995 22
1995 26
1995 33
1995 30
1995 25
1995 24
1995 24
1995 26
1995 25
1995 20
1995 20
1995 19
1995 25
1995 22
1995 32
1995 115
1995 133
1995 120
1995 117
1995 122
1995 116
1995 111
1995 109
1995 107
1995 101
1995 100
1995 100
1995 98
1995 94
1995 92
1995 89
1995 88
1995 90
1995 86
1995 85
1995 84
1995 85
1995 84
1995 81
1995 82
1995 81
1995 82
1995 81
1995 82
1995 81
1995 80
1995 81
1995 82
1995 82
1995 80
1995 78
1995 78
1995 78
1995 77
1995 78
1995 78
1995 78
1995 78
1995 78
1995 85
1995 85
1995 84
1995 83
1995 82
1995 82
1995 81
1995 81
1995 82
1995 82
1995 89
1995 104
1995 104
1995 97
1995 96
1995 95
1995 95
1995 95
1995 95
1995 94
1995 93
1995 73
1995 140
1995 80
1995 79
1995 75
1995 75
1995 76
1995 76
1995 76
1995 99
1995 96
1995 93
1995 92
1995 90
1995 73
1995 96
1995 99
1995 96
1995 73
1995 80
1995 85
1995 78
1995 72
1995 74
1995 72
1995 72
1995 73
1995 71
1995 71
1995 70
1995 75
1995 73
1995 76
1995 78
1995 77
1995 87
1995 86
1995 85
1995 70
1995 89
1995 77
1995 79
1995 70
1995 75
1995 96
1995 95
1995 128
1995 135
1995 133
1995 128
1995 123
1995 121
1995 119
1995 127
1995 123
1995 127
1995 121
1995 119
1995 121
1995 121
1995 118
1995 115
1995 114
1995 122
1995 119
1995 120
1995 119
1995 120
1995 119
1995 122
1995 117
1995 116
1995 116
1995 114
1995 113
1995 109
1995 110
1995 110
1995 130
1995 110
1995 107
1995 108
1995 108
1995 106
1995 103
1995 102
1995 99
1995 93
1995 87
1995 85
1995 86
1995 90
1995 83
1995 86
1995 83
1995 82
1995 81
1995 81
1995 79
1995 76
1995 101
1995 125
1995 201
1995 246
1995 285
1995 294
1995 276
1995 257
1995 252
1995 237
1995 239
1995 226
1995 218
1995 209
1995 199
1995 189
1995 176
1995 168
1995 164
1995 159
1995 148
1995 146
1995 167
1995 159
1995 150
1995 154
1995 160
1995 163
1995 154
1995 157
1995 153
1995 150
1995 148
1995 144
1995 144
1995 139
1995 138
1995 136
1995 133
1995 127
1995 123
1995 123
1995 126
1995 120
1995 121
1995 121
1995 116
1995 119
1995 112
1995 109
1995 108
1995 103
1995 109
1995 120
1995 125
1995 116
1995 113
1995 113
1995 109
1995 109
1995 103
1995 100
1995 95
1995 88
1995 81
1995 89
1995 85
1995 80
1995 68
1995 63
1995 55
1995 48
1995 44
1995 34
1995 26
1995 21
1995 13
1995 11
1995 0
1995 0
1995 0
1995 0
1995 0
1995 0
1995 0
1995 0
1995 0
1995 0
1995 0
1995 0
1995 0
1995 0
1995 0
1995 0
1995 0
1995 0
1995 0
1995 0
1995 0
1995 0
1995 0
1995 0
1995 0
1995 0
1995 0
1995 0
1995 0
1995 0
1995 0
1995 0
1995 0
1995 0
1995 0
1995 0
1995 0
1995 0
1995 0
1995 0
1995 0
1995 0
1995 0
1995 0
1995 0
1995 0
1995 0
1995 0
1995 0
1995 0
1995 0
1995 0
1995 0
1995 0
1995 0
1995 0
1996 0
1996 0
1996 0
1996 0
1996 0
1996 0
1996 0
1996 0
1996 0
1996 0
1996 0
1996 0
1996 0
1996 0
1996 0
1996 0
1996 0
1996 0
1996 0
1996 0
1996 0
1996 0
1996 0
1996 0
1996 0
1996 19
1996 7
1996 0
1996 0
1996 0
1996 0
1996 0
1996 0
1996 0
1996 0
1996 0
1996 0
1996 0
1996 0
1996 0
1996 0
1996 0
1996 0
1996 0
1996 0
1996 0
1996 0
1996 0
1996 0
1996 0
1996 0
1996 0
1996 0
1996 0
1996 0
1996 0
1996 0
1996 0
1996 0
1996 0
1996 0
1996 0
1996 0
1996 0
1996 0
1996 0
1996 0
1996 0
1996 0
1996 0
1996 0
1996 10
1996 14
1996 25
1996 44
1996 38
1996 38
1996 38
1996 35
1996 32
1996 29
1996 30
1996 30
1996 30
1996 29
1996 29
1996 28
1996 49
1996 89
1996 82
1996 77
1996 74
1996 70
1996 67
1996 65
1996 61
1996 63
1996 63
1996 78
1996 72
1996 69
1996 66
1996 63
1996 83
1996 83
1996 107
1996 102
1996 95
1996 93
1996 89
1996 86
1996 75
1996 74
1996 79
1996 72
1996 77
1996 81
1996 81
1996 80
1996 81
1996 80
1996 83
1996 85
1996 84
1996 83
1996 81
1996 81
1996 86
1996 88
1996 94
1996 92
1996 90
1996 125
1996 163
1996 184
1996 176
1996 170
1996 164
1996 160
1996 155
1996 152
1996 151
1996 148
1996 146
1996 152
1996 172
1996 167
1996 176
1996 169
1996 164
1996 170
1996 166
1996 160
1996 167
1996 192
1996 187
1996 180
1996 183
1996 177
1996 173
1996 169
1996 165
1996 161
1996 160
1996 158
1996 179
1996 181
1996 174
1996 169
1996 186
1996 136
1996 145
1996 148
1996 170
1996 173
1996 168
1996 172
1996 166
1996 162
1996 161
1996 159
1996 160
1996 156
1996 155
1996 163
1996 158
1996 156
1996 154
1996 154
1996 160
1996 160
1996 158
1996 155
1996 151
1996 149
1996 149
1996 151
1996 153
1996 158
1996 174
1996 171
1996 168
1996 166
1996 173
1996 171
1996 155
1996 160
1996 152
1996 154
1996 157
1996 151
1996 152
1996 150
1996 151
1996 163
1996 174
1996 172
1996 166
1996 165
1996 161
1996 157
1996 153
1996 152
1996 151
1996 148
1996 148
1996 148
1996 150
1996 147
1996 145
1996 144
1996 138
1996 131
1996 128
1996 125
1996 126
1996 134
1996 129
1996 127
1996 129
1996 128
1996 128
1996 128
1996 127
1996 160
1996 188
1996 173
1996 164
1996 161
1996 151
1996 149
1996 146
1996 155
1996 152
1996 152
1996 146
1996 142
1996 137
1996 133
1996 126
1996 122
1996 124
1996 134
1996 137
1996 138
1996 126
1996 126
1996 122
1996 116
1996 111
1996 104
1996 96
1996 95
1996 87
1996 76
1996 75
1996 73
1996 69
1996 64
1996 57
1996 47
1996 39
1996 36
1996 29
1996 20
1996 14
1996 0
1996 0
1996 0
1996 0
1996 0
1996 0
1996 0
1996 0
1996 0
1996 0
1996 0
1996 0
1996 10
1996 0
1996 0
1996 0
1996 0
1996 0
1996 0
1996 0
1996 0
1996 0
1996 0
1996 0
1996 0
1996 0
1996 0
1996 0
1996 0
1996 0
1996 0
1996 0
1996 0
1996 0
1996 0
1996 0
1996 0
1996 0
1996 0
1996 0
1996 0
1996 0
1996 0
1996 0
1996 0
1996 0
1996 0
1996 0
1996 0
1996 0
1996 0
1996 0
1996 0
1996 0
1996 0
1996 0
1996 0
1996 0
1996 0
1996 0
1996 0
1996 0
1996 0
1996 0
1996 0
1996 0
1996 0
1996 0
1996 0
1996 0
1996 0
1996 0
1996 0
1996 0
1996 0
1996 0
1996 0
1996 0
1996 0
1996 0
1997 0
1997 0
1997 0
1997 0
1997 0
1997 0
1997 0
1997 0
1997 0
1997 0
1997 0
1997 0
1997 0
1997 0
1997 0
1997 0
1997 0
1997 0
1997 10
1997 14
1997 9
1997 8
1997 6
1997 7
1997 0
1997 0
1997 0
1997 0
1997 0
1997 0
1997 0
1997 0
1997 0
1997 0
1997 0
1997 0
1997 0
1997 0
1997 0
1997 0
1997 10
1997 0
1997 0
1997 0
1997 4
1997 9
1997 22
1997 21
1997 16
1997 17
1997 18
1997 9
1997 0
1997 0
1997 0
1997 0
1997 0
1997 0
1997 0
1997 0
1997 0
1997 0
1997 0
1997 0
1997 0
1997 0
1997 NA
1997 NA
1997 NA
1997 NA
1997 NA
1997 NA
1997 NA
1997 NA
1997 NA
1997 NA
1997 112
1997 123
1997 135
1997 141
1997 148
1997 169
1997 179
1997 173
1997 167
1997 167
1997 162
1997 139
1997 148
1997 148
1997 195
1997 178
1997 153
1997 143
1997 130
1997 126
1997 128
1997 126
1997 125
1997 125
1997 184
1997 196
1997 189
1997 182
1997 192
1997 189
1997 182
1997 179
1997 176
1997 173
1997 181
1997 180
1997 186
1997 184
1997 182
1997 180
1997 176
1997 172
1997 172
1997 169
1997 168
1997 166
1997 173
1997 172
1997 182
1997 222
1997 211
1997 207
1997 210
1997 207
1997 208
1997 205
1997 202
1997 198
1997 196
1997 195
1997 205
1997 190
1997 188
1997 187
1997 185
1997 204
1997 209
1997 203
1997 201
1997 197
1997 195
1997 192
1997 192
1997 190
1997 189
1997 187
1997 188
1997 184
1997 183
1997 182
1997 182
1997 179
1997 176
1997 175
1997 175
1997 174
1997 174
1997 172
1997 172
1997 172
1997 175
1997 197
1997 192
1997 190
1997 188
1997 186
1997 170
1997 170
1997 169
1997 169
1997 169
1997 168
1997 169
1997 186
1997 178
1997 175
1997 174
1997 173
1997 172
1997 171
1997 170
1997 170
1997 170
1997 169
1997 169
1997 168
1997 167
1997 166
1997 166
1997 166
1997 166
1997 164
1997 161
1997 165
1997 166
1997 161
1997 160
1997 160
1997 161
1997 164
1997 165
1997 158
1997 161
1997 158
1997 158
1997 158
1997 158
1997 154
1997 153
1997 150
1997 145
1997 145
1997 145
1997 144
1997 141
1997 139
1997 134
1997 126
1997 129
1997 129
1997 126
1997 114
1997 134
1997 130
1997 122
1997 124
1997 129
1997 124
1997 124
1997 124
1997 119
1997 112
1997 121
1997 119
1997 116
1997 114
1997 115
1997 111
1997 105
1997 96
1997 99
1997 112
1997 112
1997 120
1997 110
1997 120
1997 113
1997 115
1997 115
1997 108
1997 103
1997 99
1997 95
1997 91
1997 86
1997 85
1997 85
1997 78
1997 75
1997 75
1997 70
1997 68
1997 60
1997 53
1997 42
1997 38
1997 29
1997 30
1997 42
1997 31
1997 30
1997 23
1997 21
1997 12
1997 9
1997 0
1997 0
1997 0
1997 0
1997 0
1997 0
1997 0
1997 0
1997 0
1997 0
1997 0
1997 0
1997 0
1997 0
1997 0
1997 0
1997 0
1997 0
1997 0
1997 0
1997 0
1997 5
1997 0
1997 0
1997 0
1997 0
1997 0
1997 0
1997 0
1997 0
1997 0
1997 0
1997 0
1997 0
1997 0
1997 0
1997 0
1997 0
1997 0
1997 0
1997 0
1997 0
1997 0
1997 0
1997 0
1997 0
1997 0
1997 0
1997 0
1997 0
1997 0
1997 0
1997 0
1997 0
1997 0
1997 0
1997 0
1997 0
1997 0
1997 0
1997 0
1997 0
1997 0
1997 0
1997 0
1997 0
1997 0
1997 0
1997 0
1997 0
1997 0
1997 0
1997 0
1997 0
1997 0
1997 0
1997 0
1997 0
1997 0
1997 0
1997 0
1997 0
1997 0
1997 0
1998 0
1998 0
1998 0
1998 0
1998 0
1998 0
1998 0
1998 0
1998 0
1998 0
1998 0
1998 0
1998 0
1998 0
1998 0
1998 0
1998 0
1998 0
1998 0
1998 0
1998 0
1998 0
1998 0
1998 0
1998 0
1998 0
1998 0
1998 0
1998 0
1998 0
1998 0
1998 0
1998 0
1998 0
1998 0
1998 0
1998 0
1998 0
1998 0
1998 0
1998 0
1998 0
1998 6
1998 0
1998 0
1998 0
1998 0
1998 0
1998 0
1998 0
1998 0
1998 0
1998 0
1998 0
1998 0
1998 0
1998 0
1998 0
1998 0
1998 0
1998 0
1998 5
1998 0
1998 0
1998 1
1998 3
1998 22
1998 18
1998 21
1998 17
1998 24
1998 32
1998 53
1998 64
1998 59
1998 56
1998 54
1998 51
1998 49
1998 50
1998 51
1998 48
1998 48
1998 48
1998 46
1998 46
1998 46
1998 46
1998 45
1998 47
1998 45
1998 46
1998 46
1998 56
1998 55
1998 57
1998 55
1998 55
1998 54
1998 53
1998 53
1998 53
1998 55
1998 52
1998 52
1998 53
1998 69
1998 84
1998 86
1998 102
1998 140
1998 139
1998 123
1998 120
1998 116
1998 113
1998 111
1998 105
1998 103
1998 102
1998 102
1998 101
1998 101
1998 106
1998 112
1998 111
1998 107
1998 113
1998 111
1998 108
1998 107
1998 105
1998 104
1998 103
1998 102
1998 102
1998 112
1998 110
1998 111
1998 109
1998 NA
1998 64
1998 50
1998 50
1998 50
1998 48
1998 60
1998 59
1998 58
1998 57
1998 56
1998 57
1998 56
1998 56
1998 55
1998 56
1998 56
1998 56
1998 55
1998 56
1998 53
1998 53
1998 54
1998 53
1998 52
1998 52
1998 52
1998 50
1998 51
1998 51
1998 51
1998 51
1998 49
1998 50
1998 51
1998 68
1998 68
1998 62
1998 60
1998 57
1998 57
1998 58
1998 57
1998 57
1998 56
1998 59
1998 53
1998 54
1998 58
1998 58
1998 59
1998 58
1998 59
1998 57
1998 57
1998 56
1998 56
1998 55
1998 54
1998 51
1998 53
1998 51
1998 54
1998 53
1998 67
1998 59
1998 56
1998 56
1998 56
1998 53
1998 51
1998 47
1998 46
1998 51
1998 50
1998 54
1998 63
1998 73
1998 76
1998 77
1998 74
1998 106
1998 140
1998 191
1998 168
1998 159
1998 153
1998 177
1998 162
1998 159
1998 158
1998 152
1998 148
1998 139
1998 130
1998 121
1998 113
1998 107
1998 103
1998 133
1998 131
1998 131
1998 145
1998 134
1998 127
1998 124
1998 120
1998 118
1998 119
1998 114
1998 110
1998 105
1998 101
1998 90
1998 86
1998 83
1998 81
1998 81
1998 78
1998 76
1998 68
1998 66
1998 65
1998 62
1998 58
1998 55
1998 62
1998 60
1998 59
1998 82
1998 108
1998 97
1998 91
1998 97
1998 88
1998 83
1998 75
1998 68
1998 60
1998 51
1998 46
1998 39
1998 34
1998 28
1998 30
1998 20
1998 13
1998 8
1998 0
1998 0
1998 0
1998 0
1998 0
1998 0
1998 0
1998 0
1998 0
1998 0
1998 0
1998 0
1998 0
1998 0
1998 0
1998 0
1998 0
1998 0
1998 0
1998 0
1998 0
1998 0
1998 0
1998 0
1998 0
1998 0
1998 0
1998 0
1998 0
1998 0
1998 0
1998 0
1998 0
1998 0
1998 0
1998 0
1998 0
1998 0
1998 0
1998 0
1998 0
1998 0
1998 0
1998 0
1998 0
1998 0
1998 0
1998 0
1998 0
1998 0
1998 0
1998 0
1998 0
1998 0
1998 0
1998 0
1998 0
1998 0
1998 0
1998 0
1998 0
1998 0
1998 0
1998 0
1998 0
1998 0
1998 0
1998 0
1998 0
1998 0
1998 0
1998 0
1998 0
1998 0
1998 0
1998 0
1998 0
1999 0
1999 0
1999 0
1999 0
1999 0
1999 0
1999 0
1999 0
1999 0
1999 0
1999 0
1999 0
1999 0
1999 0
1999 0
1999 0
1999 0
1999 0
1999 0
1999 0
1999 0
1999 0
1999 0
1999 0
1999 0
1999 0
1999 0
1999 0
1999 0
1999 0
1999 0
1999 0
1999 0
1999 0
1999 0
1999 0
1999 0
1999 17
1999 20
1999 20
1999 19
1999 16
1999 12
1999 9
1999 0
1999 0
1999 0
1999 0
1999 0
1999 0
1999 0
1999 0
1999 0
1999 0
1999 23
1999 27
1999 17
1999 14
1999 0
1999 0
1999 0
1999 12
1999 8
1999 8
1999 9
1999 6
1999 0
1999 0
1999 0
1999 0
1999 0
1999 0
1999 0
1999 0
1999 0
1999 7
1999 8
1999 9
1999 0
1999 0
1999 0
1999 8
1999 8
1999 0
1999 0
1999 0
1999 13
1999 11
1999 9
1999 0
1999 0
1999 19
1999 16
1999 12
1999 17
1999 16
1999 11
1999 0
1999 0
1999 0
1999 0
1999 0
1999 0
1999 0
1999 0
1999 0
1999 0
1999 0
1999 0
1999 0
1999 0
1999 16
1999 14
1999 13
1999 12
1999 13
1999 11
1999 12
1999 11
1999 13
1999 12
1999 NA
1999 64
1999 63
1999 75
1999 51
1999 46
1999 42
1999 38
1999 39
1999 36
1999 43
1999 102
1999 116
1999 105
1999 89
1999 82
1999 78
1999 73
1999 70
1999 67
1999 64
1999 62
1999 60
1999 59
1999 57
1999 56
1999 57
1999 57
1999 59
1999 94
1999 94
1999 78
1999 75
1999 65
1999 64
1999 63
1999 12
1999 20
1999 40
1999 27
1999 41
1999 51
1999 47
1999 45
1999 40
1999 39
1999 40
1999 37
1999 36
1999 46
1999 34
1999 34
1999 32
1999 72
1999 89
1999 89
1999 80
1999 76
1999 74
1999 71
1999 69
1999 66
1999 65
1999 76
1999 132
1999 113
1999 116
1999 108
1999 109
1999 104
1999 101
1999 96
1999 94
1999 92
1999 89
1999 88
1999 87
1999 87
1999 85
1999 85
1999 84
1999 87
1999 80
1999 79
1999 80
1999 90
1999 144
1999 172
1999 154
1999 144
1999 139
1999 131
1999 126
1999 118
1999 112
1999 109
1999 104
1999 106
1999 108
1999 103
1999 100
1999 99
1999 104
1999 102
1999 93
1999 125
1999 152
1999 162
1999 153
1999 146
1999 143
1999 140
1999 145
1999 131
1999 138
1999 139
1999 138
1999 145
1999 140
1999 136
1999 134
1999 126
1999 117
1999 112
1999 111
1999 121
1999 118
1999 115
1999 110
1999 105
1999 102
1999 96
1999 88
1999 80
1999 69
1999 61
1999 59
1999 65
1999 68
1999 78
1999 108
1999 88
1999 82
1999 74
1999 72
1999 66
1999 64
1999 56
1999 54
1999 49
1999 40
1999 37
1999 27
1999 22
1999 20
1999 11
1999 7
1999 0
1999 0
1999 0
1999 0
1999 0
1999 0
1999 0
1999 0
1999 0
1999 0
1999 0
1999 0
1999 0
1999 0
1999 0
1999 0
1999 0
1999 0
1999 0
1999 0
1999 0
1999 0
1999 0
1999 0
1999 0
1999 0
1999 0
1999 0
1999 0
1999 0
1999 0
1999 0
1999 0
1999 0
1999 0
1999 0
1999 0
1999 0
1999 0
1999 0
1999 0
1999 0
1999 0
1999 0
1999 0
1999 0
1999 0
1999 0
1999 0
1999 0
1999 0
1999 0
1999 0
1999 0
1999 0
1999 0
1999 0
1999 0
1999 0
1999 0
1999 0
1999 0
1999 0
1999 0
1999 0
1999 0
1999 0
1999 0
1999 0
1999 0
1999 0
1999 0
1999 0
1999 0
1999 0
1999 0
1999 0
1999 0
1999 0
1999 0
1999 0
1999 0
1999 0
1999 0
1999 0
1999 0
1999 0
2000 0
2000 0
2000 21
2000 0
2000 0
2000 0
2000 0
2000 0
2000 0
2000 0
2000 0
2000 0
2000 0
2000 0
2000 0
2000 0
2000 0
2000 0
2000 0
2000 0
2000 0
2000 0
2000 0
2000 0
2000 0
2000 0
2000 0
2000 0
2000 0
2000 0
2000 0
2000 0
2000 0
2000 0
2000 0
2000 0
2000 0
2000 0
2000 0
2000 0
2000 0
2000 0
2000 0
2000 0
2000 0
2000 0
2000 0
2000 0
2000 0
2000 0
2000 19
2000 30
2000 23
2000 18
2000 25
2000 18
2000 21
2000 19
2000 17
2000 12
2000 14
2000 14
2000 12
2000 5
2000 20
2000 36
2000 29
2000 44
2000 41
2000 39
2000 38
2000 59
2000 85
2000 75
2000 72
2000 68
2000 68
2000 70
2000 59
2000 73
2000 21
2000 23
2000 27
2000 25
2000 26
2000 25
2000 26
2000 27
2000 26
2000 25
2000 26
2000 26
2000 26
2000 17
2000 17
2000 16
2000 16
2000 17
2000 15
2000 14
2000 27
2000 28
2000 22
2000 40
2000 34
2000 41
2000 38
2000 37
2000 37
2000 34
2000 32
2000 33
2000 33
2000 33
2000 34
2000 34
2000 64
2000 95
2000 128
2000 32
2000 32
2000 33
2000 33
2000 33
2000 33
2000 33
2000 33
2000 33
2000 33
2000 33
2000 33
2000 33
2000 33
2000 33
2000 33
2000 33
2000 36
2000 35
2000 34
2000 29
2000 25
2000 26
2000 26
2000 23
2000 23
2000 23
2000 23
2000 25
2000 25
2000 25
2000 23
2000 30
2000 25
2000 23
2000 23
2000 23
2000 23
2000 23
2000 22
2000 22
2000 22
2000 16
2000 19
2000 18
2000 30
2000 27
2000 27
2000 24
2000 28
2000 51
2000 55
2000 76
2000 64
2000 58
2000 58
2000 56
2000 53
2000 52
2000 51
2000 50
2000 50
2000 49
2000 56
2000 48
2000 46
2000 46
2000 45
2000 45
2000 44
2000 44
2000 44
2000 40
2000 38
2000 38
2000 37
2000 35
2000 35
2000 34
2000 34
2000 33
2000 57
2000 52
2000 48
2000 47
2000 45
2000 45
2000 45
2000 47
2000 58
2000 56
2000 114
2000 96
2000 87
2000 92
2000 81
2000 90
2000 90
2000 90
2000 81
2000 79
2000 75
2000 72
2000 83
2000 81
2000 95
2000 81
2000 86
2000 95
2000 97
2000 113
2000 123
2000 117
2000 107
2000 93
2000 86
2000 82
2000 118
2000 94
2000 88
2000 88
2000 111
2000 170
2000 184
2000 158
2000 134
2000 131
2000 123
2000 114
2000 119
2000 118
2000 115
2000 110
2000 109
2000 100
2000 99
2000 90
2000 89
2000 85
2000 83
2000 74
2000 73
2000 69
2000 60
2000 56
2000 53
2000 51
2000 48
2000 47
2000 41
2000 40
2000 34
2000 32
2000 17
2000 18
2000 10
2000 7
2000 2
2000 0
2000 0
2000 0
2000 0
2000 0
2000 0
2000 0
2000 0
2000 0
2000 0
2000 0
2000 0
2000 NA
2000 0
2000 0
2000 0
2000 0
2000 0
2000 0
2000 0
2000 0
2000 0
2000 0
2000 0
2000 0
2000 0
2000 0
2000 0
2000 0
2000 0
2000 0
2000 0
2000 0
2000 0
2000 0
2000 0
2000 0
2000 0
2000 0
2000 NA
2000 NA
2000 0
2000 0
2000 0
2000 0
2000 0
2000 0
2000 0
2000 0
2000 0
2000 0
2000 0
2000 0
2000 0
2000 0
2000 0
2000 0
2000 NA
2000 0
2000 0
2000 NA
2000 NA
2000 0
2000 0
2000 NA
2000 NA
2000 0
2000 0
2000 0
2000 0
2000 0
2000 0
2000 0
2000 0
2000 0
2000 0
2000 0
2000 0
2000 0
2000 0
2000 0
2000 0
2000 0
2000 0
2000 0
2000 0
2000 0
2000 0
2000 0
2001 0
2001 0
2001 0
2001 0
2001 0
2001 0
2001 0
2001 0
2001 0
2001 0
2001 0
2001 0
2001 0
2001 0
2001 0
2001 0
2001 0
2001 0
2001 0
2001 0
2001 0
2001 0
2001 0
2001 0
2001 0
2001 0
2001 0
2001 0
2001 0
2001 0
2001 6
2001 1
2001 10
2001 6
2001 0
2001 1
2001 2
2001 2
2001 1
2001 4
2001 3
2001 17
2001 13
2001 2
2001 2
2001 44
2001 67
2001 54
2001 50
2001 47
2001 41
2001 36
2001 34
2001 33
2001 31
2001 32
2001 30
2001 25
2001 27
2001 28
2001 27
2001 35
2001 34
2001 39
2001 36
2001 36
2001 60
2001 75
2001 70
2001 67
2001 69
2001 61
2001 61
2001 64
2001 75
2001 79
2001 77
2001 116
2001 147
2001 138
2001 129
2001 128
2001 120
2001 116
2001 164
2001 156
2001 145
2001 144
2001 141
2001 134
2001 133
2001 130
2001 128
2001 142
2001 140
2001 139
2001 133
2001 134
2001 134
2001 138
2001 135
2001 129
2001 127
2001 125
2001 124
2001 129
2001 124
2001 123
2001 121
2001 121
2001 121
2001 121
2001 120
2001 119
2001 118
2001 139
2001 138
2001 134
2001 133
2001 134
2001 130
2001 127
2001 127
2001 127
2001 130
2001 130
2001 128
2001 135
2001 143
2001 142
2001 146
2001 143
2001 143
2001 140
2001 147
2001 147
2001 146
2001 144
2001 144
2001 149
2001 145
2001 147
2001 145
2001 145
2001 147
2001 146
2001 156
2001 151
2001 152
2001 149
2001 149
2001 147
2001 146
2001 146
2001 146
2001 153
2001 162
2001 160
2001 156
2001 156
2001 166
2001 177
2001 176
2001 172
2001 170
2001 167
2001 167
2001 164
2001 164
2001 164
2001 183
2001 177
2001 174
2001 172
2001 139
2001 134
2001 134
2001 156
2001 152
2001 147
2001 157
2001 156
2001 154
2001 165
2001 163
2001 163
2001 158
2001 158
2001 160
2001 176
2001 173
2001 170
2001 168
2001 166
2001 171
2001 168
2001 166
2001 180
2001 179
2001 174
2001 169
2001 172
2001 180
2001 174
2001 166
2001 167
2001 162
2001 159
2001 160
2001 167
2001 205
2001 182
2001 174
2001 170
2001 165
2001 165
2001 168
2001 176
2001 187
2001 183
2001 179
2001 176
2001 174
2001 172
2001 172
2001 172
2001 168
2001 166
2001 165
2001 165
2001 166
2001 170
2001 170
2001 168
2001 168
2001 166
2001 166
2001 163
2001 163
2001 163
2001 163
2001 167
2001 179
2001 196
2001 209
2001 198
2001 222
2001 206
2001 205
2001 197
2001 194
2001 190
2001 187
2001 181
2001 175
2001 175
2001 183
2001 185
2001 178
2001 173
2001 159
2001 159
2001 154
2001 154
2001 149
2001 143
2001 136
2001 131
2001 122
2001 121
2001 112
2001 100
2001 94
2001 86
2001 82
2001 76
2001 81
2001 69
2001 63
2001 55
2001 52
2001 49
2001 41
2001 38
2001 31
2001 27
2001 21
2001 18
2001 7
2001 2
2001 1
2001 0
2001 0
2001 0
2001 0
2001 0
2001 0
2001 0
2001 0
2001 0
2001 0
2001 0
2001 0
2001 0
2001 0
2001 0
2001 0
2001 0
2001 0
2001 0
2001 0
2001 0
2001 0
2001 0
2001 0
2001 0
2001 0
2001 NA
2001 0
2001 0
2001 0
2001 0
2001 NA
2001 0
2001 0
2001 0
2001 0
2001 0
2001 0
2001 0
2001 0
2001 0
2001 0
2001 0
2001 NA
2001 0
2001 0
2001 NA
2001 0
2001 NA
2001 NA
2001 NA
2001 NA
2001 0
2001 NA
2001 0
2001 0
2001 0
2001 NA
2001 0
2001 0
2001 0
2001 0
2001 0
2001 0
2001 0
2001 0
2001 0
2001 0
2001 0
2001 0
2001 0
2001 0
2001 0
2001 0
2002 0
2002 0
2002 0
2002 0
2002 0
2002 0
2002 0
2002 0
2002 0
2002 0
2002 0
2002 0
2002 0
2002 0
2002 0
2002 0
2002 0
2002 2
2002 13
2002 9
2002 9
2002 0
2002 0
2002 0
2002 0
2002 0
2002 0
2002 0
2002 0
2002 0
2002 0
2002 0
2002 0
2002 0
2002 0
2002 0
2002 0
2002 0
2002 0
2002 0
2002 0
2002 0
2002 0
2002 0
2002 0
2002 0
2002 0
2002 0
2002 0
2002 0
2002 0
2002 0
2002 0
2002 0
2002 0
2002 0
2002 0
2002 0
2002 0
2002 NA
2002 0
2002 0
2002 0
2002 0
2002 0
2002 0
2002 0
2002 0
2002 0
2002 0
2002 0
2002 0
2002 10
2002 11
2002 11
2002 21
2002 18
2002 17
2002 17
2002 16
2002 16
2002 15
2002 15
2002 10
2002 5
2002 5
2002 4
2002 7
2002 7
2002 7
2002 8
2002 10
2002 11
2002 11
2002 10
2002 10
2002 8
2002 4
2002 4
2002 4
2002 4
2002 4
2002 4
2002 4
2002 16
2002 13
2002 13
2002 11
2002 11
2002 11
2002 11
2002 11
2002 11
2002 11
2002 11
2002 11
2002 11
2002 11
2002 5
2002 11
2002 24
2002 21
2002 21
2002 20
2002 20
2002 19
2002 19
2002 19
2002 19
2002 19
2002 19
2002 19
2002 19
2002 19
2002 19
2002 19
2002 19
2002 19
2002 19
2002 19
2002 19
2002 19
2002 19
2002 19
2002 19
2002 29
2002 27
2002 25
2002 17
2002 17
2002 16
2002 16
2002 15
2002 15
2002 15
2002 15
2002 15
2002 15
2002 32
2002 45
2002 41
2002 39
2002 47
2002 50
2002 48
2002 46
2002 46
2002 109
2002 173
2002 163
2002 143
2002 133
2002 124
2002 118
2002 101
2002 99
2002 96
2002 90
2002 90
2002 87
2002 85
2002 85
2002 94
2002 108
2002 97
2002 95
2002 118
2002 124
2002 113
2002 108
2002 105
2002 103
2002 103
2002 103
2002 99
2002 106
2002 102
2002 101
2002 93
2002 94
2002 97
2002 92
2002 98
2002 105
2002 96
2002 94
2002 91
2002 91
2002 91
2002 91
2002 91
2002 90
2002 90
2002 90
2002 88
2002 100
2002 96
2002 96
2002 96
2002 96
2002 106
2002 110
2002 112
2002 112
2002 124
2002 129
2002 128
2002 124
2002 118
2002 115
2002 114
2002 111
2002 109
2002 102
2002 97
2002 96
2002 96
2002 92
2002 89
2002 87
2002 88
2002 87
2002 87
2002 100
2002 143
2002 155
2002 167
2002 166
2002 157
2002 153
2002 165
2002 160
2002 156
2002 154
2002 164
2002 148
2002 136
2002 133
2002 130
2002 126
2002 123
2002 122
2002 119
2002 117
2002 117
2002 132
2002 120
2002 117
2002 117
2002 149
2002 122
2002 115
2002 112
2002 111
2002 108
2002 106
2002 101
2002 97
2002 101
2002 102
2002 98
2002 102
2002 96
2002 94
2002 88
2002 86
2002 81
2002 71
2002 59
2002 50
2002 38
2002 23
2002 12
2002 5
2002 3
2002 0
2002 0
2002 0
2002 0
2002 0
2002 0
2002 0
2002 0
2002 0
2002 0
2002 0
2002 0
2002 0
2002 0
2002 0
2002 0
2002 0
2002 0
2002 0
2002 0
2002 0
2002 0
2002 0
2002 0
2002 0
2002 0
2002 0
2002 NA
2002 NA
2002 NA
2002 NA
2002 NA
2002 NA
2002 0
2002 NA
2002 0
2002 0
2002 NA
2002 NA
2002 0
2002 0
2002 0
2002 NA
2002 0
2002 0
2002 0
2002 NA
2002 0
2002 0
2002 0
2002 0
2002 NA
2002 0
2002 0
2002 0
2002 NA
2002 0
2002 0
2002 0
2002 NA
2002 0
2002 NA
2002 0
2002 0
2002 0
2002 0
2002 0
2002 0
2002 0
2002 0
2003 0
2003 0
2003 0
2003 0
2003 0
2003 0
2003 0
2003 0
2003 0
2003 0
2003 0
2003 0
2003 0
2003 0
2003 0
2003 0
2003 0
2003 0
2003 0
2003 0
2003 0
2003 0
2003 0
2003 0
2003 0
2003 0
2003 0
2003 0
2003 0
2003 0
2003 0
2003 0
2003 0
2003 0
2003 0
2003 0
2003 0
2003 0
2003 0
2003 0
2003 0
2003 0
2003 0
2003 0
2003 0
2003 NA
2003 NA
2003 0
2003 0
2003 0
2003 2
2003 8
2003 4
2003 7
2003 6
2003 4
2003 2
2003 0
2003 0
2003 0
2003 0
2003 0
2003 0
2003 0
2003 0
2003 2
2003 0
2003 0
2003 0
2003 0
2003 7
2003 2
2003 0
2003 0
2003 6
2003 49
2003 102
2003 122
2003 116
2003 136
2003 132
2003 128
2003 151
2003 142
2003 148
2003 187
2003 215
2003 216
2003 202
2003 205
2003 199
2003 194
2003 189
2003 190
2003 191
2003 187
2003 189
2003 193
2003 186
2003 182
2003 182
2003 178
2003 176
2003 181
2003 177
2003 175
2003 170
2003 169
2003 173
2003 171
2003 168
2003 166
2003 165
2003 182
2003 179
2003 178
2003 176
2003 173
2003 195
2003 185
2003 172
2003 172
2003 169
2003 173
2003 180
2003 183
2003 173
2003 173
2003 171
2003 171
2003 171
2003 171
2003 171
2003 169
2003 168
2003 167
2003 167
2003 166
2003 166
2003 166
2003 165
2003 164
2003 169
2003 193
2003 186
2003 166
2003 162
2003 162
2003 162
2003 159
2003 160
2003 159
2003 158
2003 158
2003 158
2003 158
2003 201
2003 147
2003 144
2003 144
2003 144
2003 144
2003 144
2003 144
2003 144
2003 144
2003 144
2003 144
2003 150
2003 160
2003 157
2003 155
2003 154
2003 154
2003 154
2003 152
2003 152
2003 152
2003 151
2003 151
2003 151
2003 151
2003 153
2003 142
2003 142
2003 142
2003 142
2003 142
2003 142
2003 142
2003 142
2003 142
2003 142
2003 142
2003 142
2003 144
2003 146
2003 142
2003 142
2003 142
2003 142
2003 142
2003 145
2003 143
2003 142
2003 140
2003 140
2003 140
2003 140
2003 139
2003 137
2003 136
2003 136
2003 136
2003 137
2003 137
2003 131
2003 130
2003 130
2003 137
2003 132
2003 145
2003 144
2003 139
2003 138
2003 130
2003 130
2003 130
2003 127
2003 124
2003 124
2003 145
2003 143
2003 132
2003 129
2003 122
2003 121
2003 121
2003 127
2003 122
2003 118
2003 117
2003 116
2003 111
2003 109
2003 100
2003 96
2003 85
2003 81
2003 77
2003 71
2003 69
2003 66
2003 64
2003 61
2003 57
2003 44
2003 50
2003 47
2003 52
2003 44
2003 41
2003 38
2003 33
2003 17
2003 17
2003 14
2003 9
2003 6
2003 3
2003 0
2003 0
2003 0
2003 NA
2003 0
2003 0
2003 0
2003 0
2003 0
2003 0
2003 0
2003 0
2003 0
2003 0
2003 0
2003 NA
2003 0
2003 0
2003 0
2003 0
2003 0
2003 0
2003 NA
2003 0
2003 0
2003 0
2003 0
2003 0
2003 0
2003 0
2003 0
2003 0
2003 0
2003 0
2003 0
2003 0
2003 0
2003 0
2003 0
2003 0
2003 0
2003 0
2003 0
2003 0
2003 0
2003 0
2003 0
2003 0
2003 0
2003 0
2003 0
2003 0
2003 0
2003 0
2003 NA
2003 0
2003 0
2003 0
2003 0
2003 0
2003 0
2003 0
2003 0
2003 0
2003 0
2003 0
2003 0
2003 0
2003 0
2003 NA
2003 0
2003 0
2003 NA
2003 NA
2003 0
2003 0
2003 NA
2003 NA
2003 NA
2003 NA
2003 NA
2003 0
2003 0
2003 0
2003 0
2003 0
2003 0
2003 0
2003 0
2003 0
2003 0
2003 0
2003 0
2003 0
2003 0
2004 0
2004 0
2004 0
2004 0
2004 0
2004 0
2004 0
2004 0
2004 0
2004 0
2004 NA
2004 0
2004 0
2004 0
2004 0
2004 0
2004 0
2004 0
2004 0
2004 0
2004 0
2004 0
2004 0
2004 0
2004 0
2004 0
2004 0
2004 0
2004 0
2004 0
2004 0
2004 0
2004 0
2004 0
2004 0
2004 0
2004 0
2004 14
2004 1
2004 1
2004 1
2004 1
2004 3
2004 3
2004 2
2004 1
2004 2
2004 2
2004 3
2004 11
2004 13
2004 11
2004 11
2004 20
2004 21
2004 19
2004 23
2004 20
2004 19
2004 28
2004 20
2004 56
2004 49
2004 46
2004 44
2004 42
2004 41
2004 58
2004 100
2004 97
2004 84
2004 77
2004 72
2004 68
2004 66
2004 62
2004 63
2004 70
2004 66
2004 64
2004 62
2004 61
2004 61
2004 63
2004 70
2004 81
2004 77
2004 81
2004 142
2004 132
2004 124
2004 125
2004 134
2004 198
2004 186
2004 187
2004 177
2004 170
2004 166
2004 161
2004 159
2004 158
2004 153
2004 149
2004 145
2004 144
2004 136
2004 136
2004 136
2004 134
2004 133
2004 134
2004 128
2004 131
2004 128
2004 125
2004 119
2004 119
2004 126
2004 155
2004 155
2004 172
2004 172
2004 168
2004 163
2004 159
2004 145
2004 103
2004 103
2004 103
2004 118
2004 116
2004 103
2004 126
2004 147
2004 165
2004 162
2004 173
2004 189
2004 176
2004 179
2004 174
2004 137
2004 136
2004 136
2004 135
2004 135
2004 133
2004 147
2004 139
2004 134
2004 117
2004 117
2004 115
2004 115
2004 114
2004 114
2004 112
2004 112
2004 111
2004 106
2004 96
2004 95
2004 95
2004 95
2004 95
2004 95
2004 95
2004 95
2004 95
2004 95
2004 124
2004 166
2004 174
2004 177
2004 177
2004 169
2004 160
2004 155
2004 154
2004 153
2004 151
2004 147
2004 146
2004 145
2004 142
2004 137
2004 144
2004 143
2004 146
2004 143
2004 143
2004 179
2004 167
2004 163
2004 158
2004 152
2004 147
2004 138
2004 138
2004 137
2004 134
2004 128
2004 129
2004 129
2004 128
2004 127
2004 132
2004 166
2004 158
2004 146
2004 144
2004 144
2004 140
2004 139
2004 144
2004 136
2004 137
2004 133
2004 142
2004 129
2004 176
2004 209
2004 196
2004 181
2004 173
2004 171
2004 186
2004 220
2004 209
2004 190
2004 205
2004 223
2004 203
2004 195
2004 185
2004 180
2004 174
2004 171
2004 165
2004 169
2004 170
2004 198
2004 202
2004 204
2004 201
2004 209
2004 213
2004 256
2004 240
2004 231
2004 226
2004 225
2004 213
2004 212
2004 205
2004 198
2004 197
2004 187
2004 180
2004 173
2004 170
2004 167
2004 158
2004 157
2004 154
2004 148
2004 147
2004 145
2004 143
2004 140
2004 137
2004 134
2004 126
2004 124
2004 121
2004 115
2004 108
2004 102
2004 99
2004 92
2004 88
2004 78
2004 68
2004 62
2004 51
2004 44
2004 40
2004 33
2004 33
2004 26
2004 26
2004 13
2004 6
2004 3
2004 2
2004 0
2004 0
2004 0
2004 0
2004 0
2004 0
2004 0
2004 0
2004 0
2004 0
2004 0
2004 0
2004 0
2004 NA
2004 0
2004 0
2004 0
2004 0
2004 0
2004 0
2004 0
2004 0
2004 0
2004 0
2004 0
2004 0
2004 0
2004 0
2004 0
2004 0
2004 0
2004 0
2004 0
2004 0
2004 0
2004 0
2004 0
2004 0
2004 0
2004 0
2004 0
2004 0
2004 0
2004 0
2004 0
2004 0
2004 0
2004 0
2004 0
2004 0
2004 0
2004 0
2004 0
2004 0
2004 0
2004 0
2004 0
2004 0
2004 0
2004 0
2004 0
2004 0
2004 0
2004 0
2004 0
2004 0
2004 0
2004 0
2004 0
2004 0
2005 0
2005 0
2005 0
2005 0
2005 0
2005 0
2005 0
2005 0
2005 0
2005 0
2005 0
2005 0
2005 0
2005 0
2005 0
2005 0
2005 0
2005 0
2005 0
2005 0
2005 0
2005 0
2005 0
2005 0
2005 0
2005 0
2005 0
2005 0
2005 0
2005 0
2005 0
2005 NA
2005 0
2005 0
2005 0
2005 0
2005 0
2005 0
2005 0
2005 0
2005 0
2005 0
2005 0
2005 0
2005 13
2005 19
2005 16
2005 10
2005 13
2005 14
2005 6
2005 2
2005 2
2005 0
2005 1
2005 2
2005 4
2005 13
2005 30
2005 34
2005 29
2005 20
2005 19
2005 17
2005 15
2005 14
2005 13
2005 13
2005 13
2005 13
2005 13
2005 21
2005 43
2005 38
2005 33
2005 28
2005 24
2005 24
2005 22
2005 30
2005 13
2005 13
2005 13
2005 13
2005 13
2005 13
2005 13
2005 13
2005 13
2005 20
2005 73
2005 78
2005 70
2005 64
2005 61
2005 57
2005 55
2005 53
2005 50
2005 51
2005 50
2005 49
2005 49
2005 49
2005 49
2005 49
2005 49
2005 49
2005 64
2005 98
2005 94
2005 95
2005 93
2005 91
2005 78
2005 78
2005 120
2005 126
2005 120
2005 117
2005 111
2005 107
2005 103
2005 100
2005 76
2005 76
2005 75
2005 75
2005 75
2005 75
2005 75
2005 75
2005 75
2005 75
2005 75
2005 75
2005 75
2005 75
2005 75
2005 75
2005 76
2005 76
2005 81
2005 115
2005 106
2005 111
2005 91
2005 77
2005 76
2005 76
2005 76
2005 76
2005 76
2005 76
2005 76
2005 76
2005 76
2005 76
2005 76
2005 76
2005 76
2005 76
2005 76
2005 76
2005 75
2005 75
2005 75
2005 75
2005 75
2005 76
2005 75
2005 75
2005 80
2005 80
2005 96
2005 99
2005 98
2005 94
2005 90
2005 89
2005 94
2005 98
2005 95
2005 93
2005 97
2005 94
2005 101
2005 98
2005 94
2005 92
2005 88
2005 89
2005 87
2005 87
2005 87
2005 87
2005 85
2005 83
2005 78
2005 78
2005 78
2005 75
2005 75
2005 75
2005 74
2005 77
2005 74
2005 101
2005 104
2005 99
2005 101
2005 109
2005 104
2005 104
2005 100
2005 100
2005 98
2005 96
2005 94
2005 111
2005 130
2005 123
2005 120
2005 118
2005 111
2005 112
2005 118
2005 154
2005 191
2005 181
2005 169
2005 176
2005 169
2005 160
2005 159
2005 160
2005 174
2005 157
2005 155
2005 147
2005 140
2005 131
2005 124
2005 122
2005 118
2005 114
2005 114
2005 110
2005 106
2005 105
2005 102
2005 100
2005 104
2005 104
2005 107
2005 108
2005 105
2005 106
2005 118
2005 118
2005 104
2005 102
2005 97
2005 95
2005 98
2005 95
2005 86
2005 83
2005 76
2005 69
2005 61
2005 55
2005 51
2005 48
2005 44
2005 42
2005 38
2005 27
2005 18
2005 14
2005 5
2005 0
2005 0
2005 0
2005 0
2005 0
2005 0
2005 0
2005 0
2005 0
2005 0
2005 0
2005 0
2005 0
2005 0
2005 0
2005 0
2005 0
2005 0
2005 0
2005 0
2005 0
2005 0
2005 0
2005 0
2005 0
2005 0
2005 0
2005 0
2005 0
2005 0
2005 0
2005 0
2005 0
2005 0
2005 0
2005 0
2005 0
2005 0
2005 0
2005 0
2005 0
2005 0
2005 0
2005 0
2005 0
2005 0
2005 0
2005 0
2005 0
2005 0
2005 0
2005 0
2005 0
2005 0
2005 0
2005 0
2005 0
2005 0
2005 0
2005 0
2005 0
2005 0
2005 0
2005 0
2005 0
2005 0
2005 0
2005 0
2005 0
2005 0
2005 0
2005 0
2005 0
2005 0
2005 0
2005 0
2005 0
2005 0
2005 0
2005 0
2005 0
2005 0
2005 0
2005 0
2006 0
2006 0
2006 0
2006 0
2006 0
2006 0
2006 0
2006 0
2006 0
2006 0
2006 0
2006 0
2006 0
2006 0
2006 0
2006 0
2006 0
2006 0
2006 0
2006 0
2006 0
2006 0
2006 0
2006 0
2006 0
2006 0
2006 0
2006 0
2006 0
2006 0
2006 0
2006 0
2006 21
2006 43
2006 41
2006 37
2006 34
2006 40
2006 32
2006 27
2006 26
2006 23
2006 25
2006 22
2006 20
2006 19
2006 15
2006 18
2006 17
2006 15
2006 13
2006 10
2006 8
2006 9
2006 7
2006 5
2006 2
2006 0
2006 0
2006 0
2006 0
2006 0
2006 0
2006 0
2006 0
2006 7
2006 2
2006 0
2006 0
2006 1
2006 0
2006 0
2006 0
2006 0
2006 0
2006 0
2006 0
2006 0
2006 0
2006 0
2006 0
2006 0
2006 0
2006 0
2006 0
2006 0
2006 7
2006 6
2006 6
2006 8
2006 10
2006 10
2006 9
2006 31
2006 18
2006 24
2006 22
2006 22
2006 21
2006 24
2006 24
2006 20
2006 20
2006 23
2006 22
2006 22
2006 8
2006 5
2006 5
2006 5
2006 5
2006 5
2006 5
2006 5
2006 5
2006 5
2006 5
2006 13
2006 20
2006 16
2006 14
2006 8
2006 10
2006 8
2006 8
2006 8
2006 8
2006 8
2006 8
2006 8
2006 8
2006 8
2006 8
2006 8
2006 8
2006 8
2006 8
2006 8
2006 8
2006 8
2006 5
2006 5
2006 5
2006 5
2006 5
2006 5
2006 5
2006 5
2006 13
2006 61
2006 70
2006 58
2006 55
2006 51
2006 49
2006 47
2006 46
2006 43
2006 41
2006 38
2006 37
2006 37
2006 33
2006 33
2006 32
2006 31
2006 31
2006 30
2006 38
2006 43
2006 51
2006 52
2006 113
2006 95
2006 88
2006 91
2006 88
2006 99
2006 94
2006 93
2006 89
2006 86
2006 82
2006 96
2006 126
2006 122
2006 110
2006 107
2006 108
2006 121
2006 121
2006 121
2006 116
2006 114
2006 111
2006 107
2006 115
2006 109
2006 109
2006 105
2006 103
2006 100
2006 103
2006 100
2006 105
2006 108
2006 103
2006 100
2006 97
2006 94
2006 92
2006 97
2006 92
2006 94
2006 91
2006 90
2006 114
2006 109
2006 102
2006 98
2006 98
2006 103
2006 118
2006 114
2006 110
2006 105
2006 98
2006 109
2006 102
2006 101
2006 96
2006 93
2006 93
2006 89
2006 85
2006 80
2006 89
2006 83
2006 83
2006 76
2006 75
2006 72
2006 69
2006 70
2006 69
2006 68
2006 68
2006 68
2006 74
2006 72
2006 112
2006 89
2006 101
2006 84
2006 80
2006 81
2006 74
2006 74
2006 70
2006 60
2006 56
2006 48
2006 43
2006 42
2006 36
2006 29
2006 24
2006 21
2006 13
2006 8
2006 4
2006 0
2006 0
2006 0
2006 0
2006 0
2006 0
2006 0
2006 0
2006 0
2006 0
2006 0
2006 0
2006 0
2006 NA
2006 NA
2006 0
2006 0
2006 0
2006 0
2006 0
2006 0
2006 NA
2006 NA
2006 0
2006 NA
2006 0
2006 0
2006 0
2006 0
2006 0
2006 0
2006 0
2006 0
2006 0
2006 0
2006 NA
2006 0
2006 0
2006 0
2006 0
2006 0
2006 0
2006 0
2006 NA
2006 0
2006 0
2006 0
2006 0
2006 0
2006 0
2006 0
2006 NA
2006 0
2006 0
2006 0
2006 0
2006 0
2006 0
2006 NA
2006 NA
2006 NA
2006 NA
2006 NA
2006 0
2006 0
2006 0
2006 NA
2006 NA
2006 NA
2006 0
2006 NA
2006 0
2006 NA
2006 NA
2006 0
2006 NA
2006 NA
2006 NA
2006 0
2006 0
2006 0
2006 NA
2006 NA
2006 NA
2006 NA
2006 NA
2006 0
2006 0
2006 0
2006 0
2006 0
2006 0
2006 0
2006 0
2007 0
2007 0
2007 0
2007 0
2007 0
2007 0
2007 0
2007 0
2007 0
2007 0
2007 0
2007 NA
2007 0
2007 0
2007 0
2007 0
2007 0
2007 0
2007 0
2007 0
2007 0
2007 0
2007 0
2007 0
2007 0
2007 0
2007 0
2007 0
2007 0
2007 0
2007 0
2007 0
2007 0
2007 0
2007 0
2007 0
2007 0
2007 0
2007 0
2007 0
2007 0
2007 0
2007 0
2007 0
2007 9
2007 0
2007 0
2007 0
2007 0
2007 0
2007 0
2007 0
2007 0
2007 0
2007 0
2007 0
2007 0
2007 0
2007 0
2007 0
2007 0
2007 0
2007 0
2007 0
2007 0
2007 0
2007 0
2007 0
2007 0
2007 0
2007 0
2007 0
2007 0
2007 0
2007 0
2007 0
2007 0
2007 5
2007 22
2007 16
2007 18
2007 16
2007 25
2007 25
2007 25
2007 24
2007 23
2007 22
2007 23
2007 22
2007 23
2007 21
2007 21
2007 21
2007 21
2007 22
2007 25
2007 44
2007 39
2007 111
2007 107
2007 100
2007 95
2007 90
2007 86
2007 83
2007 80
2007 78
2007 75
2007 75
2007 74
2007 73
2007 71
2007 71
2007 70
2007 69
2007 69
2007 69
2007 69
2007 69
2007 69
2007 67
2007 63
2007 77
2007 90
2007 83
2007 87
2007 85
2007 83
2007 83
2007 82
2007 81
2007 81
2007 79
2007 77
2007 77
2007 77
2007 77
2007 77
2007 77
2007 77
2007 75
2007 75
2007 75
2007 88
2007 143
2007 134
2007 128
2007 120
2007 73
2007 73
2007 73
2007 73
2007 73
2007 73
2007 73
2007 72
2007 72
2007 72
2007 75
2007 81
2007 77
2007 79
2007 78
2007 81
2007 76
2007 73
2007 75
2007 72
2007 72
2007 72
2007 75
2007 75
2007 75
2007 75
2007 74
2007 75
2007 78
2007 79
2007 80
2007 73
2007 73
2007 101
2007 94
2007 90
2007 89
2007 87
2007 113
2007 112
2007 108
2007 104
2007 102
2007 101
2007 98
2007 97
2007 95
2007 93
2007 92
2007 90
2007 90
2007 88
2007 87
2007 87
2007 88
2007 100
2007 118
2007 143
2007 158
2007 145
2007 140
2007 135
2007 132
2007 140
2007 137
2007 130
2007 156
2007 171
2007 154
2007 144
2007 146
2007 136
2007 129
2007 125
2007 118
2007 117
2007 116
2007 115
2007 108
2007 106
2007 98
2007 95
2007 91
2007 84
2007 80
2007 78
2007 73
2007 68
2007 64
2007 61
2007 56
2007 53
2007 52
2007 52
2007 87
2007 103
2007 99
2007 115
2007 109
2007 92
2007 86
2007 72
2007 67
2007 62
2007 58
2007 53
2007 51
2007 48
2007 41
2007 51
2007 40
2007 34
2007 33
2007 26
2007 21
2007 10
2007 0
2007 0
2007 0
2007 0
2007 15
2007 31
2007 17
2007 15
2007 37
2007 59
2007 32
2007 20
2007 16
2007 13
2007 8
2007 0
2007 0
2007 0
2007 0
2007 0
2007 0
2007 0
2007 0
2007 0
2007 0
2007 0
2007 0
2007 0
2007 0
2007 NA
2007 0
2007 NA
2007 0
2007 0
2007 0
2007 0
2007 0
2007 0
2007 0
2007 0
2007 NA
2007 NA
2007 NA
2007 NA
2007 NA
2007 NA
2007 0
2007 NA
2007 NA
2007 NA
2007 NA
2007 0
2007 0
2007 NA
2007 NA
2007 NA
2007 0
2007 NA
2007 0
2007 0
2007 0
2007 0
2007 0
2007 0
2007 0
2007 0
2007 0
2007 0
2007 0
2007 0
2007 0
2007 0
2007 0
2007 0
2007 0
2007 0
2007 0
2007 5
2007 0
2007 0
2007 0
2007 0
2007 0
2007 0
2007 0
2007 0
2007 0
2007 0
2007 0
2007 0
2007 0
2007 0
2007 0
2007 0
2007 0
2007 0
2007 0
2007 0
2007 0
2007 0
2008 0
2008 0
2008 0
2008 0
2008 0
2008 0
2008 0
2008 0
2008 0
2008 0
2008 0
2008 0
2008 0
2008 0
2008 0
2008 0
2008 0
2008 0
2008 0
2008 0
2008 0
2008 0
2008 0
2008 0
2008 0
2008 0
2008 14
2008 19
2008 10
2008 8
2008 0
2008 0
2008 0
2008 0
2008 0
2008 0
2008 0
2008 0
2008 0
2008 0
2008 0
2008 0
2008 0
2008 0
2008 0
2008 0
2008 0
2008 0
2008 0
2008 0
2008 0
2008 0
2008 0
2008 3
2008 8
2008 11
2008 13
2008 11
2008 10
2008 10
2008 11
2008 8
2008 4
2008 4
2008 0
2008 0
2008 0
2008 0
2008 0
2008 0
2008 2
2008 0
2008 0
2008 0
2008 14
2008 14
2008 8
2008 8
2008 8
2008 8
2008 8
2008 8
2008 23
2008 57
2008 67
2008 71
2008 71
2008 68
2008 65
2008 64
2008 63
2008 63
2008 60
2008 80
2008 97
2008 88
2008 81
2008 80
2008 75
2008 84
2008 85
2008 78
2008 72
2008 70
2008 70
2008 75
2008 76
2008 73
2008 75
2008 75
2008 73
2008 73
2008 72
2008 72
2008 70
2008 70
2008 70
2008 70
2008 70
2008 70
2008 70
2008 70
2008 70
2008 70
2008 86
2008 91
2008 92
2008 113
2008 103
2008 100
2008 99
2008 95
2008 92
2008 107
2008 147
2008 139
2008 144
2008 141
2008 143
2008 136
2008 132
2008 128
2008 124
2008 127
2008 126
2008 122
2008 122
2008 120
2008 116
2008 110
2008 108
2008 108
2008 108
2008 110
2008 116
2008 113
2008 118
2008 128
2008 122
2008 116
2008 116
2008 114
2008 113
2008 111
2008 111
2008 111
2008 111
2008 111
2008 111
2008 110
2008 109
2008 109
2008 108
2008 108
2008 108
2008 107
2008 106
2008 105
2008 105
2008 105
2008 105
2008 104
2008 104
2008 102
2008 101
2008 101
2008 99
2008 99
2008 97
2008 100
2008 100
2008 105
2008 126
2008 138
2008 140
2008 136
2008 130
2008 135
2008 127
2008 124
2008 124
2008 123
2008 123
2008 146
2008 141
2008 136
2008 144
2008 120
2008 120
2008 142
2008 136
2008 133
2008 135
2008 135
2008 130
2008 127
2008 127
2008 127
2008 127
2008 127
2008 124
2008 127
2008 130
2008 138
2008 165
2008 151
2008 150
2008 155
2008 152
2008 152
2008 164
2008 179
2008 165
2008 198
2008 199
2008 179
2008 171
2008 164
2008 152
2008 152
2008 144
2008 164
2008 160
2008 164
2008 157
2008 154
2008 144
2008 142
2008 144
2008 142
2008 140
2008 130
2008 129
2008 131
2008 140
2008 135
2008 132
2008 130
2008 130
2008 130
2008 121
2008 123
2008 120
2008 122
2008 121
2008 116
2008 116
2008 115
2008 112
2008 106
2008 99
2008 90
2008 83
2008 76
2008 71
2008 64
2008 64
2008 59
2008 56
2008 54
2008 45
2008 37
2008 35
2008 22
2008 20
2008 15
2008 9
2008 8
2008 3
2008 6
2008 7
2008 4
2008 4
2008 2
2008 2
2008 1
2008 NA
2008 NA
2008 2
2008 NA
2008 2
2008 1
2008 NA
2008 2
2008 2
2008 2
2008 NA
2008 2
2008 1
2008 NA
2008 2
2008 2
2008 2
2008 0
2008 0
2008 0
2008 0
2008 2
2008 1
2008 1
2008 0
2008 NA
2008 NA
2008 0
2008 0
2008 0
2008 0
2008 0
2008 0
2008 0
2008 0
2008 0
2008 0
2008 0
2008 0
2008 0
2008 0
2008 0
2008 0
2008 0
2008 0
2008 0
2008 0
2008 0
2008 0
2008 0
2008 0
2008 0
2008 0
2008 0
2008 0
2008 0
2008 0
2008 0
2008 0
2008 0
2008 0
2008 0
2008 0
2008 0
2008 0
2008 0
2008 0
2008 0
2008 0
2008 0
2009 0
2009 0
2009 0
2009 0
2009 0
2009 0
2009 0
2009 0
2009 0
2009 0
2009 0
2009 0
2009 0
2009 3
2009 2
2009 2
2009 2
2009 3
2009 2
2009 1
2009 2
2009 2
2009 2
2009 10
2009 6
2009 6
2009 1
2009 2
2009 0
2009 2
2009 1
2009 1
2009 1
2009 0
2009 1
2009 0
2009 0
2009 1
2009 1
2009 1
2009 1
2009 1
2009 0
2009 0
2009 0
2009 0
2009 1
2009 1
2009 3
2009 1
2009 2
2009 1
2009 2
2009 1
2009 1
2009 0
2009 0
2009 3
2009 20
2009 41
2009 51
2009 51
2009 41
2009 68
2009 70
2009 125
2009 132
2009 130
2009 124
2009 118
2009 116
2009 111
2009 120
2009 122
2009 119
2009 114
2009 114
2009 111
2009 111
2009 112
2009 111
2009 108
2009 113
2009 104
2009 125
2009 123
2009 121
2009 118
2009 118
2009 136
2009 159
2009 176
2009 164
2009 158
2009 152
2009 165
2009 150
2009 145
2009 142
2009 141
2009 162
2009 184
2009 189
2009 185
2009 194
2009 279
2009 290
2009 314
2009 293
2009 278
2009 268
2009 186
2009 187
2009 186
2009 184
2009 183
2009 201
2009 195
2009 192
2009 190
2009 193
2009 191
2009 209
2009 203
2009 198
2009 194
2009 191
2009 189
2009 193
2009 223
2009 221
2009 213
2009 207
2009 202
2009 199
2009 196
2009 193
2009 191
2009 189
2009 188
2009 199
2009 203
2009 199
2009 196
2009 193
2009 218
2009 214
2009 213
2009 213
2009 207
2009 204
2009 202
2009 202
2009 200
2009 221
2009 242
2009 233
2009 227
2009 251
2009 272
2009 263
2009 253
2009 258
2009 241
2009 234
2009 233
2009 231
2009 229
2009 226
2009 224
2009 225
2009 224
2009 221
2009 219
2009 218
2009 217
2009 215
2009 215
2009 213
2009 218
2009 217
2009 217
2009 222
2009 221
2009 225
2009 272
2009 286
2009 277
2009 269
2009 264
2009 262
2009 273
2009 267
2009 263
2009 254
2009 250
2009 249
2009 247
2009 244
2009 241
2009 240
2009 240
2009 239
2009 238
2009 248
2009 237
2009 251
2009 233
2009 233
2009 263
2009 263
2009 259
2009 263
2009 265
2009 287
2009 273
2009 265
2009 258
2009 254
2009 252
2009 249
2009 246
2009 265
2009 271
2009 259
2009 249
2009 248
2009 262
2009 294
2009 276
2009 301
2009 325
2009 322
2009 301
2009 290
2009 289
2009 301
2009 294
2009 322
2009 410
2009 402
2009 393
2009 374
2009 356
2009 337
2009 326
2009 320
2009 315
2009 310
2009 303
2009 299
2009 296
2009 286
2009 284
2009 280
2009 274
2009 272
2009 271
2009 266
2009 260
2009 252
2009 249
2009 244
2009 234
2009 223
2009 215
2009 202
2009 195
2009 189
2009 180
2009 178
2009 166
2009 164
2009 188
2009 169
2009 159
2009 156
2009 152
2009 142
2009 141
2009 132
2009 136
2009 131
2009 124
2009 114
2009 110
2009 96
2009 89
2009 79
2009 65
2009 55
2009 54
2009 45
2009 39
2009 39
2009 32
2009 28
2009 12
2009 12
2009 10
2009 3
2009 0
2009 0
2009 0
2009 0
2009 0
2009 0
2009 0
2009 0
2009 0
2009 0
2009 0
2009 0
2009 0
2009 0
2009 0
2009 0
2009 0
2009 0
2009 0
2009 0
2009 0
2009 0
2009 0
2009 0
2009 0
2009 0
2009 0
2009 0
2009 0
2009 0
2009 0
2009 0
2009 0
2009 0
2009 0
2009 0
2009 0
2009 0
2009 0
2009 0
2009 0
2009 0
2009 0
2009 0
2009 0
2009 0
2009 0
2009 0
2009 0
2009 0
2009 0
2009 0
2009 0
2009 0
2009 0
2009 0
2009 0
2009 0
2009 0
2009 0
2009 0
2009 0
2009 0
2009 0
2010 0
2010 0
2010 0
2010 0
2010 0
2010 0
2010 0
2010 0
2010 0
2010 0
2010 0
2010 0
2010 0
2010 0
2010 10
2010 3
2010 0
2010 0
2010 0
2010 0
2010 0
2010 0
2010 0
2010 0
2010 0
2010 0
2010 0
2010 0
2010 0
2010 0
2010 0
2010 0
2010 0
2010 0
2010 0
2010 0
2010 0
2010 0
2010 0
2010 0
2010 0
2010 0
2010 0
2010 0
2010 0
2010 0
2010 0
2010 0
2010 0
2010 0
2010 0
2010 22
2010 20
2010 18
2010 15
2010 12
2010 10
2010 10
2010 8
2010 8
2010 8
2010 8
2010 13
2010 22
2010 33
2010 22
2010 24
2010 23
2010 40
2010 49
2010 48
2010 42
2010 39
2010 38
2010 35
2010 35
2010 37
2010 33
2010 33
2010 28
2010 28
2010 27
2010 27
2010 27
2010 29
2010 25
2010 25
2010 25
2010 25
2010 27
2010 66
2010 103
2010 95
2010 89
2010 89
2010 85
2010 81
2010 79
2010 78
2010 72
2010 68
2010 61
2010 60
2010 70
2010 80
2010 75
2010 72
2010 71
2010 70
2010 70
2010 64
2010 71
2010 89
2010 91
2010 91
2010 101
2010 86
2010 88
2010 80
2010 79
2010 81
2010 85
2010 83
2010 80
2010 78
2010 77
2010 76
2010 78
2010 78
2010 83
2010 104
2010 128
2010 124
2010 119
2010 116
2010 114
2010 111
2010 108
2010 106
2010 100
2010 97
2010 96
2010 97
2010 97
2010 96
2010 96
2010 94
2010 95
2010 99
2010 96
2010 127
2010 143
2010 126
2010 126
2010 124
2010 124
2010 123
2010 139
2010 156
2010 154
2010 151
2010 147
2010 147
2010 152
2010 161
2010 154
2010 151
2010 150
2010 154
2010 153
2010 164
2010 168
2010 167
2010 166
2010 165
2010 169
2010 166
2010 161
2010 171
2010 123
2010 129
2010 130
2010 127
2010 121
2010 127
2010 133
2010 128
2010 133
2010 139
2010 143
2010 143
2010 143
2010 142
2010 141
2010 139
2010 139
2010 139
2010 134
2010 131
2010 130
2010 130
2010 132
2010 132
2010 130
2010 130
2010 143
2010 147
2010 149
2010 148
2010 140
2010 145
2010 181
2010 177
2010 174
2010 172
2010 192
2010 189
2010 180
2010 172
2010 167
2010 165
2010 162
2010 159
2010 187
2010 182
2010 185
2010 174
2010 176
2010 173
2010 179
2010 172
2010 168
2010 165
2010 160
2010 157
2010 155
2010 153
2010 148
2010 144
2010 140
2010 138
2010 134
2010 129
2010 123
2010 128
2010 154
2010 184
2010 214
2010 206
2010 212
2010 199
2010 202
2010 210
2010 195
2010 199
2010 214
2010 215
2010 202
2010 195
2010 189
2010 184
2010 178
2010 174
2010 169
2010 167
2010 159
2010 155
2010 150
2010 146
2010 144
2010 143
2010 139
2010 137
2010 130
2010 125
2010 118
2010 116
2010 108
2010 105
2010 98
2010 93
2010 88
2010 84
2010 81
2010 74
2010 71
2010 68
2010 62
2010 57
2010 45
2010 49
2010 39
2010 38
2010 33
2010 26
2010 12
2010 5
2010 0
2010 NA
2010 NA
2010 NA
2010 NA
2010 0
2010 0
2010 0
2010 NA
2010 0
2010 0
2010 0
2010 0
2010 0
2010 0
2010 0
2010 NA
2010 0
2010 0
2010 0
2010 0
2010 0
2010 0
2010 0
2010 0
2010 0
2010 0
2010 0
2010 0
2010 0
2010 0
2010 0
2010 0
2010 0
2010 NA
2010 0
2010 0
2010 0
2010 0
2010 0
2010 0
2010 0
2010 0
2010 0
2010 0
2010 0
2010 0
2010 0
2010 0
2010 NA
2010 0
2010 0
2010 0
2010 0
2010 0
2010 0
2010 NA
2010 NA
2010 0
2010 0
2010 0
2010 0
2010 NA
2010 0
2010 NA
2010 0
2010 0
2010 0
2011 0
2011 0
2011 0
2011 0
2011 0
2011 0
2011 0
2011 0
2011 0
2011 0
2011 0
2011 0
2011 0
2011 0
2011 0
2011 0
2011 0
2011 0
2011 0
2011 0
2011 0
2011 NA
2011 0
2011 0
2011 5
2011 0
2011 0
2011 5
2011 0
2011 0
2011 0
2011 0
2011 0
2011 0
2011 0
2011 0
2011 0
2011 0
2011 0
2011 0
2011 0
2011 0
2011 0
2011 0
2011 0
2011 0
2011 16
2011 10
2011 8
2011 5
2011 6
2011 6
2011 7
2011 7
2011 17
2011 15
2011 11
2011 9
2011 10
2011 11
2011 42
2011 109
2011 97
2011 77
2011 72
2011 67
2011 67
2011 57
2011 64
2011 74
2011 78
2011 77
2011 78
2011 69
2011 69
2011 71
2011 111
2011 118
2011 112
2011 118
2011 113
2011 132
2011 130
2011 125
2011 121
2011 117
2011 118
2011 115
2011 114
2011 112
2011 112
2011 122
2011 117
2011 115
2011 113
2011 110
2011 123
2011 130
2011 125
2011 125
2011 100
2011 98
2011 51
2011 54
2011 53
2011 53
2011 53
2011 57
2011 54
2011 53
2011 55
2011 56
2011 60
2011 78
2011 104
2011 105
2011 111
2011 109
2011 102
2011 92
2011 90
2011 89
2011 88
2011 87
2011 84
2011 84
2011 84
2011 84
2011 84
2011 88
2011 89
2011 92
2011 92
2011 90
2011 89
2011 96
2011 95
2011 95
2011 94
2011 94
2011 93
2011 93
2011 93
2011 93
2011 93
2011 93
2011 93
2011 93
2011 93
2011 93
2011 93
2011 98
2011 113
2011 111
2011 107
2011 104
2011 103
2011 100
2011 100
2011 100
2011 98
2011 98
2011 98
2011 98
2011 98
2011 98
2011 98
2011 100
2011 117
2011 122
2011 121
2011 117
2011 118
2011 119
2011 118
2011 115
2011 115
2011 115
2011 114
2011 115
2011 117
2011 140
2011 133
2011 130
2011 159
2011 148
2011 142
2011 139
2011 138
2011 133
2011 133
2011 130
2011 130
2011 135
2011 144
2011 141
2011 176
2011 205
2011 193
2011 186
2011 183
2011 180
2011 177
2011 175
2011 170
2011 164
2011 162
2011 160
2011 165
2011 163
2011 166
2011 166
2011 165
2011 156
2011 155
2011 149
2011 144
2011 142
2011 139
2011 133
2011 128
2011 120
2011 120
2011 118
2011 109
2011 109
2011 126
2011 124
2011 119
2011 116
2011 112
2011 111
2011 105
2011 105
2011 111
2011 109
2011 108
2011 104
2011 104
2011 116
2011 126
2011 128
2011 123
2011 115
2011 119
2011 109
2011 109
2011 105
2011 107
2011 103
2011 97
2011 89
2011 85
2011 79
2011 77
2011 70
2011 70
2011 64
2011 60
2011 54
2011 56
2011 53
2011 44
2011 39
2011 23
2011 19
2011 15
2011 5
2011 0
2011 0
2011 0
2011 0
2011 0
2011 3
2011 2
2011 0
2011 0
2011 3
2011 8
2011 2
2011 0
2011 3
2011 0
2011 0
2011 0
2011 0
2011 0
2011 0
2011 0
2011 0
2011 0
2011 0
2011 0
2011 0
2011 0
2011 0
2011 0
2011 0
2011 0
2011 0
2011 0
2011 0
2011 0
2011 0
2011 0
2011 0
2011 0
2011 0
2011 0
2011 0
2011 0
2011 0
2011 0
2011 0
2011 0
2011 0
2011 0
2011 0
2011 0
2011 0
2011 0
2011 0
2011 2
2011 0
2011 0
2011 0
2011 0
2011 0
2011 0
2011 0
2011 0
2011 0
2011 0
2011 0
2011 0
2011 0
2011 0
2011 0
2011 0
2011 0
2011 0
2011 0
2011 0
2011 0
2011 0
2011 0
2011 0
2011 0
2011 0
2011 0
2011 0
2011 0
2011 0
2011 0
2011 0
2011 0
2011 0
2011 0
2011 0
2011 0
2011 0
2011 0
2011 0
2011 0
2011 0
2012 0
2012 0
2012 0
2012 0
2012 0
2012 0
2012 0
2012 0
2012 0
2012 0
2012 0
2012 0
2012 0
2012 0
2012 0
2012 0
2012 0
2012 0
2012 0
2012 0
2012 0
2012 0
2012 0
2012 0
2012 0
2012 0
2012 0
2012 0
2012 0
2012 0
2012 0
2012 0
2012 0
2012 0
2012 0
2012 0
2012 0
2012 0
2012 12
2012 5
2012 0
2012 0
2012 0
2012 0
2012 0
2012 0
2012 0
2012 0
2012 0
2012 3
2012 0
2012 0
2012 0
2012 0
2012 15
2012 35
2012 30
2012 28
2012 23
2012 22
2012 22
2012 21
2012 20
2012 20
2012 29
2012 54
2012 69
2012 81
2012 95
2012 102
2012 96
2012 94
2012 92
2012 90
2012 87
2012 87
2012 85
2012 85
2012 84
2012 84
2012 83
2012 83
2012 82
2012 81
2012 80
2012 80
2012 79
2012 79
2012 79
2012 79
2012 79
2012 79
2012 79
2012 80
2012 84
2012 88
2012 77
2012 106
2012 101
2012 98
2012 97
2012 95
2012 94
2012 99
2012 106
2012 106
2012 134
2012 163
2012 169
2012 162
2012 158
2012 171
2012 174
2012 141
2012 137
2012 137
2012 137
2012 136
2012 133
2012 133
2012 146
2012 92
2012 87
2012 87
2012 95
2012 92
2012 87
2012 108
2012 87
2012 89
2012 86
2012 85
2012 85
2012 85
2012 85
2012 85
2012 85
2012 85
2012 85
2012 85
2012 85
2012 87
2012 85
2012 87
2012 85
2012 85
2012 85
2012 87
2012 87
2012 90
2012 104
2012 101
2012 114
2012 111
2012 115
2012 115
2012 112
2012 111
2012 111
2012 105
2012 100
2012 100
2012 99
2012 103
2012 103
2012 101
2012 103
2012 102
2012 102
2012 101
2012 101
2012 101
2012 115
2012 111
2012 111
2012 109
2012 108
2012 103
2012 101
2012 101
2012 101
2012 101
2012 99
2012 99
2012 97
2012 103
2012 110
2012 130
2012 126
2012 121
2012 120
2012 120
2012 120
2012 117
2012 116
2012 112
2012 111
2012 110
2012 109
2012 119
2012 133
2012 144
2012 141
2012 131
2012 122
2012 122
2012 111
2012 114
2012 113
2012 110
2012 110
2012 110
2012 104
2012 102
2012 101
2012 101
2012 107
2012 133
2012 113
2012 113
2012 118
2012 113
2012 113
2012 137
2012 131
2012 139
2012 139
2012 184
2012 197
2012 181
2012 173
2012 174
2012 176
2012 173
2012 175
2012 163
2012 191
2012 172
2012 175
2012 166
2012 155
2012 153
2012 164
2012 186
2012 199
2012 185
2012 173
2012 196
2012 177
2012 174
2012 171
2012 171
2012 164
2012 157
2012 153
2012 144
2012 142
2012 139
2012 136
2012 133
2012 131
2012 131
2012 129
2012 157
2012 164
2012 140
2012 131
2012 124
2012 123
2012 116
2012 115
2012 113
2012 102
2012 99
2012 89
2012 80
2012 76
2012 73
2012 60
2012 60
2012 56
2012 47
2012 42
2012 34
2012 30
2012 27
2012 22
2012 17
2012 17
2012 0
2012 0
2012 0
2012 0
2012 0
2012 0
2012 0
2012 0
2012 0
2012 0
2012 0
2012 0
2012 0
2012 0
2012 0
2012 0
2012 0
2012 0
2012 0
2012 0
2012 0
2012 0
2012 0
2012 0
2012 0
2012 0
2012 0
2012 0
2012 0
2012 0
2012 0
2012 0
2012 0
2012 0
2012 0
2012 0
2012 0
2012 0
2012 0
2012 0
2012 0
2012 0
2012 0
2012 0
2012 0
2012 0
2012 0
2012 0
2012 0
2012 0
2012 0
2012 0
2012 0
2012 0
2012 0
2012 0
2012 0
2012 0
2012 0
2012 0
2012 0
2012 0
2012 0
2012 0
2012 0
2012 0
2012 0
2012 0
2012 0
2012 0
2012 0
2012 0
2012 0
2012 0
2012 0
2012 0
2012 0
2013 1
2013 5
2013 0
2013 0
2013 0
2013 0
2013 0
2013 0
2013 0
2013 0
2013 0
2013 0
2013 2
2013 0
2013 0
2013 0
2013 0
2013 0
2013 0
2013 0
2013 0
2013 2
2013 2
2013 2
2013 1
2013 1
2013 0
2013 4
2013 0
2013 0
2013 0
2013 0
2013 0
2013 0
2013 0
2013 0
2013 0
2013 0
2013 0
2013 0
2013 0
2013 0
2013 0
2013 0
2013 10
2013 8
2013 8
2013 1
2013 0
2013 0
2013 0
2013 0
2013 0
2013 0
2013 0
2013 0
2013 8
2013 32
2013 36
2013 30
2013 27
2013 38
2013 34
2013 30
2013 28
2013 25
2013 25
2013 24
2013 24
2013 22
2013 32
2013 66
2013 62
2013 57
2013 50
2013 50
2013 49
2013 49
2013 49
2013 46
2013 46
2013 46
2013 44
2013 44
2013 44
2013 44
2013 44
2013 64
2013 112
2013 155
2013 143
2013 135
2013 126
2013 126
2013 129
2013 128
2013 127
2013 119
2013 150
2013 125
2013 124
2013 117
2013 116
2013 115
2013 124
2013 128
2013 119
2013 115
2013 112
2013 112
2013 110
2013 109
2013 106
2013 102
2013 103
2013 102
2013 102
2013 101
2013 112
2013 91
2013 91
2013 88
2013 88
2013 88
2013 88
2013 86
2013 91
2013 88
2013 67
2013 65
2013 65
2013 65
2013 70
2013 68
2013 68
2013 66
2013 69
2013 72
2013 72
2013 66
2013 65
2013 73
2013 77
2013 75
2013 70
2013 73
2013 73
2013 71
2013 71
2013 77
2013 77
2013 74
2013 80
2013 77
2013 101
2013 97
2013 72
2013 72
2013 74
2013 75
2013 77
2013 76
2013 76
2013 80
2013 87
2013 86
2013 83
2013 82
2013 82
2013 82
2013 87
2013 85
2013 85
2013 89
2013 100
2013 100
2013 102
2013 129
2013 139
2013 129
2013 130
2013 127
2013 123
2013 120
2013 117
2013 116
2013 115
2013 114
2013 116
2013 121
2013 120
2013 117
2013 116
2013 116
2013 116
2013 115
2013 114
2013 118
2013 155
2013 164
2013 158
2013 157
2013 153
2013 152
2013 159
2013 166
2013 157
2013 156
2013 156
2013 165
2013 165
2013 171
2013 163
2013 163
2013 161
2013 160
2013 174
2013 171
2013 66
2013 168
2013 174
2013 177
2013 173
2013 174
2013 167
2013 164
2013 160
2013 154
2013 149
2013 143
2013 142
2013 165
2013 192
2013 188
2013 173
2013 172
2013 157
2013 154
2013 163
2013 196
2013 204
2013 193
2013 184
2013 185
2013 178
2013 170
2013 166
2013 174
2013 164
2013 160
2013 157
2013 157
2013 149
2013 146
2013 137
2013 137
2013 150
2013 185
2013 221
2013 220
2013 263
2013 238
2013 228
2013 223
2013 213
2013 207
2013 206
2013 202
2013 197
2013 200
2013 231
2013 217
2013 212
2013 208
2013 197
2013 189
2013 188
2013 188
2013 181
2013 178
2013 175
2013 174
2013 171
2013 170
2013 162
2013 158
2013 156
2013 149
2013 137
2013 137
2013 128
2013 122
2013 111
2013 107
2013 101
2013 100
2013 95
2013 83
2013 82
2013 85
2013 78
2013 76
2013 75
2013 69
2013 67
2013 60
2013 56
2013 46
2013 33
2013 28
2013 22
2013 12
2013 4
2013 0
2013 0
2013 0
2013 0
2013 0
2013 0
2013 0
2013 0
2013 0
2013 0
2013 0
2013 0
2013 0
2013 0
2013 0
2013 0
2013 0
2013 0
2013 0
2013 0
2013 0
2013 0
2013 0
2013 0
2013 0
2013 0
2013 0
2013 0
2013 0
2013 0
2013 0
2013 0
2013 0
2013 0
2013 0
2013 0
2013 0
2013 0
2013 0
2013 0
2013 0
2013 0
2013 0
2013 0
2013 0
2013 0
2013 0
2013 0
2013 0
2013 0
2013 0
2013 0
2014 0
2014 0
2014 0
2014 0
2014 0
2014 0
2014 0
2014 0
2014 0
2014 0
2014 0
2014 0
2014 0
2014 0
2014 0
2014 2
2014 0
2014 0
2014 0
2014 0
2014 0
2014 0
2014 0
2014 0
2014 0
2014 0
2014 0
2014 0
2014 0
2014 0
2014 0
2014 0
2014 0
2014 0
2014 0
2014 0
2014 0
2014 0
2014 0
2014 0
2014 1
2014 35
2014 37
2014 33
2014 27
2014 25
2014 14
2014 14
2014 10
2014 7
2014 7
2014 6
2014 0
2014 0
2014 0
2014 0
2014 0
2014 0
2014 0
2014 0
2014 0
2014 5
2014 0
2014 5
2014 7
2014 8
2014 35
2014 30
2014 29
2014 29
2014 25
2014 22
2014 22
2014 22
2014 22
2014 41
2014 45
2014 43
2014 42
2014 54
2014 68
2014 80
2014 122
2014 108
2014 99
2014 93
2014 89
2014 86
2014 83
2014 80
2014 77
2014 80
2014 77
2014 76
2014 75
2014 75
2014 13
2014 13
2014 11
2014 11
2014 11
2014 11
2014 11
2014 11
2014 10
2014 10
2014 10
2014 10
2014 10
2014 10
2014 50
2014 46
2014 42
2014 39
2014 37
2014 48
2014 109
2014 134
2014 121
2014 121
2014 114
2014 108
2014 103
2014 100
2014 102
2014 102
2014 106
2014 103
2014 98
2014 95
2014 93
2014 95
2014 93
2014 92
2014 90
2014 107
2014 107
2014 103
2014 105
2014 104
2014 151
2014 149
2014 143
2014 137
2014 133
2014 127
2014 150
2014 140
2014 122
2014 120
2014 118
2014 124
2014 137
2014 140
2014 157
2014 156
2014 190
2014 190
2014 190
2014 180
2014 186
2014 177
2014 170
2014 186
2014 173
2014 165
2014 177
2014 164
2014 159
2014 165
2014 157
2014 162
2014 160
2014 158
2014 158
2014 157
2014 155
2014 151
2014 157
2014 171
2014 165
2014 224
2014 234
2014 218
2014 250
2014 236
2014 226
2014 220
2014 214
2014 207
2014 204
2014 200
2014 197
2014 194
2014 190
2014 186
2014 182
2014 179
2014 176
2014 171
2014 169
2014 165
2014 164
2014 178
2014 162
2014 161
2014 170
2014 190
2014 180
2014 173
2014 166
2014 165
2014 161
2014 161
2014 158
2014 159
2014 156
2014 154
2014 148
2014 145
2014 143
2014 138
2014 134
2014 128
2014 127
2014 122
2014 120
2014 117
2014 117
2014 116
2014 125
2014 167
2014 158
2014 149
2014 140
2014 132
2014 127
2014 127
2014 157
2014 169
2014 191
2014 169
2014 159
2014 176
2014 174
2014 161
2014 154
2014 151
2014 149
2014 147
2014 144
2014 139
2014 134
2014 132
2014 131
2014 131
2014 131
2014 128
2014 123
2014 123
2014 121
2014 124
2014 122
2014 118
2014 116
2014 113
2014 107
2014 106
2014 116
2014 109
2014 108
2014 103
2014 102
2014 100
2014 95
2014 93
2014 90
2014 89
2014 81
2014 76
2014 70
2014 64
2014 55
2014 45
2014 36
2014 34
2014 26
2014 21
2014 0
2014 0
2014 0
2014 0
2014 3
2014 0
2014 0
2014 0
2014 0
2014 0
2014 0
2014 0
2014 0
2014 0
2014 0
2014 0
2014 0
2014 0
2014 0
2014 0
2014 0
2014 0
2014 0
2014 0
2014 0
2014 0
2014 0
2014 0
2014 0
2014 0
2014 0
2014 0
2014 0
2014 0
2014 0
2014 0
2014 0
2014 0
2014 0
2014 0
2014 0
2014 0
2014 0
2014 0
2014 0
2014 0
2014 0
2014 0
2014 0
2014 0
2014 0
2014 0
2014 0
2014 0
2014 0
2014 0
2014 0
2014 0
2014 0
2014 0
2014 0
2014 0
2014 0
2014 0
2014 0
2014 0
2014 0
2014 0
2014 0
2014 0
2014 0
2014 0
2014 0
2014 0
2014 0
2014 0
2014 0
2015 0
2015 0
2015 0
2015 0
2015 0
2015 0
2015 0
2015 0
2015 0
2015 0
2015 0
2015 0
2015 0
2015 0
2015 0
2015 0
2015 0
2015 0
2015 0
2015 0
2015 0
2015 0
2015 0
2015 0
2015 0
2015 0
2015 0
2015 0
2015 0
2015 0
2015 0
2015 0
2015 0
2015 0
2015 0
2015 11
2015 0
2015 0
2015 0
2015 0
2015 0
2015 0
2015 0
2015 0
2015 0
2015 0
2015 0
2015 0
2015 0
2015 0
2015 0
2015 3
2015 0
2015 0
2015 0
2015 0
2015 0
2015 0
2015 0
2015 0
2015 0
2015 0
2015 0
2015 0
2015 11
2015 85
2015 96
2015 88
2015 83
2015 77
2015 101
2015 122
2015 183
2015 188
2015 171
2015 176
2015 209
2015 195
2015 210
2015 198
2015 189
2015 182
2015 177
2015 172
2015 167
2015 163
2015 159
2015 154
2015 157
2015 170
2015 166
2015 185
2015 182
2015 177
2015 178
2015 174
2015 174
2015 176
2015 174
2015 171
2015 169
2015 166
2015 144
2015 143
2015 142
2015 147
2015 153
2015 151
2015 153
2015 143
2015 141
2015 132
2015 132
2015 127
2015 127
2015 127
2015 127
2015 128
2015 135
2015 125
2015 120
2015 120
2015 120
2015 120
2015 123
2015 126
2015 115
2015 115
2015 114
2015 114
2015 114
2015 105
2015 108
2015 106
2015 106
2015 104
2015 105
2015 106
2015 141
2015 164
2015 156
2015 163
2015 160
2015 185
2015 176
2015 170
2015 166
2015 162
2015 158
2015 156
2015 155
2015 165
2015 167
2015 164
2015 163
2015 159
2015 161
2015 170
2015 207
2015 203
2015 193
2015 190
2015 187
2015 184
2015 183
2015 179
2015 180
2015 234
2015 244
2015 235
2015 226
2015 220
2015 214
2015 210
2015 240
2015 230
2015 222
2015 219
2015 215
2015 211
2015 214
2015 212
2015 214
2015 201
2015 198
2015 201
2015 193
2015 191
2015 191
2015 190
2015 190
2015 189
2015 188
2015 187
2015 186
2015 186
2015 234
2015 248
2015 244
2015 230
2015 222
2015 212
2015 223
2015 230
2015 219
2015 233
2015 245
2015 229
2015 225
2015 220
2015 225
2015 224
2015 209
2015 206
2015 204
2015 211
2015 224
2015 228
2015 220
2015 215
2015 210
2015 204
2015 200
2015 200
2015 196
2015 192
2015 188
2015 180
2015 180
2015 181
2015 189
2015 186
2015 180
2015 175
2015 175
2015 168
2015 163
2015 169
2015 177
2015 186
2015 168
2015 176
2015 173
2015 172
2015 165
2015 158
2015 153
2015 150
2015 140
2015 139
2015 137
2015 130
2015 124
2015 121
2015 117
2015 106
2015 105
2015 111
2015 101
2015 98
2015 95
2015 92
2015 88
2015 88
2015 80
2015 81
2015 72
2015 72
2015 72
2015 63
2015 61
2015 56
2015 51
2015 49
2015 46
2015 40
2015 37
2015 28
2015 24
2015 12
2015 3
2015 0
2015 0
2015 0
2015 0
2015 0
2015 0
2015 0
2015 0
2015 0
2015 0
2015 0
2015 0
2015 0
2015 0
2015 0
2015 0
2015 0
2015 0
2015 0
2015 0
2015 0
2015 0
2015 0
2015 0
2015 0
2015 0
2015 0
2015 0
2015 0
2015 0
2015 0
2015 0
2015 0
2015 0
2015 0
2015 0
2015 0
2015 0
2015 0
2015 0
2015 0
2015 0
2015 0
2015 0
2015 0
2015 0
2015 0
2015 0
2015 0
2015 0
2015 0
2015 0
2015 0
2015 0
2015 0
2015 0
2015 0
2015 0
2015 0
2015 0
2015 0
2015 0
2015 0
2015 0
2015 0
2015 0
2015 0
2015 0
2015 1
2015 0
2015 0
2015 0
2015 0
2015 0
2015 0
2015 0
2015 0
2015 0
2015 0
2015 0
2015 0
2015 0
2015 0
2015 0
2016 0
2016 0
2016 0
2016 0
2016 0
2016 0
2016 0
2016 0
2016 0
2016 0
2016 0
2016 0
2016 0
2016 1
2016 0
2016 0
2016 0
2016 0
2016 0
2016 0
2016 0
2016 0
2016 0
2016 0
2016 0
2016 0
2016 0
2016 0
2016 2
2016 0
2016 3
2016 7
2016 2
2016 3
2016 1
2016 0
2016 0
2016 0
2016 0
2016 0
2016 0
2016 0
2016 3
2016 2
2016 14
2016 30
2016 21
2016 21
2016 18
2016 18
2016 13
2016 11
2016 11
2016 8
2016 8
2016 8
2016 8
2016 15
2016 21
2016 16
2016 15
2016 14
2016 12
2016 7
2016 12
2016 11
2016 4
2016 4
2016 4
2016 4
2016 0
2016 0
2016 0
2016 0
2016 0
2016 0
2016 0
2016 0
2016 0
2016 0
2016 0
2016 26
2016 21
2016 18
2016 18
2016 16
2016 20
2016 17
2016 16
2016 16
2016 2
2016 1
2016 0
2016 0
2016 0
2016 5
2016 5
2016 5
2016 4
2016 4
2016 3
2016 3
2016 1
2016 0
2016 0
2016 0
2016 0
2016 0
2016 0
2016 0
2016 0
2016 0
2016 0
2016 0
2016 0
2016 0
2016 0
2016 0
2016 0
2016 0
2016 0
2016 6
2016 6
2016 6
2016 18
2016 25
2016 32
2016 29
2016 26
2016 33
2016 34
2016 36
2016 52
2016 77
2016 68
2016 66
2016 65
2016 57
2016 56
2016 56
2016 55
2016 55
2016 54
2016 53
2016 52
2016 46
2016 45
2016 45
2016 45
2016 44
2016 44
2016 44
2016 50
2016 44
2016 43
2016 43
2016 34
2016 25
2016 27
2016 36
2016 55
2016 54
2016 80
2016 70
2016 70
2016 81
2016 92
2016 87
2016 82
2016 82
2016 78
2016 76
2016 72
2016 65
2016 60
2016 68
2016 66
2016 72
2016 69
2016 75
2016 123
2016 145
2016 143
2016 133
2016 63
2016 74
2016 84
2016 95
2016 90
2016 87
2016 84
2016 82
2016 81
2016 80
2016 80
2016 78
2016 77
2016 107
2016 120
2016 111
2016 104
2016 100
2016 98
2016 93
2016 90
2016 88
2016 87
2016 88
2016 88
2016 92
2016 88
2016 88
2016 86
2016 94
2016 89
2016 85
2016 94
2016 108
2016 97
2016 91
2016 97
2016 122
2016 109
2016 99
2016 105
2016 102
2016 105
2016 100
2016 100
2016 101
2016 107
2016 103
2016 100
2016 99
2016 94
2016 100
2016 101
2016 97
2016 97
2016 96
2016 95
2016 95
2016 96
2016 136
2016 129
2016 111
2016 102
2016 101
2016 100
2016 97
2016 97
2016 107
2016 105
2016 103
2016 118
2016 118
2016 107
2016 107
2016 107
2016 105
2016 105
2016 114
2016 108
2016 103
2016 97
2016 119
2016 133
2016 113
2016 103
2016 101
2016 97
2016 93
2016 93
2016 92
2016 84
2016 79
2016 77
2016 77
2016 75
2016 69
2016 65
2016 57
2016 55
2016 46
2016 43
2016 36
2016 32
2016 26
2016 20
2016 0
2016 0
2016 0
2016 0
2016 0
2016 0
2016 0
2016 0
2016 0
2016 0
2016 0
2016 0
2016 0
2016 0
2016 0
2016 0
2016 0
2016 0
2016 0
2016 0
2016 0
2016 0
2016 0
2016 0
2016 0
2016 0
2016 0
2016 0
2016 0
2016 0
2016 0
2016 0
2016 0
2016 0
2016 0
2016 0
2016 0
2016 0
2016 0
2016 0
2016 0
2016 0
2016 0
2016 0
2016 0
2016 0
2016 0
2016 0
2016 0
2016 0
2016 0
2016 0
2016 0
2016 0
2016 0
2016 0
2016 0
2016 0
2016 0
2016 0
2016 0
2016 0
2016 0
2016 0
2016 0
2016 0
2016 0
2016 0
2016 0
2016 0
2016 0
2016 0
2016 0
2016 0
2016 0
2016 0
2016 0
2017 0
2017 0
2017 0
2017 0
2017 0
2017 0
2017 0
2017 0
2017 0
2017 0
2017 0
2017 0
2017 0
2017 0
2017 0
2017 0
2017 0
2017 10
2017 0
2017 0
2017 0
2017 0
2017 0
2017 0
2017 0
2017 0
2017 0
2017 0
2017 0
2017 0
2017 0
2017 0
2017 0
2017 0
2017 0
2017 0
2017 0
2017 0
2017 0
2017 10
2017 11
2017 17
2017 13
2017 22
2017 30
2017 27
2017 25
2017 24
2017 23
2017 22
2017 20
2017 20
2017 16
2017 22
2017 16
2017 15
2017 14
2017 12
2017 9
2017 0
2017 0
2017 0
2017 0
2017 0
2017 0
2017 14
2017 19
2017 13
2017 15
2017 14
2017 14
2017 26
2017 25
2017 23
2017 25
2017 23
2017 23
2017 22
2017 21
2017 30
2017 26
2017 29
2017 60
2017 104
2017 116
2017 171
2017 174
2017 161
2017 153
2017 149
2017 143
2017 139
2017 134
2017 132
2017 128
2017 126
2017 124
2017 123
2017 120
2017 119
2017 118
2017 115
2017 111
2017 111
2017 110
2017 110
2017 110
2017 108
2017 108
2017 108
2017 128
2017 146
2017 140
2017 140
2017 138
2017 132
2017 130
2017 126
2017 100
2017 100
2017 99
2017 99
2017 99
2017 99
2017 99
2017 102
2017 94
2017 94
2017 93
2017 93
2017 93
2017 92
2017 91
2017 76
2017 60
2017 61
2017 60
2017 59
2017 59
2017 59
2017 59
2017 59
2017 58
2017 57
2017 56
2017 56
2017 56
2017 56
2017 56
2017 57
2017 59
2017 57
2017 59
2017 58
2017 58
2017 68
2017 70
2017 73
2017 93
2017 90
2017 85
2017 93
2017 101
2017 98
2017 93
2017 90
2017 87
2017 87
2017 86
2017 83
2017 85
2017 85
2017 84
2017 83
2017 80
2017 78
2017 78
2017 79
2017 78
2017 78
2017 77
2017 90
2017 92
2017 90
2017 96
2017 123
2017 133
2017 143
2017 117
2017 114
2017 105
2017 105
2017 103
2017 103
2017 101
2017 101
2017 100
2017 100
2017 96
2017 91
2017 91
2017 90
2017 91
2017 123
2017 158
2017 151
2017 177
2017 160
2017 149
2017 144
2017 142
2017 138
2017 132
2017 167
2017 178
2017 161
2017 158
2017 151
2017 147
2017 141
2017 131
2017 126
2017 122
2017 118
2017 118
2017 114
2017 111
2017 105
2017 105
2017 105
2017 105
2017 102
2017 101
2017 101
2017 93
2017 93
2017 94
2017 121
2017 117
2017 142
2017 128
2017 122
2017 130
2017 147
2017 147
2017 147
2017 156
2017 140
2017 144
2017 137
2017 127
2017 127
2017 131
2017 137
2017 129
2017 126
2017 118
2017 116
2017 108
2017 110
2017 106
2017 109
2017 104
2017 99
2017 98
2017 90
2017 84
2017 76
2017 69
2017 67
2017 58
2017 53
2017 43
2017 31
2017 30
2017 17
2017 16
2017 13
2017 6
2017 0
2017 0
2017 0
2017 0
2017 0
2017 0
2017 0
2017 0
2017 0
2017 0
2017 0
2017 0
2017 0
2017 0
2017 0
2017 0
2017 0
2017 0
2017 0
2017 0
2017 0
2017 0
2017 0
2017 0
2017 0
2017 0
2017 0
2017 0
2017 0
2017 0
2017 0
2017 0
2017 0
2017 0
2017 0
2017 0
2017 0
2017 0
2017 0
2017 0
2017 0
2017 0
2017 0
2017 0
2017 0
2017 0
2017 0
2017 0
2017 0
2017 0
2017 0
2017 0
2017 0
2017 0
2017 0
2017 0
2017 0
2017 0
2017 0
2017 0
2017 0
2017 0
2017 0
2017 0
2017 0
2017 0
2017 0
2017 0
2017 0
2017 0
2017 0
2017 0
2017 0
2017 0
2017 0
2017 0
2017 0
2017 0
2017 0
2017 0
2017 0
2017 0
2017 0
2017 0
2017 0
2017 0
2018 0
2018 0
2018 0
2018 0
2018 0
2018 0
2018 0
2018 0
2018 0
2018 0
2018 0
2018 0
2018 0
2018 0
2018 0
2018 1
2018 1
2018 3
2018 2
2018 0
2018 0
2018 0
2018 0
2018 0
2018 0
2018 0
2018 0
2018 0
2018 0
2018 0
2018 0
2018 0
2018 0
2018 0
2018 0
2018 0
2018 0
2018 0
2018 0
2018 0
2018 0
2018 0
2018 0
2018 0
2018 0
2018 0
2018 0
2018 0
2018 0
2018 0
2018 0
2018 2
2018 4
2018 3
2018 0
2018 0
2018 0
2018 0
2018 0
2018 0
2018 0
2018 0
2018 0
2018 0
2018 0
2018 11
2018 36
2018 33
2018 34
2018 42
2018 38
2018 35
2018 31
2018 4
2018 4
2018 4
2018 4
2018 4
2018 6
2018 3
2018 2
2018 1
2018 1
2018 0
2018 0
2018 0
2018 6
2018 5
2018 5
2018 5
2018 5
2018 5
2018 22
2018 21
2018 19
2018 18
2018 18
2018 18
2018 19
2018 15
2018 17
2018 47
2018 53
2018 49
2018 48
2018 76
2018 70
2018 65
2018 62
2018 60
2018 58
2018 56
2018 55
2018 54
2018 54
2018 53
2018 52
2018 56
2018 71
2018 67
2018 90
2018 101
2018 97
2018 96
2018 99
2018 123
2018 130
2018 121
2018 126
2018 177
2018 232
2018 242
2018 231
2018 222
2018 215
2018 211
2018 205
2018 203
2018 218
2018 220
2018 224
2018 213
2018 235
2018 228
2018 194
2018 192
2018 190
2018 189
2018 216
2018 211
2018 207
2018 201
2018 199
2018 197
2018 197
2018 194
2018 192
2018 197
2018 195
2018 195
2018 193
2018 191
2018 190
2018 188
2018 187
2018 186
2018 185
2018 183
2018 186
2018 182
2018 181
2018 185
2018 183
2018 183
2018 183
2018 189
2018 205
2018 202
2018 204
2018 205
2018 205
2018 211
2018 209
2018 213
2018 219
2018 215
2018 215
2018 213
2018 210
2018 209
2018 206
2018 210
2018 232
2018 225
2018 221
2018 221
2018 230
2018 228
2018 243
2018 243
2018 241
2018 245
2018 240
2018 237
2018 234
2018 232
2018 229
2018 225
2018 224
2018 225
2018 222
2018 248
2018 249
2018 242
2018 239
2018 244
2018 248
2018 238
2018 232
2018 225
2018 235
2018 251
2018 271
2018 299
2018 306
2018 296
2018 281
2018 280
2018 266
2018 256
2018 248
2018 238
2018 235
2018 230
2018 223
2018 219
2018 215
2018 211
2018 201
2018 201
2018 201
2018 214
2018 220
2018 228
2018 234
2018 226
2018 221
2018 212
2018 204
2018 199
2018 193
2018 192
2018 188
2018 184
2018 182
2018 202
2018 197
2018 188
2018 187
2018 186
2018 183
2018 182
2018 184
2018 181
2018 181
2018 176
2018 172
2018 166
2018 158
2018 150
2018 148
2018 142
2018 138
2018 131
2018 125
2018 120
2018 116
2018 114
2018 110
2018 101
2018 99
2018 94
2018 85
2018 79
2018 70
2018 71
2018 63
2018 57
2018 52
2018 50
2018 48
2018 40
2018 34
2018 22
2018 8
2018 2
2018 0
2018 0
2018 0
2018 0
2018 0
2018 0
2018 0
2018 0
2018 0
2018 0
2018 0
2018 0
2018 0
2018 0
2018 0
2018 0
2018 0
2018 0
2018 0
2018 0
2018 0
2018 0
2018 0
2018 0
2018 0
2018 0
2018 0
2018 0
2018 0
2018 0
2018 0
2018 0
2018 0
2018 0
2018 0
2018 0
2018 0
2018 0
2018 0
2018 0
2018 0
2018 0
2018 0
2018 0
2018 0
2018 0
2018 0
2018 0
2018 0
2018 0
2018 0
2018 0
2018 0
2018 0
2018 0
2018 0
2018 0
2018 0
2018 0
2018 0
2018 0
2018 0
2018 0
2018 0
2018 0
2018 0
2018 0
2018 0
2018 0
2019 0
2019 0
2019 0
2019 0
2019 0
2019 0
2019 0
2019 0
2019 0
2019 0
2019 0
2019 0
2019 0
2019 0
2019 0
2019 0
2019 0
2019 0
2019 0
2019 0
2019 0
2019 0
2019 0
2019 0
2019 0
2019 0
2019 0
2019 0
2019 0
2019 0
2019 0
2019 7
2019 1
2019 1
2019 0
2019 0
2019 0
2019 0
2019 0
2019 0
2019 0
2019 0
2019 0
2019 0
2019 0
2019 0
2019 0
2019 0
2019 0
2019 0
2019 0
2019 0
2019 0
2019 0
2019 0
2019 0
2019 1
2019 15
2019 32
2019 96
2019 89
2019 156
2019 157
2019 146
2019 131
2019 136
2019 140
2019 167
2019 156
2019 150
2019 147
2019 147
2019 143
2019 140
2019 137
2019 135
2019 133
2019 132
2019 132
2019 130
2019 158
2019 151
2019 152
2019 148
2019 158
2019 155
2019 157
2019 156
2019 152
2019 152
2019 149
2019 150
2019 148
2019 151
2019 153
2019 143
2019 143
2019 142
2019 141
2019 141
2019 176
2019 189
2019 183
2019 178
2019 181
2019 178
2019 178
2019 172
2019 171
2019 168
2019 175
2019 172
2019 166
2019 176
2019 174
2019 171
2019 171
2019 170
2019 170
2019 170
2019 168
2019 168
2019 165
2019 163
2019 163
2019 163
2019 163
2019 163
2019 163
2019 163
2019 162
2019 162
2019 162
2019 162
2019 161
2019 178
2019 160
2019 160
2019 160
2019 160
2019 160
2019 161
2019 161
2019 161
2019 160
2019 167
2019 164
2019 159
2019 159
2019 160
2019 160
2019 160
2019 160
2019 174
2019 182
2019 183
2019 183
2019 181
2019 181
2019 179
2019 178
2019 177
2019 175
2019 178
2019 159
2019 159
2019 159
2019 159
2019 159
2019 159
2019 159
2019 159
2019 159
2019 159
2019 159
2019 159
2019 158
2019 157
2019 156
2019 155
2019 155
2019 154
2019 155
2019 154
2019 153
2019 154
2019 154
2019 170
2019 165
2019 164
2019 160
2019 160
2019 159
2019 161
2019 161
2019 193
2019 157
2019 156
2019 163
2019 162
2019 162
2019 162
2019 160
2019 160
2019 158
2019 156
2019 156
2019 153
2019 153
2019 153
2019 152
2019 152
2019 152
2019 152
2019 173
2019 252
2019 250
2019 233
2019 251
2019 256
2019 242
2019 232
2019 231
2019 233
2019 221
2019 223
2019 221
2019 221
2019 220
2019 215
2019 215
2019 210
2019 207
2019 205
2019 216
2019 244
2019 258
2019 265
2019 269
2019 262
2019 261
2019 253
2019 246
2019 234
2019 234
2019 240
2019 231
2019 228
2019 225
2019 228
2019 238
2019 229
2019 222
2019 221
2019 220
2019 207
2019 213
2019 210
2019 222
2019 230
2019 223
2019 227
2019 219
2019 214
2019 211
2019 208
2019 204
2019 202
2019 195
2019 195
2019 192
2019 188
2019 181
2019 179
2019 173
2019 169
2019 160
2019 153
2019 147
2019 143
2019 137
2019 132
2019 126
2019 120
2019 117
2019 NA
2019 99
2019 84
2019 0
2019 0
2019 0
2019 0
2019 0
2019 0
2019 0
2019 0
2019 0
2019 0
2019 0
2019 0
2019 0
2019 0
2019 0
2019 0
2019 0
2019 0
2019 0
2019 0
2019 0
2019 0
2019 0
2019 0
2019 0
2019 0
2019 0
2019 0
2019 0
2019 0
2019 0
2019 0
2019 0
2019 0
2019 0
2019 0
2019 0
2019 0
2019 0
2019 0
2019 0
2019 0
2019 0
2019 0
2019 0
2019 0
2019 0
2019 0
2019 0
2019 0
2019 0
2019 0
2019 0
2019 0
2019 0
2019 0
2019 0
2019 0
2019 0
2019 0
2019 0
2019 0
2019 0
2019 0
2019 0
2019 0
2019 0
2019 0
2019 0
2019 0
2019 0
2019 0
2019 0
2019 0
2019 0
2019 0
2019 0
2020 0
2020 0
2020 0
2020 0
2020 0
2020 0
2020 3
2020 0
2020 4
2020 3
2020 3
2020 1
2020 0
2020 0
2020 0
2020 0
2020 0
2020 0
2020 0
2020 0
2020 0
2020 0
2020 0
2020 0
2020 0
2020 0
2020 0
2020 0
2020 0
2020 0
2020 0
2020 0
2020 0
2020 0
2020 0
2020 0
2020 1
2020 0
2020 0
2020 0
2020 0
2020 0
2020 0
2020 0
2020 0
2020 9
2020 5
2020 0
2020 0
2020 0
2020 0
2020 0
2020 0
2020 5
2020 0
2020 0
2020 0
2020 0
2020 0
2020 0
2020 0
2020 0
2020 8
2020 8
2020 8
2020 17
2020 14
2020 10
2020 24
2020 32
2020 29
2020 27
2020 34
2020 30
2020 29
2020 100
2020 92
2020 87
2020 113
2020 112
2020 110
2020 105
2020 118
2020 144
2020 219
2020 222
2020 202
2020 193
2020 186
2020 177
2020 173
2020 168
2020 181
2020 175
2020 171
2020 166
2020 162
2020 158
2020 155
2020 152
2020 151
2020 146
2020 151
2020 156
2020 172
2020 161
2020 158
2020 155
2020 160
2020 161
2020 165
2020 200
2020 192
2020 159
2020 150
2020 128
2020 124
2020 120
2020 119
2020 117
2020 114
2020 112
2020 109
2020 108
2020 106
2020 106
2020 100
2020 100
2020 100
2020 100
2020 100
2020 100
2020 100
2020 100
2020 100
2020 100
2020 100
2020 100
2020 100
2020 100
2020 100
2020 100
2020 100
2020 100
2020 98
2020 98
2020 100
2020 99
2020 99
2020 121
2020 138
2020 139
2020 136
2020 134
2020 137
2020 127
2020 138
2020 125
2020 124
2020 123
2020 123
2020 123
2020 126
2020 124
2020 124
2020 124
2020 127
2020 123
2020 122
2020 122
2020 122
2020 121
2020 121
2020 119
2020 119
2020 117
2020 117
2020 112
2020 122
2020 110
2020 121
2020 110
2020 120
2020 121
2020 129
2020 128
2020 129
2020 143
2020 138
2020 137
2020 135
2020 133
2020 131
2020 126
2020 123
2020 122
2020 122
2020 121
2020 121
2020 121
2020 120
2020 117
2020 114
2020 129
2020 125
2020 123
2020 123
2020 143
2020 139
2020 139
2020 135
2020 156
2020 173
2020 166
2020 159
2020 155
2020 149
2020 141
2020 137
2020 135
2020 135
2020 132
2020 127
2020 126
2020 123
2020 120
2020 112
2020 112
2020 108
2020 103
2020 99
2020 97
2020 96
2020 98
2020 97
2020 92
2020 92
2020 83
2020 76
2020 79
2020 90
2020 93
2020 80
2020 86
2020 114
2020 124
2020 102
2020 92
2020 89
2020 87
2020 83
2020 80
2020 74
2020 89
2020 86
2020 81
2020 81
2020 82
2020 78
2020 74
2020 70
2020 65
2020 55
2020 43
2020 41
2020 36
2020 29
2020 23
2020 18
2020 14
2020 6
2020 2
2020 1
2020 0
2020 0
2020 0
2020 0
2020 0
2020 2
2020 2
2020 1
2020 3
2020 6
2020 4
2020 4
2020 0
2020 NA
2020 0
2020 0
2020 0
2020 0
2020 0
2020 0
2020 0
2020 0
2020 0
2020 0
2020 0
2020 0
2020 0
2020 0
2020 0
2020 0
2020 0
2020 0
2020 0
2020 0
2020 0
2020 0
2020 0
2020 0
2020 0
2020 0
2020 0
2020 0
2020 0
2020 0
2020 0
2020 0
2020 0
2020 0
2020 0
2020 0
2020 0
2020 0
2020 0
2020 0
2020 0
2020 0
2020 0
2020 0
2020 0
2020 0
2020 0
2020 0
2020 0
2020 0
2020 0
2020 0
2020 0
2020 0
2020 0
2020 0
2020 0
2020 0
2020 0
2020 0
2020 0
2020 0
2020 0
2020 0
2020 0
2020 0
2020 0
2020 0
2020 0
2020 0
2020 0
2020 0
2020 0
2020 0
2020 0
2020 0
2020 0
2020 0
2020 2
2021 0
2021 0
2021 0
2021 0
2021 0
2021 0
2021 0
2021 0
2021 0
2021 0
2021 0
2021 0
2021 0
2021 0
2021 0
2021 0
2021 0
2021 0
2021 0
2021 0
2021 0
2021 0
2021 0
2021 0
2021 0
2021 0
2021 0
2021 0
2021 4
2021 3
2021 0
2021 2
2021 2
2021 20
2021 26
2021 17
2021 18
2021 12
2021 8
2021 6
2021 6
2021 5
2021 3
2021 4
2021 3
2021 15
2021 10
2021 5
2021 3
2021 2
2021 1
2021 1
2021 0
2021 2
2021 0
2021 10
2021 28
2021 21
2021 17
2021 15
2021 13
2021 11
2021 10
2021 8
2021 7
2021 1
2021 1
2021 0
2021 3
2021 2
2021 2
2021 2
2021 2
2021 2
2021 2
2021 2
2021 2
2021 1
2021 1
2021 0
2021 0
2021 0
2021 0
2021 0
2021 0
2021 0
2021 0
2021 0
2021 0
2021 1
2021 0
2021 0
2021 21
2021 23
2021 27
2021 59
2021 60
2021 75
2021 NA
2021 78
2021 70
2021 64
2021 62
2021 59
2021 58
2021 57
2021 63
2021 61
2021 59
2021 57
2021 56
2021 55
2021 55
2021 50
2021 51
2021 51
2021 51
2021 48
2021 74
2021 65
2021 60
2021 57
2021 61
2021 69
2021 120
2021 128
2021 144
2021 133
2021 122
2021 115
2021 110
2021 105
2021 100
2021 98
2021 96
2021 13
2021 15
2021 14
2021 9
2021 7
2021 7
2021 7
2021 9
2021 20
2021 37
2021 34
2021 38
2021 49
2021 44
2021 87
2021 96
2021 131
2021 124
2021 119
2021 116
2021 110
2021 105
2021 103
2021 101
2021 111
2021 114
2021 111
2021 115
2021 119
2021 114
2021 112
2021 112
2021 110
2021 110
2021 106
2021 104
2021 103
2021 103
2021 103
2021 102
2021 102
2021 99
2021 99
2021 98
2021 97
2021 96
2021 96
2021 96
2021 95
2021 95
2021 95
2021 101
2021 101
2021 101
2021 102
2021 109
2021 106
2021 110
2021 109
2021 109
2021 109
2021 119
2021 118
2021 115
2021 135
2021 137
2021 125
2021 119
2021 117
2021 116
2021 115
2021 112
2021 115
2021 113
2021 111
2021 109
2021 107
2021 103
2021 100
2021 98
2021 97
2021 97
2021 94
2021 93
2021 91
2021 91
2021 95
2021 104
2021 116
2021 112
2021 109
2021 127
2021 143
2021 146
2021 135
2021 153
2021 138
2021 140
2021 136
2021 133
2021 126
2021 123
2021 122
2021 117
2021 118
2021 123
2021 127
2021 124
2021 136
2021 129
2021 124
2021 124
2021 120
2021 135
2021 124
2021 122
2021 120
2021 131
2021 149
2021 137
2021 137
2021 146
2021 149
2021 144
2021 140
2021 138
2021 137
2021 135
2021 141
2021 135
2021 135
2021 135
2021 133
2021 130
2021 122
2021 122
2021 119
2021 117
2021 113
2021 110
2021 108
2021 105
2021 99
2021 95
2021 90
2021 80
2021 79
2021 73
2021 67
2021 61
2021 52
2021 44
2021 39
2021 33
2021 25
2021 20
2021 11
2021 2
2021 0
2021 0
2021 0
2021 0
2021 0
2021 0
2021 0
2021 0
2021 0
2021 0
2021 0
2021 0
2021 0
2021 0
2021 0
2021 0
2021 0
2021 0
2021 0
2021 0
2021 0
2021 0
2021 0
2021 0
2021 0
2021 0
2021 0
2021 0
2021 0
2021 0
2021 0
2021 0
2021 0
2021 0
2021 0
2021 0
2021 0
2021 0
2021 0
2021 0
2021 0
2021 0
2021 0
2021 0
2021 0
2021 0
2021 0
2021 0
2021 0
2021 0
2021 0
2021 0
2021 0
2021 0
2021 0
2021 0
2021 0
2021 0
2021 0
2021 0
2021 0
2021 0
2021 0
2021 0
2021 0
2021 0
2021 0
2021 0
2021 0
2021 0
2021 0
2021 0
2022 0
2022 0
2022 0
2022 0
2022 0
2022 0
2022 0
2022 0
2022 0
2022 0
2022 0
2022 0
2022 0
2022 0
2022 0
2022 0
2022 0
2022 0
2022 0
2022 0
2022 0
2022 0
2022 0
2022 0
2022 0
2022 0
2022 0
2022 0
2022 0
2022 0
2022 0
2022 0
2022 0
2022 0
2022 4
2022 0
2022 0
2022 0
2022 0
2022 0
2022 0
2022 0
2022 0
2022 0
2022 0
2022 0
2022 0
2022 0
2022 0
2022 0
2022 0
2022 0
2022 0
2022 0
2022 0
2022 0
2022 0
2022 0
2022 2
2022 5
2022 11
2022 12
2022 23
2022 21
2022 38
2022 33
2022 31
2022 30
2022 29
2022 28
2022 30
2022 25
2022 22
2022 21
2022 30
2022 56
2022 83
2022 77
2022 71
2022 68
2022 66
2022 64
2022 65
2022 67
2022 65
2022 65
2022 76
2022 67
2022 65
2022 64
2022 60
2022 56
2022 58
2022 59
2022 58
2022 57
2022 57
2022 65
2022 78
2022 83
2022 81
2022 81
2022 78
2022 76
2022 75
2022 74
2022 73
2022 72
2022 71
2022 71
2022 71
2022 70
2022 70
2022 70
2022 70
2022 68
2022 68
2022 68
2022 73
2022 86
2022 77
2022 73
2022 73
2022 73
2022 73
2022 73
2022 78
2022 72
2022 73
2022 74
2022 84
2022 82
2022 78
2022 77
2022 72
2022 72
2022 72
2022 72
2022 71
2022 71
2022 71
2022 71
2022 71
2022 71
2022 71
2022 71
2022 71
2022 71
2022 71
2022 71
2022 71
2022 70
2022 69
2022 70
2022 80
2022 67
2022 67
2022 67
2022 67
2022 80
2022 69
2022 68
2022 68
2022 69
2022 69
2022 69
2022 75
2022 79
2022 77
2022 67
2022 63
2022 63
2022 61
2022 61
2022 66
2022 63
2022 63
2022 63
2022 62
2022 61
2022 60
2022 60
2022 60
2022 60
2022 60
2022 64
2022 64
2022 67
2022 66
2022 66
2022 66
2022 65
2022 68
2022 70
2022 74
2022 84
2022 82
2022 76
2022 68
2022 71
2022 71
2022 66
2022 66
2022 66
2022 64
2022 63
2022 63
2022 62
2022 62
2022 62
2022 66
2022 70
2022 80
2022 95
2022 94
2022 97
2022 87
2022 82
2022 88
2022 79
2022 77
2022 76
2022 76
2022 75
2022 74
2022 71
2022 66
2022 63
2022 56
2022 53
2022 50
2022 46
2022 47
2022 51
2022 53
2022 102
2022 101
2022 94
2022 85
2022 80
2022 69
2022 67
2022 74
2022 73
2022 81
2022 87
2022 94
2022 111
2022 98
2022 90
2022 88
2022 84
2022 80
2022 74
2022 68
2022 63
2022 57
2022 54
2022 50
2022 43
2022 31
2022 26
2022 18
2022 1
2022 0
2022 0
2022 0
2022 0
2022 0
2022 0
2022 0
2022 0
2022 0
2022 0
2022 0
2022 0
2022 0
2022 0
2022 0
2022 0
2022 0
2022 0
2022 0
2022 0
2022 0
2022 0
2022 0
2022 0
2022 0
2022 0
2022 0
2022 0
2022 0
2022 0
2022 0
2022 0
2022 0
2022 0
2022 0
2022 0
2022 0
2022 0
2022 0
2022 0
2022 0
2022 0
2022 0
2022 0
2022 0
2022 0
2022 0
2022 0
2022 0
2022 0
2022 0
2022 0
2022 0
2022 0
2022 0
2022 0
2022 0
2022 0
2022 0
2022 0
2022 0
2022 0
2022 0
2022 0
2022 0
2022 0
2022 0
2022 0
2022 0
2022 0
2022 0
2022 0
2022 0
2022 0
2022 0
2022 0
2022 0
2022 0
2022 0
2022 0
2022 0
2022 0
2022 0
2022 0
2022 0
2022 0
2022 0
2022 0
2022 0
2022 0
2022 0
2022 0
2022 0
2022 0
2022 0
2022 0
2022 0
2022 0
2022 0
2022 0
2022 0
