2017 NA
2017 NA
2017 NA
2017 NA
2017 NA
2017 NA
2017 NA
2017 NA
2017 NA
2017 NA
2017 NA
2017 NA
2017 NA
2017 NA
2017 NA
2017 NA
2017 NA
2017 NA
2017 NA
2017 NA
2017 NA
2017 NA
2017 NA
2017 NA
2017 NA
2017 NA
2017 NA
2017 NA
2017 NA
2017 NA
2017 NA
2017 NA
2017 NA
2017 NA
2017 NA
2017 NA
2017 NA
2017 NA
2017 NA
2017 NA
2017 NA
2017 NA
2017 NA
2017 NA
2017 NA
2017 NA
2017 NA
2017 NA
2017 NA
2017 NA
2017 NA
2017 NA
2017 NA
2017 NA
2017 NA
2017 NA
2017 NA
2017 NA
2017 NA
2017 NA
2017 NA
2017 NA
2017 NA
2017 NA
2017 NA
2017 NA
2017 NA
2017 NA
2017 NA
2017 NA
2017 NA
2017 NA
2017 NA
2017 NA
2017 NA
2017 NA
2017 NA
2017 NA
2017 NA
2017 NA
2017 NA
2017 NA
2017 NA
2017 NA
2017 NA
2017 NA
2017 NA
2017 NA
2017 NA
2017 NA
2017 NA
2017 NA
2017 NA
2017 NA
2017 NA
2017 NA
2017 NA
2017 NA
2017 NA
2017 NA
2017 NA
2017 NA
2017 NA
2017 NA
2017 NA
2017 NA
2017 NA
2017 NA
2017 NA
2017 NA
2017 NA
2017 NA
2017 NA
2017 NA
2017 NA
2017 NA
2017 NA
2017 NA
2017 NA
2017 NA
2017 NA
2017 NA
2017 NA
2017 NA
2017 NA
2017 NA
2017 NA
2017 NA
2017 NA
2017 NA
2017 NA
2017 NA
2017 NA
2017 NA
2017 NA
2017 NA
2017 NA
2017 NA
2017 NA
2017 NA
2017 NA
2017 NA
2017 NA
2017 NA
2017 NA
2017 NA
2017 NA
2017 NA
2017 NA
2017 NA
2017 NA
2017 NA
2017 NA
2017 NA
2017 NA
2017 NA
2017 NA
2017 NA
2017 NA
2017 NA
2017 NA
2017 NA
2017 NA
2017 NA
2017 NA
2017 NA
2017 NA
2017 NA
2017 NA
2017 NA
2017 NA
2017 NA
2017 NA
2017 NA
2017 NA
2017 NA
2017 NA
2017 NA
2017 NA
2017 NA
2017 NA
2017 NA
2017 NA
2017 NA
2017 NA
2017 NA
2017 NA
2017 NA
2017 NA
2017 NA
2017 NA
2017 NA
2017 NA
2017 NA
2017 NA
2017 NA
2017 NA
2017 NA
2017 NA
2017 NA
2017 NA
2017 NA
2017 NA
2017 NA
2017 NA
2017 NA
2017 NA
2017 NA
2017 NA
2017 NA
2017 NA
2017 NA
2017 NA
2017 NA
2017 NA
2017 NA
2017 NA
2017 NA
2017 NA
2017 NA
2017 NA
2017 NA
2017 NA
2017 NA
2017 NA
2017 NA
2017 NA
2017 NA
2017 NA
2017 NA
2017 NA
2017 NA
2017 NA
2017 NA
2017 NA
2017 NA
2017 NA
2017 NA
2017 NA
2017 NA
2017 NA
2017 NA
2017 NA
2017 NA
2017 NA
2017 NA
2017 NA
2017 NA
2017 NA
2017 NA
2017 NA
2017 NA
2017 NA
2017 NA
2017 NA
2017 NA
2017 NA
2017 NA
2017 NA
2017 NA
2017 NA
2017 NA
2017 NA
2017 NA
2017 NA
2017 NA
2017 NA
2017 NA
2017 NA
2017 NA
2017 NA
2017 NA
2017 NA
2017 NA
2017 NA
2017 NA
2017 NA
2017 NA
2017 NA
2017 NA
2017 NA
2017 NA
2017 NA
2017 NA
2017 NA
2017 NA
2017 NA
2017 NA
2017 NA
2017 NA
2017 NA
2017 NA
2017 NA
2017 NA
2017 NA
2017 NA
2017 NA
2017 NA
2017 NA
2017 NA
2017 NA
2017 NA
2017 NA
2017 NA
2017 NA
2017 NA
2017 NA
2017 NA
2017 NA
2017 NA
2017 NA
2017 NA
2017 NA
2017 NA
2017 NA
2017 NA
2017 NA
2017 NA
2017 NA
2017 NA
2017 NA
2017 NA
2017 NA
2017 NA
2017 NA
2017 NA
2017 NA
2017 NA
2017 NA
2017 NA
2017 NA
2017 NA
2017 NA
2017 NA
2017 NA
2017 NA
2017 NA
2017 NA
2017 NA
2017 NA
2017 NA
2017 NA
2017 NA
2017 NA
2017 NA
2017 NA
2017 NA
2017 NA
2017 NA
2017 NA
2017 NA
2017 NA
2017 NA
2017 NA
2017 NA
2017 NA
2017 0
2017 0
2017 0
2017 0
2017 0
2017 0
2017 0
2017 0
2017 0
2018 0
2018 0
2018 0
2018 0
2018 0
2018 0
2018 0
2018 0
2018 0
2018 0
2018 0
2018 0
2018 0
2018 0
2018 0
2018 0
2018 0
2018 0
2018 0
2018 0
2018 0
2018 0
2018 0
2018 0
2018 0
2018 0
2018 0
2018 0
2018 0
2018 0
2018 0
2018 0
2018 0
2018 0
2018 0
2018 0
2018 0
2018 0
2018 0
2018 0
2018 0
2018 0
2018 0
2018 0
2018 0
2018 0
2018 0
2018 0
2018 0
2018 0
2018 0
2018 0
2018 2
2018 0
2018 0
2018 0
2018 0
2018 0
2018 0
2018 0
2018 0
2018 0
2018 0
2018 0
2018 0
2018 0
2018 0
2018 0
2018 1
2018 0
2018 0
2018 0
2018 5
2018 24
2018 19
2018 17
2018 16
2018 15
2018 15
2018 23
2018 21
2018 18
2018 18
2018 18
2018 17
2018 18
2018 18
2018 18
2018 18
2018 23
2018 23
2018 23
2018 22
2018 22
2018 23
2018 23
2018 23
2018 23
2018 40
2018 43
2018 85
2018 82
2018 86
2018 79
2018 91
2018 95
2018 90
2018 86
2018 108
2018 100
2018 94
2018 90
2018 86
2018 83
2018 81
2018 79
2018 78
2018 80
2018 88
2018 85
2018 103
2018 96
2018 100
2018 114
2018 110
2018 123
2018 114
2018 111
2018 109
2018 109
2018 116
2018 113
2018 112
2018 111
2018 110
2018 110
2018 109
2018 119
2018 107
2018 142
2018 142
2018 148
2018 159
2018 164
2018 158
2018 155
2018 152
2018 151
2018 149
2018 149
2018 148
2018 148
2018 147
2018 152
2018 151
2018 150
2018 150
2018 149
2018 148
2018 148
2018 147
2018 146
2018 146
2018 152
2018 153
2018 152
2018 151
2018 170
2018 160
2018 157
2018 157
2018 156
2018 156
2018 155
2018 155
2018 155
2018 150
2018 150
2018 150
2018 150
2018 149
2018 162
2018 166
2018 167
2018 158
2018 155
2018 153
2018 159
2018 154
2018 152
2018 151
2018 151
2018 151
2018 164
2018 157
2018 154
2018 152
2018 161
2018 161
2018 159
2018 158
2018 157
2018 157
2018 156
2018 155
2018 154
2018 153
2018 158
2018 155
2018 151
2018 150
2018 170
2018 162
2018 156
2018 154
2018 153
2018 151
2018 150
2018 149
2018 144
2018 135
2018 133
2018 129
2018 127
2018 124
2018 123
2018 118
2018 109
2018 106
2018 103
2018 98
2018 93
2018 86
2018 80
2018 69
2018 63
2018 53
2018 44
2018 36
2018 29
2018 26
2018 22
2018 20
2018 16
2018 13
2018 5
2018 0
2018 0
2018 0
2018 0
2018 0
2018 0
2018 0
2018 0
2018 0
2018 0
2018 0
2018 0
2018 0
2018 0
2018 0
2018 0
2018 0
2018 0
2018 0
2018 0
2018 0
2018 0
2018 0
2018 0
2018 0
2018 0
2018 0
2018 0
2018 0
2018 0
2018 0
2018 0
2018 0
2018 0
2018 0
2018 0
2018 0
2018 0
2018 0
2018 0
2018 0
2018 0
2018 0
2018 0
2018 0
2018 0
2018 0
2018 0
2018 0
2018 0
2018 0
2018 0
2018 0
2018 0
2018 0
2018 0
2018 0
2018 0
2018 0
2018 0
2018 0
2018 0
2018 0
2018 0
2018 0
2018 0
2018 0
2018 0
2018 0
2018 0
2018 0
2018 0
2018 0
2018 0
2018 0
2018 0
2018 0
2018 0
2018 0
2018 0
2018 0
2018 0
2018 0
2018 0
2018 0
2018 0
2018 0
2018 0
2018 0
2018 0
2018 0
2018 0
2018 0
2018 0
2018 0
2018 0
2018 0
2018 0
2018 0
2018 0
2018 0
2018 0
2018 0
2018 0
2018 0
2018 0
2018 0
2018 0
2018 0
2018 0
2018 0
2018 0
2018 0
2018 0
2018 0
2018 0
2018 0
2018 0
2018 0
2019 0
2019 0
2019 0
2019 0
2019 0
2019 0
2019 0
2019 0
2019 0
2019 0
2019 0
2019 0
2019 0
2019 0
2019 0
2019 0
2019 0
2019 0
2019 0
2019 0
2019 0
2019 0
2019 0
2019 0
2019 0
2019 0
2019 0
2019 0
2019 0
2019 0
2019 0
2019 0
2019 0
2019 0
2019 0
2019 0
2019 0
2019 0
2019 0
2019 0
2019 0
2019 0
2019 0
2019 0
2019 0
2019 0
2019 0
2019 0
2019 0
2019 0
2019 0
2019 0
2019 0
2019 0
2019 0
2019 0
2019 1
2019 3
2019 0
2019 2
2019 0
2019 0
2019 0
2019 0
2019 0
2019 0
2019 0
2019 0
2019 0
2019 0
2019 0
2019 0
2019 0
2019 0
2019 0
2019 0
2019 0
2019 0
2019 0
2019 0
2019 0
2019 1
2019 1
2019 1
2019 1
2019 1
2019 1
2019 1
2019 1
2019 1
2019 3
2019 3
2019 4
2019 1
2019 1
2019 1
2019 1
2019 0
2019 4
2019 20
2019 32
2019 31
2019 28
2019 27
2019 25
2019 25
2019 39
2019 38
2019 38
2019 40
2019 38
2019 40
2019 34
2019 33
2019 32
2019 31
2019 31
2019 31
2019 31
2019 31
2019 30
2019 29
2019 29
2019 31
2019 30
2019 30
2019 30
2019 31
2019 31
2019 35
2019 49
2019 45
2019 43
2019 43
2019 102
2019 89
2019 84
2019 80
2019 79
2019 76
2019 74
2019 73
2019 71
2019 70
2019 70
2019 69
2019 69
2019 69
2019 69
2019 80
2019 79
2019 78
2019 78
2019 79
2019 81
2019 79
2019 78
2019 77
2019 76
2019 79
2019 82
2019 78
2019 87
2019 101
2019 95
2019 92
2019 89
2019 86
2019 85
2019 84
2019 82
2019 81
2019 80
2019 78
2019 75
2019 73
2019 70
2019 69
2019 68
2019 66
2019 64
2019 80
2019 73
2019 68
2019 74
2019 71
2019 69
2019 69
2019 69
2019 69
2019 66
2019 80
2019 73
2019 73
2019 107
2019 101
2019 93
2019 85
2019 83
2019 82
2019 80
2019 74
2019 71
2019 69
2019 67
2019 66
2019 66
2019 65
2019 61
2019 59
2019 55
2019 53
2019 50
2019 48
2019 47
2019 78
2019 62
2019 54
2019 51
2019 48
2019 45
2019 42
2019 39
2019 36
2019 33
2019 31
2019 26
2019 24
2019 19
2019 12
2019 6
2019 0
2019 0
2019 0
2019 0
2019 0
2019 0
2019 2
2019 0
2019 0
2019 0
2019 0
2019 0
2019 0
2019 0
2019 0
2019 0
2019 0
2019 0
2019 0
2019 0
2019 0
2019 0
2019 0
2019 0
2019 0
2019 0
2019 0
2019 0
2019 0
2019 0
2019 0
2019 0
2019 0
2019 0
2019 0
2019 0
2019 0
2019 0
2019 0
2019 0
2019 0
2019 0
2019 0
2019 0
2019 0
2019 0
2019 0
2019 0
2019 0
2019 0
2019 0
2019 0
2019 0
2019 0
2019 0
2019 0
2019 0
2019 0
2019 0
2019 0
2019 0
2019 0
2019 0
2019 0
2019 0
2019 0
2019 0
2019 0
2019 0
2019 0
2019 0
2019 0
2019 0
2019 0
2019 0
2019 0
2019 0
2019 0
2019 0
2019 0
2019 0
2019 0
2019 0
2019 0
2019 0
2019 0
2019 0
2019 0
2019 0
2019 0
2019 0
2019 0
2019 0
2019 0
2019 0
2019 0
2019 0
2019 0
2019 0
2019 0
2019 0
2019 0
2019 0
2019 0
2019 0
2019 0
2019 0
2019 0
2019 0
2019 0
2019 0
2019 0
2019 0
2019 0
2019 0
2019 0
2019 0
2019 0
2019 0
2019 0
2019 0
2019 0
2019 0
2019 0
2019 0
2019 0
2019 0
2019 0
2019 0
2019 0
2019 0
2019 0
2019 0
2019 0
2020 0
2020 0
2020 0
2020 0
2020 0
2020 0
2020 0
2020 0
2020 0
2020 0
2020 0
2020 0
2020 0
2020 0
2020 0
2020 0
2020 0
2020 0
2020 0
2020 0
2020 0
2020 0
2020 0
2020 0
2020 0
2020 0
2020 0
2020 0
2020 0
2020 0
2020 0
2020 0
2020 0
2020 0
2020 0
2020 0
2020 0
2020 0
2020 0
2020 0
2020 0
2020 0
2020 0
2020 0
2020 0
2020 0
2020 0
2020 0
2020 0
2020 0
2020 0
2020 0
2020 0
2020 0
2020 0
2020 0
2020 0
2020 0
2020 0
2020 0
2020 0
2020 0
2020 0
2020 0
2020 0
2020 0
2020 0
2020 0
2020 11
2020 7
2020 7
2020 9
2020 11
2020 10
2020 9
2020 33
2020 29
2020 54
2020 49
2020 41
2020 37
2020 34
2020 30
2020 26
2020 22
2020 19
2020 17
2020 16
2020 19
2020 44
2020 42
2020 45
2020 41
2020 38
2020 36
2020 35
2020 34
2020 34
2020 34
2020 56
2020 71
2020 61
2020 62
2020 93
2020 81
2020 75
2020 71
2020 64
2020 59
2020 56
2020 54
2020 54
2020 79
2020 74
2020 92
2020 86
2020 83
2020 104
2020 97
2020 93
2020 90
2020 86
2020 84
2020 83
2020 81
2020 80
2020 79
2020 78
2020 78
2020 77
2020 76
2020 76
2020 76
2020 76
2020 76
2020 75
2020 75
2020 75
2020 75
2020 79
2020 78
2020 78
2020 77
2020 77
2020 77
2020 76
2020 76
2020 76
2020 76
2020 94
2020 109
2020 101
2020 93
2020 91
2020 84
2020 79
2020 77
2020 86
2020 83
2020 82
2020 81
2020 81
2020 75
2020 76
2020 76
2020 88
2020 96
2020 92
2020 87
2020 84
2020 83
2020 87
2020 83
2020 83
2020 81
2020 76
2020 74
2020 74
2020 81
2020 96
2020 89
2020 83
2020 86
2020 96
2020 97
2020 95
2020 127
2020 125
2020 118
2020 116
2020 114
2020 128
2020 116
2020 111
2020 102
2020 100
2020 97
2020 95
2020 92
2020 89
2020 85
2020 84
2020 81
2020 79
2020 77
2020 76
2020 76
2020 75
2020 72
2020 69
2020 68
2020 68
2020 65
2020 61
2020 54
2020 49
2020 43
2020 36
2020 30
2020 20
2020 13
2020 5
2020 0
2020 0
2020 0
2020 0
2020 0
2020 0
2020 0
2020 0
2020 0
2020 0
2020 0
2020 0
2020 0
2020 0
2020 0
2020 0
2020 0
2020 0
2020 0
2020 0
2020 0
2020 0
2020 0
2020 0
2020 0
2020 0
2020 0
2020 0
2020 0
2020 0
2020 0
2020 0
2020 0
2020 0
2020 0
2020 0
2020 0
2020 0
2020 0
2020 0
2020 0
2020 0
2020 0
2020 0
2020 0
2020 0
2020 0
2020 0
2020 0
2020 0
2020 0
2020 0
2020 0
2020 0
2020 0
2020 0
2020 0
2020 0
2020 0
2020 0
2020 0
2020 0
2020 0
2020 0
2020 0
2020 0
2020 0
2020 0
2020 0
2020 0
2020 0
2020 0
2020 0
2020 0
2020 0
2020 0
2020 0
2020 0
2020 0
2020 0
2020 0
2020 0
2020 0
2020 0
2020 0
2020 0
2020 0
2020 0
2020 0
2020 0
2020 0
2020 0
2020 0
2020 0
2020 0
2020 0
2020 0
2020 0
2020 0
2020 0
2020 0
2020 0
2020 0
2020 0
2020 0
2020 0
2020 0
2020 0
2020 0
2020 0
2020 0
2020 0
2020 0
2020 0
2020 0
2020 0
2020 0
2020 0
2020 0
2020 0
2020 0
2020 0
2020 0
2020 0
2020 0
2020 0
2020 0
2020 0
2020 0
2020 0
2020 0
2020 0
2020 0
2020 0
2020 0
2020 0
2020 0
2020 0
2020 0
2020 0
2020 0
2020 0
2020 0
2020 0
