1988 NA
1988 NA
1988 NA
1988 NA
1988 NA
1988 NA
1988 NA
1988 NA
1988 NA
1988 NA
1988 NA
1988 NA
1988 NA
1988 NA
1988 NA
1988 NA
1988 NA
1988 NA
1988 NA
1988 NA
1988 NA
1988 NA
1988 NA
1988 NA
1988 NA
1988 NA
1988 NA
1988 NA
1988 NA
1988 NA
1988 NA
1988 NA
1988 NA
1988 NA
1988 NA
1988 NA
1988 NA
1988 NA
1988 NA
1988 NA
1988 NA
1988 NA
1988 NA
1988 NA
1988 NA
1988 NA
1988 NA
1988 NA
1988 NA
1988 NA
1988 NA
1988 NA
1988 NA
1988 NA
1988 NA
1988 NA
1988 NA
1988 NA
1988 NA
1988 NA
1988 NA
1988 NA
1988 NA
1988 NA
1988 NA
1988 NA
1988 NA
1988 NA
1988 NA
1988 NA
1988 NA
1988 NA
1988 NA
1988 NA
1988 NA
1988 NA
1988 NA
1988 NA
1988 NA
1988 NA
1988 NA
1988 NA
1988 NA
1988 NA
1988 NA
1988 NA
1988 NA
1988 NA
1988 NA
1988 NA
1988 NA
1988 NA
1988 NA
1988 NA
1988 NA
1988 NA
1988 NA
1988 NA
1988 NA
1988 NA
1988 NA
1988 NA
1988 NA
1988 NA
1988 NA
1988 NA
1988 NA
1988 NA
1988 NA
1988 NA
1988 NA
1988 NA
1988 NA
1988 NA
1988 10
1988 20
1988 20
1988 20
1988 30
1988 20
1988 30
1988 30
1988 30
1988 30
1988 30
1988 30
1988 80
1988 20
1988 30
1988 40
1988 40
1988 40
1988 40
1988 40
1988 40
1988 40
1988 50
1988 60
1988 60
1988 60
1988 50
1988 50
1988 60
1988 70
1988 80
1988 70
1988 80
1988 80
1988 80
1988 70
1988 100
1988 110
1988 100
1988 90
1988 90
1988 100
1988 90
1988 90
1988 100
1988 140
1988 130
1988 120
1988 110
1988 110
1988 110
1988 100
1988 100
1988 100
1988 100
1988 90
1988 90
1988 80
1988 80
1988 80
1988 80
1988 60
1988 70
1988 80
1988 80
1988 70
1988 80
1988 70
1988 70
1988 70
1988 70
1988 NA
1988 NA
1988 NA
1988 NA
1988 NA
1988 NA
1988 NA
1988 NA
1988 NA
1988 NA
1988 NA
1988 NA
1988 NA
1988 NA
1988 NA
1988 NA
1988 NA
1988 NA
1988 NA
1988 NA
1988 NA
1988 NA
1988 NA
1988 NA
1988 NA
1988 NA
1988 NA
1988 NA
1988 NA
1988 NA
1988 NA
1988 NA
1988 NA
1988 NA
1988 NA
1988 NA
1988 NA
1988 NA
1988 NA
1988 NA
1988 NA
1988 NA
1988 NA
1988 NA
1988 NA
1988 NA
1988 NA
1988 NA
1988 NA
1988 NA
1988 NA
1988 NA
1988 NA
1988 NA
1988 NA
1988 NA
1988 NA
1988 NA
1988 NA
1988 NA
1988 NA
1988 NA
1988 NA
1988 NA
1988 NA
1988 NA
1988 NA
1988 NA
1988 NA
1988 NA
1988 NA
1988 NA
1988 NA
1988 NA
1988 NA
1988 NA
1988 NA
1988 NA
1988 NA
1988 NA
1988 NA
1988 NA
1988 NA
1988 NA
1988 NA
1988 NA
1988 NA
1988 NA
1988 NA
1988 NA
1988 NA
1988 NA
1988 NA
1988 NA
1988 NA
1988 NA
1988 NA
1988 NA
1988 NA
1988 NA
1988 NA
1988 NA
1988 NA
1988 NA
1988 NA
1988 NA
1988 NA
1988 NA
1988 NA
1988 NA
1988 NA
1988 NA
1988 NA
1988 NA
1988 NA
1988 NA
1988 NA
1988 NA
1988 NA
1988 NA
1988 NA
1988 NA
1988 NA
1988 NA
1988 NA
1988 NA
1988 NA
1988 NA
1988 NA
1988 NA
1988 NA
1988 NA
1988 NA
1988 NA
1988 NA
1988 NA
1988 NA
1988 NA
1988 NA
1988 NA
1988 NA
1988 NA
1988 NA
1988 NA
1988 NA
1988 NA
1988 NA
1988 NA
1988 NA
1988 NA
1988 NA
1988 NA
1988 NA
1988 NA
1988 NA
1988 NA
1988 NA
1988 NA
1988 NA
1988 NA
1988 NA
1988 NA
1988 NA
1988 NA
1988 NA
1988 NA
1988 NA
1988 NA
1988 NA
1988 NA
1988 NA
1988 NA
1988 NA
1988 NA
1988 NA
1988 NA
1988 NA
1988 NA
1988 NA
1988 NA
1988 NA
1989 NA
1989 NA
1989 NA
1989 NA
1989 NA
1989 NA
1989 NA
1989 NA
1989 NA
1989 NA
1989 NA
1989 NA
1989 NA
1989 NA
1989 NA
1989 NA
1989 NA
1989 NA
1989 NA
1989 NA
1989 NA
1989 NA
1989 NA
1989 NA
1989 NA
1989 NA
1989 NA
1989 NA
1989 NA
1989 NA
1989 NA
1989 NA
1989 NA
1989 NA
1989 NA
1989 NA
1989 NA
1989 NA
1989 NA
1989 NA
1989 NA
1989 NA
1989 NA
1989 NA
1989 NA
1989 NA
1989 NA
1989 NA
1989 NA
1989 NA
1989 NA
1989 NA
1989 NA
1989 NA
1989 NA
1989 NA
1989 NA
1989 NA
1989 NA
1989 NA
1989 NA
1989 NA
1989 NA
1989 NA
1989 NA
1989 NA
1989 NA
1989 NA
1989 NA
1989 NA
1989 NA
1989 NA
1989 NA
1989 NA
1989 NA
1989 NA
1989 NA
1989 NA
1989 NA
1989 NA
1989 NA
1989 NA
1989 NA
1989 NA
1989 NA
1989 0
1989 NA
1989 0
1989 NA
1989 0
1989 NA
1989 0
1989 30
1989 30
1989 30
1989 40
1989 40
1989 40
1989 40
1989 40
1989 40
1989 40
1989 30
1989 30
1989 30
1989 30
1989 30
1989 30
1989 30
1989 30
1989 30
1989 30
1989 20
1989 20
1989 20
1989 20
1989 20
1989 20
1989 20
1989 20
1989 20
1989 20
1989 20
1989 10
1989 10
1989 20
1989 20
1989 20
1989 10
1989 20
1989 20
1989 20
1989 NA
1989 10
1989 20
1989 20
1989 20
1989 20
1989 20
1989 NA
1989 NA
1989 NA
1989 NA
1989 NA
1989 NA
1989 NA
1989 NA
1989 NA
1989 NA
1989 NA
1989 NA
1989 NA
1989 NA
1989 NA
1989 NA
1989 NA
1989 NA
1989 NA
1989 NA
1989 NA
1989 NA
1989 NA
1989 NA
1989 NA
1989 NA
1989 NA
1989 NA
1989 NA
1989 NA
1989 NA
1989 NA
1989 NA
1989 NA
1989 NA
1989 NA
1989 NA
1989 NA
1989 NA
1989 NA
1989 NA
1989 NA
1989 NA
1989 NA
1989 NA
1989 NA
1989 NA
1989 NA
1989 NA
1989 NA
1989 NA
1989 NA
1989 NA
1989 NA
1989 NA
1989 NA
1989 NA
1989 NA
1989 NA
1989 NA
1989 NA
1989 NA
1989 NA
1989 NA
1989 NA
1989 NA
1989 NA
1989 NA
1989 NA
1989 NA
1989 NA
1989 NA
1989 NA
1989 NA
1989 NA
1989 NA
1989 NA
1989 NA
1989 NA
1989 NA
1989 NA
1989 NA
1989 NA
1989 NA
1989 NA
1989 NA
1989 NA
1989 NA
1989 NA
1989 NA
1989 NA
1989 NA
1989 NA
1989 NA
1989 NA
1989 NA
1989 NA
1989 NA
1989 NA
1989 NA
1989 NA
1989 NA
1989 NA
1989 NA
1989 NA
1989 NA
1989 NA
1989 NA
1989 NA
1989 NA
1989 NA
1989 NA
1989 NA
1989 NA
1989 NA
1989 NA
1989 NA
1989 NA
1989 NA
1989 NA
1989 NA
1989 NA
1989 NA
1989 NA
1989 NA
1989 NA
1989 NA
1989 NA
1989 NA
1989 NA
1989 NA
1989 NA
1989 NA
1989 NA
1989 NA
1989 NA
1989 NA
1989 NA
1989 NA
1989 NA
1989 NA
1989 NA
1989 NA
1989 NA
1989 NA
1989 NA
1989 NA
1989 NA
1989 NA
1989 NA
1989 NA
1989 NA
1989 NA
1989 NA
1989 NA
1989 NA
1989 NA
1989 NA
1989 NA
1989 NA
1989 NA
1989 NA
1989 NA
1989 NA
1989 NA
1989 NA
1989 NA
1989 NA
1989 NA
1989 NA
1989 NA
1989 NA
1989 NA
1989 NA
1989 NA
1989 NA
1989 NA
1989 NA
1989 NA
1989 NA
1989 NA
1989 NA
1989 NA
1989 NA
1989 NA
1989 NA
1989 NA
1989 NA
1989 NA
1989 NA
1989 NA
1989 NA
1989 NA
1989 NA
1989 NA
1989 NA
1989 NA
1989 NA
1989 NA
1989 NA
1989 NA
1989 NA
1989 NA
1989 NA
1989 NA
1989 NA
1989 NA
1989 NA
1989 NA
1989 NA
1989 NA
1989 NA
1989 NA
1989 NA
1989 NA
1989 NA
1989 NA
1989 NA
1989 NA
1989 NA
1989 NA
1989 NA
1989 NA
1989 NA
1989 NA
1989 NA
1990 NA
1990 NA
1990 NA
1990 NA
1990 NA
1990 NA
1990 NA
1990 NA
1990 NA
1990 NA
1990 NA
1990 NA
1990 NA
1990 NA
1990 NA
1990 NA
1990 NA
1990 NA
1990 NA
1990 NA
1990 NA
1990 NA
1990 NA
1990 NA
1990 NA
1990 NA
1990 NA
1990 NA
1990 NA
1990 NA
1990 NA
1990 NA
1990 NA
1990 NA
1990 NA
1990 NA
1990 NA
1990 NA
1990 NA
1990 NA
1990 NA
1990 NA
1990 NA
1990 NA
1990 NA
1990 NA
1990 NA
1990 NA
1990 NA
1990 NA
1990 NA
1990 NA
1990 NA
1990 NA
1990 NA
1990 NA
1990 NA
1990 NA
1990 NA
1990 NA
1990 NA
1990 NA
1990 NA
1990 NA
1990 NA
1990 NA
1990 NA
1990 NA
1990 NA
1990 NA
1990 NA
1990 NA
1990 NA
1990 NA
1990 NA
1990 NA
1990 NA
1990 NA
1990 NA
1990 NA
1990 NA
1990 NA
1990 NA
1990 NA
1990 NA
1990 NA
1990 NA
1990 NA
1990 NA
1990 NA
1990 NA
1990 NA
1990 NA
1990 NA
1990 NA
1990 NA
1990 NA
1990 NA
1990 NA
1990 NA
1990 NA
1990 NA
1990 NA
1990 NA
1990 NA
1990 NA
1990 NA
1990 NA
1990 NA
1990 NA
1990 NA
1990 NA
1990 NA
1990 NA
1990 NA
1990 NA
1990 NA
1990 NA
1990 NA
1990 NA
1990 NA
1990 NA
1990 200
1990 200
1990 180
1990 190
1990 180
1990 170
1990 190
1990 170
1990 190
1990 180
1990 170
1990 150
1990 160
1990 170
1990 170
1990 170
1990 140
1990 130
1990 130
1990 60
1990 110
1990 100
1990 NA
1990 NA
1990 NA
1990 NA
1990 NA
1990 NA
1990 NA
1990 NA
1990 NA
1990 NA
1990 NA
1990 NA
1990 NA
1990 NA
1990 NA
1990 NA
1990 NA
1990 NA
1990 NA
1990 NA
1990 NA
1990 NA
1990 NA
1990 NA
1990 NA
1990 NA
1990 NA
1990 NA
1990 NA
1990 NA
1990 NA
1990 NA
1990 NA
1990 NA
1990 NA
1990 NA
1990 NA
1990 NA
1990 NA
1990 NA
1990 NA
1990 NA
1990 NA
1990 NA
1990 NA
1990 NA
1990 NA
1990 NA
1990 NA
1990 NA
1990 NA
1990 120
1990 120
1990 NA
1990 NA
1990 NA
1990 NA
1990 NA
1990 NA
1990 NA
1990 NA
1990 NA
1990 NA
1990 NA
1990 NA
1990 NA
1990 NA
1990 NA
1990 NA
1990 NA
1990 80
1990 120
1990 NA
1990 120
1990 NA
1990 NA
1990 NA
1990 NA
1990 NA
1990 120
1990 120
1990 NA
1990 NA
1990 NA
1990 NA
1990 NA
1990 NA
1990 NA
1990 NA
1990 NA
1990 990
1990 NA
1990 NA
1990 NA
1990 NA
1990 NA
1990 NA
1990 NA
1990 NA
1990 NA
1990 NA
1990 50
1990 50
1990 60
1990 50
1990 50
1990 40
1990 50
1990 40
1990 20
1990 50
1990 50
1990 30
1990 60
1990 20
1990 0
1990 50
1990 40
1990 40
1990 10
1990 30
1990 50
1990 20
1990 70
1990 30
1990 40
1990 40
1990 50
1990 40
1990 60
1990 60
1990 40
1990 50
1990 70
1990 30
1990 80
1990 70
1990 60
1990 70
1990 60
1990 50
1990 40
1990 40
1990 60
1990 50
1990 70
1990 60
1990 80
1990 30
1990 50
1990 40
1990 40
1990 20
1990 0
1990 NA
1990 NA
1990 NA
1990 NA
1990 NA
1990 NA
1990 0
1990 0
1990 NA
1990 NA
1990 NA
1990 0
1990 0
1990 NA
1990 NA
1990 NA
1990 NA
1990 NA
1990 NA
1990 NA
1990 NA
1990 0
1990 0
1990 NA
1990 NA
1990 NA
1990 NA
1990 NA
1990 NA
1990 NA
1990 NA
1990 NA
1990 NA
1990 NA
1990 NA
1990 NA
1990 NA
1990 NA
1990 NA
1990 NA
1990 NA
1990 0
1990 NA
1990 NA
1990 NA
1990 NA
1990 NA
1990 NA
1990 NA
1990 NA
1990 NA
1990 NA
1990 NA
1990 NA
1990 NA
1990 NA
1990 NA
1990 NA
1990 NA
1990 NA
1990 NA
1990 NA
1990 NA
1990 NA
1990 NA
1990 NA
1990 NA
1992 NA
1992 NA
1992 NA
1992 NA
1992 NA
1992 NA
1992 NA
1992 NA
1992 NA
1992 NA
1992 NA
1992 NA
1992 NA
1992 NA
1992 NA
1992 NA
1992 NA
1992 NA
1992 NA
1992 NA
1992 NA
1992 NA
1992 NA
1992 NA
1992 NA
1992 NA
1992 NA
1992 NA
1992 NA
1992 NA
1992 NA
1992 NA
1992 NA
1992 NA
1992 NA
1992 NA
1992 NA
1992 NA
1992 NA
1992 NA
1992 NA
1992 NA
1992 NA
1992 NA
1992 NA
1992 NA
1992 NA
1992 NA
1992 NA
1992 NA
1992 NA
1992 NA
1992 NA
1992 NA
1992 NA
1992 NA
1992 NA
1992 NA
1992 NA
1992 NA
1992 NA
1992 NA
1992 NA
1992 NA
1992 NA
1992 NA
1992 NA
1992 NA
1992 NA
1992 NA
1992 NA
1992 NA
1992 NA
1992 NA
1992 NA
1992 NA
1992 NA
1992 NA
1992 NA
1992 NA
1992 NA
1992 NA
1992 NA
1992 NA
1992 NA
1992 NA
1992 NA
1992 NA
1992 NA
1992 NA
1992 NA
1992 NA
1992 NA
1992 NA
1992 NA
1992 NA
1992 NA
1992 NA
1992 NA
1992 NA
1992 NA
1992 NA
1992 NA
1992 NA
1992 NA
1992 NA
1992 NA
1992 NA
1992 NA
1992 NA
1992 NA
1992 NA
1992 NA
1992 NA
1992 NA
1992 NA
1992 NA
1992 NA
1992 NA
1992 NA
1992 NA
1992 NA
1992 60
1992 60
1992 60
1992 60
1992 60
1992 60
1992 60
1992 60
1992 60
1992 90
1992 90
1992 80
1992 80
1992 80
1992 70
1992 70
1992 70
1992 70
1992 NA
1992 NA
1992 70
1992 80
1992 90
1992 90
1992 90
1992 90
1992 80
1992 80
1992 80
1992 80
1992 80
1992 80
1992 80
1992 70
1992 60
1992 50
1992 50
1992 50
1992 50
1992 NA
1992 NA
1992 NA
1992 NA
1992 NA
1992 NA
1992 NA
1992 NA
1992 NA
1992 NA
1992 NA
1992 NA
1992 NA
1992 NA
1992 NA
1992 NA
1992 NA
1992 NA
1992 NA
1992 NA
1992 NA
1992 NA
1992 NA
1992 NA
1992 NA
1992 NA
1992 NA
1992 NA
1992 NA
1992 NA
1992 NA
1992 NA
1992 NA
1992 NA
1992 NA
1992 NA
1992 NA
1992 NA
1992 NA
1992 NA
1992 NA
1992 NA
1992 NA
1992 NA
1992 NA
1992 NA
1992 NA
1992 NA
1992 NA
1992 NA
1992 NA
1992 NA
1992 NA
1992 NA
1992 NA
1992 NA
1992 NA
1992 NA
1992 NA
1992 NA
1992 NA
1992 NA
1992 NA
1992 NA
1992 NA
1992 NA
1992 NA
1992 NA
1992 NA
1992 NA
1992 NA
1992 NA
1992 NA
1992 NA
1992 NA
1992 NA
1992 NA
1992 NA
1992 NA
1992 NA
1992 NA
1992 NA
1992 NA
1992 NA
1992 NA
1992 NA
1992 NA
1992 NA
1992 NA
1992 NA
1992 NA
1992 NA
1992 NA
1992 NA
1992 NA
1992 NA
1992 NA
1992 NA
1992 NA
1992 NA
1992 NA
1992 NA
1992 NA
1992 NA
1992 NA
1992 NA
1992 NA
1992 NA
1992 NA
1992 NA
1992 NA
1992 NA
1992 NA
1992 NA
1992 NA
1992 NA
1992 NA
1992 NA
1992 NA
1992 NA
1992 NA
1992 NA
1992 NA
1992 NA
1992 NA
1992 NA
1992 NA
1992 NA
1992 NA
1992 NA
1992 NA
1992 NA
1992 NA
1992 NA
1992 NA
1992 NA
1992 NA
1992 NA
1992 NA
1992 NA
1992 NA
1992 NA
1992 NA
1992 NA
1992 NA
1992 NA
1992 NA
1992 NA
1992 NA
1992 NA
1992 NA
1992 NA
1992 NA
1992 NA
1992 NA
1992 NA
1992 NA
1992 NA
1992 NA
1992 NA
1992 NA
1992 NA
1992 NA
1992 NA
1992 NA
1992 NA
1992 NA
1992 NA
1992 NA
1992 NA
1992 NA
1992 NA
1992 NA
1992 NA
1992 NA
1992 NA
1992 NA
1992 NA
1992 NA
1992 NA
1992 NA
1992 NA
1992 NA
1992 NA
1992 NA
1992 NA
1992 NA
1992 NA
1992 NA
1992 NA
1992 NA
1992 NA
1992 NA
1992 NA
1992 NA
1992 NA
1992 NA
1992 NA
1992 NA
1992 NA
1992 NA
1992 NA
1992 NA
1992 NA
1992 NA
1993 NA
1993 NA
1993 NA
1993 NA
1993 NA
1993 NA
1993 NA
1993 NA
1993 NA
1993 NA
1993 NA
1993 NA
1993 NA
1993 NA
1993 NA
1993 NA
1993 NA
1993 NA
1993 NA
1993 NA
1993 NA
1993 NA
1993 NA
1993 NA
1993 NA
1993 NA
1993 NA
1993 NA
1993 NA
1993 NA
1993 NA
1993 NA
1993 NA
1993 NA
1993 NA
1993 NA
1993 NA
1993 NA
1993 NA
1993 NA
1993 NA
1993 NA
1993 NA
1993 NA
1993 NA
1993 NA
1993 NA
1993 NA
1993 NA
1993 NA
1993 NA
1993 NA
1993 NA
1993 NA
1993 NA
1993 NA
1993 NA
1993 30
1993 10
1993 10
1993 20
1993 20
1993 20
1993 10
1993 20
1993 NA
1993 NA
1993 NA
1993 NA
1993 NA
1993 NA
1993 NA
1993 NA
1993 NA
1993 NA
1993 NA
1993 NA
1993 NA
1993 NA
1993 NA
1993 40
1993 40
1993 30
1993 30
1993 30
1993 NA
1993 20
1993 20
1993 20
1993 20
1993 10
1993 10
1993 30
1993 50
1993 60
1993 110
1993 100
1993 100
1993 130
1993 130
1993 120
1993 110
1993 100
1993 80
1993 80
1993 80
1993 80
1993 80
1993 80
1993 80
1993 80
1993 70
1993 60
1993 70
1993 70
1993 70
1993 70
1993 70
1993 70
1993 70
1993 70
1993 70
1993 70
1993 70
1993 70
1993 70
1993 70
1993 70
1993 70
1993 70
1993 70
1993 60
1993 60
1993 NA
1993 NA
1993 NA
1993 NA
1993 NA
1993 NA
1993 NA
1993 NA
1993 NA
1993 NA
1993 NA
1993 NA
1993 NA
1993 NA
1993 NA
1993 NA
1993 NA
1993 NA
1993 NA
1993 NA
1993 NA
1993 NA
1993 NA
1993 NA
1993 NA
1993 NA
1993 NA
1993 NA
1993 NA
1993 NA
1993 NA
1993 NA
1993 NA
1993 NA
1993 NA
1993 NA
1993 NA
1993 NA
1993 NA
1993 NA
1993 NA
1993 NA
1993 NA
1993 NA
1993 NA
1993 NA
1993 NA
1993 NA
1993 NA
1993 NA
1993 NA
1993 NA
1993 NA
1993 NA
1993 NA
1993 NA
1993 NA
1993 NA
1993 NA
1993 NA
1993 NA
1993 NA
1993 NA
1993 NA
1993 NA
1993 NA
1993 NA
1993 NA
1993 NA
1993 NA
1993 NA
1993 120
1993 160
1993 140
1993 130
1993 130
1993 130
1993 120
1993 100
1993 100
1993 80
1993 50
1993 120
1993 110
1993 110
1993 80
1993 50
1993 30
1993 60
1993 150
1993 110
1993 100
1993 60
1993 80
1993 70
1993 50
1993 0
1993 30
1993 20
1993 20
1993 20
1993 20
1993 20
1993 10
1993 20
1993 10
1993 50
1993 NA
1993 NA
1993 NA
1993 NA
1993 NA
1993 NA
1993 NA
1993 NA
1993 NA
1993 NA
1993 NA
1993 NA
1993 NA
1993 NA
1993 NA
1993 NA
1993 NA
1993 NA
1993 NA
1993 NA
1993 NA
1993 NA
1993 NA
1993 NA
1993 NA
1993 NA
1993 NA
1993 NA
1993 NA
1993 NA
1993 NA
1993 NA
1993 NA
1993 NA
1993 NA
1993 NA
1993 NA
1993 NA
1993 NA
1993 NA
1993 NA
1993 NA
1993 NA
1993 NA
1993 NA
1993 NA
1993 NA
1993 NA
1993 NA
1993 NA
1993 NA
1993 NA
1993 NA
1993 NA
1993 NA
1993 NA
1993 NA
1993 NA
1993 NA
1993 NA
1993 NA
1993 NA
1993 NA
1993 NA
1993 NA
1993 NA
1993 NA
1993 NA
1993 NA
1993 NA
1993 NA
1993 NA
1993 100
1993 NA
1993 NA
1993 NA
1993 NA
1993 NA
1993 NA
1993 NA
1993 NA
1993 NA
1993 NA
1993 NA
1993 NA
1993 NA
1993 NA
1993 NA
1993 NA
1993 NA
1993 NA
1993 NA
1993 NA
1993 NA
1993 NA
1993 NA
1993 NA
1993 NA
1993 NA
1993 NA
1993 NA
1993 NA
1993 NA
1993 NA
1993 NA
1993 NA
1993 NA
1993 NA
1993 NA
1993 NA
1993 NA
1993 NA
1993 NA
1993 NA
1993 NA
1993 NA
1993 NA
1993 NA
1993 NA
1993 NA
1993 NA
1993 NA
1993 NA
1993 NA
1993 NA
1994 NA
1994 NA
1994 NA
1994 NA
1994 NA
1994 NA
1994 NA
1994 NA
1994 NA
1994 NA
1994 NA
1994 NA
1994 NA
1994 NA
1994 NA
1994 NA
1994 NA
1994 NA
1994 NA
1994 NA
1994 NA
1994 NA
1994 NA
1994 NA
1994 NA
1994 NA
1994 NA
1994 NA
1994 NA
1994 NA
1994 NA
1994 NA
1994 NA
1994 NA
1994 NA
1994 NA
1994 NA
1994 NA
1994 NA
1994 NA
1994 NA
1994 NA
1994 NA
1994 NA
1994 NA
1994 NA
1994 NA
1994 NA
1994 NA
1994 NA
1994 NA
1994 NA
1994 NA
1994 NA
1994 NA
1994 NA
1994 NA
1994 NA
1994 NA
1994 NA
1994 NA
1994 NA
1994 NA
1994 NA
1994 NA
1994 NA
1994 NA
1994 NA
1994 NA
1994 NA
1994 NA
1994 NA
1994 NA
1994 NA
1994 NA
1994 NA
1994 NA
1994 NA
1994 NA
1994 NA
1994 NA
1994 NA
1994 NA
1994 NA
1994 NA
1994 NA
1994 NA
1994 NA
1994 NA
1994 NA
1994 NA
1994 NA
1994 NA
1994 NA
1994 NA
1994 NA
1994 NA
1994 NA
1994 NA
1994 NA
1994 NA
1994 NA
1994 NA
1994 NA
1994 20
1994 20
1994 30
1994 30
1994 30
1994 30
1994 20
1994 20
1994 30
1994 20
1994 20
1994 NA
1994 NA
1994 NA
1994 40
1994 40
1994 40
1994 30
1994 50
1994 50
1994 40
1994 60
1994 60
1994 100
1994 110
1994 130
1994 110
1994 110
1994 120
1994 120
1994 110
1994 110
1994 110
1994 100
1994 100
1994 100
1994 100
1994 100
1994 100
1994 100
1994 100
1994 90
1994 80
1994 80
1994 80
1994 80
1994 80
1994 80
1994 70
1994 80
1994 70
1994 70
1994 60
1994 90
1994 100
1994 110
1994 110
1994 110
1994 110
1994 100
1994 100
1994 100
1994 90
1994 90
1994 100
1994 100
1994 100
1994 100
1994 90
1994 100
1994 100
1994 100
1994 90
1994 90
1994 90
1994 90
1994 100
1994 110
1994 100
1994 90
1994 100
1994 100
1994 90
1994 90
1994 80
1994 80
1994 70
1994 70
1994 70
1994 60
1994 50
1994 50
1994 40
1994 50
1994 50
1994 50
1994 40
1994 40
1994 40
1994 40
1994 30
1994 20
1994 20
1994 20
1994 NA
1994 NA
1994 NA
1994 NA
1994 NA
1994 NA
1994 NA
1994 NA
1994 NA
1994 NA
1994 NA
1994 NA
1994 NA
1994 NA
1994 NA
1994 NA
1994 NA
1994 NA
1994 NA
1994 NA
1994 NA
1994 NA
1994 NA
1994 NA
1994 NA
1994 NA
1994 NA
1994 NA
1994 NA
1994 NA
1994 NA
1994 NA
1994 NA
1994 NA
1994 NA
1994 NA
1994 NA
1994 NA
1994 NA
1994 NA
1994 NA
1994 NA
1994 NA
1994 NA
1994 NA
1994 NA
1994 NA
1994 NA
1994 NA
1994 NA
1994 NA
1994 NA
1994 NA
1994 NA
1994 NA
1994 NA
1994 NA
1994 NA
1994 NA
1994 NA
1994 NA
1994 NA
1994 NA
1994 NA
1994 NA
1994 NA
1994 NA
1994 NA
1994 NA
1994 NA
1994 NA
1994 NA
1994 NA
1994 NA
1994 NA
1994 NA
1994 NA
1994 NA
1994 NA
1994 NA
1994 NA
1994 NA
1994 NA
1994 NA
1994 NA
1994 NA
1994 NA
1994 NA
1994 NA
1994 NA
1994 NA
1994 NA
1994 NA
1994 NA
1994 NA
1994 NA
1994 NA
1994 NA
1994 NA
1994 NA
1994 NA
1994 NA
1994 NA
1994 NA
1994 NA
1994 NA
1994 NA
1994 NA
1994 NA
1994 NA
1994 NA
1994 NA
1994 NA
1994 NA
1994 NA
1994 NA
1994 NA
1994 NA
1994 NA
1994 NA
1994 NA
1994 NA
1994 NA
1994 NA
1994 NA
1994 NA
1994 NA
1994 NA
1994 NA
1994 NA
1994 NA
1994 NA
1994 NA
1994 NA
1994 NA
1994 NA
1994 NA
1994 NA
1994 NA
1994 NA
1994 NA
1994 NA
1994 NA
1994 NA
1994 NA
1994 NA
1994 NA
1994 NA
1994 NA
1994 NA
1994 NA
1994 NA
1994 NA
1994 NA
1994 NA
1994 NA
1994 NA
1995 NA
1995 NA
1995 NA
1995 NA
1995 NA
1995 NA
1995 NA
1995 NA
1995 NA
1995 NA
1995 NA
1995 NA
1995 NA
1995 NA
1995 NA
1995 NA
1995 NA
1995 NA
1995 NA
1995 NA
1995 NA
1995 NA
1995 NA
1995 NA
1995 NA
1995 NA
1995 NA
1995 NA
1995 NA
1995 NA
1995 NA
1995 NA
1995 NA
1995 NA
1995 NA
1995 NA
1995 NA
1995 NA
1995 NA
1995 NA
1995 NA
1995 NA
1995 NA
1995 NA
1995 NA
1995 NA
1995 NA
1995 NA
1995 NA
1995 NA
1995 NA
1995 NA
1995 NA
1995 NA
1995 NA
1995 NA
1995 NA
1995 NA
1995 NA
1995 NA
1995 NA
1995 NA
1995 NA
1995 NA
1995 60
1995 60
1995 70
1995 140
1995 90
1995 30
1995 250
1995 200
1995 270
1995 220
1995 110
1995 180
1995 180
1995 160
1995 170
1995 110
1995 50
1995 10
1995 40
1995 0
1995 0
1995 20
1995 40
1995 0
1995 20
1995 10
1995 20
1995 20
1995 NA
1995 NA
1995 NA
1995 NA
1995 NA
1995 NA
1995 NA
1995 NA
1995 NA
1995 NA
1995 NA
1995 NA
1995 NA
1995 NA
1995 NA
1995 NA
1995 NA
1995 NA
1995 NA
1995 NA
1995 NA
1995 NA
1995 NA
1995 NA
1995 NA
1995 NA
1995 NA
1995 NA
1995 NA
1995 NA
1995 NA
1995 NA
1995 NA
1995 NA
1995 NA
1995 NA
1995 NA
1995 NA
1995 NA
1995 NA
1995 NA
1995 NA
1995 NA
1995 NA
1995 NA
1995 NA
1995 NA
1995 NA
1995 NA
1995 NA
1995 NA
1995 NA
1995 NA
1995 NA
1995 NA
1995 NA
1995 NA
1995 NA
1995 NA
1995 NA
1995 NA
1995 NA
1995 NA
1995 NA
1995 NA
1995 NA
1995 NA
1995 NA
1995 NA
1995 NA
1995 NA
1995 NA
1995 NA
1995 NA
1995 NA
1995 NA
1995 NA
1995 NA
1995 NA
1995 NA
1995 NA
1995 NA
1995 NA
1995 NA
1995 NA
1995 NA
1995 NA
1995 NA
1995 NA
1995 NA
1995 NA
1995 NA
1995 NA
1995 NA
1995 NA
1995 NA
1995 NA
1995 NA
1995 NA
1995 NA
1995 NA
1995 NA
1995 NA
1995 NA
1995 NA
1995 NA
1995 NA
1995 NA
1995 NA
1995 NA
1995 NA
1995 NA
1995 NA
1995 NA
1995 NA
1995 NA
1995 NA
1995 NA
1995 NA
1995 NA
1995 NA
1995 NA
1995 NA
1995 NA
1995 NA
1995 NA
1995 NA
1995 NA
1995 NA
1995 NA
1995 NA
1995 NA
1995 NA
1995 NA
1995 NA
1995 NA
1995 NA
1995 NA
1995 NA
1995 NA
1995 NA
1995 NA
1995 NA
1995 NA
1995 NA
1995 NA
1995 NA
1995 NA
1995 NA
1995 NA
1995 NA
1995 NA
1995 NA
1995 NA
1995 NA
1995 NA
1995 NA
1995 NA
1995 NA
1995 NA
1995 NA
1995 NA
1995 NA
1995 NA
1995 NA
1995 NA
1995 NA
1995 NA
1995 NA
1995 NA
1995 NA
1995 NA
1995 NA
1995 NA
1995 NA
1995 NA
1995 NA
1995 NA
1995 NA
1995 NA
1995 NA
1995 NA
1995 NA
1995 NA
1995 NA
1995 NA
1995 NA
1995 NA
1995 NA
1995 NA
1995 NA
1995 NA
1995 NA
1995 NA
1995 NA
1995 NA
1995 NA
1995 NA
1995 NA
1995 NA
1995 NA
1995 NA
1995 NA
1995 NA
1995 NA
1995 NA
1995 NA
1995 NA
1995 NA
1995 NA
1995 NA
1995 NA
1995 NA
1995 NA
1995 NA
1995 NA
1995 NA
1995 NA
1995 NA
1995 NA
1995 NA
1995 NA
1995 NA
1995 NA
1995 NA
1995 NA
1995 NA
1995 NA
1995 NA
1995 NA
1995 NA
1995 NA
1995 NA
1995 NA
1995 NA
1995 NA
1995 NA
1995 NA
1995 NA
1995 NA
1995 NA
1995 NA
1995 NA
1995 NA
1995 NA
1995 NA
1995 NA
1995 NA
1995 NA
1995 NA
1995 NA
1995 NA
1995 NA
1995 NA
1995 NA
1995 NA
1995 NA
1995 NA
1995 NA
1995 NA
1995 NA
1995 NA
1995 NA
1995 NA
1995 NA
1995 NA
1995 NA
1995 NA
1995 NA
1995 NA
1995 NA
1995 NA
1995 NA
1997 NA
1997 NA
1997 NA
1997 NA
1997 NA
1997 NA
1997 NA
1997 NA
1997 NA
1997 NA
1997 NA
1997 NA
1997 NA
1997 NA
1997 NA
1997 NA
1997 NA
1997 NA
1997 NA
1997 NA
1997 NA
1997 NA
1997 NA
1997 NA
1997 NA
1997 NA
1997 NA
1997 NA
1997 NA
1997 NA
1997 NA
1997 NA
1997 NA
1997 NA
1997 NA
1997 NA
1997 NA
1997 NA
1997 NA
1997 NA
1997 NA
1997 NA
1997 NA
1997 NA
1997 NA
1997 NA
1997 NA
1997 NA
1997 NA
1997 NA
1997 NA
1997 NA
1997 NA
1997 NA
1997 NA
1997 NA
1997 NA
1997 NA
1997 NA
1997 NA
1997 NA
1997 NA
1997 NA
1997 NA
1997 NA
1997 0
1997 0
1997 40
1997 30
1997 30
1997 10
1997 40
1997 10
1997 60
1997 80
1997 40
1997 30
1997 30
1997 60
1997 50
1997 70
1997 80
1997 70
1997 70
1997 70
1997 70
1997 70
1997 70
1997 70
1997 60
1997 70
1997 70
1997 60
1997 60
1997 60
1997 60
1997 60
1997 60
1997 60
1997 60
1997 60
1997 60
1997 60
1997 80
1997 80
1997 70
1997 70
1997 70
1997 70
1997 70
1997 80
1997 80
1997 80
1997 90
1997 90
1997 90
1997 80
1997 80
1997 90
1997 90
1997 90
1997 90
1997 110
1997 130
1997 120
1997 150
1997 140
1997 130
1997 140
1997 130
1997 130
1997 130
1997 130
1997 120
1997 120
1997 120
1997 120
1997 110
1997 110
1997 110
1997 120
1997 130
1997 130
1997 130
1997 120
1997 120
1997 120
1997 120
1997 120
1997 120
1997 120
1997 110
1997 110
1997 110
1997 110
1997 110
1997 110
1997 110
1997 110
1997 110
1997 110
1997 110
1997 110
1997 100
1997 100
1997 100
1997 100
1997 100
1997 100
1997 100
1997 100
1997 100
1997 100
1997 90
1997 100
1997 90
1997 90
1997 90
1997 90
1997 90
1997 90
1997 90
1997 90
1997 80
1997 80
1997 80
1997 80
1997 80
1997 80
1997 80
1997 60
1997 60
1997 60
1997 60
1997 60
1997 60
1997 50
1997 50
1997 50
1997 50
1997 50
1997 40
1997 50
1997 40
1997 40
1997 40
1997 40
1997 30
1997 30
1997 30
1997 20
1997 20
1997 20
1997 10
1997 NA
1997 NA
1997 NA
1997 NA
1997 NA
1997 NA
1997 NA
1997 NA
1997 NA
1997 NA
1997 NA
1997 NA
1997 NA
1997 NA
1997 NA
1997 NA
1997 NA
1997 NA
1997 NA
1997 NA
1997 NA
1997 NA
1997 NA
1997 NA
1997 NA
1997 NA
1997 NA
1997 NA
1997 NA
1997 NA
1997 NA
1997 NA
1997 NA
1997 NA
1997 NA
1997 NA
1997 NA
1997 NA
1997 NA
1997 NA
1997 NA
1997 NA
1997 NA
1997 NA
1997 NA
1997 NA
1997 NA
1997 NA
1997 NA
1997 NA
1997 NA
1997 NA
1997 NA
1997 NA
1997 NA
1997 NA
1997 NA
1997 NA
1997 NA
1997 NA
1997 NA
1997 NA
1997 NA
1997 NA
1997 NA
1997 NA
1997 NA
1997 NA
1997 NA
1997 NA
1997 NA
1997 NA
1997 NA
1997 NA
1997 NA
1997 NA
1997 NA
1997 NA
1997 NA
1997 NA
1997 NA
1997 NA
1997 NA
1997 NA
1997 NA
1997 NA
1997 NA
1997 NA
1997 NA
1997 NA
1997 NA
1997 NA
1997 NA
1997 NA
1997 NA
1997 NA
1997 NA
1997 NA
1997 NA
1997 NA
1997 NA
1997 NA
1997 NA
1997 NA
1997 NA
1997 NA
1997 NA
1997 NA
1997 NA
1997 NA
1997 NA
1997 NA
1997 NA
1997 NA
1997 NA
1997 NA
1997 NA
1997 NA
1997 NA
1997 NA
1997 NA
1997 NA
1997 NA
1997 NA
1997 NA
1997 NA
1997 NA
1997 NA
1997 NA
1997 NA
1997 NA
1997 NA
1997 NA
1997 NA
1997 NA
1997 NA
1997 NA
1997 NA
1997 NA
1997 NA
1997 NA
1997 NA
1997 NA
1997 NA
1997 NA
1997 NA
1997 NA
1997 NA
1997 NA
1997 NA
1997 NA
1998 NA
1998 NA
1998 NA
1998 NA
1998 NA
1998 NA
1998 NA
1998 NA
1998 NA
1998 NA
1998 NA
1998 NA
1998 NA
1998 NA
1998 NA
1998 NA
1998 NA
1998 NA
1998 NA
1998 NA
1998 NA
1998 NA
1998 NA
1998 NA
1998 NA
1998 NA
1998 NA
1998 NA
1998 NA
1998 NA
1998 NA
1998 NA
1998 NA
1998 NA
1998 NA
1998 NA
1998 NA
1998 NA
1998 NA
1998 NA
1998 NA
1998 NA
1998 NA
1998 NA
1998 NA
1998 NA
1998 NA
1998 NA
1998 NA
1998 NA
1998 NA
1998 NA
1998 NA
1998 NA
1998 NA
1998 NA
1998 NA
1998 NA
1998 NA
1998 NA
1998 NA
1998 NA
1998 NA
1998 NA
1998 NA
1998 NA
1998 NA
1998 NA
1998 NA
1998 NA
1998 NA
1998 20
1998 60
1998 50
1998 50
1998 40
1998 40
1998 40
1998 40
1998 40
1998 30
1998 30
1998 30
1998 30
1998 30
1998 30
1998 20
1998 30
1998 30
1998 30
1998 30
1998 30
1998 40
1998 80
1998 70
1998 60
1998 60
1998 50
1998 50
1998 50
1998 50
1998 50
1998 50
1998 50
1998 50
1998 50
1998 50
1998 60
1998 60
1998 80
1998 110
1998 110
1998 110
1998 100
1998 100
1998 90
1998 110
1998 100
1998 100
1998 100
1998 100
1998 100
1998 NA
1998 NA
1998 NA
1998 NA
1998 NA
1998 NA
1998 NA
1998 NA
1998 NA
1998 NA
1998 NA
1998 NA
1998 NA
1998 NA
1998 NA
1998 NA
1998 NA
1998 NA
1998 NA
1998 NA
1998 NA
1998 NA
1998 NA
1998 NA
1998 NA
1998 NA
1998 NA
1998 NA
1998 NA
1998 NA
1998 NA
1998 NA
1998 NA
1998 NA
1998 NA
1998 NA
1998 NA
1998 NA
1998 NA
1998 NA
1998 NA
1998 NA
1998 NA
1998 NA
1998 NA
1998 NA
1998 NA
1998 NA
1998 NA
1998 NA
1998 NA
1998 NA
1998 NA
1998 NA
1998 NA
1998 NA
1998 NA
1998 NA
1998 NA
1998 NA
1998 NA
1998 NA
1998 NA
1998 NA
1998 NA
1998 NA
1998 NA
1998 NA
1998 NA
1998 NA
1998 NA
1998 NA
1998 NA
1998 NA
1998 NA
1998 NA
1998 NA
1998 NA
1998 NA
1998 NA
1998 NA
1998 NA
1998 NA
1998 NA
1998 NA
1998 NA
1998 NA
1998 NA
1998 NA
1998 NA
1998 NA
1998 NA
1998 NA
1998 NA
1998 NA
1998 NA
1998 NA
1998 NA
1998 NA
1998 NA
1998 NA
1998 NA
1998 NA
1998 NA
1998 NA
1998 NA
1998 NA
1998 NA
1998 NA
1998 NA
1998 NA
1998 NA
1998 NA
1998 NA
1998 NA
1998 NA
1998 NA
1998 NA
1998 NA
1998 NA
1998 NA
1998 NA
1998 NA
1998 NA
1998 NA
1998 NA
1998 NA
1998 NA
1998 NA
1998 NA
1998 NA
1998 NA
1998 NA
1998 NA
1998 NA
1998 NA
1998 NA
1998 NA
1998 NA
1998 NA
1998 NA
1998 NA
1998 NA
1998 NA
1998 NA
1998 NA
1998 NA
1998 NA
1998 NA
1998 NA
1998 NA
1998 NA
1998 NA
1998 NA
1998 NA
1998 0
1998 0
1998 NA
1998 NA
1998 0
1998 NA
1998 NA
1998 NA
1998 NA
1998 NA
1998 NA
1998 NA
1998 NA
1998 0
1998 0
1998 0
1998 NA
1998 NA
1998 NA
1998 NA
1998 NA
1998 NA
1998 NA
1998 NA
1998 NA
1998 0
1998 NA
1998 NA
1998 NA
1998 NA
1998 NA
1998 NA
1998 0
1998 NA
1998 NA
1998 NA
1998 NA
1998 NA
1998 NA
1998 NA
1998 NA
1998 NA
1998 NA
1998 NA
1998 NA
1998 NA
1998 NA
1998 0
1998 NA
1998 NA
1998 NA
1998 NA
1998 NA
1998 NA
1998 NA
1998 NA
1998 NA
1998 NA
1998 NA
1998 NA
1998 NA
1998 NA
1998 NA
1998 NA
1998 NA
1998 NA
1998 NA
1998 NA
1998 NA
1998 NA
1998 NA
1998 NA
1998 NA
1998 NA
1998 NA
1998 NA
1998 NA
1998 NA
1998 NA
1998 NA
1998 NA
1998 NA
1998 NA
1998 NA
1998 NA
1998 NA
1998 NA
1998 NA
1999 NA
1999 NA
1999 NA
1999 NA
1999 NA
1999 NA
1999 NA
1999 NA
1999 NA
1999 NA
1999 NA
1999 NA
1999 NA
1999 NA
1999 NA
1999 NA
1999 NA
1999 NA
1999 NA
1999 NA
1999 NA
1999 NA
1999 NA
1999 NA
1999 NA
1999 NA
1999 NA
1999 NA
1999 NA
1999 NA
1999 NA
1999 NA
1999 NA
1999 NA
1999 NA
1999 NA
1999 NA
1999 NA
1999 NA
1999 NA
1999 NA
1999 NA
1999 NA
1999 NA
1999 NA
1999 NA
1999 NA
1999 NA
1999 NA
1999 NA
1999 NA
1999 NA
1999 NA
1999 NA
1999 NA
1999 NA
1999 NA
1999 NA
1999 NA
1999 NA
1999 NA
1999 NA
1999 NA
1999 NA
1999 NA
1999 NA
1999 NA
1999 NA
1999 NA
1999 NA
1999 NA
1999 NA
1999 NA
1999 NA
1999 NA
1999 NA
1999 NA
1999 NA
1999 NA
1999 NA
1999 NA
1999 NA
1999 NA
1999 NA
1999 NA
1999 NA
1999 NA
1999 NA
1999 NA
1999 NA
1999 NA
1999 NA
1999 NA
1999 NA
1999 NA
1999 NA
1999 NA
1999 NA
1999 NA
1999 NA
1999 NA
1999 NA
1999 NA
1999 NA
1999 NA
1999 NA
1999 NA
1999 NA
1999 NA
1999 NA
1999 NA
1999 NA
1999 NA
1999 NA
1999 NA
1999 NA
1999 NA
1999 NA
1999 NA
1999 NA
1999 NA
1999 NA
1999 NA
1999 NA
1999 NA
1999 NA
1999 NA
1999 NA
1999 NA
1999 NA
1999 NA
1999 NA
1999 NA
1999 NA
1999 NA
1999 0
1999 NA
1999 NA
1999 NA
1999 NA
1999 NA
1999 NA
1999 NA
1999 NA
1999 NA
1999 NA
1999 NA
1999 NA
1999 NA
1999 NA
1999 NA
1999 NA
1999 NA
1999 NA
1999 NA
1999 NA
1999 NA
1999 NA
1999 NA
1999 NA
1999 NA
1999 NA
1999 NA
1999 NA
1999 NA
1999 NA
1999 NA
1999 NA
1999 NA
1999 70
1999 60
1999 60
1999 60
1999 60
1999 50
1999 70
1999 60
1999 60
1999 60
1999 50
1999 60
1999 60
1999 60
1999 60
1999 110
1999 110
1999 110
1999 110
1999 100
1999 100
1999 100
1999 90
1999 90
1999 80
1999 80
1999 80
1999 70
1999 70
1999 70
1999 70
1999 70
1999 70
1999 70
1999 70
1999 70
1999 70
1999 80
1999 100
1999 90
1999 80
1999 80
1999 80
1999 70
1999 70
1999 60
1999 60
1999 60
1999 60
1999 60
1999 60
1999 50
1999 50
1999 40
1999 50
1999 40
1999 40
1999 80
1999 100
1999 80
1999 80
1999 70
1999 70
1999 70
1999 70
1999 60
1999 50
1999 50
1999 50
1999 40
1999 30
1999 30
1999 10
1999 NA
1999 NA
1999 NA
1999 NA
1999 NA
1999 NA
1999 NA
1999 NA
1999 NA
1999 NA
1999 NA
1999 NA
1999 NA
1999 NA
1999 NA
1999 NA
1999 NA
1999 NA
1999 NA
1999 NA
1999 210
1999 300
1999 NA
1999 NA
1999 NA
1999 NA
1999 NA
1999 NA
1999 NA
1999 NA
1999 NA
1999 NA
1999 NA
1999 NA
1999 NA
1999 NA
1999 NA
1999 NA
1999 NA
1999 NA
1999 NA
1999 NA
1999 NA
1999 NA
1999 NA
1999 NA
1999 NA
1999 NA
1999 NA
1999 NA
1999 NA
1999 NA
1999 NA
1999 NA
1999 NA
1999 NA
1999 NA
1999 NA
1999 NA
1999 240
1999 NA
1999 NA
1999 NA
1999 NA
1999 NA
1999 NA
1999 NA
1999 NA
1999 NA
1999 310
1999 NA
1999 NA
1999 NA
1999 NA
1999 NA
1999 NA
1999 NA
1999 NA
1999 NA
1999 NA
1999 NA
1999 NA
1999 NA
1999 NA
1999 NA
1999 NA
1999 NA
1999 NA
1999 NA
1999 NA
1999 NA
1999 NA
1999 NA
1999 NA
1999 NA
1999 NA
1999 NA
1999 NA
1999 NA
1999 NA
1999 NA
1999 NA
1999 NA
1999 NA
1999 NA
1999 NA
1999 NA
1999 NA
1999 NA
1999 NA
1999 NA
1999 NA
1999 NA
1999 NA
1999 NA
1999 NA
1999 NA
1999 NA
1999 NA
1999 NA
1999 NA
1999 NA
1999 NA
2000 NA
2000 NA
2000 NA
2000 NA
2000 NA
2000 NA
2000 NA
2000 NA
2000 NA
2000 NA
2000 NA
2000 NA
2000 NA
2000 NA
2000 NA
2000 NA
2000 NA
2000 NA
2000 NA
2000 NA
2000 NA
2000 NA
2000 NA
2000 NA
2000 NA
2000 NA
2000 NA
2000 NA
2000 NA
2000 NA
2000 NA
2000 NA
2000 NA
2000 NA
2000 NA
2000 NA
2000 NA
2000 NA
2000 NA
2000 NA
2000 NA
2000 NA
2000 NA
2000 NA
2000 NA
2000 NA
2000 NA
2000 NA
2000 NA
2000 NA
2000 NA
2000 NA
2000 NA
2000 NA
2000 NA
2000 NA
2000 NA
2000 NA
2000 NA
2000 NA
2000 NA
2000 NA
2000 NA
2000 0
2000 0
2000 0
2000 20
2000 30
2000 30
2000 20
2000 20
2000 30
2000 20
2000 20
2000 20
2000 20
2000 20
2000 30
2000 30
2000 30
2000 30
2000 30
2000 40
2000 40
2000 30
2000 30
2000 30
2000 30
2000 30
2000 30
2000 30
2000 30
2000 30
2000 30
2000 30
2000 30
2000 30
2000 30
2000 30
2000 40
2000 60
2000 50
2000 60
2000 50
2000 50
2000 60
2000 50
2000 50
2000 50
2000 50
2000 40
2000 40
2000 40
2000 40
2000 40
2000 50
2000 70
2000 70
2000 70
2000 60
2000 60
2000 60
2000 60
2000 60
2000 60
2000 60
2000 60
2000 60
2000 60
2000 60
2000 50
2000 50
2000 50
2000 50
2000 50
2000 50
2000 50
2000 50
2000 50
2000 50
2000 50
2000 50
2000 50
2000 60
2000 60
2000 60
2000 60
2000 60
2000 50
2000 50
2000 50
2000 60
2000 50
2000 50
2000 50
2000 50
2000 50
2000 50
2000 50
2000 50
2000 50
2000 50
2000 50
2000 50
2000 50
2000 50
2000 50
2000 50
2000 50
2000 50
2000 50
2000 50
2000 50
2000 50
2000 50
2000 50
2000 50
2000 50
2000 40
2000 40
2000 40
2000 50
2000 70
2000 60
2000 60
2000 50
2000 50
2000 50
2000 50
2000 50
2000 40
2000 30
2000 20
2000 20
2000 20
2000 NA
2000 NA
2000 NA
2000 NA
2000 NA
2000 NA
2000 NA
2000 NA
2000 NA
2000 NA
2000 NA
2000 NA
2000 20
2000 50
2000 50
2000 90
2000 80
2000 70
2000 60
2000 60
2000 70
2000 60
2000 70
2000 50
2000 60
2000 50
2000 50
2000 40
2000 40
2000 40
2000 50
2000 40
2000 50
2000 40
2000 50
2000 50
2000 40
2000 30
2000 30
2000 10
2000 10
2000 NA
2000 NA
2000 NA
2000 NA
2000 NA
2000 NA
2000 NA
2000 NA
2000 NA
2000 NA
2000 NA
2000 NA
2000 NA
2000 NA
2000 NA
2000 NA
2000 NA
2000 NA
2000 NA
2000 NA
2000 NA
2000 NA
2000 NA
2000 NA
2000 NA
2000 NA
2000 NA
2000 NA
2000 NA
2000 NA
2000 NA
2000 NA
2000 NA
2000 NA
2000 NA
2000 NA
2000 NA
2000 NA
2000 NA
2000 NA
2000 NA
2000 NA
2000 NA
2000 NA
2000 NA
2000 NA
2000 NA
2000 NA
2000 NA
2000 NA
2000 NA
2000 NA
2000 NA
2000 NA
2000 NA
2000 NA
2000 NA
2000 NA
2000 NA
2000 NA
2000 NA
2000 NA
2000 NA
2000 NA
2000 NA
2000 NA
2000 NA
2000 NA
2000 NA
2000 NA
2000 NA
2000 NA
2000 NA
2000 NA
2000 NA
2000 NA
2000 NA
2000 NA
2000 NA
2000 NA
2000 NA
2000 NA
2000 NA
2000 NA
2000 NA
2000 NA
2000 NA
2000 NA
2000 NA
2000 NA
2000 NA
2000 NA
2000 NA
2000 NA
2000 NA
2000 NA
2000 NA
2000 NA
2000 NA
2000 NA
2000 NA
2000 NA
2000 NA
2000 NA
2000 NA
2000 NA
2000 NA
2000 NA
2000 NA
2000 NA
2000 NA
2000 NA
2000 NA
2000 NA
2000 NA
2000 NA
2000 NA
2000 NA
2000 NA
2000 NA
2000 NA
2000 NA
2000 NA
2000 NA
2000 NA
2000 NA
2000 NA
2000 NA
2000 NA
2000 NA
2001 NA
2001 NA
2001 NA
2001 NA
2001 NA
2001 NA
2001 NA
2001 NA
2001 NA
2001 NA
2001 NA
2001 NA
2001 NA
2001 NA
2001 NA
2001 NA
2001 NA
2001 NA
2001 NA
2001 NA
2001 NA
2001 NA
2001 NA
2001 NA
2001 NA
2001 NA
2001 NA
2001 NA
2001 NA
2001 NA
2001 NA
2001 NA
2001 NA
2001 NA
2001 NA
2001 NA
2001 NA
2001 NA
2001 NA
2001 NA
2001 NA
2001 NA
2001 NA
2001 NA
2001 NA
2001 NA
2001 NA
2001 NA
2001 NA
2001 NA
2001 NA
2001 NA
2001 NA
2001 NA
2001 NA
2001 NA
2001 NA
2001 NA
2001 NA
2001 NA
2001 NA
2001 NA
2001 20
2001 30
2001 30
2001 30
2001 70
2001 80
2001 80
2001 80
2001 70
2001 60
2001 60
2001 50
2001 40
2001 50
2001 50
2001 90
2001 110
2001 100
2001 90
2001 110
2001 110
2001 100
2001 110
2001 130
2001 110
2001 110
2001 120
2001 110
2001 110
2001 110
2001 110
2001 100
2001 100
2001 90
2001 90
2001 100
2001 80
2001 90
2001 90
2001 80
2001 80
2001 80
2001 80
2001 90
2001 90
2001 90
2001 90
2001 90
2001 90
2001 90
2001 90
2001 90
2001 90
2001 110
2001 120
2001 120
2001 110
2001 130
2001 120
2001 120
2001 110
2001 120
2001 130
2001 NA
2001 NA
2001 NA
2001 NA
2001 NA
2001 NA
2001 130
2001 130
2001 120
2001 130
2001 130
2001 130
2001 120
2001 130
2001 130
2001 130
2001 130
2001 130
2001 130
2001 140
2001 150
2001 150
2001 160
2001 160
2001 160
2001 160
2001 150
2001 150
2001 150
2001 150
2001 150
2001 150
2001 150
2001 150
2001 150
2001 170
2001 160
2001 160
2001 160
2001 150
2001 150
2001 150
2001 150
2001 150
2001 150
2001 150
2001 150
2001 150
2001 150
2001 140
2001 140
2001 140
2001 140
2001 140
2001 140
2001 150
2001 150
2001 160
2001 170
2001 180
2001 170
2001 160
2001 170
2001 180
2001 180
2001 180
2001 180
2001 170
2001 180
2001 NA
2001 NA
2001 NA
2001 NA
2001 NA
2001 NA
2001 NA
2001 NA
2001 NA
2001 NA
2001 NA
2001 NA
2001 NA
2001 NA
2001 NA
2001 NA
2001 NA
2001 NA
2001 NA
2001 NA
2001 NA
2001 NA
2001 NA
2001 150
2001 160
2001 NA
2001 NA
2001 NA
2001 NA
2001 150
2001 140
2001 150
2001 150
2001 140
2001 NA
2001 NA
2001 NA
2001 NA
2001 NA
2001 NA
2001 160
2001 150
2001 150
2001 140
2001 130
2001 130
2001 120
2001 110
2001 110
2001 110
2001 90
2001 100
2001 100
2001 80
2001 NA
2001 NA
2001 NA
2001 NA
2001 NA
2001 NA
2001 NA
2001 NA
2001 NA
2001 NA
2001 NA
2001 NA
2001 NA
2001 NA
2001 NA
2001 NA
2001 NA
2001 NA
2001 NA
2001 NA
2001 NA
2001 NA
2001 NA
2001 NA
2001 NA
2001 NA
2001 NA
2001 NA
2001 NA
2001 NA
2001 NA
2001 NA
2001 NA
2001 NA
2001 NA
2001 NA
2001 NA
2001 NA
2001 NA
2001 NA
2001 NA
2001 NA
2001 NA
2001 NA
2001 NA
2001 NA
2001 NA
2001 NA
2001 NA
2001 NA
2001 NA
2001 NA
2001 NA
2001 NA
2001 NA
2001 NA
2001 NA
2001 NA
2001 NA
2001 NA
2001 NA
2001 NA
2001 NA
2001 NA
2001 NA
2001 NA
2001 NA
2001 0
2001 NA
2001 NA
2001 NA
2001 NA
2001 NA
2001 NA
2001 NA
2001 NA
2001 NA
2001 NA
2001 NA
2001 NA
2001 NA
2001 NA
2001 NA
2001 NA
2001 NA
2001 NA
2001 NA
2001 NA
2001 NA
2001 NA
2001 NA
2001 NA
2001 NA
2001 NA
2001 NA
2001 NA
2001 NA
2001 NA
2001 NA
2001 NA
2001 NA
2001 NA
2001 NA
2001 NA
2001 NA
2001 NA
2001 NA
2001 NA
2001 NA
2001 NA
2001 NA
2001 NA
2001 NA
2001 NA
2001 NA
2001 NA
2001 NA
2002 NA
2002 0
2002 NA
2002 NA
2002 NA
2002 NA
2002 NA
2002 NA
2002 NA
2002 NA
2002 NA
2002 NA
2002 NA
2002 NA
2002 NA
2002 NA
2002 NA
2002 NA
2002 0
2002 NA
2002 NA
2002 NA
2002 NA
2002 NA
2002 NA
2002 NA
2002 NA
2002 NA
2002 NA
2002 NA
2002 NA
2002 NA
2002 NA
2002 NA
2002 NA
2002 NA
2002 NA
2002 NA
2002 NA
2002 NA
2002 NA
2002 NA
2002 NA
2002 NA
2002 NA
2002 NA
2002 NA
2002 NA
2002 NA
2002 NA
2002 NA
2002 NA
2002 NA
2002 NA
2002 NA
2002 NA
2002 NA
2002 NA
2002 NA
2002 NA
2002 NA
2002 NA
2002 NA
2002 NA
2002 NA
2002 NA
2002 NA
2002 NA
2002 NA
2002 NA
2002 NA
2002 NA
2002 NA
2002 NA
2002 NA
2002 NA
2002 NA
2002 NA
2002 NA
2002 NA
2002 NA
2002 NA
2002 NA
2002 NA
2002 NA
2002 NA
2002 NA
2002 NA
2002 NA
2002 NA
2002 NA
2002 NA
2002 NA
2002 NA
2002 NA
2002 NA
2002 NA
2002 NA
2002 NA
2002 NA
2002 NA
2002 NA
2002 NA
2002 NA
2002 NA
2002 NA
2002 NA
2002 NA
2002 NA
2002 NA
2002 NA
2002 NA
2002 NA
2002 NA
2002 NA
2002 NA
2002 NA
2002 NA
2002 NA
2002 NA
2002 NA
2002 NA
2002 NA
2002 NA
2002 NA
2002 NA
2002 NA
2002 NA
2002 NA
2002 NA
2002 NA
2002 NA
2002 NA
2002 NA
2002 NA
2002 NA
2002 NA
2002 NA
2002 NA
2002 NA
2002 NA
2002 NA
2002 0
2002 0
2002 NA
2002 NA
2002 NA
2002 NA
2002 NA
2002 NA
2002 NA
2002 NA
2002 NA
2002 NA
2002 NA
2002 NA
2002 NA
2002 NA
2002 40
2002 60
2002 50
2002 40
2002 40
2002 40
2002 40
2002 30
2002 30
2002 70
2002 90
2002 90
2002 80
2002 80
2002 70
2002 70
2002 60
2002 60
2002 60
2002 60
2002 60
2002 60
2002 60
2002 60
2002 80
2002 80
2002 80
2002 70
2002 70
2002 70
2002 60
2002 60
2002 60
2002 50
2002 50
2002 50
2002 50
2002 50
2002 40
2002 40
2002 40
2002 40
2002 30
2002 20
2002 30
2002 30
2002 30
2002 30
2002 30
2002 30
2002 30
2002 20
2002 20
2002 20
2002 10
2002 10
2002 10
2002 NA
2002 NA
2002 NA
2002 NA
2002 NA
2002 NA
2002 NA
2002 NA
2002 NA
2002 NA
2002 NA
2002 NA
2002 40
2002 30
2002 30
2002 20
2002 30
2002 30
2002 20
2002 20
2002 10
2002 10
2002 10
2002 10
2002 10
2002 10
2002 10
2002 10
2002 10
2002 20
2002 40
2002 40
2002 30
2002 20
2002 20
2002 10
2002 NA
2002 NA
2002 NA
2002 NA
2002 NA
2002 NA
2002 NA
2002 NA
2002 NA
2002 NA
2002 NA
2002 NA
2002 NA
2002 NA
2002 NA
2002 NA
2002 NA
2002 NA
2002 NA
2002 NA
2002 NA
2002 NA
2002 NA
2002 NA
2002 NA
2002 NA
2002 NA
2002 NA
2002 NA
2002 NA
2002 NA
2002 NA
2002 NA
2002 NA
2002 NA
2002 NA
2002 NA
2002 NA
2002 NA
2002 NA
2002 NA
2002 NA
2002 NA
2002 NA
2002 NA
2002 NA
2002 NA
2002 NA
2002 NA
2002 NA
2002 NA
2002 NA
2002 NA
2002 NA
2002 NA
2002 NA
2002 NA
2002 NA
2002 NA
2002 NA
2002 NA
2002 NA
2002 NA
2002 NA
2002 NA
2002 NA
2002 NA
2002 NA
2002 NA
2002 NA
2002 NA
2002 NA
2002 NA
2002 NA
2002 NA
2002 NA
2002 NA
2002 NA
2002 NA
2002 NA
2002 NA
2002 NA
2002 NA
2002 NA
2002 NA
2002 NA
2002 NA
2002 NA
2002 NA
2002 NA
2002 NA
2002 NA
2002 NA
2002 NA
2002 NA
2002 NA
2002 NA
2002 NA
2002 NA
2002 NA
2002 NA
2002 NA
2002 NA
2002 NA
2002 NA
2002 NA
2002 NA
2002 NA
2002 NA
2002 NA
2002 NA
2002 NA
2002 NA
2002 NA
2003 NA
2003 NA
2003 NA
2003 NA
2003 NA
2003 NA
2003 NA
2003 NA
2003 NA
2003 NA
2003 NA
2003 NA
2003 NA
2003 NA
2003 NA
2003 NA
2003 NA
2003 NA
2003 NA
2003 NA
2003 NA
2003 NA
2003 NA
2003 NA
2003 NA
2003 NA
2003 NA
2003 NA
2003 NA
2003 NA
2003 NA
2003 NA
2003 NA
2003 NA
2003 NA
2003 NA
2003 NA
2003 NA
2003 NA
2003 NA
2003 NA
2003 NA
2003 NA
2003 NA
2003 NA
2003 NA
2003 NA
2003 NA
2003 NA
2003 NA
2003 NA
2003 NA
2003 NA
2003 NA
2003 NA
2003 NA
2003 NA
2003 NA
2003 NA
2003 NA
2003 NA
2003 NA
2003 NA
2003 NA
2003 NA
2003 NA
2003 NA
2003 NA
2003 NA
2003 NA
2003 NA
2003 NA
2003 NA
2003 NA
2003 20
2003 40
2003 40
2003 40
2003 80
2003 80
2003 80
2003 70
2003 90
2003 90
2003 100
2003 100
2003 90
2003 90
2003 70
2003 90
2003 90
2003 80
2003 80
2003 100
2003 100
2003 110
2003 100
2003 100
2003 100
2003 100
2003 100
2003 90
2003 90
2003 100
2003 100
2003 100
2003 100
2003 90
2003 100
2003 100
2003 100
2003 90
2003 90
2003 90
2003 90
2003 90
2003 90
2003 90
2003 110
2003 110
2003 100
2003 100
2003 100
2003 100
2003 100
2003 100
2003 120
2003 110
2003 110
2003 110
2003 110
2003 110
2003 110
2003 110
2003 110
2003 100
2003 100
2003 100
2003 100
2003 100
2003 100
2003 100
2003 130
2003 130
2003 130
2003 130
2003 130
2003 120
2003 120
2003 120
2003 110
2003 110
2003 120
2003 110
2003 110
2003 120
2003 120
2003 120
2003 110
2003 110
2003 110
2003 110
2003 110
2003 110
2003 110
2003 110
2003 110
2003 110
2003 120
2003 110
2003 110
2003 110
2003 110
2003 110
2003 110
2003 110
2003 110
2003 110
2003 110
2003 110
2003 110
2003 110
2003 110
2003 100
2003 100
2003 100
2003 100
2003 100
2003 100
2003 100
2003 90
2003 80
2003 80
2003 80
2003 80
2003 80
2003 80
2003 80
2003 80
2003 70
2003 70
2003 70
2003 70
2003 60
2003 60
2003 60
2003 50
2003 50
2003 50
2003 40
2003 40
2003 40
2003 30
2003 50
2003 60
2003 50
2003 50
2003 40
2003 40
2003 40
2003 40
2003 50
2003 40
2003 50
2003 40
2003 40
2003 30
2003 20
2003 20
2003 20
2003 NA
2003 NA
2003 NA
2003 NA
2003 NA
2003 NA
2003 NA
2003 NA
2003 NA
2003 NA
2003 NA
2003 NA
2003 NA
2003 NA
2003 NA
2003 NA
2003 NA
2003 NA
2003 NA
2003 NA
2003 NA
2003 NA
2003 NA
2003 NA
2003 NA
2003 NA
2003 NA
2003 NA
2003 NA
2003 NA
2003 NA
2003 NA
2003 NA
2003 NA
2003 NA
2003 NA
2003 NA
2003 NA
2003 NA
2003 NA
2003 NA
2003 NA
2003 NA
2003 NA
2003 NA
2003 NA
2003 NA
2003 NA
2003 NA
2003 NA
2003 NA
2003 NA
2003 NA
2003 NA
2003 NA
2003 NA
2003 NA
2003 NA
2003 NA
2003 NA
2003 NA
2003 NA
2003 NA
2003 NA
2003 NA
2003 NA
2003 NA
2003 NA
2003 NA
2003 NA
2003 NA
2003 NA
2003 NA
2003 NA
2003 NA
2003 NA
2003 NA
2003 NA
2003 NA
2003 NA
2003 NA
2003 NA
2003 NA
2003 NA
2003 NA
2003 NA
2003 NA
2003 NA
2003 NA
2003 NA
2003 NA
2003 NA
2003 NA
2003 NA
2003 NA
2003 NA
2003 NA
2003 NA
2003 NA
2003 NA
2003 NA
2003 NA
2003 NA
2003 NA
2003 NA
2003 NA
2003 NA
2003 NA
2003 NA
2003 NA
2003 NA
2003 NA
2003 NA
2003 NA
2003 NA
2003 NA
2003 NA
2003 NA
2003 NA
2003 NA
2003 NA
2003 NA
2003 NA
2003 NA
2003 NA
2003 NA
2003 NA
2003 NA
2003 NA
2003 NA
2003 NA
2003 NA
2003 NA
2003 NA
2003 NA
2004 NA
2004 NA
2004 NA
2004 NA
2004 NA
2004 NA
2004 NA
2004 NA
2004 NA
2004 NA
2004 NA
2004 NA
2004 NA
2004 NA
2004 NA
2004 NA
2004 NA
2004 NA
2004 NA
2004 NA
2004 NA
2004 NA
2004 NA
2004 NA
2004 NA
2004 NA
2004 NA
2004 NA
2004 NA
2004 NA
2004 NA
2004 NA
2004 NA
2004 NA
2004 NA
2004 NA
2004 NA
2004 NA
2004 NA
2004 NA
2004 NA
2004 NA
2004 NA
2004 NA
2004 NA
2004 NA
2004 NA
2004 NA
2004 NA
2004 NA
2004 NA
2004 NA
2004 30
2004 30
2004 30
2004 20
2004 20
2004 20
2004 30
2004 20
2004 40
2004 50
2004 50
2004 50
2004 40
2004 40
2004 40
2004 50
2004 100
2004 90
2004 80
2004 80
2004 80
2004 NA
2004 NA
2004 NA
2004 70
2004 70
2004 70
2004 60
2004 60
2004 60
2004 50
2004 50
2004 40
2004 40
2004 50
2004 90
2004 130
2004 120
2004 110
2004 110
2004 110
2004 110
2004 100
2004 100
2004 100
2004 90
2004 90
2004 90
2004 100
2004 100
2004 100
2004 100
2004 90
2004 80
2004 80
2004 80
2004 80
2004 80
2004 80
2004 80
2004 80
2004 80
2004 80
2004 80
2004 80
2004 80
2004 110
2004 140
2004 140
2004 150
2004 140
2004 140
2004 130
2004 130
2004 120
2004 120
2004 110
2004 110
2004 110
2004 110
2004 110
2004 110
2004 110
2004 110
2004 100
2004 100
2004 100
2004 110
2004 110
2004 110
2004 100
2004 100
2004 100
2004 100
2004 100
2004 100
2004 100
2004 100
2004 100
2004 100
2004 100
2004 100
2004 100
2004 100
2004 100
2004 100
2004 90
2004 90
2004 90
2004 90
2004 90
2004 90
2004 90
2004 90
2004 90
2004 90
2004 90
2004 90
2004 90
2004 100
2004 130
2004 130
2004 130
2004 140
2004 150
2004 140
2004 130
2004 150
2004 150
2004 150
2004 140
2004 140
2004 140
2004 140
2004 140
2004 140
2004 140
2004 140
2004 140
2004 140
2004 180
2004 180
2004 170
2004 170
2004 160
2004 150
2004 150
2004 140
2004 130
2004 130
2004 120
2004 120
2004 130
2004 130
2004 130
2004 140
2004 130
2004 130
2004 120
2004 120
2004 120
2004 120
2004 110
2004 110
2004 100
2004 100
2004 100
2004 100
2004 100
2004 110
2004 110
2004 100
2004 100
2004 100
2004 100
2004 110
2004 100
2004 100
2004 100
2004 140
2004 120
2004 100
2004 100
2004 90
2004 80
2004 80
2004 70
2004 70
2004 60
2004 50
2004 50
2004 40
2004 30
2004 30
2004 30
2004 50
2004 60
2004 70
2004 50
2004 50
2004 40
2004 40
2004 30
2004 30
2004 20
2004 10
2004 NA
2004 NA
2004 NA
2004 NA
2004 NA
2004 NA
2004 NA
2004 NA
2004 NA
2004 NA
2004 NA
2004 NA
2004 NA
2004 NA
2004 NA
2004 NA
2004 NA
2004 NA
2004 NA
2004 NA
2004 NA
2004 NA
2004 NA
2004 NA
2004 NA
2004 NA
2004 NA
2004 NA
2004 NA
2004 NA
2004 NA
2004 NA
2004 NA
2004 NA
2004 NA
2004 NA
2004 NA
2004 NA
2004 NA
2004 NA
2004 NA
2004 NA
2004 NA
2004 NA
2004 NA
2004 NA
2004 NA
2004 NA
2004 NA
2004 NA
2004 NA
2004 NA
2004 NA
2004 NA
2004 NA
2004 NA
2004 NA
2004 NA
2004 NA
2004 NA
2004 NA
2004 NA
2004 NA
2004 NA
2004 NA
2004 NA
2004 NA
2004 NA
2004 NA
2004 NA
2004 NA
2004 NA
2004 NA
2004 NA
2004 NA
2004 NA
2004 NA
2004 NA
2004 NA
2004 NA
2004 NA
2004 NA
2004 NA
2004 NA
2004 NA
2004 NA
2004 NA
2004 NA
2004 NA
2004 NA
2004 NA
2004 NA
2004 NA
2004 NA
2004 NA
2004 NA
2004 NA
2004 NA
2004 NA
2004 NA
2004 NA
2004 NA
2004 NA
2004 NA
2004 NA
2004 NA
2004 NA
2004 NA
2005 NA
2005 NA
2005 NA
2005 NA
2005 NA
2005 NA
2005 NA
2005 NA
2005 NA
2005 NA
2005 NA
2005 NA
2005 NA
2005 NA
2005 NA
2005 NA
2005 NA
2005 NA
2005 NA
2005 NA
2005 NA
2005 NA
2005 NA
2005 NA
2005 NA
2005 NA
2005 NA
2005 NA
2005 NA
2005 NA
2005 NA
2005 NA
2005 NA
2005 NA
2005 NA
2005 NA
2005 NA
2005 NA
2005 NA
2005 NA
2005 NA
2005 NA
2005 NA
2005 NA
2005 NA
2005 NA
2005 NA
2005 NA
2005 NA
2005 NA
2005 NA
2005 NA
2005 NA
2005 NA
2005 NA
2005 NA
2005 NA
2005 NA
2005 NA
2005 NA
2005 NA
2005 NA
2005 NA
2005 NA
2005 NA
2005 NA
2005 NA
2005 NA
2005 NA
2005 NA
2005 NA
2005 NA
2005 40
2005 40
2005 40
2005 40
2005 30
2005 30
2005 30
2005 30
2005 30
2005 20
2005 20
2005 20
2005 20
2005 20
2005 20
2005 20
2005 20
2005 40
2005 90
2005 100
2005 90
2005 90
2005 80
2005 80
2005 80
2005 70
2005 70
2005 70
2005 70
2005 60
2005 60
2005 60
2005 60
2005 60
2005 60
2005 60
2005 60
2005 60
2005 60
2005 60
2005 60
2005 60
2005 50
2005 60
2005 120
2005 110
2005 110
2005 100
2005 100
2005 90
2005 90
2005 90
2005 80
2005 80
2005 80
2005 80
2005 80
2005 70
2005 70
2005 70
2005 70
2005 70
2005 70
2005 60
2005 60
2005 60
2005 60
2005 60
2005 70
2005 70
2005 60
2005 60
2005 60
2005 60
2005 60
2005 60
2005 60
2005 60
2005 60
2005 60
2005 60
2005 60
2005 60
2005 60
2005 60
2005 60
2005 60
2005 60
2005 60
2005 60
2005 60
2005 60
2005 60
2005 60
2005 60
2005 60
2005 60
2005 60
2005 60
2005 60
2005 60
2005 60
2005 70
2005 70
2005 60
2005 70
2005 60
2005 60
2005 60
2005 70
2005 70
2005 80
2005 70
2005 70
2005 70
2005 70
2005 70
2005 70
2005 70
2005 70
2005 70
2005 70
2005 70
2005 60
2005 60
2005 50
2005 40
2005 40
2005 30
2005 30
2005 20
2005 20
2005 10
2005 NA
2005 NA
2005 NA
2005 NA
2005 NA
2005 NA
2005 NA
2005 NA
2005 NA
2005 NA
2005 NA
2005 NA
2005 NA
2005 NA
2005 NA
2005 NA
2005 NA
2005 NA
2005 NA
2005 NA
2005 NA
2005 NA
2005 NA
2005 NA
2005 NA
2005 NA
2005 NA
2005 NA
2005 NA
2005 NA
2005 NA
2005 NA
2005 NA
2005 NA
2005 NA
2005 NA
2005 NA
2005 NA
2005 NA
2005 NA
2005 NA
2005 NA
2005 NA
2005 NA
2005 NA
2005 NA
2005 NA
2005 NA
2005 NA
2005 NA
2005 NA
2005 NA
2005 NA
2005 NA
2005 NA
2005 NA
2005 NA
2005 NA
2005 NA
2005 NA
2005 NA
2005 NA
2005 NA
2005 NA
2005 NA
2005 NA
2005 NA
2005 NA
2005 NA
2005 NA
2005 NA
2005 NA
2005 NA
2005 NA
2005 NA
2005 NA
2005 NA
2005 NA
2005 NA
2005 NA
2005 NA
2005 NA
2005 NA
2005 NA
2005 NA
2005 NA
2005 NA
2005 NA
2005 NA
2005 NA
2005 NA
2005 NA
2005 NA
2005 NA
2005 NA
2005 NA
2005 NA
2005 NA
2005 NA
2005 NA
2005 NA
2005 NA
2005 NA
2005 NA
2005 NA
2005 NA
2005 NA
2005 NA
2005 NA
2005 NA
2005 NA
2005 NA
2005 NA
2005 NA
2005 NA
2005 NA
2005 NA
2005 NA
2005 NA
2005 NA
2005 NA
2005 NA
2005 NA
2005 NA
2005 NA
2005 NA
2005 NA
2005 NA
2005 NA
2005 NA
2005 NA
2005 NA
2005 NA
2005 NA
2005 NA
2005 NA
2005 NA
2005 NA
2005 NA
2005 NA
2005 NA
2005 NA
2005 NA
2005 NA
2005 NA
2005 NA
2005 NA
2005 NA
2005 NA
2005 NA
2005 NA
2005 NA
2005 NA
2005 NA
2005 NA
2005 NA
2005 NA
2005 NA
2005 NA
2005 NA
2006 NA
2006 NA
2006 NA
2006 NA
2006 NA
2006 NA
2006 NA
2006 NA
2006 NA
2006 NA
2006 NA
2006 NA
2006 NA
2006 NA
2006 NA
2006 NA
2006 NA
2006 NA
2006 NA
2006 NA
2006 NA
2006 NA
2006 NA
2006 NA
2006 NA
2006 0
2006 NA
2006 NA
2006 NA
2006 NA
2006 NA
2006 NA
2006 NA
2006 NA
2006 NA
2006 NA
2006 NA
2006 NA
2006 NA
2006 NA
2006 NA
2006 NA
2006 NA
2006 NA
2006 NA
2006 0
2006 0
2006 0
2006 0
2006 0
2006 0
2006 0
2006 0
2006 0
2006 0
2006 0
2006 0
2006 0
2006 0
2006 0
2006 0
2006 0
2006 0
2006 0
2006 0
2006 0
2006 0
2006 10
2006 10
2006 0
2006 0
2006 0
2006 0
2006 0
2006 0
2006 0
2006 0
2006 0
2006 0
2006 0
2006 0
2006 0
2006 0
2006 0
2006 0
2006 20
2006 20
2006 20
2006 20
2006 20
2006 20
2006 20
2006 30
2006 60
2006 60
2006 60
2006 60
2006 50
2006 50
2006 50
2006 50
2006 40
2006 40
2006 40
2006 50
2006 50
2006 50
2006 40
2006 50
2006 50
2006 50
2006 50
2006 40
2006 40
2006 50
2006 40
2006 40
2006 50
2006 60
2006 60
2006 60
2006 60
2006 60
2006 60
2006 60
2006 60
2006 60
2006 60
2006 60
2006 50
2006 50
2006 50
2006 50
2006 50
2006 50
2006 60
2006 60
2006 60
2006 60
2006 40
2006 50
2006 50
2006 50
2006 40
2006 40
2006 50
2006 50
2006 50
2006 100
2006 110
2006 100
2006 90
2006 90
2006 80
2006 80
2006 80
2006 80
2006 80
2006 70
2006 80
2006 70
2006 70
2006 70
2006 70
2006 70
2006 70
2006 70
2006 70
2006 70
2006 70
2006 90
2006 110
2006 130
2006 130
2006 130
2006 120
2006 140
2006 140
2006 130
2006 120
2006 120
2006 120
2006 120
2006 120
2006 140
2006 150
2006 140
2006 140
2006 130
2006 130
2006 130
2006 120
2006 120
2006 130
2006 120
2006 120
2006 120
2006 110
2006 110
2006 110
2006 110
2006 110
2006 100
2006 100
2006 100
2006 100
2006 90
2006 80
2006 100
2006 100
2006 90
2006 80
2006 80
2006 80
2006 80
2006 70
2006 90
2006 90
2006 80
2006 80
2006 80
2006 90
2006 120
2006 110
2006 100
2006 90
2006 80
2006 70
2006 70
2006 60
2006 60
2006 50
2006 50
2006 40
2006 40
2006 20
2006 10
2006 0
2006 NA
2006 NA
2006 NA
2006 NA
2006 NA
2006 NA
2006 NA
2006 NA
2006 NA
2006 NA
2006 NA
2006 NA
2006 NA
2006 NA
2006 NA
2006 NA
2006 NA
2006 NA
2006 NA
2006 NA
2006 NA
2006 NA
2006 NA
2006 NA
2006 NA
2006 NA
2006 NA
2006 NA
2006 NA
2006 NA
2006 NA
2006 NA
2006 NA
2006 NA
2006 NA
2006 NA
2006 NA
2006 NA
2006 NA
2006 NA
2006 NA
2006 NA
2006 NA
2006 NA
2006 NA
2006 NA
2006 NA
2006 NA
2006 NA
2006 NA
2006 NA
2006 NA
2006 NA
2006 NA
2006 NA
2006 NA
2006 NA
2006 NA
2006 NA
2006 NA
2006 NA
2006 NA
2006 NA
2006 NA
2006 NA
2006 NA
2006 NA
2006 NA
2006 NA
2006 NA
2006 NA
2006 NA
2006 NA
2006 NA
2006 NA
2006 NA
2006 NA
2006 NA
2006 NA
2006 NA
2006 NA
2006 NA
2006 NA
2006 NA
2006 NA
2006 NA
2006 NA
2006 NA
2006 NA
2006 NA
2006 NA
2006 NA
2006 NA
2006 NA
2006 NA
2006 NA
2006 NA
2006 NA
2006 NA
2006 NA
2006 NA
2006 NA
2006 NA
2006 NA
2006 NA
2006 NA
2006 NA
2006 NA
2006 NA
2006 NA
2006 NA
2006 NA
2006 NA
2006 NA
2006 NA
2006 NA
2006 NA
2006 NA
2006 NA
2006 NA
2006 NA
2006 NA
2006 NA
2006 NA
2006 NA
2006 NA
2006 NA
2007 NA
2007 NA
2007 NA
2007 NA
2007 NA
2007 NA
2007 NA
2007 NA
2007 NA
2007 NA
2007 NA
2007 NA
2007 NA
2007 NA
2007 NA
2007 NA
2007 NA
2007 NA
2007 NA
2007 NA
2007 10
2007 10
2007 NA
2007 NA
2007 NA
2007 NA
2007 NA
2007 NA
2007 NA
2007 NA
2007 NA
2007 NA
2007 10
2007 NA
2007 10
2007 10
2007 10
2007 10
2007 10
2007 10
2007 10
2007 10
2007 10
2007 10
2007 10
2007 10
2007 10
2007 10
2007 10
2007 10
2007 10
2007 10
2007 10
2007 10
2007 10
2007 10
2007 10
2007 10
2007 10
2007 10
2007 10
2007 10
2007 10
2007 10
2007 10
2007 10
2007 10
2007 10
2007 10
2007 10
2007 10
2007 10
2007 10
2007 10
2007 10
2007 10
2007 10
2007 10
2007 10
2007 10
2007 10
2007 10
2007 10
2007 10
2007 10
2007 10
2007 0
2007 0
2007 0
2007 0
2007 0
2007 0
2007 0
2007 10
2007 0
2007 0
2007 0
2007 0
2007 10
2007 40
2007 30
2007 30
2007 30
2007 30
2007 30
2007 20
2007 20
2007 20
2007 30
2007 20
2007 20
2007 20
2007 20
2007 20
2007 20
2007 20
2007 20
2007 20
2007 20
2007 20
2007 20
2007 20
2007 30
2007 30
2007 30
2007 30
2007 30
2007 30
2007 30
2007 30
2007 30
2007 20
2007 20
2007 20
2007 20
2007 20
2007 20
2007 20
2007 20
2007 20
2007 10
2007 10
2007 10
2007 20
2007 60
2007 60
2007 50
2007 70
2007 40
2007 40
2007 30
2007 30
2007 30
2007 30
2007 30
2007 20
2007 20
2007 20
2007 30
2007 30
2007 30
2007 30
2007 30
2007 30
2007 50
2007 30
2007 30
2007 30
2007 30
2007 30
2007 30
2007 30
2007 30
2007 30
2007 20
2007 20
2007 30
2007 30
2007 30
2007 30
2007 20
2007 20
2007 20
2007 20
2007 20
2007 20
2007 10
2007 40
2007 30
2007 20
2007 20
2007 20
2007 20
2007 20
2007 10
2007 10
2007 0
2007 0
2007 0
2007 20
2007 20
2007 20
2007 10
2007 10
2007 20
2007 40
2007 40
2007 40
2007 30
2007 30
2007 30
2007 30
2007 30
2007 20
2007 20
2007 20
2007 20
2007 10
2007 10
2007 0
2007 0
2007 0
2007 0
2007 0
2007 0
2007 0
2007 0
2007 0
2007 0
2007 0
2007 0
2007 0
2007 0
2007 0
2007 0
2007 0
2007 0
2007 0
2007 0
2007 0
2007 0
2007 0
2007 0
2007 0
2007 0
2007 0
2007 0
2007 0
2007 0
2007 0
2007 0
2007 0
2007 0
2007 0
2007 0
2007 0
2007 0
2007 0
2007 0
2007 0
2007 0
2007 0
2007 0
2007 0
2007 0
2007 0
2007 0
2007 0
2007 0
2007 0
2007 0
2007 0
2007 10
2007 0
2007 10
2007 0
2007 10
2007 10
2007 10
2007 0
2007 10
2007 10
2007 0
2007 10
2007 0
2007 10
2007 10
2007 10
2007 10
2007 10
2007 10
2007 10
2007 20
2007 10
2007 10
2007 20
2007 20
2007 10
2007 10
2007 10
2007 10
2007 10
2007 10
2007 10
2007 0
2007 10
2007 0
2007 0
2007 0
2007 10
2007 0
2007 0
2007 10
2007 10
2007 0
2007 0
2007 0
2007 0
2007 0
2007 0
2007 0
2007 0
2007 0
2007 0
2007 0
2007 0
2007 0
2007 0
2007 0
2007 0
2007 0
2007 0
2007 0
2007 0
2007 0
2007 10
2007 0
2007 0
2007 0
2007 0
2007 10
2007 0
2007 0
2007 0
2007 10
2007 0
2007 10
2007 0
2007 0
2007 0
2007 0
2007 0
2007 0
2007 0
2007 10
2007 0
2007 0
2007 0
2007 0
2007 0
2007 10
2007 10
2007 10
2007 0
2007 0
2008 0
2008 0
2008 0
2008 0
2008 10
2008 10
2008 0
2008 0
2008 0
2008 0
2008 0
2008 10
2008 0
2008 0
2008 0
2008 0
2008 0
2008 0
2008 0
2008 10
2008 0
2008 0
2008 0
2008 0
2008 0
2008 10
2008 10
2008 20
2008 10
2008 10
2008 0
2008 0
2008 0
2008 0
2008 0
2008 0
2008 0
2008 0
2008 0
2008 0
2008 0
2008 0
2008 0
2008 0
2008 0
2008 0
2008 0
2008 0
2008 0
2008 0
2008 0
2008 0
2008 0
2008 10
2008 0
2008 0
2008 0
2008 0
2008 0
2008 10
2008 0
2008 0
2008 0
2008 0
2008 0
2008 0
2008 0
2008 0
2008 0
2008 0
2008 20
2008 10
2008 10
2008 10
2008 10
2008 10
2008 10
2008 10
2008 10
2008 10
2008 10
2008 10
2008 20
2008 60
2008 90
2008 80
2008 70
2008 70
2008 70
2008 70
2008 60
2008 60
2008 60
2008 70
2008 70
2008 70
2008 60
2008 60
2008 60
2008 60
2008 60
2008 60
2008 60
2008 60
2008 60
2008 NA
2008 NA
2008 NA
2008 NA
2008 NA
2008 60
2008 50
2008 60
2008 50
2008 50
2008 50
2008 50
2008 50
2008 50
2008 50
2008 50
2008 50
2008 50
2008 60
2008 NA
2008 NA
2008 NA
2008 NA
2008 NA
2008 NA
2008 NA
2008 80
2008 90
2008 140
2008 130
2008 130
2008 130
2008 150
2008 140
2008 140
2008 130
2008 120
2008 120
2008 120
2008 110
2008 110
2008 110
2008 110
2008 100
2008 100
2008 100
2008 100
2008 100
2008 90
2008 110
2008 110
2008 130
2008 130
2008 130
2008 120
2008 120
2008 120
2008 110
2008 110
2008 110
2008 110
2008 100
2008 100
2008 100
2008 100
2008 100
2008 100
2008 100
2008 100
2008 90
2008 90
2008 90
2008 90
2008 80
2008 80
2008 80
2008 80
2008 80
2008 70
2008 70
2008 80
2008 80
2008 80
2008 70
2008 70
2008 70
2008 100
2008 90
2008 80
2008 80
2008 70
2008 70
2008 70
2008 70
2008 70
2008 70
2008 70
2008 80
2008 80
2008 80
2008 80
2008 80
2008 80
2008 80
2008 70
2008 70
2008 70
2008 70
2008 60
2008 60
2008 60
2008 60
2008 60
2008 60
2008 70
2008 70
2008 80
2008 70
2008 60
2008 70
2008 70
2008 80
2008 80
2008 70
2008 80
2008 80
2008 80
2008 70
2008 90
2008 90
2008 80
2008 70
2008 70
2008 60
2008 60
2008 50
2008 50
2008 50
2008 40
2008 40
2008 30
2008 20
2008 10
2008 0
2008 NA
2008 NA
2008 NA
2008 NA
2008 NA
2008 NA
2008 NA
2008 NA
2008 NA
2008 NA
2008 NA
2008 NA
2008 NA
2008 NA
2008 NA
2008 NA
2008 NA
2008 NA
2008 NA
2008 NA
2008 NA
2008 NA
2008 NA
2008 NA
2008 NA
2008 NA
2008 NA
2008 NA
2008 NA
2008 NA
2008 NA
2008 NA
2008 NA
2008 NA
2008 NA
2008 NA
2008 NA
2008 NA
2008 NA
2008 NA
2008 NA
2008 NA
2008 NA
2008 NA
2008 NA
2008 NA
2008 NA
2008 NA
2008 NA
2008 NA
2008 NA
2008 NA
2008 NA
2008 NA
2008 NA
2008 NA
2008 NA
2008 NA
2008 NA
2008 NA
2008 NA
2008 NA
2008 NA
2008 NA
2008 NA
2008 NA
2008 NA
2008 NA
2008 NA
2008 NA
2008 NA
2008 NA
2008 NA
2008 NA
2008 NA
2008 NA
2008 NA
2008 NA
2008 NA
2008 NA
2008 NA
2008 NA
2008 NA
2008 NA
2008 NA
2008 NA
2008 NA
2008 NA
2008 NA
2008 NA
2008 NA
2008 NA
2008 NA
2008 NA
2008 NA
2008 NA
2008 NA
2008 NA
2008 NA
2008 NA
2008 NA
2008 NA
2008 NA
2008 NA
2008 NA
2008 NA
2008 NA
2008 NA
2008 NA
2008 NA
2008 NA
2008 NA
2008 NA
2008 NA
2008 NA
2008 NA
2008 NA
2009 NA
2009 NA
2009 NA
2009 NA
2009 NA
2009 NA
2009 NA
2009 NA
2009 NA
2009 NA
2009 NA
2009 NA
2009 NA
2009 NA
2009 NA
2009 NA
2009 NA
2009 NA
2009 NA
2009 NA
2009 NA
2009 NA
2009 NA
2009 NA
2009 NA
2009 NA
2009 NA
2009 NA
2009 NA
2009 NA
2009 NA
2009 NA
2009 NA
2009 NA
2009 NA
2009 NA
2009 NA
2009 NA
2009 NA
2009 NA
2009 NA
2009 NA
2009 NA
2009 NA
2009 NA
2009 NA
2009 NA
2009 NA
2009 NA
2009 NA
2009 NA
2009 NA
2009 NA
2009 NA
2009 NA
2009 NA
2009 NA
2009 NA
2009 0
2009 20
2009 40
2009 20
2009 10
2009 0
2009 10
2009 0
2009 0
2009 0
2009 0
2009 0
2009 0
2009 0
2009 20
2009 40
2009 30
2009 30
2009 30
2009 30
2009 30
2009 30
2009 20
2009 20
2009 20
2009 20
2009 30
2009 30
2009 30
2009 30
2009 70
2009 80
2009 110
2009 150
2009 130
2009 120
2009 120
2009 120
2009 110
2009 110
2009 110
2009 100
2009 140
2009 170
2009 160
2009 170
2009 170
2009 160
2009 170
2009 180
2009 160
2009 170
2009 160
2009 150
2009 150
2009 140
2009 140
2009 140
2009 140
2009 NA
2009 NA
2009 NA
2009 140
2009 150
2009 150
2009 150
2009 140
2009 140
2009 140
2009 140
2009 140
2009 140
2009 130
2009 130
2009 130
2009 130
2009 130
2009 130
2009 130
2009 130
2009 130
2009 140
2009 140
2009 180
2009 170
2009 170
2009 160
2009 160
2009 160
2009 150
2009 160
2009 160
2009 160
2009 150
2009 150
2009 150
2009 190
2009 190
2009 180
2009 200
2009 230
2009 250
2009 240
2009 230
2009 220
2009 220
2009 220
2009 210
2009 210
2009 210
2009 200
2009 200
2009 200
2009 190
2009 190
2009 190
2009 190
2009 190
2009 180
2009 180
2009 180
2009 170
2009 170
2009 160
2009 160
2009 160
2009 190
2009 220
2009 210
2009 210
2009 200
2009 200
2009 200
2009 190
2009 190
2009 180
2009 180
2009 170
2009 170
2009 170
2009 170
2009 170
2009 160
2009 160
2009 160
2009 160
2009 160
2009 160
2009 160
2009 160
2009 170
2009 190
2009 170
2009 160
2009 160
2009 150
2009 150
2009 150
2009 140
2009 140
2009 130
2009 130
2009 120
2009 120
2009 110
2009 110
2009 100
2009 100
2009 90
2009 110
2009 100
2009 100
2009 90
2009 90
2009 80
2009 80
2009 80
2009 80
2009 70
2009 80
2009 110
2009 100
2009 110
2009 100
2009 90
2009 90
2009 80
2009 80
2009 70
2009 60
2009 60
2009 40
2009 40
2009 20
2009 10
2009 0
2009 NA
2009 NA
2009 NA
2009 NA
2009 NA
2009 NA
2009 NA
2009 NA
2009 NA
2009 NA
2009 NA
2009 NA
2009 NA
2009 NA
2009 NA
2009 NA
2009 NA
2009 NA
2009 NA
2009 NA
2009 NA
2009 NA
2009 NA
2009 NA
2009 NA
2009 NA
2009 NA
2009 NA
2009 NA
2009 NA
2009 NA
2009 NA
2009 NA
2009 NA
2009 NA
2009 NA
2009 NA
2009 NA
2009 NA
2009 NA
2009 NA
2009 NA
2009 NA
2009 NA
2009 NA
2009 NA
2009 NA
2009 NA
2009 NA
2009 NA
2009 NA
2009 NA
2009 NA
2009 NA
2009 NA
2009 NA
2009 NA
2009 NA
2009 NA
2009 NA
2009 NA
2009 NA
2009 NA
2009 NA
2009 NA
2009 NA
2009 NA
2009 NA
2009 NA
2009 NA
2009 NA
2009 NA
2009 NA
2009 NA
2009 NA
2009 NA
2009 NA
2009 NA
2009 NA
2009 NA
2009 NA
2009 NA
2009 NA
2009 NA
2009 NA
2009 NA
2009 NA
2009 NA
2009 NA
2009 NA
2009 NA
2009 NA
2009 NA
2009 NA
2009 NA
2009 NA
2009 NA
2009 NA
2009 NA
2009 NA
2009 NA
2009 NA
2009 NA
2009 NA
2009 NA
2009 NA
2009 NA
2009 NA
2009 NA
2009 NA
2009 NA
2010 NA
2010 NA
2010 NA
2010 NA
2010 NA
2010 NA
2010 NA
2010 NA
2010 NA
2010 NA
2010 NA
2010 NA
2010 NA
2010 NA
2010 NA
2010 NA
2010 NA
2010 NA
2010 NA
2010 NA
2010 NA
2010 NA
2010 NA
2010 NA
2010 NA
2010 NA
2010 NA
2010 NA
2010 NA
2010 NA
2010 NA
2010 NA
2010 NA
2010 NA
2010 NA
2010 NA
2010 NA
2010 NA
2010 NA
2010 NA
2010 NA
2010 NA
2010 NA
2010 NA
2010 NA
2010 NA
2010 NA
2010 NA
2010 NA
2010 NA
2010 NA
2010 NA
2010 NA
2010 NA
2010 NA
2010 NA
2010 NA
2010 NA
2010 NA
2010 NA
2010 NA
2010 NA
2010 20
2010 30
2010 30
2010 30
2010 40
2010 40
2010 60
2010 60
2010 50
2010 50
2010 40
2010 40
2010 30
2010 30
2010 20
2010 10
2010 10
2010 10
2010 10
2010 10
2010 10
2010 10
2010 10
2010 10
2010 10
2010 10
2010 10
2010 30
2010 100
2010 90
2010 80
2010 70
2010 90
2010 80
2010 80
2010 80
2010 80
2010 80
2010 70
2010 70
2010 70
2010 80
2010 80
2010 70
2010 70
2010 70
2010 70
2010 70
2010 70
2010 80
2010 100
2010 120
2010 140
2010 110
2010 110
2010 110
2010 110
2010 100
2010 110
2010 110
2010 110
2010 110
2010 110
2010 110
2010 100
2010 100
2010 110
2010 140
2010 160
2010 150
2010 140
2010 140
2010 140
2010 140
2010 130
2010 130
2010 130
2010 130
2010 130
2010 120
2010 120
2010 120
2010 120
2010 120
2010 120
2010 120
2010 120
2010 110
2010 110
2010 120
2010 120
2010 120
2010 110
2010 110
2010 110
2010 130
2010 130
2010 130
2010 130
2010 120
2010 130
2010 130
2010 130
2010 130
2010 120
2010 120
2010 120
2010 110
2010 120
2010 160
2010 NA
2010 NA
2010 NA
2010 NA
2010 150
2010 140
2010 150
2010 150
2010 150
2010 150
2010 140
2010 140
2010 140
2010 140
2010 140
2010 140
2010 140
2010 140
2010 150
2010 150
2010 150
2010 150
2010 140
2010 140
2010 140
2010 140
2010 140
2010 130
2010 130
2010 130
2010 120
2010 110
2010 110
2010 110
2010 120
2010 110
2010 110
2010 100
2010 120
2010 120
2010 130
2010 120
2010 130
2010 140
2010 130
2010 120
2010 120
2010 110
2010 110
2010 100
2010 100
2010 100
2010 100
2010 100
2010 90
2010 90
2010 90
2010 90
2010 90
2010 80
2010 80
2010 70
2010 70
2010 60
2010 50
2010 40
2010 40
2010 30
2010 10
2010 10
2010 NA
2010 NA
2010 NA
2010 NA
2010 NA
2010 NA
2010 NA
2010 NA
2010 NA
2010 NA
2010 NA
2010 NA
2010 NA
2010 NA
2010 NA
2010 NA
2010 NA
2010 NA
2010 NA
2010 NA
2010 NA
2010 NA
2010 NA
2010 NA
2010 NA
2010 NA
2010 NA
2010 NA
2010 NA
2010 NA
2010 NA
2010 NA
2010 NA
2010 NA
2010 NA
2010 NA
2010 NA
2010 NA
2010 NA
2010 NA
2010 NA
2010 NA
2010 NA
2010 NA
2010 NA
2010 NA
2010 NA
2010 NA
2010 NA
2010 NA
2010 NA
2010 NA
2010 NA
2010 NA
2010 NA
2010 NA
2010 NA
2010 NA
2010 NA
2010 NA
2010 NA
2010 NA
2010 NA
2010 NA
2010 NA
2010 NA
2010 NA
2010 NA
2010 NA
2010 NA
2010 NA
2010 NA
2010 NA
2010 NA
2010 NA
2010 NA
2010 NA
2010 NA
2010 NA
2010 NA
2010 NA
2010 NA
2010 NA
2010 NA
2010 NA
2010 NA
2010 NA
2010 NA
2010 NA
2010 NA
2010 NA
2010 NA
2010 NA
2010 NA
2010 NA
2010 NA
2010 NA
2010 NA
2010 NA
2010 NA
2010 NA
2010 NA
2010 NA
2010 NA
2010 NA
2010 NA
2010 NA
2010 NA
2010 NA
2010 NA
2010 NA
2010 NA
2010 NA
2010 NA
2010 NA
2010 NA
2010 NA
2010 NA
2010 NA
2010 NA
2010 NA
2010 NA
2010 NA
2011 NA
2011 NA
2011 NA
2011 NA
2011 NA
2011 NA
2011 NA
2011 NA
2011 NA
2011 NA
2011 NA
2011 NA
2011 NA
2011 NA
2011 NA
2011 NA
2011 NA
2011 NA
2011 NA
2011 NA
2011 NA
2011 NA
2011 NA
2011 NA
2011 NA
2011 NA
2011 NA
2011 NA
2011 NA
2011 NA
2011 NA
2011 NA
2011 NA
2011 NA
2011 NA
2011 NA
2011 NA
2011 NA
2011 NA
2011 NA
2011 NA
2011 NA
2011 NA
2011 NA
2011 NA
2011 NA
2011 NA
2011 NA
2011 NA
2011 NA
2011 NA
2011 NA
2011 NA
2011 20
2011 80
2011 70
2011 60
2011 50
2011 50
2011 40
2011 70
2011 60
2011 50
2011 40
2011 40
2011 30
2011 30
2011 30
2011 40
2011 40
2011 40
2011 40
2011 40
2011 30
2011 30
2011 20
2011 80
2011 60
2011 70
2011 80
2011 80
2011 120
2011 120
2011 110
2011 110
2011 100
2011 110
2011 110
2011 120
2011 110
2011 120
2011 140
2011 130
2011 130
2011 130
2011 120
2011 130
2011 120
2011 110
2011 100
2011 100
2011 100
2011 100
2011 100
2011 100
2011 100
2011 100
2011 100
2011 100
2011 110
2011 100
2011 110
2011 120
2011 150
2011 160
2011 170
2011 170
2011 170
2011 160
2011 160
2011 150
2011 150
2011 150
2011 150
2011 150
2011 140
2011 140
2011 150
2011 150
2011 150
2011 160
2011 160
2011 160
2011 160
2011 150
2011 150
2011 150
2011 140
2011 140
2011 140
2011 140
2011 140
2011 140
2011 140
2011 140
2011 140
2011 140
2011 140
2011 140
2011 140
2011 140
2011 130
2011 130
2011 NA
2011 130
2011 130
2011 130
2011 130
2011 130
2011 130
2011 130
2011 130
2011 130
2011 130
2011 130
2011 130
2011 130
2011 140
2011 160
2011 160
2011 160
2011 160
2011 160
2011 150
2011 150
2011 150
2011 150
2011 150
2011 140
2011 160
2011 170
2011 160
2011 160
2011 180
2011 160
2011 160
2011 160
2011 160
2011 150
2011 160
2011 150
2011 150
2011 150
2011 160
2011 150
2011 150
2011 190
2011 200
2011 190
2011 190
2011 180
2011 180
2011 180
2011 170
2011 170
2011 160
2011 160
2011 160
2011 150
2011 150
2011 140
2011 140
2011 130
2011 130
2011 120
2011 120
2011 110
2011 110
2011 100
2011 80
2011 80
2011 70
2011 60
2011 60
2011 60
2011 60
2011 60
2011 50
2011 50
2011 40
2011 30
2011 30
2011 20
2011 10
2011 10
2011 10
2011 NA
2011 NA
2011 NA
2011 NA
2011 NA
2011 NA
2011 NA
2011 NA
2011 NA
2011 NA
2011 NA
2011 NA
2011 NA
2011 NA
2011 NA
2011 NA
2011 NA
2011 NA
2011 NA
2011 NA
2011 NA
2011 NA
2011 NA
2011 NA
2011 NA
2011 NA
2011 NA
2011 NA
2011 NA
2011 NA
2011 NA
2011 NA
2011 NA
2011 NA
2011 NA
2011 NA
2011 NA
2011 NA
2011 NA
2011 NA
2011 NA
2011 NA
2011 NA
2011 NA
2011 NA
2011 NA
2011 NA
2011 NA
2011 NA
2011 NA
2011 NA
2011 NA
2011 NA
2011 NA
2011 NA
2011 NA
2011 NA
2011 NA
2011 NA
2011 NA
2011 NA
2011 NA
2011 NA
2011 NA
2011 NA
2011 NA
2011 NA
2011 NA
2011 NA
2011 NA
2011 NA
2011 NA
2011 NA
2011 NA
2011 NA
2011 NA
2011 NA
2011 NA
2011 NA
2011 NA
2011 NA
2011 NA
2011 NA
2011 NA
2011 NA
2011 NA
2011 NA
2011 NA
2011 NA
2011 NA
2011 NA
2011 NA
2011 NA
2011 NA
2011 NA
2011 NA
2011 NA
2011 NA
2011 NA
2011 NA
2011 NA
2011 NA
2011 NA
2011 NA
2011 NA
2011 NA
2011 NA
2011 NA
2011 NA
2011 NA
2011 NA
2011 NA
2011 NA
2011 NA
2011 NA
2011 NA
2011 NA
2011 NA
2011 NA
2011 NA
2011 NA
2011 NA
2011 NA
2011 NA
2011 NA
2011 NA
2011 NA
2011 NA
2011 NA
