2002 NA
2002 0
2002 0
2002 0
2002 NA
2002 NA
2002 NA
2002 NA
2002 NA
2002 NA
2002 NA
2002 NA
2002 NA
2002 0
2002 0
2002 NA
2002 NA
2002 0
2002 0
2002 NA
2002 NA
2002 0
2002 NA
2002 0
2002 NA
2002 NA
2002 NA
2002 NA
2002 NA
2002 NA
2002 NA
2002 NA
2002 NA
2002 NA
2002 NA
2002 NA
2002 NA
2002 NA
2002 NA
2002 NA
2002 NA
2002 0
2002 0
2002 0
2002 NA
2002 NA
2002 0
2002 NA
2002 NA
2002 0
2002 NA
2002 NA
2002 NA
2002 NA
2002 NA
2002 0
2002 0
2002 0
2002 0
2002 0
2002 0
2002 NA
2002 NA
2002 0
2002 NA
2002 0
2002 0
2002 0
2002 NA
2002 6
2002 NA
2002 5
2002 5
2002 4
2002 4
2002 5
2002 NA
2002 3
2002 2
2002 NA
2002 1
2002 1
2002 1
2002 NA
2002 NA
2002 9
2002 8
2002 8
2002 NA
2002 7
2002 7
2002 4
2002 2
2002 NA
2002 NA
2002 NA
2002 NA
2002 NA
2002 NA
2002 NA
2002 0
2002 0
2002 0
2002 0
2002 0
2002 0
2002 1
2002 5
2002 0
2002 0
2002 1
2002 1
2002 2
2002 28
2002 25
2002 21
2002 32
2002 37
2002 37
2002 30
2002 22
2002 NA
2002 NA
2002 22
2002 22
2002 22
2002 NA
2002 22
2002 22
2002 22
2002 22
2002 NA
2002 22
2002 22
2002 22
2002 22
2002 22
2002 26
2002 22
2002 27
2002 NA
2002 25
2002 25
2002 NA
2002 25
2002 27
2002 26
2002 25
2002 NA
2002 NA
2002 19
2002 18
2002 17
2002 17
2002 16
2002 15
2002 13
2002 5
2002 12
2002 20
2002 19
2002 16
2002 12
2002 10
2002 5
2002 3
2002 0
2002 0
2002 0
2002 0
2002 0
2002 2
2002 3
2002 31
2002 27
2002 28
2002 39
2002 43
2002 33
2002 26
2002 NA
2002 25
2002 30
2002 40
2002 37
2002 32
2002 30
2002 30
2002 28
2002 27
2002 23
2002 21
2002 NA
2002 13
2002 NA
2002 NA
2002 0
2002 0
2002 NA
2002 0
2002 0
2002 NA
2002 NA
2002 0
2002 0
2002 0
2002 0
2002 0
2002 0
2002 0
2002 0
2002 0
2002 0
2002 0
2002 NA
2002 0
2002 0
2002 NA
2002 0
2002 0
2002 0
2002 NA
2002 0
2002 NA
2002 NA
2002 1
2002 3
2002 0
2002 NA
2002 NA
2002 0
2002 NA
2002 0
2002 NA
2002 0
2002 0
2002 0
2002 NA
2002 0
2002 0
2002 0
2002 0
2002 0
2002 0
2002 0
2002 5
2002 8
2002 2
2002 0
2002 0
2002 NA
2002 0
2002 NA
2002 NA
2002 NA
2002 0
2002 NA
2002 NA
2002 0
2002 0
2002 0
2002 NA
2002 NA
2002 NA
2002 NA
2002 NA
2002 NA
2002 NA
2002 NA
2002 NA
2002 0
2002 0
2002 NA
2002 0
2002 0
2002 0
2002 NA
2002 0
2002 0
2002 0
2002 0
2002 NA
2002 NA
2002 0
2002 0
2002 0
2002 0
2002 0
2002 NA
2002 NA
2002 0
2002 NA
2002 NA
2002 NA
2002 0
2002 0
2002 NA
2002 NA
2002 0
2002 0
2002 0
2002 0
2002 NA
2002 0
2002 NA
2002 NA
2002 NA
2002 NA
2002 0
2002 0
2002 0
2002 0
2002 0
2002 0
2002 0
2002 0
2002 0
2002 NA
2002 0
2002 NA
2002 0
2002 0
2002 0
2002 NA
2002 NA
2002 NA
2002 NA
2002 NA
2002 0
2002 0
2002 0
2002 NA
2002 NA
2002 0
2002 0
2002 0
2002 NA
2002 0
2002 NA
2002 0
2002 0
2002 0
2002 0
2002 NA
2002 NA
2002 NA
2002 0
2002 0
2002 0
2002 0
2002 NA
2002 0
2002 0
2002 0
2002 NA
2002 0
2002 0
2002 NA
2002 0
2002 NA
2002 NA
2002 0
2002 0
2002 0
2002 0
2003 0
2003 0
2003 NA
2003 NA
2003 NA
2003 0
2003 NA
2003 NA
2003 0
2003 0
2003 NA
2003 0
2003 0
2003 0
2003 0
2003 0
2003 0
2003 0
2003 0
2003 NA
2003 0
2003 0
2003 NA
2003 NA
2003 0
2003 0
2003 NA
2003 0
2003 0
2003 NA
2003 NA
2003 NA
2003 NA
2003 NA
2003 NA
2003 NA
2003 0
2003 NA
2003 NA
2003 NA
2003 NA
2003 0
2003 0
2003 NA
2003 NA
2003 0
2003 0
2003 2
2003 NA
2003 NA
2003 0
2003 0
2003 0
2003 NA
2003 0
2003 NA
2003 NA
2003 0
2003 0
2003 0
2003 NA
2003 0
2003 0
2003 0
2003 0
2003 0
2003 0
2003 4
2003 19
2003 10
2003 2
2003 0
2003 0
2003 0
2003 0
2003 0
2003 0
2003 0
2003 0
2003 0
2003 0
2003 0
2003 4
2003 2
2003 0
2003 0
2003 0
2003 0
2003 0
2003 0
2003 2
2003 0
2003 2
2003 12
2003 10
2003 10
2003 9
2003 7
2003 6
2003 6
2003 6
2003 5
2003 4
2003 3
2003 1
2003 0
2003 0
2003 0
2003 0
2003 0
2003 0
2003 0
2003 0
2003 0
2003 0
2003 0
2003 0
2003 0
2003 0
2003 1
2003 0
2003 0
2003 0
2003 0
2003 0
2003 1
2003 25
2003 20
2003 20
2003 19
2003 18
2003 17
2003 20
2003 20
2003 20
2003 20
2003 18
2003 15
2003 13
2003 13
2003 12
2003 12
2003 14
2003 31
2003 43
2003 55
2003 45
2003 43
2003 40
2003 35
2003 40
2003 60
2003 61
2003 57
2003 59
2003 60
2003 70
2003 99
2003 98
2003 91
2003 85
2003 81
2003 78
2003 75
2003 74
2003 73
2003 71
2003 70
2003 70
2003 70
2003 70
2003 70
2003 68
2003 66
2003 63
2003 60
2003 57
2003 54
2003 51
2003 50
2003 49
2003 48
2003 45
2003 48
2003 43
2003 40
2003 37
2003 39
2003 38
2003 35
2003 30
2003 25
2003 19
2003 18
2003 15
2003 13
2003 8
2003 8
2003 5
2003 5
2003 5
2003 5
2003 0
2003 0
2003 0
2003 0
2003 0
2003 0
2003 0
2003 0
2003 0
2003 0
2003 0
2003 1
2003 12
2003 8
2003 0
2003 0
2003 0
2003 0
2003 0
2003 16
2003 20
2003 11
2003 4
2003 0
2003 0
2003 0
2003 0
2003 0
2003 0
2003 0
2003 0
2003 0
2003 0
2003 0
2003 0
2003 0
2003 0
2003 0
2003 0
2003 0
2003 0
2003 0
2003 0
2003 0
2003 0
2003 0
2003 0
2003 0
2003 0
2003 0
2003 0
2003 0
2003 0
2003 0
2003 0
2003 0
2003 0
2003 0
2003 0
2003 0
2003 0
2003 0
2003 0
2003 0
2003 0
2003 0
2003 0
2003 0
2003 NA
2003 NA
2003 NA
2003 0
2003 NA
2003 NA
2003 0
2003 NA
2003 NA
2003 NA
2003 0
2003 0
2003 NA
2003 NA
2003 NA
2003 NA
2003 0
2003 0
2003 NA
2003 0
2003 0
2003 NA
2003 NA
2003 0
2003 0
2003 NA
2003 0
2003 0
2003 NA
2003 NA
2003 NA
2003 NA
2003 NA
2003 NA
2003 0
2003 0
2003 0
2003 0
2003 0
2003 0
2003 0
2003 NA
2003 0
2003 0
2003 0
2003 0
2003 NA
2003 0
2003 0
2003 0
2003 0
2003 NA
2003 NA
2003 0
2003 0
2003 0
2003 0
2003 0
2003 NA
2003 NA
2003 NA
2003 NA
2003 NA
2003 0
2003 0
2003 0
2003 0
2003 0
2003 0
2003 0
2003 0
2003 0
2003 0
2003 0
2003 0
2003 0
2003 0
2003 0
2003 0
2003 0
2003 0
2003 0
2003 0
2003 0
2003 0
2003 0
2003 0
2003 0
2003 0
2003 0
2003 0
2003 0
2003 0
2003 0
2003 0
2004 0
2004 0
2004 0
2004 0
2004 0
2004 0
2004 0
2004 0
2004 0
2004 0
2004 0
2004 0
2004 0
2004 0
2004 0
2004 0
2004 0
2004 0
2004 0
2004 0
2004 0
2004 0
2004 0
2004 0
2004 0
2004 0
2004 0
2004 0
2004 0
2004 0
2004 0
2004 0
2004 0
2004 0
2004 0
2004 2
2004 0
2004 2
2004 0
2004 0
2004 0
2004 0
2004 0
2004 0
2004 0
2004 0
2004 0
2004 0
2004 0
2004 0
2004 0
2004 0
2004 0
2004 8
2004 5
2004 3
2004 2
2004 2
2004 0
2004 18
2004 6
2004 2
2004 0
2004 0
2004 0
2004 0
2004 0
2004 0
2004 0
2004 0
2004 0
2004 0
2004 0
2004 0
2004 0
2004 0
2004 0
2004 0
2004 0
2004 0
2004 0
2004 0
2004 0
2004 0
2004 0
2004 0
2004 0
2004 0
2004 50
2004 43
2004 38
2004 27
2004 22
2004 16
2004 13
2004 11
2004 9
2004 9
2004 7
2004 6
2004 5
2004 4
2004 4
2004 4
2004 2
2004 6
2004 18
2004 15
2004 14
2004 14
2004 10
2004 3
2004 18
2004 28
2004 28
2004 21
2004 20
2004 14
2004 14
2004 31
2004 28
2004 26
2004 25
2004 33
2004 30
2004 30
2004 29
2004 28
2004 28
2004 26
2004 24
2004 24
2004 22
2004 18
2004 11
2004 9
2004 18
2004 16
2004 18
2004 35
2004 36
2004 37
2004 44
2004 38
2004 38
2004 36
2004 35
2004 35
2004 66
2004 71
2004 75
2004 80
2004 73
2004 60
2004 45
2004 42
2004 35
2004 30
2004 22
2004 16
2004 15
2004 16
2004 15
2004 13
2004 12
2004 10
2004 10
2004 10
2004 10
2004 10
2004 9
2004 9
2004 9
2004 9
2004 8
2004 12
2004 16
2004 10
2004 8
2004 20
2004 12
2004 12
2004 12
2004 12
2004 12
2004 10
2004 10
2004 6
2004 10
2004 8
2004 5
2004 5
2004 9
2004 3
2004 3
2004 3
2004 3
2004 3
2004 2
2004 2
2004 0
2004 0
2004 0
2004 6
2004 7
2004 22
2004 22
2004 20
2004 20
2004 10
2004 5
2004 0
2004 0
2004 0
2004 0
2004 0
2004 0
2004 0
2004 1
2004 21
2004 11
2004 3
2004 1
2004 3
2004 0
2004 0
2004 0
2004 0
2004 0
2004 0
2004 0
2004 16
2004 2
2004 0
2004 0
2004 0
2004 0
2004 0
2004 0
2004 0
2004 0
2004 0
2004 0
2004 0
2004 0
2004 0
2004 0
2004 0
2004 5
2004 5
2004 6
2004 8
2004 2
2004 0
2004 0
2004 0
2004 0
2004 0
2004 0
2004 0
2004 0
2004 0
2004 0
2004 0
2004 0
2004 0
2004 0
2004 0
2004 0
2004 0
2004 0
2004 0
2004 0
2004 0
2004 0
2004 0
2004 0
2004 0
2004 0
2004 0
2004 0
2004 0
2004 0
2004 0
2004 0
2004 0
2004 0
2004 0
2004 0
2004 0
2004 0
2004 0
2004 0
2004 0
2004 0
2004 0
2004 0
2004 0
2004 0
2004 0
2004 0
2004 0
2004 0
2004 0
2004 0
2004 0
2004 0
2004 0
2004 0
2004 0
2004 0
2004 0
2004 0
2004 0
2004 0
2004 0
2004 0
2004 0
2004 0
2004 0
2004 0
2004 0
2004 0
2004 0
2004 0
2004 0
2004 0
2004 0
2004 0
2004 0
2004 0
2004 0
2004 0
2004 0
2004 0
2004 0
2004 0
2004 0
2004 0
2004 0
2004 0
2004 0
2004 0
2004 0
2004 0
2004 0
2004 0
2004 0
2004 0
2004 0
2004 0
2004 0
2004 0
2004 0
2004 0
2004 0
2004 0
2004 0
2004 0
2004 0
2004 0
2004 0
2004 0
2004 0
2004 0
2004 0
2005 0
2005 0
2005 0
2005 0
2005 0
2005 0
2005 0
2005 0
2005 0
2005 0
2005 0
2005 0
2005 0
2005 0
2005 0
2005 0
2005 0
2005 0
2005 0
2005 0
2005 0
2005 0
2005 0
2005 0
2005 0
2005 0
2005 0
2005 0
2005 0
2005 0
2005 0
2005 0
2005 0
2005 0
2005 0
2005 0
2005 0
2005 0
2005 0
2005 0
2005 0
2005 0
2005 0
2005 0
2005 0
2005 1
2005 1
2005 0
2005 0
2005 0
2005 0
2005 0
2005 0
2005 0
2005 0
2005 0
2005 0
2005 0
2005 0
2005 0
2005 0
2005 0
2005 0
2005 0
2005 0
2005 0
2005 0
2005 0
2005 0
2005 0
2005 1
2005 1
2005 1
2005 0
2005 0
2005 0
2005 0
2005 0
2005 0
2005 2
2005 2
2005 2
2005 2
2005 1
2005 1
2005 1
2005 0
2005 0
2005 1
2005 1
2005 2
2005 3
2005 2
2005 2
2005 1
2005 1
2005 1
2005 1
2005 1
2005 1
2005 1
2005 1
2005 1
2005 1
2005 1
2005 1
2005 1
2005 3
2005 13
2005 15
2005 10
2005 10
2005 10
2005 10
2005 8
2005 8
2005 29
2005 29
2005 29
2005 40
2005 35
2005 32
2005 30
2005 25
2005 25
2005 25
2005 25
2005 24
2005 23
2005 22
2005 22
2005 22
2005 22
2005 21
2005 21
2005 21
2005 21
2005 21
2005 20
2005 20
2005 37
2005 36
2005 31
2005 46
2005 60
2005 78
2005 80
2005 75
2005 72
2005 72
2005 68
2005 70
2005 70
2005 73
2005 71
2005 69
2005 68
2005 66
2005 66
2005 65
2005 63
2005 63
2005 63
2005 63
2005 61
2005 60
2005 80
2005 104
2005 95
2005 90
2005 85
2005 82
2005 98
2005 96
2005 95
2005 91
2005 89
2005 88
2005 85
2005 84
2005 89
2005 85
2005 85
2005 83
2005 97
2005 100
2005 109
2005 108
2005 102
2005 95
2005 95
2005 92
2005 90
2005 90
2005 85
2005 81
2005 76
2005 72
2005 68
2005 62
2005 59
2005 52
2005 46
2005 42
2005 36
2005 31
2005 26
2005 18
2005 10
2005 0
2005 0
2005 0
2005 0
2005 0
2005 0
2005 0
2005 0
2005 0
2005 0
2005 0
2005 10
2005 15
2005 5
2005 4
2005 0
2005 67
2005 0
2005 0
2005 19
2005 22
2005 5
2005 20
2005 9
2005 0
2005 0
2005 0
2005 0
2005 0
2005 0
2005 0
2005 0
2005 0
2005 0
2005 0
2005 0
2005 0
2005 0
2005 0
2005 0
2005 0
2005 0
2005 0
2005 0
2005 0
2005 0
2005 0
2005 0
2005 0
2005 0
2005 0
2005 0
2005 0
2005 0
2005 0
2005 0
2005 0
2005 0
2005 0
2005 0
2005 0
2005 0
2005 0
2005 0
2005 0
2005 0
2005 0
2005 0
2005 0
2005 0
2005 0
2005 0
2005 0
2005 0
2005 0
2005 0
2005 0
2005 0
2005 0
2005 NA
2005 0
2005 0
2005 0
2005 0
2005 0
2005 0
2005 NA
2005 0
2005 0
2005 0
2005 0
2005 0
2005 0
2005 0
2005 0
2005 0
2005 0
2005 0
2005 0
2005 0
2005 0
2005 0
2005 0
2005 0
2005 0
2005 0
2005 0
2005 0
2005 0
2005 NA
2005 0
2005 NA
2005 0
2005 NA
2005 0
2005 0
2005 0
2005 0
2005 0
2005 0
2005 0
2005 0
2005 NA
2005 NA
2005 0
2005 0
2005 0
2005 0
2005 0
2005 0
2005 0
2005 0
2005 0
2005 0
2005 0
2005 0
2005 0
2005 0
2005 0
2005 0
2005 0
2005 0
2005 0
2005 0
2005 0
2005 0
2005 0
2005 0
2005 0
2005 0
2005 0
2005 0
2005 0
2005 0
2005 0
2005 0
2006 0
2006 0
2006 0
2006 0
2006 0
2006 0
2006 0
2006 0
2006 0
2006 0
2006 0
2006 0
2006 0
2006 0
2006 0
2006 0
2006 0
2006 0
2006 0
2006 0
2006 0
2006 0
2006 0
2006 0
2006 0
2006 0
2006 0
2006 0
2006 0
2006 0
2006 0
2006 0
2006 0
2006 0
2006 0
2006 0
2006 0
2006 0
2006 0
2006 0
2006 0
2006 0
2006 0
2006 0
2006 0
2006 0
2006 0
2006 0
2006 0
2006 0
2006 0
2006 0
2006 0
2006 0
2006 0
2006 0
2006 0
2006 0
2006 0
2006 0
2006 0
2006 0
2006 0
2006 0
2006 0
2006 0
2006 0
2006 0
2006 0
2006 0
2006 0
2006 0
2006 0
2006 0
2006 0
2006 0
2006 0
2006 0
2006 0
2006 0
2006 0
2006 0
2006 0
2006 0
2006 1
2006 13
2006 15
2006 11
2006 19
2006 19
2006 23
2006 14
2006 11
2006 29
2006 30
2006 25
2006 25
2006 42
2006 36
2006 43
2006 40
2006 38
2006 37
2006 36
2006 35
2006 35
2006 35
2006 50
2006 56
2006 53
2006 53
2006 50
2006 50
2006 50
2006 50
2006 49
2006 48
2006 49
2006 50
2006 49
2006 47
2006 47
2006 50
2006 59
2006 55
2006 52
2006 51
2006 50
2006 50
2006 49
2006 49
2006 48
2006 48
2006 48
2006 48
2006 48
2006 48
2006 48
2006 56
2006 70
2006 61
2006 61
2006 60
2006 60
2006 60
2006 59
2006 59
2006 61
2006 65
2006 62
2006 61
2006 60
2006 60
2006 59
2006 59
2006 59
2006 59
2006 59
2006 59
2006 59
2006 59
2006 61
2006 69
2006 65
2006 63
2006 63
2006 63
2006 60
2006 60
2006 66
2006 75
2006 80
2006 79
2006 73
2006 73
2006 72
2006 70
2006 70
2006 69
2006 69
2006 69
2006 78
2006 76
2006 84
2006 79
2006 80
2006 82
2006 88
2006 89
2006 80
2006 90
2006 110
2006 116
2006 108
2006 103
2006 99
2006 99
2006 89
2006 85
2006 84
2006 80
2006 78
2006 76
2006 72
2006 68
2006 60
2006 56
2006 46
2006 38
2006 50
2006 43
2006 35
2006 25
2006 22
2006 17
2006 12
2006 0
2006 6
2006 0
2006 0
2006 0
2006 0
2006 20
2006 11
2006 10
2006 7
2006 0
2006 0
2006 0
2006 0
2006 0
2006 0
2006 0
2006 0
2006 0
2006 0
2006 0
2006 0
2006 0
2006 0
2006 0
2006 0
2006 0
2006 0
2006 0
2006 0
2006 0
2006 0
2006 0
2006 0
2006 2
2006 0
2006 0
2006 0
2006 0
2006 0
2006 0
2006 0
2006 0
2006 0
2006 0
2006 0
2006 0
2006 0
2006 0
2006 0
2006 0
2006 0
2006 0
2006 0
2006 0
2006 1
2006 5
2006 0
2006 0
2006 0
2006 0
2006 0
2006 0
2006 0
2006 0
2006 0
2006 0
2006 0
2006 0
2006 0
2006 0
2006 0
2006 0
2006 0
2006 0
2006 0
2006 0
2006 0
2006 0
2006 0
2006 0
2006 0
2006 0
2006 0
2006 0
2006 0
2006 0
2006 0
2006 0
2006 0
2006 0
2006 0
2006 0
2006 0
2006 0
2006 0
2006 0
2006 0
2006 0
2006 0
2006 0
2006 0
2006 0
2006 0
2006 0
2006 0
2006 0
2006 0
2006 0
2006 0
2006 0
2006 0
2006 0
2006 0
2006 0
2006 0
2006 0
2006 0
2006 0
2006 0
2006 0
2006 0
2006 0
2006 0
2006 0
2006 0
2006 0
2006 0
2006 0
2006 0
2006 0
2006 0
2006 0
2006 NA
2006 0
2006 0
2006 0
2006 0
2006 NA
2006 0
2006 0
2006 0
2006 0
2006 0
2006 0
2006 0
2006 0
2006 0
2006 0
2007 0
2007 NA
2007 NA
2007 NA
2007 0
2007 0
2007 NA
2007 NA
2007 NA
2007 NA
2007 0
2007 0
2007 0
2007 0
2007 0
2007 0
2007 0
2007 0
2007 0
2007 0
2007 0
2007 0
2007 0
2007 0
2007 0
2007 0
2007 NA
2007 0
2007 0
2007 0
2007 NA
2007 NA
2007 0
2007 0
2007 NA
2007 NA
2007 NA
2007 NA
2007 NA
2007 NA
2007 0
2007 0
2007 0
2007 NA
2007 0
2007 0
2007 0
2007 0
2007 0
2007 0
2007 0
2007 0
2007 0
2007 0
2007 0
2007 0
2007 0
2007 0
2007 0
2007 0
2007 NA
2007 0
2007 NA
2007 NA
2007 NA
2007 0
2007 NA
2007 0
2007 0
2007 0
2007 0
2007 0
2007 NA
2007 NA
2007 0
2007 0
2007 0
2007 0
2007 NA
2007 NA
2007 NA
2007 NA
2007 NA
2007 NA
2007 NA
2007 0
2007 0
2007 0
2007 0
2007 NA
2007 NA
2007 NA
2007 0
2007 0
2007 0
2007 0
2007 0
2007 0
2007 0
2007 13
2007 13
2007 11
2007 10
2007 9
2007 9
2007 9
2007 8
2007 NA
2007 3
2007 3
2007 2
2007 2
2007 2
2007 2
2007 2
2007 2
2007 2
2007 2
2007 2
2007 2
2007 NA
2007 NA
2007 0
2007 9
2007 20
2007 17
2007 11
2007 10
2007 8
2007 5
2007 1
2007 0
2007 0
2007 0
2007 0
2007 0
2007 0
2007 0
2007 0
2007 0
2007 0
2007 0
2007 0
2007 0
2007 0
2007 24
2007 24
2007 21
2007 19
2007 17
2007 16
2007 15
2007 16
2007 15
2007 15
2007 14
2007 12
2007 12
2007 12
2007 16
2007 14
2007 16
2007 16
2007 20
2007 14
2007 25
2007 18
2007 85
2007 11
2007 10
2007 9
2007 9
2007 8
2007 8
2007 5
2007 3
2007 1
2007 0
2007 20
2007 21
2007 10
2007 5
2007 2
2007 0
2007 0
2007 0
2007 0
2007 0
2007 0
2007 0
2007 8
2007 138
2007 0
2007 0
2007 0
2007 0
2007 0
2007 0
2007 0
2007 8
2007 17
2007 16
2007 14
2007 17
2007 18
2007 13
2007 7
2007 4
2007 1
2007 0
2007 0
2007 5
2007 0
2007 0
2007 0
2007 0
2007 0
2007 0
2007 0
2007 0
2007 0
2007 0
2007 0
2007 0
2007 0
2007 0
2007 0
2007 0
2007 0
2007 0
2007 0
2007 0
2007 0
2007 0
2007 0
2007 0
2007 0
2007 0
2007 0
2007 0
2007 0
2007 0
2007 0
2007 0
2007 0
2007 0
2007 0
2007 0
2007 0
2007 0
2007 0
2007 0
2007 0
2007 0
2007 0
2007 0
2007 0
2007 0
2007 0
2007 0
2007 0
2007 0
2007 0
2007 0
2007 0
2007 0
2007 0
2007 0
2007 0
2007 2
2007 0
2007 0
2007 0
2007 0
2007 0
2007 0
2007 0
2007 0
2007 0
2007 0
2007 0
2007 0
2007 0
2007 0
2007 0
2007 0
2007 0
2007 0
2007 0
2007 0
2007 0
2007 0
2007 0
2007 0
2007 0
2007 0
2007 0
2007 0
2007 0
2007 0
2007 0
2007 0
2007 0
2007 0
2007 0
2007 0
2007 0
2007 0
2007 0
2007 0
2007 0
2007 0
2007 0
2007 0
2007 0
2007 0
2007 0
2007 0
2007 0
2007 0
2007 0
2007 0
2007 0
2007 0
2007 0
2007 0
2007 0
2007 0
2007 0
2007 0
2007 0
2007 0
2007 0
2007 0
2007 NA
2007 0
2007 0
2007 0
2007 0
2007 0
2007 0
2007 0
2007 0
2007 0
2007 0
2007 0
2007 NA
2007 NA
2007 NA
2007 NA
2007 0
2007 NA
2007 0
2007 NA
2007 NA
2007 0
2007 0
2007 0
2007 NA
2007 NA
2007 NA
2007 NA
2007 NA
2007 NA
2007 NA
2008 NA
2008 NA
2008 0
2008 0
2008 NA
2008 NA
2008 NA
2008 NA
2008 NA
2008 0
2008 0
2008 0
2008 0
2008 0
2008 0
2008 NA
2008 0
2008 0
2008 0
2008 0
2008 0
2008 0
2008 0
2008 0
2008 NA
2008 NA
2008 0
2008 0
2008 NA
2008 NA
2008 NA
2008 0
2008 0
2008 0
2008 0
2008 0
2008 NA
2008 0
2008 0
2008 NA
2008 NA
2008 NA
2008 0
2008 NA
2008 0
2008 0
2008 0
2008 0
2008 0
2008 NA
2008 0
2008 0
2008 0
2008 0
2008 0
2008 0
2008 0
2008 NA
2008 NA
2008 0
2008 NA
2008 NA
2008 0
2008 0
2008 0
2008 0
2008 0
2008 0
2008 0
2008 1
2008 2
2008 7
2008 1
2008 0
2008 20
2008 25
2008 21
2008 20
2008 18
2008 17
2008 12
2008 6
2008 0
2008 0
2008 NA
2008 NA
2008 0
2008 0
2008 0
2008 0
2008 0
2008 0
2008 NA
2008 NA
2008 17
2008 11
2008 8
2008 1
2008 11
2008 NA
2008 20
2008 40
2008 43
2008 38
2008 NA
2008 32
2008 30
2008 31
2008 30
2008 29
2008 NA
2008 27
2008 25
2008 25
2008 25
2008 84
2008 25
2008 25
2008 24
2008 24
2008 34
2008 30
2008 30
2008 29
2008 28
2008 27
2008 25
2008 20
2008 14
2008 10
2008 10
2008 10
2008 10
2008 20
2008 30
2008 25
2008 31
2008 36
2008 36
2008 35
2008 30
2008 25
2008 22
2008 23
2008 23
2008 23
2008 23
2008 23
2008 23
2008 23
2008 23
2008 22
2008 22
2008 22
2008 25
2008 30
2008 28
2008 45
2008 35
2008 35
2008 35
2008 34
2008 33
2008 33
2008 33
2008 33
2008 33
2008 32
2008 32
2008 32
2008 32
2008 32
2008 32
2008 30
2008 25
2008 24
2008 22
2008 20
2008 15
2008 10
2008 8
2008 5
2008 3
2008 0
2008 0
2008 6
2008 5
2008 4
2008 2
2008 2
2008 1
2008 1
2008 11
2008 1
2008 0
2008 0
2008 0
2008 0
2008 0
2008 1
2008 0
2008 0
2008 4
2008 37
2008 30
2008 38
2008 49
2008 36
2008 35
2008 25
2008 20
2008 12
2008 10
2008 7
2008 2
2008 1
2008 1
2008 0
2008 1
2008 13
2008 5
2008 4
2008 0
2008 0
2008 6
2008 0
2008 2
2008 8
2008 1
2008 0
2008 0
2008 0
2008 0
2008 0
2008 0
2008 0
2008 0
2008 0
2008 0
2008 0
2008 0
2008 0
2008 0
2008 0
2008 0
2008 0
2008 0
2008 0
2008 0
2008 0
2008 0
2008 0
2008 0
2008 0
2008 0
2008 0
2008 0
2008 0
2008 0
2008 0
2008 0
2008 0
2008 0
2008 0
2008 0
2008 0
2008 0
2008 0
2008 0
2008 0
2008 0
2008 0
2008 0
2008 0
2008 0
2008 0
2008 0
2008 0
2008 0
2008 0
2008 0
2008 0
2008 0
2008 0
2008 0
2008 0
2008 0
2008 0
2008 0
2008 0
2008 0
2008 0
2008 0
2008 0
2008 0
2008 0
2008 0
2008 0
2008 0
2008 0
2008 0
2008 0
2008 0
2008 0
2008 0
2008 0
2008 0
2008 0
2008 0
2008 0
2008 0
2008 0
2008 0
2008 0
2008 0
2008 0
2008 0
2008 0
2008 0
2008 0
2008 0
2008 0
2008 0
2008 0
2008 0
2008 0
2008 0
2008 0
2008 0
2008 0
2008 0
2008 0
2008 0
2008 0
2008 0
2008 0
2008 0
2008 0
2008 0
2008 0
2008 0
2008 0
2008 0
2008 0
2008 0
2008 0
2008 0
2008 0
2008 0
2008 0
2008 0
2008 0
2008 0
2008 0
2008 0
2008 0
2008 0
2008 0
2008 0
2008 0
2008 0
2008 0
2008 0
2008 0
2008 0
2008 0
2009 0
2009 0
2009 0
2009 0
2009 0
2009 0
2009 0
2009 0
2009 0
2009 0
2009 0
2009 0
2009 0
2009 0
2009 0
2009 0
2009 0
2009 0
2009 0
2009 0
2009 0
2009 0
2009 0
2009 0
2009 0
2009 0
2009 0
2009 0
2009 0
2009 0
2009 0
2009 0
2009 0
2009 7
2009 1
2009 0
2009 0
2009 0
2009 0
2009 0
2009 0
2009 0
2009 0
2009 0
2009 0
2009 0
2009 0
2009 0
2009 0
2009 0
2009 0
2009 0
2009 0
2009 0
2009 0
2009 0
2009 0
2009 0
2009 4
2009 27
2009 15
2009 7
2009 3
2009 0
2009 0
2009 0
2009 0
2009 0
2009 0
2009 0
2009 0
2009 0
2009 0
2009 0
2009 0
2009 0
2009 0
2009 0
2009 0
2009 0
2009 0
2009 0
2009 10
2009 15
2009 36
2009 30
2009 27
2009 25
2009 21
2009 20
2009 19
2009 19
2009 24
2009 24
2009 21
2009 18
2009 40
2009 44
2009 NA
2009 35
2009 50
2009 52
2009 55
2009 51
2009 48
2009 45
2009 44
2009 54
2009 64
2009 55
2009 50
2009 50
2009 48
2009 47
2009 44
2009 44
2009 44
2009 44
2009 44
2009 44
2009 44
2009 44
2009 42
2009 41
2009 42
2009 42
2009 43
2009 41
2009 43
2009 43
2009 42
2009 42
2009 42
2009 42
2009 42
2009 41
2009 43
2009 43
2009 43
2009 43
2009 44
2009 59
2009 56
2009 53
2009 48
2009 50
2009 55
2009 53
2009 52
2009 51
2009 51
2009 50
2009 50
2009 50
2009 50
2009 48
2009 48
2009 48
2009 46
2009 60
2009 80
2009 80
2009 60
2009 70
2009 70
2009 78
2009 73
2009 74
2009 71
2009 70
2009 102
2009 93
2009 89
2009 86
2009 85
2009 91
2009 90
2009 88
2009 85
2009 82
2009 80
2009 76
2009 71
2009 69
2009 66
2009 81
2009 99
2009 109
2009 98
2009 98
2009 100
2009 109
2009 99
2009 94
2009 90
2009 85
2009 81
2009 80
2009 76
2009 71
2009 70
2009 70
2009 70
2009 65
2009 75
2009 82
2009 88
2009 71
2009 61
2009 68
2009 63
2009 63
2009 59
2009 52
2009 46
2009 42
2009 144
2009 22
2009 15
2009 12
2009 0
2009 0
2009 0
2009 0
2009 0
2009 0
2009 0
2009 0
2009 0
2009 0
2009 0
2009 0
2009 0
2009 0
2009 0
2009 0
2009 0
2009 0
2009 0
2009 0
2009 1
2009 0
2009 0
2009 0
2009 0
2009 0
2009 0
2009 0
2009 0
2009 0
2009 0
2009 0
2009 0
2009 0
2009 0
2009 0
2009 0
2009 0
2009 0
2009 0
2009 0
2009 0
2009 0
2009 0
2009 0
2009 0
2009 0
2009 0
2009 0
2009 0
2009 0
2009 0
2009 0
2009 0
2009 0
2009 0
2009 0
2009 0
2009 0
2009 0
2009 0
2009 0
2009 0
2009 0
2009 0
2009 0
2009 0
2009 0
2009 0
2009 0
2009 0
2009 0
2009 0
2009 0
2009 0
2009 0
2009 0
2009 0
2009 0
2009 0
2009 0
2009 0
2009 0
2009 0
2009 NA
2009 NA
2009 NA
2009 NA
2009 0
2009 0
2009 0
2009 0
2009 0
2009 NA
2009 0
2009 NA
2009 0
2009 0
2009 0
2009 NA
2009 0
2009 0
2009 NA
2009 0
2009 0
2009 NA
2009 0
2009 NA
2009 0
2009 NA
2009 0
2009 NA
2009 NA
2009 NA
2009 NA
2009 0
2009 0
2009 0
2009 0
2009 0
2009 0
2009 0
2009 0
2009 0
2009 0
2009 0
2009 0
2009 0
2009 0
2009 0
2009 0
2009 0
2009 0
2009 0
2009 0
2009 0
2009 0
2009 0
2009 0
2009 0
2009 0
2009 0
2009 0
2009 0
2009 0
2010 0
2010 0
2010 0
2010 0
2010 0
2010 0
2010 0
2010 0
2010 0
2010 0
2010 0
2010 0
2010 0
2010 0
2010 0
2010 0
2010 0
2010 0
2010 0
2010 0
2010 0
2010 0
2010 0
2010 0
2010 0
2010 0
2010 0
2010 0
2010 0
2010 0
2010 0
2010 0
2010 0
2010 0
2010 0
2010 0
2010 0
2010 0
2010 0
2010 0
2010 0
2010 0
2010 0
2010 0
2010 0
2010 0
2010 0
2010 0
2010 0
2010 0
2010 0
2010 0
2010 0
2010 0
2010 0
2010 0
2010 0
2010 0
2010 0
2010 0
2010 0
2010 0
2010 0
2010 1
2010 0
2010 2
2010 0
2010 1
2010 4
2010 2
2010 5
2010 2
2010 1
2010 0
2010 0
2010 0
2010 0
2010 0
2010 0
2010 0
2010 0
2010 0
2010 0
2010 0
2010 0
2010 0
2010 0
2010 0
2010 0
2010 0
2010 15
2010 31
2010 30
2010 27
2010 23
2010 21
2010 18
2010 10
2010 5
2010 0
2010 2
2010 1
2010 1
2010 4
2010 4
2010 0
2010 10
2010 10
2010 10
2010 18
2010 20
2010 32
2010 23
2010 18
2010 12
2010 10
2010 10
2010 10
2010 10
2010 9
2010 5
2010 3
2010 1
2010 11
2010 11
2010 26
2010 39
2010 30
2010 NA
2010 NA
2010 28
2010 30
2010 28
2010 27
2010 NA
2010 NA
2010 30
2010 26
2010 22
2010 20
2010 20
2010 20
2010 26
2010 26
2010 26
2010 NA
2010 28
2010 28
2010 28
2010 30
2010 NA
2010 47
2010 43
2010 40
2010 46
2010 41
2010 38
2010 35
2010 56
2010 60
2010 58
2010 51
2010 60
2010 65
2010 61
2010 60
2010 59
2010 58
2010 56
2010 52
2010 45
2010 41
2010 55
2010 51
2010 46
2010 41
2010 40
2010 39
2010 35
2010 38
2010 30
2010 27
2010 28
2010 24
2010 26
2010 26
2010 26
2010 28
2010 28
2010 27
2010 26
2010 23
2010 23
2010 23
2010 23
2010 23
2010 23
2010 22
2010 18
2010 13
2010 10
2010 0
2010 0
2010 0
2010 0
2010 0
2010 0
2010 11
2010 6
2010 3
2010 0
2010 1
2010 13
2010 5
2010 1
2010 6
2010 1
2010 0
2010 0
2010 0
2010 0
2010 0
2010 0
2010 0
2010 1
2010 1
2010 0
2010 0
2010 0
2010 0
2010 0
2010 0
2010 0
2010 0
2010 0
2010 0
2010 0
2010 0
2010 0
2010 0
2010 0
2010 0
2010 0
2010 0
2010 0
2010 0
2010 0
2010 0
2010 0
2010 0
2010 0
2010 0
2010 0
2010 0
2010 0
2010 0
2010 0
2010 0
2010 0
2010 0
2010 0
2010 0
2010 0
2010 0
2010 0
2010 0
2010 0
2010 0
2010 0
2010 0
2010 0
2010 0
2010 0
2010 0
2010 0
2010 0
2010 0
2010 0
2010 0
2010 0
2010 0
2010 0
2010 0
2010 0
2010 0
2010 0
2010 0
2010 0
2010 0
2010 0
2010 0
2010 0
2010 0
2010 0
2010 0
2010 0
2010 0
2010 0
2010 0
2010 0
2010 0
2010 0
2010 NA
2010 NA
2010 0
2010 0
2010 0
2010 0
2010 0
2010 0
2010 0
2010 0
2010 0
2010 0
2010 0
2010 0
2010 0
2010 0
2010 0
2010 0
2010 0
2010 0
2010 0
2010 0
2010 0
2010 0
2010 0
2010 0
2010 0
2010 0
2010 0
2010 0
2010 0
2010 0
2010 0
2010 0
2010 0
2010 0
2010 0
2010 0
2010 NA
2010 NA
2010 NA
2010 0
2010 0
2010 0
2010 0
2010 NA
2010 0
2010 NA
2010 0
2010 NA
2010 0
2010 0
2010 0
2010 0
2010 0
2010 0
2010 0
2010 0
2010 0
2010 0
2010 0
2010 NA
2010 0
2011 NA
2011 0
2011 NA
2011 NA
2011 NA
2011 NA
2011 NA
2011 NA
2011 NA
2011 NA
2011 NA
2011 NA
2011 NA
2011 0
2011 0
2011 NA
2011 0
2011 NA
2011 NA
2011 NA
2011 NA
2011 NA
2011 NA
2011 0
2011 NA
2011 0
2011 0
2011 0
2011 NA
2011 NA
2011 0
2011 NA
2011 NA
2011 0
2011 0
2011 NA
2011 NA
2011 NA
2011 NA
2011 NA
2011 NA
2011 NA
2011 NA
2011 NA
2011 NA
2011 NA
2011 NA
2011 NA
2011 NA
2011 NA
2011 NA
2011 NA
2011 NA
2011 0
2011 NA
2011 NA
2011 NA
2011 NA
2011 NA
2011 NA
2011 NA
2011 NA
2011 NA
2011 NA
2011 0
2011 NA
2011 0
2011 0
2011 6
2011 NA
2011 2
2011 2
2011 NA
2011 0
2011 0
2011 0
2011 NA
2011 NA
2011 5
2011 4
2011 NA
2011 NA
2011 1
2011 NA
2011 NA
2011 10
2011 NA
2011 NA
2011 NA
2011 31
2011 28
2011 39
2011 48
2011 43
2011 41
2011 35
2011 30
2011 18
2011 11
2011 2
2011 2
2011 2
2011 2
2011 2
2011 2
2011 4
2011 4
2011 24
2011 30
2011 25
2011 20
2011 15
2011 11
2011 8
2011 10
2011 22
2011 25
2011 22
2011 21
2011 21
2011 18
2011 17
2011 17
2011 17
2011 15
2011 15
2011 15
2011 15
2011 10
2011 8
2011 3
2011 3
2011 2
2011 8
2011 2
2011 0
2011 0
2011 0
2011 0
2011 0
2011 0
2011 0
2011 2
2011 2
2011 1
2011 1
2011 0
2011 1
2011 0
2011 0
2011 0
2011 0
2011 0
2011 0
2011 0
2011 0
2011 0
2011 0
2011 0
2011 0
2011 0
2011 0
2011 0
2011 0
2011 0
2011 0
2011 0
2011 0
2011 2
2011 1
2011 0
2011 0
2011 2
2011 7
2011 4
2011 3
2011 8
2011 4
2011 0
2011 12
2011 28
2011 18
2011 16
2011 16
2011 15
2011 13
2011 12
2011 9
2011 5
2011 2
2011 0
2011 0
2011 0
2011 0
2011 0
2011 0
2011 0
2011 0
2011 0
2011 0
2011 0
2011 0
2011 0
2011 0
2011 0
2011 0
2011 0
2011 0
2011 0
2011 0
2011 0
2011 0
2011 0
2011 0
2011 0
2011 0
2011 0
2011 0
2011 0
2011 0
2011 0
2011 0
2011 0
2011 0
2011 0
2011 0
2011 0
2011 0
2011 0
2011 0
2011 0
2011 0
2011 0
2011 0
2011 0
2011 0
2011 0
2011 0
2011 0
2011 0
2011 0
2011 0
2011 0
2011 0
2011 NA
2011 NA
2011 NA
2011 NA
2011 NA
2011 NA
2011 NA
2011 NA
2011 NA
2011 NA
2011 NA
2011 NA
2011 NA
2011 NA
2011 NA
2011 NA
2011 NA
2011 NA
2011 NA
2011 NA
2011 NA
2011 NA
2011 NA
2011 NA
2011 NA
2011 NA
2011 NA
2011 NA
2011 NA
2011 NA
2011 NA
2011 NA
2011 NA
2011 NA
2011 NA
2011 NA
2011 NA
2011 NA
2011 NA
2011 NA
2011 NA
2011 NA
2011 NA
2011 NA
2011 NA
2011 NA
2011 NA
2011 NA
2011 NA
2011 NA
2011 NA
2011 NA
2011 NA
2011 NA
2011 NA
2011 0
2011 NA
2011 NA
2011 NA
2011 NA
2011 NA
2011 NA
2011 NA
2011 NA
2011 0
2011 NA
2011 NA
2011 NA
2011 0
2011 NA
2011 0
2011 NA
2011 NA
2011 NA
2011 NA
2011 NA
2011 0
2011 0
2011 0
2011 NA
2011 0
2011 NA
2011 0
2011 0
2011 0
2011 0
2011 0
2011 0
2011 NA
2011 0
2011 0
2011 0
2011 0
2011 NA
2011 0
2011 NA
2011 NA
2011 NA
2011 0
2011 0
2011 0
2011 0
2011 NA
2011 NA
2011 0
2011 NA
2011 0
2011 NA
2011 NA
2011 NA
2011 NA
2011 0
2011 0
2011 NA
2011 NA
2011 0
2011 NA
2011 NA
2011 NA
2011 0
2011 0
2012 NA
2012 NA
2012 0
2012 0
2012 0
2012 0
2012 0
2012 0
2012 0
2012 0
2012 0
2012 0
2012 0
2012 0
2012 0
2012 0
2012 0
2012 0
2012 0
2012 0
2012 0
2012 0
2012 0
2012 0
2012 0
2012 0
2012 0
2012 0
2012 0
2012 0
2012 0
2012 0
2012 0
2012 0
2012 0
2012 0
2012 0
2012 0
2012 0
2012 0
2012 0
2012 0
2012 0
2012 0
2012 0
2012 0
2012 0
2012 0
2012 0
2012 0
2012 0
2012 0
2012 0
2012 0
2012 0
2012 0
2012 0
2012 0
2012 0
2012 0
2012 0
2012 0
2012 0
2012 0
2012 0
2012 0
2012 0
2012 0
2012 0
2012 0
2012 0
2012 0
2012 0
2012 0
2012 0
2012 0
2012 0
2012 0
2012 0
2012 0
2012 0
2012 0
2012 0
2012 0
2012 0
2012 0
2012 0
2012 0
2012 0
2012 0
2012 0
2012 NA
2012 NA
2012 0
2012 NA
2012 NA
2012 NA
2012 42
2012 NA
2012 25
2012 NA
2012 NA
2012 12
2012 NA
2012 15
2012 18
2012 23
2012 24
2012 45
2012 48
2012 48
2012 55
2012 52
2012 38
2012 37
2012 35
2012 33
2012 32
2012 34
2012 33
2012 50
2012 60
2012 47
2012 42
2012 40
2012 39
2012 42
2012 71
2012 69
2012 70
2012 66
2012 65
2012 62
2012 61
2012 60
2012 58
2012 60
2012 58
2012 58
2012 58
2012 58
2012 56
2012 91
2012 70
2012 62
2012 60
2012 70
2012 62
2012 61
2012 74
2012 75
2012 71
2012 82
2012 95
2012 91
2012 90
2012 92
2012 91
2012 89
2012 87
2012 86
2012 86
2012 84
2012 82
2012 86
2012 86
2012 80
2012 88
2012 100
2012 92
2012 90
2012 89
2012 95
2012 90
2012 90
2012 88
2012 87
2012 83
2012 77
2012 73
2012 72
2012 71
2012 65
2012 62
2012 61
2012 60
2012 62
2012 61
2012 59
2012 62
2012 61
2012 58
2012 58
2012 55
2012 54
2012 49
2012 47
2012 35
2012 33
2012 27
2012 55
2012 48
2012 39
2012 30
2012 26
2012 18
2012 8
2012 0
2012 0
2012 0
2012 0
2012 0
2012 0
2012 0
2012 0
2012 0
2012 0
2012 0
2012 0
2012 0
2012 1
2012 0
2012 0
2012 6
2012 1
2012 1
2012 0
2012 1
2012 0
2012 0
2012 4
2012 1
2012 2
2012 0
2012 4
2012 1
2012 3
2012 1
2012 0
2012 NA
2012 NA
2012 NA
2012 NA
2012 NA
2012 NA
2012 NA
2012 NA
2012 NA
2012 NA
2012 NA
2012 NA
2012 NA
2012 NA
2012 NA
2012 NA
2012 NA
2012 NA
2012 NA
2012 NA
2012 NA
2012 NA
2012 NA
2012 NA
2012 NA
2012 NA
2012 NA
2012 NA
2012 NA
2012 NA
2012 NA
2012 NA
2012 NA
2012 NA
2012 NA
2012 NA
2012 NA
2012 NA
2012 NA
2012 NA
2012 NA
2012 NA
2012 NA
2012 NA
2012 NA
2012 NA
2012 NA
2012 NA
2012 NA
2012 NA
2012 NA
2012 NA
2012 NA
2012 NA
2012 NA
2012 NA
2012 NA
2012 NA
2012 NA
2012 NA
2012 NA
2012 NA
2012 NA
2012 NA
2012 NA
2012 NA
2012 NA
2012 NA
2012 NA
2012 NA
2012 NA
2012 NA
2012 NA
2012 NA
2012 NA
2012 NA
2012 NA
2012 NA
2012 NA
2012 NA
2012 NA
2012 NA
2012 NA
2012 NA
2012 NA
2012 NA
2012 NA
2012 NA
2012 NA
2012 NA
2012 NA
2012 NA
2012 NA
2012 NA
2012 NA
2012 NA
2012 NA
2012 NA
2012 NA
2012 NA
2012 NA
2012 NA
2012 NA
2012 NA
2012 NA
2012 NA
2012 NA
2012 NA
2012 NA
2012 NA
2012 NA
2012 NA
2012 NA
2012 NA
2012 NA
2012 NA
2012 NA
2012 NA
2012 NA
2012 NA
2012 NA
2012 NA
2012 NA
2012 NA
2012 NA
2012 NA
2012 NA
2013 NA
2013 NA
2013 NA
2013 NA
2013 NA
2013 NA
2013 NA
2013 NA
2013 NA
2013 NA
2013 NA
2013 NA
2013 NA
2013 NA
2013 NA
2013 NA
2013 NA
2013 NA
2013 NA
2013 NA
2013 NA
2013 NA
2013 NA
2013 NA
2013 NA
2013 NA
2013 NA
2013 NA
2013 NA
2013 NA
2013 NA
2013 NA
2013 NA
2013 NA
2013 NA
2013 NA
2013 NA
2013 NA
2013 NA
2013 NA
2013 NA
2013 NA
2013 NA
2013 NA
2013 NA
2013 NA
2013 NA
2013 NA
2013 NA
2013 NA
2013 NA
2013 NA
2013 NA
2013 NA
2013 NA
2013 NA
2013 NA
2013 NA
2013 NA
2013 NA
2013 NA
2013 NA
2013 NA
2013 NA
2013 NA
2013 NA
2013 NA
2013 NA
2013 NA
2013 NA
2013 NA
2013 NA
2013 NA
2013 NA
2013 NA
2013 NA
2013 NA
2013 NA
2013 NA
2013 NA
2013 NA
2013 NA
2013 NA
2013 0
2013 NA
2013 NA
2013 NA
2013 NA
2013 12
2013 18
2013 NA
2013 14
2013 16
2013 18
2013 26
2013 40
2013 60
2013 57
2013 79
2013 75
2013 78
2013 73
2013 70
2013 65
2013 62
2013 45
2013 36
2013 40
2013 57
2013 58
2013 50
2013 45
2013 42
2013 40
2013 35
2013 33
2013 33
2013 29
2013 27
2013 26
2013 27
2013 25
2013 25
2013 31
2013 30
2013 30
2013 27
2013 24
2013 25
2013 25
2013 24
2013 24
2013 45
2013 52
2013 51
2013 48
2013 47
2013 55
2013 57
2013 56
2013 55
2013 55
2013 54
2013 68
2013 60
2013 60
2013 58
2013 58
2013 58
2013 70
2013 62
2013 58
2013 50
2013 45
2013 52
2013 58
2013 66
2013 59
2013 71
2013 86
2013 87
2013 83
2013 79
2013 91
2013 95
2013 91
2013 89
2013 99
2013 92
2013 90
2013 89
2013 87
2013 84
2013 82
2013 85
2013 87
2013 95
2013 93
2013 89
2013 86
2013 85
2013 82
2013 81
2013 80
2013 76
2013 73
2013 70
2013 68
2013 68
2013 60
2013 56
2013 58
2013 55
2013 52
2013 58
2013 56
2013 53
2013 52
2013 75
2013 88
2013 72
2013 72
2013 71
2013 68
2013 61
2013 61
2013 61
2013 60
2013 56
2013 60
2013 57
2013 61
2013 55
2013 52
2013 50
2013 45
2013 43
2013 41
2013 36
2013 35
2013 45
2013 34
2013 20
2013 15
2013 0
2013 0
2013 0
2013 0
2013 0
2013 0
2013 0
2013 20
2013 5
2013 NA
2013 NA
2013 NA
2013 NA
2013 NA
2013 NA
2013 NA
2013 NA
2013 NA
2013 NA
2013 NA
2013 NA
2013 NA
2013 0
2013 NA
2013 NA
2013 NA
2013 NA
2013 NA
2013 NA
2013 NA
2013 NA
2013 NA
2013 NA
2013 NA
2013 NA
2013 NA
2013 NA
2013 NA
2013 NA
2013 NA
2013 NA
2013 NA
2013 NA
2013 NA
2013 NA
2013 NA
2013 NA
2013 0
2013 0
2013 NA
2013 0
2013 0
2013 0
2013 NA
2013 0
2013 NA
2013 0
2013 NA
2013 NA
2013 NA
2013 NA
2013 NA
2013 NA
2013 NA
2013 NA
2013 NA
2013 NA
2013 NA
2013 NA
2013 NA
2013 NA
2013 NA
2013 NA
2013 NA
2013 NA
2013 NA
2013 NA
2013 NA
2013 NA
2013 0
2013 NA
2013 NA
2013 NA
2013 NA
2013 NA
2013 NA
2013 NA
2013 NA
2013 NA
2013 NA
2013 NA
2013 0
2013 NA
2013 0
2013 NA
2013 0
2013 0
2013 0
2013 0
2013 NA
2013 0
2013 NA
2013 0
2013 NA
2013 0
2013 NA
2013 0
2013 0
2013 NA
2013 0
2013 NA
2013 0
2013 NA
2013 0
2013 NA
2013 NA
2013 NA
2013 NA
2013 NA
2013 0
2013 0
2013 NA
2013 0
2013 NA
2013 0
2013 NA
2013 0
2013 0
2013 NA
2013 0
2013 NA
2013 NA
2013 0
2013 0
2013 0
2013 0
2013 NA
2013 0
2013 0
2013 0
2013 0
2014 NA
2014 NA
2014 NA
2014 NA
2014 NA
2014 NA
2014 NA
2014 NA
2014 NA
2014 NA
2014 NA
2014 NA
2014 NA
2014 NA
2014 NA
2014 0
2014 NA
2014 0
2014 NA
2014 0
2014 NA
2014 0
2014 NA
2014 0
2014 0
2014 0
2014 0
2014 NA
2014 NA
2014 NA
2014 NA
2014 NA
2014 NA
2014 NA
2014 NA
2014 NA
2014 NA
2014 0
2014 0
2014 0
2014 20
2014 10
2014 4
2014 0
2014 NA
2014 NA
2014 NA
2014 NA
2014 NA
2014 NA
2014 NA
2014 NA
2014 NA
2014 NA
2014 0
2014 0
2014 0
2014 0
2014 NA
2014 NA
2014 NA
2014 NA
2014 NA
2014 NA
2014 NA
2014 NA
2014 NA
2014 NA
2014 NA
2014 0
2014 0
2014 NA
2014 NA
2014 NA
2014 0
2014 6
2014 4
2014 2
2014 0
2014 NA
2014 8
2014 NA
2014 NA
2014 NA
2014 NA
2014 12
2014 10
2014 NA
2014 NA
2014 10
2014 27
2014 NA
2014 NA
2014 20
2014 17
2014 15
2014 10
2014 10
2014 10
2014 8
2014 8
2014 8
2014 8
2014 8
2014 5
2014 6
2014 6
2014 5
2014 5
2014 5
2014 9
2014 15
2014 12
2014 8
2014 5
2014 2
2014 22
2014 34
2014 34
2014 34
2014 32
2014 30
2014 29
2014 26
2014 27
2014 20
2014 30
2014 29
2014 21
2014 15
2014 10
2014 8
2014 5
2014 4
2014 2
2014 8
2014 20
2014 17
2014 20
2014 18
2014 17
2014 16
2014 22
2014 21
2014 24
2014 42
2014 38
2014 36
2014 37
2014 36
2014 35
2014 34
2014 32
2014 33
2014 47
2014 46
2014 41
2014 40
2014 54
2014 48
2014 55
2014 62
2014 52
2014 65
2014 58
2014 60
2014 55
2014 50
2014 62
2014 64
2014 54
2014 50
2014 48
2014 48
2014 50
2014 51
2014 48
2014 44
2014 43
2014 61
2014 66
2014 69
2014 65
2014 70
2014 70
2014 71
2014 62
2014 60
2014 58
2014 54
2014 51
2014 48
2014 45
2014 42
2014 35
2014 30
2014 25
2014 22
2014 15
2014 0
2014 0
2014 0
2014 0
2014 14
2014 28
2014 13
2014 10
2014 5
2014 2
2014 2
2014 0
2014 0
2014 0
2014 0
2014 0
2014 0
2014 0
2014 0
2014 0
2014 0
2014 0
2014 0
2014 0
2014 0
2014 0
2014 0
2014 0
2014 0
2014 0
2014 0
2014 1
2014 0
2014 0
2014 NA
2014 NA
2014 NA
2014 NA
2014 NA
2014 NA
2014 NA
2014 NA
2014 NA
2014 NA
2014 0
2014 NA
2014 NA
2014 NA
2014 NA
2014 NA
2014 NA
2014 NA
2014 NA
2014 NA
2014 NA
2014 NA
2014 NA
2014 NA
2014 NA
2014 NA
2014 NA
2014 NA
2014 NA
2014 NA
2014 NA
2014 NA
2014 NA
2014 NA
2014 NA
2014 NA
2014 NA
2014 NA
2014 NA
2014 NA
2014 NA
2014 NA
2014 NA
2014 NA
2014 NA
2014 NA
2014 NA
2014 NA
2014 0
2014 0
2014 0
2014 0
2014 NA
2014 NA
2014 NA
2014 NA
2014 NA
2014 NA
2014 NA
2014 NA
2014 NA
2014 NA
2014 NA
2014 NA
2014 NA
2014 NA
2014 NA
2014 NA
2014 NA
2014 0
2014 NA
2014 NA
2014 NA
2014 NA
2014 NA
2014 NA
2014 NA
2014 NA
2014 NA
2014 NA
2014 NA
2014 NA
2014 NA
2014 NA
2014 NA
2014 NA
2014 NA
2014 NA
2014 NA
2014 NA
2014 NA
2014 0
2014 NA
2014 0
2014 0
2014 NA
2014 0
2014 NA
2014 NA
2014 NA
2014 NA
2014 0
2014 NA
2014 NA
2014 NA
2014 0
2014 0
2014 0
2014 0
2014 0
2014 0
2014 0
2014 0
2014 0
2014 0
2014 0
2014 NA
2014 NA
2014 NA
2014 0
2014 0
2014 NA
2014 NA
2014 0
2014 0
2014 0
2014 0
2014 0
2014 0
2014 NA
2014 NA
2014 NA
2015 0
2015 0
2015 NA
2015 0
2015 0
2015 0
2015 0
2015 NA
2015 NA
2015 NA
2015 0
2015 0
2015 NA
2015 NA
2015 NA
2015 NA
2015 NA
2015 0
2015 NA
2015 NA
2015 NA
2015 NA
2015 0
2015 0
2015 NA
2015 NA
2015 NA
2015 NA
2015 NA
2015 NA
2015 NA
2015 NA
2015 NA
2015 NA
2015 0
2015 0
2015 0
2015 NA
2015 NA
2015 NA
2015 NA
2015 NA
2015 NA
2015 NA
2015 NA
2015 NA
2015 NA
2015 NA
2015 NA
2015 NA
2015 NA
2015 NA
2015 NA
2015 NA
2015 NA
2015 NA
2015 NA
2015 NA
2015 0
2015 NA
2015 NA
2015 0
2015 NA
2015 0
2015 NA
2015 NA
2015 3
2015 NA
2015 NA
2015 NA
2015 NA
2015 NA
2015 NA
2015 0
2015 NA
2015 NA
2015 NA
2015 2
2015 NA
2015 0
2015 0
2015 0
2015 NA
2015 0
2015 0
2015 NA
2015 0
2015 0
2015 NA
2015 NA
2015 0
2015 0
2015 0
2015 0
2015 0
2015 0
2015 1
2015 1
2015 1
2015 12
2015 10
2015 10
2015 8
2015 5
2015 4
2015 0
2015 0
2015 0
2015 3
2015 0
2015 0
2015 0
2015 0
2015 0
2015 0
2015 0
2015 0
2015 6
2015 35
2015 38
2015 35
2015 30
2015 30
2015 30
2015 20
2015 10
2015 3
2015 0
2015 0
2015 0
2015 0
2015 0
2015 0
2015 3
2015 0
2015 0
2015 0
2015 0
2015 24
2015 40
2015 32
2015 40
2015 35
2015 30
2015 29
2015 31
2015 32
2015 28
2015 42
2015 39
2015 55
2015 80
2015 85
2015 89
2015 98
2015 90
2015 87
2015 84
2015 77
2015 75
2015 72
2015 71
2015 60
2015 59
2015 52
2015 52
2015 50
2015 44
2015 42
2015 40
2015 39
2015 38
2015 36
2015 37
2015 60
2015 58
2015 60
2015 59
2015 56
2015 57
2015 68
2015 64
2015 50
2015 47
2015 52
2015 57
2015 51
2015 49
2015 46
2015 45
2015 41
2015 40
2015 34
2015 31
2015 30
2015 29
2015 28
2015 25
2015 20
2015 15
2015 10
2015 0
2015 0
2015 0
2015 0
2015 0
2015 2
2015 0
2015 0
2015 0
2015 0
2015 0
2015 0
2015 0
2015 0
2015 NA
2015 2
2015 0
2015 0
2015 0
2015 0
2015 0
2015 0
2015 0
2015 0
2015 0
2015 0
2015 0
2015 0
2015 0
2015 0
2015 0
2015 0
2015 0
2015 0
2015 0
2015 0
2015 0
2015 0
2015 0
2015 0
2015 0
2015 NA
2015 NA
2015 0
2015 NA
2015 NA
2015 NA
2015 NA
2015 NA
2015 NA
2015 NA
2015 NA
2015 NA
2015 NA
2015 NA
2015 NA
2015 NA
2015 NA
2015 NA
2015 NA
2015 NA
2015 NA
2015 NA
2015 NA
2015 NA
2015 NA
2015 NA
2015 NA
2015 NA
2015 NA
2015 NA
2015 NA
2015 NA
2015 NA
2015 NA
2015 NA
2015 NA
2015 NA
2015 NA
2015 NA
2015 NA
2015 NA
2015 NA
2015 NA
2015 NA
2015 NA
2015 NA
2015 NA
2015 NA
2015 NA
2015 NA
2015 NA
2015 NA
2015 NA
2015 NA
2015 NA
2015 NA
2015 NA
2015 NA
2015 NA
2015 NA
2015 NA
2015 NA
2015 NA
2015 NA
2015 NA
2015 NA
2015 NA
2015 NA
2015 NA
2015 NA
2015 NA
2015 0
2015 NA
2015 NA
2015 NA
2015 NA
2015 NA
2015 NA
2015 NA
2015 NA
2015 NA
2015 NA
2015 NA
2015 NA
2015 NA
2015 NA
2015 NA
2015 NA
2015 NA
2015 NA
2015 NA
2015 NA
2015 NA
2015 NA
2015 NA
2015 NA
2015 NA
2015 NA
2015 NA
2015 NA
2015 NA
2015 NA
2015 NA
2015 NA
2015 NA
2015 NA
2015 NA
2015 NA
2015 NA
2015 NA
2015 NA
2015 NA
2015 NA
2015 NA
2015 NA
2015 NA
2015 NA
2015 NA
2015 NA
2015 NA
2015 NA
2015 NA
2015 NA
2016 NA
2016 NA
2016 NA
2016 NA
2016 NA
2016 NA
2016 NA
2016 NA
2016 NA
2016 NA
2016 NA
2016 NA
2016 NA
2016 NA
2016 NA
2016 NA
2016 NA
2016 NA
2016 NA
2016 NA
2016 NA
2016 NA
2016 NA
2016 NA
2016 NA
2016 NA
2016 NA
2016 NA
2016 NA
2016 NA
2016 NA
2016 NA
2016 NA
2016 NA
2016 NA
2016 NA
2016 NA
2016 NA
2016 NA
2016 NA
2016 NA
2016 NA
2016 NA
2016 NA
2016 NA
2016 NA
2016 NA
2016 NA
2016 NA
2016 NA
2016 NA
2016 NA
2016 NA
2016 NA
2016 NA
2016 NA
2016 NA
2016 NA
2016 NA
2016 NA
2016 NA
2016 NA
2016 NA
2016 NA
2016 NA
2016 NA
2016 NA
2016 NA
2016 NA
2016 NA
2016 NA
2016 NA
2016 NA
2016 NA
2016 NA
2016 NA
2016 NA
2016 NA
2016 NA
2016 NA
2016 NA
2016 NA
2016 NA
2016 NA
2016 NA
2016 NA
2016 NA
2016 NA
2016 NA
2016 NA
2016 NA
2016 NA
2016 NA
2016 NA
2016 NA
2016 19
2016 15
2016 NA
2016 5
2016 3
2016 0
2016 0
2016 0
2016 0
2016 0
2016 0
2016 0
2016 0
2016 0
2016 0
2016 0
2016 13
2016 0
2016 0
2016 0
2016 0
2016 0
2016 0
2016 0
2016 0
2016 0
2016 0
2016 0
2016 0
2016 1
2016 8
2016 15
2016 20
2016 30
2016 10
2016 8
2016 2
2016 0
2016 16
2016 37
2016 35
2016 37
2016 45
2016 47
2016 40
2016 46
2016 40
2016 33
2016 33
2016 30
2016 28
2016 26
2016 23
2016 20
2016 18
2016 8
2016 5
2016 0
2016 0
2016 0
2016 0
2016 16
2016 24
2016 12
2016 6
2016 14
2016 3
2016 12
2016 20
2016 20
2016 50
2016 45
2016 24
2016 22
2016 22
2016 22
2016 23
2016 22
2016 20
2016 18
2016 13
2016 12
2016 5
2016 5
2016 5
2016 5
2016 3
2016 10
2016 11
2016 20
2016 33
2016 45
2016 50
2016 48
2016 55
2016 50
2016 47
2016 41
2016 39
2016 34
2016 28
2016 25
2016 25
2016 22
2016 20
2016 18
2016 14
2016 5
2016 0
2016 0
2016 0
2016 0
2016 0
2016 0
2016 0
2016 0
2016 0
2016 0
2016 0
2016 0
2016 0
2016 0
2016 0
2016 0
2016 0
2016 0
2016 2
2016 0
2016 0
2016 0
2016 0
2016 0
2016 0
2016 NA
2016 NA
2016 NA
2016 NA
2016 NA
2016 NA
2016 NA
2016 NA
2016 NA
2016 NA
2016 NA
2016 NA
2016 NA
2016 NA
2016 NA
2016 NA
2016 NA
2016 NA
2016 NA
2016 NA
2016 NA
2016 NA
2016 NA
2016 NA
2016 NA
2016 NA
2016 NA
2016 NA
2016 NA
2016 NA
2016 NA
2016 NA
2016 NA
2016 NA
2016 NA
2016 NA
2016 NA
2016 NA
2016 NA
2016 NA
2016 NA
2016 NA
2016 NA
2016 NA
2016 NA
2016 NA
2016 NA
2016 NA
2016 NA
2016 NA
2016 NA
2016 NA
2016 NA
2016 NA
2016 NA
2016 NA
2016 NA
2016 NA
2016 NA
2016 NA
2016 NA
2016 NA
2016 NA
2016 NA
2016 NA
2016 NA
2016 NA
2016 NA
2016 NA
2016 NA
2016 NA
2016 NA
2016 NA
2016 NA
2016 NA
2016 NA
2016 NA
2016 NA
2016 NA
2016 NA
2016 NA
2016 NA
2016 NA
2016 NA
2016 NA
2016 NA
2016 NA
2016 NA
2016 NA
2016 NA
2016 NA
2016 NA
2016 NA
2016 NA
2016 NA
2016 NA
2016 NA
2016 NA
2016 NA
2016 NA
2016 NA
2016 NA
2016 NA
2016 NA
2016 NA
2016 NA
2016 NA
2016 NA
2016 NA
2016 NA
2016 NA
2016 NA
2016 NA
2016 NA
2016 NA
2016 NA
2016 NA
2016 NA
2016 NA
2016 NA
2016 NA
2016 NA
2016 NA
2016 NA
2016 NA
2016 NA
2016 NA
2016 NA
2016 NA
2016 NA
2016 NA
2016 NA
2016 NA
2016 NA
2016 NA
2016 NA
2016 NA
2016 NA
2017 NA
2017 NA
2017 NA
2017 NA
2017 NA
2017 NA
2017 NA
2017 NA
2017 NA
2017 NA
2017 NA
2017 NA
2017 NA
2017 NA
2017 NA
2017 NA
2017 NA
2017 NA
2017 NA
2017 NA
2017 NA
2017 NA
2017 NA
2017 NA
2017 NA
2017 NA
2017 NA
2017 NA
2017 NA
2017 NA
2017 NA
2017 NA
2017 NA
2017 NA
2017 NA
2017 NA
2017 NA
2017 NA
2017 NA
2017 NA
2017 NA
2017 NA
2017 NA
2017 NA
2017 NA
2017 NA
2017 NA
2017 NA
2017 NA
2017 NA
2017 NA
2017 NA
2017 NA
2017 NA
2017 NA
2017 NA
2017 NA
2017 NA
2017 NA
2017 NA
2017 NA
2017 NA
2017 NA
2017 NA
2017 NA
2017 NA
2017 NA
2017 NA
2017 NA
2017 NA
2017 NA
2017 NA
2017 NA
2017 NA
2017 NA
2017 NA
2017 NA
2017 NA
2017 NA
2017 NA
2017 NA
2017 NA
2017 NA
2017 NA
2017 NA
2017 NA
2017 NA
2017 NA
2017 NA
2017 NA
2017 NA
2017 0
2017 0
2017 1
2017 0
2017 0
2017 0
2017 0
2017 0
2017 NA
2017 0
2017 0
2017 0
2017 0
2017 0
2017 0
2017 0
2017 0
2017 0
2017 1
2017 0
2017 NA
2017 0
2017 10
2017 0
2017 0
2017 0
2017 0
2017 0
2017 0
2017 0
2017 0
2017 0
2017 0
2017 1
2017 1
2017 16
2017 12
2017 12
2017 18
2017 18
2017 18
2017 25
2017 NA
2017 19
2017 69
2017 62
2017 58
2017 NA
2017 48
2017 46
2017 43
2017 41
2017 38
2017 38
2017 36
2017 35
2017 35
2017 35
2017 35
2017 34
2017 31
2017 28
2017 22
2017 18
2017 15
2017 16
2017 20
2017 54
2017 45
2017 42
2017 48
2017 44
2017 41
2017 41
2017 33
2017 30
2017 29
2017 24
2017 15
2017 15
2017 15
2017 15
2017 12
2017 11
2017 75
2017 11
2017 5
2017 0
2017 0
2017 1
2017 24
2017 13
2017 10
2017 0
2017 8
2017 15
2017 45
2017 47
2017 30
2017 16
2017 10
2017 5
2017 0
2017 0
2017 0
2017 0
2017 0
2017 0
2017 0
2017 0
2017 0
2017 0
2017 0
2017 0
2017 0
2017 0
2017 0
2017 0
2017 0
2017 0
2017 0
2017 0
2017 0
2017 0
2017 0
2017 0
2017 0
2017 0
2017 0
2017 0
2017 0
2017 0
2017 0
2017 NA
2017 NA
2017 NA
2017 NA
2017 NA
2017 NA
2017 NA
2017 NA
2017 NA
2017 NA
2017 NA
2017 NA
2017 NA
2017 NA
2017 NA
2017 NA
2017 NA
2017 NA
2017 NA
2017 NA
2017 NA
2017 NA
2017 NA
2017 NA
2017 NA
2017 NA
2017 NA
2017 NA
2017 NA
2017 NA
2017 NA
2017 NA
2017 NA
2017 NA
2017 NA
2017 NA
2017 NA
2017 NA
2017 NA
2017 NA
2017 NA
2017 NA
2017 NA
2017 NA
2017 NA
2017 NA
2017 NA
2017 NA
2017 NA
2017 NA
2017 NA
2017 NA
2017 NA
2017 NA
2017 NA
2017 NA
2017 NA
2017 NA
2017 NA
2017 NA
2017 NA
2017 NA
2017 NA
2017 NA
2017 NA
2017 NA
2017 NA
2017 NA
2017 NA
2017 NA
2017 NA
2017 NA
2017 NA
2017 NA
2017 NA
2017 NA
2017 NA
2017 NA
2017 NA
2017 NA
2017 NA
2017 NA
2017 NA
2017 NA
2017 NA
2017 NA
2017 NA
2017 NA
2017 NA
2017 NA
2017 NA
2017 NA
2017 NA
2017 NA
2017 NA
2017 NA
2017 NA
2017 NA
2017 NA
2017 NA
2017 NA
2017 NA
2017 NA
2017 NA
2017 NA
2017 NA
2017 NA
2017 NA
2017 NA
2017 NA
2017 NA
2017 NA
2017 NA
2017 NA
2017 NA
2017 NA
2017 NA
2017 NA
2017 NA
2017 NA
2017 NA
2017 NA
2017 NA
2017 NA
2017 NA
2017 NA
2017 NA
2017 NA
2017 NA
2017 NA
2017 NA
2017 NA
2017 NA
2017 NA
2017 NA
2017 NA
2017 NA
2017 NA
2017 NA
2017 NA
2017 NA
2018 NA
2018 NA
2018 NA
2018 NA
2018 NA
2018 NA
2018 NA
2018 NA
2018 NA
2018 NA
2018 NA
2018 NA
2018 NA
2018 NA
2018 NA
2018 NA
2018 NA
2018 NA
2018 NA
2018 NA
2018 NA
2018 NA
2018 NA
2018 NA
2018 NA
2018 NA
2018 NA
2018 NA
2018 NA
2018 NA
2018 NA
2018 NA
2018 NA
2018 NA
2018 NA
2018 NA
2018 NA
2018 NA
2018 NA
2018 NA
2018 NA
2018 NA
2018 NA
2018 NA
2018 NA
2018 NA
2018 NA
2018 NA
2018 NA
2018 NA
2018 NA
2018 NA
2018 NA
2018 NA
2018 NA
2018 NA
2018 NA
2018 NA
2018 NA
2018 NA
2018 NA
2018 NA
2018 NA
2018 NA
2018 NA
2018 NA
2018 NA
2018 NA
2018 NA
2018 NA
2018 NA
2018 NA
2018 NA
2018 NA
2018 NA
2018 NA
2018 NA
2018 NA
2018 NA
2018 NA
2018 NA
2018 NA
2018 NA
2018 NA
2018 NA
2018 NA
2018 NA
2018 NA
2018 NA
2018 NA
2018 NA
2018 NA
2018 NA
2018 NA
2018 NA
2018 NA
2018 NA
2018 NA
2018 NA
2018 NA
2018 NA
2018 NA
2018 NA
2018 NA
2018 NA
2018 NA
2018 NA
2018 NA
2018 55
2018 NA
2018 53
2018 50
2018 NA
2018 NA
2018 42
2018 41
2018 41
2018 41
2018 70
2018 62
2018 68
2018 48
2018 50
2018 70
2018 40
2018 60
2018 58
2018 45
2018 45
2018 44
2018 42
2018 42
2018 42
2018 39
2018 39
2018 40
2018 39
2018 38
2018 42
2018 45
2018 42
2018 49
2018 46
2018 46
2018 45
2018 44
2018 38
2018 38
2018 38
2018 38
2018 35
2018 35
2018 35
2018 38
2018 65
2018 60
2018 58
2018 56
2018 54
2018 53
2018 53
2018 53
2018 59
2018 57
2018 66
2018 66
2018 64
2018 61
2018 53
2018 49
2018 50
2018 48
2018 48
2018 48
2018 47
2018 47
2018 47
2018 47
2018 52
2018 50
2018 50
2018 61
2018 55
2018 70
2018 70
2018 63
2018 61
2018 73
2018 65
2018 63
2018 59
2018 55
2018 52
2018 52
2018 53
2018 50
2018 52
2018 50
2018 62
2018 58
2018 61
2018 60
2018 58
2018 56
2018 51
2018 45
2018 42
2018 39
2018 37
2018 30
2018 26
2018 33
2018 38
2018 30
2018 28
2018 20
2018 15
2018 10
2018 10
2018 0
2018 0
2018 0
2018 0
2018 0
2018 0
2018 0
2018 NA
2018 NA
2018 NA
2018 0
2018 0
2018 0
2018 0
2018 NA
2018 NA
2018 NA
2018 NA
2018 NA
2018 NA
2018 NA
2018 NA
2018 NA
2018 NA
2018 NA
2018 NA
2018 NA
2018 NA
2018 NA
2018 NA
2018 NA
2018 NA
2018 NA
2018 NA
2018 NA
2018 NA
2018 NA
2018 NA
2018 NA
2018 NA
2018 NA
2018 NA
2018 NA
2018 NA
2018 NA
2018 NA
2018 NA
2018 NA
2018 NA
2018 NA
2018 NA
2018 NA
2018 NA
2018 NA
2018 NA
2018 NA
2018 NA
2018 NA
2018 NA
2018 NA
2018 NA
2018 NA
2018 NA
2018 NA
2018 NA
2018 NA
2018 NA
2018 NA
2018 NA
2018 NA
2018 NA
2018 NA
2018 NA
2018 NA
2018 NA
2018 NA
2018 NA
2018 NA
2018 NA
2018 NA
2018 NA
2018 NA
2018 NA
2018 NA
2018 NA
2018 NA
2018 NA
2018 NA
2018 NA
2018 NA
2018 NA
2018 NA
2018 NA
2018 NA
2018 NA
2018 NA
2018 NA
2018 NA
2018 NA
2018 NA
2018 NA
2018 NA
2018 NA
2018 NA
2018 NA
2018 NA
2018 NA
2018 NA
2018 NA
2018 NA
2018 NA
2018 NA
2018 NA
2018 NA
2018 NA
2018 NA
2018 NA
2018 NA
2018 NA
2018 NA
2018 NA
2018 NA
2018 NA
2018 NA
2018 NA
2018 NA
2018 NA
2018 NA
2018 NA
2018 NA
2018 NA
2018 NA
2018 NA
2018 NA
2018 NA
2018 NA
2018 NA
2018 NA
2018 NA
2018 NA
2018 NA
2018 NA
2018 NA
2018 NA
2018 NA
2018 NA
