2002 NA
2002 NA
2002 NA
2002 NA
2002 NA
2002 NA
2002 NA
2002 NA
2002 NA
2002 NA
2002 NA
2002 NA
2002 NA
2002 NA
2002 NA
2002 NA
2002 NA
2002 NA
2002 NA
2002 NA
2002 NA
2002 NA
2002 NA
2002 NA
2002 NA
2002 NA
2002 NA
2002 NA
2002 NA
2002 NA
2002 NA
2002 0
2002 0
2002 0
2002 0
2002 0
2002 0
2002 0
2002 0
2002 0
2002 0
2002 0
2002 0
2002 0
2002 0
2002 0
2002 0
2002 0
2002 0
2002 0
2002 0
2002 0
2002 0
2002 0
2002 0
2002 0
2002 0
2002 0
2002 0
2002 0
2002 0
2002 0
2002 0
2002 0
2002 0
2002 0
2002 0
2002 0
2002 3
2002 5
2002 6
2002 10
2002 26
2002 24
2002 28
2002 38
2002 32
2002 32
2002 32
2002 31
2002 31
2002 28
2002 28
2002 28
2002 28
2002 28
2002 28
2002 28
2002 28
2002 28
2002 28
2002 26
2002 26
2002 26
2002 26
2002 26
2002 NA
2002 26
2002 26
2002 26
2002 26
2002 26
2002 26
2002 26
2002 31
2002 31
2002 31
2002 31
2002 31
2002 31
2002 31
2002 31
2002 31
2002 31
2002 31
2002 31
2002 31
2002 31
2002 31
2002 31
2002 38
2002 36
2002 36
2002 36
2002 36
2002 36
2002 35
2002 35
2002 35
2002 35
2002 35
2002 35
2002 35
2002 35
2002 35
2002 35
2002 35
2002 35
2002 35
2002 35
2002 35
2002 35
2002 35
2002 35
2002 34
2002 54
2002 51
2002 49
2002 47
2002 43
2002 43
2002 43
2002 43
2002 43
2002 43
2002 43
2002 43
2002 43
2002 51
2002 57
2002 54
2002 52
2002 51
2002 29
2002 29
2002 27
2002 27
2002 92
2002 91
2002 86
2002 78
2002 74
2002 71
2002 70
2002 69
2002 67
2002 64
2002 64
2002 64
2002 60
2002 68
2002 66
2002 84
2002 91
2002 88
2002 81
2002 113
2002 104
2002 94
2002 91
2002 89
2002 86
2002 86
2002 86
2002 83
2002 85
2002 83
2002 82
2002 82
2002 78
2002 71
2002 71
2002 66
2002 66
2002 66
2002 66
2002 64
2002 62
2002 62
2002 61
2002 60
2002 60
2002 59
2002 58
2002 53
2002 68
2002 67
2002 62
2002 61
2002 74
2002 66
2002 65
2002 74
2002 73
2002 74
2002 72
2002 72
2002 71
2002 71
2002 69
2002 63
2002 59
2002 59
2002 58
2002 54
2002 54
2002 46
2002 36
2002 34
2002 25
2002 24
2002 21
2002 14
2002 10
2002 18
2002 25
2002 23
2002 20
2002 16
2002 18
2002 23
2002 17
2002 16
2002 14
2002 6
2002 4
2002 3
2002 3
2002 3
2002 0
2002 0
2002 0
2002 0
2002 0
2002 0
2002 0
2002 0
2002 0
2002 0
2002 0
2002 0
2002 0
2002 0
2002 0
2002 0
2002 0
2002 0
2002 0
2002 0
2002 0
2002 0
2002 0
2002 0
2002 0
2002 0
2002 0
2002 0
2002 0
2002 0
2002 0
2002 0
2002 0
2002 0
2002 0
2002 0
2002 0
2002 0
2002 0
2002 0
2002 0
2002 0
2002 0
2002 0
2002 0
2002 0
2002 0
2002 0
2002 0
2002 0
2002 0
2002 0
2002 0
2002 0
2002 0
2002 0
2002 0
2002 0
2002 0
2002 0
2002 0
2002 0
2002 0
2002 0
2002 0
2002 0
2002 0
2002 0
2002 0
2002 0
2002 0
2002 0
2002 0
2002 0
2002 0
2002 0
2002 0
2002 0
2002 0
2002 0
2002 0
2002 0
2002 0
2002 0
2002 0
2002 0
2002 0
2002 0
2002 0
2002 0
2002 0
2002 0
2002 0
2002 0
2002 0
2002 0
2002 0
2002 0
2002 0
2002 0
2002 0
2002 0
2002 0
2002 0
2002 0
2002 0
2003 0
2003 0
2003 0
2003 0
2003 0
2003 0
2003 0
2003 0
2003 0
2003 0
2003 0
2003 0
2003 0
2003 0
2003 0
2003 0
2003 0
2003 0
2003 0
2003 0
2003 0
2003 0
2003 0
2003 0
2003 0
2003 0
2003 0
2003 0
2003 0
2003 0
2003 0
2003 0
2003 0
2003 0
2003 0
2003 0
2003 0
2003 0
2003 0
2003 0
2003 0
2003 0
2003 0
2003 0
2003 0
2003 0
2003 0
2003 0
2003 0
2003 0
2003 0
2003 0
2003 0
2003 0
2003 0
2003 0
2003 0
2003 0
2003 0
2003 0
2003 0
2003 0
2003 0
2003 0
2003 0
2003 0
2003 0
2003 0
2003 0
2003 0
2003 0
2003 0
2003 0
2003 9
2003 21
2003 66
2003 60
2003 52
2003 50
2003 48
2003 46
2003 46
2003 60
2003 60
2003 72
2003 88
2003 90
2003 87
2003 81
2003 90
2003 87
2003 85
2003 84
2003 82
2003 82
2003 79
2003 109
2003 108
2003 105
2003 104
2003 100
2003 99
2003 100
2003 103
2003 101
2003 98
2003 98
2003 92
2003 96
2003 95
2003 95
2003 94
2003 88
2003 85
2003 84
2003 84
2003 84
2003 84
2003 94
2003 91
2003 88
2003 93
2003 91
2003 88
2003 87
2003 93
2003 92
2003 92
2003 93
2003 93
2003 92
2003 92
2003 92
2003 92
2003 92
2003 92
2003 92
2003 92
2003 92
2003 92
2003 92
2003 92
2003 106
2003 126
2003 122
2003 120
2003 119
2003 116
2003 114
2003 112
2003 112
2003 111
2003 111
2003 111
2003 111
2003 111
2003 136
2003 132
2003 131
2003 128
2003 126
2003 126
2003 124
2003 123
2003 123
2003 123
2003 123
2003 123
2003 123
2003 125
2003 125
2003 125
2003 124
2003 123
2003 123
2003 123
2003 123
2003 122
2003 122
2003 121
2003 121
2003 121
2003 121
2003 125
2003 123
2003 121
2003 120
2003 120
2003 120
2003 118
2003 118
2003 115
2003 114
2003 114
2003 112
2003 114
2003 119
2003 115
2003 113
2003 113
2003 113
2003 113
2003 115
2003 113
2003 110
2003 108
2003 108
2003 103
2003 97
2003 97
2003 97
2003 95
2003 88
2003 82
2003 89
2003 90
2003 88
2003 83
2003 81
2003 88
2003 76
2003 96
2003 93
2003 92
2003 87
2003 83
2003 79
2003 78
2003 76
2003 71
2003 64
2003 70
2003 72
2003 67
2003 65
2003 60
2003 52
2003 48
2003 46
2003 36
2003 36
2003 26
2003 20
2003 9
2003 0
2003 0
2003 0
2003 0
2003 0
2003 0
2003 0
2003 0
2003 0
2003 0
2003 0
2003 0
2003 0
2003 0
2003 0
2003 0
2003 0
2003 0
2003 0
2003 0
2003 0
2003 0
2003 0
2003 0
2003 0
2003 0
2003 0
2003 0
2003 0
2003 0
2003 0
2003 0
2003 0
2003 0
2003 0
2003 0
2003 0
2003 0
2003 0
2003 0
2003 0
2003 0
2003 0
2003 0
2003 0
2003 0
2003 0
2003 0
2003 0
2003 0
2003 0
2003 0
2003 0
2003 0
2003 0
2003 0
2003 0
2003 0
2003 0
2003 0
2003 0
2003 0
2003 0
2003 0
2003 0
2003 0
2003 0
2003 0
2003 0
2003 0
2003 0
2003 0
2003 0
2003 0
2003 0
2003 0
2003 0
2003 0
2003 0
2003 0
2003 0
2003 0
2003 0
2003 0
2003 0
2003 0
2003 0
2003 0
2003 0
2003 0
2003 0
2003 0
2003 0
2003 0
2003 0
2003 0
2003 0
2003 0
2003 0
2003 0
2003 0
2003 0
2003 0
2003 0
2003 0
2003 0
2003 0
2003 0
2003 0
2003 0
2003 0
2003 0
2003 0
2003 0
2003 0
2003 0
2003 0
2003 0
2003 0
2003 0
2003 0
2004 0
2004 0
2004 0
2004 0
2004 0
2004 0
2004 0
2004 0
2004 0
2004 0
2004 0
2004 0
2004 0
2004 0
2004 0
2004 0
2004 0
2004 0
2004 0
2004 0
2004 0
2004 0
2004 0
2004 0
2004 0
2004 0
2004 0
2004 0
2004 0
2004 0
2004 0
2004 0
2004 0
2004 0
2004 1
2004 0
2004 0
2004 0
2004 0
2004 0
2004 0
2004 0
2004 0
2004 0
2004 0
2004 0
2004 0
2004 0
2004 0
2004 29
2004 33
2004 30
2004 27
2004 34
2004 31
2004 31
2004 37
2004 31
2004 29
2004 40
2004 45
2004 81
2004 72
2004 64
2004 58
2004 56
2004 55
2004 51
2004 117
2004 107
2004 96
2004 87
2004 81
2004 78
2004 75
2004 71
2004 69
2004 70
2004 66
2004 66
2004 63
2004 63
2004 55
2004 54
2004 52
2004 52
2004 52
2004 60
2004 77
2004 73
2004 70
2004 64
2004 68
2004 72
2004 85
2004 99
2004 95
2004 90
2004 88
2004 86
2004 84
2004 83
2004 81
2004 81
2004 77
2004 76
2004 76
2004 76
2004 75
2004 75
2004 75
2004 75
2004 77
2004 76
2004 76
2004 75
2004 73
2004 73
2004 76
2004 96
2004 93
2004 92
2004 104
2004 100
2004 98
2004 97
2004 95
2004 91
2004 91
2004 90
2004 103
2004 101
2004 98
2004 98
2004 128
2004 121
2004 129
2004 127
2004 137
2004 135
2004 152
2004 144
2004 139
2004 135
2004 132
2004 129
2004 125
2004 126
2004 142
2004 137
2004 137
2004 134
2004 133
2004 130
2004 127
2004 127
2004 125
2004 123
2004 123
2004 123
2004 123
2004 121
2004 121
2004 121
2004 121
2004 119
2004 119
2004 119
2004 119
2004 118
2004 116
2004 119
2004 127
2004 135
2004 141
2004 140
2004 138
2004 136
2004 136
2004 134
2004 134
2004 133
2004 132
2004 131
2004 129
2004 129
2004 127
2004 130
2004 129
2004 129
2004 129
2004 129
2004 133
2004 129
2004 133
2004 143
2004 132
2004 131
2004 125
2004 122
2004 119
2004 115
2004 111
2004 110
2004 109
2004 109
2004 109
2004 117
2004 112
2004 112
2004 109
2004 107
2004 106
2004 114
2004 105
2004 116
2004 110
2004 104
2004 96
2004 100
2004 97
2004 98
2004 111
2004 106
2004 103
2004 103
2004 102
2004 127
2004 114
2004 120
2004 110
2004 114
2004 111
2004 106
2004 97
2004 91
2004 90
2004 84
2004 76
2004 74
2004 68
2004 66
2004 70
2004 67
2004 66
2004 65
2004 66
2004 62
2004 62
2004 60
2004 58
2004 51
2004 46
2004 40
2004 37
2004 35
2004 34
2004 18
2004 13
2004 2
2004 0
2004 0
2004 0
2004 0
2004 0
2004 0
2004 0
2004 0
2004 0
2004 0
2004 0
2004 0
2004 0
2004 0
2004 0
2004 0
2004 0
2004 0
2004 0
2004 0
2004 0
2004 0
2004 0
2004 0
2004 0
2004 0
2004 0
2004 0
2004 0
2004 0
2004 0
2004 0
2004 0
2004 0
2004 0
2004 0
2004 0
2004 0
2004 0
2004 0
2004 0
2004 0
2004 0
2004 0
2004 0
2004 0
2004 0
2004 0
2004 0
2004 0
2004 0
2004 0
2004 0
2004 0
2004 0
2004 0
2004 0
2004 0
2004 0
2004 0
2004 0
2004 0
2004 0
2004 0
2004 0
2004 0
2004 0
2004 0
2004 0
2004 0
2004 0
2004 0
2004 0
2004 0
2004 0
2004 0
2004 0
2004 0
2004 0
2004 0
2004 0
2004 0
2004 0
2004 0
2004 0
2004 0
2004 0
2004 0
2004 0
2004 0
2004 0
2004 0
2004 0
2004 0
2004 0
2004 0
2004 0
2004 0
2004 0
2004 0
2004 0
2004 0
2004 0
2004 0
2004 0
2004 0
2005 0
2005 0
2005 0
2005 0
2005 0
2005 0
2005 0
2005 0
2005 0
2005 0
2005 0
2005 0
2005 0
2005 0
2005 0
2005 0
2005 0
2005 0
2005 0
2005 0
2005 0
2005 0
2005 0
2005 0
2005 0
2005 0
2005 0
2005 0
2005 0
2005 0
2005 0
2005 0
2005 0
2005 0
2005 0
2005 0
2005 0
2005 0
2005 0
2005 0
2005 0
2005 0
2005 0
2005 0
2005 0
2005 0
2005 0
2005 0
2005 0
2005 0
2005 0
2005 0
2005 0
2005 0
2005 0
2005 0
2005 0
2005 0
2005 0
2005 0
2005 0
2005 0
2005 0
2005 0
2005 0
2005 0
2005 0
2005 0
2005 0
2005 0
2005 7
2005 6
2005 13
2005 13
2005 11
2005 11
2005 11
2005 11
2005 11
2005 11
2005 11
2005 11
2005 11
2005 11
2005 11
2005 11
2005 11
2005 11
2005 11
2005 19
2005 33
2005 35
2005 35
2005 37
2005 35
2005 31
2005 31
2005 39
2005 40
2005 38
2005 38
2005 38
2005 38
2005 38
2005 38
2005 38
2005 38
2005 37
2005 56
2005 51
2005 59
2005 58
2005 55
2005 55
2005 52
2005 52
2005 60
2005 62
2005 62
2005 62
2005 61
2005 59
2005 57
2005 55
2005 55
2005 54
2005 54
2005 54
2005 54
2005 52
2005 52
2005 52
2005 52
2005 52
2005 52
2005 52
2005 52
2005 52
2005 52
2005 52
2005 58
2005 57
2005 54
2005 54
2005 56
2005 59
2005 59
2005 59
2005 59
2005 59
2005 59
2005 59
2005 59
2005 58
2005 58
2005 58
2005 58
2005 58
2005 58
2005 58
2005 58
2005 58
2005 58
2005 58
2005 56
2005 54
2005 54
2005 54
2005 54
2005 54
2005 54
2005 54
2005 54
2005 54
2005 56
2005 60
2005 58
2005 57
2005 56
2005 56
2005 57
2005 59
2005 58
2005 64
2005 65
2005 65
2005 64
2005 63
2005 63
2005 63
2005 63
2005 62
2005 62
2005 61
2005 61
2005 61
2005 58
2005 56
2005 52
2005 51
2005 44
2005 44
2005 39
2005 38
2005 33
2005 37
2005 33
2005 34
2005 30
2005 23
2005 22
2005 23
2005 25
2005 23
2005 23
2005 22
2005 21
2005 12
2005 5
2005 0
2005 4
2005 26
2005 26
2005 36
2005 21
2005 16
2005 13
2005 51
2005 65
2005 56
2005 41
2005 38
2005 39
2005 34
2005 30
2005 44
2005 74
2005 53
2005 42
2005 37
2005 29
2005 19
2005 15
2005 7
2005 0
2005 0
2005 0
2005 0
2005 0
2005 0
2005 0
2005 0
2005 0
2005 0
2005 0
2005 0
2005 0
2005 0
2005 0
2005 1
2005 0
2005 0
2005 0
2005 0
2005 0
2005 0
2005 0
2005 0
2005 0
2005 0
2005 0
2005 0
2005 0
2005 0
2005 0
2005 0
2005 0
2005 0
2005 0
2005 0
2005 0
2005 0
2005 0
2005 0
2005 0
2005 0
2005 0
2005 0
2005 0
2005 0
2005 0
2005 0
2005 0
2005 0
2005 0
2005 0
2005 0
2005 0
2005 0
2005 0
2005 0
2005 0
2005 0
2005 0
2005 0
2005 0
2005 0
2005 0
2005 0
2005 0
2005 0
2005 0
2005 0
2005 0
2005 0
2005 0
2005 0
2005 0
2005 0
2005 0
2005 0
2005 0
2005 0
2005 0
2005 0
2005 0
2005 0
2005 0
2005 0
2005 0
2005 0
2005 0
2005 0
2005 0
2005 0
2005 0
2005 0
2005 0
2005 0
2005 0
2005 0
2005 0
2005 0
2005 0
2005 0
2005 0
2005 0
2005 0
2005 0
2005 0
2005 0
2005 0
2005 0
2005 0
2005 0
2005 0
2005 0
2005 0
2005 0
2005 0
2005 0
2005 0
2005 0
2005 0
2005 0
2006 0
2006 0
2006 0
2006 0
2006 0
2006 0
2006 0
2006 0
2006 0
2006 0
2006 0
2006 0
2006 0
2006 0
2006 0
2006 0
2006 0
2006 0
2006 0
2006 0
2006 0
2006 0
2006 0
2006 0
2006 0
2006 0
2006 0
2006 0
2006 0
2006 0
2006 0
2006 0
2006 1
2006 7
2006 3
2006 3
2006 0
2006 0
2006 0
2006 0
2006 0
2006 0
2006 0
2006 0
2006 0
2006 0
2006 0
2006 0
2006 0
2006 0
2006 0
2006 0
2006 0
2006 0
2006 0
2006 0
2006 0
2006 0
2006 0
2006 0
2006 0
2006 0
2006 0
2006 0
2006 0
2006 0
2006 0
2006 0
2006 0
2006 0
2006 0
2006 0
2006 0
2006 6
2006 1
2006 0
2006 0
2006 0
2006 0
2006 0
2006 0
2006 0
2006 1
2006 4
2006 6
2006 4
2006 7
2006 7
2006 7
2006 6
2006 13
2006 13
2006 12
2006 55
2006 46
2006 41
2006 39
2006 36
2006 34
2006 34
2006 34
2006 31
2006 33
2006 43
2006 39
2006 38
2006 37
2006 32
2006 32
2006 32
2006 32
2006 31
2006 31
2006 31
2006 31
2006 31
2006 31
2006 31
2006 31
2006 31
2006 31
2006 36
2006 42
2006 40
2006 40
2006 40
2006 38
2006 44
2006 42
2006 42
2006 43
2006 42
2006 42
2006 42
2006 42
2006 41
2006 41
2006 41
2006 40
2006 40
2006 40
2006 40
2006 40
2006 40
2006 40
2006 40
2006 40
2006 40
2006 46
2006 49
2006 71
2006 68
2006 72
2006 67
2006 64
2006 64
2006 63
2006 61
2006 60
2006 60
2006 58
2006 58
2006 58
2006 58
2006 58
2006 58
2006 58
2006 58
2006 61
2006 71
2006 75
2006 76
2006 96
2006 89
2006 86
2006 84
2006 82
2006 100
2006 95
2006 91
2006 89
2006 87
2006 84
2006 97
2006 107
2006 109
2006 104
2006 101
2006 106
2006 103
2006 100
2006 105
2006 100
2006 100
2006 98
2006 98
2006 97
2006 97
2006 96
2006 97
2006 93
2006 93
2006 96
2006 90
2006 94
2006 101
2006 90
2006 83
2006 82
2006 86
2006 80
2006 81
2006 74
2006 81
2006 80
2006 78
2006 74
2006 75
2006 75
2006 72
2006 65
2006 70
2006 90
2006 81
2006 73
2006 67
2006 65
2006 62
2006 53
2006 53
2006 53
2006 48
2006 47
2006 44
2006 41
2006 38
2006 35
2006 33
2006 28
2006 27
2006 27
2006 14
2006 11
2006 0
2006 0
2006 0
2006 0
2006 0
2006 0
2006 0
2006 7
2006 0
2006 46
2006 17
2006 8
2006 3
2006 0
2006 0
2006 0
2006 0
2006 0
2006 0
2006 0
2006 0
2006 0
2006 0
2006 0
2006 0
2006 0
2006 0
2006 0
2006 0
2006 0
2006 1
2006 0
2006 1
2006 0
2006 0
2006 0
2006 0
2006 0
2006 0
2006 0
2006 0
2006 0
2006 0
2006 0
2006 0
2006 0
2006 0
2006 0
2006 0
2006 0
2006 0
2006 0
2006 0
2006 0
2006 0
2006 0
2006 0
2006 0
2006 0
2006 0
2006 0
2006 0
2006 0
2006 0
2006 0
2006 0
2006 0
2006 0
2006 0
2006 0
2006 0
2006 0
2006 0
2006 0
2006 0
2006 0
2006 0
2006 0
2006 0
2006 0
2006 0
2006 0
2006 0
2006 0
2006 0
2006 0
2006 0
2006 0
2006 0
2006 0
2006 0
2006 0
2006 0
2006 0
2006 0
2006 0
2006 0
2006 0
2006 0
2006 0
2006 0
2006 0
2006 0
2006 0
2006 0
2006 0
2006 0
2006 0
2006 0
2006 0
2006 0
2006 0
2006 0
2006 0
2006 0
2006 0
2006 0
2006 0
2006 0
2006 0
2006 0
2006 0
2007 0
2007 0
2007 0
2007 0
2007 0
2007 0
2007 0
2007 0
2007 0
2007 0
2007 0
2007 0
2007 0
2007 0
2007 0
2007 0
2007 0
2007 0
2007 0
2007 0
2007 0
2007 0
2007 0
2007 0
2007 0
2007 0
2007 0
2007 0
2007 0
2007 0
2007 0
2007 0
2007 0
2007 0
2007 0
2007 0
2007 0
2007 0
2007 0
2007 0
2007 0
2007 0
2007 0
2007 0
2007 0
2007 0
2007 0
2007 0
2007 0
2007 0
2007 0
2007 0
2007 0
2007 0
2007 0
2007 0
2007 0
2007 0
2007 0
2007 0
2007 0
2007 0
2007 0
2007 0
2007 0
2007 0
2007 0
2007 0
2007 0
2007 0
2007 0
2007 0
2007 0
2007 0
2007 0
2007 0
2007 0
2007 2
2007 16
2007 12
2007 13
2007 13
2007 14
2007 11
2007 10
2007 7
2007 8
2007 8
2007 8
2007 5
2007 10
2007 10
2007 10
2007 10
2007 10
2007 9
2007 13
2007 38
2007 36
2007 65
2007 59
2007 54
2007 50
2007 47
2007 45
2007 44
2007 44
2007 42
2007 39
2007 44
2007 44
2007 44
2007 43
2007 42
2007 42
2007 42
2007 42
2007 42
2007 42
2007 42
2007 42
2007 42
2007 42
2007 58
2007 57
2007 54
2007 52
2007 52
2007 52
2007 52
2007 51
2007 51
2007 51
2007 49
2007 48
2007 48
2007 48
2007 48
2007 48
2007 48
2007 48
2007 48
2007 48
2007 48
2007 49
2007 58
2007 56
2007 56
2007 56
2007 54
2007 54
2007 53
2007 51
2007 50
2007 50
2007 50
2007 50
2007 50
2007 50
2007 50
2007 53
2007 57
2007 57
2007 57
2007 60
2007 64
2007 62
2007 68
2007 64
2007 64
2007 66
2007 68
2007 66
2007 66
2007 66
2007 66
2007 65
2007 63
2007 73
2007 72
2007 70
2007 67
2007 82
2007 78
2007 71
2007 71
2007 70
2007 74
2007 70
2007 70
2007 71
2007 72
2007 67
2007 67
2007 65
2007 65
2007 65
2007 64
2007 63
2007 63
2007 63
2007 62
2007 60
2007 60
2007 60
2007 68
2007 119
2007 132
2007 116
2007 112
2007 107
2007 121
2007 117
2007 110
2007 103
2007 99
2007 127
2007 112
2007 98
2007 98
2007 94
2007 89
2007 88
2007 84
2007 78
2007 75
2007 75
2007 72
2007 69
2007 64
2007 56
2007 53
2007 47
2007 43
2007 36
2007 25
2007 15
2007 9
2007 2
2007 0
2007 0
2007 0
2007 0
2007 2
2007 5
2007 5
2007 21
2007 7
2007 0
2007 0
2007 0
2007 0
2007 0
2007 0
2007 0
2007 0
2007 0
2007 0
2007 0
2007 0
2007 0
2007 0
2007 0
2007 0
2007 0
2007 0
2007 0
2007 0
2007 0
2007 0
2007 0
2007 0
2007 0
2007 3
2007 0
2007 0
2007 0
2007 0
2007 0
2007 0
2007 0
2007 0
2007 0
2007 0
2007 0
2007 0
2007 0
2007 0
2007 0
2007 0
2007 0
2007 0
2007 0
2007 0
2007 0
2007 0
2007 0
2007 0
2007 0
2007 0
2007 0
2007 0
2007 0
2007 0
2007 0
2007 0
2007 0
2007 0
2007 0
2007 0
2007 0
2007 0
2007 0
2007 0
2007 0
2007 0
2007 0
2007 0
2007 0
2007 0
2007 0
2007 0
2007 0
2007 0
2007 0
2007 0
2007 0
2007 0
2007 0
2007 0
2007 0
2007 0
2007 0
2007 0
2007 0
2007 0
2007 0
2007 0
2007 0
2007 0
2007 0
2007 0
2007 0
2007 0
2007 0
2007 0
2007 0
2007 0
2007 0
2007 0
2007 0
2007 0
2007 0
2007 0
2007 0
2007 0
2007 0
2007 0
2007 0
2007 0
2007 0
2007 0
2007 0
2007 0
2007 0
2008 0
2008 0
2008 0
2008 0
2008 0
2008 0
2008 0
2008 0
2008 0
2008 0
2008 0
2008 0
2008 0
2008 0
2008 0
2008 0
2008 0
2008 0
2008 0
2008 0
2008 0
2008 0
2008 0
2008 0
2008 0
2008 0
2008 0
2008 0
2008 0
2008 0
2008 0
2008 0
2008 0
2008 0
2008 0
2008 0
2008 0
2008 0
2008 0
2008 0
2008 0
2008 0
2008 0
2008 0
2008 0
2008 0
2008 0
2008 0
2008 0
2008 0
2008 0
2008 0
2008 0
2008 0
2008 1
2008 20
2008 17
2008 15
2008 12
2008 13
2008 12
2008 10
2008 9
2008 9
2008 9
2008 9
2008 9
2008 9
2008 9
2008 9
2008 7
2008 7
2008 6
2008 5
2008 5
2008 5
2008 9
2008 9
2008 9
2008 9
2008 9
2008 22
2008 42
2008 53
2008 52
2008 49
2008 48
2008 45
2008 45
2008 43
2008 41
2008 39
2008 37
2008 45
2008 56
2008 51
2008 48
2008 46
2008 46
2008 59
2008 69
2008 64
2008 62
2008 59
2008 58
2008 58
2008 55
2008 63
2008 60
2008 60
2008 60
2008 57
2008 56
2008 57
2008 58
2008 57
2008 56
2008 56
2008 56
2008 56
2008 55
2008 55
2008 55
2008 55
2008 60
2008 61
2008 60
2008 82
2008 77
2008 74
2008 73
2008 71
2008 71
2008 87
2008 93
2008 90
2008 105
2008 105
2008 105
2008 101
2008 97
2008 94
2008 91
2008 94
2008 96
2008 95
2008 93
2008 93
2008 93
2008 90
2008 89
2008 89
2008 89
2008 88
2008 88
2008 90
2008 95
2008 106
2008 104
2008 101
2008 100
2008 100
2008 100
2008 98
2008 97
2008 96
2008 95
2008 93
2008 92
2008 92
2008 91
2008 91
2008 91
2008 90
2008 90
2008 90
2008 89
2008 89
2008 89
2008 89
2008 86
2008 85
2008 85
2008 85
2008 80
2008 80
2008 80
2008 82
2008 82
2008 89
2008 83
2008 84
2008 95
2008 100
2008 93
2008 93
2008 90
2008 88
2008 89
2008 89
2008 89
2008 89
2008 88
2008 105
2008 103
2008 102
2008 101
2008 101
2008 100
2008 99
2008 97
2008 95
2008 103
2008 109
2008 97
2008 94
2008 93
2008 91
2008 91
2008 91
2008 89
2008 98
2008 99
2008 112
2008 118
2008 111
2008 107
2008 111
2008 106
2008 106
2008 116
2008 134
2008 116
2008 131
2008 117
2008 113
2008 107
2008 103
2008 96
2008 92
2008 87
2008 83
2008 80
2008 84
2008 79
2008 70
2008 62
2008 49
2008 41
2008 36
2008 29
2008 21
2008 17
2008 11
2008 7
2008 0
2008 0
2008 0
2008 0
2008 0
2008 0
2008 0
2008 0
2008 0
2008 0
2008 0
2008 0
2008 0
2008 0
2008 0
2008 0
2008 0
2008 0
2008 0
2008 0
2008 0
2008 0
2008 0
2008 0
2008 0
2008 0
2008 0
2008 0
2008 0
2008 0
2008 0
2008 0
2008 0
2008 0
2008 0
2008 0
2008 0
2008 0
2008 0
2008 0
2008 0
2008 0
2008 0
2008 0
2008 0
2008 0
2008 0
2008 0
2008 0
2008 0
2008 0
2008 0
2008 0
2008 0
2008 0
2008 0
2008 0
2008 0
2008 0
2008 0
2008 0
2008 0
2008 0
2008 0
2008 0
2008 0
2008 0
2008 0
2008 0
2008 0
2008 0
2008 0
2008 0
2008 0
2008 0
2008 0
2008 0
2008 0
2008 0
2008 0
2008 0
2008 0
2008 0
2008 0
2008 0
2008 0
2008 0
2008 0
2008 0
2008 0
2008 0
2008 0
2008 0
2008 0
2008 0
2008 0
2008 0
2008 0
2008 0
2008 0
2008 0
2008 0
2008 0
2008 0
2008 0
2008 0
2008 0
2008 0
2008 0
2008 0
2008 0
2009 0
2009 0
2009 0
2009 0
2009 0
2009 0
2009 0
2009 0
2009 0
2009 0
2009 0
2009 0
2009 0
2009 0
2009 0
2009 0
2009 0
2009 0
2009 0
2009 0
2009 0
2009 0
2009 0
2009 0
2009 0
2009 0
2009 0
2009 0
2009 0
2009 0
2009 0
2009 0
2009 0
2009 0
2009 0
2009 0
2009 0
2009 0
2009 0
2009 0
2009 0
2009 0
2009 0
2009 0
2009 0
2009 0
2009 0
2009 0
2009 0
2009 0
2009 0
2009 0
2009 0
2009 0
2009 0
2009 0
2009 0
2009 0
2009 11
2009 7
2009 13
2009 23
2009 9
2009 6
2009 6
2009 33
2009 29
2009 27
2009 26
2009 23
2009 23
2009 23
2009 33
2009 37
2009 35
2009 34
2009 31
2009 31
2009 31
2009 31
2009 31
2009 29
2009 31
2009 28
2009 46
2009 43
2009 43
2009 41
2009 47
2009 51
2009 56
2009 55
2009 52
2009 50
2009 48
2009 63
2009 72
2009 69
2009 64
2009 62
2009 76
2009 79
2009 77
2009 72
2009 72
2009 164
2009 180
2009 204
2009 184
2009 171
2009 163
2009 156
2009 147
2009 143
2009 140
2009 134
2009 154
2009 149
2009 143
2009 139
2009 138
2009 134
2009 141
2009 136
2009 134
2009 130
2009 127
2009 128
2009 131
2009 151
2009 153
2009 147
2009 142
2009 138
2009 133
2009 129
2009 129
2009 127
2009 125
2009 124
2009 130
2009 143
2009 144
2009 140
2009 138
2009 165
2009 166
2009 160
2009 162
2009 157
2009 153
2009 150
2009 147
2009 146
2009 147
2009 145
2009 144
2009 141
2009 184
2009 177
2009 175
2009 172
2009 170
2009 169
2009 167
2009 163
2009 161
2009 159
2009 156
2009 155
2009 152
2009 152
2009 151
2009 150
2009 148
2009 146
2009 144
2009 144
2009 143
2009 143
2009 140
2009 141
2009 143
2009 142
2009 142
2009 160
2009 163
2009 160
2009 157
2009 152
2009 153
2009 159
2009 157
2009 151
2009 150
2009 146
2009 146
2009 145
2009 145
2009 144
2009 142
2009 142
2009 142
2009 141
2009 137
2009 140
2009 140
2009 138
2009 138
2009 151
2009 151
2009 148
2009 157
2009 205
2009 213
2009 200
2009 191
2009 179
2009 174
2009 164
2009 163
2009 158
2009 155
2009 166
2009 160
2009 153
2009 148
2009 144
2009 148
2009 162
2009 159
2009 170
2009 166
2009 156
2009 151
2009 142
2009 148
2009 153
2009 152
2009 182
2009 161
2009 155
2009 149
2009 146
2009 140
2009 137
2009 131
2009 125
2009 120
2009 115
2009 111
2009 106
2009 100
2009 94
2009 84
2009 79
2009 78
2009 76
2009 67
2009 60
2009 55
2009 44
2009 36
2009 24
2009 18
2009 0
2009 0
2009 0
2009 0
2009 0
2009 0
2009 0
2009 0
2009 0
2009 0
2009 0
2009 0
2009 0
2009 0
2009 0
2009 0
2009 0
2009 0
2009 0
2009 0
2009 0
2009 0
2009 0
2009 0
2009 0
2009 0
2009 0
2009 0
2009 0
2009 0
2009 0
2009 0
2009 0
2009 0
2009 0
2009 0
2009 0
2009 0
2009 0
2009 0
2009 0
2009 0
2009 0
2009 0
2009 0
2009 0
2009 0
2009 0
2009 0
2009 0
2009 0
2009 0
2009 0
2009 0
2009 0
2009 0
2009 0
2009 0
2009 0
2009 0
2009 0
2009 0
2009 0
2009 0
2009 0
2009 0
2009 0
2009 0
2009 0
2009 0
2009 0
2009 0
2009 0
2009 0
2009 0
2009 0
2009 0
2009 0
2009 0
2009 0
2009 0
2009 0
2009 0
2009 0
2009 0
2009 0
2009 0
2009 0
2009 0
2009 0
2009 0
2009 0
2009 0
2009 0
2009 0
2009 0
2009 0
2009 0
2009 0
2009 0
2010 0
2010 0
2010 0
2010 0
2010 0
2010 0
2010 0
2010 0
2010 0
2010 0
2010 0
2010 0
2010 0
2010 0
2010 0
2010 0
2010 0
2010 0
2010 0
2010 0
2010 0
2010 0
2010 0
2010 0
2010 0
2010 0
2010 0
2010 0
2010 0
2010 0
2010 0
2010 0
2010 0
2010 0
2010 0
2010 0
2010 0
2010 0
2010 0
2010 0
2010 0
2010 0
2010 0
2010 0
2010 0
2010 0
2010 0
2010 0
2010 0
2010 0
2010 0
2010 24
2010 20
2010 17
2010 17
2010 12
2010 12
2010 12
2010 12
2010 11
2010 11
2010 9
2010 13
2010 11
2010 15
2010 17
2010 17
2010 16
2010 12
2010 43
2010 39
2010 33
2010 33
2010 28
2010 28
2010 26
2010 22
2010 22
2010 20
2010 20
2010 20
2010 19
2010 19
2010 19
2010 19
2010 19
2010 19
2010 19
2010 19
2010 19
2010 38
2010 38
2010 35
2010 35
2010 41
2010 39
2010 38
2010 36
2010 37
2010 35
2010 35
2010 34
2010 34
2010 42
2010 47
2010 45
2010 44
2010 44
2010 43
2010 46
2010 45
2010 45
2010 72
2010 102
2010 105
2010 119
2010 109
2010 104
2010 103
2010 98
2010 94
2010 97
2010 92
2010 91
2010 92
2010 97
2010 94
2010 93
2010 92
2010 103
2010 105
2010 123
2010 121
2010 118
2010 118
2010 116
2010 118
2010 115
2010 114
2010 112
2010 110
2010 109
2010 108
2010 107
2010 106
2010 106
2010 104
2010 105
2010 113
2010 111
2010 108
2010 107
2010 106
2010 106
2010 106
2010 105
2010 104
2010 108
2010 122
2010 120
2010 118
2010 116
2010 118
2010 117
2010 131
2010 127
2010 126
2010 123
2010 119
2010 128
2010 133
2010 132
2010 134
2010 133
2010 136
2010 138
2010 134
2010 131
2010 147
2010 143
2010 151
2010 146
2010 144
2010 144
2010 151
2010 147
2010 146
2010 145
2010 145
2010 145
2010 150
2010 156
2010 152
2010 149
2010 146
2010 145
2010 144
2010 142
2010 139
2010 140
2010 135
2010 133
2010 132
2010 130
2010 128
2010 122
2010 124
2010 140
2010 147
2010 136
2010 131
2010 141
2010 133
2010 135
2010 134
2010 153
2010 153
2010 144
2010 138
2010 132
2010 134
2010 128
2010 125
2010 127
2010 156
2010 141
2010 131
2010 133
2010 132
2010 130
2010 125
2010 122
2010 118
2010 112
2010 111
2010 109
2010 106
2010 102
2010 96
2010 92
2010 87
2010 83
2010 76
2010 73
2010 71
2010 72
2010 80
2010 110
2010 93
2010 92
2010 86
2010 85
2010 78
2010 80
2010 77
2010 74
2010 75
2010 68
2010 66
2010 59
2010 50
2010 51
2010 45
2010 37
2010 35
2010 26
2010 17
2010 0
2010 0
2010 0
2010 0
2010 0
2010 0
2010 0
2010 0
2010 0
2010 0
2010 0
2010 0
2010 0
2010 0
2010 0
2010 0
2010 0
2010 0
2010 0
2010 0
2010 0
2010 0
2010 0
2010 0
2010 0
2010 0
2010 0
2010 0
2010 0
2010 0
2010 0
2010 0
2010 0
2010 0
2010 0
2010 0
2010 0
2010 0
2010 0
2010 0
2010 0
2010 0
2010 0
2010 0
2010 0
2010 0
2010 0
2010 0
2010 0
2010 0
2010 0
2010 0
2010 0
2010 0
2010 0
2010 0
2010 0
2010 0
2010 0
2010 0
2010 0
2010 0
2010 0
2010 0
2010 0
2010 0
2010 0
2010 0
2010 0
2010 0
2010 0
2010 0
2010 0
2010 0
2010 0
2010 0
2010 0
2010 0
2010 0
2010 0
2010 0
2010 0
2010 0
2010 0
2010 0
2010 0
2010 0
2010 0
2010 0
2010 0
2010 0
2010 0
2010 0
2010 0
2010 0
2010 0
2010 0
2010 0
2011 0
2011 0
2011 0
2011 0
2011 0
2011 0
2011 0
2011 0
2011 0
2011 0
2011 0
2011 0
2011 0
2011 0
2011 0
2011 0
2011 0
2011 0
2011 0
2011 0
2011 0
2011 0
2011 0
2011 0
2011 0
2011 0
2011 0
2011 0
2011 0
2011 0
2011 0
2011 0
2011 0
2011 0
2011 0
2011 0
2011 0
2011 0
2011 0
2011 0
2011 0
2011 0
2011 0
2011 0
2011 0
2011 0
2011 7
2011 15
2011 10
2011 4
2011 0
2011 0
2011 0
2011 0
2011 15
2011 17
2011 13
2011 12
2011 10
2011 10
2011 19
2011 20
2011 13
2011 11
2011 10
2011 9
2011 7
2011 8
2011 10
2011 11
2011 10
2011 11
2011 NA
2011 NA
2011 NA
2011 5
2011 25
2011 55
2011 54
2011 54
2011 50
2011 51
2011 48
2011 45
2011 41
2011 41
2011 47
2011 45
2011 48
2011 49
2011 47
2011 77
2011 75
2011 70
2011 65
2011 62
2011 70
2011 62
2011 56
2011 52
2011 51
2011 50
2011 50
2011 50
2011 50
2011 50
2011 50
2011 52
2011 59
2011 57
2011 60
2011 59
2011 68
2011 68
2011 75
2011 79
2011 79
2011 77
2011 75
2011 73
2011 72
2011 70
2011 69
2011 69
2011 69
2011 69
2011 69
2011 68
2011 67
2011 67
2011 67
2011 78
2011 77
2011 77
2011 75
2011 73
2011 73
2011 71
2011 71
2011 71
2011 71
2011 71
2011 75
2011 75
2011 75
2011 74
2011 74
2011 74
2011 74
2011 74
2011 77
2011 80
2011 86
2011 89
2011 82
2011 76
2011 76
2011 78
2011 75
2011 72
2011 72
2011 72
2011 72
2011 72
2011 72
2011 72
2011 72
2011 81
2011 92
2011 96
2011 94
2011 91
2011 93
2011 92
2011 92
2011 87
2011 87
2011 87
2011 87
2011 85
2011 91
2011 111
2011 118
2011 114
2011 113
2011 119
2011 111
2011 110
2011 108
2011 107
2011 102
2011 101
2011 102
2011 111
2011 112
2011 106
2011 134
2011 142
2011 132
2011 128
2011 125
2011 124
2011 124
2011 121
2011 118
2011 116
2011 112
2011 110
2011 121
2011 114
2011 118
2011 111
2011 108
2011 106
2011 100
2011 96
2011 89
2011 86
2011 84
2011 75
2011 74
2011 71
2011 63
2011 59
2011 55
2011 54
2011 49
2011 49
2011 48
2011 44
2011 41
2011 36
2011 36
2011 30
2011 32
2011 29
2011 22
2011 21
2011 11
2011 0
2011 0
2011 2
2011 0
2011 0
2011 0
2011 0
2011 0
2011 0
2011 0
2011 0
2011 0
2011 0
2011 0
2011 0
2011 0
2011 0
2011 0
2011 0
2011 0
2011 0
2011 0
2011 0
2011 0
2011 0
2011 0
2011 0
2011 0
2011 0
2011 0
2011 0
2011 0
2011 0
2011 1
2011 16
2011 4
2011 0
2011 0
2011 0
2011 0
2011 0
2011 0
2011 0
2011 0
2011 0
2011 0
2011 0
2011 0
2011 0
2011 0
2011 0
2011 0
2011 0
2011 0
2011 0
2011 0
2011 0
2011 0
2011 0
2011 0
2011 0
2011 0
2011 0
2011 0
2011 0
2011 0
2011 0
2011 0
2011 0
2011 0
2011 0
2011 0
2011 0
2011 0
2011 0
2011 0
2011 0
2011 0
2011 0
2011 0
2011 0
2011 0
2011 0
2011 0
2011 0
2011 0
2011 0
2011 0
2011 0
2011 0
2011 0
2011 0
2011 0
2011 0
2011 0
2011 0
2011 0
2011 0
2011 0
2011 0
2011 0
2011 0
2011 0
2011 0
2011 0
2011 0
2011 0
2011 0
2011 0
2011 0
2011 0
2011 0
2011 0
2011 0
2011 0
2011 0
2011 0
2011 0
2011 0
2011 0
2011 0
2011 0
2011 0
2011 0
2011 0
2011 0
2012 0
2012 0
2012 0
2012 0
2012 0
2012 0
2012 0
2012 0
2012 0
2012 0
2012 0
2012 0
2012 0
2012 0
2012 0
2012 0
2012 0
2012 0
2012 0
2012 0
2012 0
2012 0
2012 0
2012 0
2012 0
2012 0
2012 0
2012 0
2012 0
2012 0
2012 0
2012 0
2012 0
2012 0
2012 0
2012 0
2012 0
2012 0
2012 0
2012 0
2012 0
2012 0
2012 0
2012 0
2012 0
2012 0
2012 0
2012 0
2012 0
2012 3
2012 0
2012 0
2012 0
2012 0
2012 14
2012 25
2012 21
2012 18
2012 15
2012 13
2012 13
2012 13
2012 13
2012 11
2012 16
2012 18
2012 17
2012 29
2012 27
2012 26
2012 22
2012 22
2012 22
2012 22
2012 22
2012 22
2012 22
2012 21
2012 21
2012 21
2012 21
2012 21
2012 21
2012 21
2012 21
2012 22
2012 20
2012 20
2012 20
2012 20
2012 20
2012 20
2012 20
2012 20
2012 20
2012 24
2012 29
2012 27
2012 33
2012 32
2012 31
2012 31
2012 32
2012 33
2012 36
2012 40
2012 56
2012 77
2012 69
2012 66
2012 64
2012 71
2012 66
2012 64
2012 62
2012 62
2012 61
2012 61
2012 59
2012 59
2012 57
2012 67
2012 67
2012 66
2012 71
2012 69
2012 69
2012 99
2012 92
2012 89
2012 85
2012 83
2012 82
2012 80
2012 80
2012 80
2012 80
2012 78
2012 77
2012 77
2012 77
2012 76
2012 80
2012 78
2012 76
2012 76
2012 76
2012 76
2012 76
2012 75
2012 88
2012 91
2012 96
2012 101
2012 100
2012 98
2012 98
2012 96
2012 95
2012 94
2012 108
2012 110
2012 107
2012 106
2012 109
2012 107
2012 104
2012 102
2012 98
2012 98
2012 97
2012 97
2012 97
2012 95
2012 95
2012 95
2012 96
2012 94
2012 91
2012 91
2012 91
2012 90
2012 90
2012 90
2012 89
2012 91
2012 89
2012 95
2012 100
2012 99
2012 97
2012 99
2012 96
2012 94
2012 90
2012 90
2012 87
2012 87
2012 87
2012 84
2012 96
2012 90
2012 90
2012 87
2012 87
2012 87
2012 87
2012 86
2012 83
2012 79
2012 79
2012 76
2012 72
2012 70
2012 66
2012 66
2012 71
2012 78
2012 69
2012 67
2012 65
2012 65
2012 57
2012 116
2012 100
2012 89
2012 92
2012 101
2012 97
2012 105
2012 91
2012 92
2012 90
2012 91
2012 92
2012 87
2012 103
2012 92
2012 91
2012 84
2012 84
2012 72
2012 72
2012 77
2012 81
2012 75
2012 69
2012 62
2012 62
2012 57
2012 48
2012 45
2012 42
2012 26
2012 8
2012 4
2012 0
2012 0
2012 0
2012 0
2012 0
2012 0
2012 0
2012 5
2012 5
2012 4
2012 3
2012 0
2012 0
2012 0
2012 0
2012 0
2012 0
2012 0
2012 0
2012 0
2012 0
2012 0
2012 0
2012 0
2012 0
2012 0
2012 0
2012 0
2012 0
2012 6
2012 0
2012 0
2012 0
2012 0
2012 0
2012 0
2012 0
2012 0
2012 0
2012 0
2012 0
2012 0
2012 0
2012 0
2012 0
2012 0
2012 0
2012 0
2012 0
2012 0
2012 0
2012 0
2012 0
2012 0
2012 0
2012 0
2012 0
2012 0
2012 0
2012 0
2012 0
2012 0
2012 0
2012 0
2012 0
2012 0
2012 0
2012 0
2012 0
2012 0
2012 0
2012 0
2012 0
2012 0
2012 0
2012 0
2012 0
2012 0
2012 0
2012 0
2012 0
2012 0
2012 0
2012 0
2012 0
2012 0
2012 0
2012 0
2012 0
2012 0
2012 0
2012 0
2012 0
2012 0
2012 0
2012 0
2012 0
2012 0
2012 0
2012 0
2012 0
2012 0
2012 0
2012 0
2012 0
2012 0
2012 0
2012 0
2012 0
2012 0
2013 0
2013 0
2013 0
2013 0
2013 0
2013 0
2013 0
2013 0
2013 0
2013 0
2013 0
2013 0
2013 0
2013 0
2013 0
2013 0
2013 0
2013 0
2013 0
2013 0
2013 0
2013 0
2013 0
2013 0
2013 0
2013 0
2013 0
2013 0
2013 0
2013 0
2013 0
2013 0
2013 0
2013 0
2013 0
2013 0
2013 0
2013 0
2013 0
2013 0
2013 0
2013 0
2013 0
2013 0
2013 1
2013 0
2013 0
2013 0
2013 0
2013 0
2013 0
2013 0
2013 0
2013 0
2013 0
2013 0
2013 0
2013 32
2013 37
2013 26
2013 22
2013 28
2013 27
2013 24
2013 18
2013 12
2013 12
2013 11
2013 11
2013 10
2013 35
2013 81
2013 71
2013 64
2013 63
2013 57
2013 55
2013 55
2013 55
2013 51
2013 48
2013 48
2013 47
2013 46
2013 45
2013 44
2013 44
2013 59
2013 66
2013 102
2013 95
2013 89
2013 86
2013 79
2013 83
2013 86
2013 83
2013 79
2013 90
2013 85
2013 82
2013 81
2013 78
2013 77
2013 102
2013 106
2013 107
2013 106
2013 100
2013 99
2013 93
2013 98
2013 96
2013 92
2013 89
2013 84
2013 80
2013 80
2013 91
2013 87
2013 84
2013 83
2013 83
2013 87
2013 86
2013 85
2013 84
2013 80
2013 80
2013 80
2013 79
2013 79
2013 80
2013 80
2013 80
2013 80
2013 80
2013 79
2013 79
2013 79
2013 81
2013 96
2013 98
2013 94
2013 94
2013 100
2013 98
2013 96
2013 95
2013 95
2013 91
2013 89
2013 89
2013 91
2013 97
2013 94
2013 94
2013 92
2013 102
2013 98
2013 97
2013 97
2013 97
2013 105
2013 107
2013 106
2013 104
2013 101
2013 101
2013 101
2013 107
2013 106
2013 104
2013 104
2013 105
2013 109
2013 112
2013 114
2013 112
2013 110
2013 148
2013 139
2013 130
2013 129
2013 122
2013 122
2013 124
2013 124
2013 122
2013 128
2013 127
2013 126
2013 121
2013 121
2013 120
2013 118
2013 117
2013 132
2013 173
2013 165
2013 159
2013 155
2013 150
2013 141
2013 157
2013 154
2013 147
2013 146
2013 143
2013 155
2013 146
2013 142
2013 141
2013 139
2013 137
2013 134
2013 145
2013 135
2013 139
2013 132
2013 137
2013 139
2013 130
2013 134
2013 129
2013 127
2013 120
2013 112
2013 108
2013 103
2013 97
2013 116
2013 121
2013 114
2013 107
2013 101
2013 89
2013 88
2013 88
2013 88
2013 80
2013 83
2013 82
2013 72
2013 72
2013 72
2013 66
2013 63
2013 55
2013 51
2013 45
2013 37
2013 25
2013 19
2013 2
2013 0
2013 0
2013 11
2013 0
2013 5
2013 13
2013 6
2013 5
2013 4
2013 0
2013 0
2013 0
2013 0
2013 0
2013 0
2013 0
2013 0
2013 0
2013 0
2013 0
2013 0
2013 0
2013 0
2013 0
2013 0
2013 0
2013 0
2013 0
2013 0
2013 0
2013 0
2013 0
2013 0
2013 0
2013 0
2013 0
2013 0
2013 0
2013 0
2013 0
2013 0
2013 0
2013 0
2013 0
2013 0
2013 0
2013 0
2013 0
2013 0
2013 0
2013 0
2013 0
2013 0
2013 0
2013 0
2013 0
2013 0
2013 0
2013 0
2013 0
2013 0
2013 0
2013 0
2013 0
2013 0
2013 0
2013 0
2013 0
2013 0
2013 0
2013 0
2013 0
2013 0
2013 0
2013 0
2013 0
2013 0
2013 0
2013 0
2013 0
2013 0
2013 0
2013 0
2013 0
2013 0
2013 0
2013 0
2013 0
2013 0
2013 0
2013 0
2013 0
2013 0
2013 0
2013 0
2013 0
2013 0
2013 0
2013 0
2013 0
2013 0
2013 0
2013 0
2013 0
2013 0
2013 0
2013 0
2013 0
2013 0
2013 0
2014 0
2014 0
2014 0
2014 0
2014 0
2014 0
2014 0
2014 0
2014 0
2014 0
2014 0
2014 0
2014 0
2014 0
2014 0
2014 0
2014 0
2014 0
2014 0
2014 0
2014 0
2014 0
2014 0
2014 0
2014 0
2014 0
2014 0
2014 0
2014 0
2014 0
2014 0
2014 0
2014 0
2014 0
2014 0
2014 0
2014 0
2014 0
2014 0
2014 0
2014 0
2014 4
2014 8
2014 0
2014 0
2014 0
2014 0
2014 0
2014 0
2014 0
2014 0
2014 0
2014 0
2014 0
2014 0
2014 0
2014 0
2014 0
2014 0
2014 0
2014 0
2014 0
2014 0
2014 0
2014 0
2014 0
2014 4
2014 0
2014 0
2014 0
2014 2
2014 24
2014 22
2014 17
2014 13
2014 24
2014 33
2014 28
2014 28
2014 47
2014 47
2014 55
2014 58
2014 57
2014 53
2014 50
2014 49
2014 47
2014 44
2014 44
2014 42
2014 57
2014 50
2014 48
2014 45
2014 45
2014 43
2014 42
2014 42
2014 41
2014 40
2014 40
2014 40
2014 40
2014 40
2014 40
2014 40
2014 40
2014 39
2014 39
2014 52
2014 53
2014 51
2014 49
2014 48
2014 60
2014 85
2014 78
2014 75
2014 85
2014 79
2014 76
2014 74
2014 75
2014 80
2014 78
2014 96
2014 91
2014 88
2014 85
2014 81
2014 80
2014 79
2014 78
2014 78
2014 92
2014 88
2014 85
2014 117
2014 116
2014 113
2014 106
2014 106
2014 105
2014 102
2014 99
2014 98
2014 96
2014 99
2014 97
2014 95
2014 100
2014 104
2014 101
2014 106
2014 113
2014 112
2014 115
2014 130
2014 126
2014 140
2014 141
2014 141
2014 146
2014 139
2014 135
2014 144
2014 139
2014 136
2014 155
2014 147
2014 145
2014 139
2014 135
2014 135
2014 130
2014 130
2014 130
2014 140
2014 148
2014 144
2014 149
2014 146
2014 143
2014 161
2014 161
2014 157
2014 151
2014 149
2014 145
2014 142
2014 142
2014 140
2014 137
2014 136
2014 135
2014 131
2014 125
2014 125
2014 124
2014 124
2014 120
2014 121
2014 135
2014 130
2014 127
2014 130
2014 141
2014 138
2014 127
2014 122
2014 121
2014 117
2014 118
2014 115
2014 115
2014 110
2014 108
2014 105
2014 102
2014 95
2014 93
2014 89
2014 84
2014 80
2014 77
2014 71
2014 68
2014 67
2014 61
2014 60
2014 73
2014 68
2014 62
2014 64
2014 61
2014 51
2014 52
2014 49
2014 50
2014 47
2014 43
2014 45
2014 44
2014 45
2014 37
2014 34
2014 33
2014 25
2014 18
2014 16
2014 0
2014 0
2014 0
2014 0
2014 0
2014 0
2014 0
2014 0
2014 0
2014 0
2014 0
2014 0
2014 0
2014 0
2014 0
2014 0
2014 0
2014 2
2014 0
2014 0
2014 0
2014 0
2014 0
2014 0
2014 0
2014 0
2014 0
2014 0
2014 0
2014 0
2014 0
2014 0
2014 0
2014 0
2014 0
2014 0
2014 0
2014 0
2014 0
2014 0
2014 0
2014 0
2014 0
2014 0
2014 0
2014 0
2014 0
2014 0
2014 0
2014 0
2014 0
2014 0
2014 0
2014 0
2014 0
2014 0
2014 0
2014 0
2014 0
2014 0
2014 0
2014 0
2014 0
2014 0
2014 0
2014 0
2014 0
2014 0
2014 0
2014 0
2014 0
2014 0
2014 0
2014 0
2014 0
2014 0
2014 0
2014 0
2014 0
2014 0
2014 0
2014 0
2014 0
2014 0
2014 0
2014 0
2014 0
2014 0
2014 0
2014 0
2014 0
2014 0
2014 0
2014 0
2014 0
2014 0
2014 0
2014 0
2014 0
2014 0
2014 0
2014 0
2014 0
2014 0
2014 0
2014 0
2014 0
2014 0
2014 0
2014 0
2014 0
2014 0
2014 0
2014 0
2015 0
2015 0
2015 0
2015 0
2015 0
2015 0
2015 0
2015 0
2015 0
2015 0
2015 0
2015 0
2015 0
2015 0
2015 0
2015 0
2015 0
2015 0
2015 0
2015 0
2015 0
2015 0
2015 0
2015 0
2015 0
2015 0
2015 0
2015 0
2015 0
2015 0
2015 0
2015 0
2015 0
2015 0
2015 0
2015 0
2015 0
2015 0
2015 0
2015 0
2015 0
2015 0
2015 0
2015 0
2015 0
2015 0
2015 0
2015 0
2015 0
2015 0
2015 0
2015 0
2015 0
2015 0
2015 0
2015 0
2015 0
2015 0
2015 0
2015 0
2015 0
2015 0
2015 0
2015 0
2015 0
2015 26
2015 20
2015 20
2015 20
2015 19
2015 26
2015 25
2015 17
2015 23
2015 21
2015 25
2015 41
2015 37
2015 44
2015 42
2015 39
2015 38
2015 36
2015 33
2015 29
2015 28
2015 26
2015 29
2015 29
2015 31
2015 24
2015 24
2015 24
2015 20
2015 22
2015 25
2015 26
2015 30
2015 29
2015 28
2015 28
2015 28
2015 27
2015 27
2015 27
2015 27
2015 37
2015 35
2015 34
2015 31
2015 30
2015 30
2015 29
2015 29
2015 29
2015 29
2015 29
2015 33
2015 48
2015 45
2015 43
2015 42
2015 42
2015 40
2015 40
2015 40
2015 40
2015 39
2015 39
2015 39
2015 39
2015 33
2015 33
2015 33
2015 33
2015 33
2015 33
2015 38
2015 64
2015 61
2015 56
2015 57
2015 57
2015 57
2015 56
2015 53
2015 53
2015 52
2015 51
2015 51
2015 51
2015 69
2015 68
2015 65
2015 64
2015 64
2015 66
2015 77
2015 94
2015 113
2015 104
2015 98
2015 90
2015 88
2015 86
2015 83
2015 84
2015 97
2015 133
2015 128
2015 119
2015 113
2015 109
2015 108
2015 125
2015 118
2015 111
2015 108
2015 107
2015 104
2015 102
2015 100
2015 103
2015 101
2015 99
2015 98
2015 98
2015 94
2015 94
2015 94
2015 94
2015 93
2015 93
2015 93
2015 93
2015 103
2015 165
2015 159
2015 146
2015 133
2015 128
2015 122
2015 125
2015 123
2015 119
2015 123
2015 136
2015 120
2015 117
2015 112
2015 113
2015 109
2015 102
2015 101
2015 96
2015 NA
2015 98
2015 95
2015 95
2015 92
2015 84
2015 81
2015 80
2015 76
2015 73
2015 63
2015 63
2015 58
2015 54
2015 53
2015 50
2015 52
2015 46
2015 43
2015 35
2015 32
2015 18
2015 12
2015 15
2015 10
2015 4
2015 8
2015 1
2015 1
2015 0
2015 0
2015 0
2015 0
2015 0
2015 0
2015 0
2015 0
2015 0
2015 0
2015 0
2015 0
2015 0
2015 29
2015 5
2015 1
2015 0
2015 0
2015 0
2015 0
2015 0
2015 0
2015 0
2015 0
2015 0
2015 0
2015 0
2015 0
2015 0
2015 0
2015 0
2015 0
2015 0
2015 0
2015 0
2015 0
2015 0
2015 0
2015 0
2015 0
2015 0
2015 0
2015 0
2015 0
2015 0
2015 0
2015 0
2015 0
2015 0
2015 0
2015 0
2015 0
2015 0
2015 0
2015 0
2015 0
2015 0
2015 0
2015 0
2015 0
2015 0
2015 0
2015 0
2015 0
2015 0
2015 0
2015 0
2015 0
2015 0
2015 0
2015 0
2015 0
2015 0
2015 0
2015 0
2015 0
2015 0
2015 0
2015 0
2015 0
2015 0
2015 0
2015 0
2015 0
2015 0
2015 0
2015 0
2015 0
2015 0
2015 0
2015 0
2015 0
2015 0
2015 0
2015 0
2015 0
2015 0
2015 0
2015 0
2015 0
2015 0
2015 0
2015 0
2015 0
2015 0
2015 0
2015 0
2015 0
2015 0
2015 0
2015 0
2015 0
2015 0
2015 0
2015 0
2015 0
2015 0
2015 0
2015 0
2015 0
2015 0
2016 0
2016 0
2016 0
2016 0
2016 0
2016 0
2016 0
2016 0
2016 0
2016 0
2016 0
2016 0
2016 0
2016 0
2016 0
2016 0
2016 0
2016 0
2016 0
2016 0
2016 0
2016 0
2016 0
2016 0
2016 0
2016 0
2016 0
2016 0
2016 2
2016 0
2016 1
2016 7
2016 0
2016 7
2016 2
2016 0
2016 0
2016 0
2016 0
2016 0
2016 0
2016 0
2016 0
2016 0
2016 0
2016 6
2016 1
2016 0
2016 0
2016 0
2016 0
2016 0
2016 0
2016 0
2016 0
2016 0
2016 0
2016 5
2016 26
2016 23
2016 22
2016 19
2016 16
2016 15
2016 20
2016 12
2016 10
2016 11
2016 11
2016 10
2016 7
2016 3
2016 1
2016 0
2016 0
2016 0
2016 0
2016 0
2016 0
2016 0
2016 0
2016 5
2016 4
2016 4
2016 4
2016 0
2016 0
2016 0
2016 0
2016 0
2016 0
2016 0
2016 0
2016 0
2016 0
2016 3
2016 2
2016 2
2016 1
2016 1
2016 0
2016 0
2016 0
2016 0
2016 0
2016 0
2016 0
2016 0
2016 0
2016 0
2016 0
2016 0
2016 0
2016 0
2016 0
2016 0
2016 0
2016 0
2016 0
2016 0
2016 0
2016 0
2016 0
2016 0
2016 17
2016 30
2016 28
2016 23
2016 22
2016 35
2016 32
2016 32
2016 34
2016 49
2016 45
2016 42
2016 44
2016 42
2016 40
2016 40
2016 40
2016 40
2016 39
2016 39
2016 38
2016 38
2016 38
2016 37
2016 37
2016 37
2016 37
2016 37
2016 37
2016 35
2016 31
2016 31
2016 33
2016 33
2016 33
2016 43
2016 51
2016 47
2016 65
2016 60
2016 60
2016 74
2016 74
2016 70
2016 67
2016 67
2016 66
2016 64
2016 62
2016 62
2016 59
2016 59
2016 56
2016 56
2016 56
2016 59
2016 99
2016 135
2016 120
2016 112
2016 110
2016 109
2016 150
2016 149
2016 138
2016 132
2016 127
2016 122
2016 119
2016 115
2016 113
2016 110
2016 112
2016 112
2016 123
2016 118
2016 112
2016 107
2016 105
2016 103
2016 102
2016 99
2016 92
2016 93
2016 93
2016 99
2016 95
2016 91
2016 87
2016 93
2016 86
2016 86
2016 84
2016 81
2016 81
2016 74
2016 69
2016 77
2016 70
2016 65
2016 63
2016 59
2016 59
2016 50
2016 45
2016 39
2016 38
2016 37
2016 30
2016 25
2016 21
2016 19
2016 13
2016 4
2016 2
2016 0
2016 0
2016 0
2016 1
2016 18
2016 25
2016 9
2016 0
2016 0
2016 0
2016 0
2016 0
2016 0
2016 0
2016 0
2016 0
2016 0
2016 0
2016 0
2016 0
2016 0
2016 0
2016 5
2016 0
2016 0
2016 0
2016 0
2016 0
2016 0
2016 0
2016 0
2016 0
2016 0
2016 0
2016 0
2016 0
2016 0
2016 0
2016 0
2016 0
2016 0
2016 0
2016 0
2016 0
2016 0
2016 0
2016 0
2016 0
2016 0
2016 0
2016 0
2016 0
2016 0
2016 0
2016 0
2016 0
2016 0
2016 0
2016 0
2016 0
2016 0
2016 0
2016 0
2016 0
2016 0
2016 0
2016 0
2016 0
2016 0
2016 0
2016 0
2016 0
2016 0
2016 0
2016 0
2016 0
2016 0
2016 0
2016 0
2016 0
2016 0
2016 0
2016 0
2016 0
2016 0
2016 0
2016 0
2016 0
2016 0
2016 0
2016 0
2016 0
2016 0
2016 0
2016 0
2016 0
2016 0
2016 0
2016 0
2016 0
2016 0
2016 0
2016 0
2016 0
2016 0
2016 0
2016 0
2016 0
2016 0
2016 0
2016 0
2016 0
2016 0
2016 0
2016 0
2016 0
2016 0
2016 0
2016 0
2016 0
2016 0
2016 0
2016 0
2016 0
2016 0
2016 0
2016 0
2017 0
2017 0
2017 0
2017 0
2017 0
2017 0
2017 0
2017 0
2017 0
2017 0
2017 0
2017 0
2017 0
2017 0
2017 0
2017 0
2017 0
2017 0
2017 0
2017 0
2017 0
2017 0
2017 0
2017 0
2017 0
2017 0
2017 0
2017 0
2017 0
2017 0
2017 0
2017 0
2017 0
2017 0
2017 0
2017 0
2017 0
2017 0
2017 0
2017 0
2017 0
2017 2
2017 7
2017 26
2017 27
2017 22
2017 21
2017 17
2017 17
2017 17
2017 16
2017 16
2017 23
2017 21
2017 18
2017 12
2017 12
2017 11
2017 7
2017 7
2017 8
2017 8
2017 8
2017 8
2017 8
2017 40
2017 34
2017 33
2017 31
2017 29
2017 33
2017 34
2017 33
2017 32
2017 32
2017 32
2017 32
2017 31
2017 31
2017 36
2017 37
2017 37
2017 40
2017 40
2017 60
2017 114
2017 110
2017 NA
2017 98
2017 100
2017 98
2017 96
2017 94
2017 94
2017 97
2017 96
2017 94
2017 87
2017 87
2017 87
2017 87
2017 87
2017 87
2017 87
2017 87
2017 87
2017 87
2017 87
2017 87
2017 87
2017 122
2017 124
2017 122
2017 119
2017 118
2017 114
2017 111
2017 110
2017 109
2017 108
2017 107
2017 107
2017 107
2017 106
2017 106
2017 106
2017 105
2017 105
2017 105
2017 105
2017 104
2017 103
2017 105
2017 103
2017 117
2017 120
2017 118
2017 118
2017 117
2017 116
2017 115
2017 115
2017 115
2017 113
2017 113
2017 113
2017 114
2017 114
2017 115
2017 114
2017 117
2017 113
2017 113
2017 113
2017 113
2017 129
2017 128
2017 138
2017 150
2017 146
2017 143
2017 150
2017 148
2017 148
2017 148
2017 145
2017 146
2017 144
2017 142
2017 137
2017 137
2017 137
2017 134
2017 134
2017 133
2017 130
2017 130
2017 130
2017 130
2017 130
2017 130
2017 140
2017 138
2017 136
2017 134
2017 146
2017 159
2017 165
2017 160
2017 150
2017 147
2017 147
2017 141
2017 141
2017 138
2017 137
2017 132
2017 132
2017 130
2017 126
2017 126
2017 122
2017 120
2017 120
2017 125
2017 131
2017 175
2017 158
2017 150
2017 142
2017 137
2017 132
2017 132
2017 157
2017 169
2017 154
2017 147
2017 147
2017 140
2017 132
2017 130
2017 128
2017 126
2017 118
2017 114
2017 111
2017 108
2017 101
2017 97
2017 94
2017 90
2017 93
2017 91
2017 80
2017 75
2017 71
2017 61
2017 85
2017 70
2017 69
2017 65
2017 59
2017 79
2017 76
2017 76
2017 71
2017 75
2017 65
2017 75
2017 60
2017 57
2017 49
2017 47
2017 49
2017 51
2017 48
2017 35
2017 20
2017 11
2017 2
2017 2
2017 0
2017 0
2017 0
2017 0
2017 0
2017 0
2017 0
2017 0
2017 0
2017 0
2017 0
2017 0
2017 0
2017 0
2017 0
2017 0
2017 0
2017 0
2017 0
2017 0
2017 0
2017 0
2017 0
2017 0
2017 0
2017 0
2017 0
2017 0
2017 0
2017 0
2017 0
2017 0
2017 0
2017 0
2017 0
2017 0
2017 0
2017 0
2017 0
2017 0
2017 0
2017 0
2017 0
2017 0
2017 0
2017 0
2017 0
2017 0
2017 0
2017 0
2017 0
2017 0
2017 0
2017 0
2017 0
2017 0
2017 0
2017 0
2017 0
2017 0
2017 0
2017 0
2017 0
2017 0
2017 0
2017 0
2017 0
2017 0
2017 0
2017 0
2017 0
2017 0
2017 0
2017 0
2017 0
2017 0
2017 0
2017 0
2017 0
2017 0
2017 0
2017 0
2017 0
2017 0
2017 0
2017 0
2017 0
2017 0
2017 0
2017 0
2017 0
2017 0
2017 0
2017 0
2017 0
2017 0
2017 0
2017 0
2017 0
2017 0
2017 0
2017 0
2017 0
2017 0
2018 0
2018 0
2018 0
2018 0
2018 0
2018 0
2018 0
2018 0
2018 0
2018 0
2018 0
2018 0
2018 0
2018 0
2018 0
2018 0
2018 0
2018 0
2018 0
2018 0
2018 0
2018 0
2018 0
2018 0
2018 0
2018 0
2018 0
2018 0
2018 0
2018 0
2018 0
2018 0
2018 0
2018 0
2018 0
2018 0
2018 0
2018 0
2018 0
2018 1
2018 0
2018 0
2018 0
2018 0
2018 0
2018 0
2018 0
2018 0
2018 0
2018 0
2018 0
2018 0
2018 0
2018 0
2018 0
2018 0
2018 0
2018 0
2018 0
2018 0
2018 0
2018 0
2018 0
2018 0
2018 0
2018 12
2018 16
2018 32
2018 25
2018 28
2018 27
2018 23
2018 23
2018 23
2018 21
2018 21
2018 21
2018 20
2018 20
2018 20
2018 19
2018 19
2018 19
2018 19
2018 19
2018 21
2018 18
2018 18
2018 18
2018 18
2018 18
2018 18
2018 35
2018 43
2018 39
2018 35
2018 34
2018 33
2018 33
2018 35
2018 34
2018 68
2018 92
2018 83
2018 81
2018 NA
2018 NA
2018 74
2018 70
2018 68
2018 68
2018 66
2018 65
2018 62
2018 61
2018 61
2018 61
2018 65
2018 74
2018 71
2018 88
2018 88
2018 86
2018 94
2018 93
2018 121
2018 98
2018 97
2018 96
2018 148
2018 196
2018 181
2018 170
2018 163
2018 157
2018 153
2018 150
2018 149
2018 150
2018 150
2018 149
2018 145
2018 164
2018 157
2018 149
2018 147
2018 145
2018 140
2018 148
2018 146
2018 143
2018 139
2018 139
2018 138
2018 138
2018 137
2018 136
2018 140
2018 140
2018 142
2018 140
2018 139
2018 139
2018 138
2018 136
2018 136
2018 136
2018 135
2018 135
2018 133
2018 137
2018 134
2018 133
2018 139
2018 137
2018 146
2018 175
2018 172
2018 171
2018 170
2018 167
2018 191
2018 187
2018 189
2018 192
2018 189
2018 188
2018 182
2018 179
2018 175
2018 175
2018 187
2018 200
2018 192
2018 189
2018 188
2018 210
2018 211
2018 212
2018 207
2018 202
2018 200
2018 198
2018 193
2018 193
2018 190
2018 190
2018 187
2018 187
2018 179
2018 175
2018 188
2018 181
2018 177
2018 175
2018 188
2018 208
2018 192
2018 183
2018 177
2018 184
2018 180
2018 180
2018 197
2018 215
2018 200
2018 189
2018 183
2018 178
2018 171
2018 163
2018 159
2018 151
2018 146
2018 140
2018 134
2018 127
2018 122
2018 115
2018 109
2018 107
2018 105
2018 98
2018 102
2018 99
2018 94
2018 90
2018 85
2018 80
2018 71
2018 71
2018 62
2018 60
2018 52
2018 46
2018 53
2018 47
2018 38
2018 30
2018 25
2018 19
2018 13
2018 11
2018 3
2018 0
2018 0
2018 0
2018 0
2018 0
2018 0
2018 0
2018 0
2018 0
2018 0
2018 0
2018 0
2018 0
2018 0
2018 0
2018 0
2018 0
2018 0
2018 0
2018 0
2018 0
2018 0
2018 0
2018 0
2018 0
2018 0
2018 0
2018 0
2018 0
2018 0
2018 0
2018 0
2018 0
2018 0
2018 0
2018 0
2018 0
2018 0
2018 0
2018 0
2018 0
2018 0
2018 0
2018 0
2018 0
2018 0
2018 0
2018 0
2018 0
2018 0
2018 0
2018 0
2018 0
2018 0
2018 0
2018 0
2018 0
2018 0
2018 0
2018 0
2018 0
2018 0
2018 0
2018 0
2018 0
2018 0
2018 0
2018 0
2018 0
2018 0
2018 0
2018 0
2018 0
2018 0
2018 0
2018 0
2018 0
2018 0
2018 0
2018 0
2018 0
2018 0
2018 0
2018 0
2018 0
2018 0
2018 0
2018 0
2018 0
2018 0
2018 0
2018 0
2018 0
2018 0
2018 0
2018 0
2018 0
2018 0
2018 0
2018 0
2018 0
2019 0
2019 0
2019 0
2019 0
2019 0
2019 0
2019 0
2019 0
2019 0
2019 0
2019 0
2019 0
2019 0
2019 0
2019 0
2019 0
2019 0
2019 0
2019 0
2019 0
2019 0
2019 0
2019 0
2019 0
2019 0
2019 0
2019 0
2019 0
2019 0
2019 0
2019 0
2019 0
2019 0
2019 0
2019 0
2019 0
2019 0
2019 0
2019 0
2019 0
2019 0
2019 0
2019 0
2019 0
2019 0
2019 0
2019 0
2019 0
2019 0
2019 0
2019 0
2019 0
2019 0
2019 0
2019 0
2019 0
2019 0
2019 0
2019 1
2019 13
2019 13
2019 27
2019 25
2019 22
2019 13
2019 8
2019 8
2019 4
2019 9
2019 4
2019 5
2019 2
2019 1
2019 0
2019 0
2019 0
2019 0
2019 0
2019 4
2019 5
2019 11
2019 11
2019 12
2019 12
2019 49
2019 43
2019 41
2019 38
2019 34
2019 32
2019 30
2019 31
2019 30
2019 28
2019 25
2019 25
2019 25
2019 25
2019 27
2019 27
2019 40
2019 35
2019 34
2019 34
2019 35
2019 33
2019 46
2019 44
2019 41
2019 41
2019 58
2019 52
2019 49
2019 46
2019 45
2019 44
2019 42
2019 42
2019 41
2019 41
2019 41
2019 41
2019 41
2019 41
2019 41
2019 41
2019 41
2019 41
2019 41
2019 41
2019 41
2019 41
2019 41
2019 41
2019 41
2019 41
2019 41
2019 40
2019 40
2019 40
2019 42
2019 42
2019 42
2019 42
2019 42
2019 48
2019 47
2019 46
2019 46
2019 51
2019 49
2019 52
2019 53
2019 79
2019 111
2019 102
2019 96
2019 91
2019 87
2019 83
2019 82
2019 81
2019 79
2019 85
2019 83
2019 81
2019 80
2019 77
2019 77
2019 74
2019 74
2019 74
2019 74
2019 73
2019 73
2019 72
2019 72
2019 71
2019 67
2019 67
2019 63
2019 62
2019 62
2019 62
2019 62
2019 70
2019 68
2019 79
2019 77
2019 76
2019 71
2019 69
2019 72
2019 67
2019 73
2019 94
2019 84
2019 77
2019 72
2019 72
2019 72
2019 72
2019 72
2019 70
2019 70
2019 69
2019 69
2019 69
2019 69
2019 69
2019 66
2019 62
2019 58
2019 54
2019 60
2019 95
2019 82
2019 76
2019 91
2019 88
2019 85
2019 85
2019 90
2019 90
2019 79
2019 74
2019 74
2019 76
2019 76
2019 71
2019 65
2019 65
2019 65
2019 63
2019 67
2019 58
2019 62
2019 72
2019 65
2019 55
2019 55
2019 51
2019 45
2019 43
2019 41
2019 45
2019 38
2019 38
2019 33
2019 27
2019 55
2019 39
2019 30
2019 19
2019 10
2019 0
2019 1
2019 0
2019 0
2019 1
2019 0
2019 0
2019 0
2019 0
2019 0
2019 0
2019 0
2019 0
2019 0
2019 0
2019 0
2019 0
2019 0
2019 0
2019 0
2019 0
2019 0
2019 0
2019 0
2019 0
2019 0
2019 0
2019 0
2019 0
2019 0
2019 NA
2019 0
2019 0
2019 0
2019 0
2019 0
2019 0
2019 0
2019 0
2019 0
2019 0
2019 0
2019 0
2019 0
2019 0
2019 0
2019 0
2019 0
2019 0
2019 0
2019 0
2019 0
2019 0
2019 0
2019 0
2019 0
2019 0
2019 0
2019 0
2019 0
2019 0
2019 0
2019 0
2019 0
2019 0
2019 0
2019 0
2019 0
2019 0
2019 0
2019 0
2019 0
2019 0
2019 0
2019 0
2019 0
2019 0
2019 0
2019 0
2019 0
2019 0
2019 0
2019 0
2019 0
2019 0
2019 0
2019 0
2019 0
2019 0
2019 0
2019 0
2019 0
2019 0
2019 0
2019 0
2019 0
2019 0
2019 0
2019 0
2019 0
2019 0
2019 0
2019 0
2019 0
2019 0
2019 0
2019 0
2019 0
2019 0
2019 0
2020 0
2020 0
2020 0
2020 0
2020 0
2020 0
2020 0
2020 0
2020 0
2020 0
2020 0
2020 0
2020 0
2020 0
2020 0
2020 0
2020 0
2020 0
2020 0
2020 0
2020 0
2020 0
2020 0
2020 0
2020 0
2020 0
2020 0
2020 0
2020 0
2020 0
2020 0
2020 0
2020 0
2020 0
2020 1
2020 0
2020 0
2020 0
2020 0
2020 0
2020 0
2020 0
2020 0
2020 0
2020 0
2020 0
2020 0
2020 0
2020 0
2020 0
2020 0
2020 0
2020 0
2020 0
2020 0
2020 0
2020 0
2020 0
2020 0
2020 0
2020 0
2020 0
2020 0
2020 13
2020 12
2020 15
2020 10
2020 10
2020 21
2020 18
2020 18
2020 18
2020 16
2020 15
2020 15
2020 43
2020 38
2020 35
2020 32
2020 33
2020 33
2020 28
2020 32
2020 35
2020 86
2020 103
2020 87
2020 94
2020 96
2020 89
2020 85
2020 85
2020 128
2020 116
2020 109
2020 104
2020 97
2020 97
2020 91
2020 88
2020 90
2020 86
2020 82
2020 93
2020 112
2020 105
2020 102
2020 96
2020 96
2020 93
2020 90
2020 136
2020 138
2020 141
2020 138
2020 124
2020 119
2020 118
2020 114
2020 112
2020 109
2020 107
2020 106
2020 105
2020 103
2020 102
2020 102
2020 102
2020 99
2020 98
2020 98
2020 98
2020 96
2020 95
2020 94
2020 94
2020 94
2020 94
2020 94
2020 110
2020 105
2020 105
2020 105
2020 101
2020 101
2020 101
2020 103
2020 102
2020 100
2020 105
2020 118
2020 113
2020 113
2020 110
2020 106
2020 103
2020 101
2020 102
2020 100
2020 99
2020 99
2020 99
2020 99
2020 105
2020 106
2020 103
2020 111
2020 108
2020 107
2020 106
2020 106
2020 106
2020 105
2020 104
2020 101
2020 99
2020 98
2020 98
2020 102
2020 106
2020 116
2020 113
2020 120
2020 125
2020 158
2020 150
2020 151
2020 167
2020 159
2020 153
2020 147
2020 144
2020 138
2020 130
2020 127
2020 124
2020 124
2020 124
2020 121
2020 119
2020 119
2020 116
2020 114
2020 114
2020 116
2020 116
2020 115
2020 118
2020 131
2020 128
2020 123
2020 128
2020 121
2020 121
2020 121
2020 118
2020 117
2020 114
2020 112
2020 110
2020 104
2020 98
2020 95
2020 93
2020 90
2020 87
2020 85
2020 83
2020 74
2020 65
2020 62
2020 53
2020 53
2020 48
2020 50
2020 40
2020 34
2020 30
2020 24
2020 15
2020 13
2020 5
2020 0
2020 3
2020 0
2020 0
2020 0
2020 0
2020 0
2020 0
2020 0
2020 0
2020 0
2020 1
2020 0
2020 0
2020 0
2020 0
2020 0
2020 0
2020 0
2020 0
2020 0
2020 0
2020 0
2020 0
2020 0
2020 0
2020 0
2020 0
2020 0
2020 0
2020 0
2020 0
2020 0
2020 0
2020 0
2020 0
2020 0
2020 0
2020 0
2020 0
2020 0
2020 0
2020 3
2020 0
2020 0
2020 0
2020 0
2020 0
2020 0
2020 0
2020 0
2020 0
2020 0
2020 0
2020 0
2020 0
2020 0
2020 0
2020 0
2020 0
2020 0
2020 0
2020 0
2020 0
2020 0
2020 0
2020 0
2020 0
2020 0
2020 0
2020 0
2020 0
2020 0
2020 0
2020 0
2020 0
2020 0
2020 0
2020 0
2020 0
2020 0
2020 0
2020 0
2020 0
2020 0
2020 0
2020 0
2020 0
2020 0
2020 0
2020 0
2020 0
2020 0
2020 0
2020 0
2020 0
2020 0
2020 0
2020 0
2020 0
2020 0
2020 0
2020 0
2020 0
2020 0
2020 0
2020 0
2020 0
2020 0
2020 0
2020 0
2020 0
2020 0
2020 0
2020 0
2020 0
2020 0
2020 0
2020 0
2020 0
2020 0
2020 0
2020 0
2020 0
2021 0
2021 0
2021 0
2021 0
2021 0
2021 0
2021 0
2021 0
2021 0
2021 0
2021 0
2021 0
2021 0
2021 0
2021 0
2021 0
2021 0
2021 0
2021 0
2021 0
2021 0
2021 0
2021 0
2021 0
2021 2
2021 5
2021 4
2021 0
2021 0
2021 0
2021 0
2021 0
2021 0
2021 0
2021 0
2021 0
2021 1
2021 0
2021 0
2021 0
2021 0
2021 0
2021 0
2021 0
2021 2
2021 1
2021 0
2021 0
2021 0
2021 0
2021 0
2021 0
2021 0
2021 0
2021 0
2021 2
2021 3
2021 0
2021 0
2021 0
2021 0
2021 0
2021 0
2021 0
2021 0
2021 0
2021 0
2021 0
2021 0
2021 0
2021 0
2021 0
2021 0
2021 0
2021 0
2021 0
2021 2
2021 0
2021 0
2021 0
2021 0
2021 0
2021 0
2021 0
2021 0
2021 0
2021 0
2021 0
2021 0
2021 2
2021 0
2021 0
2021 7
2021 4
2021 14
2021 40
2021 37
2021 31
2021 28
2021 28
2021 26
2021 26
2021 26
2021 26
2021 24
2021 24
2021 44
2021 40
2021 38
2021 37
2021 35
2021 33
2021 33
2021 33
2021 31
2021 31
2021 31
2021 29
2021 40
2021 41
2021 40
2021 39
2021 42
2021 44
2021 61
2021 62
2021 77
2021 71
2021 66
2021 62
2021 62
2021 59
2021 57
2021 56
2021 47
2021 40
2021 40
2021 42
2021 44
2021 42
2021 42
2021 42
2021 50
2021 53
2021 71
2021 72
2021 80
2021 74
2021 72
2021 70
2021 70
2021 74
2021 80
2021 79
2021 80
2021 75
2021 75
2021 73
2021 73
2021 85
2021 85
2021 83
2021 91
2021 87
2021 85
2021 88
2021 87
2021 87
2021 85
2021 83
2021 80
2021 80
2021 79
2021 79
2021 79
2021 77
2021 75
2021 75
2021 74
2021 73
2021 81
2021 76
2021 76
2021 76
2021 76
2021 76
2021 77
2021 78
2021 76
2021 73
2021 73
2021 73
2021 81
2021 77
2021 82
2021 81
2021 83
2021 83
2021 82
2021 88
2021 84
2021 84
2021 83
2021 82
2021 77
2021 74
2021 74
2021 78
2021 73
2021 70
2021 66
2021 63
2021 58
2021 53
2021 46
2021 45
2021 45
2021 37
2021 37
2021 35
2021 31
2021 29
2021 39
2021 61
2021 48
2021 41
2021 44
2021 58
2021 50
2021 44
2021 49
2021 42
2021 47
2021 50
2021 42
2021 36
2021 33
2021 27
2021 31
2021 27
2021 28
2021 24
2021 23
2021 23
2021 18
2021 9
2021 4
2021 0
2021 0
2021 0
2021 0
2021 0
2021 0
2021 0
2021 0
2021 0
2021 0
2021 0
2021 0
2021 0
2021 0
2021 0
2021 0
2021 0
2021 0
2021 0
2021 0
2021 0
2021 0
2021 0
2021 0
2021 0
2021 0
2021 0
2021 0
2021 0
2021 0
2021 0
2021 0
2021 0
2021 0
2021 0
2021 0
2021 0
2021 0
2021 0
2021 0
2021 0
2021 0
2021 0
2021 0
2021 0
2021 0
2021 0
2021 0
2021 0
2021 0
2021 0
2021 0
2021 0
2021 0
2021 0
2021 0
2021 0
2021 0
2021 0
2021 0
2021 0
2021 0
2021 0
2021 0
2021 0
2021 0
2021 0
2021 0
2021 0
2021 0
2021 0
2021 0
2021 0
2021 0
2021 0
2021 0
2021 0
2021 0
2021 0
2021 0
2021 0
2021 0
2021 0
2021 0
2021 0
2021 0
2021 0
2021 0
2021 0
2021 0
2021 0
2021 0
2021 0
2021 0
2021 0
2021 0
2021 0
2021 0
2021 0
2021 0
2021 0
2021 0
2021 0
2021 0
2021 0
2021 0
2021 0
2021 0
2021 0
2021 0
2021 0
2021 0
2021 0
2021 0
2021 0
2021 0
2021 0
2021 0
2022 0
2022 0
2022 0
2022 0
2022 0
2022 0
2022 0
2022 0
2022 0
2022 0
2022 0
2022 0
2022 0
2022 0
2022 0
2022 0
2022 0
2022 0
2022 0
2022 0
2022 0
2022 0
2022 0
2022 0
2022 0
2022 0
2022 0
2022 0
2022 0
2022 0
2022 0
2022 0
2022 0
2022 0
2022 0
2022 0
2022 0
2022 0
2022 0
2022 0
2022 0
2022 0
2022 0
2022 0
2022 0
2022 0
2022 0
2022 0
2022 0
2022 0
2022 0
2022 0
2022 0
2022 0
2022 0
2022 0
2022 0
2022 0
2022 0
2022 0
2022 11
2022 8
2022 8
2022 12
2022 31
2022 28
2022 26
2022 22
2022 21
2022 21
2022 25
2022 20
2022 18
2022 17
2022 15
2022 41
2022 68
2022 62
2022 55
2022 54
2022 49
2022 48
2022 48
2022 47
2022 44
2022 44
2022 47
2022 46
2022 46
2022 45
2022 44
2022 44
2022 45
2022 43
2022 46
2022 48
2022 47
2022 45
2022 63
2022 80
2022 74
2022 73
2022 68
2022 65
2022 62
2022 62
2022 61
2022 60
2022 58
2022 58
2022 58
2022 58
2022 57
2022 57
2022 57
2022 57
2022 58
2022 58
2022 66
2022 68
2022 55
2022 54
2022 54
2022 54
2022 54
2022 54
2022 55
2022 55
2022 55
2022 60
2022 65
2022 63
2022 60
2022 59
2022 59
2022 58
2022 58
2022 58
2022 58
2022 58
2022 58
2022 58
2022 58
2022 58
2022 58
2022 58
2022 58
2022 58
2022 58
2022 58
2022 58
2022 58
2022 58
2022 58
2022 58
2022 57
2022 57
2022 57
2022 57
2022 58
2022 57
2022 57
2022 57
2022 57
2022 57
2022 56
2022 62
2022 81
2022 78
2022 70
2022 69
2022 69
2022 69
2022 68
2022 71
2022 68
2022 68
2022 68
2022 68
2022 68
2022 68
2022 68
2022 68
2022 68
2022 68
2022 69
2022 69
2022 68
2022 68
2022 67
2022 67
2022 67
2022 71
2022 73
2022 90
2022 90
2022 81
2022 76
2022 75
2022 72
2022 72
2022 71
2022 70
2022 70
2022 70
2022 70
2022 69
2022 69
2022 69
2022 69
2022 71
2022 73
2022 70
2022 97
2022 88
2022 84
2022 79
2022 74
2022 74
2022 82
2022 72
2022 70
2022 70
2022 70
2022 67
2022 65
2022 54
2022 43
2022 34
2022 24
2022 15
2022 7
2022 4
2022 0
2022 0
2022 14
2022 4
2022 0
2022 0
2022 0
2022 0
2022 0
2022 0
2022 0
2022 0
2022 3
2022 4
2022 4
2022 3
2022 3
2022 0
2022 0
2022 0
2022 0
2022 0
2022 0
2022 0
2022 0
2022 0
2022 0
2022 0
2022 0
2022 0
2022 0
2022 NA
2022 0
2022 0
2022 0
2022 0
2022 0
2022 0
2022 0
2022 0
2022 0
2022 0
2022 0
2022 0
2022 0
2022 0
2022 0
2022 0
2022 0
2022 0
2022 0
2022 0
2022 0
2022 0
2022 0
2022 0
2022 0
2022 0
2022 0
2022 0
2022 0
2022 0
2022 0
2022 0
2022 0
2022 0
2022 0
2022 0
2022 0
2022 0
2022 0
2022 0
2022 0
2022 0
2022 0
2022 0
2022 0
2022 0
2022 0
2022 0
2022 0
2022 0
2022 0
2022 0
2022 0
2022 0
2022 0
2022 0
2022 0
2022 0
2022 0
2022 0
2022 0
2022 0
2022 0
2022 0
2022 0
2022 0
2022 0
2022 0
2022 0
2022 0
2022 0
2022 0
2022 0
2022 0
2022 0
2022 0
2022 0
2022 0
2022 0
2022 0
2022 0
2022 0
2022 0
2022 0
2022 0
2022 0
2022 0
2022 0
2022 0
2022 0
2022 0
2022 0
2022 0
2022 0
2022 0
2022 0
2022 0
2022 0
2022 0
2022 0
