1975 NA
1975 NA
1975 NA
1975 NA
1975 NA
1975 NA
1975 NA
1975 NA
1975 NA
1975 NA
1975 NA
1975 NA
1975 NA
1975 NA
1975 NA
1975 NA
1975 NA
1975 NA
1975 NA
1975 NA
1975 NA
1975 NA
1975 NA
1975 NA
1975 NA
1975 NA
1975 NA
1975 NA
1975 NA
1975 NA
1975 NA
1975 NA
1975 NA
1975 NA
1975 NA
1975 NA
1975 NA
1975 NA
1975 NA
1975 NA
1975 NA
1975 NA
1975 NA
1975 NA
1975 NA
1975 NA
1975 NA
1975 NA
1975 NA
1975 NA
1975 NA
1975 NA
1975 NA
1975 NA
1975 NA
1975 NA
1975 NA
1975 NA
1975 NA
1975 NA
1975 NA
1975 NA
1975 NA
1975 NA
1975 NA
1975 NA
1975 NA
1975 NA
1975 NA
1975 NA
1975 NA
1975 NA
1975 NA
1975 NA
1975 NA
1975 NA
1975 NA
1975 NA
1975 NA
1975 NA
1975 NA
1975 NA
1975 NA
1975 NA
1975 NA
1975 NA
1975 NA
1975 NA
1975 NA
1975 NA
1975 NA
1975 NA
1975 NA
1975 NA
1975 NA
1975 NA
1975 NA
1975 NA
1975 NA
1975 NA
1975 NA
1975 NA
1975 NA
1975 NA
1975 NA
1975 NA
1975 NA
1975 NA
1975 NA
1975 NA
1975 NA
1975 NA
1975 NA
1975 25
1975 25
1975 32
1975 32
1975 33
1975 33
1975 33
1975 32
1975 30
1975 30
1975 30
1975 25
1975 25
1975 25
1975 25
1975 25
1975 26
1975 26
1975 26
1975 25
1975 25
1975 24
1975 23
1975 22
1975 19
1975 30
1975 30
1975 43
1975 40
1975 36
1975 35
1975 34
1975 34
1975 32
1975 32
1975 30
1975 30
1975 25
1975 32
1975 30
1975 32
1975 30
1975 30
1975 30
1975 30
1975 35
1975 35
1975 30
1975 NA
1975 30
1975 30
1975 30
1975 36
1975 36
1975 36
1975 30
1975 29
1975 15
1975 29
1975 28
1975 15
1975 15
1975 13
1975 10
1975 NA
1975 10
1975 10
1975 10
1975 10
1975 10
1975 NA
1975 11
1975 11
1975 11
1975 11
1975 11
1975 40
1975 55
1975 50
1975 50
1975 50
1975 40
1975 40
1975 40
1975 40
1975 40
1975 450
1975 40
1975 40
1975 35
1975 40
1975 40
1975 45
1975 45
1975 NA
1975 NA
1975 50
1975 50
1975 NA
1975 NA
1975 NA
1975 NA
1975 NA
1975 NA
1975 NA
1975 NA
1975 NA
1975 NA
1975 NA
1975 NA
1975 NA
1975 NA
1975 NA
1975 NA
1975 NA
1975 NA
1975 NA
1975 NA
1975 NA
1975 NA
1975 NA
1975 NA
1975 NA
1975 NA
1975 NA
1975 NA
1975 NA
1975 NA
1975 NA
1975 NA
1975 NA
1975 NA
1975 NA
1975 NA
1975 NA
1975 NA
1975 NA
1975 NA
1975 NA
1975 NA
1975 NA
1975 NA
1975 NA
1975 NA
1975 NA
1975 NA
1975 NA
1975 NA
1975 NA
1975 NA
1975 NA
1975 NA
1975 NA
1975 NA
1975 NA
1975 NA
1975 NA
1975 NA
1975 NA
1975 NA
1975 NA
1975 NA
1975 NA
1975 NA
1975 NA
1975 NA
1975 NA
1975 NA
1975 NA
1975 NA
1975 NA
1975 NA
1975 NA
1975 NA
1975 NA
1975 NA
1975 NA
1975 NA
1975 NA
1975 NA
1975 NA
1975 NA
1975 NA
1975 NA
1975 NA
1975 NA
1975 NA
1975 NA
1975 NA
1975 NA
1975 NA
1975 NA
1975 NA
1975 NA
1975 NA
1975 NA
1975 NA
1975 NA
1975 NA
1975 NA
1975 NA
1975 NA
1975 NA
1975 NA
1975 NA
1975 NA
1975 NA
1975 NA
1975 NA
1975 NA
1975 NA
1975 NA
1975 NA
1975 NA
1975 NA
1975 NA
1975 NA
1975 NA
1975 NA
1975 NA
1975 NA
1975 NA
1975 NA
1975 NA
1975 NA
1975 NA
1975 NA
1975 NA
1975 NA
1975 NA
1975 NA
1975 NA
1975 NA
1975 NA
1975 NA
1975 NA
1975 NA
1975 NA
1975 NA
1975 NA
1975 NA
1975 NA
1975 NA
1975 NA
1975 NA
1975 NA
1975 NA
1975 NA
1975 NA
1975 NA
1975 NA
1975 NA
1976 NA
1976 NA
1976 NA
1976 NA
1976 NA
1976 NA
1976 NA
1976 NA
1976 NA
1976 NA
1976 NA
1976 NA
1976 NA
1976 NA
1976 NA
1976 NA
1976 NA
1976 NA
1976 NA
1976 NA
1976 NA
1976 NA
1976 NA
1976 NA
1976 NA
1976 NA
1976 NA
1976 NA
1976 NA
1976 NA
1976 NA
1976 NA
1976 NA
1976 NA
1976 NA
1976 NA
1976 NA
1976 NA
1976 NA
1976 NA
1976 NA
1976 NA
1976 NA
1976 NA
1976 NA
1976 NA
1976 NA
1976 NA
1976 NA
1976 NA
1976 NA
1976 NA
1976 NA
1976 NA
1976 NA
1976 NA
1976 NA
1976 NA
1976 NA
1976 NA
1976 NA
1976 NA
1976 NA
1976 NA
1976 NA
1976 NA
1976 NA
1976 NA
1976 NA
1976 NA
1976 NA
1976 NA
1976 NA
1976 NA
1976 NA
1976 NA
1976 NA
1976 NA
1976 NA
1976 NA
1976 NA
1976 NA
1976 NA
1976 NA
1976 NA
1976 NA
1976 NA
1976 NA
1976 NA
1976 NA
1976 NA
1976 NA
1976 NA
1976 NA
1976 NA
1976 NA
1976 NA
1976 NA
1976 NA
1976 NA
1976 NA
1976 NA
1976 NA
1976 NA
1976 NA
1976 NA
1976 NA
1976 NA
1976 NA
1976 NA
1976 NA
1976 NA
1976 30
1976 30
1976 30
1976 25
1976 25
1976 25
1976 25
1976 24
1976 24
1976 24
1976 24
1976 24
1976 23
1976 24
1976 24
1976 24
1976 15
1976 10
1976 10
1976 10
1976 10
1976 10
1976 5
1976 2
1976 2
1976 2
1976 2
1976 2
1976 2
1976 2
1976 2
1976 2
1976 2
1976 10
1976 15
1976 15
1976 13
1976 15
1976 15
1976 15
1976 40
1976 40
1976 40
1976 40
1976 50
1976 60
1976 60
1976 60
1976 60
1976 65
1976 55
1976 40
1976 40
1976 45
1976 55
1976 55
1976 55
1976 50
1976 50
1976 50
1976 45
1976 45
1976 45
1976 45
1976 45
1976 45
1976 45
1976 45
1976 40
1976 40
1976 40
1976 40
1976 40
1976 30
1976 30
1976 30
1976 30
1976 65
1976 70
1976 40
1976 40
1976 50
1976 60
1976 60
1976 50
1976 50
1976 50
1976 50
1976 45
1976 25
1976 25
1976 25
1976 30
1976 36
1976 30
1976 25
1976 25
1976 20
1976 20
1976 20
1976 15
1976 15
1976 10
1976 5
1976 5
1976 5
1976 0
1976 0
1976 2
1976 0
1976 NA
1976 NA
1976 NA
1976 NA
1976 NA
1976 NA
1976 NA
1976 NA
1976 NA
1976 NA
1976 NA
1976 NA
1976 NA
1976 NA
1976 NA
1976 NA
1976 NA
1976 NA
1976 NA
1976 NA
1976 NA
1976 NA
1976 NA
1976 NA
1976 NA
1976 NA
1976 NA
1976 NA
1976 NA
1976 NA
1976 NA
1976 NA
1976 NA
1976 NA
1976 NA
1976 NA
1976 NA
1976 NA
1976 NA
1976 NA
1976 NA
1976 NA
1976 NA
1976 NA
1976 NA
1976 NA
1976 NA
1976 NA
1976 NA
1976 NA
1976 NA
1976 NA
1976 NA
1976 NA
1976 NA
1976 NA
1976 NA
1976 NA
1976 NA
1976 NA
1976 NA
1976 NA
1976 NA
1976 NA
1976 NA
1976 NA
1976 NA
1976 NA
1976 NA
1976 NA
1976 NA
1976 NA
1976 NA
1976 NA
1976 NA
1976 NA
1976 NA
1976 NA
1976 NA
1976 NA
1976 NA
1976 NA
1976 NA
1976 NA
1976 NA
1976 NA
1976 NA
1976 NA
1976 NA
1976 NA
1976 NA
1976 NA
1976 NA
1976 NA
1976 NA
1976 NA
1976 NA
1976 NA
1976 NA
1976 NA
1976 NA
1976 NA
1976 NA
1976 NA
1976 NA
1976 NA
1976 NA
1976 NA
1976 NA
1976 NA
1976 NA
1976 NA
1976 NA
1976 NA
1976 NA
1976 NA
1976 NA
1976 NA
1976 NA
1976 NA
1976 NA
1976 NA
1976 NA
1976 NA
1976 NA
1976 NA
1976 NA
1976 NA
1976 NA
1976 NA
1976 NA
1976 NA
1976 NA
1976 NA
1976 NA
1976 NA
1976 NA
1976 NA
1976 NA
1976 NA
1976 NA
1976 NA
1976 NA
1976 NA
1981 NA
1981 NA
1981 NA
1981 NA
1981 NA
1981 NA
1981 NA
1981 NA
1981 NA
1981 NA
1981 NA
1981 NA
1981 NA
1981 NA
1981 NA
1981 NA
1981 NA
1981 NA
1981 NA
1981 NA
1981 NA
1981 NA
1981 NA
1981 NA
1981 NA
1981 NA
1981 NA
1981 NA
1981 NA
1981 NA
1981 NA
1981 NA
1981 NA
1981 NA
1981 NA
1981 NA
1981 NA
1981 NA
1981 NA
1981 NA
1981 NA
1981 NA
1981 NA
1981 NA
1981 NA
1981 NA
1981 NA
1981 NA
1981 NA
1981 NA
1981 NA
1981 NA
1981 NA
1981 NA
1981 NA
1981 NA
1981 NA
1981 NA
1981 NA
1981 NA
1981 NA
1981 NA
1981 NA
1981 NA
1981 NA
1981 NA
1981 NA
1981 NA
1981 NA
1981 NA
1981 NA
1981 NA
1981 NA
1981 NA
1981 NA
1981 NA
1981 NA
1981 NA
1981 NA
1981 NA
1981 NA
1981 NA
1981 NA
1981 NA
1981 NA
1981 NA
1981 NA
1981 NA
1981 NA
1981 NA
1981 NA
1981 NA
1981 NA
1981 NA
1981 NA
1981 NA
1981 NA
1981 NA
1981 NA
1981 NA
1981 NA
1981 NA
1981 NA
1981 NA
1981 NA
1981 9
1981 15
1981 15
1981 20
1981 25
1981 25
1981 36
1981 40
1981 40
1981 40
1981 40
1981 40
1981 45
1981 47
1981 36
1981 35
1981 35
1981 35
1981 35
1981 35
1981 40
1981 50
1981 60
1981 70
1981 70
1981 70
1981 60
1981 60
1981 60
1981 70
1981 75
1981 110
1981 NA
1981 120
1981 130
1981 135
1981 170
1981 170
1981 160
1981 160
1981 160
1981 150
1981 135
1981 135
1981 135
1981 135
1981 135
1981 130
1981 130
1981 130
1981 130
1981 130
1981 138
1981 135
1981 130
1981 125
1981 125
1981 130
1981 130
1981 125
1981 117
1981 115
1981 110
1981 100
1981 90
1981 90
1981 92
1981 90
1981 90
1981 91
1981 105
1981 105
1981 105
1981 105
1981 100
1981 100
1981 103
1981 110
1981 125
1981 140
1981 135
1981 130
1981 130
1981 125
1981 120
1981 110
1981 105
1981 100
1981 100
1981 100
1981 95
1981 95
1981 105
1981 95
1981 100
1981 95
1981 92
1981 95
1981 95
1981 90
1981 85
1981 80
1981 75
1981 75
1981 60
1981 60
1981 55
1981 50
1981 50
1981 47
1981 40
1981 35
1981 33
1981 25
1981 25
1981 20
1981 15
1981 0
1981 0
1981 0
1981 0
1981 0
1981 0
1981 0
1981 0
1981 0
1981 2
1981 3
1981 0
1981 0
1981 0
1981 0
1981 20
1981 25
1981 15
1981 8
1981 0
1981 NA
1981 NA
1981 NA
1981 NA
1981 NA
1981 NA
1981 NA
1981 NA
1981 NA
1981 NA
1981 NA
1981 NA
1981 NA
1981 NA
1981 NA
1981 NA
1981 NA
1981 NA
1981 NA
1981 NA
1981 NA
1981 NA
1981 NA
1981 NA
1981 NA
1981 NA
1981 NA
1981 NA
1981 NA
1981 NA
1981 NA
1981 NA
1981 NA
1981 NA
1981 NA
1981 NA
1981 NA
1981 NA
1981 NA
1981 NA
1981 NA
1981 NA
1981 NA
1981 NA
1981 NA
1981 NA
1981 NA
1981 NA
1981 NA
1981 NA
1981 NA
1981 NA
1981 NA
1981 NA
1981 NA
1981 NA
1981 NA
1981 NA
1981 NA
1981 NA
1981 NA
1981 NA
1981 NA
1981 NA
1981 NA
1981 NA
1981 NA
1981 NA
1981 NA
1981 NA
1981 NA
1981 NA
1981 NA
1981 NA
1981 NA
1981 NA
1981 NA
1981 NA
1981 NA
1981 NA
1981 NA
1981 NA
1981 NA
1981 NA
1981 NA
1981 NA
1981 NA
1981 NA
1981 NA
1981 NA
1981 NA
1981 NA
1981 NA
1981 NA
1981 NA
1981 NA
1981 NA
1981 NA
1981 NA
1981 NA
1981 NA
1981 NA
1981 NA
1981 NA
1981 NA
1981 NA
1981 NA
1981 NA
1981 NA
1981 NA
1981 NA
1981 NA
1981 NA
1981 NA
1981 NA
1981 NA
1981 NA
1981 NA
1981 NA
1981 NA
1981 NA
1981 NA
1981 NA
1982 NA
1982 NA
1982 NA
1982 NA
1982 NA
1982 NA
1982 NA
1982 NA
1982 NA
1982 NA
1982 NA
1982 NA
1982 NA
1982 NA
1982 NA
1982 NA
1982 NA
1982 NA
1982 NA
1982 NA
1982 NA
1982 NA
1982 NA
1982 NA
1982 NA
1982 NA
1982 NA
1982 NA
1982 NA
1982 NA
1982 NA
1982 NA
1982 NA
1982 NA
1982 NA
1982 NA
1982 NA
1982 NA
1982 NA
1982 NA
1982 NA
1982 NA
1982 NA
1982 NA
1982 NA
1982 NA
1982 NA
1982 NA
1982 NA
1982 NA
1982 NA
1982 NA
1982 NA
1982 NA
1982 NA
1982 NA
1982 NA
1982 NA
1982 NA
1982 NA
1982 NA
1982 NA
1982 NA
1982 NA
1982 NA
1982 NA
1982 NA
1982 NA
1982 NA
1982 NA
1982 NA
1982 NA
1982 NA
1982 NA
1982 NA
1982 NA
1982 NA
1982 NA
1982 NA
1982 NA
1982 NA
1982 NA
1982 NA
1982 NA
1982 NA
1982 NA
1982 NA
1982 NA
1982 NA
1982 NA
1982 NA
1982 NA
1982 NA
1982 NA
1982 NA
1982 NA
1982 NA
1982 NA
1982 NA
1982 NA
1982 NA
1982 NA
1982 NA
1982 NA
1982 80
1982 90
1982 85
1982 71
1982 111
1982 135
1982 135
1982 152
1982 167
1982 168
1982 184
1982 195
1982 195
1982 195
1982 195
1982 230
1982 231
1982 190
1982 190
1982 195
1982 195
1982 190
1982 180
1982 160
1982 145
1982 140
1982 140
1982 140
1982 140
1982 140
1982 140
1982 140
1982 140
1982 140
1982 140
1982 135
1982 135
1982 130
1982 130
1982 125
1982 126
1982 126
1982 135
1982 135
1982 141
1982 140
1982 140
1982 141
1982 140
1982 140
1982 140
1982 135
1982 135
1982 136
1982 135
1982 135
1982 135
1982 133
1982 133
1982 132
1982 130
1982 130
1982 132
1982 141
1982 134
1982 134
1982 134
1982 128
1982 125
1982 126
1982 126
1982 126
1982 127
1982 126
1982 123
1982 122
1982 122
1982 121
1982 128
1982 130
1982 125
1982 127
1982 127
1982 126
1982 125
1982 125
1982 125
1982 135
1982 138
1982 145
1982 155
1982 150
1982 150
1982 152
1982 159
1982 163
1982 177
1982 185
1982 182
1982 181
1982 175
1982 169
1982 165
1982 162
1982 163
1982 160
1982 150
1982 150
1982 145
1982 142
1982 143
1982 143
1982 140
1982 130
1982 120
1982 110
1982 100
1982 95
1982 90
1982 85
1982 75
1982 71
1982 70
1982 70
1982 60
1982 50
1982 45
1982 40
1982 35
1982 25
1982 10
1982 0
1982 0
1982 0
1982 0
1982 0
1982 0
1982 3
1982 NA
1982 NA
1982 NA
1982 NA
1982 NA
1982 NA
1982 NA
1982 NA
1982 NA
1982 NA
1982 NA
1982 NA
1982 NA
1982 NA
1982 NA
1982 NA
1982 NA
1982 NA
1982 NA
1982 NA
1982 NA
1982 NA
1982 NA
1982 NA
1982 NA
1982 NA
1982 NA
1982 NA
1982 NA
1982 NA
1982 NA
1982 NA
1982 NA
1982 NA
1982 NA
1982 NA
1982 NA
1982 NA
1982 NA
1982 NA
1982 NA
1982 NA
1982 NA
1982 NA
1982 NA
1982 NA
1982 NA
1982 NA
1982 NA
1982 NA
1982 NA
1982 NA
1982 NA
1982 NA
1982 NA
1982 NA
1982 NA
1982 NA
1982 NA
1982 NA
1982 NA
1982 NA
1982 NA
1982 NA
1982 NA
1982 NA
1982 NA
1982 NA
1982 NA
1982 NA
1982 NA
1982 NA
1982 NA
1982 NA
1982 NA
1982 NA
1982 NA
1982 NA
1982 NA
1982 NA
1982 NA
1982 NA
1982 NA
1982 NA
1982 NA
1982 NA
1982 NA
1982 NA
1982 NA
1982 NA
1982 NA
1982 NA
1982 NA
1982 NA
1982 NA
1982 NA
1982 NA
1982 NA
1982 NA
1982 NA
1982 NA
1982 NA
1982 NA
1982 NA
1982 NA
1982 NA
1982 NA
1982 NA
1982 NA
1982 NA
1982 NA
1982 NA
1982 NA
1982 NA
1982 NA
1982 NA
1982 NA
1982 NA
1982 NA
1982 NA
1982 NA
1982 NA
1982 NA
1983 NA
1983 NA
1983 NA
1983 NA
1983 NA
1983 NA
1983 NA
1983 NA
1983 NA
1983 NA
1983 NA
1983 NA
1983 NA
1983 NA
1983 NA
1983 NA
1983 NA
1983 NA
1983 NA
1983 NA
1983 NA
1983 NA
1983 NA
1983 NA
1983 NA
1983 NA
1983 NA
1983 NA
1983 NA
1983 NA
1983 NA
1983 NA
1983 NA
1983 NA
1983 NA
1983 NA
1983 NA
1983 NA
1983 NA
1983 NA
1983 NA
1983 NA
1983 NA
1983 NA
1983 NA
1983 NA
1983 NA
1983 NA
1983 NA
1983 NA
1983 NA
1983 NA
1983 NA
1983 NA
1983 NA
1983 NA
1983 NA
1983 NA
1983 NA
1983 NA
1983 NA
1983 NA
1983 NA
1983 NA
1983 NA
1983 NA
1983 NA
1983 NA
1983 NA
1983 NA
1983 NA
1983 NA
1983 NA
1983 NA
1983 NA
1983 NA
1983 NA
1983 NA
1983 NA
1983 NA
1983 NA
1983 NA
1983 NA
1983 NA
1983 NA
1983 NA
1983 NA
1983 NA
1983 NA
1983 NA
1983 NA
1983 NA
1983 NA
1983 NA
1983 NA
1983 NA
1983 NA
1983 NA
1983 NA
1983 NA
1983 NA
1983 NA
1983 NA
1983 20
1983 20
1983 20
1983 20
1983 15
1983 25
1983 30
1983 20
1983 15
1983 10
1983 10
1983 10
1983 10
1983 10
1983 10
1983 10
1983 9
1983 9
1983 9
1983 8
1983 8
1983 8
1983 7
1983 5
1983 4
1983 3
1983 3
1983 3
1983 3
1983 2
1983 2
1983 2
1983 8
1983 25
1983 35
1983 35
1983 35
1983 30
1983 30
1983 30
1983 30
1983 30
1983 30
1983 30
1983 30
1983 30
1983 25
1983 25
1983 26
1983 30
1983 35
1983 35
1983 35
1983 35
1983 39
1983 69
1983 85
1983 86
1983 86
1983 85
1983 85
1983 85
1983 90
1983 90
1983 90
1983 84
1983 84
1983 84
1983 80
1983 75
1983 75
1983 70
1983 65
1983 65
1983 65
1983 65
1983 85
1983 95
1983 96
1983 96
1983 95
1983 90
1983 80
1983 80
1983 75
1983 75
1983 70
1983 70
1983 65
1983 65
1983 65
1983 50
1983 85
1983 100
1983 80
1983 60
1983 50
1983 35
1983 30
1983 30
1983 30
1983 25
1983 30
1983 38
1983 41
1983 50
1983 50
1983 50
1983 40
1983 40
1983 48
1983 50
1983 40
1983 50
1983 60
1983 70
1983 50
1983 42
1983 40
1983 20
1983 25
1983 25
1983 20
1983 17
1983 10
1983 8
1983 0
1983 0
1983 0
1983 0
1983 10
1983 0
1983 0
1983 0
1983 0
1983 0
1983 0
1983 0
1983 NA
1983 NA
1983 NA
1983 NA
1983 NA
1983 NA
1983 NA
1983 NA
1983 NA
1983 NA
1983 NA
1983 NA
1983 NA
1983 NA
1983 NA
1983 NA
1983 NA
1983 NA
1983 NA
1983 NA
1983 NA
1983 NA
1983 NA
1983 NA
1983 NA
1983 NA
1983 NA
1983 NA
1983 NA
1983 NA
1983 NA
1983 NA
1983 NA
1983 NA
1983 NA
1983 NA
1983 NA
1983 NA
1983 NA
1983 NA
1983 NA
1983 NA
1983 NA
1983 NA
1983 NA
1983 NA
1983 NA
1983 NA
1983 NA
1983 NA
1983 NA
1983 NA
1983 NA
1983 NA
1983 NA
1983 NA
1983 NA
1983 NA
1983 NA
1983 NA
1983 NA
1983 NA
1983 NA
1983 NA
1983 NA
1983 NA
1983 NA
1983 NA
1983 NA
1983 NA
1983 NA
1983 NA
1983 NA
1983 NA
1983 NA
1983 NA
1983 NA
1983 NA
1983 NA
1983 NA
1983 NA
1983 NA
1983 NA
1983 NA
1983 NA
1983 NA
1983 NA
1983 NA
1983 NA
1983 NA
1983 NA
1983 NA
1983 NA
1983 NA
1983 NA
1983 NA
1983 NA
1983 NA
1983 NA
1983 NA
1983 NA
1983 NA
1983 NA
1983 NA
1983 NA
1983 NA
1983 NA
1983 NA
1983 NA
1983 NA
1983 NA
1983 NA
1983 NA
1983 NA
1983 NA
1983 NA
1983 NA
1983 NA
1983 NA
1983 NA
1983 NA
1983 NA
1983 NA
1983 NA
1984 NA
1984 NA
1984 NA
1984 NA
1984 NA
1984 NA
1984 NA
1984 NA
1984 NA
1984 NA
1984 NA
1984 NA
1984 NA
1984 NA
1984 NA
1984 NA
1984 NA
1984 NA
1984 NA
1984 NA
1984 NA
1984 NA
1984 NA
1984 NA
1984 NA
1984 NA
1984 NA
1984 NA
1984 NA
1984 NA
1984 NA
1984 NA
1984 NA
1984 NA
1984 NA
1984 NA
1984 NA
1984 NA
1984 NA
1984 NA
1984 NA
1984 NA
1984 NA
1984 NA
1984 NA
1984 NA
1984 NA
1984 NA
1984 NA
1984 NA
1984 NA
1984 NA
1984 NA
1984 NA
1984 NA
1984 NA
1984 NA
1984 NA
1984 NA
1984 NA
1984 NA
1984 NA
1984 NA
1984 NA
1984 NA
1984 NA
1984 NA
1984 NA
1984 NA
1984 NA
1984 NA
1984 NA
1984 NA
1984 NA
1984 NA
1984 NA
1984 NA
1984 NA
1984 NA
1984 NA
1984 NA
1984 NA
1984 NA
1984 NA
1984 NA
1984 NA
1984 NA
1984 NA
1984 NA
1984 NA
1984 NA
1984 NA
1984 NA
1984 NA
1984 NA
1984 NA
1984 NA
1984 NA
1984 NA
1984 NA
1984 NA
1984 NA
1984 NA
1984 NA
1984 NA
1984 NA
1984 NA
1984 NA
1984 NA
1984 25
1984 25
1984 46
1984 NA
1984 50
1984 45
1984 43
1984 35
1984 38
1984 35
1984 34
1984 34
1984 30
1984 25
1984 24
1984 20
1984 28
1984 30
1984 30
1984 30
1984 40
1984 40
1984 40
1984 40
1984 45
1984 48
1984 58
1984 58
1984 65
1984 66
1984 70
1984 80
1984 88
1984 98
1984 103
1984 110
1984 123
1984 153
1984 153
1984 162
1984 177
1984 177
1984 178
1984 187
1984 197
1984 204
1984 204
1984 205
1984 205
1984 214
1984 254
1984 275
1984 305
1984 310
1984 310
1984 310
1984 310
1984 310
1984 310
1984 310
1984 310
1984 300
1984 300
1984 309
1984 309
1984 325
1984 326
1984 325
1984 324
1984 324
1984 320
1984 320
1984 315
1984 317
1984 310
1984 310
1984 318
1984 300
1984 280
1984 260
1984 260
1984 253
1984 253
1984 253
1984 250
1984 250
1984 250
1984 249
1984 245
1984 245
1984 242
1984 230
1984 200
1984 195
1984 192
1984 194
1984 190
1984 195
1984 200
1984 205
1984 200
1984 200
1984 199
1984 190
1984 195
1984 183
1984 182
1984 180
1984 183
1984 183
1984 180
1984 177
1984 170
1984 150
1984 147
1984 145
1984 140
1984 135
1984 130
1984 115
1984 115
1984 110
1984 105
1984 100
1984 95
1984 95
1984 93
1984 90
1984 70
1984 20
1984 15
1984 5
1984 0
1984 NA
1984 NA
1984 NA
1984 NA
1984 NA
1984 NA
1984 NA
1984 NA
1984 NA
1984 NA
1984 NA
1984 NA
1984 NA
1984 NA
1984 NA
1984 NA
1984 NA
1984 NA
1984 NA
1984 NA
1984 NA
1984 NA
1984 NA
1984 NA
1984 NA
1984 NA
1984 NA
1984 NA
1984 NA
1984 NA
1984 NA
1984 NA
1984 NA
1984 NA
1984 NA
1984 NA
1984 NA
1984 NA
1984 NA
1984 NA
1984 NA
1984 NA
1984 NA
1984 NA
1984 NA
1984 NA
1984 NA
1984 NA
1984 NA
1984 NA
1984 NA
1984 NA
1984 NA
1984 NA
1984 NA
1984 NA
1984 NA
1984 NA
1984 NA
1984 NA
1984 NA
1984 NA
1984 NA
1984 NA
1984 NA
1984 NA
1984 NA
1984 NA
1984 NA
1984 NA
1984 NA
1984 NA
1984 NA
1984 NA
1984 NA
1984 NA
1984 NA
1984 NA
1984 NA
1984 NA
1984 NA
1984 NA
1984 NA
1984 NA
1984 NA
1984 NA
1984 NA
1984 NA
1984 NA
1984 NA
1984 NA
1984 NA
1984 NA
1984 NA
1984 NA
1984 NA
1984 NA
1984 NA
1984 NA
1984 NA
1984 NA
1984 NA
1984 NA
1984 NA
1984 NA
1984 NA
1984 NA
1984 NA
1984 NA
1984 NA
1984 NA
1984 NA
1984 NA
1984 NA
1984 NA
1984 NA
1984 NA
1984 NA
1984 NA
1984 NA
1984 NA
1984 NA
1984 NA
1984 NA
1985 NA
1985 NA
1985 NA
1985 NA
1985 NA
1985 NA
1985 NA
1985 NA
1985 NA
1985 NA
1985 NA
1985 NA
1985 NA
1985 NA
1985 NA
1985 NA
1985 NA
1985 NA
1985 NA
1985 NA
1985 NA
1985 NA
1985 NA
1985 NA
1985 NA
1985 NA
1985 NA
1985 NA
1985 NA
1985 NA
1985 NA
1985 NA
1985 NA
1985 NA
1985 NA
1985 NA
1985 NA
1985 NA
1985 NA
1985 NA
1985 NA
1985 NA
1985 NA
1985 NA
1985 NA
1985 NA
1985 NA
1985 NA
1985 NA
1985 NA
1985 NA
1985 NA
1985 NA
1985 NA
1985 NA
1985 NA
1985 NA
1985 NA
1985 NA
1985 NA
1985 NA
1985 NA
1985 NA
1985 NA
1985 NA
1985 NA
1985 NA
1985 NA
1985 NA
1985 NA
1985 NA
1985 NA
1985 NA
1985 NA
1985 NA
1985 NA
1985 NA
1985 NA
1985 NA
1985 NA
1985 NA
1985 NA
1985 NA
1985 NA
1985 NA
1985 NA
1985 NA
1985 NA
1985 NA
1985 NA
1985 NA
1985 NA
1985 NA
1985 NA
1985 NA
1985 NA
1985 NA
1985 NA
1985 NA
1985 NA
1985 NA
1985 NA
1985 NA
1985 NA
1985 NA
1985 NA
1985 NA
1985 NA
1985 5
1985 10
1985 10
1985 12
1985 10
1985 8
1985 8
1985 15
1985 15
1985 15
1985 15
1985 15
1985 15
1985 15
1985 15
1985 22
1985 22
1985 22
1985 22
1985 22
1985 22
1985 24
1985 15
1985 15
1985 12
1985 10
1985 10
1985 NA
1985 13
1985 13
1985 10
1985 12
1985 16
1985 15
1985 12
1985 17
1985 5
1985 20
1985 20
1985 32
1985 43
1985 43
1985 47
1985 46
1985 44
1985 40
1985 36
1985 35
1985 30
1985 29
1985 29
1985 23
1985 18
1985 14
1985 15
1985 15
1985 12
1985 26
1985 30
1985 34
1985 35
1985 36
1985 36
1985 36
1985 35
1985 30
1985 30
1985 30
1985 25
1985 21
1985 20
1985 20
1985 21
1985 20
1985 57
1985 55
1985 55
1985 80
1985 80
1985 83
1985 90
1985 85
1985 80
1985 75
1985 75
1985 75
1985 74
1985 70
1985 70
1985 92
1985 95
1985 90
1985 90
1985 90
1985 89
1985 110
1985 110
1985 100
1985 100
1985 100
1985 110
1985 109
1985 100
1985 80
1985 40
1985 30
1985 25
1985 20
1985 18
1985 15
1985 16
1985 12
1985 10
1985 12
1985 12
1985 25
1985 25
1985 22
1985 15
1985 10
1985 7
1985 5
1985 4
1985 0
1985 0
1985 NA
1985 NA
1985 NA
1985 NA
1985 NA
1985 NA
1985 NA
1985 NA
1985 NA
1985 NA
1985 NA
1985 NA
1985 NA
1985 NA
1985 NA
1985 NA
1985 NA
1985 NA
1985 NA
1985 NA
1985 NA
1985 NA
1985 NA
1985 NA
1985 NA
1985 NA
1985 NA
1985 NA
1985 NA
1985 NA
1985 NA
1985 NA
1985 NA
1985 NA
1985 NA
1985 NA
1985 NA
1985 NA
1985 NA
1985 NA
1985 NA
1985 NA
1985 NA
1985 NA
1985 NA
1985 NA
1985 NA
1985 NA
1985 NA
1985 NA
1985 NA
1985 NA
1985 NA
1985 NA
1985 NA
1985 NA
1985 NA
1985 NA
1985 NA
1985 NA
1985 NA
1985 NA
1985 NA
1985 NA
1985 NA
1985 NA
1985 NA
1985 NA
1985 NA
1985 NA
1985 NA
1985 NA
1985 NA
1985 NA
1985 NA
1985 NA
1985 NA
1985 NA
1985 NA
1985 NA
1985 NA
1985 NA
1985 NA
1985 NA
1985 NA
1985 NA
1985 NA
1985 NA
1985 NA
1985 NA
1985 NA
1985 NA
1985 NA
1985 NA
1985 NA
1985 NA
1985 NA
1985 NA
1985 NA
1985 NA
1985 NA
1985 NA
1985 NA
1985 NA
1985 NA
1985 NA
1985 NA
1985 NA
1985 NA
1985 NA
1985 NA
1985 NA
1985 NA
1985 NA
1985 NA
1985 NA
1985 NA
1985 NA
1985 NA
1985 NA
1985 NA
1985 NA
1985 NA
1985 NA
1985 NA
1985 NA
1985 NA
1985 NA
1985 NA
1985 NA
1985 NA
1985 NA
1986 NA
1986 NA
1986 NA
1986 NA
1986 NA
1986 NA
1986 NA
1986 NA
1986 NA
1986 NA
1986 NA
1986 NA
1986 NA
1986 NA
1986 NA
1986 NA
1986 NA
1986 NA
1986 NA
1986 NA
1986 NA
1986 NA
1986 NA
1986 NA
1986 NA
1986 NA
1986 NA
1986 NA
1986 NA
1986 NA
1986 NA
1986 NA
1986 NA
1986 NA
1986 NA
1986 NA
1986 NA
1986 NA
1986 NA
1986 NA
1986 NA
1986 NA
1986 NA
1986 NA
1986 NA
1986 NA
1986 NA
1986 NA
1986 NA
1986 NA
1986 NA
1986 NA
1986 NA
1986 NA
1986 NA
1986 NA
1986 NA
1986 NA
1986 NA
1986 NA
1986 NA
1986 NA
1986 NA
1986 NA
1986 NA
1986 NA
1986 NA
1986 NA
1986 NA
1986 NA
1986 NA
1986 NA
1986 NA
1986 NA
1986 NA
1986 NA
1986 NA
1986 NA
1986 NA
1986 NA
1986 NA
1986 NA
1986 NA
1986 NA
1986 NA
1986 NA
1986 NA
1986 NA
1986 NA
1986 NA
1986 NA
1986 NA
1986 NA
1986 NA
1986 NA
1986 NA
1986 NA
1986 NA
1986 NA
1986 NA
1986 NA
1986 NA
1986 NA
1986 NA
1986 NA
1986 NA
1986 2
1986 2
1986 0
1986 0
1986 0
1986 0
1986 0
1986 1
1986 15
1986 17
1986 5
1986 8
1986 8
1986 16
1986 16
1986 NA
1986 16
1986 30
1986 35
1986 50
1986 50
1986 68
1986 70
1986 70
1986 75
1986 75
1986 75
1986 80
1986 105
1986 108
1986 113
1986 141
1986 150
1986 150
1986 140
1986 135
1986 120
1986 120
1986 142
1986 140
1986 175
1986 176
1986 176
1986 177
1986 192
1986 196
1986 199
1986 199
1986 190
1986 190
1986 190
1986 185
1986 185
1986 185
1986 185
1986 185
1986 185
1986 185
1986 185
1986 180
1986 182
1986 192
1986 192
1986 197
1986 206
1986 240
1986 240
1986 235
1986 230
1986 245
1986 235
1986 215
1986 215
1986 200
1986 195
1986 180
1986 176
1986 165
1986 155
1986 150
1986 148
1986 145
1986 140
1986 133
1986 128
1986 128
1986 130
1986 135
1986 128
1986 125
1986 120
1986 110
1986 100
1986 90
1986 83
1986 86
1986 85
1986 80
1986 50
1986 48
1986 47
1986 40
1986 40
1986 35
1986 38
1986 43
1986 42
1986 36
1986 35
1986 40
1986 37
1986 38
1986 33
1986 30
1986 33
1986 34
1986 32
1986 33
1986 32
1986 30
1986 25
1986 30
1986 45
1986 55
1986 53
1986 55
1986 55
1986 45
1986 40
1986 35
1986 34
1986 30
1986 25
1986 28
1986 20
1986 10
1986 NA
1986 NA
1986 NA
1986 NA
1986 NA
1986 NA
1986 NA
1986 NA
1986 NA
1986 NA
1986 NA
1986 NA
1986 NA
1986 NA
1986 NA
1986 NA
1986 NA
1986 NA
1986 NA
1986 NA
1986 NA
1986 NA
1986 NA
1986 NA
1986 NA
1986 NA
1986 NA
1986 NA
1986 NA
1986 NA
1986 NA
1986 NA
1986 NA
1986 NA
1986 NA
1986 NA
1986 NA
1986 NA
1986 NA
1986 NA
1986 NA
1986 NA
1986 NA
1986 NA
1986 NA
1986 NA
1986 NA
1986 NA
1986 NA
1986 NA
1986 NA
1986 NA
1986 NA
1986 NA
1986 NA
1986 NA
1986 NA
1986 NA
1986 NA
1986 NA
1986 NA
1986 NA
1986 NA
1986 NA
1986 NA
1986 NA
1986 NA
1986 NA
1986 NA
1986 NA
1986 NA
1986 NA
1986 NA
1986 NA
1986 NA
1986 NA
1986 NA
1986 NA
1986 NA
1986 NA
1986 NA
1986 NA
1986 NA
1986 NA
1986 NA
1986 NA
1986 NA
1986 NA
1986 NA
1986 NA
1986 NA
1986 NA
1986 NA
1986 NA
1986 NA
1986 NA
1986 NA
1986 NA
1986 NA
1986 NA
1986 NA
1986 NA
1986 NA
1986 NA
1986 NA
1986 NA
1986 NA
1986 NA
1986 NA
1986 NA
1986 NA
1986 NA
1986 NA
1986 NA
1986 NA
1986 NA
1986 NA
1986 NA
1986 NA
1986 NA
1986 NA
1986 NA
1986 NA
1987 NA
1987 NA
1987 NA
1987 NA
1987 NA
1987 NA
1987 NA
1987 NA
1987 NA
1987 NA
1987 NA
1987 NA
1987 NA
1987 NA
1987 NA
1987 NA
1987 NA
1987 NA
1987 NA
1987 NA
1987 NA
1987 NA
1987 NA
1987 NA
1987 NA
1987 NA
1987 NA
1987 NA
1987 NA
1987 NA
1987 NA
1987 NA
1987 NA
1987 NA
1987 NA
1987 NA
1987 NA
1987 NA
1987 NA
1987 NA
1987 NA
1987 NA
1987 NA
1987 NA
1987 NA
1987 NA
1987 NA
1987 NA
1987 NA
1987 NA
1987 NA
1987 NA
1987 NA
1987 NA
1987 NA
1987 NA
1987 NA
1987 NA
1987 NA
1987 NA
1987 NA
1987 NA
1987 NA
1987 NA
1987 NA
1987 NA
1987 NA
1987 NA
1987 NA
1987 NA
1987 NA
1987 NA
1987 NA
1987 NA
1987 NA
1987 NA
1987 NA
1987 NA
1987 NA
1987 NA
1987 NA
1987 NA
1987 NA
1987 NA
1987 NA
1987 NA
1987 NA
1987 NA
1987 NA
1987 NA
1987 NA
1987 NA
1987 NA
1987 NA
1987 NA
1987 NA
1987 NA
1987 NA
1987 NA
1987 NA
1987 NA
1987 NA
1987 NA
1987 NA
1987 NA
1987 3
1987 3
1987 20
1987 35
1987 27
1987 40
1987 60
1987 65
1987 67
1987 70
1987 65
1987 83
1987 104
1987 104
1987 104
1987 95
1987 70
1987 65
1987 42
1987 73
1987 74
1987 80
1987 82
1987 90
1987 90
1987 90
1987 93
1987 99
1987 99
1987 129
1987 127
1987 132
1987 134
1987 134
1987 134
1987 120
1987 117
1987 108
1987 107
1987 100
1987 95
1987 90
1987 82
1987 78
1987 75
1987 65
1987 64
1987 60
1987 60
1987 60
1987 62
1987 64
1987 60
1987 58
1987 55
1987 52
1987 50
1987 50
1987 63
1987 60
1987 70
1987 69
1987 70
1987 75
1987 75
1987 75
1987 72
1987 73
1987 74
1987 73
1987 73
1987 70
1987 66
1987 63
1987 64
1987 62
1987 64
1987 63
1987 73
1987 73
1987 83
1987 83
1987 82
1987 82
1987 82
1987 80
1987 77
1987 80
1987 79
1987 96
1987 96
1987 90
1987 88
1987 84
1987 85
1987 94
1987 95
1987 115
1987 105
1987 100
1987 80
1987 70
1987 65
1987 68
1987 76
1987 70
1987 67
1987 64
1987 62
1987 61
1987 58
1987 80
1987 80
1987 65
1987 63
1987 50
1987 48
1987 45
1987 45
1987 45
1987 43
1987 40
1987 40
1987 35
1987 30
1987 24
1987 15
1987 0
1987 0
1987 0
1987 0
1987 0
1987 0
1987 0
1987 0
1987 0
1987 0
1987 NA
1987 NA
1987 NA
1987 NA
1987 NA
1987 NA
1987 NA
1987 NA
1987 NA
1987 NA
1987 NA
1987 NA
1987 NA
1987 NA
1987 NA
1987 NA
1987 NA
1987 NA
1987 NA
1987 NA
1987 NA
1987 NA
1987 NA
1987 NA
1987 NA
1987 NA
1987 NA
1987 NA
1987 NA
1987 NA
1987 NA
1987 NA
1987 NA
1987 NA
1987 NA
1987 NA
1987 NA
1987 NA
1987 NA
1987 NA
1987 NA
1987 NA
1987 NA
1987 NA
1987 NA
1987 NA
1987 NA
1987 NA
1987 NA
1987 NA
1987 NA
1987 NA
1987 NA
1987 NA
1987 NA
1987 NA
1987 NA
1987 NA
1987 NA
1987 NA
1987 NA
1987 NA
1987 NA
1987 NA
1987 NA
1987 NA
1987 NA
1987 NA
1987 NA
1987 NA
1987 NA
1987 NA
1987 NA
1987 NA
1987 NA
1987 NA
1987 NA
1987 NA
1987 NA
1987 NA
1987 NA
1987 NA
1987 NA
1987 NA
1987 NA
1987 NA
1987 NA
1987 NA
1987 NA
1987 NA
1987 NA
1987 NA
1987 NA
1987 NA
1987 NA
1987 NA
1987 NA
1987 NA
1987 NA
1987 NA
1987 NA
1987 NA
1987 NA
1987 NA
1987 NA
1987 NA
1987 NA
1987 NA
1987 NA
1987 NA
1987 NA
1987 NA
1987 NA
1987 NA
1987 NA
1987 NA
1987 NA
1987 NA
1987 NA
1987 NA
1987 NA
1987 NA
1987 NA
1988 NA
1988 NA
1988 NA
1988 NA
1988 NA
1988 NA
1988 NA
1988 NA
1988 NA
1988 NA
1988 NA
1988 NA
1988 NA
1988 NA
1988 NA
1988 NA
1988 NA
1988 NA
1988 NA
1988 NA
1988 NA
1988 NA
1988 NA
1988 NA
1988 NA
1988 NA
1988 NA
1988 NA
1988 NA
1988 NA
1988 NA
1988 NA
1988 NA
1988 NA
1988 NA
1988 NA
1988 NA
1988 NA
1988 NA
1988 NA
1988 NA
1988 NA
1988 NA
1988 NA
1988 NA
1988 NA
1988 NA
1988 NA
1988 NA
1988 NA
1988 NA
1988 NA
1988 NA
1988 NA
1988 NA
1988 NA
1988 NA
1988 NA
1988 NA
1988 NA
1988 NA
1988 NA
1988 NA
1988 NA
1988 NA
1988 NA
1988 NA
1988 NA
1988 NA
1988 NA
1988 NA
1988 NA
1988 NA
1988 NA
1988 NA
1988 NA
1988 NA
1988 NA
1988 NA
1988 NA
1988 NA
1988 NA
1988 NA
1988 NA
1988 NA
1988 NA
1988 NA
1988 NA
1988 NA
1988 NA
1988 NA
1988 NA
1988 NA
1988 NA
1988 NA
1988 NA
1988 NA
1988 NA
1988 NA
1988 NA
1988 NA
1988 NA
1988 NA
1988 NA
1988 8
1988 5
1988 4
1988 2
1988 2
1988 2
1988 0
1988 0
1988 0
1988 0
1988 0
1988 0
1988 7
1988 5
1988 2
1988 0
1988 0
1988 0
1988 5
1988 3
1988 0
1988 6
1988 8
1988 4
1988 3
1988 6
1988 5
1988 3
1988 2
1988 1
1988 1
1988 1
1988 7
1988 6
1988 6
1988 4
1988 4
1988 3
1988 16
1988 28
1988 32
1988 20
1988 22
1988 23
1988 23
1988 22
1988 26
1988 30
1988 45
1988 47
1988 51
1988 50
1988 50
1988 50
1988 51
1988 70
1988 68
1988 70
1988 72
1988 76
1988 89
1988 105
1988 80
1988 70
1988 70
1988 60
1988 60
1988 50
1988 50
1988 50
1988 47
1988 45
1988 47
1988 50
1988 51
1988 51
1988 45
1988 49
1988 54
1988 54
1988 54
1988 52
1988 58
1988 60
1988 60
1988 62
1988 62
1988 61
1988 61
1988 60
1988 57
1988 50
1988 45
1988 49
1988 58
1988 68
1988 58
1988 50
1988 40
1988 41
1988 40
1988 60
1988 52
1988 51
1988 69
1988 76
1988 65
1988 77
1988 85
1988 86
1988 85
1988 74
1988 75
1988 70
1988 60
1988 54
1988 40
1988 38
1988 32
1988 31
1988 30
1988 24
1988 22
1988 20
1988 17
1988 10
1988 NA
1988 NA
1988 NA
1988 NA
1988 NA
1988 NA
1988 NA
1988 NA
1988 NA
1988 NA
1988 NA
1988 NA
1988 NA
1988 NA
1988 NA
1988 NA
1988 NA
1988 NA
1988 NA
1988 NA
1988 NA
1988 NA
1988 NA
1988 NA
1988 NA
1988 NA
1988 NA
1988 NA
1988 NA
1988 NA
1988 NA
1988 NA
1988 NA
1988 NA
1988 NA
1988 NA
1988 NA
1988 NA
1988 NA
1988 NA
1988 NA
1988 NA
1988 NA
1988 NA
1988 NA
1988 NA
1988 NA
1988 NA
1988 NA
1988 NA
1988 NA
1988 NA
1988 NA
1988 NA
1988 NA
1988 NA
1988 NA
1988 NA
1988 NA
1988 NA
1988 NA
1988 NA
1988 NA
1988 NA
1988 NA
1988 NA
1988 NA
1988 NA
1988 NA
1988 NA
1988 NA
1988 NA
1988 NA
1988 NA
1988 NA
1988 NA
1988 NA
1988 NA
1988 NA
1988 NA
1988 NA
1988 NA
1988 NA
1988 NA
1988 NA
1988 NA
1988 NA
1988 NA
1988 NA
1988 NA
1988 NA
1988 NA
1988 NA
1988 NA
1988 NA
1988 NA
1988 NA
1988 NA
1988 NA
1988 NA
1988 NA
1988 NA
1988 NA
1988 NA
1988 NA
1988 NA
1988 NA
1988 NA
1988 NA
1988 NA
1988 NA
1988 NA
1988 NA
1988 NA
1988 NA
1988 NA
1988 NA
1988 NA
1988 NA
1988 NA
1988 NA
1988 NA
1988 NA
1988 NA
1988 NA
1988 NA
1988 NA
1988 NA
1988 NA
1988 NA
1988 NA
1988 NA
1988 NA
1988 NA
1988 NA
1988 NA
1989 NA
1989 NA
1989 NA
1989 NA
1989 NA
1989 NA
1989 NA
1989 NA
1989 NA
1989 NA
1989 NA
1989 NA
1989 NA
1989 NA
1989 NA
1989 NA
1989 NA
1989 NA
1989 NA
1989 NA
1989 NA
1989 NA
1989 NA
1989 NA
1989 NA
1989 NA
1989 NA
1989 NA
1989 NA
1989 NA
1989 NA
1989 NA
1989 NA
1989 NA
1989 NA
1989 NA
1989 NA
1989 NA
1989 NA
1989 NA
1989 NA
1989 NA
1989 NA
1989 NA
1989 NA
1989 NA
1989 NA
1989 NA
1989 NA
1989 NA
1989 NA
1989 NA
1989 NA
1989 NA
1989 NA
1989 NA
1989 NA
1989 NA
1989 NA
1989 NA
1989 NA
1989 NA
1989 NA
1989 NA
1989 NA
1989 NA
1989 NA
1989 NA
1989 NA
1989 NA
1989 NA
1989 NA
1989 NA
1989 NA
1989 NA
1989 NA
1989 NA
1989 NA
1989 NA
1989 NA
1989 NA
1989 NA
1989 NA
1989 NA
1989 NA
1989 NA
1989 NA
1989 NA
1989 NA
1989 NA
1989 NA
1989 NA
1989 NA
1989 NA
1989 NA
1989 NA
1989 NA
1989 NA
1989 NA
1989 NA
1989 NA
1989 NA
1989 10
1989 11
1989 10
1989 9
1989 8
1989 8
1989 8
1989 8
1989 19
1989 19
1989 19
1989 17
1989 16
1989 12
1989 8
1989 7
1989 7
1989 7
1989 6
1989 5
1989 5
1989 5
1989 5
1989 5
1989 4
1989 4
1989 4
1989 4
1989 5
1989 5
1989 5
1989 2
1989 2
1989 2
1989 2
1989 2
1989 1
1989 0
1989 0
1989 0
1989 1
1989 15
1989 15
1989 13
1989 13
1989 12
1989 10
1989 9
1989 8
1989 7
1989 6
1989 5
1989 4
1989 3
1989 2
1989 2
1989 2
1989 2
1989 2
1989 0
1989 0
1989 0
1989 0
1989 0
1989 7
1989 7
1989 6
1989 6
1989 0
1989 0
1989 0
1989 0
1989 0
1989 0
1989 19
1989 24
1989 35
1989 43
1989 50
1989 51
1989 51
1989 71
1989 75
1989 70
1989 60
1989 40
1989 33
1989 32
1989 30
1989 30
1989 25
1989 25
1989 20
1989 15
1989 10
1989 8
1989 31
1989 30
1989 25
1989 15
1989 10
1989 5
1989 5
1989 4
1989 2
1989 0
1989 0
1989 0
1989 0
1989 0
1989 0
1989 0
1989 0
1989 2
1989 15
1989 7
1989 0
1989 0
1989 0
1989 0
1989 0
1989 0
1989 35
1989 42
1989 43
1989 35
1989 NA
1989 NA
1989 NA
1989 NA
1989 NA
1989 NA
1989 NA
1989 NA
1989 NA
1989 NA
1989 NA
1989 NA
1989 NA
1989 NA
1989 NA
1989 NA
1989 NA
1989 NA
1989 NA
1989 NA
1989 NA
1989 NA
1989 NA
1989 NA
1989 NA
1989 NA
1989 NA
1989 NA
1989 NA
1989 NA
1989 NA
1989 NA
1989 NA
1989 NA
1989 NA
1989 NA
1989 NA
1989 NA
1989 NA
1989 NA
1989 NA
1989 NA
1989 NA
1989 NA
1989 NA
1989 NA
1989 NA
1989 NA
1989 NA
1989 NA
1989 NA
1989 NA
1989 NA
1989 NA
1989 NA
1989 NA
1989 NA
1989 NA
1989 NA
1989 NA
1989 NA
1989 NA
1989 NA
1989 NA
1989 NA
1989 NA
1989 NA
1989 NA
1989 NA
1989 NA
1989 NA
1989 NA
1989 NA
1989 NA
1989 NA
1989 NA
1989 NA
1989 NA
1989 NA
1989 NA
1989 NA
1989 NA
1989 NA
1989 NA
1989 NA
1989 NA
1989 NA
1989 NA
1989 NA
1989 NA
1989 NA
1989 NA
1989 NA
1989 NA
1989 NA
1989 NA
1989 NA
1989 NA
1989 NA
1989 NA
1989 NA
1989 NA
1989 NA
1989 NA
1989 NA
1989 NA
1989 NA
1989 NA
1989 NA
1989 NA
1989 NA
1989 NA
1989 NA
1989 NA
1989 NA
1989 NA
1989 NA
1989 NA
1989 NA
1989 NA
1989 NA
1989 NA
1989 NA
1989 NA
1989 NA
1989 NA
1989 NA
1989 NA
1989 NA
1989 NA
1989 NA
1989 NA
1989 NA
1989 NA
1989 NA
1989 NA
1989 NA
1990 NA
1990 NA
1990 NA
1990 NA
1990 NA
1990 NA
1990 NA
1990 NA
1990 NA
1990 NA
1990 NA
1990 NA
1990 NA
1990 NA
1990 NA
1990 NA
1990 NA
1990 NA
1990 NA
1990 NA
1990 NA
1990 NA
1990 NA
1990 NA
1990 NA
1990 NA
1990 NA
1990 NA
1990 NA
1990 NA
1990 NA
1990 NA
1990 NA
1990 NA
1990 NA
1990 NA
1990 NA
1990 NA
1990 NA
1990 NA
1990 NA
1990 NA
1990 NA
1990 NA
1990 NA
1990 NA
1990 NA
1990 NA
1990 NA
1990 NA
1990 NA
1990 NA
1990 NA
1990 NA
1990 NA
1990 NA
1990 NA
1990 NA
1990 NA
1990 NA
1990 NA
1990 NA
1990 NA
1990 NA
1990 NA
1990 NA
1990 NA
1990 NA
1990 NA
1990 NA
1990 NA
1990 NA
1990 NA
1990 NA
1990 NA
1990 NA
1990 NA
1990 NA
1990 NA
1990 NA
1990 NA
1990 NA
1990 NA
1990 NA
1990 NA
1990 NA
1990 NA
1990 NA
1990 NA
1990 NA
1990 NA
1990 NA
1990 NA
1990 NA
1990 NA
1990 NA
1990 NA
1990 NA
1990 NA
1990 NA
1990 NA
1990 0
1990 0
1990 0
1990 0
1990 0
1990 0
1990 0
1990 0
1990 1
1990 0
1990 0
1990 0
1990 1
1990 0
1990 0
1990 0
1990 0
1990 0
1990 0
1990 0
1990 0
1990 0
1990 0
1990 0
1990 0
1990 0
1990 0
1990 0
1990 0
1990 0
1990 0
1990 0
1990 0
1990 0
1990 0
1990 0
1990 0
1990 0
1990 0
1990 0
1990 0
1990 0
1990 0
1990 0
1990 2
1990 3
1990 6
1990 7
1990 3
1990 23
1990 20
1990 16
1990 15
1990 15
1990 15
1990 15
1990 10
1990 8
1990 8
1990 5
1990 3
1990 3
1990 29
1990 35
1990 45
1990 55
1990 40
1990 35
1990 30
1990 30
1990 30
1990 30
1990 30
1990 28
1990 20
1990 18
1990 18
1990 10
1990 10
1990 15
1990 15
1990 20
1990 15
1990 15
1990 15
1990 15
1990 13
1990 10
1990 13
1990 10
1990 9
1990 5
1990 5
1990 5
1990 5
1990 3
1990 2
1990 2
1990 0
1990 0
1990 0
1990 0
1990 0
1990 0
1990 0
1990 0
1990 0
1990 0
1990 0
1990 0
1990 0
1990 0
1990 0
1990 0
1990 1
1990 0
1990 0
1990 2
1990 0
1990 1
1990 1
1990 0
1990 0
1990 0
1990 10
1990 14
1990 15
1990 10
1990 10
1990 10
1990 12
1990 18
1990 10
1990 8
1990 4
1990 4
1990 NA
1990 0
1990 0
1990 0
1990 NA
1990 NA
1990 NA
1990 NA
1990 NA
1990 NA
1990 NA
1990 NA
1990 NA
1990 NA
1990 NA
1990 NA
1990 NA
1990 NA
1990 NA
1990 NA
1990 NA
1990 NA
1990 NA
1990 NA
1990 NA
1990 NA
1990 NA
1990 NA
1990 NA
1990 NA
1990 NA
1990 NA
1990 NA
1990 NA
1990 NA
1990 NA
1990 NA
1990 NA
1990 NA
1990 NA
1990 NA
1990 NA
1990 NA
1990 NA
1990 NA
1990 NA
1990 NA
1990 NA
1990 NA
1990 NA
1990 NA
1990 NA
1990 NA
1990 NA
1990 NA
1990 NA
1990 NA
1990 NA
1990 NA
1990 NA
1990 NA
1990 NA
1990 NA
1990 NA
1990 NA
1990 NA
1990 NA
1990 NA
1990 NA
1990 NA
1990 NA
1990 NA
1990 NA
1990 NA
1990 NA
1990 NA
1990 NA
1990 NA
1990 NA
1990 NA
1990 NA
1990 NA
1990 NA
1990 NA
1990 NA
1990 NA
1990 NA
1990 NA
1990 NA
1990 NA
1990 NA
1990 NA
1990 NA
1990 NA
1990 NA
1990 NA
1990 NA
1990 NA
1990 NA
1990 NA
1990 NA
1990 NA
1990 NA
1990 NA
1990 NA
1990 NA
1990 NA
1990 NA
1990 NA
1990 NA
1990 NA
1990 NA
1990 NA
1990 NA
1990 NA
1990 NA
1990 NA
1990 NA
1990 NA
1990 NA
1990 NA
1990 NA
1990 NA
1990 NA
1990 NA
1990 NA
1990 NA
1990 NA
1991 NA
1991 NA
1991 NA
1991 NA
1991 NA
1991 NA
1991 NA
1991 NA
1991 NA
1991 NA
1991 NA
1991 NA
1991 NA
1991 NA
1991 NA
1991 NA
1991 NA
1991 NA
1991 NA
1991 NA
1991 NA
1991 NA
1991 NA
1991 NA
1991 NA
1991 NA
1991 NA
1991 NA
1991 NA
1991 NA
1991 NA
1991 NA
1991 NA
1991 NA
1991 NA
1991 NA
1991 NA
1991 NA
1991 NA
1991 NA
1991 NA
1991 NA
1991 NA
1991 NA
1991 NA
1991 NA
1991 NA
1991 NA
1991 NA
1991 NA
1991 NA
1991 NA
1991 NA
1991 NA
1991 NA
1991 NA
1991 NA
1991 NA
1991 NA
1991 NA
1991 NA
1991 NA
1991 NA
1991 NA
1991 NA
1991 NA
1991 NA
1991 NA
1991 NA
1991 NA
1991 NA
1991 NA
1991 NA
1991 NA
1991 NA
1991 NA
1991 NA
1991 NA
1991 NA
1991 NA
1991 NA
1991 NA
1991 NA
1991 NA
1991 NA
1991 NA
1991 NA
1991 NA
1991 NA
1991 NA
1991 NA
1991 NA
1991 NA
1991 NA
1991 NA
1991 NA
1991 NA
1991 NA
1991 NA
1991 NA
1991 80
1991 87
1991 87
1991 97
1991 100
1991 95
1991 85
1991 80
1991 80
1991 90
1991 80
1991 70
1991 70
1991 65
1991 60
1991 55
1991 60
1991 65
1991 60
1991 55
1991 50
1991 70
1991 80
1991 70
1991 55
1991 45
1991 46
1991 47
1991 54
1991 50
1991 45
1991 45
1991 40
1991 35
1991 60
1991 65
1991 60
1991 55
1991 50
1991 50
1991 45
1991 45
1991 45
1991 45
1991 40
1991 40
1991 40
1991 40
1991 40
1991 35
1991 33
1991 30
1991 30
1991 28
1991 26
1991 24
1991 22
1991 20
1991 22
1991 22
1991 64
1991 66
1991 92
1991 93
1991 92
1991 93
1991 92
1991 92
1991 110
1991 115
1991 117
1991 100
1991 96
1991 94
1991 87
1991 83
1991 81
1991 75
1991 71
1991 65
1991 61
1991 57
1991 54
1991 46
1991 41
1991 35
1991 30
1991 25
1991 25
1991 20
1991 20
1991 16
1991 14
1991 9
1991 10
1991 8
1991 8
1991 6
1991 7
1991 4
1991 0
1991 0
1991 0
1991 8
1991 8
1991 8
1991 0
1991 0
1991 0
1991 0
1991 0
1991 0
1991 0
1991 0
1991 0
1991 0
1991 2
1991 3
1991 0
1991 0
1991 0
1991 0
1991 0
1991 0
1991 0
1991 0
1991 0
1991 0
1991 0
1991 0
1991 1
1991 0
1991 5
1991 0
1991 1
1991 0
1991 0
1991 1
1991 0
1991 0
1991 NA
1991 NA
1991 NA
1991 NA
1991 NA
1991 NA
1991 NA
1991 NA
1991 NA
1991 NA
1991 NA
1991 NA
1991 NA
1991 NA
1991 NA
1991 NA
1991 NA
1991 NA
1991 NA
1991 NA
1991 NA
1991 NA
1991 NA
1991 NA
1991 NA
1991 NA
1991 NA
1991 NA
1991 NA
1991 NA
1991 NA
1991 NA
1991 NA
1991 NA
1991 NA
1991 NA
1991 NA
1991 NA
1991 NA
1991 NA
1991 NA
1991 NA
1991 NA
1991 NA
1991 NA
1991 NA
1991 NA
1991 NA
1991 NA
1991 NA
1991 NA
1991 NA
1991 NA
1991 NA
1991 NA
1991 NA
1991 NA
1991 NA
1991 NA
1991 NA
1991 NA
1991 NA
1991 NA
1991 NA
1991 NA
1991 NA
1991 NA
1991 NA
1991 NA
1991 NA
1991 NA
1991 NA
1991 NA
1991 NA
1991 NA
1991 NA
1991 NA
1991 NA
1991 NA
1991 NA
1991 NA
1991 NA
1991 NA
1991 NA
1991 NA
1991 NA
1991 NA
1991 NA
1991 NA
1991 NA
1991 NA
1991 NA
1991 NA
1991 NA
1991 NA
1991 NA
1991 NA
1991 NA
1991 NA
1991 NA
1991 NA
1991 NA
1991 NA
1991 NA
1991 NA
1991 NA
1991 NA
1991 NA
1991 NA
1991 NA
1991 NA
1991 NA
1991 NA
1991 NA
1991 NA
1991 NA
1991 NA
1991 NA
1991 NA
1991 NA
1991 NA
1991 NA
1991 NA
1991 NA
1991 NA
1992 NA
1992 NA
1992 NA
1992 NA
1992 NA
1992 NA
1992 NA
1992 NA
1992 NA
1992 NA
1992 NA
1992 NA
1992 NA
1992 NA
1992 NA
1992 NA
1992 NA
1992 NA
1992 NA
1992 NA
1992 NA
1992 NA
1992 NA
1992 NA
1992 NA
1992 NA
1992 NA
1992 NA
1992 NA
1992 NA
1992 NA
1992 NA
1992 NA
1992 NA
1992 NA
1992 NA
1992 NA
1992 NA
1992 NA
1992 NA
1992 NA
1992 NA
1992 NA
1992 NA
1992 NA
1992 NA
1992 NA
1992 NA
1992 NA
1992 NA
1992 NA
1992 NA
1992 NA
1992 NA
1992 NA
1992 NA
1992 NA
1992 NA
1992 NA
1992 NA
1992 NA
1992 NA
1992 NA
1992 NA
1992 NA
1992 NA
1992 NA
1992 NA
1992 NA
1992 NA
1992 NA
1992 NA
1992 NA
1992 NA
1992 NA
1992 NA
1992 NA
1992 NA
1992 NA
1992 NA
1992 NA
1992 NA
1992 NA
1992 NA
1992 NA
1992 NA
1992 NA
1992 NA
1992 NA
1992 NA
1992 NA
1992 NA
1992 3
1992 3
1992 3
1992 2
1992 2
1992 2
1992 1
1992 1
1992 1
1992 0
1992 0
1992 NA
1992 0
1992 0
1992 0
1992 0
1992 1
1992 20
1992 35
1992 40
1992 77
1992 75
1992 75
1992 75
1992 75
1992 70
1992 65
1992 64
1992 64
1992 60
1992 60
1992 60
1992 60
1992 60
1992 55
1992 55
1992 50
1992 45
1992 35
1992 50
1992 45
1992 45
1992 40
1992 40
1992 36
1992 35
1992 35
1992 35
1992 35
1992 30
1992 30
1992 30
1992 30
1992 30
1992 30
1992 25
1992 25
1992 25
1992 25
1992 25
1992 25
1992 25
1992 23
1992 25
1992 20
1992 25
1992 25
1992 25
1992 20
1992 15
1992 30
1992 30
1992 30
1992 25
1992 55
1992 50
1992 45
1992 40
1992 40
1992 40
1992 35
1992 35
1992 30
1992 27
1992 24
1992 20
1992 20
1992 20
1992 20
1992 20
1992 20
1992 20
1992 15
1992 11
1992 10
1992 9
1992 9
1992 9
1992 15
1992 15
1992 10
1992 10
1992 10
1992 10
1992 10
1992 5
1992 3
1992 3
1992 3
1992 2
1992 1
1992 0
1992 5
1992 15
1992 20
1992 15
1992 10
1992 10
1992 10
1992 5
1992 8
1992 70
1992 65
1992 60
1992 40
1992 25
1992 10
1992 5
1992 5
1992 5
1992 0
1992 0
1992 0
1992 0
1992 0
1992 0
1992 21
1992 20
1992 15
1992 0
1992 0
1992 0
1992 0
1992 0
1992 0
1992 0
1992 0
1992 0
1992 0
1992 2
1992 0
1992 0
1992 NA
1992 NA
1992 NA
1992 NA
1992 NA
1992 NA
1992 NA
1992 NA
1992 NA
1992 NA
1992 NA
1992 NA
1992 NA
1992 NA
1992 NA
1992 NA
1992 NA
1992 NA
1992 NA
1992 NA
1992 NA
1992 NA
1992 NA
1992 NA
1992 NA
1992 NA
1992 NA
1992 NA
1992 NA
1992 NA
1992 NA
1992 NA
1992 NA
1992 NA
1992 NA
1992 NA
1992 NA
1992 NA
1992 NA
1992 NA
1992 NA
1992 NA
1992 NA
1992 NA
1992 NA
1992 NA
1992 NA
1992 NA
1992 NA
1992 NA
1992 NA
1992 NA
1992 NA
1992 NA
1992 NA
1992 NA
1992 NA
1992 NA
1992 NA
1992 NA
1992 NA
1992 NA
1992 NA
1992 NA
1992 NA
1992 NA
1992 NA
1992 NA
1992 NA
1992 NA
1992 NA
1992 NA
1992 NA
1992 NA
1992 NA
1992 NA
1992 NA
1992 NA
1992 NA
1992 NA
1992 NA
1992 NA
1992 NA
1992 NA
1992 NA
1992 NA
1992 NA
1992 NA
1992 NA
1992 NA
1992 NA
1992 NA
1992 NA
1992 NA
1992 NA
1992 NA
1992 NA
1992 NA
1992 NA
1992 NA
1992 NA
1992 NA
1992 NA
1992 NA
1992 NA
1992 NA
1992 NA
1992 NA
1992 NA
1992 NA
1992 NA
1992 NA
1992 NA
1992 NA
1992 NA
1992 NA
1992 NA
1992 NA
1992 NA
1992 NA
1992 NA
1992 NA
1993 NA
1993 NA
1993 NA
1993 NA
1993 NA
1993 NA
1993 NA
1993 NA
1993 NA
1993 NA
1993 NA
1993 NA
1993 NA
1993 NA
1993 NA
1993 NA
1993 NA
1993 NA
1993 NA
1993 NA
1993 NA
1993 NA
1993 NA
1993 NA
1993 NA
1993 NA
1993 NA
1993 NA
1993 NA
1993 NA
1993 NA
1993 NA
1993 NA
1993 NA
1993 NA
1993 NA
1993 NA
1993 NA
1993 NA
1993 NA
1993 NA
1993 NA
1993 NA
1993 NA
1993 NA
1993 NA
1993 NA
1993 NA
1993 NA
1993 NA
1993 NA
1993 NA
1993 NA
1993 NA
1993 NA
1993 NA
1993 NA
1993 NA
1993 NA
1993 NA
1993 NA
1993 NA
1993 NA
1993 NA
1993 NA
1993 NA
1993 NA
1993 NA
1993 NA
1993 NA
1993 NA
1993 NA
1993 NA
1993 NA
1993 NA
1993 NA
1993 NA
1993 NA
1993 NA
1993 NA
1993 NA
1993 NA
1993 NA
1993 NA
1993 NA
1993 NA
1993 NA
1993 NA
1993 NA
1993 NA
1993 NA
1993 NA
1993 NA
1993 NA
1993 NA
1993 NA
1993 NA
1993 30
1993 52
1993 50
1993 50
1993 50
1993 45
1993 45
1993 45
1993 42
1993 40
1993 38
1993 30
1993 30
1993 30
1993 25
1993 25
1993 25
1993 25
1993 25
1993 25
1993 25
1993 25
1993 25
1993 25
1993 25
1993 20
1993 20
1993 25
1993 25
1993 20
1993 20
1993 20
1993 20
1993 15
1993 15
1993 10
1993 10
1993 8
1993 5
1993 5
1993 5
1993 4
1993 5
1993 5
1993 5
1993 5
1993 5
1993 5
1993 5
1993 5
1993 5
1993 10
1993 5
1993 5
1993 5
1993 5
1993 5
1993 3
1993 3
1993 0
1993 2
1993 2
1993 2
1993 2
1993 2
1993 0
1993 0
1993 NA
1993 0
1993 0
1993 0
1993 0
1993 0
1993 0
1993 0
1993 0
1993 0
1993 25
1993 20
1993 20
1993 15
1993 10
1993 5
1993 7
1993 7
1993 5
1993 4
1993 5
1993 4
1993 0
1993 0
1993 0
1993 0
1993 0
1993 0
1993 0
1993 0
1993 0
1993 0
1993 0
1993 0
1993 0
1993 0
1993 0
1993 0
1993 0
1993 0
1993 0
1993 0
1993 0
1993 0
1993 0
1993 0
1993 0
1993 0
1993 0
1993 11
1993 10
1993 10
1993 10
1993 15
1993 5
1993 0
1993 0
1993 0
1993 1
1993 10
1993 10
1993 15
1993 0
1993 0
1993 1
1993 0
1993 0
1993 0
1993 0
1993 0
1993 0
1993 0
1993 0
1993 5
1993 0
1993 0
1993 0
1993 0
1993 0
1993 NA
1993 NA
1993 NA
1993 NA
1993 NA
1993 NA
1993 NA
1993 NA
1993 NA
1993 NA
1993 NA
1993 NA
1993 NA
1993 NA
1993 NA
1993 NA
1993 NA
1993 NA
1993 NA
1993 NA
1993 NA
1993 NA
1993 NA
1993 NA
1993 NA
1993 NA
1993 NA
1993 NA
1993 NA
1993 NA
1993 NA
1993 NA
1993 NA
1993 NA
1993 NA
1993 NA
1993 NA
1993 NA
1993 NA
1993 NA
1993 NA
1993 NA
1993 NA
1993 NA
1993 NA
1993 NA
1993 NA
1993 NA
1993 NA
1993 NA
1993 NA
1993 NA
1993 NA
1993 NA
1993 NA
1993 NA
1993 NA
1993 NA
1993 NA
1993 NA
1993 NA
1993 NA
1993 NA
1993 NA
1993 NA
1993 NA
1993 NA
1993 NA
1993 NA
1993 NA
1993 NA
1993 NA
1993 NA
1993 NA
1993 NA
1993 NA
1993 NA
1993 NA
1993 NA
1993 NA
1993 NA
1993 NA
1993 NA
1993 NA
1993 NA
1993 NA
1993 NA
1993 NA
1993 NA
1993 NA
1993 NA
1993 NA
1993 NA
1993 NA
1993 NA
1993 NA
1993 NA
1993 NA
1993 NA
1993 NA
1993 NA
1993 NA
1993 NA
1993 NA
1993 NA
1993 NA
1993 NA
1993 NA
1993 NA
1993 NA
1993 NA
1993 NA
1993 NA
1993 NA
1993 NA
1993 NA
1993 NA
1993 NA
1993 NA
1993 NA
1993 NA
1993 NA
1994 NA
1994 NA
1994 NA
1994 NA
1994 NA
1994 NA
1994 NA
1994 NA
1994 NA
1994 NA
1994 NA
1994 NA
1994 NA
1994 NA
1994 NA
1994 NA
1994 NA
1994 NA
1994 NA
1994 NA
1994 NA
1994 NA
1994 NA
1994 NA
1994 NA
1994 NA
1994 NA
1994 NA
1994 NA
1994 NA
1994 NA
1994 NA
1994 NA
1994 NA
1994 NA
1994 NA
1994 NA
1994 NA
1994 NA
1994 NA
1994 NA
1994 NA
1994 NA
1994 NA
1994 NA
1994 NA
1994 NA
1994 NA
1994 NA
1994 NA
1994 NA
1994 NA
1994 NA
1994 NA
1994 NA
1994 NA
1994 NA
1994 NA
1994 NA
1994 NA
1994 NA
1994 NA
1994 NA
1994 NA
1994 NA
1994 NA
1994 NA
1994 NA
1994 NA
1994 NA
1994 NA
1994 NA
1994 NA
1994 NA
1994 NA
1994 NA
1994 NA
1994 NA
1994 NA
1994 NA
1994 NA
1994 NA
1994 NA
1994 NA
1994 NA
1994 NA
1994 NA
1994 NA
1994 NA
1994 NA
1994 NA
1994 NA
1994 NA
1994 NA
1994 NA
1994 NA
1994 NA
1994 NA
1994 NA
1994 NA
1994 NA
1994 NA
1994 NA
1994 32
1994 40
1994 42
1994 50
1994 43
1994 40
1994 43
1994 31
1994 22
1994 31
1994 40
1994 55
1994 98
1994 76
1994 75
1994 74
1994 70
1994 75
1994 72
1994 90
1994 95
1994 92
1994 90
1994 85
1994 81
1994 85
1994 120
1994 120
1994 80
1994 110
1994 110
1994 100
1994 110
1994 110
1994 112
1994 110
1994 109
1994 100
1994 95
1994 90
1994 88
1994 88
1994 85
1994 80
1994 82
1994 105
1994 100
1994 115
1994 141
1994 100
1994 100
1994 95
1994 95
1994 85
1994 83
1994 80
1994 80
1994 78
1994 82
1994 80
1994 80
1994 80
1994 79
1994 79
1994 85
1994 85
1994 83
1994 80
1994 80
1994 80
1994 85
1994 80
1994 79
1994 94
1994 94
1994 86
1994 92
1994 83
1994 70
1994 70
1994 70
1994 70
1994 69
1994 60
1994 58
1994 57
1994 56
1994 56
1994 55
1994 50
1994 30
1994 30
1994 25
1994 20
1994 18
1994 18
1994 12
1994 11
1994 11
1994 10
1994 8
1994 5
1994 5
1994 0
1994 0
1994 0
1994 0
1994 0
1994 0
1994 0
1994 15
1994 19
1994 15
1994 26
1994 23
1994 28
1994 62
1994 72
1994 80
1994 60
1994 60
1994 60
1994 55
1994 78
1994 75
1994 70
1994 40
1994 25
1994 18
1994 15
1994 10
1994 0
1994 0
1994 1
1994 1
1994 0
1994 0
1994 0
1994 0
1994 0
1994 NA
1994 NA
1994 NA
1994 NA
1994 NA
1994 NA
1994 NA
1994 NA
1994 NA
1994 NA
1994 NA
1994 NA
1994 NA
1994 NA
1994 NA
1994 NA
1994 NA
1994 NA
1994 NA
1994 NA
1994 NA
1994 NA
1994 NA
1994 NA
1994 NA
1994 NA
1994 NA
1994 NA
1994 NA
1994 NA
1994 NA
1994 NA
1994 NA
1994 NA
1994 NA
1994 NA
1994 NA
1994 NA
1994 NA
1994 NA
1994 NA
1994 NA
1994 NA
1994 NA
1994 NA
1994 NA
1994 NA
1994 NA
1994 NA
1994 NA
1994 NA
1994 NA
1994 NA
1994 NA
1994 NA
1994 NA
1994 NA
1994 NA
1994 NA
1994 NA
1994 NA
1994 NA
1994 NA
1994 NA
1994 NA
1994 NA
1994 NA
1994 NA
1994 NA
1994 NA
1994 NA
1994 NA
1994 NA
1994 NA
1994 NA
1994 NA
1994 NA
1994 NA
1994 NA
1994 NA
1994 NA
1994 NA
1994 NA
1994 NA
1994 NA
1994 NA
1994 NA
1994 NA
1994 NA
1994 NA
1994 NA
1994 NA
1994 NA
1994 NA
1994 NA
1994 NA
1994 NA
1994 NA
1994 NA
1994 NA
1994 NA
1994 NA
1994 NA
1994 NA
1994 NA
1994 NA
1994 NA
1994 NA
1994 NA
1994 NA
1994 NA
1994 NA
1994 NA
1994 NA
1994 NA
1994 NA
1994 NA
1994 NA
1994 NA
1994 NA
1994 NA
1994 NA
1995 NA
1995 NA
1995 NA
1995 NA
1995 NA
1995 NA
1995 NA
1995 NA
1995 NA
1995 NA
1995 NA
1995 NA
1995 NA
1995 NA
1995 NA
1995 NA
1995 NA
1995 NA
1995 NA
1995 NA
1995 NA
1995 NA
1995 NA
1995 NA
1995 NA
1995 NA
1995 NA
1995 NA
1995 NA
1995 NA
1995 NA
1995 NA
1995 NA
1995 NA
1995 NA
1995 NA
1995 NA
1995 NA
1995 NA
1995 NA
1995 NA
1995 NA
1995 NA
1995 NA
1995 NA
1995 NA
1995 NA
1995 NA
1995 NA
1995 NA
1995 NA
1995 NA
1995 NA
1995 NA
1995 NA
1995 NA
1995 NA
1995 NA
1995 NA
1995 NA
1995 NA
1995 NA
1995 NA
1995 NA
1995 NA
1995 NA
1995 NA
1995 NA
1995 NA
1995 NA
1995 NA
1995 NA
1995 NA
1995 NA
1995 NA
1995 NA
1995 NA
1995 NA
1995 NA
1995 NA
1995 NA
1995 NA
1995 NA
1995 NA
1995 NA
1995 NA
1995 NA
1995 NA
1995 NA
1995 NA
1995 NA
1995 NA
1995 NA
1995 NA
1995 NA
1995 NA
1995 NA
1995 NA
1995 NA
1995 NA
1995 NA
1995 NA
1995 0
1995 0
1995 0
1995 0
1995 0
1995 0
1995 0
1995 1
1995 6
1995 6
1995 6
1995 6
1995 6
1995 6
1995 4
1995 3
1995 2
1995 1
1995 0
1995 7
1995 7
1995 11
1995 11
1995 8
1995 7
1995 7
1995 8
1995 NA
1995 5
1995 5
1995 60
1995 70
1995 75
1995 70
1995 45
1995 40
1995 35
1995 35
1995 75
1995 70
1995 85
1995 100
1995 90
1995 75
1995 65
1995 55
1995 65
1995 65
1995 72
1995 82
1995 81
1995 80
1995 80
1995 75
1995 72
1995 71
1995 70
1995 70
1995 70
1995 80
1995 85
1995 95
1995 92
1995 90
1995 100
1995 98
1995 95
1995 90
1995 90
1995 94
1995 94
1995 94
1995 94
1995 107
1995 117
1995 125
1995 127
1995 130
1995 120
1995 120
1995 110
1995 110
1995 120
1995 138
1995 158
1995 163
1995 160
1995 165
1995 163
1995 162
1995 155
1995 120
1995 115
1995 105
1995 110
1995 105
1995 100
1995 90
1995 105
1995 105
1995 105
1995 100
1995 95
1995 95
1995 95
1995 100
1995 85
1995 NA
1995 90
1995 85
1995 85
1995 85
1995 85
1995 85
1995 80
1995 75
1995 70
1995 65
1995 60
1995 55
1995 50
1995 45
1995 45
1995 35
1995 25
1995 20
1995 20
1995 18
1995 15
1995 15
1995 15
1995 10
1995 5
1995 5
1995 5
1995 0
1995 0
1995 0
1995 0
1995 0
1995 NA
1995 NA
1995 NA
1995 NA
1995 NA
1995 NA
1995 NA
1995 NA
1995 NA
1995 NA
1995 NA
1995 NA
1995 NA
1995 NA
1995 NA
1995 NA
1995 NA
1995 NA
1995 NA
1995 NA
1995 NA
1995 NA
1995 NA
1995 NA
1995 NA
1995 NA
1995 NA
1995 NA
1995 NA
1995 NA
1995 NA
1995 NA
1995 NA
1995 NA
1995 NA
1995 NA
1995 NA
1995 NA
1995 NA
1995 NA
1995 NA
1995 NA
1995 NA
1995 NA
1995 NA
1995 NA
1995 NA
1995 NA
1995 NA
1995 NA
1995 NA
1995 NA
1995 NA
1995 NA
1995 NA
1995 NA
1995 NA
1995 NA
1995 NA
1995 NA
1995 NA
1995 NA
1995 NA
1995 NA
1995 NA
1995 NA
1995 NA
1995 NA
1995 NA
1995 NA
1995 NA
1995 NA
1995 NA
1995 NA
1995 NA
1995 NA
1995 NA
1995 NA
1995 NA
1995 NA
1995 NA
1995 NA
1995 NA
1995 NA
1995 NA
1995 NA
1995 NA
1995 NA
1995 NA
1995 NA
1995 NA
1995 NA
1995 NA
1995 NA
1995 NA
1995 NA
1995 NA
1995 NA
1995 NA
1995 NA
1995 NA
1995 NA
1995 NA
1995 NA
1995 NA
1995 NA
1995 NA
1995 NA
1995 NA
1995 NA
1995 NA
1995 NA
1995 NA
1995 NA
1995 NA
1995 NA
1995 NA
1995 NA
1995 NA
1995 NA
1995 NA
1995 NA
1995 NA
1996 NA
1996 NA
1996 NA
1996 NA
1996 NA
1996 NA
1996 NA
1996 NA
1996 NA
1996 NA
1996 NA
1996 NA
1996 NA
1996 NA
1996 NA
1996 NA
1996 NA
1996 NA
1996 NA
1996 NA
1996 NA
1996 NA
1996 NA
1996 NA
1996 NA
1996 NA
1996 NA
1996 NA
1996 NA
1996 NA
1996 NA
1996 NA
1996 NA
1996 NA
1996 NA
1996 NA
1996 NA
1996 NA
1996 NA
1996 NA
1996 NA
1996 NA
1996 NA
1996 NA
1996 NA
1996 NA
1996 NA
1996 NA
1996 NA
1996 NA
1996 NA
1996 NA
1996 NA
1996 NA
1996 NA
1996 NA
1996 NA
1996 NA
1996 NA
1996 NA
1996 NA
1996 NA
1996 NA
1996 NA
1996 NA
1996 NA
1996 NA
1996 NA
1996 NA
1996 NA
1996 NA
1996 NA
1996 NA
1996 NA
1996 NA
1996 NA
1996 NA
1996 NA
1996 NA
1996 NA
1996 NA
1996 NA
1996 NA
1996 NA
1996 NA
1996 NA
1996 NA
1996 NA
1996 NA
1996 NA
1996 NA
1996 NA
1996 NA
1996 NA
1996 NA
1996 NA
1996 5
1996 12
1996 30
1996 30
1996 30
1996 30
1996 28
1996 29
1996 25
1996 25
1996 27
1996 20
1996 25
1996 20
1996 20
1996 20
1996 20
1996 20
1996 20
1996 15
1996 10
1996 12
1996 10
1996 30
1996 30
1996 40
1996 40
1996 50
1996 40
1996 40
1996 30
1996 45
1996 40
1996 40
1996 40
1996 40
1996 30
1996 30
1996 30
1996 30
1996 30
1996 30
1996 30
1996 30
1996 30
1996 30
1996 25
1996 25
1996 25
1996 30
1996 31
1996 30
1996 30
1996 25
1996 15
1996 15
1996 15
1996 15
1996 20
1996 25
1996 28
1996 20
1996 20
1996 30
1996 45
1996 45
1996 42
1996 40
1996 40
1996 70
1996 90
1996 85
1996 80
1996 70
1996 60
1996 60
1996 65
1996 62
1996 60
1996 62
1996 60
1996 55
1996 55
1996 55
1996 55
1996 55
1996 55
1996 50
1996 45
1996 45
1996 45
1996 43
1996 42
1996 42
1996 40
1996 35
1996 34
1996 33
1996 32
1996 30
1996 30
1996 28
1996 30
1996 30
1996 41
1996 30
1996 25
1996 25
1996 20
1996 20
1996 15
1996 13
1996 11
1996 10
1996 10
1996 10
1996 10
1996 9
1996 19
1996 17
1996 17
1996 17
1996 14
1996 11
1996 11
1996 8
1996 0
1996 0
1996 0
1996 0
1996 0
1996 0
1996 0
1996 0
1996 0
1996 0
1996 0
1996 0
1996 0
1996 0
1996 0
1996 0
1996 0
1996 0
1996 0
1996 NA
1996 NA
1996 NA
1996 NA
1996 NA
1996 NA
1996 NA
1996 NA
1996 NA
1996 NA
1996 NA
1996 NA
1996 NA
1996 NA
1996 NA
1996 NA
1996 NA
1996 NA
1996 NA
1996 NA
1996 NA
1996 NA
1996 NA
1996 NA
1996 NA
1996 NA
1996 NA
1996 NA
1996 NA
1996 NA
1996 NA
1996 NA
1996 NA
1996 NA
1996 NA
1996 NA
1996 NA
1996 NA
1996 NA
1996 NA
1996 NA
1996 NA
1996 NA
1996 NA
1996 NA
1996 NA
1996 NA
1996 NA
1996 NA
1996 NA
1996 NA
1996 NA
1996 NA
1996 NA
1996 NA
1996 NA
1996 NA
1996 NA
1996 NA
1996 NA
1996 NA
1996 NA
1996 NA
1996 NA
1996 NA
1996 NA
1996 NA
1996 NA
1996 NA
1996 NA
1996 NA
1996 NA
1996 NA
1996 NA
1996 NA
1996 NA
1996 NA
1996 NA
1996 NA
1996 NA
1996 NA
1996 NA
1996 NA
1996 NA
1996 NA
1996 NA
1996 NA
1996 NA
1996 NA
1996 NA
1996 NA
1996 NA
1996 NA
1996 NA
1996 NA
1996 NA
1996 NA
1996 NA
1996 NA
1996 NA
1996 NA
1996 NA
1996 NA
1996 NA
1996 NA
1996 NA
1996 NA
1996 NA
1996 NA
1996 NA
1996 NA
1996 NA
1996 NA
1996 NA
1996 NA
1996 NA
1996 NA
1996 NA
1996 NA
1996 NA
1996 NA
1996 NA
1996 NA
1996 NA
1996 NA
1997 NA
1997 NA
1997 NA
1997 NA
1997 NA
1997 NA
1997 NA
1997 NA
1997 NA
1997 NA
1997 NA
1997 NA
1997 NA
1997 NA
1997 NA
1997 NA
1997 NA
1997 NA
1997 NA
1997 NA
1997 NA
1997 NA
1997 NA
1997 NA
1997 NA
1997 NA
1997 NA
1997 NA
1997 NA
1997 NA
1997 NA
1997 NA
1997 NA
1997 NA
1997 NA
1997 NA
1997 NA
1997 NA
1997 NA
1997 NA
1997 NA
1997 NA
1997 NA
1997 NA
1997 NA
1997 NA
1997 NA
1997 NA
1997 NA
1997 NA
1997 NA
1997 NA
1997 NA
1997 NA
1997 NA
1997 NA
1997 NA
1997 NA
1997 NA
1997 NA
1997 NA
1997 NA
1997 NA
1997 NA
1997 NA
1997 NA
1997 NA
1997 NA
1997 NA
1997 NA
1997 NA
1997 NA
1997 NA
1997 NA
1997 NA
1997 NA
1997 NA
1997 NA
1997 NA
1997 NA
1997 NA
1997 NA
1997 NA
1997 NA
1997 NA
1997 NA
1997 NA
1997 NA
1997 NA
1997 NA
1997 NA
1997 100
1997 100
1997 100
1997 90
1997 90
1997 90
1997 65
1997 65
1997 60
1997 60
1997 60
1997 60
1997 61
1997 63
1997 63
1997 63
1997 62
1997 60
1997 60
1997 64
1997 64
1997 60
1997 55
1997 55
1997 50
1997 50
1997 50
1997 50
1997 55
1997 55
1997 54
1997 70
1997 70
1997 85
1997 98
1997 98
1997 100
1997 102
1997 102
1997 103
1997 106
1997 106
1997 106
1997 105
1997 100
1997 98
1997 90
1997 81
1997 70
1997 73
1997 100
1997 80
1997 70
1997 60
1997 60
1997 60
1997 50
1997 50
1997 48
1997 45
1997 45
1997 45
1997 45
1997 45
1997 45
1997 40
1997 40
1997 45
1997 40
1997 40
1997 40
1997 40
1997 40
1997 40
1997 40
1997 49
1997 45
1997 47
1997 45
1997 45
1997 50
1997 50
1997 50
1997 50
1997 50
1997 55
1997 55
1997 40
1997 55
1997 50
1997 50
1997 50
1997 50
1997 45
1997 40
1997 35
1997 35
1997 30
1997 25
1997 10
1997 10
1997 10
1997 10
1997 10
1997 12
1997 12
1997 10
1997 10
1997 5
1997 10
1997 10
1997 10
1997 5
1997 2
1997 0
1997 0
1997 0
1997 0
1997 0
1997 0
1997 0
1997 0
1997 0
1997 0
1997 0
1997 0
1997 0
1997 0
1997 0
1997 0
1997 0
1997 0
1997 0
1997 0
1997 0
1997 0
1997 0
1997 0
1997 0
1997 0
1997 2
1997 0
1997 0
1997 0
1997 0
1997 0
1997 0
1997 0
1997 0
1997 0
1997 0
1997 NA
1997 NA
1997 NA
1997 NA
1997 NA
1997 NA
1997 NA
1997 NA
1997 NA
1997 NA
1997 NA
1997 NA
1997 NA
1997 NA
1997 NA
1997 NA
1997 NA
1997 NA
1997 NA
1997 NA
1997 NA
1997 NA
1997 NA
1997 NA
1997 NA
1997 NA
1997 NA
1997 NA
1997 NA
1997 NA
1997 NA
1997 NA
1997 NA
1997 NA
1997 NA
1997 NA
1997 NA
1997 NA
1997 NA
1997 NA
1997 NA
1997 NA
1997 NA
1997 NA
1997 NA
1997 NA
1997 NA
1997 NA
1997 NA
1997 NA
1997 NA
1997 NA
1997 NA
1997 NA
1997 NA
1997 NA
1997 NA
1997 NA
1997 NA
1997 NA
1997 NA
1997 NA
1997 NA
1997 NA
1997 NA
1997 NA
1997 NA
1997 NA
1997 NA
1997 NA
1997 NA
1997 NA
1997 NA
1997 NA
1997 NA
1997 NA
1997 NA
1997 NA
1997 NA
1997 NA
1997 NA
1997 NA
1997 NA
1997 NA
1997 NA
1997 NA
1997 NA
1997 NA
1997 NA
1997 NA
1997 NA
1997 NA
1997 NA
1997 NA
1997 NA
1997 NA
1997 NA
1997 NA
1997 NA
1997 NA
1997 NA
1997 NA
1997 NA
1997 NA
1997 NA
1997 NA
1997 NA
1997 NA
1997 NA
1997 NA
1997 NA
1997 NA
1997 NA
1997 NA
1997 NA
1997 NA
1997 NA
1997 NA
1997 NA
1997 NA
1997 NA
1997 NA
1997 NA
1998 NA
1998 NA
1998 NA
1998 NA
1998 NA
1998 NA
1998 NA
1998 NA
1998 NA
1998 NA
1998 NA
1998 NA
1998 NA
1998 NA
1998 NA
1998 NA
1998 NA
1998 NA
1998 NA
1998 NA
1998 NA
1998 NA
1998 NA
1998 NA
1998 NA
1998 NA
1998 NA
1998 NA
1998 NA
1998 NA
1998 NA
1998 NA
1998 NA
1998 NA
1998 NA
1998 NA
1998 NA
1998 NA
1998 NA
1998 NA
1998 NA
1998 NA
1998 NA
1998 NA
1998 NA
1998 NA
1998 NA
1998 NA
1998 NA
1998 NA
1998 NA
1998 NA
1998 NA
1998 NA
1998 NA
1998 NA
1998 NA
1998 NA
1998 NA
1998 NA
1998 NA
1998 NA
1998 NA
1998 NA
1998 NA
1998 NA
1998 NA
1998 NA
1998 NA
1998 NA
1998 NA
1998 NA
1998 NA
1998 NA
1998 NA
1998 NA
1998 NA
1998 NA
1998 NA
1998 NA
1998 NA
1998 NA
1998 NA
1998 NA
1998 NA
1998 NA
1998 NA
1998 NA
1998 NA
1998 NA
1998 NA
1998 NA
1998 NA
1998 NA
1998 NA
1998 NA
1998 NA
1998 NA
1998 NA
1998 NA
1998 NA
1998 NA
1998 NA
1998 NA
1998 NA
1998 10
1998 10
1998 15
1998 5
1998 0
1998 25
1998 35
1998 35
1998 30
1998 25
1998 25
1998 10
1998 25
1998 40
1998 40
1998 40
1998 40
1998 40
1998 41
1998 42
1998 35
1998 33
1998 43
1998 35
1998 35
1998 35
1998 35
1998 30
1998 30
1998 30
1998 35
1998 50
1998 50
1998 70
1998 70
1998 90
1998 110
1998 110
1998 100
1998 100
1998 100
1998 100
1998 85
1998 85
1998 85
1998 85
1998 84
1998 84
1998 82
1998 82
1998 82
1998 82
1998 75
1998 75
1998 75
1998 75
1998 75
1998 75
1998 70
1998 70
1998 65
1998 60
1998 60
1998 55
1998 55
1998 55
1998 50
1998 50
1998 50
1998 50
1998 60
1998 60
1998 60
1998 50
1998 50
1998 40
1998 40
1998 40
1998 40
1998 40
1998 30
1998 30
1998 30
1998 35
1998 40
1998 40
1998 40
1998 50
1998 50
1998 45
1998 45
1998 35
1998 30
1998 30
1998 20
1998 20
1998 15
1998 10
1998 10
1998 13
1998 10
1998 10
1998 5
1998 5
1998 0
1998 0
1998 0
1998 0
1998 0
1998 0
1998 0
1998 0
1998 3
1998 3
1998 3
1998 0
1998 15
1998 16
1998 30
1998 40
1998 40
1998 35
1998 40
1998 45
1998 50
1998 50
1998 30
1998 20
1998 20
1998 20
1998 5
1998 0
1998 0
1998 0
1998 5
1998 0
1998 0
1998 0
1998 0
1998 0
1998 NA
1998 NA
1998 NA
1998 NA
1998 NA
1998 NA
1998 NA
1998 NA
1998 NA
1998 NA
1998 NA
1998 NA
1998 NA
1998 NA
1998 NA
1998 NA
1998 NA
1998 NA
1998 NA
1998 NA
1998 NA
1998 NA
1998 NA
1998 NA
1998 NA
1998 NA
1998 NA
1998 NA
1998 NA
1998 NA
1998 NA
1998 NA
1998 NA
1998 NA
1998 NA
1998 NA
1998 NA
1998 NA
1998 NA
1998 NA
1998 NA
1998 NA
1998 NA
1998 NA
1998 NA
1998 NA
1998 NA
1998 NA
1998 NA
1998 NA
1998 NA
1998 NA
1998 NA
1998 NA
1998 NA
1998 NA
1998 NA
1998 NA
1998 NA
1998 NA
1998 NA
1998 NA
1998 NA
1998 NA
1998 NA
1998 NA
1998 NA
1998 NA
1998 NA
1998 NA
1998 NA
1998 NA
1998 NA
1998 NA
1998 NA
1998 NA
1998 NA
1998 NA
1998 NA
1998 NA
1998 NA
1998 NA
1998 NA
1998 NA
1998 NA
1998 NA
1998 NA
1998 NA
1998 NA
1998 NA
1998 NA
1998 NA
1998 NA
1998 NA
1998 NA
1998 NA
1998 NA
1998 NA
1998 NA
1998 NA
1998 NA
1998 NA
1998 NA
1998 NA
1998 NA
1998 NA
1998 NA
1998 NA
1998 NA
1998 NA
1998 NA
1998 NA
1998 NA
1998 NA
1998 NA
1998 NA
1998 NA
1998 NA
1998 NA
1998 NA
1999 NA
1999 NA
1999 NA
1999 NA
1999 NA
1999 NA
1999 NA
1999 NA
1999 NA
1999 NA
1999 NA
1999 NA
1999 NA
1999 NA
1999 NA
1999 NA
1999 NA
1999 NA
1999 NA
1999 NA
1999 NA
1999 NA
1999 NA
1999 NA
1999 NA
1999 NA
1999 NA
1999 NA
1999 NA
1999 NA
1999 NA
1999 NA
1999 NA
1999 NA
1999 NA
1999 NA
1999 NA
1999 NA
1999 NA
1999 NA
1999 NA
1999 NA
1999 NA
1999 NA
1999 NA
1999 NA
1999 NA
1999 NA
1999 NA
1999 NA
1999 NA
1999 NA
1999 NA
1999 NA
1999 NA
1999 NA
1999 NA
1999 NA
1999 NA
1999 NA
1999 NA
1999 NA
1999 NA
1999 NA
1999 NA
1999 NA
1999 NA
1999 NA
1999 NA
1999 NA
1999 NA
1999 NA
1999 NA
1999 NA
1999 NA
1999 NA
1999 NA
1999 NA
1999 NA
1999 NA
1999 NA
1999 NA
1999 NA
1999 NA
1999 NA
1999 NA
1999 NA
1999 NA
1999 NA
1999 NA
1999 NA
1999 NA
1999 NA
1999 NA
1999 NA
1999 NA
1999 NA
1999 NA
1999 NA
1999 NA
1999 NA
1999 NA
1999 NA
1999 NA
1999 NA
1999 NA
1999 15
1999 15
1999 10
1999 10
1999 10
1999 12
1999 10
1999 10
1999 10
1999 15
1999 15
1999 15
1999 10
1999 10
1999 10
1999 5
1999 9
1999 5
1999 15
1999 10
1999 10
1999 10
1999 10
1999 8
1999 5
1999 15
1999 35
1999 35
1999 55
1999 55
1999 55
1999 55
1999 55
1999 85
1999 85
1999 80
1999 80
1999 80
1999 80
1999 80
1999 80
1999 75
1999 NA
1999 120
1999 NA
1999 120
1999 120
1999 115
1999 115
1999 115
1999 115
1999 113
1999 125
1999 135
1999 155
1999 NA
1999 200
1999 170
1999 170
1999 170
1999 170
1999 160
1999 160
1999 160
1999 160
1999 165
1999 155
1999 155
1999 155
1999 190
1999 190
1999 190
1999 185
1999 185
1999 170
1999 170
1999 165
1999 160
1999 190
1999 180
1999 180
1999 185
1999 180
1999 180
1999 160
1999 160
1999 160
1999 160
1999 150
1999 150
1999 140
1999 135
1999 130
1999 125
1999 115
1999 110
1999 120
1999 130
1999 125
1999 125
1999 135
1999 160
1999 165
1999 162
1999 145
1999 NA
1999 140
1999 135
1999 130
1999 125
1999 115
1999 115
1999 100
1999 105
1999 100
1999 95
1999 90
1999 85
1999 95
1999 95
1999 120
1999 150
1999 150
1999 140
1999 135
1999 125
1999 105
1999 100
1999 95
1999 95
1999 95
1999 95
1999 95
1999 90
1999 90
1999 NA
1999 NA
1999 NA
1999 NA
1999 NA
1999 NA
1999 NA
1999 NA
1999 NA
1999 NA
1999 NA
1999 NA
1999 NA
1999 NA
1999 NA
1999 NA
1999 NA
1999 NA
1999 NA
1999 NA
1999 NA
1999 NA
1999 NA
1999 NA
1999 NA
1999 NA
1999 NA
1999 NA
1999 NA
1999 NA
1999 NA
1999 NA
1999 NA
1999 NA
1999 NA
1999 NA
1999 NA
1999 NA
1999 NA
1999 NA
1999 NA
1999 NA
1999 NA
1999 NA
1999 NA
1999 NA
1999 NA
1999 NA
1999 NA
1999 NA
1999 NA
1999 NA
1999 NA
1999 NA
1999 NA
1999 NA
1999 NA
1999 NA
1999 NA
1999 NA
1999 NA
1999 NA
1999 NA
1999 NA
1999 NA
1999 NA
1999 NA
1999 NA
1999 NA
1999 NA
1999 NA
1999 NA
1999 NA
1999 NA
1999 NA
1999 NA
1999 NA
1999 NA
1999 NA
1999 NA
1999 NA
1999 NA
1999 NA
1999 NA
1999 NA
1999 NA
1999 NA
1999 NA
1999 NA
1999 NA
1999 NA
1999 NA
1999 NA
1999 NA
1999 NA
1999 NA
1999 NA
1999 NA
1999 NA
1999 NA
1999 NA
1999 NA
1999 NA
1999 NA
1999 NA
1999 NA
1999 NA
1999 NA
1999 NA
1999 NA
1999 NA
1999 NA
1999 NA
1999 NA
1999 NA
1999 NA
1999 NA
1999 NA
1999 NA
1999 NA
1999 NA
1999 NA
1999 NA
1999 NA
2000 NA
2000 NA
2000 NA
2000 NA
2000 NA
2000 NA
2000 NA
2000 NA
2000 NA
2000 NA
2000 NA
2000 NA
2000 NA
2000 NA
2000 NA
2000 NA
2000 NA
2000 NA
2000 NA
2000 NA
2000 NA
2000 NA
2000 NA
2000 NA
2000 NA
2000 NA
2000 NA
2000 NA
2000 NA
2000 NA
2000 NA
2000 NA
2000 NA
2000 NA
2000 NA
2000 NA
2000 NA
2000 NA
2000 NA
2000 NA
2000 NA
2000 NA
2000 NA
2000 NA
2000 NA
2000 NA
2000 NA
2000 NA
2000 NA
2000 NA
2000 NA
2000 NA
2000 NA
2000 NA
2000 NA
2000 NA
2000 NA
2000 NA
2000 NA
2000 NA
2000 NA
2000 NA
2000 NA
2000 NA
2000 NA
2000 NA
2000 NA
2000 NA
2000 NA
2000 NA
2000 NA
2000 NA
2000 NA
2000 NA
2000 NA
2000 NA
2000 NA
2000 NA
2000 NA
2000 NA
2000 NA
2000 NA
2000 NA
2000 NA
2000 NA
2000 NA
2000 NA
2000 NA
2000 NA
2000 NA
2000 NA
2000 NA
2000 NA
2000 NA
2000 NA
2000 NA
2000 NA
2000 NA
2000 NA
2000 NA
2000 NA
2000 NA
2000 NA
2000 35
2000 45
2000 50
2000 50
2000 50
2000 50
2000 45
2000 45
2000 40
2000 40
2000 40
2000 40
2000 40
2000 40
2000 40
2000 60
2000 80
2000 80
2000 80
2000 80
2000 70
2000 70
2000 67
2000 65
2000 60
2000 57
2000 55
2000 55
2000 54
2000 55
2000 55
2000 55
2000 55
2000 54
2000 50
2000 47
2000 46
2000 46
2000 45
2000 41
2000 40
2000 60
2000 47
2000 45
2000 44
2000 43
2000 41
2000 41
2000 44
2000 40
2000 36
2000 37
2000 30
2000 30
2000 30
2000 30
2000 27
2000 33
2000 30
2000 30
2000 30
2000 30
2000 30
2000 30
2000 35
2000 37
2000 50
2000 63
2000 70
2000 75
2000 75
2000 75
2000 73
2000 71
2000 69
2000 68
2000 67
2000 66
2000 65
2000 65
2000 85
2000 85
2000 90
2000 90
2000 60
2000 50
2000 45
2000 45
2000 42
2000 40
2000 30
2000 26
2000 24
2000 22
2000 22
2000 20
2000 20
2000 20
2000 0
2000 0
2000 0
2000 0
2000 0
2000 0
2000 7
2000 21
2000 19
2000 24
2000 26
2000 25
2000 37
2000 20
2000 22
2000 23
2000 23
2000 20
2000 15
2000 10
2000 10
2000 13
2000 8
2000 10
2000 5
2000 0
2000 3
2000 0
2000 10
2000 2
2000 0
2000 0
2000 0
2000 0
2000 0
2000 8
2000 0
2000 0
2000 0
2000 0
2000 10
2000 NA
2000 NA
2000 NA
2000 NA
2000 NA
2000 NA
2000 NA
2000 NA
2000 NA
2000 NA
2000 NA
2000 NA
2000 NA
2000 NA
2000 NA
2000 NA
2000 NA
2000 NA
2000 NA
2000 NA
2000 NA
2000 NA
2000 NA
2000 NA
2000 NA
2000 NA
2000 NA
2000 NA
2000 NA
2000 NA
2000 NA
2000 NA
2000 NA
2000 NA
2000 NA
2000 NA
2000 NA
2000 NA
2000 NA
2000 NA
2000 NA
2000 NA
2000 NA
2000 NA
2000 NA
2000 NA
2000 NA
2000 NA
2000 NA
2000 NA
2000 NA
2000 NA
2000 NA
2000 NA
2000 NA
2000 NA
2000 NA
2000 NA
2000 NA
2000 NA
2000 NA
2000 NA
2000 NA
2000 NA
2000 NA
2000 NA
2000 NA
2000 NA
2000 NA
2000 NA
2000 NA
2000 NA
2000 NA
2000 NA
2000 NA
2000 NA
2000 NA
2000 NA
2000 NA
2000 NA
2000 NA
2000 NA
2000 NA
2000 NA
2000 NA
2000 NA
2000 NA
2000 NA
2000 NA
2000 NA
2000 NA
2000 NA
2000 NA
2000 NA
2000 NA
2000 NA
2000 NA
2000 NA
2000 NA
2000 NA
2000 NA
2000 NA
2000 NA
2000 NA
2000 NA
2000 NA
2000 NA
2000 NA
2000 NA
2000 NA
2000 NA
2000 NA
2000 NA
2000 NA
2000 NA
2000 NA
2000 NA
2000 NA
2000 NA
2000 NA
2000 NA
2000 NA
2000 NA
2000 NA
2001 NA
2001 NA
2001 NA
2001 NA
2001 NA
2001 NA
2001 NA
2001 NA
2001 NA
2001 NA
2001 NA
2001 NA
2001 NA
2001 NA
2001 NA
2001 NA
2001 NA
2001 NA
2001 NA
2001 NA
2001 NA
2001 NA
2001 NA
2001 NA
2001 NA
2001 NA
2001 NA
2001 NA
2001 NA
2001 NA
2001 NA
2001 NA
2001 NA
2001 NA
2001 NA
2001 NA
2001 NA
2001 NA
2001 NA
2001 NA
2001 NA
2001 NA
2001 NA
2001 NA
2001 NA
2001 NA
2001 NA
2001 NA
2001 NA
2001 NA
2001 NA
2001 NA
2001 NA
2001 NA
2001 NA
2001 NA
2001 NA
2001 NA
2001 NA
2001 NA
2001 NA
2001 NA
2001 NA
2001 NA
2001 NA
2001 NA
2001 NA
2001 NA
2001 NA
2001 NA
2001 NA
2001 NA
2001 NA
2001 NA
2001 NA
2001 NA
2001 NA
2001 NA
2001 NA
2001 NA
2001 NA
2001 NA
2001 NA
2001 NA
2001 NA
2001 NA
2001 NA
2001 NA
2001 NA
2001 NA
2001 NA
2001 NA
2001 NA
2001 NA
2001 NA
2001 NA
2001 NA
2001 NA
2001 NA
2001 NA
2001 NA
2001 NA
2001 NA
2001 NA
2001 3
2001 10
2001 10
2001 10
2001 3
2001 2
2001 2
2001 2
2001 2
2001 2
2001 2
2001 17
2001 27
2001 25
2001 23
2001 23
2001 20
2001 18
2001 16
2001 NA
2001 20
2001 20
2001 30
2001 20
2001 15
2001 10
2001 13
2001 10
2001 10
2001 10
2001 5
2001 12
2001 12
2001 9
2001 7
2001 12
2001 15
2001 21
2001 20
2001 14
2001 15
2001 14
2001 10
2001 20
2001 20
2001 20
2001 20
2001 10
2001 10
2001 10
2001 10
2001 11
2001 20
2001 21
2001 20
2001 NA
2001 5
2001 17
2001 10
2001 10
2001 10
2001 5
2001 5
2001 5
2001 5
2001 5
2001 4
2001 4
2001 4
2001 4
2001 4
2001 4
2001 4
2001 6
2001 5
2001 5
2001 2
2001 5
2001 2
2001 0
2001 0
2001 0
2001 0
2001 0
2001 0
2001 20
2001 25
2001 2
2001 0
2001 14
2001 19
2001 5
2001 5
2001 10
2001 15
2001 4
2001 4
2001 3
2001 0
2001 0
2001 0
2001 0
2001 1
2001 0
2001 0
2001 0
2001 10
2001 0
2001 0
2001 0
2001 0
2001 0
2001 4
2001 0
2001 2
2001 19
2001 11
2001 5
2001 5
2001 NA
2001 0
2001 0
2001 NA
2001 15
2001 1
2001 0
2001 1
2001 2
2001 4
2001 8
2001 5
2001 NA
2001 NA
2001 0
2001 0
2001 0
2001 NA
2001 NA
2001 NA
2001 NA
2001 NA
2001 NA
2001 NA
2001 NA
2001 NA
2001 NA
2001 NA
2001 NA
2001 NA
2001 NA
2001 NA
2001 NA
2001 NA
2001 NA
2001 NA
2001 NA
2001 NA
2001 NA
2001 NA
2001 NA
2001 NA
2001 NA
2001 NA
2001 NA
2001 NA
2001 NA
2001 NA
2001 NA
2001 NA
2001 NA
2001 NA
2001 NA
2001 NA
2001 NA
2001 NA
2001 NA
2001 NA
2001 NA
2001 NA
2001 NA
2001 NA
2001 NA
2001 NA
2001 NA
2001 NA
2001 NA
2001 NA
2001 NA
2001 NA
2001 NA
2001 NA
2001 NA
2001 NA
2001 NA
2001 NA
2001 NA
2001 NA
2001 NA
2001 NA
2001 NA
2001 NA
2001 NA
2001 NA
2001 NA
2001 NA
2001 NA
2001 NA
2001 NA
2001 NA
2001 NA
2001 NA
2001 NA
2001 NA
2001 NA
2001 NA
2001 NA
2001 NA
2001 NA
2001 NA
2001 NA
2001 NA
2001 NA
2001 NA
2001 NA
2001 NA
2001 NA
2001 NA
2001 NA
2001 NA
2001 NA
2001 NA
2001 NA
2001 NA
2001 NA
2001 NA
2001 NA
2001 NA
2001 NA
2001 NA
2001 NA
2001 NA
2001 NA
2001 NA
2001 NA
2001 NA
2001 NA
2001 NA
2001 NA
2001 NA
2001 NA
2001 NA
2001 NA
2001 NA
2001 NA
2001 NA
2001 NA
2001 NA
2001 NA
2001 NA
2001 NA
2001 NA
2002 NA
2002 NA
2002 NA
2002 NA
2002 NA
2002 NA
2002 NA
2002 NA
2002 NA
2002 NA
2002 NA
2002 NA
2002 NA
2002 NA
2002 NA
2002 NA
2002 NA
2002 NA
2002 NA
2002 NA
2002 NA
2002 NA
2002 NA
2002 NA
2002 NA
2002 NA
2002 NA
2002 NA
2002 NA
2002 NA
2002 NA
2002 NA
2002 NA
2002 NA
2002 NA
2002 NA
2002 NA
2002 NA
2002 NA
2002 NA
2002 NA
2002 NA
2002 NA
2002 NA
2002 NA
2002 NA
2002 NA
2002 NA
2002 NA
2002 NA
2002 NA
2002 NA
2002 NA
2002 NA
2002 NA
2002 NA
2002 NA
2002 NA
2002 NA
2002 NA
2002 NA
2002 NA
2002 NA
2002 NA
2002 NA
2002 NA
2002 NA
2002 NA
2002 NA
2002 NA
2002 NA
2002 NA
2002 NA
2002 NA
2002 NA
2002 NA
2002 NA
2002 NA
2002 NA
2002 NA
2002 NA
2002 NA
2002 NA
2002 NA
2002 NA
2002 NA
2002 NA
2002 NA
2002 NA
2002 NA
2002 NA
2002 NA
2002 NA
2002 NA
2002 NA
2002 NA
2002 NA
2002 NA
2002 NA
2002 NA
2002 NA
2002 NA
2002 NA
2002 NA
2002 2
2002 NA
2002 NA
2002 0
2002 0
2002 NA
2002 NA
2002 0
2002 0
2002 1
2002 0
2002 0
2002 6
2002 9
2002 6
2002 10
2002 18
2002 18
2002 18
2002 18
2002 18
2002 18
2002 17
2002 16
2002 16
2002 10
2002 10
2002 9
2002 9
2002 9
2002 9
2002 9
2002 9
2002 12
2002 12
2002 9
2002 9
2002 9
2002 5
2002 5
2002 5
2002 20
2002 30
2002 30
2002 30
2002 30
2002 20
2002 15
2002 15
2002 10
2002 9
2002 7
2002 5
2002 5
2002 41
2002 39
2002 37
2002 35
2002 34
2002 30
2002 27
2002 22
2002 18
2002 30
2002 25
2002 15
2002 20
2002 20
2002 15
2002 50
2002 NA
2002 50
2002 40
2002 40
2002 35
2002 25
2002 25
2002 24
2002 35
2002 60
2002 50
2002 40
2002 45
2002 40
2002 40
2002 35
2002 20
2002 19
2002 19
2002 15
2002 10
2002 8
2002 8
2002 8
2002 7
2002 6
2002 5
2002 0
2002 0
2002 0
2002 0
2002 0
2002 0
2002 0
2002 0
2002 0
2002 0
2002 0
2002 0
2002 0
2002 0
2002 0
2002 NA
2002 0
2002 0
2002 0
2002 0
2002 0
2002 3
2002 0
2002 0
2002 1
2002 0
2002 0
2002 0
2002 0
2002 0
2002 0
2002 0
2002 0
2002 0
2002 0
2002 0
2002 0
2002 0
2002 0
2002 0
2002 0
2002 NA
2002 NA
2002 NA
2002 NA
2002 NA
2002 NA
2002 NA
2002 NA
2002 NA
2002 NA
2002 NA
2002 NA
2002 NA
2002 NA
2002 NA
2002 NA
2002 NA
2002 NA
2002 NA
2002 NA
2002 NA
2002 NA
2002 NA
2002 NA
2002 NA
2002 NA
2002 NA
2002 NA
2002 NA
2002 NA
2002 NA
2002 NA
2002 NA
2002 NA
2002 NA
2002 NA
2002 NA
2002 NA
2002 NA
2002 NA
2002 NA
2002 NA
2002 NA
2002 NA
2002 NA
2002 NA
2002 NA
2002 NA
2002 NA
2002 NA
2002 NA
2002 NA
2002 NA
2002 NA
2002 NA
2002 NA
2002 NA
2002 NA
2002 NA
2002 NA
2002 NA
2002 NA
2002 NA
2002 NA
2002 NA
2002 NA
2002 NA
2002 NA
2002 NA
2002 NA
2002 NA
2002 NA
2002 NA
2002 NA
2002 NA
2002 NA
2002 NA
2002 NA
2002 NA
2002 NA
2002 NA
2002 NA
2002 NA
2002 NA
2002 NA
2002 NA
2002 NA
2002 NA
2002 NA
2002 NA
2002 NA
2002 NA
2002 NA
2002 NA
2002 NA
2002 NA
2002 NA
2002 NA
2002 NA
2002 NA
2002 NA
2002 NA
2002 NA
2002 NA
2002 NA
2002 NA
2002 NA
2002 NA
2002 NA
2002 NA
2002 NA
2002 NA
2002 NA
2002 NA
2002 NA
2002 NA
2002 NA
2002 NA
2002 NA
2002 NA
2002 NA
2002 NA
2002 NA
2003 NA
2003 NA
2003 NA
2003 NA
2003 NA
2003 NA
2003 NA
2003 NA
2003 NA
2003 NA
2003 NA
2003 NA
2003 NA
2003 NA
2003 NA
2003 NA
2003 NA
2003 NA
2003 NA
2003 NA
2003 NA
2003 NA
2003 NA
2003 NA
2003 NA
2003 NA
2003 NA
2003 NA
2003 NA
2003 NA
2003 NA
2003 NA
2003 NA
2003 NA
2003 NA
2003 NA
2003 NA
2003 NA
2003 NA
2003 NA
2003 NA
2003 NA
2003 NA
2003 NA
2003 NA
2003 NA
2003 NA
2003 NA
2003 NA
2003 NA
2003 NA
2003 NA
2003 NA
2003 NA
2003 NA
2003 NA
2003 NA
2003 NA
2003 NA
2003 NA
2003 NA
2003 NA
2003 NA
2003 NA
2003 NA
2003 NA
2003 NA
2003 NA
2003 NA
2003 NA
2003 NA
2003 NA
2003 NA
2003 NA
2003 NA
2003 NA
2003 NA
2003 NA
2003 NA
2003 NA
2003 NA
2003 NA
2003 NA
2003 NA
2003 NA
2003 NA
2003 NA
2003 NA
2003 NA
2003 NA
2003 NA
2003 NA
2003 NA
2003 NA
2003 NA
2003 NA
2003 NA
2003 NA
2003 NA
2003 7
2003 6
2003 6
2003 15
2003 15
2003 15
2003 29
2003 25
2003 20
2003 15
2003 10
2003 10
2003 10
2003 7
2003 6
2003 4
2003 4
2003 4
2003 1
2003 9
2003 13
2003 6
2003 6
2003 7
2003 5
2003 4
2003 10
2003 14
2003 14
2003 10
2003 10
2003 10
2003 10
2003 10
2003 10
2003 10
2003 10
2003 10
2003 9
2003 9
2003 7
2003 5
2003 8
2003 13
2003 57
2003 60
2003 60
2003 57
2003 55
2003 55
2003 40
2003 35
2003 50
2003 55
2003 55
2003 50
2003 45
2003 NA
2003 80
2003 82
2003 82
2003 80
2003 78
2003 73
2003 73
2003 68
2003 68
2003 68
2003 68
2003 68
2003 60
2003 55
2003 55
2003 55
2003 55
2003 55
2003 55
2003 50
2003 50
2003 50
2003 48
2003 48
2003 48
2003 50
2003 60
2003 55
2003 45
2003 40
2003 40
2003 40
2003 35
2003 35
2003 35
2003 35
2003 35
2003 30
2003 30
2003 30
2003 28
2003 28
2003 25
2003 25
2003 25
2003 25
2003 25
2003 25
2003 25
2003 25
2003 25
2003 15
2003 15
2003 10
2003 5
2003 5
2003 6
2003 10
2003 5
2003 0
2003 0
2003 0
2003 0
2003 0
2003 30
2003 35
2003 45
2003 15
2003 10
2003 8
2003 7
2003 3
2003 3
2003 0
2003 NA
2003 0
2003 0
2003 0
2003 0
2003 0
2003 0
2003 0
2003 0
2003 NA
2003 NA
2003 NA
2003 NA
2003 NA
2003 NA
2003 NA
2003 NA
2003 NA
2003 NA
2003 NA
2003 NA
2003 NA
2003 NA
2003 NA
2003 NA
2003 NA
2003 NA
2003 NA
2003 NA
2003 NA
2003 NA
2003 NA
2003 NA
2003 NA
2003 NA
2003 NA
2003 NA
2003 NA
2003 NA
2003 NA
2003 NA
2003 NA
2003 NA
2003 NA
2003 NA
2003 NA
2003 NA
2003 NA
2003 NA
2003 NA
2003 NA
2003 NA
2003 NA
2003 NA
2003 NA
2003 NA
2003 NA
2003 NA
2003 NA
2003 NA
2003 NA
2003 NA
2003 NA
2003 NA
2003 NA
2003 NA
2003 NA
2003 NA
2003 NA
2003 NA
2003 NA
2003 NA
2003 NA
2003 NA
2003 NA
2003 NA
2003 NA
2003 NA
2003 NA
2003 NA
2003 NA
2003 NA
2003 NA
2003 NA
2003 NA
2003 NA
2003 NA
2003 NA
2003 NA
2003 NA
2003 NA
2003 NA
2003 NA
2003 NA
2003 NA
2003 NA
2003 NA
2003 NA
2003 NA
2003 NA
2003 NA
2003 NA
2003 NA
2003 NA
2003 NA
2003 NA
2003 NA
2003 NA
2003 NA
2003 NA
2003 NA
2003 NA
2003 NA
2003 NA
2003 NA
2003 NA
2003 NA
2003 NA
2003 NA
2003 NA
2003 NA
2003 NA
2003 NA
2003 NA
2003 NA
2003 NA
2003 NA
2003 NA
2003 NA
2003 NA
2003 NA
2003 NA
2003 NA
2003 NA
2004 NA
2004 NA
2004 NA
2004 NA
2004 NA
2004 NA
2004 NA
2004 NA
2004 NA
2004 NA
2004 NA
2004 NA
2004 NA
2004 NA
2004 NA
2004 NA
2004 NA
2004 NA
2004 NA
2004 NA
2004 NA
2004 NA
2004 NA
2004 NA
2004 NA
2004 NA
2004 NA
2004 NA
2004 NA
2004 NA
2004 NA
2004 NA
2004 NA
2004 NA
2004 NA
2004 NA
2004 NA
2004 NA
2004 NA
2004 NA
2004 NA
2004 NA
2004 NA
2004 NA
2004 NA
2004 NA
2004 NA
2004 NA
2004 NA
2004 NA
2004 NA
2004 NA
2004 NA
2004 NA
2004 NA
2004 NA
2004 NA
2004 NA
2004 NA
2004 NA
2004 NA
2004 NA
2004 NA
2004 NA
2004 NA
2004 NA
2004 NA
2004 NA
2004 NA
2004 NA
2004 NA
2004 NA
2004 NA
2004 NA
2004 NA
2004 NA
2004 NA
2004 NA
2004 NA
2004 NA
2004 NA
2004 NA
2004 NA
2004 NA
2004 NA
2004 NA
2004 NA
2004 NA
2004 NA
2004 NA
2004 NA
2004 NA
2004 NA
2004 NA
2004 NA
2004 NA
2004 NA
2004 NA
2004 NA
2004 NA
2004 NA
2004 NA
2004 NA
2004 NA
2004 NA
2004 NA
2004 NA
2004 NA
2004 NA
2004 NA
2004 NA
2004 NA
2004 20
2004 20
2004 20
2004 20
2004 15
2004 15
2004 10
2004 NA
2004 20
2004 20
2004 25
2004 NA
2004 NA
2004 NA
2004 25
2004 20
2004 20
2004 20
2004 24
2004 27
2004 27
2004 23
2004 22
2004 20
2004 22
2004 20
2004 40
2004 50
2004 50
2004 50
2004 45
2004 45
2004 45
2004 45
2004 45
2004 48
2004 52
2004 55
2004 60
2004 60
2004 60
2004 60
2004 50
2004 42
2004 42
2004 40
2004 35
2004 35
2004 35
2004 35
2004 35
2004 35
2004 35
2004 35
2004 35
2004 35
2004 35
2004 32
2004 32
2004 37
2004 32
2004 NA
2004 45
2004 45
2004 45
2004 45
2004 45
2004 49
2004 47
2004 40
2004 40
2004 40
2004 40
2004 40
2004 38
2004 40
2004 45
2004 40
2004 40
2004 40
2004 45
2004 40
2004 30
2004 25
2004 20
2004 23
2004 22
2004 20
2004 10
2004 NA
2004 5
2004 1
2004 1
2004 5
2004 8
2004 6
2004 9
2004 1
2004 1
2004 0
2004 0
2004 0
2004 0
2004 0
2004 0
2004 0
2004 0
2004 10
2004 5
2004 12
2004 20
2004 5
2004 1
2004 5
2004 5
2004 11
2004 8
2004 1
2004 0
2004 20
2004 5
2004 0
2004 0
2004 0
2004 0
2004 0
2004 0
2004 0
2004 0
2004 0
2004 0
2004 NA
2004 NA
2004 NA
2004 NA
2004 NA
2004 NA
2004 NA
2004 NA
2004 NA
2004 NA
2004 NA
2004 NA
2004 NA
2004 NA
2004 NA
2004 NA
2004 NA
2004 NA
2004 NA
2004 NA
2004 NA
2004 NA
2004 NA
2004 NA
2004 NA
2004 NA
2004 NA
2004 NA
2004 NA
2004 NA
2004 NA
2004 NA
2004 NA
2004 NA
2004 NA
2004 NA
2004 NA
2004 NA
2004 NA
2004 NA
2004 NA
2004 NA
2004 NA
2004 NA
2004 NA
2004 NA
2004 NA
2004 NA
2004 NA
2004 NA
2004 NA
2004 NA
2004 NA
2004 NA
2004 NA
2004 NA
2004 NA
2004 NA
2004 NA
2004 NA
2004 NA
2004 NA
2004 NA
2004 NA
2004 NA
2004 NA
2004 NA
2004 NA
2004 NA
2004 NA
2004 NA
2004 NA
2004 NA
2004 NA
2004 NA
2004 NA
2004 NA
2004 NA
2004 NA
2004 NA
2004 NA
2004 NA
2004 NA
2004 NA
2004 NA
2004 NA
2004 NA
2004 NA
2004 NA
2004 NA
2004 NA
2004 NA
2004 NA
2004 NA
2004 NA
2004 NA
2004 NA
2004 NA
2004 NA
2004 NA
2004 NA
2004 NA
2004 NA
2004 NA
2004 NA
2004 NA
2004 NA
2004 NA
2004 NA
2004 NA
2004 NA
2004 NA
2004 NA
2004 NA
2004 NA
2004 NA
2004 NA
2004 NA
2004 NA
2004 NA
2004 NA
2004 NA
2004 NA
2005 NA
2005 NA
2005 NA
2005 NA
2005 NA
2005 NA
2005 NA
2005 NA
2005 NA
2005 NA
2005 NA
2005 NA
2005 NA
2005 NA
2005 NA
2005 NA
2005 NA
2005 NA
2005 NA
2005 NA
2005 NA
2005 NA
2005 NA
2005 NA
2005 NA
2005 NA
2005 NA
2005 NA
2005 NA
2005 NA
2005 NA
2005 NA
2005 NA
2005 NA
2005 NA
2005 NA
2005 NA
2005 NA
2005 NA
2005 NA
2005 NA
2005 NA
2005 NA
2005 NA
2005 NA
2005 NA
2005 NA
2005 NA
2005 NA
2005 NA
2005 NA
2005 NA
2005 NA
2005 NA
2005 NA
2005 NA
2005 NA
2005 NA
2005 NA
2005 NA
2005 NA
2005 NA
2005 NA
2005 NA
2005 NA
2005 NA
2005 NA
2005 NA
2005 NA
2005 NA
2005 NA
2005 NA
2005 NA
2005 NA
2005 NA
2005 NA
2005 NA
2005 NA
2005 NA
2005 NA
2005 NA
2005 NA
2005 NA
2005 NA
2005 NA
2005 NA
2005 NA
2005 NA
2005 NA
2005 NA
2005 NA
2005 NA
2005 NA
2005 NA
2005 NA
2005 NA
2005 NA
2005 NA
2005 NA
2005 NA
2005 NA
2005 NA
2005 NA
2005 NA
2005 NA
2005 NA
2005 NA
2005 15
2005 35
2005 37
2005 43
2005 43
2005 40
2005 40
2005 40
2005 40
2005 70
2005 70
2005 70
2005 80
2005 60
2005 55
2005 52
2005 50
2005 49
2005 45
2005 40
2005 40
2005 40
2005 40
2005 40
2005 40
2005 40
2005 40
2005 40
2005 40
2005 40
2005 40
2005 40
2005 40
2005 62
2005 60
2005 58
2005 70
2005 80
2005 80
2005 80
2005 80
2005 85
2005 80
2005 80
2005 80
2005 80
2005 80
2005 80
2005 80
2005 80
2005 80
2005 70
2005 70
2005 70
2005 70
2005 70
2005 70
2005 70
2005 70
2005 70
2005 70
2005 70
2005 70
2005 75
2005 75
2005 75
2005 70
2005 70
2005 70
2005 70
2005 70
2005 70
2005 70
2005 70
2005 65
2005 65
2005 65
2005 68
2005 70
2005 71
2005 75
2005 75
2005 60
2005 60
2005 60
2005 60
2005 60
2005 50
2005 50
2005 50
2005 50
2005 50
2005 50
2005 46
2005 40
2005 30
2005 25
2005 25
2005 22
2005 20
2005 20
2005 20
2005 0
2005 0
2005 0
2005 0
2005 0
2005 0
2005 0
2005 0
2005 0
2005 0
2005 2
2005 10
2005 17
2005 5
2005 0
2005 0
2005 0
2005 1
2005 15
2005 30
2005 30
2005 15
2005 15
2005 10
2005 8
2005 0
2005 0
2005 1
2005 1
2005 0
2005 0
2005 NA
2005 NA
2005 NA
2005 NA
2005 NA
2005 NA
2005 NA
2005 NA
2005 NA
2005 NA
2005 NA
2005 NA
2005 NA
2005 NA
2005 NA
2005 NA
2005 NA
2005 NA
2005 NA
2005 NA
2005 NA
2005 NA
2005 NA
2005 NA
2005 NA
2005 NA
2005 NA
2005 NA
2005 NA
2005 NA
2005 NA
2005 NA
2005 NA
2005 NA
2005 NA
2005 NA
2005 NA
2005 NA
2005 NA
2005 NA
2005 NA
2005 NA
2005 NA
2005 NA
2005 NA
2005 NA
2005 NA
2005 NA
2005 NA
2005 NA
2005 NA
2005 NA
2005 NA
2005 NA
2005 NA
2005 NA
2005 NA
2005 NA
2005 NA
2005 NA
2005 NA
2005 NA
2005 NA
2005 NA
2005 NA
2005 NA
2005 NA
2005 NA
2005 NA
2005 NA
2005 NA
2005 NA
2005 NA
2005 NA
2005 NA
2005 NA
2005 NA
2005 NA
2005 NA
2005 NA
2005 NA
2005 NA
2005 NA
2005 NA
2005 NA
2005 NA
2005 NA
2005 NA
2005 NA
2005 NA
2005 NA
2005 NA
2005 NA
2005 NA
2005 NA
2005 NA
2005 NA
2005 NA
2005 NA
2005 NA
2005 NA
2005 NA
2005 NA
2005 NA
2005 NA
2005 NA
2005 NA
2005 NA
2005 NA
2005 NA
2005 NA
2005 NA
2005 NA
2005 NA
2005 NA
2005 NA
2005 NA
2005 NA
2005 NA
2005 NA
2005 NA
2005 NA
2005 NA
2005 NA
2005 NA
2006 NA
2006 NA
2006 NA
2006 NA
2006 NA
2006 NA
2006 NA
2006 NA
2006 NA
2006 NA
2006 NA
2006 NA
2006 NA
2006 NA
2006 NA
2006 NA
2006 NA
2006 NA
2006 NA
2006 NA
2006 NA
2006 NA
2006 NA
2006 NA
2006 NA
2006 NA
2006 NA
2006 NA
2006 NA
2006 NA
2006 NA
2006 NA
2006 NA
2006 NA
2006 NA
2006 NA
2006 NA
2006 NA
2006 NA
2006 NA
2006 NA
2006 NA
2006 NA
2006 NA
2006 NA
2006 NA
2006 NA
2006 NA
2006 NA
2006 NA
2006 NA
2006 NA
2006 NA
2006 NA
2006 NA
2006 NA
2006 NA
2006 NA
2006 NA
2006 NA
2006 NA
2006 NA
2006 NA
2006 NA
2006 NA
2006 NA
2006 NA
2006 NA
2006 NA
2006 NA
2006 NA
2006 NA
2006 NA
2006 NA
2006 NA
2006 NA
2006 NA
2006 NA
2006 NA
2006 NA
2006 NA
2006 NA
2006 NA
2006 NA
2006 NA
2006 NA
2006 NA
2006 NA
2006 NA
2006 NA
2006 NA
2006 NA
2006 NA
2006 NA
2006 NA
2006 NA
2006 NA
2006 NA
2006 NA
2006 NA
2006 NA
2006 NA
2006 NA
2006 NA
2006 NA
2006 NA
2006 NA
2006 NA
2006 NA
2006 NA
2006 30
2006 30
2006 30
2006 30
2006 30
2006 30
2006 30
2006 30
2006 35
2006 35
2006 35
2006 55
2006 70
2006 76
2006 78
2006 78
2006 78
2006 78
2006 75
2006 75
2006 65
2006 65
2006 65
2006 65
2006 65
2006 62
2006 62
2006 62
2006 76
2006 90
2006 81
2006 80
2006 70
2006 70
2006 70
2006 70
2006 70
2006 67
2006 65
2006 70
2006 70
2006 70
2006 70
2006 60
2006 60
2006 60
2006 58
2006 58
2006 58
2006 57
2006 57
2006 57
2006 57
2006 57
2006 57
2006 60
2006 60
2006 58
2006 68
2006 68
2006 75
2006 84
2006 110
2006 110
2006 110
2006 100
2006 95
2006 96
2006 94
2006 90
2006 85
2006 90
2006 88
2006 89
2006 120
2006 120
2006 120
2006 110
2006 115
2006 100
2006 108
2006 120
2006 120
2006 120
2006 120
2006 115
2006 110
2006 100
2006 100
2006 100
2006 100
2006 100
2006 90
2006 89
2006 90
2006 80
2006 80
2006 70
2006 NA
2006 65
2006 68
2006 65
2006 65
2006 65
2006 65
2006 60
2006 55
2006 55
2006 45
2006 45
2006 40
2006 40
2006 45
2006 40
2006 30
2006 20
2006 10
2006 10
2006 0
2006 0
2006 0
2006 0
2006 0
2006 0
2006 0
2006 NA
2006 0
2006 0
2006 0
2006 0
2006 NA
2006 NA
2006 NA
2006 NA
2006 NA
2006 NA
2006 NA
2006 NA
2006 NA
2006 NA
2006 NA
2006 NA
2006 NA
2006 NA
2006 NA
2006 NA
2006 NA
2006 NA
2006 NA
2006 NA
2006 NA
2006 NA
2006 NA
2006 NA
2006 NA
2006 NA
2006 NA
2006 NA
2006 NA
2006 NA
2006 NA
2006 NA
2006 NA
2006 NA
2006 NA
2006 NA
2006 NA
2006 NA
2006 NA
2006 NA
2006 NA
2006 NA
2006 NA
2006 NA
2006 NA
2006 NA
2006 NA
2006 NA
2006 NA
2006 NA
2006 NA
2006 NA
2006 NA
2006 NA
2006 NA
2006 NA
2006 NA
2006 NA
2006 NA
2006 NA
2006 NA
2006 NA
2006 NA
2006 NA
2006 NA
2006 NA
2006 NA
2006 NA
2006 NA
2006 NA
2006 NA
2006 NA
2006 NA
2006 NA
2006 NA
2006 NA
2006 NA
2006 NA
2006 NA
2006 NA
2006 NA
2006 NA
2006 NA
2006 NA
2006 NA
2006 NA
2006 NA
2006 NA
2006 NA
2006 NA
2006 NA
2006 NA
2006 NA
2006 NA
2006 NA
2006 NA
2006 NA
2006 NA
2006 NA
2006 NA
2006 NA
2006 NA
2006 NA
2006 NA
2006 NA
2006 NA
2006 NA
2006 NA
2006 NA
2006 NA
2006 NA
2006 NA
2006 NA
2006 NA
2006 NA
2006 NA
2006 NA
2006 NA
2006 NA
2006 NA
2006 NA
2006 NA
2006 NA
2006 NA
2006 NA
2007 NA
2007 NA
2007 NA
2007 NA
2007 NA
2007 NA
2007 NA
2007 NA
2007 NA
2007 NA
2007 NA
2007 NA
2007 NA
2007 NA
2007 NA
2007 NA
2007 NA
2007 NA
2007 NA
2007 NA
2007 NA
2007 NA
2007 NA
2007 NA
2007 NA
2007 NA
2007 NA
2007 NA
2007 NA
2007 NA
2007 NA
2007 NA
2007 NA
2007 NA
2007 NA
2007 NA
2007 NA
2007 NA
2007 NA
2007 NA
2007 NA
2007 NA
2007 NA
2007 NA
2007 NA
2007 NA
2007 NA
2007 NA
2007 NA
2007 NA
2007 NA
2007 NA
2007 NA
2007 NA
2007 NA
2007 NA
2007 NA
2007 NA
2007 NA
2007 NA
2007 NA
2007 NA
2007 NA
2007 NA
2007 NA
2007 NA
2007 NA
2007 NA
2007 NA
2007 NA
2007 NA
2007 NA
2007 NA
2007 NA
2007 NA
2007 NA
2007 NA
2007 NA
2007 NA
2007 NA
2007 NA
2007 NA
2007 NA
2007 NA
2007 NA
2007 NA
2007 NA
2007 NA
2007 NA
2007 NA
2007 NA
2007 NA
2007 NA
2007 NA
2007 NA
2007 NA
2007 NA
2007 NA
2007 NA
2007 22
2007 22
2007 20
2007 20
2007 15
2007 10
2007 7
2007 5
2007 5
2007 7
2007 7
2007 5
2007 5
2007 5
2007 5
2007 4
2007 4
2007 4
2007 4
2007 4
2007 4
2007 4
2007 0
2007 0
2007 20
2007 30
2007 27
2007 20
2007 20
2007 20
2007 20
2007 18
2007 17
2007 12
2007 15
2007 16
2007 15
2007 15
2007 10
2007 8
2007 8
2007 6
2007 6
2007 6
2007 1
2007 5
2007 27
2007 30
2007 30
2007 30
2007 NA
2007 35
2007 35
2007 25
2007 25
2007 NA
2007 20
2007 20
2007 20
2007 20
2007 20
2007 30
2007 40
2007 40
2007 55
2007 60
2007 75
2007 75
2007 75
2007 70
2007 50
2007 NA
2007 50
2007 50
2007 50
2007 50
2007 50
2007 50
2007 55
2007 70
2007 75
2007 75
2007 75
2007 75
2007 50
2007 50
2007 50
2007 45
2007 50
2007 40
2007 30
2007 31
2007 30
2007 30
2007 30
2007 30
2007 20
2007 20
2007 20
2007 15
2007 20
2007 30
2007 30
2007 30
2007 30
2007 25
2007 15
2007 20
2007 15
2007 15
2007 15
2007 10
2007 25
2007 25
2007 15
2007 15
2007 15
2007 10
2007 5
2007 0
2007 0
2007 0
2007 0
2007 0
2007 0
2007 0
2007 0
2007 0
2007 0
2007 0
2007 0
2007 0
2007 0
2007 0
2007 0
2007 0
2007 0
2007 0
2007 0
2007 NA
2007 NA
2007 NA
2007 NA
2007 NA
2007 NA
2007 NA
2007 NA
2007 NA
2007 NA
2007 NA
2007 NA
2007 NA
2007 NA
2007 NA
2007 NA
2007 NA
2007 NA
2007 NA
2007 NA
2007 NA
2007 NA
2007 NA
2007 NA
2007 NA
2007 NA
2007 NA
2007 NA
2007 NA
2007 NA
2007 NA
2007 NA
2007 NA
2007 NA
2007 NA
2007 NA
2007 NA
2007 NA
2007 NA
2007 NA
2007 NA
2007 NA
2007 NA
2007 NA
2007 NA
2007 NA
2007 NA
2007 NA
2007 NA
2007 NA
2007 NA
2007 NA
2007 NA
2007 NA
2007 NA
2007 NA
2007 NA
2007 NA
2007 NA
2007 NA
2007 NA
2007 NA
2007 NA
2007 NA
2007 NA
2007 NA
2007 NA
2007 NA
2007 NA
2007 NA
2007 NA
2007 NA
2007 NA
2007 NA
2007 NA
2007 NA
2007 NA
2007 NA
2007 NA
2007 NA
2007 NA
2007 NA
2007 NA
2007 NA
2007 NA
2007 NA
2007 NA
2007 NA
2007 NA
2007 NA
2007 NA
2007 NA
2007 NA
2007 NA
2007 NA
2007 NA
2007 NA
2007 NA
2007 NA
2007 NA
2007 NA
2007 NA
2007 NA
2007 NA
2007 NA
2007 NA
2007 NA
2007 NA
2007 NA
2007 NA
2007 NA
2007 NA
2007 NA
2007 NA
2007 NA
2007 NA
2007 NA
2007 NA
2007 NA
2007 NA
2007 NA
2007 NA
2007 NA
2007 NA
2007 NA
2007 NA
2007 NA
2008 NA
2008 NA
2008 NA
2008 NA
2008 NA
2008 NA
2008 NA
2008 NA
2008 NA
2008 NA
2008 NA
2008 NA
2008 NA
2008 NA
2008 NA
2008 NA
2008 NA
2008 NA
2008 NA
2008 NA
2008 NA
2008 NA
2008 NA
2008 NA
2008 NA
2008 NA
2008 NA
2008 NA
2008 NA
2008 NA
2008 NA
2008 NA
2008 NA
2008 NA
2008 NA
2008 NA
2008 NA
2008 NA
2008 NA
2008 NA
2008 NA
2008 NA
2008 NA
2008 NA
2008 NA
2008 NA
2008 NA
2008 NA
2008 NA
2008 NA
2008 NA
2008 NA
2008 NA
2008 NA
2008 NA
2008 NA
2008 NA
2008 NA
2008 NA
2008 NA
2008 NA
2008 NA
2008 NA
2008 NA
2008 NA
2008 NA
2008 NA
2008 NA
2008 NA
2008 NA
2008 NA
2008 NA
2008 NA
2008 NA
2008 NA
2008 NA
2008 NA
2008 NA
2008 NA
2008 NA
2008 NA
2008 NA
2008 NA
2008 NA
2008 NA
2008 NA
2008 NA
2008 NA
2008 NA
2008 NA
2008 NA
2008 NA
2008 NA
2008 NA
2008 NA
2008 NA
2008 NA
2008 NA
2008 NA
2008 NA
2008 60
2008 65
2008 70
2008 55
2008 45
2008 45
2008 45
2008 45
2008 45
2008 45
2008 40
2008 40
2008 40
2008 40
2008 40
2008 40
2008 40
2008 40
2008 40
2008 40
2008 45
2008 40
2008 40
2008 40
2008 40
2008 40
2008 40
2008 45
2008 45
2008 50
2008 45
2008 45
2008 45
2008 65
2008 75
2008 75
2008 80
2008 70
2008 70
2008 69
2008 70
2008 NA
2008 60
2008 65
2008 74
2008 75
2008 65
2008 60
2008 60
2008 55
2008 58
2008 60
2008 60
2008 60
2008 75
2008 75
2008 75
2008 90
2008 80
2008 80
2008 NA
2008 70
2008 69
2008 69
2008 70
2008 70
2008 70
2008 60
2008 NA
2008 50
2008 45
2008 40
2008 35
2008 35
2008 35
2008 35
2008 32
2008 25
2008 20
2008 15
2008 15
2008 15
2008 15
2008 NA
2008 15
2008 15
2008 15
2008 10
2008 10
2008 10
2008 10
2008 13
2008 17
2008 17
2008 17
2008 17
2008 17
2008 20
2008 30
2008 25
2008 20
2008 10
2008 15
2008 50
2008 45
2008 40
2008 50
2008 50
2008 52
2008 35
2008 30
2008 25
2008 20
2008 20
2008 20
2008 15
2008 12
2008 10
2008 10
2008 15
2008 15
2008 10
2008 NA
2008 0
2008 4
2008 0
2008 7
2008 15
2008 2
2008 0
2008 1
2008 1
2008 0
2008 0
2008 0
2008 0
2008 0
2008 0
2008 0
2008 NA
2008 NA
2008 NA
2008 NA
2008 NA
2008 NA
2008 NA
2008 NA
2008 NA
2008 NA
2008 NA
2008 NA
2008 NA
2008 NA
2008 NA
2008 NA
2008 NA
2008 NA
2008 NA
2008 NA
2008 NA
2008 NA
2008 NA
2008 NA
2008 NA
2008 NA
2008 NA
2008 NA
2008 NA
2008 NA
2008 NA
2008 NA
2008 NA
2008 NA
2008 NA
2008 NA
2008 NA
2008 NA
2008 NA
2008 NA
2008 NA
2008 NA
2008 NA
2008 NA
2008 NA
2008 NA
2008 NA
2008 NA
2008 NA
2008 NA
2008 NA
2008 NA
2008 NA
2008 NA
2008 NA
2008 NA
2008 NA
2008 NA
2008 NA
2008 NA
2008 NA
2008 NA
2008 NA
2008 NA
2008 NA
2008 NA
2008 NA
2008 NA
2008 NA
2008 NA
2008 NA
2008 NA
2008 NA
2008 NA
2008 NA
2008 NA
2008 NA
2008 NA
2008 NA
2008 NA
2008 NA
2008 NA
2008 NA
2008 NA
2008 NA
2008 NA
2008 NA
2008 NA
2008 NA
2008 NA
2008 NA
2008 NA
2008 NA
2008 NA
2008 NA
2008 NA
2008 NA
2008 NA
2008 NA
2008 NA
2008 NA
2008 NA
2008 NA
2008 NA
2008 NA
2008 NA
2008 NA
2008 NA
2008 NA
2008 NA
2008 NA
2008 NA
2008 NA
2008 NA
2008 NA
2008 NA
2008 NA
2008 NA
2008 NA
2008 NA
2008 NA
2008 NA
2008 NA
2008 NA
2008 NA
2008 NA
2008 NA
2009 NA
2009 NA
2009 NA
2009 NA
2009 NA
2009 NA
2009 NA
2009 NA
2009 NA
2009 NA
2009 NA
2009 NA
2009 NA
2009 NA
2009 NA
2009 NA
2009 NA
2009 NA
2009 NA
2009 NA
2009 NA
2009 NA
2009 NA
2009 NA
2009 NA
2009 NA
2009 NA
2009 NA
2009 NA
2009 NA
2009 NA
2009 NA
2009 NA
2009 NA
2009 NA
2009 NA
2009 NA
2009 NA
2009 NA
2009 NA
2009 NA
2009 NA
2009 NA
2009 NA
2009 NA
2009 NA
2009 NA
2009 NA
2009 NA
2009 NA
2009 NA
2009 NA
2009 NA
2009 NA
2009 NA
2009 NA
2009 NA
2009 NA
2009 NA
2009 NA
2009 NA
2009 NA
2009 NA
2009 NA
2009 NA
2009 NA
2009 NA
2009 NA
2009 NA
2009 NA
2009 NA
2009 NA
2009 NA
2009 NA
2009 NA
2009 NA
2009 NA
2009 NA
2009 NA
2009 NA
2009 NA
2009 NA
2009 NA
2009 NA
2009 NA
2009 NA
2009 NA
2009 NA
2009 NA
2009 NA
2009 NA
2009 NA
2009 NA
2009 NA
2009 NA
2009 NA
2009 NA
2009 NA
2009 NA
2009 NA
2009 NA
2009 NA
2009 NA
2009 NA
2009 NA
2009 NA
2009 60
2009 60
2009 60
2009 55
2009 55
2009 50
2009 50
2009 45
2009 45
2009 45
2009 45
2009 45
2009 45
2009 45
2009 45
2009 44
2009 45
2009 45
2009 45
2009 45
2009 40
2009 40
2009 50
2009 50
2009 50
2009 48
2009 47
2009 45
2009 45
2009 45
2009 45
2009 45
2009 45
2009 45
2009 55
2009 65
2009 65
2009 60
2009 70
2009 90
2009 95
2009 95
2009 95
2009 95
2009 90
2009 90
2009 90
2009 90
2009 85
2009 85
2009 85
2009 85
2009 100
2009 110
2009 110
2009 110
2009 110
2009 115
2009 110
2009 115
2009 NA
2009 105
2009 100
2009 100
2009 100
2009 100
2009 100
2009 95
2009 95
2009 90
2009 90
2009 88
2009 88
2009 90
2009 90
2009 85
2009 85
2009 80
2009 80
2009 110
2009 110
2009 100
2009 100
2009 95
2009 100
2009 110
2009 105
2009 100
2009 100
2009 100
2009 90
2009 90
2009 90
2009 90
2009 90
2009 85
2009 85
2009 85
2009 90
2009 90
2009 90
2009 88
2009 85
2009 95
2009 85
2009 85
2009 80
2009 75
2009 70
2009 65
2009 65
2009 50
2009 40
2009 40
2009 40
2009 40
2009 35
2009 30
2009 25
2009 20
2009 0
2009 1
2009 1
2009 1
2009 1
2009 0
2009 0
2009 0
2009 0
2009 0
2009 0
2009 0
2009 2
2009 1
2009 1
2009 0
2009 NA
2009 NA
2009 NA
2009 NA
2009 NA
2009 NA
2009 NA
2009 NA
2009 NA
2009 NA
2009 NA
2009 NA
2009 NA
2009 NA
2009 NA
2009 NA
2009 NA
2009 NA
2009 NA
2009 NA
2009 NA
2009 NA
2009 NA
2009 NA
2009 NA
2009 NA
2009 NA
2009 NA
2009 NA
2009 NA
2009 NA
2009 NA
2009 NA
2009 NA
2009 NA
2009 NA
2009 NA
2009 NA
2009 NA
2009 NA
2009 NA
2009 NA
2009 NA
2009 NA
2009 NA
2009 NA
2009 NA
2009 NA
2009 NA
2009 NA
2009 NA
2009 NA
2009 NA
2009 NA
2009 NA
2009 NA
2009 NA
2009 NA
2009 NA
2009 NA
2009 NA
2009 NA
2009 NA
2009 NA
2009 NA
2009 NA
2009 NA
2009 NA
2009 NA
2009 NA
2009 NA
2009 NA
2009 NA
2009 NA
2009 NA
2009 NA
2009 NA
2009 NA
2009 NA
2009 NA
2009 NA
2009 NA
2009 NA
2009 NA
2009 NA
2009 NA
2009 NA
2009 NA
2009 NA
2009 NA
2009 NA
2009 NA
2009 NA
2009 NA
2009 NA
2009 NA
2009 NA
2009 NA
2009 NA
2009 NA
2009 NA
2009 NA
2009 NA
2009 NA
2009 NA
2009 NA
2009 NA
2009 NA
2009 NA
2009 NA
2009 NA
2009 NA
2009 NA
2009 NA
2009 NA
2009 NA
2009 NA
2009 NA
2009 NA
2009 NA
2009 NA
2009 NA
2009 NA
2010 NA
2010 NA
2010 NA
2010 NA
2010 NA
2010 NA
2010 NA
2010 NA
2010 NA
2010 NA
2010 NA
2010 NA
2010 NA
2010 NA
2010 NA
2010 NA
2010 NA
2010 NA
2010 NA
2010 NA
2010 NA
2010 NA
2010 NA
2010 NA
2010 NA
2010 NA
2010 NA
2010 NA
2010 NA
2010 NA
2010 NA
2010 NA
2010 NA
2010 NA
2010 NA
2010 NA
2010 NA
2010 NA
2010 NA
2010 NA
2010 NA
2010 NA
2010 NA
2010 NA
2010 NA
2010 NA
2010 NA
2010 NA
2010 NA
2010 NA
2010 NA
2010 NA
2010 NA
2010 NA
2010 NA
2010 NA
2010 NA
2010 NA
2010 NA
2010 NA
2010 NA
2010 NA
2010 NA
2010 NA
2010 NA
2010 NA
2010 NA
2010 NA
2010 NA
2010 NA
2010 NA
2010 NA
2010 NA
2010 NA
2010 NA
2010 NA
2010 NA
2010 NA
2010 NA
2010 NA
2010 NA
2010 NA
2010 NA
2010 NA
2010 NA
2010 NA
2010 NA
2010 NA
2010 NA
2010 NA
2010 NA
2010 NA
2010 NA
2010 NA
2010 NA
2010 NA
2010 NA
2010 NA
2010 NA
2010 NA
2010 NA
2010 NA
2010 NA
2010 NA
2010 18
2010 17
2010 16
2010 19
2010 25
2010 NA
2010 24
2010 25
2010 25
2010 25
2010 25
2010 30
2010 25
2010 25
2010 NA
2010 30
2010 25
2010 20
2010 20
2010 22
2010 NA
2010 50
2010 50
2010 40
2010 40
2010 65
2010 75
2010 75
2010 70
2010 70
2010 80
2010 80
2010 75
2010 75
2010 75
2010 70
2010 70
2010 70
2010 70
2010 70
2010 70
2010 65
2010 55
2010 55
2010 55
2010 55
2010 50
2010 60
2010 60
2010 50
2010 55
2010 58
2010 58
2010 60
2010 80
2010 80
2010 80
2010 85
2010 80
2010 85
2010 85
2010 85
2010 85
2010 85
2010 75
2010 75
2010 80
2010 90
2010 105
2010 98
2010 100
2010 100
2010 115
2010 100
2010 110
2010 100
2010 90
2010 90
2010 85
2010 83
2010 90
2010 90
2010 85
2010 85
2010 85
2010 NA
2010 NA
2010 NA
2010 85
2010 85
2010 85
2010 85
2010 80
2010 75
2010 75
2010 75
2010 NA
2010 60
2010 60
2010 60
2010 60
2010 55
2010 50
2010 65
2010 NA
2010 60
2010 50
2010 48
2010 NA
2010 65
2010 55
2010 75
2010 70
2010 60
2010 50
2010 60
2010 NA
2010 NA
2010 NA
2010 55
2010 70
2010 60
2010 55
2010 60
2010 50
2010 50
2010 50
2010 40
2010 30
2010 25
2010 15
2010 NA
2010 NA
2010 NA
2010 NA
2010 NA
2010 NA
2010 NA
2010 NA
2010 NA
2010 NA
2010 NA
2010 NA
2010 NA
2010 NA
2010 NA
2010 NA
2010 NA
2010 NA
2010 NA
2010 NA
2010 NA
2010 NA
2010 NA
2010 NA
2010 NA
2010 NA
2010 NA
2010 NA
2010 NA
2010 NA
2010 NA
2010 NA
2010 NA
2010 NA
2010 NA
2010 NA
2010 NA
2010 NA
2010 NA
2010 NA
2010 NA
2010 NA
2010 NA
2010 NA
2010 NA
2010 NA
2010 NA
2010 NA
2010 NA
2010 NA
2010 NA
2010 NA
2010 NA
2010 NA
2010 NA
2010 NA
2010 NA
2010 NA
2010 NA
2010 NA
2010 NA
2010 NA
2010 NA
2010 NA
2010 NA
2010 NA
2010 NA
2010 NA
2010 NA
2010 NA
2010 NA
2010 NA
2010 NA
2010 NA
2010 NA
2010 NA
2010 NA
2010 NA
2010 NA
2010 NA
2010 NA
2010 NA
2010 NA
2010 NA
2010 NA
2010 NA
2010 NA
2010 NA
2010 NA
2010 NA
2010 NA
2010 NA
2010 NA
2010 NA
2010 NA
2010 NA
2010 NA
2010 NA
2010 NA
2010 NA
2010 NA
2010 NA
2010 NA
2010 NA
2010 NA
2010 NA
2010 NA
2010 NA
2010 NA
2010 NA
2010 NA
2010 NA
2010 NA
2010 NA
2010 NA
2010 NA
2010 NA
2010 NA
2010 NA
2010 NA
2010 NA
2010 NA
2010 NA
2010 NA
2010 NA
2010 NA
2010 NA
2010 NA
2010 NA
2010 NA
2011 NA
2011 NA
2011 NA
2011 NA
2011 NA
2011 NA
2011 NA
2011 NA
2011 NA
2011 NA
2011 NA
2011 NA
2011 NA
2011 NA
2011 NA
2011 NA
2011 NA
2011 NA
2011 NA
2011 NA
2011 NA
2011 NA
2011 NA
2011 NA
2011 NA
2011 NA
2011 NA
2011 NA
2011 NA
2011 NA
2011 NA
2011 NA
2011 NA
2011 NA
2011 NA
2011 NA
2011 NA
2011 NA
2011 NA
2011 NA
2011 NA
2011 NA
2011 NA
2011 NA
2011 NA
2011 NA
2011 NA
2011 NA
2011 NA
2011 NA
2011 NA
2011 NA
2011 NA
2011 NA
2011 NA
2011 NA
2011 NA
2011 NA
2011 NA
2011 NA
2011 NA
2011 NA
2011 NA
2011 NA
2011 NA
2011 NA
2011 NA
2011 NA
2011 NA
2011 NA
2011 NA
2011 NA
2011 NA
2011 NA
2011 NA
2011 NA
2011 NA
2011 NA
2011 NA
2011 NA
2011 NA
2011 NA
2011 NA
2011 NA
2011 NA
2011 NA
2011 NA
2011 NA
2011 NA
2011 NA
2011 NA
2011 NA
2011 NA
2011 NA
2011 NA
2011 NA
2011 NA
2011 NA
2011 NA
2011 NA
2011 NA
2011 NA
2011 NA
2011 NA
2011 NA
2011 NA
2011 NA
2011 NA
2011 NA
2011 NA
2011 NA
2011 NA
2011 NA
2011 NA
2011 NA
2011 NA
2011 NA
2011 NA
2011 NA
2011 NA
2011 20
2011 20
2011 19
2011 20
2011 NA
2011 NA
2011 15
2011 20
2011 NA
2011 NA
2011 NA
2011 NA
2011 NA
2011 NA
2011 NA
2011 NA
2011 NA
2011 NA
2011 NA
2011 NA
2011 NA
2011 NA
2011 NA
2011 NA
2011 NA
2011 NA
2011 NA
2011 NA
2011 NA
2011 NA
2011 NA
2011 NA
2011 10
2011 10
2011 10
2011 10
2011 NA
2011 NA
2011 NA
2011 NA
2011 NA
2011 NA
2011 NA
2011 NA
2011 NA
2011 NA
2011 NA
2011 NA
2011 NA
2011 NA
2011 NA
2011 NA
2011 NA
2011 NA
2011 NA
2011 NA
2011 NA
2011 NA
2011 NA
2011 NA
2011 NA
2011 NA
2011 NA
2011 NA
2011 NA
2011 NA
2011 NA
2011 NA
2011 NA
2011 NA
2011 NA
2011 NA
2011 NA
2011 NA
2011 NA
2011 NA
2011 NA
2011 NA
2011 NA
2011 NA
2011 NA
2011 NA
2011 NA
2011 NA
2011 NA
2011 NA
2011 NA
2011 NA
2011 NA
2011 NA
2011 NA
2011 NA
2011 NA
2011 NA
2011 NA
2011 NA
2011 NA
2011 NA
2011 NA
2011 NA
2011 NA
2011 NA
2011 NA
2011 NA
2011 NA
2011 NA
2011 NA
2011 NA
2011 NA
2011 NA
2011 NA
2011 NA
2011 NA
2011 NA
2011 NA
2011 NA
2011 NA
2011 NA
2011 NA
2011 NA
2011 NA
2011 NA
2011 NA
2011 NA
2011 NA
2011 NA
2011 NA
2011 NA
2011 NA
2011 NA
2011 NA
2011 NA
2011 NA
2011 NA
2011 NA
2011 NA
2011 NA
2011 NA
2011 NA
2011 NA
2011 NA
2011 NA
2011 NA
2011 NA
2011 NA
2011 NA
2011 NA
2011 NA
2011 NA
2011 NA
2011 NA
2011 NA
2011 NA
2011 NA
2011 NA
2011 NA
2011 NA
2011 NA
2011 NA
2011 NA
2011 NA
2011 NA
2011 NA
2011 NA
2011 NA
2011 NA
2011 NA
2011 NA
2011 NA
2011 NA
2011 NA
2011 NA
2011 NA
2011 NA
2011 NA
2011 NA
2011 NA
2011 NA
2011 NA
2011 NA
2011 NA
2011 NA
2011 NA
2011 NA
2011 NA
2011 NA
2011 NA
2011 NA
2011 NA
2011 NA
2011 NA
2011 NA
2011 NA
2011 NA
2011 NA
2011 NA
2011 NA
2011 NA
2011 NA
2011 NA
2011 NA
2011 NA
2011 NA
2011 NA
2011 NA
2011 NA
2011 NA
2011 NA
2011 NA
2011 NA
2011 NA
2011 NA
2011 NA
2011 NA
2011 NA
2011 NA
2011 NA
2011 NA
2011 NA
2011 NA
2011 NA
2011 NA
2011 NA
2011 NA
2011 NA
2011 NA
2011 NA
2011 NA
2011 NA
2011 NA
2011 NA
2011 NA
2011 NA
2011 NA
2011 NA
2011 NA
2011 NA
2011 NA
2011 NA
2011 NA
2011 NA
2011 NA
2011 NA
2011 NA
2011 NA
