1993 NA
1993 NA
1993 NA
1993 NA
1993 NA
1993 NA
1993 NA
1993 NA
1993 NA
1993 NA
1993 NA
1993 NA
1993 NA
1993 NA
1993 NA
1993 NA
1993 NA
1993 NA
1993 NA
1993 NA
1993 NA
1993 NA
1993 NA
1993 NA
1993 NA
1993 NA
1993 NA
1993 NA
1993 NA
1993 NA
1993 0
1993 0
1993 0
1993 0
1993 0
1993 0
1993 0
1993 0
1993 0
1993 0
1993 0
1993 0
1993 0
1993 0
1993 0
1993 0
1993 1
1993 10
1993 5
1993 10
1993 2
1993 15
1993 14
1993 26
1993 35
1993 15
1993 11
1993 0
1993 0
1993 0
1993 0
1993 0
1993 0
1993 0
1993 0
1993 0
1993 0
1993 0
1993 0
1993 0
1993 0
1993 0
1993 0
1993 5
1993 10
1993 0
1993 13
1993 13
1993 20
1993 25
1993 18
1993 12
1993 5
1993 2
1993 0
1993 0
1993 0
1993 0
1993 0
1993 0
1993 0
1993 0
1993 0
1993 0
1993 7
1993 17
1993 17
1993 14
1993 24
1993 20
1993 20
1993 20
1993 20
1993 23
1993 23
1993 20
1993 20
1993 20
1993 20
1993 20
1993 20
1993 18
1993 18
1993 18
1993 15
1993 15
1993 15
1993 10
1993 10
1993 10
1993 10
1993 10
1993 10
1993 10
1993 10
1993 10
1993 10
1993 10
1993 7
1993 7
1993 5
1993 5
1993 5
1993 0
1993 0
1993 0
1993 0
1993 0
1993 0
1993 0
1993 0
1993 0
1993 0
1993 0
1993 0
1993 0
1993 0
1993 0
1993 9
1993 17
1993 10
1993 10
1993 8
1993 5
1993 2
1993 0
1993 0
1993 0
1993 0
1993 0
1993 0
1993 0
1993 0
1993 0
1993 0
1993 0
1993 0
1993 0
1993 0
1993 0
1993 0
1993 0
1993 6
1993 10
1993 55
1993 45
1993 37
1993 30
1993 27
1993 27
1993 27
1993 27
1993 20
1993 23
1993 35
1993 35
1993 27
1993 23
1993 15
1993 13
1993 10
1993 5
1993 0
1993 0
1993 0
1993 0
1993 0
1993 0
1993 0
1993 0
1993 0
1993 0
1993 0
1993 0
1993 1
1993 1
1993 0
1993 0
1993 0
1993 0
1993 0
1993 0
1993 0
1993 8
1993 11
1993 7
1993 10
1993 8
1993 0
1993 0
1993 0
1993 0
1993 0
1993 4
1993 1
1993 0
1993 0
1993 0
1993 0
1993 0
1993 0
1993 0
1993 0
1993 0
1993 0
1993 0
1993 0
1993 0
1993 0
1993 0
1993 0
1993 0
1993 0
1993 0
1993 0
1993 0
1993 0
1993 0
1993 0
1993 0
1993 0
1993 0
1993 0
1993 0
1993 0
1993 0
1993 0
1993 0
1993 0
1993 0
1993 0
1993 0
1993 0
1993 0
1993 0
1993 0
1993 0
1993 0
1993 0
1993 0
1993 0
1993 0
1993 0
1993 NA
1993 NA
1993 NA
1993 NA
1993 NA
1993 NA
1993 NA
1993 NA
1993 NA
1993 NA
1993 NA
1993 NA
1993 NA
1993 NA
1993 NA
1993 NA
1993 NA
1993 NA
1993 NA
1993 NA
1993 NA
1993 NA
1993 NA
1993 NA
1993 NA
1993 NA
1993 NA
1993 NA
1993 NA
1993 NA
1993 NA
1993 NA
1993 NA
1993 NA
1993 NA
1993 NA
1993 NA
1993 NA
1993 NA
1993 NA
1993 NA
1993 NA
1993 NA
1993 NA
1993 NA
1993 NA
1993 NA
1993 NA
1993 NA
1993 NA
1993 NA
1993 NA
1993 NA
1993 NA
1993 NA
1993 NA
1993 NA
1993 NA
1993 NA
1993 NA
1993 NA
1993 NA
1993 NA
1993 NA
1993 NA
1993 NA
1993 NA
1993 NA
1993 NA
1993 NA
1993 NA
1993 NA
1993 NA
1993 NA
1993 NA
1993 NA
1993 NA
1993 NA
1993 NA
1993 NA
1993 NA
1993 NA
1993 NA
1993 NA
1993 NA
1993 NA
1993 NA
1993 NA
1993 NA
1993 NA
1993 NA
1993 NA
1994 NA
1994 NA
1994 NA
1994 NA
1994 NA
1994 NA
1994 NA
1994 NA
1994 NA
1994 NA
1994 NA
1994 NA
1994 NA
1994 NA
1994 NA
1994 NA
1994 NA
1994 NA
1994 NA
1994 NA
1994 NA
1994 NA
1994 NA
1994 NA
1994 NA
1994 NA
1994 NA
1994 NA
1994 NA
1994 NA
1994 0
1994 0
1994 0
1994 0
1994 0
1994 0
1994 0
1994 0
1994 0
1994 0
1994 0
1994 0
1994 0
1994 0
1994 0
1994 0
1994 0
1994 0
1994 0
1994 0
1994 0
1994 0
1994 0
1994 0
1994 0
1994 0
1994 0
1994 0
1994 0
1994 0
1994 0
1994 0
1994 0
1994 0
1994 0
1994 0
1994 0
1994 0
1994 0
1994 0
1994 0
1994 0
1994 0
1994 0
1994 0
1994 5
1994 20
1994 15
1994 14
1994 10
1994 8
1994 5
1994 9
1994 9
1994 10
1994 7
1994 4
1994 0
1994 0
1994 0
1994 0
1994 4
1994 2
1994 0
1994 0
1994 0
1994 0
1994 5
1994 18
1994 15
1994 7
1994 8
1994 13
1994 10
1994 20
1994 18
1994 45
1994 56
1994 50
1994 40
1994 35
1994 20
1994 27
1994 50
1994 85
1994 120
1994 120
1994 110
1994 100
1994 95
1994 80
1994 75
1994 100
1994 100
1994 86
1994 80
1994 85
1994 80
1994 75
1994 75
1994 75
1994 72
1994 80
1994 80
1994 80
1994 75
1994 75
1994 73
1994 85
1994 85
1994 80
1994 73
1994 73
1994 73
1994 73
1994 70
1994 73
1994 73
1994 75
1994 75
1994 80
1994 80
1994 80
1994 75
1994 75
1994 73
1994 70
1994 60
1994 58
1994 58
1994 60
1994 60
1994 60
1994 62
1994 60
1994 60
1994 60
1994 60
1994 60
1994 58
1994 58
1994 58
1994 58
1994 80
1994 75
1994 68
1994 75
1994 82
1994 70
1994 68
1994 68
1994 60
1994 60
1994 60
1994 56
1994 50
1994 48
1994 48
1994 43
1994 35
1994 30
1994 25
1994 15
1994 13
1994 5
1994 0
1994 0
1994 0
1994 1
1994 0
1994 0
1994 0
1994 0
1994 0
1994 0
1994 0
1994 0
1994 0
1994 0
1994 0
1994 0
1994 0
1994 0
1994 17
1994 25
1994 14
1994 26
1994 24
1994 27
1994 45
1994 60
1994 75
1994 50
1994 41
1994 56
1994 40
1994 48
1994 38
1994 31
1994 27
1994 20
1994 13
1994 11
1994 5
1994 0
1994 0
1994 0
1994 0
1994 0
1994 0
1994 0
1994 0
1994 0
1994 0
1994 0
1994 0
1994 0
1994 0
1994 0
1994 0
1994 0
1994 0
1994 0
1994 0
1994 0
1994 0
1994 0
1994 0
1994 0
1994 0
1994 0
1994 0
1994 0
1994 0
1994 0
1994 0
1994 0
1994 0
1994 0
1994 0
1994 0
1994 0
1994 0
1994 NA
1994 NA
1994 NA
1994 NA
1994 NA
1994 NA
1994 NA
1994 NA
1994 NA
1994 NA
1994 NA
1994 NA
1994 NA
1994 NA
1994 NA
1994 NA
1994 NA
1994 NA
1994 NA
1994 NA
1994 NA
1994 NA
1994 NA
1994 NA
1994 NA
1994 NA
1994 NA
1994 NA
1994 NA
1994 NA
1994 NA
1994 NA
1994 NA
1994 NA
1994 NA
1994 NA
1994 NA
1994 NA
1994 NA
1994 NA
1994 NA
1994 NA
1994 NA
1994 NA
1994 NA
1994 NA
1994 NA
1994 NA
1994 NA
1994 NA
1994 NA
1994 NA
1994 NA
1994 NA
1994 NA
1994 NA
1994 NA
1994 NA
1994 NA
1994 NA
1994 NA
1994 NA
1994 NA
1994 NA
1994 NA
1994 NA
1994 NA
1994 NA
1994 NA
1994 NA
1994 NA
1994 NA
1994 NA
1994 NA
1994 NA
1994 NA
1994 NA
1994 NA
1994 NA
1994 NA
1994 NA
1994 NA
1994 NA
1994 NA
1994 NA
1994 NA
1994 NA
1994 NA
1994 NA
1994 NA
1994 NA
1994 NA
1995 NA
1995 NA
1995 NA
1995 NA
1995 NA
1995 NA
1995 NA
1995 NA
1995 NA
1995 NA
1995 NA
1995 NA
1995 NA
1995 NA
1995 NA
1995 NA
1995 NA
1995 NA
1995 NA
1995 NA
1995 NA
1995 NA
1995 NA
1995 NA
1995 NA
1995 NA
1995 NA
1995 NA
1995 NA
1995 NA
1995 0
1995 0
1995 0
1995 0
1995 0
1995 0
1995 0
1995 0
1995 0
1995 0
1995 0
1995 0
1995 0
1995 0
1995 0
1995 0
1995 0
1995 0
1995 0
1995 0
1995 0
1995 0
1995 0
1995 0
1995 0
1995 0
1995 0
1995 0
1995 2
1995 0
1995 0
1995 0
1995 0
1995 0
1995 0
1995 0
1995 0
1995 0
1995 0
1995 0
1995 1
1995 1
1995 0
1995 0
1995 0
1995 0
1995 0
1995 0
1995 0
1995 0
1995 0
1995 0
1995 0
1995 0
1995 0
1995 0
1995 0
1995 0
1995 0
1995 0
1995 0
1995 0
1995 0
1995 0
1995 0
1995 0
1995 0
1995 0
1995 0
1995 0
1995 0
1995 0
1995 0
1995 0
1995 0
1995 0
1995 0
1995 0
1995 0
1995 2
1995 8
1995 10
1995 8
1995 8
1995 8
1995 8
1995 8
1995 10
1995 5
1995 5
1995 0
1995 2
1995 17
1995 40
1995 80
1995 60
1995 47
1995 38
1995 35
1995 35
1995 28
1995 35
1995 80
1995 90
1995 100
1995 86
1995 80
1995 73
1995 69
1995 64
1995 90
1995 80
1995 98
1995 120
1995 100
1995 90
1995 90
1995 80
1995 90
1995 90
1995 105
1995 120
1995 130
1995 130
1995 130
1995 125
1995 115
1995 110
1995 105
1995 100
1995 95
1995 100
1995 100
1995 110
1995 105
1995 97
1995 100
1995 95
1995 95
1995 92
1995 100
1995 115
1995 110
1995 100
1995 100
1995 115
1995 125
1995 145
1995 170
1995 170
1995 165
1995 160
1995 160
1995 160
1995 200
1995 190
1995 210
1995 220
1995 210
1995 220
1995 210
1995 195
1995 185
1995 175
1995 165
1995 160
1995 165
1995 160
1995 155
1995 150
1995 165
1995 165
1995 160
1995 155
1995 150
1995 145
1995 135
1995 130
1995 150
1995 150
1995 170
1995 160
1995 150
1995 140
1995 130
1995 120
1995 110
1995 100
1995 90
1995 85
1995 80
1995 80
1995 80
1995 75
1995 70
1995 60
1995 55
1995 55
1995 50
1995 40
1995 30
1995 30
1995 25
1995 15
1995 5
1995 0
1995 0
1995 0
1995 0
1995 0
1995 0
1995 0
1995 0
1995 0
1995 0
1995 0
1995 0
1995 0
1995 0
1995 0
1995 0
1995 0
1995 0
1995 0
1995 2
1995 20
1995 2
1995 0
1995 0
1995 0
1995 0
1995 0
1995 0
1995 0
1995 0
1995 0
1995 0
1995 0
1995 0
1995 0
1995 0
1995 0
1995 0
1995 NA
1995 NA
1995 NA
1995 NA
1995 NA
1995 NA
1995 NA
1995 NA
1995 NA
1995 NA
1995 NA
1995 NA
1995 NA
1995 NA
1995 NA
1995 NA
1995 NA
1995 NA
1995 NA
1995 NA
1995 NA
1995 NA
1995 NA
1995 NA
1995 NA
1995 NA
1995 NA
1995 NA
1995 NA
1995 NA
1995 NA
1995 NA
1995 NA
1995 NA
1995 NA
1995 NA
1995 NA
1995 NA
1995 NA
1995 NA
1995 NA
1995 NA
1995 NA
1995 NA
1995 NA
1995 NA
1995 NA
1995 NA
1995 NA
1995 NA
1995 NA
1995 NA
1995 NA
1995 NA
1995 NA
1995 NA
1995 NA
1995 NA
1995 NA
1995 NA
1995 NA
1995 NA
1995 NA
1995 NA
1995 NA
1995 NA
1995 NA
1995 NA
1995 NA
1995 NA
1995 NA
1995 NA
1995 NA
1995 NA
1995 NA
1995 NA
1995 NA
1995 NA
1995 NA
1995 NA
1995 NA
1995 NA
1995 NA
1995 NA
1995 NA
1995 NA
1995 NA
1995 NA
1995 NA
1995 NA
1995 NA
1995 NA
1996 0
1996 0
1996 0
1996 0
1996 0
1996 0
1996 0
1996 0
1996 0
1996 0
1996 0
1996 0
1996 0
1996 0
1996 0
1996 0
1996 0
1996 0
1996 0
1996 0
1996 0
1996 0
1996 0
1996 0
1996 1
1996 0
1996 0
1996 0
1996 0
1996 0
1996 0
1996 0
1996 0
1996 0
1996 0
1996 0
1996 0
1996 0
1996 0
1996 0
1996 0
1996 0
1996 0
1996 0
1996 0
1996 0
1996 0
1996 0
1996 0
1996 0
1996 0
1996 0
1996 0
1996 0
1996 0
1996 0
1996 0
1996 0
1996 0
1996 0
1996 0
1996 0
1996 0
1996 0
1996 2
1996 0
1996 0
1996 0
1996 0
1996 0
1996 0
1996 0
1996 0
1996 0
1996 0
1996 0
1996 0
1996 0
1996 3
1996 2
1996 0
1996 0
1996 0
1996 0
1996 0
1996 0
1996 0
1996 0
1996 0
1996 0
1996 0
1996 0
1996 0
1996 0
1996 0
1996 0
1996 0
1996 0
1996 10
1996 7
1996 4
1996 0
1996 0
1996 0
1996 0
1996 0
1996 0
1996 0
1996 4
1996 0
1996 0
1996 0
1996 0
1996 0
1996 0
1996 0
1996 0
1996 5
1996 4
1996 12
1996 15
1996 12
1996 12
1996 12
1996 12
1996 12
1996 12
1996 12
1996 12
1996 10
1996 10
1996 8
1996 5
1996 0
1996 0
1996 0
1996 0
1996 0
1996 0
1996 0
1996 0
1996 0
1996 0
1996 0
1996 0
1996 0
1996 0
1996 0
1996 0
1996 0
1996 0
1996 0
1996 0
1996 0
1996 0
1996 0
1996 0
1996 3
1996 3
1996 10
1996 28
1996 40
1996 30
1996 25
1996 36
1996 80
1996 100
1996 80
1996 80
1996 77
1996 75
1996 105
1996 120
1996 110
1996 105
1996 100
1996 100
1996 90
1996 80
1996 75
1996 70
1996 65
1996 60
1996 55
1996 53
1996 50
1996 48
1996 46
1996 45
1996 43
1996 43
1996 40
1996 36
1996 36
1996 34
1996 32
1996 32
1996 30
1996 28
1996 23
1996 20
1996 18
1996 15
1996 10
1996 8
1996 5
1996 0
1996 0
1996 0
1996 0
1996 0
1996 0
1996 0
1996 0
1996 17
1996 10
1996 8
1996 3
1996 0
1996 0
1996 0
1996 0
1996 0
1996 0
1996 0
1996 0
1996 0
1996 0
1996 0
1996 0
1996 0
1996 0
1996 0
1996 0
1996 0
1996 0
1996 0
1996 0
1996 0
1996 0
1996 0
1996 0
1996 0
1996 0
1996 0
1996 3
1996 1
1996 0
1996 0
1996 0
1996 0
1996 0
1996 0
1996 0
1996 0
1996 0
1996 0
1996 0
1996 0
1996 0
1996 0
1996 0
1996 0
1996 0
1996 0
1996 0
1996 0
1996 0
1996 0
1996 0
1996 0
1996 0
1996 0
1996 0
1996 NA
1996 NA
1996 NA
1996 NA
1996 NA
1996 NA
1996 NA
1996 NA
1996 NA
1996 NA
1996 NA
1996 NA
1996 NA
1996 NA
1996 NA
1996 NA
1996 NA
1996 NA
1996 NA
1996 NA
1996 NA
1996 NA
1996 NA
1996 NA
1996 NA
1996 NA
1996 NA
1996 NA
1996 NA
1996 NA
1996 NA
1996 NA
1996 NA
1996 NA
1996 NA
1996 NA
1996 NA
1996 NA
1996 NA
1996 NA
1996 NA
1996 NA
1996 NA
1996 NA
1996 NA
1996 NA
1996 NA
1996 NA
1996 NA
1996 NA
1996 NA
1996 NA
1996 NA
1996 NA
1996 NA
1996 NA
1996 NA
1996 NA
1996 NA
1996 NA
1996 NA
1996 NA
1996 NA
1996 NA
1996 NA
1996 NA
1996 NA
1996 NA
1996 NA
1996 NA
1996 NA
1996 NA
1996 NA
1996 NA
1996 NA
1996 NA
1996 NA
1996 NA
1996 NA
1996 NA
1996 NA
1996 NA
1996 NA
1996 NA
1996 NA
1996 NA
1996 NA
1996 NA
1996 NA
1996 NA
1996 NA
1996 NA
1997 NA
1997 NA
1997 NA
1997 NA
1997 NA
1997 NA
1997 NA
1997 NA
1997 NA
1997 NA
1997 NA
1997 NA
1997 NA
1997 NA
1997 NA
1997 NA
1997 NA
1997 NA
1997 NA
1997 NA
1997 NA
1997 NA
1997 NA
1997 NA
1997 NA
1997 NA
1997 NA
1997 NA
1997 NA
1997 NA
1997 0
1997 0
1997 0
1997 0
1997 0
1997 0
1997 0
1997 0
1997 0
1997 0
1997 0
1997 0
1997 0
1997 0
1997 0
1997 0
1997 0
1997 0
1997 0
1997 0
1997 0
1997 0
1997 0
1997 0
1997 0
1997 0
1997 0
1997 0
1997 0
1997 0
1997 0
1997 0
1997 0
1997 0
1997 0
1997 0
1997 0
1997 0
1997 0
1997 0
1997 0
1997 0
1997 0
1997 0
1997 0
1997 0
1997 0
1997 0
1997 0
1997 48
1997 70
1997 87
1997 100
1997 80
1997 90
1997 80
1997 100
1997 100
1997 120
1997 110
1997 145
1997 140
1997 130
1997 125
1997 120
1997 115
1997 110
1997 110
1997 107
1997 105
1997 105
1997 100
1997 100
1997 90
1997 90
1997 87
1997 87
1997 85
1997 82
1997 78
1997 75
1997 75
1997 73
1997 70
1997 65
1997 65
1997 65
1997 65
1997 65
1997 65
1997 65
1997 70
1997 90
1997 90
1997 85
1997 85
1997 85
1997 87
1997 80
1997 80
1997 80
1997 80
1997 80
1997 80
1997 80
1997 75
1997 75
1997 72
1997 70
1997 70
1997 68
1997 85
1997 75
1997 73
1997 67
1997 67
1997 67
1997 65
1997 65
1997 65
1997 63
1997 63
1997 63
1997 63
1997 60
1997 60
1997 58
1997 58
1997 68
1997 63
1997 63
1997 60
1997 60
1997 58
1997 56
1997 53
1997 58
1997 60
1997 62
1997 60
1997 60
1997 72
1997 70
1997 70
1997 66
1997 66
1997 66
1997 64
1997 60
1997 72
1997 64
1997 60
1997 55
1997 50
1997 47
1997 43
1997 38
1997 36
1997 34
1997 32
1997 27
1997 22
1997 17
1997 10
1997 5
1997 1
1997 0
1997 0
1997 0
1997 8
1997 20
1997 15
1997 6
1997 0
1997 1
1997 0
1997 0
1997 0
1997 0
1997 0
1997 0
1997 0
1997 0
1997 0
1997 0
1997 0
1997 0
1997 0
1997 0
1997 0
1997 0
1997 0
1997 0
1997 0
1997 0
1997 0
1997 0
1997 0
1997 0
1997 0
1997 0
1997 0
1997 0
1997 0
1997 0
1997 0
1997 0
1997 0
1997 0
1997 0
1997 0
1997 0
1997 0
1997 0
1997 0
1997 0
1997 0
1997 0
1997 18
1997 20
1997 3
1997 0
1997 0
1997 0
1997 0
1997 0
1997 0
1997 0
1997 0
1997 0
1997 0
1997 0
1997 0
1997 0
1997 0
1997 0
1997 0
1997 0
1997 0
1997 0
1997 0
1997 0
1997 0
1997 NA
1997 NA
1997 NA
1997 NA
1997 NA
1997 NA
1997 NA
1997 NA
1997 NA
1997 NA
1997 NA
1997 NA
1997 NA
1997 NA
1997 NA
1997 NA
1997 NA
1997 NA
1997 NA
1997 NA
1997 NA
1997 NA
1997 NA
1997 NA
1997 NA
1997 NA
1997 NA
1997 NA
1997 NA
1997 NA
1997 NA
1997 NA
1997 NA
1997 NA
1997 NA
1997 NA
1997 NA
1997 NA
1997 NA
1997 NA
1997 NA
1997 NA
1997 NA
1997 NA
1997 NA
1997 NA
1997 NA
1997 NA
1997 NA
1997 NA
1997 NA
1997 NA
1997 NA
1997 NA
1997 NA
1997 NA
1997 NA
1997 NA
1997 NA
1997 NA
1997 NA
1997 NA
1997 NA
1997 NA
1997 NA
1997 NA
1997 NA
1997 NA
1997 NA
1997 NA
1997 NA
1997 NA
1997 NA
1997 NA
1997 NA
1997 NA
1997 NA
1997 NA
1997 NA
1997 NA
1997 NA
1997 NA
1997 NA
1997 NA
1997 NA
1997 NA
1997 NA
1997 NA
1997 NA
1997 NA
1997 NA
1997 NA
1998 NA
1998 NA
1998 NA
1998 NA
1998 NA
1998 NA
1998 NA
1998 NA
1998 NA
1998 NA
1998 NA
1998 NA
1998 NA
1998 NA
1998 NA
1998 NA
1998 NA
1998 NA
1998 NA
1998 NA
1998 NA
1998 NA
1998 NA
1998 NA
1998 NA
1998 NA
1998 NA
1998 NA
1998 NA
1998 NA
1998 0
1998 0
1998 0
1998 0
1998 0
1998 0
1998 0
1998 0
1998 0
1998 0
1998 0
1998 0
1998 0
1998 0
1998 0
1998 0
1998 0
1998 0
1998 0
1998 0
1998 0
1998 0
1998 0
1998 0
1998 0
1998 0
1998 0
1998 0
1998 0
1998 0
1998 0
1998 0
1998 0
1998 0
1998 0
1998 0
1998 0
1998 0
1998 0
1998 1
1998 2
1998 7
1998 15
1998 18
1998 15
1998 11
1998 6
1998 2
1998 0
1998 0
1998 0
1998 0
1998 0
1998 0
1998 0
1998 0
1998 0
1998 0
1998 0
1998 0
1998 0
1998 7
1998 7
1998 44
1998 42
1998 35
1998 30
1998 28
1998 25
1998 20
1998 18
1998 15
1998 5
1998 15
1998 15
1998 19
1998 18
1998 17
1998 15
1998 10
1998 10
1998 40
1998 37
1998 30
1998 30
1998 25
1998 18
1998 29
1998 60
1998 50
1998 45
1998 40
1998 37
1998 33
1998 35
1998 28
1998 24
1998 30
1998 32
1998 28
1998 25
1998 24
1998 24
1998 24
1998 22
1998 25
1998 35
1998 37
1998 60
1998 55
1998 90
1998 120
1998 140
1998 130
1998 120
1998 110
1998 110
1998 105
1998 100
1998 95
1998 95
1998 95
1998 95
1998 93
1998 90
1998 87
1998 87
1998 85
1998 85
1998 85
1998 84
1998 80
1998 77
1998 75
1998 68
1998 66
1998 62
1998 62
1998 59
1998 53
1998 53
1998 50
1998 50
1998 48
1998 46
1998 60
1998 54
1998 54
1998 52
1998 45
1998 45
1998 47
1998 46
1998 44
1998 40
1998 35
1998 35
1998 30
1998 30
1998 56
1998 49
1998 49
1998 65
1998 65
1998 58
1998 53
1998 53
1998 47
1998 43
1998 40
1998 35
1998 27
1998 25
1998 21
1998 30
1998 25
1998 23
1998 21
1998 16
1998 9
1998 0
1998 0
1998 0
1998 0
1998 0
1998 0
1998 10
1998 1
1998 0
1998 7
1998 3
1998 0
1998 18
1998 37
1998 38
1998 34
1998 20
1998 32
1998 23
1998 60
1998 66
1998 52
1998 34
1998 20
1998 10
1998 0
1998 0
1998 0
1998 0
1998 26
1998 5
1998 0
1998 0
1998 0
1998 0
1998 0
1998 0
1998 0
1998 0
1998 0
1998 0
1998 0
1998 0
1998 0
1998 0
1998 0
1998 0
1998 0
1998 0
1998 0
1998 0
1998 0
1998 0
1998 0
1998 0
1998 0
1998 0
1998 0
1998 0
1998 0
1998 0
1998 0
1998 0
1998 0
1998 0
1998 0
1998 0
1998 0
1998 0
1998 0
1998 0
1998 0
1998 0
1998 0
1998 2
1998 0
1998 0
1998 0
1998 0
1998 0
1998 0
1998 0
1998 0
1998 0
1998 0
1998 0
1998 0
1998 0
1998 0
1998 0
1998 0
1998 0
1998 0
1998 NA
1998 NA
1998 NA
1998 NA
1998 NA
1998 NA
1998 NA
1998 NA
1998 NA
1998 NA
1998 NA
1998 NA
1998 NA
1998 NA
1998 NA
1998 NA
1998 NA
1998 NA
1998 NA
1998 NA
1998 NA
1998 NA
1998 NA
1998 NA
1998 NA
1998 NA
1998 NA
1998 NA
1998 NA
1998 NA
1998 NA
1998 NA
1998 NA
1998 NA
1998 NA
1998 NA
1998 NA
1998 NA
1998 NA
1998 NA
1998 NA
1998 NA
1998 NA
1998 NA
1998 NA
1998 NA
1998 NA
1998 NA
1998 NA
1998 NA
1998 NA
1998 NA
1998 NA
1998 NA
1998 NA
1998 NA
1998 NA
1998 NA
1998 NA
1998 NA
1998 NA
1998 NA
1999 0
1999 0
1999 0
1999 0
1999 0
1999 0
1999 0
1999 0
1999 0
1999 0
1999 0
1999 0
1999 0
1999 10
1999 2
1999 0
1999 0
1999 0
1999 0
1999 0
1999 0
1999 0
1999 0
1999 0
1999 0
1999 0
1999 0
1999 0
1999 0
1999 0
1999 0
1999 0
1999 0
1999 0
1999 0
1999 0
1999 0
1999 0
1999 0
1999 0
1999 0
1999 0
1999 0
1999 0
1999 0
1999 0
1999 0
1999 0
1999 0
1999 0
1999 0
1999 0
1999 0
1999 0
1999 0
1999 5
1999 5
1999 0
1999 0
1999 0
1999 5
1999 0
1999 0
1999 0
1999 0
1999 4
1999 0
1999 0
1999 0
1999 0
1999 0
1999 0
1999 0
1999 9
1999 6
1999 13
1999 25
1999 23
1999 21
1999 17
1999 17
1999 17
1999 17
1999 16
1999 16
1999 16
1999 25
1999 30
1999 33
1999 29
1999 33
1999 31
1999 30
1999 29
1999 28
1999 29
1999 38
1999 32
1999 30
1999 30
1999 36
1999 44
1999 49
1999 38
1999 30
1999 26
1999 25
1999 25
1999 22
1999 23
1999 23
1999 32
1999 32
1999 32
1999 30
1999 45
1999 40
1999 36
1999 34
1999 33
1999 32
1999 32
1999 32
1999 30
1999 46
1999 52
1999 43
1999 41
1999 40
1999 38
1999 43
1999 45
1999 45
1999 58
1999 75
1999 68
1999 68
1999 64
1999 60
1999 58
1999 56
1999 54
1999 53
1999 52
1999 51
1999 51
1999 50
1999 50
1999 80
1999 105
1999 120
1999 110
1999 110
1999 105
1999 100
1999 95
1999 91
1999 89
1999 112
1999 140
1999 160
1999 180
1999 200
1999 200
1999 195
1999 190
1999 190
1999 180
1999 170
1999 165
1999 190
1999 195
1999 190
1999 175
1999 170
1999 180
1999 185
1999 190
1999 178
1999 175
1999 168
1999 162
1999 155
1999 150
1999 157
1999 185
1999 195
1999 200
1999 190
1999 185
1999 177
1999 165
1999 155
1999 152
1999 145
1999 140
1999 133
1999 130
1999 128
1999 125
1999 125
1999 123
1999 147
1999 160
1999 147
1999 134
1999 130
1999 130
1999 138
1999 130
1999 122
1999 116
1999 110
1999 105
1999 98
1999 90
1999 85
1999 78
1999 75
1999 80
1999 75
1999 67
1999 60
1999 60
1999 80
1999 100
1999 105
1999 125
1999 120
1999 93
1999 110
1999 95
1999 80
1999 72
1999 67
1999 60
1999 58
1999 58
1999 58
1999 56
1999 45
1999 40
1999 0
1999 0
1999 0
1999 0
1999 0
1999 0
1999 0
1999 0
1999 0
1999 0
1999 0
1999 0
1999 0
1999 0
1999 0
1999 0
1999 0
1999 0
1999 0
1999 0
1999 0
1999 0
1999 0
1999 0
1999 0
1999 0
1999 0
1999 0
1999 0
1999 0
1999 0
1999 NA
1999 NA
1999 NA
1999 NA
1999 NA
1999 NA
1999 NA
1999 NA
1999 NA
1999 NA
1999 NA
1999 NA
1999 NA
1999 NA
1999 NA
1999 NA
1999 NA
1999 NA
1999 NA
1999 NA
1999 NA
1999 NA
1999 NA
1999 NA
1999 NA
1999 NA
1999 NA
1999 NA
1999 NA
1999 NA
1999 NA
1999 NA
1999 NA
1999 NA
1999 NA
1999 NA
1999 NA
1999 NA
1999 NA
1999 NA
1999 NA
1999 NA
1999 NA
1999 NA
1999 NA
1999 NA
1999 NA
1999 NA
1999 NA
1999 NA
1999 NA
1999 NA
1999 NA
1999 NA
1999 NA
1999 NA
1999 NA
1999 NA
1999 NA
1999 NA
1999 NA
1999 NA
1999 NA
1999 NA
1999 NA
1999 NA
1999 NA
1999 NA
1999 NA
1999 NA
1999 NA
1999 NA
1999 NA
1999 NA
1999 NA
1999 NA
1999 NA
1999 NA
1999 NA
1999 NA
1999 NA
1999 NA
1999 NA
1999 NA
1999 NA
1999 NA
1999 NA
1999 NA
1999 NA
1999 NA
1999 NA
1999 NA
2000 NA
2000 NA
2000 NA
2000 NA
2000 NA
2000 NA
2000 NA
2000 NA
2000 NA
2000 NA
2000 NA
2000 NA
2000 NA
2000 NA
2000 NA
2000 NA
2000 NA
2000 NA
2000 NA
2000 NA
2000 NA
2000 NA
2000 NA
2000 NA
2000 NA
2000 NA
2000 NA
2000 NA
2000 NA
2000 NA
2000 0
2000 0
2000 0
2000 0
2000 3
2000 0
2000 0
2000 0
2000 0
2000 0
2000 0
2000 0
2000 0
2000 0
2000 0
2000 0
2000 0
2000 0
2000 0
2000 0
2000 0
2000 0
2000 0
2000 0
2000 0
2000 0
2000 0
2000 0
2000 0
2000 0
2000 0
2000 0
2000 0
2000 0
2000 0
2000 0
2000 0
2000 10
2000 5
2000 2
2000 1
2000 0
2000 10
2000 0
2000 0
2000 3
2000 0
2000 9
2000 24
2000 43
2000 60
2000 48
2000 38
2000 35
2000 30
2000 30
2000 28
2000 25
2000 23
2000 21
2000 20
2000 20
2000 18
2000 17
2000 14
2000 25
2000 27
2000 25
2000 21
2000 19
2000 40
2000 47
2000 47
2000 44
2000 60
2000 83
2000 78
2000 71
2000 69
2000 55
2000 53
2000 53
2000 53
2000 50
2000 50
2000 48
2000 50
2000 45
2000 80
2000 97
2000 105
2000 95
2000 90
2000 85
2000 83
2000 80
2000 70
2000 70
2000 66
2000 66
2000 64
2000 64
2000 62
2000 62
2000 60
2000 60
2000 60
2000 58
2000 58
2000 58
2000 58
2000 55
2000 55
2000 55
2000 82
2000 104
2000 100
2000 97
2000 95
2000 90
2000 87
2000 90
2000 87
2000 82
2000 80
2000 75
2000 75
2000 70
2000 69
2000 69
2000 67
2000 64
2000 64
2000 68
2000 68
2000 67
2000 73
2000 70
2000 80
2000 100
2000 110
2000 110
2000 120
2000 115
2000 115
2000 110
2000 107
2000 100
2000 95
2000 90
2000 83
2000 77
2000 105
2000 138
2000 132
2000 135
2000 125
2000 123
2000 120
2000 118
2000 110
2000 100
2000 95
2000 85
2000 80
2000 78
2000 75
2000 75
2000 74
2000 72
2000 70
2000 68
2000 64
2000 59
2000 56
2000 53
2000 50
2000 60
2000 70
2000 64
2000 55
2000 67
2000 63
2000 74
2000 64
2000 54
2000 48
2000 45
2000 48
2000 46
2000 44
2000 42
2000 36
2000 30
2000 31
2000 46
2000 35
2000 33
2000 25
2000 22
2000 22
2000 19
2000 17
2000 10
2000 0
2000 0
2000 6
2000 0
2000 0
2000 0
2000 0
2000 0
2000 0
2000 0
2000 0
2000 0
2000 0
2000 0
2000 0
2000 0
2000 0
2000 0
2000 0
2000 0
2000 0
2000 0
2000 0
2000 0
2000 0
2000 0
2000 0
2000 0
2000 0
2000 0
2000 0
2000 0
2000 0
2000 0
2000 0
2000 0
2000 0
2000 0
2000 0
2000 0
2000 NA
2000 NA
2000 NA
2000 NA
2000 NA
2000 NA
2000 NA
2000 NA
2000 NA
2000 NA
2000 NA
2000 NA
2000 NA
2000 NA
2000 NA
2000 NA
2000 NA
2000 NA
2000 NA
2000 NA
2000 NA
2000 NA
2000 NA
2000 NA
2000 NA
2000 NA
2000 NA
2000 NA
2000 NA
2000 NA
2000 NA
2000 NA
2000 NA
2000 NA
2000 NA
2000 NA
2000 NA
2000 NA
2000 NA
2000 NA
2000 NA
2000 NA
2000 NA
2000 NA
2000 NA
2000 NA
2000 NA
2000 NA
2000 NA
2000 NA
2000 NA
2000 NA
2000 NA
2000 NA
2000 NA
2000 NA
2000 NA
2000 NA
2000 NA
2000 NA
2000 NA
2000 NA
2000 NA
2000 NA
2000 NA
2000 NA
2000 NA
2000 NA
2000 NA
2000 NA
2000 NA
2000 NA
2000 NA
2000 NA
2000 NA
2000 NA
2000 NA
2000 NA
2000 NA
2000 NA
2000 NA
2000 NA
2000 NA
2000 NA
2000 NA
2000 NA
2000 NA
2000 NA
2000 NA
2000 NA
2000 NA
2000 NA
2001 NA
2001 NA
2001 NA
2001 NA
2001 NA
2001 NA
2001 NA
2001 NA
2001 NA
2001 NA
2001 NA
2001 NA
2001 NA
2001 NA
2001 NA
2001 NA
2001 NA
2001 NA
2001 NA
2001 NA
2001 NA
2001 NA
2001 NA
2001 NA
2001 NA
2001 NA
2001 NA
2001 NA
2001 NA
2001 NA
2001 0
2001 0
2001 0
2001 0
2001 0
2001 0
2001 0
2001 0
2001 0
2001 0
2001 0
2001 0
2001 0
2001 0
2001 0
2001 0
2001 0
2001 0
2001 0
2001 0
2001 0
2001 0
2001 0
2001 0
2001 0
2001 0
2001 0
2001 0
2001 0
2001 0
2001 0
2001 1
2001 0
2001 0
2001 4
2001 6
2001 0
2001 4
2001 33
2001 28
2001 32
2001 24
2001 23
2001 14
2001 11
2001 24
2001 20
2001 24
2001 34
2001 28
2001 25
2001 30
2001 29
2001 21
2001 25
2001 23
2001 33
2001 50
2001 40
2001 30
2001 28
2001 27
2001 23
2001 20
2001 18
2001 18
2001 17
2001 16
2001 10
2001 5
2001 5
2001 5
2001 0
2001 0
2001 0
2001 1
2001 11
2001 13
2001 10
2001 8
2001 6
2001 5
2001 3
2001 0
2001 0
2001 0
2001 7
2001 17
2001 22
2001 24
2001 25
2001 26
2001 25
2001 20
2001 30
2001 30
2001 45
2001 24
2001 42
2001 40
2001 48
2001 48
2001 44
2001 36
2001 32
2001 31
2001 31
2001 31
2001 31
2001 33
2001 38
2001 47
2001 48
2001 45
2001 45
2001 39
2001 40
2001 52
2001 52
2001 50
2001 48
2001 48
2001 48
2001 48
2001 47
2001 47
2001 60
2001 58
2001 57
2001 50
2001 49
2001 62
2001 56
2001 56
2001 52
2001 49
2001 48
2001 46
2001 45
2001 43
2001 43
2001 43
2001 41
2001 41
2001 41
2001 41
2001 44
2001 44
2001 44
2001 44
2001 42
2001 58
2001 85
2001 70
2001 50
2001 45
2001 41
2001 39
2001 36
2001 40
2001 35
2001 34
2001 29
2001 40
2001 40
2001 39
2001 37
2001 32
2001 30
2001 30
2001 28
2001 27
2001 20
2001 10
2001 0
2001 0
2001 1
2001 0
2001 0
2001 0
2001 20
2001 15
2001 10
2001 0
2001 0
2001 0
2001 5
2001 2
2001 0
2001 25
2001 25
2001 20
2001 20
2001 15
2001 11
2001 8
2001 4
2001 40
2001 35
2001 23
2001 18
2001 23
2001 23
2001 30
2001 19
2001 30
2001 18
2001 15
2001 7
2001 0
2001 0
2001 0
2001 0
2001 0
2001 0
2001 0
2001 0
2001 0
2001 0
2001 0
2001 0
2001 0
2001 0
2001 0
2001 0
2001 0
2001 0
2001 0
2001 0
2001 0
2001 0
2001 0
2001 0
2001 0
2001 0
2001 0
2001 0
2001 0
2001 0
2001 0
2001 0
2001 0
2001 0
2001 NA
2001 NA
2001 NA
2001 NA
2001 NA
2001 NA
2001 NA
2001 NA
2001 NA
2001 NA
2001 NA
2001 NA
2001 NA
2001 NA
2001 NA
2001 NA
2001 NA
2001 NA
2001 NA
2001 NA
2001 NA
2001 NA
2001 NA
2001 NA
2001 NA
2001 NA
2001 NA
2001 NA
2001 NA
2001 NA
2001 NA
2001 NA
2001 NA
2001 NA
2001 NA
2001 NA
2001 NA
2001 NA
2001 NA
2001 NA
2001 NA
2001 NA
2001 NA
2001 NA
2001 NA
2001 NA
2001 NA
2001 NA
2001 NA
2001 NA
2001 NA
2001 NA
2001 NA
2001 NA
2001 NA
2001 NA
2001 NA
2001 NA
2001 NA
2001 NA
2001 NA
2001 NA
2001 NA
2001 NA
2001 NA
2001 NA
2001 NA
2001 NA
2001 NA
2001 NA
2001 NA
2001 NA
2001 NA
2001 NA
2001 NA
2001 NA
2001 NA
2001 NA
2001 NA
2001 NA
2001 NA
2001 NA
2001 NA
2001 NA
2001 NA
2001 NA
2001 NA
2001 NA
2001 NA
2001 NA
2001 NA
2001 NA
2002 0
2002 0
2002 0
2002 0
2002 0
2002 0
2002 0
2002 0
2002 0
2002 0
2002 0
2002 0
2002 0
2002 0
2002 0
2002 0
2002 0
2002 0
2002 0
2002 0
2002 0
2002 0
2002 0
2002 0
2002 0
2002 0
2002 0
2002 0
2002 0
2002 0
2002 0
2002 0
2002 0
2002 0
2002 0
2002 0
2002 0
2002 0
2002 0
2002 0
2002 0
2002 0
2002 0
2002 0
2002 0
2002 0
2002 0
2002 0
2002 0
2002 0
2002 0
2002 0
2002 0
2002 0
2002 0
2002 0
2002 0
2002 0
2002 0
2002 0
2002 0
2002 0
2002 0
2002 0
2002 0
2002 0
2002 0
2002 0
2002 0
2002 13
2002 5
2002 4
2002 4
2002 4
2002 2
2002 2
2002 0
2002 0
2002 0
2002 0
2002 0
2002 0
2002 0
2002 10
2002 10
2002 8
2002 5
2002 3
2002 9
2002 11
2002 13
2002 7
2002 0
2002 0
2002 0
2002 0
2002 0
2002 0
2002 0
2002 0
2002 0
2002 0
2002 0
2002 0
2002 0
2002 0
2002 0
2002 0
2002 0
2002 0
2002 0
2002 0
2002 4
2002 13
2002 12
2002 10
2002 28
2002 45
2002 44
2002 55
2002 68
2002 66
2002 60
2002 55
2002 53
2002 51
2002 48
2002 48
2002 47
2002 47
2002 45
2002 45
2002 45
2002 45
2002 45
2002 44
2002 44
2002 48
2002 47
2002 46
2002 45
2002 46
2002 46
2002 44
2002 44
2002 54
2002 57
2002 55
2002 52
2002 49
2002 46
2002 45
2002 43
2002 43
2002 42
2002 42
2002 42
2002 39
2002 51
2002 58
2002 58
2002 56
2002 53
2002 50
2002 48
2002 47
2002 44
2002 42
2002 40
2002 40
2002 40
2002 42
2002 43
2002 80
2002 85
2002 78
2002 90
2002 100
2002 90
2002 78
2002 70
2002 70
2002 82
2002 95
2002 85
2002 80
2002 78
2002 75
2002 70
2002 65
2002 63
2002 63
2002 60
2002 58
2002 50
2002 50
2002 48
2002 46
2002 45
2002 42
2002 35
2002 33
2002 26
2002 23
2002 19
2002 17
2002 15
2002 12
2002 7
2002 0
2002 0
2002 0
2002 0
2002 0
2002 0
2002 0
2002 0
2002 0
2002 0
2002 0
2002 0
2002 0
2002 0
2002 0
2002 0
2002 1
2002 2
2002 0
2002 0
2002 0
2002 0
2002 0
2002 0
2002 0
2002 0
2002 0
2002 0
2002 0
2002 0
2002 0
2002 0
2002 0
2002 0
2002 0
2002 3
2002 14
2002 22
2002 12
2002 0
2002 0
2002 0
2002 0
2002 0
2002 0
2002 0
2002 0
2002 0
2002 0
2002 0
2002 0
2002 0
2002 0
2002 0
2002 0
2002 0
2002 0
2002 0
2002 0
2002 0
2002 0
2002 0
2002 0
2002 0
2002 NA
2002 NA
2002 NA
2002 NA
2002 NA
2002 NA
2002 NA
2002 NA
2002 NA
2002 NA
2002 NA
2002 NA
2002 NA
2002 NA
2002 NA
2002 NA
2002 NA
2002 NA
2002 NA
2002 NA
2002 NA
2002 NA
2002 NA
2002 NA
2002 NA
2002 NA
2002 NA
2002 NA
2002 NA
2002 NA
2002 NA
2002 NA
2002 NA
2002 NA
2002 NA
2002 NA
2002 NA
2002 NA
2002 NA
2002 NA
2002 NA
2002 NA
2002 NA
2002 NA
2002 NA
2002 NA
2002 NA
2002 NA
2002 NA
2002 NA
2002 NA
2002 NA
2002 NA
2002 NA
2002 NA
2002 NA
2002 NA
2002 NA
2002 NA
2002 NA
2002 NA
2002 NA
2002 NA
2002 NA
2002 NA
2002 NA
2002 NA
2002 NA
2002 NA
2002 NA
2002 NA
2002 NA
2002 NA
2002 NA
2002 NA
2002 NA
2002 NA
2002 NA
2002 NA
2002 NA
2002 NA
2002 NA
2002 NA
2002 NA
2002 NA
2002 NA
2002 NA
2002 NA
2002 NA
2002 NA
2002 NA
2002 NA
2003 NA
2003 NA
2003 NA
2003 NA
2003 NA
2003 NA
2003 NA
2003 NA
2003 NA
2003 NA
2003 NA
2003 NA
2003 NA
2003 NA
2003 NA
2003 NA
2003 NA
2003 NA
2003 NA
2003 NA
2003 NA
2003 NA
2003 NA
2003 NA
2003 NA
2003 NA
2003 NA
2003 NA
2003 NA
2003 NA
2003 0
2003 0
2003 0
2003 0
2003 0
2003 0
2003 0
2003 0
2003 0
2003 0
2003 0
2003 0
2003 0
2003 0
2003 0
2003 0
2003 0
2003 5
2003 10
2003 5
2003 0
2003 0
2003 0
2003 0
2003 0
2003 0
2003 0
2003 0
2003 0
2003 0
2003 0
2003 0
2003 0
2003 0
2003 4
2003 10
2003 7
2003 11
2003 30
2003 32
2003 15
2003 5
2003 0
2003 0
2003 0
2003 0
2003 0
2003 2
2003 0
2003 0
2003 0
2003 0
2003 15
2003 14
2003 4
2003 0
2003 0
2003 0
2003 0
2003 1
2003 8
2003 3
2003 10
2003 23
2003 20
2003 18
2003 18
2003 16
2003 15
2003 14
2003 18
2003 15
2003 14
2003 14
2003 13
2003 20
2003 23
2003 18
2003 16
2003 16
2003 15
2003 15
2003 13
2003 7
2003 5
2003 0
2003 0
2003 0
2003 0
2003 10
2003 7
2003 7
2003 10
2003 5
2003 0
2003 16
2003 55
2003 55
2003 55
2003 55
2003 55
2003 53
2003 53
2003 50
2003 48
2003 47
2003 44
2003 40
2003 39
2003 38
2003 36
2003 39
2003 41
2003 63
2003 80
2003 92
2003 86
2003 80
2003 78
2003 73
2003 85
2003 100
2003 110
2003 100
2003 90
2003 95
2003 145
2003 180
2003 185
2003 170
2003 150
2003 138
2003 125
2003 120
2003 118
2003 118
2003 118
2003 117
2003 117
2003 117
2003 117
2003 116
2003 116
2003 114
2003 110
2003 108
2003 105
2003 100
2003 95
2003 95
2003 93
2003 90
2003 87
2003 90
2003 87
2003 87
2003 84
2003 87
2003 85
2003 84
2003 82
2003 77
2003 71
2003 70
2003 68
2003 68
2003 65
2003 62
2003 59
2003 56
2003 53
2003 48
2003 45
2003 36
2003 34
2003 29
2003 27
2003 23
2003 14
2003 10
2003 5
2003 0
2003 0
2003 3
2003 10
2003 7
2003 0
2003 0
2003 0
2003 0
2003 1
2003 17
2003 26
2003 14
2003 9
2003 0
2003 0
2003 0
2003 0
2003 0
2003 0
2003 0
2003 0
2003 0
2003 0
2003 0
2003 0
2003 0
2003 0
2003 0
2003 0
2003 0
2003 0
2003 0
2003 0
2003 0
2003 0
2003 0
2003 0
2003 0
2003 0
2003 0
2003 0
2003 0
2003 0
2003 0
2003 0
2003 0
2003 0
2003 0
2003 0
2003 0
2003 0
2003 0
2003 0
2003 0
2003 0
2003 0
2003 0
2003 0
2003 0
2003 0
2003 0
2003 NA
2003 NA
2003 NA
2003 NA
2003 NA
2003 NA
2003 NA
2003 NA
2003 NA
2003 NA
2003 NA
2003 NA
2003 NA
2003 NA
2003 NA
2003 NA
2003 NA
2003 NA
2003 NA
2003 NA
2003 NA
2003 NA
2003 NA
2003 NA
2003 NA
2003 NA
2003 NA
2003 NA
2003 NA
2003 NA
2003 NA
2003 NA
2003 NA
2003 NA
2003 NA
2003 NA
2003 NA
2003 NA
2003 NA
2003 NA
2003 NA
2003 NA
2003 NA
2003 NA
2003 NA
2003 NA
2003 NA
2003 NA
2003 NA
2003 NA
2003 NA
2003 NA
2003 NA
2003 NA
2003 NA
2003 NA
2003 NA
2003 NA
2003 NA
2003 NA
2003 NA
2003 NA
2003 NA
2003 NA
2003 NA
2003 NA
2003 NA
2003 NA
2003 NA
2003 NA
2003 NA
2003 NA
2003 NA
2003 NA
2003 NA
2003 NA
2003 NA
2003 NA
2003 NA
2003 NA
2003 NA
2003 NA
2003 NA
2003 NA
2003 NA
2003 NA
2003 NA
2003 NA
2003 NA
2003 NA
2003 NA
2003 NA
2004 NA
2004 NA
2004 NA
2004 NA
2004 NA
2004 NA
2004 NA
2004 NA
2004 NA
2004 NA
2004 NA
2004 NA
2004 NA
2004 NA
2004 NA
2004 NA
2004 NA
2004 NA
2004 NA
2004 NA
2004 NA
2004 NA
2004 NA
2004 NA
2004 NA
2004 NA
2004 NA
2004 NA
2004 NA
2004 NA
2004 0
2004 0
2004 0
2004 0
2004 8
2004 31
2004 18
2004 12
2004 7
2004 0
2004 0
2004 0
2004 0
2004 0
2004 0
2004 0
2004 0
2004 0
2004 0
2004 0
2004 0
2004 0
2004 0
2004 13
2004 11
2004 8
2004 5
2004 2
2004 0
2004 22
2004 27
2004 30
2004 18
2004 17
2004 14
2004 9
2004 5
2004 3
2004 2
2004 2
2004 0
2004 0
2004 0
2004 0
2004 0
2004 0
2004 0
2004 0
2004 0
2004 0
2004 0
2004 0
2004 0
2004 0
2004 0
2004 0
2004 0
2004 0
2004 60
2004 55
2004 47
2004 32
2004 22
2004 16
2004 12
2004 11
2004 10
2004 10
2004 10
2004 9
2004 9
2004 8
2004 8
2004 8
2004 6
2004 8
2004 25
2004 22
2004 18
2004 18
2004 16
2004 17
2004 35
2004 65
2004 50
2004 47
2004 44
2004 40
2004 40
2004 55
2004 50
2004 50
2004 50
2004 56
2004 52
2004 50
2004 48
2004 48
2004 45
2004 43
2004 48
2004 50
2004 45
2004 40
2004 35
2004 30
2004 45
2004 42
2004 60
2004 80
2004 80
2004 85
2004 90
2004 88
2004 83
2004 78
2004 85
2004 85
2004 105
2004 120
2004 130
2004 135
2004 115
2004 110
2004 103
2004 95
2004 90
2004 85
2004 80
2004 78
2004 77
2004 77
2004 76
2004 74
2004 73
2004 73
2004 72
2004 72
2004 70
2004 68
2004 65
2004 66
2004 66
2004 64
2004 59
2004 60
2004 63
2004 63
2004 61
2004 65
2004 62
2004 63
2004 66
2004 64
2004 63
2004 61
2004 61
2004 65
2004 65
2004 65
2004 64
2004 64
2004 65
2004 64
2004 60
2004 60
2004 58
2004 52
2004 50
2004 43
2004 39
2004 30
2004 25
2004 33
2004 35
2004 50
2004 44
2004 45
2004 45
2004 32
2004 28
2004 25
2004 22
2004 20
2004 16
2004 10
2004 5
2004 0
2004 1
2004 22
2004 13
2004 7
2004 6
2004 6
2004 2
2004 0
2004 0
2004 1
2004 0
2004 0
2004 0
2004 15
2004 0
2004 0
2004 0
2004 0
2004 0
2004 0
2004 0
2004 0
2004 0
2004 0
2004 0
2004 0
2004 0
2004 0
2004 0
2004 1
2004 11
2004 25
2004 19
2004 36
2004 24
2004 13
2004 0
2004 0
2004 0
2004 0
2004 0
2004 0
2004 0
2004 0
2004 0
2004 0
2004 0
2004 0
2004 0
2004 0
2004 0
2004 0
2004 0
2004 0
2004 0
2004 0
2004 NA
2004 NA
2004 NA
2004 NA
2004 NA
2004 NA
2004 NA
2004 NA
2004 NA
2004 NA
2004 NA
2004 NA
2004 NA
2004 NA
2004 NA
2004 NA
2004 NA
2004 NA
2004 NA
2004 NA
2004 NA
2004 NA
2004 NA
2004 NA
2004 NA
2004 NA
2004 NA
2004 NA
2004 NA
2004 NA
2004 NA
2004 NA
2004 NA
2004 NA
2004 NA
2004 NA
2004 NA
2004 NA
2004 NA
2004 NA
2004 NA
2004 NA
2004 NA
2004 NA
2004 NA
2004 NA
2004 NA
2004 NA
2004 NA
2004 NA
2004 NA
2004 NA
2004 NA
2004 NA
2004 NA
2004 NA
2004 NA
2004 NA
2004 NA
2004 NA
2004 NA
2004 NA
2004 NA
2004 NA
2004 NA
2004 NA
2004 NA
2004 NA
2004 NA
2004 NA
2004 NA
2004 NA
2004 NA
2004 NA
2004 NA
2004 NA
2004 NA
2004 NA
2004 NA
2004 NA
2004 NA
2004 NA
2004 NA
2004 NA
2004 NA
2004 NA
2004 NA
2004 NA
2004 NA
2004 NA
2004 NA
2004 NA
2005 0
2005 0
2005 0
2005 0
2005 0
2005 0
2005 0
2005 0
2005 0
2005 0
2005 0
2005 0
2005 0
2005 0
2005 0
2005 0
2005 0
2005 0
2005 0
2005 0
2005 0
2005 0
2005 0
2005 0
2005 0
2005 0
2005 0
2005 0
2005 0
2005 0
2005 0
2005 0
2005 0
2005 0
2005 0
2005 0
2005 0
2005 0
2005 0
2005 0
2005 0
2005 0
2005 0
2005 0
2005 0
2005 5
2005 8
2005 11
2005 0
2005 0
2005 0
2005 0
2005 0
2005 0
2005 0
2005 0
2005 0
2005 0
2005 0
2005 0
2005 0
2005 0
2005 0
2005 0
2005 0
2005 0
2005 0
2005 0
2005 0
2005 0
2005 0
2005 1
2005 0
2005 0
2005 0
2005 0
2005 0
2005 0
2005 0
2005 6
2005 6
2005 6
2005 6
2005 4
2005 3
2005 0
2005 0
2005 0
2005 0
2005 0
2005 4
2005 6
2005 5
2005 3
2005 0
2005 0
2005 0
2005 0
2005 0
2005 0
2005 0
2005 0
2005 0
2005 0
2005 0
2005 0
2005 0
2005 13
2005 34
2005 34
2005 35
2005 33
2005 33
2005 33
2005 32
2005 31
2005 59
2005 60
2005 56
2005 70
2005 65
2005 60
2005 57
2005 53
2005 53
2005 53
2005 52
2005 49
2005 47
2005 44
2005 44
2005 44
2005 43
2005 43
2005 42
2005 42
2005 40
2005 40
2005 40
2005 39
2005 67
2005 68
2005 64
2005 83
2005 95
2005 110
2005 115
2005 115
2005 108
2005 106
2005 101
2005 100
2005 100
2005 101
2005 103
2005 101
2005 101
2005 99
2005 99
2005 99
2005 97
2005 96
2005 96
2005 94
2005 98
2005 98
2005 130
2005 150
2005 145
2005 135
2005 130
2005 130
2005 145
2005 140
2005 135
2005 133
2005 130
2005 125
2005 120
2005 119
2005 119
2005 119
2005 117
2005 115
2005 132
2005 132
2005 152
2005 150
2005 147
2005 142
2005 138
2005 131
2005 128
2005 123
2005 123
2005 121
2005 106
2005 102
2005 92
2005 85
2005 85
2005 82
2005 76
2005 68
2005 66
2005 64
2005 56
2005 50
2005 42
2005 36
2005 25
2005 15
2005 0
2005 0
2005 0
2005 0
2005 0
2005 0
2005 0
2005 0
2005 17
2005 25
2005 12
2005 5
2005 0
2005 0
2005 0
2005 0
2005 16
2005 38
2005 18
2005 27
2005 20
2005 13
2005 10
2005 2
2005 0
2005 0
2005 0
2005 0
2005 0
2005 0
2005 0
2005 0
2005 0
2005 0
2005 0
2005 0
2005 0
2005 0
2005 0
2005 0
2005 0
2005 0
2005 0
2005 0
2005 0
2005 0
2005 0
2005 0
2005 0
2005 0
2005 0
2005 0
2005 0
2005 0
2005 0
2005 0
2005 0
2005 0
2005 0
2005 0
2005 0
2005 0
2005 0
2005 0
2005 0
2005 0
2005 0
2005 0
2005 0
2005 0
2005 0
2005 0
2005 0
2005 0
2005 0
2005 0
2005 0
2005 0
2005 0
2005 0
2005 0
2005 0
2005 0
2005 0
2005 0
2005 0
2005 0
2005 0
2005 0
2005 0
2005 0
2005 0
2005 0
2005 0
2005 0
2005 0
2005 0
2005 0
2005 0
2005 0
2005 0
2005 0
2005 0
2005 0
2005 0
2005 0
2005 0
2005 0
2005 0
2005 0
2005 0
2005 0
2005 0
2005 0
2005 0
2005 0
2005 0
2005 0
2005 0
2005 0
2005 0
2005 0
2005 0
2005 0
2005 0
2005 0
2005 0
2005 0
2005 0
2005 0
2005 0
2005 0
2005 0
2005 0
2005 0
2005 0
2005 0
2005 0
2005 0
2005 0
2005 0
2005 0
2005 0
2005 0
2005 0
2005 0
2005 0
2005 0
2005 0
2005 0
2005 0
2005 0
2005 0
2006 0
2006 0
2006 0
2006 0
2006 0
2006 0
2006 0
2006 0
2006 0
2006 0
2006 0
2006 0
2006 0
2006 0
2006 0
2006 0
2006 0
2006 0
2006 0
2006 0
2006 0
2006 0
2006 0
2006 0
2006 0
2006 0
2006 0
2006 0
2006 0
2006 0
2006 0
2006 0
2006 0
2006 0
2006 0
2006 0
2006 0
2006 0
2006 0
2006 0
2006 0
2006 0
2006 0
2006 0
2006 0
2006 0
2006 0
2006 0
2006 0
2006 0
2006 0
2006 0
2006 0
2006 0
2006 0
2006 0
2006 0
2006 0
2006 0
2006 0
2006 0
2006 0
2006 0
2006 0
2006 0
2006 0
2006 0
2006 0
2006 0
2006 0
2006 0
2006 0
2006 0
2006 0
2006 0
2006 0
2006 0
2006 0
2006 0
2006 0
2006 0
2006 0
2006 0
2006 0
2006 0
2006 17
2006 21
2006 16
2006 22
2006 35
2006 44
2006 36
2006 34
2006 67
2006 76
2006 77
2006 81
2006 90
2006 90
2006 95
2006 89
2006 85
2006 82
2006 78
2006 75
2006 71
2006 66
2006 86
2006 96
2006 93
2006 92
2006 87
2006 82
2006 79
2006 78
2006 76
2006 76
2006 78
2006 80
2006 83
2006 81
2006 94
2006 112
2006 110
2006 106
2006 105
2006 105
2006 104
2006 102
2006 100
2006 100
2006 99
2006 99
2006 97
2006 96
2006 96
2006 96
2006 95
2006 110
2006 147
2006 139
2006 139
2006 138
2006 130
2006 129
2006 128
2006 128
2006 134
2006 133
2006 132
2006 127
2006 125
2006 118
2006 115
2006 111
2006 109
2006 107
2006 107
2006 107
2006 107
2006 106
2006 111
2006 114
2006 114
2006 114
2006 113
2006 113
2006 109
2006 126
2006 141
2006 164
2006 168
2006 178
2006 164
2006 158
2006 158
2006 157
2006 157
2006 156
2006 150
2006 150
2006 162
2006 165
2006 178
2006 190
2006 214
2006 205
2006 210
2006 200
2006 200
2006 202
2006 230
2006 240
2006 220
2006 220
2006 215
2006 210
2006 205
2006 204
2006 197
2006 190
2006 186
2006 185
2006 180
2006 172
2006 170
2006 167
2006 155
2006 153
2006 172
2006 165
2006 157
2006 150
2006 145
2006 140
2006 130
2006 125
2006 116
2006 110
2006 105
2006 100
2006 89
2006 111
2006 102
2006 101
2006 96
2006 87
2006 80
2006 72
2006 70
2006 68
2006 60
2006 56
2006 51
2006 42
2006 35
2006 20
2006 12
2006 5
2006 0
2006 0
2006 0
2006 0
2006 0
2006 0
2006 0
2006 0
2006 0
2006 0
2006 0
2006 10
2006 0
2006 0
2006 0
2006 0
2006 0
2006 0
2006 0
2006 0
2006 0
2006 0
2006 0
2006 0
2006 0
2006 0
2006 0
2006 0
2006 0
2006 0
2006 0
2006 0
2006 2
2006 8
2006 0
2006 1
2006 0
2006 0
2006 0
2006 0
2006 0
2006 0
2006 0
2006 0
2006 0
2006 0
2006 0
2006 0
2006 0
2006 0
2006 0
2006 0
2006 0
2006 0
2006 0
2006 0
2006 0
2006 0
2006 0
2006 0
2006 0
2006 0
2006 0
2006 0
2006 0
2006 0
2006 0
2006 0
2006 0
2006 0
2006 0
2006 0
2006 0
2006 0
2006 0
2006 0
2006 0
2006 0
2006 0
2006 0
2006 0
2006 0
2006 0
2006 0
2006 0
2006 0
2006 0
2006 0
2006 0
2006 0
2006 0
2006 0
2006 0
2006 0
2006 0
2006 0
2006 0
2006 0
2006 0
2006 0
2006 0
2006 0
2006 0
2006 0
2006 0
2006 0
2006 0
2006 0
2006 0
2006 0
2006 0
2006 0
2006 0
2006 0
2006 0
2006 0
2006 0
2006 0
2006 0
2006 0
2006 0
2006 0
2006 0
2006 0
2006 0
2006 0
2007 0
2007 0
2007 0
2007 0
2007 0
2007 0
2007 0
2007 0
2007 0
2007 0
2007 0
2007 0
2007 0
2007 0
2007 0
2007 0
2007 0
2007 0
2007 0
2007 0
2007 0
2007 0
2007 0
2007 0
2007 0
2007 0
2007 0
2007 0
2007 0
2007 0
2007 0
2007 0
2007 0
2007 0
2007 0
2007 0
2007 0
2007 0
2007 0
2007 0
2007 0
2007 0
2007 0
2007 0
2007 0
2007 0
2007 0
2007 0
2007 0
2007 0
2007 0
2007 0
2007 0
2007 0
2007 0
2007 0
2007 0
2007 0
2007 0
2007 0
2007 0
2007 0
2007 0
2007 0
2007 0
2007 0
2007 0
2007 0
2007 0
2007 0
2007 0
2007 0
2007 0
2007 0
2007 0
2007 0
2007 0
2007 0
2007 0
2007 0
2007 3
2007 0
2007 7
2007 3
2007 0
2007 0
2007 0
2007 0
2007 0
2007 0
2007 0
2007 0
2007 0
2007 0
2007 0
2007 0
2007 0
2007 1
2007 0
2007 28
2007 29
2007 23
2007 19
2007 15
2007 13
2007 12
2007 11
2007 8
2007 3
2007 2
2007 0
2007 0
2007 0
2007 0
2007 0
2007 0
2007 0
2007 0
2007 0
2007 0
2007 0
2007 0
2007 0
2007 18
2007 35
2007 29
2007 30
2007 30
2007 27
2007 19
2007 17
2007 15
2007 10
2007 8
2007 4
2007 3
2007 0
2007 0
2007 0
2007 0
2007 0
2007 0
2007 0
2007 0
2007 0
2007 32
2007 28
2007 24
2007 19
2007 18
2007 16
2007 14
2007 13
2007 13
2007 12
2007 10
2007 9
2007 5
2007 3
2007 11
2007 25
2007 32
2007 29
2007 50
2007 46
2007 70
2007 64
2007 51
2007 46
2007 40
2007 37
2007 36
2007 36
2007 34
2007 32
2007 29
2007 28
2007 36
2007 66
2007 74
2007 66
2007 57
2007 67
2007 64
2007 54
2007 50
2007 49
2007 46
2007 43
2007 40
2007 53
2007 50
2007 48
2007 43
2007 39
2007 35
2007 32
2007 29
2007 25
2007 36
2007 45
2007 45
2007 37
2007 46
2007 48
2007 43
2007 37
2007 35
2007 31
2007 25
2007 20
2007 25
2007 19
2007 15
2007 8
2007 3
2007 0
2007 0
2007 0
2007 0
2007 0
2007 0
2007 0
2007 0
2007 0
2007 0
2007 0
2007 0
2007 0
2007 0
2007 0
2007 0
2007 0
2007 0
2007 0
2007 0
2007 0
2007 0
2007 0
2007 0
2007 0
2007 0
2007 0
2007 0
2007 0
2007 0
2007 0
2007 0
2007 0
2007 0
2007 0
2007 0
2007 0
2007 0
2007 0
2007 0
2007 0
2007 0
2007 0
2007 0
2007 0
2007 0
2007 0
2007 0
2007 0
2007 0
2007 0
2007 0
2007 0
2007 3
2007 4
2007 0
2007 0
2007 0
2007 0
2007 0
2007 0
2007 0
2007 0
2007 0
2007 0
2007 0
2007 0
2007 0
2007 0
2007 0
2007 0
2007 0
2007 0
2007 0
2007 0
2007 0
2007 0
2007 0
2007 0
2007 0
2007 0
2007 0
2007 0
2007 0
2007 0
2007 0
2007 0
2007 0
2007 0
2007 0
2007 0
2007 0
2007 0
2007 0
2007 0
2007 0
2007 0
2007 0
2007 0
2007 0
2007 0
2007 0
2007 0
2007 0
2007 0
2007 0
2007 0
2007 0
2007 0
2007 0
2007 0
2007 0
2007 0
2007 0
2007 0
2007 0
2007 0
2007 0
2007 0
2007 0
2007 0
2007 0
2007 0
2007 0
2007 0
2007 0
2007 0
2007 0
2007 0
2007 0
2007 0
2007 0
2007 0
2007 0
2007 0
2007 0
2007 0
2007 0
2007 0
2007 0
2007 0
2007 0
2007 0
2007 0
2007 0
2007 0
2007 0
2007 0
2007 0
2008 0
2008 0
2008 0
2008 0
2008 0
2008 0
2008 0
2008 0
2008 0
2008 0
2008 0
2008 0
2008 0
2008 0
2008 0
2008 0
2008 0
2008 0
2008 0
2008 0
2008 0
2008 0
2008 0
2008 0
2008 0
2008 0
2008 0
2008 0
2008 0
2008 0
2008 0
2008 0
2008 0
2008 0
2008 0
2008 0
2008 0
2008 0
2008 0
2008 0
2008 0
2008 0
2008 0
2008 0
2008 0
2008 0
2008 0
2008 0
2008 0
2008 0
2008 0
2008 0
2008 0
2008 0
2008 0
2008 0
2008 0
2008 0
2008 0
2008 0
2008 0
2008 0
2008 0
2008 0
2008 0
2008 0
2008 0
2008 0
2008 0
2008 3
2008 6
2008 10
2008 13
2008 12
2008 26
2008 30
2008 28
2008 27
2008 27
2008 26
2008 23
2008 16
2008 11
2008 3
2008 0
2008 0
2008 0
2008 0
2008 0
2008 0
2008 0
2008 0
2008 0
2008 7
2008 27
2008 26
2008 20
2008 12
2008 21
2008 20
2008 52
2008 74
2008 85
2008 80
2008 75
2008 74
2008 74
2008 73
2008 72
2008 69
2008 67
2008 64
2008 60
2008 57
2008 55
2008 54
2008 54
2008 54
2008 54
2008 53
2008 62
2008 60
2008 60
2008 60
2008 60
2008 59
2008 59
2008 56
2008 49
2008 48
2008 43
2008 43
2008 42
2008 62
2008 73
2008 68
2008 82
2008 80
2008 86
2008 80
2008 75
2008 70
2008 68
2008 64
2008 60
2008 60
2008 56
2008 55
2008 53
2008 52
2008 48
2008 45
2008 44
2008 42
2008 65
2008 58
2008 58
2008 84
2008 74
2008 65
2008 63
2008 61
2008 59
2008 59
2008 59
2008 57
2008 56
2008 53
2008 52
2008 50
2008 50
2008 49
2008 48
2008 45
2008 45
2008 42
2008 41
2008 38
2008 35
2008 32
2008 30
2008 24
2008 19
2008 16
2008 13
2008 26
2008 26
2008 20
2008 16
2008 14
2008 13
2008 16
2008 22
2008 17
2008 15
2008 9
2008 7
2008 10
2008 21
2008 15
2008 10
2008 9
2008 15
2008 61
2008 46
2008 48
2008 67
2008 48
2008 52
2008 37
2008 32
2008 28
2008 28
2008 23
2008 21
2008 28
2008 15
2008 14
2008 17
2008 32
2008 19
2008 18
2008 12
2008 9
2008 15
2008 11
2008 6
2008 12
2008 10
2008 7
2008 4
2008 4
2008 0
2008 0
2008 0
2008 0
2008 0
2008 0
2008 0
2008 0
2008 0
2008 0
2008 0
2008 0
2008 0
2008 0
2008 0
2008 0
2008 0
2008 0
2008 0
2008 0
2008 0
2008 0
2008 0
2008 0
2008 0
2008 0
2008 0
2008 0
2008 0
2008 0
2008 0
2008 0
2008 0
2008 0
2008 0
2008 0
2008 0
2008 0
2008 0
2008 0
2008 0
2008 0
2008 0
2008 0
2008 0
2008 0
2008 0
2008 0
2008 0
2008 0
2008 0
2008 0
2008 0
2008 0
2008 0
2008 0
2008 0
2008 0
2008 0
2008 0
2008 0
2008 0
2008 0
2008 0
2008 0
2008 0
2008 0
2008 0
2008 0
2008 0
2008 0
2008 0
2008 0
2008 0
2008 0
2008 0
2008 0
2008 0
2008 0
2008 0
2008 0
2008 0
2008 0
2008 0
2008 0
2008 0
2008 0
2008 0
2008 0
2008 0
2008 0
2008 0
2008 0
2008 0
2008 0
2008 0
2008 0
2008 0
2008 0
2008 0
2008 0
2008 0
2008 0
2008 0
2008 0
2008 0
2008 0
2008 0
2008 0
2008 0
2008 0
2008 0
2008 0
2008 0
2008 0
2008 0
2008 0
2008 0
2008 0
2008 0
2008 0
2008 0
2008 0
2008 0
2008 0
2008 0
2008 0
2008 0
2008 0
2008 0
2008 0
2008 0
2008 0
2008 0
2009 0
2009 0
2009 0
2009 0
2009 0
2009 0
2009 0
2009 0
2009 0
2009 0
2009 0
2009 0
2009 0
2009 0
2009 0
2009 0
2009 0
2009 0
2009 0
2009 0
2009 0
2009 0
2009 0
2009 0
2009 0
2009 0
2009 0
2009 0
2009 0
2009 0
2009 0
2009 0
2009 0
2009 14
2009 0
2009 0
2009 0
2009 0
2009 0
2009 0
2009 0
2009 0
2009 0
2009 0
2009 0
2009 0
2009 0
2009 0
2009 0
2009 0
2009 0
2009 0
2009 0
2009 0
2009 0
2009 0
2009 0
2009 0
2009 8
2009 20
2009 19
2009 10
2009 0
2009 0
2009 0
2009 0
2009 0
2009 0
2009 0
2009 0
2009 0
2009 0
2009 0
2009 0
2009 0
2009 0
2009 0
2009 0
2009 0
2009 0
2009 0
2009 0
2009 16
2009 27
2009 37
2009 46
2009 44
2009 35
2009 34
2009 34
2009 33
2009 32
2009 39
2009 35
2009 34
2009 63
2009 85
2009 96
2009 86
2009 83
2009 98
2009 99
2009 99
2009 96
2009 88
2009 84
2009 84
2009 92
2009 95
2009 92
2009 86
2009 81
2009 75
2009 71
2009 68
2009 66
2009 65
2009 65
2009 64
2009 64
2009 63
2009 63
2009 72
2009 70
2009 70
2009 69
2009 68
2009 68
2009 72
2009 70
2009 69
2009 68
2009 67
2009 67
2009 65
2009 63
2009 65
2009 64
2009 63
2009 62
2009 72
2009 95
2009 93
2009 88
2009 90
2009 96
2009 93
2009 89
2009 87
2009 86
2009 86
2009 86
2009 85
2009 85
2009 85
2009 84
2009 83
2009 82
2009 80
2009 91
2009 121
2009 110
2009 102
2009 116
2009 116
2009 125
2009 116
2009 115
2009 111
2009 110
2009 135
2009 126
2009 121
2009 118
2009 115
2009 123
2009 123
2009 117
2009 112
2009 111
2009 105
2009 100
2009 97
2009 97
2009 96
2009 113
2009 128
2009 135
2009 128
2009 120
2009 123
2009 135
2009 120
2009 117
2009 110
2009 107
2009 101
2009 98
2009 94
2009 90
2009 87
2009 87
2009 87
2009 86
2009 98
2009 100
2009 104
2009 90
2009 80
2009 91
2009 87
2009 85
2009 80
2009 70
2009 63
2009 60
2009 56
2009 49
2009 43
2009 36
2009 31
2009 27
2009 23
2009 18
2009 13
2009 0
2009 0
2009 0
2009 4
2009 0
2009 0
2009 0
2009 0
2009 0
2009 0
2009 0
2009 0
2009 0
2009 0
2009 0
2009 3
2009 0
2009 0
2009 0
2009 0
2009 0
2009 0
2009 0
2009 0
2009 0
2009 0
2009 0
2009 0
2009 0
2009 0
2009 0
2009 0
2009 0
2009 0
2009 0
2009 0
2009 0
2009 0
2009 0
2009 0
2009 0
2009 0
2009 0
2009 0
2009 0
2009 0
2009 0
2009 0
2009 0
2009 0
2009 0
2009 0
2009 0
2009 0
2009 0
2009 0
2009 0
2009 0
2009 0
2009 0
2009 0
2009 0
2009 0
2009 0
2009 0
2009 0
2009 0
2009 0
2009 0
2009 0
2009 0
2009 0
2009 0
2009 0
2009 0
2009 0
2009 0
2009 0
2009 0
2009 0
2009 0
2009 0
2009 0
2009 0
2009 0
2009 0
2009 0
2009 0
2009 0
2009 0
2009 0
2009 0
2009 0
2009 0
2009 0
2009 0
2009 0
2009 0
2009 0
2009 0
2009 0
2009 0
2009 0
2009 0
2009 0
2009 0
2009 0
2009 0
2009 0
2009 0
2009 0
2009 0
2009 0
2009 0
2009 0
2009 0
2009 0
2009 0
2009 0
2009 0
2009 0
2009 0
2009 0
2009 0
2009 0
2009 0
2009 0
2009 0
2009 0
2009 0
2009 0
2009 0
2009 0
2009 0
2009 0
2009 0
2009 0
2009 0
2009 0
2009 0
2010 0
2010 0
2010 0
2010 0
2010 0
2010 0
2010 0
2010 0
2010 0
2010 0
2010 0
2010 0
2010 0
2010 0
2010 0
2010 0
2010 0
2010 0
2010 0
2010 0
2010 0
2010 0
2010 0
2010 0
2010 0
2010 0
2010 0
2010 0
2010 0
2010 0
2010 0
2010 0
2010 0
2010 0
2010 0
2010 0
2010 0
2010 0
2010 0
2010 0
2010 0
2010 0
2010 0
2010 0
2010 0
2010 0
2010 0
2010 0
2010 0
2010 0
2010 0
2010 0
2010 0
2010 0
2010 0
2010 0
2010 0
2010 0
2010 0
2010 0
2010 0
2010 0
2010 0
2010 9
2010 0
2010 10
2010 4
2010 2
2010 19
2010 15
2010 17
2010 14
2010 9
2010 0
2010 0
2010 0
2010 0
2010 0
2010 0
2010 0
2010 0
2010 0
2010 0
2010 0
2010 0
2010 0
2010 0
2010 0
2010 0
2010 0
2010 15
2010 40
2010 39
2010 33
2010 34
2010 30
2010 27
2010 19
2010 13
2010 11
2010 10
2010 9
2010 8
2010 9
2010 9
2010 9
2010 9
2010 11
2010 18
2010 24
2010 24
2010 38
2010 39
2010 35
2010 30
2010 21
2010 22
2010 23
2010 24
2010 27
2010 24
2010 27
2010 25
2010 41
2010 39
2010 46
2010 60
2010 58
2010 56
2010 55
2010 54
2010 57
2010 53
2010 52
2010 60
2010 67
2010 66
2010 64
2010 70
2010 68
2010 65
2010 62
2010 73
2010 68
2010 67
2010 65
2010 66
2010 66
2010 67
2010 67
2010 67
2010 87
2010 86
2010 86
2010 90
2010 82
2010 77
2010 82
2010 106
2010 108
2010 104
2010 100
2010 108
2010 112
2010 100
2010 100
2010 97
2010 93
2010 93
2010 92
2010 89
2010 86
2010 91
2010 88
2010 85
2010 82
2010 85
2010 85
2010 80
2010 85
2010 78
2010 76
2010 76
2010 75
2010 71
2010 72
2010 73
2010 74
2010 74
2010 73
2010 72
2010 72
2010 72
2010 72
2010 70
2010 69
2010 67
2010 65
2010 63
2010 55
2010 51
2010 48
2010 41
2010 39
2010 34
2010 30
2010 19
2010 48
2010 53
2010 43
2010 34
2010 46
2010 62
2010 53
2010 46
2010 63
2010 53
2010 45
2010 39
2010 38
2010 33
2010 27
2010 20
2010 18
2010 17
2010 19
2010 13
2010 9
2010 5
2010 0
2010 0
2010 0
2010 0
2010 0
2010 0
2010 0
2010 0
2010 0
2010 0
2010 0
2010 0
2010 0
2010 0
2010 0
2010 0
2010 0
2010 0
2010 0
2010 0
2010 0
2010 0
2010 0
2010 0
2010 0
2010 0
2010 0
2010 0
2010 0
2010 0
2010 0
2010 0
2010 0
2010 0
2010 0
2010 0
2010 0
2010 0
2010 0
2010 0
2010 0
2010 0
2010 0
2010 0
2010 0
2010 0
2010 0
2010 0
2010 0
2010 0
2010 0
2010 0
2010 0
2010 0
2010 0
2010 0
2010 0
2010 0
2010 0
2010 0
2010 0
2010 0
2010 0
2010 0
2010 0
2010 0
2010 0
2010 0
2010 0
2010 0
2010 0
2010 0
2010 0
2010 0
2010 0
2010 0
2010 0
2010 0
2010 0
2010 0
2010 0
2010 0
2010 0
2010 0
2010 0
2010 0
2010 0
2010 0
2010 0
2010 0
2010 0
2010 0
2010 0
2010 0
2010 0
2010 0
2010 0
2010 0
2010 0
2010 0
2010 0
2010 0
2010 0
2010 0
2010 0
2010 0
2010 0
2010 0
2010 0
2010 0
2010 0
2010 0
2010 0
2010 0
2010 0
2010 0
2010 0
2010 0
2010 0
2010 0
2010 0
2010 0
2010 0
2010 0
2010 0
2010 0
2010 0
2010 0
2010 0
2010 0
2010 0
2010 0
2010 0
2010 0
2010 0
2010 0
2011 0
2011 0
2011 0
2011 0
2011 0
2011 0
2011 0
2011 0
2011 0
2011 0
2011 0
2011 0
2011 0
2011 0
2011 0
2011 0
2011 0
2011 0
2011 0
2011 0
2011 0
2011 0
2011 0
2011 0
2011 0
2011 0
2011 0
2011 0
2011 0
2011 0
2011 0
2011 0
2011 0
2011 0
2011 0
2011 0
2011 0
2011 0
2011 0
2011 0
2011 0
2011 0
2011 0
2011 0
2011 0
2011 0
2011 0
2011 0
2011 0
2011 0
2011 1
2011 0
2011 0
2011 0
2011 8
2011 2
2011 0
2011 0
2011 0
2011 0
2011 0
2011 0
2011 0
2011 0
2011 0
2011 0
2011 0
2011 0
2011 11
2011 27
2011 17
2011 20
2011 18
2011 12
2011 5
2011 0
2011 13
2011 7
2011 7
2011 8
2011 4
2011 2
2011 0
2011 16
2011 16
2011 11
2011 40
2011 34
2011 44
2011 46
2011 38
2011 59
2011 66
2011 62
2011 65
2011 60
2011 53
2011 34
2011 24
2011 20
2011 19
2011 17
2011 17
2011 16
2011 16
2011 19
2011 19
2011 47
2011 48
2011 41
2011 34
2011 30
2011 28
2011 25
2011 27
2011 38
2011 38
2011 37
2011 37
2011 38
2011 34
2011 33
2011 33
2011 33
2011 31
2011 31
2011 30
2011 31
2011 25
2011 22
2011 20
2011 27
2011 24
2011 36
2011 29
2011 26
2011 24
2011 24
2011 23
2011 23
2011 22
2011 22
2011 23
2011 23
2011 23
2011 23
2011 22
2011 22
2011 22
2011 21
2011 21
2011 21
2011 21
2011 21
2011 20
2011 20
2011 19
2011 19
2011 19
2011 18
2011 18
2011 17
2011 17
2011 16
2011 16
2011 14
2011 13
2011 12
2011 13
2011 13
2011 12
2011 12
2011 14
2011 21
2011 18
2011 18
2011 23
2011 19
2011 16
2011 29
2011 44
2011 35
2011 35
2011 30
2011 29
2011 24
2011 24
2011 23
2011 23
2011 22
2011 22
2011 19
2011 15
2011 13
2011 12
2011 11
2011 9
2011 7
2011 5
2011 4
2011 3
2011 2
2011 0
2011 0
2011 0
2011 0
2011 0
2011 0
2011 0
2011 0
2011 0
2011 0
2011 0
2011 0
2011 0
2011 0
2011 0
2011 0
2011 0
2011 0
2011 0
2011 0
2011 0
2011 0
2011 0
2011 0
2011 0
2011 0
2011 0
2011 0
2011 0
2011 0
2011 0
2011 0
2011 0
2011 0
2011 0
2011 0
2011 0
2011 0
2011 0
2011 0
2011 0
2011 0
2011 0
2011 0
2011 0
2011 0
2011 0
2011 0
2011 0
2011 0
2011 0
2011 0
2011 0
2011 0
2011 0
2011 0
2011 0
2011 0
2011 0
2011 0
2011 0
2011 0
2011 0
2011 0
2011 0
2011 0
2011 0
2011 0
2011 0
2011 0
2011 0
2011 3
2011 0
2011 0
2011 0
2011 0
2011 0
2011 0
2011 0
2011 0
2011 0
2011 0
2011 0
2011 0
2011 0
2011 0
2011 0
2011 0
2011 0
2011 0
2011 0
2011 0
2011 0
2011 0
2011 0
2011 0
2011 0
2011 0
2011 0
2011 0
2011 0
2011 0
2011 0
2011 0
2011 0
2011 0
2011 0
2011 0
2011 0
2011 0
2011 0
2011 0
2011 0
2011 0
2011 0
2011 0
2011 0
2011 0
2011 0
2011 0
2011 0
2011 0
2011 0
2011 0
2011 0
2011 0
2011 0
2011 0
2011 0
2011 0
2011 0
2011 0
2011 0
2011 0
2011 0
2011 0
2011 0
2011 0
2011 0
2011 0
2011 0
2011 0
2011 0
2011 0
2011 0
2011 0
2011 0
2011 0
2011 0
2011 0
2011 0
2011 0
2011 0
2011 0
2011 0
2011 0
2011 0
2011 0
2011 0
2011 0
2011 0
2011 0
2011 0
2012 0
2012 0
2012 0
2012 0
2012 0
2012 0
2012 0
2012 0
2012 0
2012 0
2012 0
2012 0
2012 0
2012 0
2012 0
2012 0
2012 0
2012 0
2012 0
2012 0
2012 0
2012 0
2012 0
2012 0
2012 0
2012 0
2012 0
2012 0
2012 0
2012 0
2012 0
2012 0
2012 0
2012 0
2012 0
2012 0
2012 0
2012 0
2012 18
2012 3
2012 0
2012 0
2012 0
2012 0
2012 0
2012 0
2012 0
2012 0
2012 0
2012 0
2012 0
2012 0
2012 0
2012 0
2012 0
2012 0
2012 0
2012 0
2012 0
2012 0
2012 0
2012 0
2012 0
2012 0
2012 0
2012 0
2012 0
2012 0
2012 0
2012 0
2012 0
2012 0
2012 0
2012 0
2012 0
2012 0
2012 0
2012 0
2012 0
2012 0
2012 0
2012 0
2012 0
2012 0
2012 0
2012 0
2012 0
2012 0
2012 0
2012 0
2012 0
2012 0
2012 0
2012 0
2012 3
2012 0
2012 3
2012 25
2012 27
2012 24
2012 20
2012 16
2012 17
2012 33
2012 27
2012 31
2012 76
2012 74
2012 84
2012 92
2012 90
2012 93
2012 94
2012 84
2012 85
2012 86
2012 81
2012 77
2012 72
2012 77
2012 90
2012 104
2012 93
2012 85
2012 96
2012 86
2012 85
2012 122
2012 115
2012 123
2012 120
2012 119
2012 112
2012 109
2012 107
2012 107
2012 105
2012 105
2012 105
2012 104
2012 103
2012 101
2012 130
2012 116
2012 106
2012 105
2012 110
2012 105
2012 99
2012 106
2012 108
2012 104
2012 117
2012 123
2012 118
2012 116
2012 115
2012 113
2012 113
2012 113
2012 112
2012 110
2012 109
2012 109
2012 108
2012 108
2012 107
2012 114
2012 130
2012 124
2012 119
2012 118
2012 124
2012 119
2012 115
2012 110
2012 107
2012 105
2012 99
2012 97
2012 94
2012 94
2012 89
2012 87
2012 82
2012 80
2012 86
2012 86
2012 86
2012 95
2012 85
2012 83
2012 83
2012 81
2012 80
2012 74
2012 68
2012 62
2012 58
2012 57
2012 74
2012 73
2012 63
2012 59
2012 51
2012 47
2012 41
2012 39
2012 35
2012 31
2012 28
2012 20
2012 16
2012 11
2012 6
2012 0
2012 0
2012 0
2012 0
2012 0
2012 0
2012 0
2012 0
2012 15
2012 5
2012 3
2012 0
2012 2
2012 0
2012 0
2012 5
2012 14
2012 12
2012 8
2012 9
2012 12
2012 18
2012 31
2012 16
2012 3
2012 0
2012 0
2012 0
2012 0
2012 0
2012 0
2012 0
2012 0
2012 0
2012 0
2012 0
2012 0
2012 0
2012 0
2012 0
2012 0
2012 0
2012 0
2012 0
2012 0
2012 0
2012 0
2012 0
2012 0
2012 0
2012 0
2012 0
2012 0
2012 0
2012 0
2012 0
2012 0
2012 0
2012 0
2012 0
2012 0
2012 0
2012 0
2012 0
2012 0
2012 0
2012 0
2012 0
2012 0
2012 0
2012 0
2012 0
2012 0
2012 0
2012 0
2012 0
2012 0
2012 0
2012 0
2012 0
2012 0
2012 0
2012 0
2012 0
2012 0
2012 0
2012 0
2012 0
2012 0
2012 0
2012 0
2012 0
2012 0
2012 0
2012 0
2012 0
2012 0
2012 0
2012 0
2012 0
2012 0
2012 0
2012 0
2012 0
2012 0
2012 0
2012 0
2012 0
2012 0
2012 0
2012 0
2012 0
2012 0
2012 0
2012 0
2012 0
2012 0
2012 0
2012 0
2012 0
2012 0
2012 0
2012 0
2012 0
2012 0
2012 0
2012 0
2012 0
2012 0
2012 0
2012 0
2012 0
2012 0
2012 0
2012 0
2012 0
2012 0
2012 0
2012 0
2012 0
2012 0
2012 0
2012 0
2012 0
2012 0
2012 0
2012 0
2012 0
2012 0
2012 0
2012 0
2013 0
2013 0
2013 0
2013 0
2013 0
2013 0
2013 0
2013 0
2013 0
2013 0
2013 0
2013 0
2013 0
2013 0
2013 0
2013 0
2013 0
2013 0
2013 0
2013 0
2013 0
2013 0
2013 0
2013 0
2013 0
2013 0
2013 0
2013 0
2013 0
2013 0
2013 0
2013 0
2013 0
2013 0
2013 0
2013 0
2013 0
2013 0
2013 0
2013 0
2013 0
2013 0
2013 0
2013 0
2013 2
2013 1
2013 0
2013 0
2013 0
2013 0
2013 0
2013 0
2013 0
2013 0
2013 0
2013 0
2013 0
2013 8
2013 6
2013 4
2013 0
2013 0
2013 1
2013 0
2013 0
2013 1
2013 10
2013 8
2013 5
2013 2
2013 0
2013 0
2013 0
2013 0
2013 0
2013 0
2013 0
2013 0
2013 0
2013 0
2013 0
2013 0
2013 0
2013 0
2013 0
2013 0
2013 0
2013 6
2013 17
2013 20
2013 24
2013 21
2013 21
2013 24
2013 55
2013 65
2013 100
2013 87
2013 114
2013 98
2013 93
2013 95
2013 90
2013 82
2013 85
2013 72
2013 65
2013 88
2013 110
2013 110
2013 100
2013 105
2013 95
2013 95
2013 90
2013 81
2013 82
2013 75
2013 78
2013 76
2013 76
2013 76
2013 73
2013 89
2013 85
2013 81
2013 79
2013 76
2013 72
2013 70
2013 70
2013 69
2013 100
2013 107
2013 107
2013 104
2013 106
2013 130
2013 121
2013 115
2013 116
2013 113
2013 114
2013 120
2013 112
2013 112
2013 112
2013 110
2013 110
2013 131
2013 121
2013 115
2013 105
2013 100
2013 119
2013 132
2013 132
2013 127
2013 136
2013 162
2013 167
2013 153
2013 148
2013 163
2013 177
2013 163
2013 155
2013 170
2013 166
2013 162
2013 158
2013 155
2013 152
2013 148
2013 148
2013 149
2013 153
2013 149
2013 145
2013 145
2013 144
2013 143
2013 140
2013 135
2013 130
2013 125
2013 125
2013 123
2013 120
2013 118
2013 115
2013 117
2013 117
2013 117
2013 117
2013 115
2013 113
2013 115
2013 143
2013 155
2013 133
2013 135
2013 135
2013 127
2013 125
2013 122
2013 124
2013 120
2013 119
2013 125
2013 123
2013 134
2013 130
2013 122
2013 118
2013 115
2013 114
2013 112
2013 109
2013 104
2013 122
2013 130
2013 113
2013 108
2013 102
2013 95
2013 91
2013 80
2013 74
2013 66
2013 55
2013 68
2013 58
2013 54
2013 53
2013 49
2013 41
2013 34
2013 25
2013 33
2013 21
2013 15
2013 8
2013 0
2013 0
2013 0
2013 0
2013 0
2013 0
2013 0
2013 0
2013 0
2013 0
2013 0
2013 0
2013 0
2013 0
2013 0
2013 0
2013 0
2013 0
2013 0
2013 0
2013 0
2013 0
2013 3
2013 2
2013 2
2013 0
2013 0
2013 5
2013 0
2013 0
2013 0
2013 0
2013 0
2013 0
2013 0
2013 0
2013 0
2013 0
2013 0
2013 0
2013 0
2013 0
2013 0
2013 0
2013 0
2013 0
2013 0
2013 0
2013 0
2013 0
2013 0
2013 0
2013 0
2013 0
2013 0
2013 0
2013 0
2013 0
2013 0
2013 0
2013 0
2013 0
2013 0
2013 0
2013 0
2013 0
2013 0
2013 0
2013 0
2013 0
2013 0
2013 0
2013 0
2013 0
2013 0
2013 0
2013 0
2013 0
2013 0
2013 0
2013 0
2013 0
2013 0
2013 0
2013 0
2013 0
2013 0
2013 0
2013 0
2013 0
2013 0
2013 0
2013 0
2013 0
2013 0
2013 0
2013 0
2013 0
2013 0
2013 0
2013 0
2013 0
2013 0
2013 0
2013 0
2013 0
2013 0
2013 0
2013 0
2013 0
2013 0
2013 0
2013 0
2013 0
2013 0
2013 0
2013 0
2013 0
2013 0
2013 0
2013 0
2013 0
2014 0
2014 0
2014 0
2014 0
2014 0
2014 0
2014 0
2014 0
2014 0
2014 0
2014 0
2014 0
2014 0
2014 0
2014 0
2014 0
2014 0
2014 0
2014 0
2014 0
2014 0
2014 0
2014 0
2014 0
2014 0
2014 0
2014 0
2014 0
2014 0
2014 0
2014 0
2014 0
2014 0
2014 0
2014 0
2014 0
2014 0
2014 0
2014 0
2014 0
2014 18
2014 20
2014 17
2014 4
2014 0
2014 0
2014 0
2014 0
2014 0
2014 0
2014 0
2014 0
2014 0
2014 0
2014 0
2014 0
2014 0
2014 0
2014 0
2014 0
2014 0
2014 0
2014 0
2014 0
2014 0
2014 0
2014 0
2014 0
2014 0
2014 0
2014 7
2014 7
2014 7
2014 6
2014 6
2014 10
2014 7
2014 6
2014 3
2014 0
2014 6
2014 24
2014 27
2014 21
2014 19
2014 14
2014 12
2014 12
2014 12
2014 11
2014 20
2014 19
2014 19
2014 18
2014 13
2014 11
2014 11
2014 11
2014 11
2014 10
2014 10
2014 10
2014 9
2014 9
2014 9
2014 8
2014 8
2014 6
2014 6
2014 6
2014 10
2014 17
2014 13
2014 10
2014 7
2014 2
2014 25
2014 45
2014 37
2014 47
2014 45
2014 40
2014 40
2014 35
2014 39
2014 35
2014 50
2014 43
2014 37
2014 31
2014 29
2014 25
2014 24
2014 22
2014 21
2014 30
2014 39
2014 32
2014 50
2014 40
2014 38
2014 38
2014 43
2014 40
2014 40
2014 64
2014 53
2014 54
2014 64
2014 64
2014 57
2014 56
2014 54
2014 53
2014 58
2014 59
2014 58
2014 53
2014 73
2014 65
2014 85
2014 97
2014 86
2014 108
2014 94
2014 100
2014 97
2014 88
2014 120
2014 109
2014 96
2014 88
2014 86
2014 88
2014 96
2014 94
2014 84
2014 83
2014 79
2014 106
2014 110
2014 120
2014 110
2014 116
2014 120
2014 109
2014 98
2014 92
2014 88
2014 86
2014 81
2014 78
2014 73
2014 71
2014 69
2014 66
2014 54
2014 47
2014 46
2014 39
2014 35
2014 32
2014 27
2014 45
2014 55
2014 44
2014 38
2014 40
2014 33
2014 32
2014 29
2014 26
2014 25
2014 23
2014 18
2014 15
2014 10
2014 5
2014 0
2014 0
2014 0
2014 0
2014 0
2014 0
2014 0
2014 0
2014 0
2014 0
2014 0
2014 0
2014 0
2014 0
2014 0
2014 0
2014 0
2014 0
2014 0
2014 0
2014 0
2014 3
2014 0
2014 1
2014 0
2014 0
2014 0
2014 0
2014 0
2014 0
2014 0
2014 0
2014 0
2014 0
2014 0
2014 2
2014 0
2014 0
2014 0
2014 0
2014 0
2014 0
2014 0
2014 0
2014 0
2014 0
2014 0
2014 0
2014 0
2014 0
2014 0
2014 0
2014 0
2014 0
2014 0
2014 0
2014 0
2014 0
2014 0
2014 0
2014 0
2014 0
2014 0
2014 0
2014 0
2014 0
2014 0
2014 0
2014 0
2014 0
2014 0
2014 0
2014 0
2014 0
2014 0
2014 0
2014 0
2014 0
2014 0
2014 0
2014 0
2014 0
2014 0
2014 0
2014 0
2014 0
2014 0
2014 0
2014 0
2014 0
2014 0
2014 0
2014 0
2014 0
2014 0
2014 0
2014 0
2014 0
2014 0
2014 0
2014 0
2014 0
2014 0
2014 0
2014 0
2014 0
2014 0
2014 0
2014 0
2014 0
2014 0
2014 0
2014 0
2014 0
2014 0
2014 0
2014 0
2014 0
2014 0
2014 0
2014 0
2014 0
2014 0
2014 0
2014 0
2014 0
2014 0
2014 0
2014 0
2014 0
2014 0
2014 0
2014 0
2014 0
2014 0
2014 0
2014 0
2014 0
2014 0
2014 0
2014 0
2014 0
2014 0
2014 0
2014 0
2014 0
2014 0
2015 0
2015 0
2015 0
2015 0
2015 0
2015 0
2015 0
2015 0
2015 0
2015 0
2015 0
2015 0
2015 0
2015 0
2015 0
2015 0
2015 0
2015 0
2015 0
2015 0
2015 0
2015 0
2015 0
2015 0
2015 0
2015 0
2015 0
2015 0
2015 0
2015 0
2015 0
2015 0
2015 0
2015 0
2015 0
2015 0
2015 0
2015 0
2015 0
2015 0
2015 0
2015 0
2015 0
2015 0
2015 0
2015 0
2015 0
2015 0
2015 0
2015 0
2015 0
2015 5
2015 7
2015 0
2015 0
2015 0
2015 0
2015 0
2015 0
2015 0
2015 0
2015 0
2015 0
2015 0
2015 0
2015 1
2015 0
2015 0
2015 0
2015 0
2015 0
2015 0
2015 0
2015 0
2015 0
2015 0
2015 7
2015 20
2015 16
2015 16
2015 14
2015 11
2015 8
2015 6
2015 0
2015 0
2015 0
2015 0
2015 0
2015 0
2015 0
2015 0
2015 0
2015 0
2015 0
2015 0
2015 1
2015 0
2015 0
2015 15
2015 11
2015 10
2015 10
2015 8
2015 5
2015 2
2015 0
2015 0
2015 13
2015 6
2015 3
2015 0
2015 0
2015 0
2015 0
2015 0
2015 0
2015 10
2015 45
2015 38
2015 36
2015 30
2015 27
2015 25
2015 20
2015 16
2015 10
2015 10
2015 9
2015 8
2015 7
2015 5
2015 0
2015 5
2015 3
2015 3
2015 5
2015 4
2015 29
2015 36
2015 29
2015 45
2015 39
2015 34
2015 32
2015 36
2015 38
2015 34
2015 42
2015 37
2015 53
2015 95
2015 113
2015 112
2015 135
2015 120
2015 114
2015 100
2015 94
2015 94
2015 94
2015 86
2015 84
2015 78
2015 70
2015 65
2015 66
2015 68
2015 62
2015 57
2015 56
2015 56
2015 55
2015 57
2015 79
2015 69
2015 72
2015 70
2015 67
2015 68
2015 77
2015 73
2015 65
2015 59
2015 64
2015 62
2015 60
2015 60
2015 57
2015 55
2015 47
2015 44
2015 40
2015 40
2015 39
2015 38
2015 37
2015 35
2015 33
2015 29
2015 24
2015 19
2015 16
2015 13
2015 12
2015 12
2015 12
2015 14
2015 12
2015 10
2015 16
2015 10
2015 8
2015 6
2015 6
2015 12
2015 18
2015 12
2015 8
2015 5
2015 0
2015 0
2015 0
2015 0
2015 0
2015 0
2015 0
2015 0
2015 0
2015 0
2015 0
2015 0
2015 0
2015 0
2015 0
2015 0
2015 0
2015 0
2015 0
2015 0
2015 0
2015 0
2015 0
2015 0
2015 0
2015 0
2015 0
2015 0
2015 0
2015 0
2015 0
2015 0
2015 0
2015 0
2015 0
2015 0
2015 0
2015 11
2015 0
2015 0
2015 0
2015 0
2015 2
2015 0
2015 0
2015 0
2015 0
2015 0
2015 0
2015 0
2015 0
2015 0
2015 0
2015 0
2015 0
2015 0
2015 0
2015 0
2015 0
2015 0
2015 0
2015 0
2015 0
2015 0
2015 0
2015 0
2015 0
2015 0
2015 0
2015 0
2015 0
2015 0
2015 0
2015 0
2015 0
2015 0
2015 0
2015 0
2015 0
2015 0
2015 0
2015 0
2015 0
2015 0
2015 0
2015 0
2015 0
2015 0
2015 0
2015 0
2015 0
2015 0
2015 0
2015 0
2015 0
2015 0
2015 0
2015 0
2015 0
2015 0
2015 0
2015 0
2015 0
2015 0
2015 0
2015 0
2015 0
2015 0
2015 0
2015 0
2015 0
2015 0
2015 0
2015 0
2015 0
2015 0
2015 0
2015 0
2015 0
2015 0
2015 0
2015 0
2015 0
2015 0
2015 0
2015 0
2015 0
2015 0
2015 0
2015 0
2015 0
2015 0
2015 0
2015 0
2015 0
2015 0
2015 0
2015 0
2015 0
2015 0
2015 0
2015 0
2015 0
2015 0
2015 0
2016 0
2016 0
2016 0
2016 0
2016 0
2016 0
2016 0
2016 0
2016 0
2016 0
2016 0
2016 0
2016 0
2016 0
2016 0
2016 0
2016 0
2016 0
2016 0
2016 0
2016 0
2016 0
2016 0
2016 0
2016 0
2016 0
2016 0
2016 0
2016 0
2016 0
2016 0
2016 0
2016 0
2016 0
2016 0
2016 0
2016 0
2016 0
2016 0
2016 0
2016 0
2016 0
2016 0
2016 0
2016 0
2016 4
2016 0
2016 0
2016 0
2016 0
2016 0
2016 0
2016 0
2016 0
2016 0
2016 0
2016 0
2016 0
2016 0
2016 0
2016 0
2016 0
2016 0
2016 0
2016 0
2016 0
2016 0
2016 0
2016 0
2016 0
2016 0
2016 0
2016 0
2016 0
2016 0
2016 0
2016 0
2016 0
2016 0
2016 0
2016 0
2016 4
2016 26
2016 18
2016 15
2016 30
2016 40
2016 34
2016 29
2016 28
2016 29
2016 24
2016 21
2016 17
2016 14
2016 12
2016 10
2016 7
2016 5
2016 2
2016 0
2016 0
2016 0
2016 0
2016 0
2016 0
2016 0
2016 0
2016 0
2016 0
2016 0
2016 0
2016 0
2016 0
2016 0
2016 0
2016 0
2016 0
2016 0
2016 0
2016 0
2016 0
2016 0
2016 0
2016 16
2016 35
2016 50
2016 59
2016 55
2016 47
2016 37
2016 32
2016 22
2016 43
2016 65
2016 59
2016 71
2016 85
2016 90
2016 86
2016 85
2016 75
2016 70
2016 66
2016 63
2016 58
2016 51
2016 47
2016 45
2016 40
2016 38
2016 34
2016 37
2016 33
2016 30
2016 28
2016 38
2016 50
2016 42
2016 38
2016 50
2016 39
2016 42
2016 51
2016 53
2016 82
2016 73
2016 71
2016 65
2016 63
2016 60
2016 62
2016 62
2016 60
2016 57
2016 50
2016 58
2016 62
2016 66
2016 63
2016 62
2016 62
2016 62
2016 64
2016 74
2016 82
2016 100
2016 108
2016 98
2016 110
2016 102
2016 94
2016 90
2016 86
2016 83
2016 77
2016 75
2016 76
2016 74
2016 70
2016 70
2016 68
2016 63
2016 60
2016 58
2016 55
2016 50
2016 52
2016 48
2016 46
2016 44
2016 42
2016 38
2016 32
2016 25
2016 20
2016 19
2016 15
2016 10
2016 5
2016 0
2016 3
2016 0
2016 0
2016 0
2016 0
2016 0
2016 0
2016 0
2016 0
2016 0
2016 4
2016 0
2016 0
2016 0
2016 0
2016 0
2016 8
2016 0
2016 5
2016 0
2016 0
2016 0
2016 22
2016 4
2016 0
2016 0
2016 0
2016 0
2016 0
2016 0
2016 0
2016 0
2016 0
2016 0
2016 0
2016 0
2016 0
2016 0
2016 0
2016 0
2016 1
2016 0
2016 0
2016 0
2016 8
2016 5
2016 0
2016 0
2016 0
2016 0
2016 0
2016 0
2016 0
2016 0
2016 0
2016 0
2016 0
2016 0
2016 0
2016 0
2016 0
2016 0
2016 0
2016 0
2016 0
2016 0
2016 0
2016 0
2016 0
2016 0
2016 0
2016 0
2016 0
2016 0
2016 0
2016 0
2016 0
2016 0
2016 0
2016 0
2016 0
2016 0
2016 0
2016 0
2016 0
2016 0
2016 0
2016 0
2016 0
2016 0
2016 0
2016 0
2016 0
2016 0
2016 0
2016 0
2016 0
2016 0
2016 0
2016 0
2016 0
2016 0
2016 0
2016 0
2016 0
2016 0
2016 0
2016 0
2016 0
2016 0
2016 0
2016 0
2016 0
2016 0
2016 0
2016 0
2016 0
2016 0
2016 0
2016 0
2016 0
2016 0
2016 0
2016 0
2016 0
2016 0
2016 0
2016 0
2016 0
2016 0
2016 0
2016 0
2016 0
2016 0
2016 0
2016 0
2016 0
2016 0
2016 0
2016 0
2016 0
2016 0
2016 0
2016 0
2016 0
2017 0
2017 0
2017 0
2017 0
2017 0
2017 0
2017 0
2017 0
2017 0
2017 0
2017 0
2017 0
2017 0
2017 0
2017 0
2017 0
2017 0
2017 0
2017 0
2017 0
2017 0
2017 0
2017 0
2017 0
2017 0
2017 0
2017 0
2017 0
2017 0
2017 0
2017 0
2017 0
2017 0
2017 0
2017 0
2017 0
2017 0
2017 0
2017 0
2017 0
2017 0
2017 0
2017 0
2017 0
2017 0
2017 0
2017 0
2017 0
2017 0
2017 0
2017 0
2017 0
2017 0
2017 0
2017 0
2017 0
2017 0
2017 0
2017 0
2017 0
2017 0
2017 0
2017 0
2017 0
2017 0
2017 0
2017 4
2017 10
2017 11
2017 15
2017 34
2017 68
2017 64
2017 58
2017 51
2017 40
2017 38
2017 30
2017 19
2017 12
2017 15
2017 14
2017 7
2017 4
2017 0
2017 0
2017 0
2017 0
2017 0
2017 0
2017 0
2017 0
2017 0
2017 0
2017 0
2017 0
2017 0
2017 0
2017 0
2017 0
2017 0
2017 0
2017 0
2017 0
2017 0
2017 0
2017 0
2017 0
2017 0
2017 0
2017 0
2017 0
2017 0
2017 0
2017 0
2017 0
2017 0
2017 0
2017 0
2017 0
2017 0
2017 0
2017 0
2017 0
2017 0
2017 0
2017 6
2017 5
2017 5
2017 13
2017 11
2017 10
2017 16
2017 16
2017 26
2017 60
2017 63
2017 56
2017 48
2017 46
2017 45
2017 42
2017 40
2017 38
2017 38
2017 35
2017 34
2017 34
2017 34
2017 31
2017 30
2017 29
2017 28
2017 26
2017 22
2017 25
2017 25
2017 28
2017 75
2017 70
2017 69
2017 63
2017 60
2017 59
2017 55
2017 50
2017 47
2017 41
2017 38
2017 37
2017 37
2017 36
2017 33
2017 30
2017 27
2017 25
2017 23
2017 23
2017 23
2017 22
2017 20
2017 44
2017 50
2017 45
2017 37
2017 52
2017 53
2017 85
2017 82
2017 68
2017 55
2017 49
2017 45
2017 43
2017 39
2017 35
2017 33
2017 28
2017 22
2017 18
2017 15
2017 13
2017 9
2017 7
2017 4
2017 0
2017 2
2017 0
2017 0
2017 0
2017 0
2017 0
2017 0
2017 0
2017 0
2017 0
2017 0
2017 0
2017 0
2017 0
2017 0
2017 0
2017 0
2017 0
2017 0
2017 0
2017 0
2017 0
2017 0
2017 0
2017 0
2017 0
2017 0
2017 0
2017 0
2017 0
2017 0
2017 0
2017 3
2017 18
2017 13
2017 3
2017 20
2017 13
2017 8
2017 0
2017 0
2017 0
2017 0
2017 0
2017 0
2017 0
2017 0
2017 0
2017 0
2017 0
2017 0
2017 0
2017 0
2017 0
2017 0
2017 0
2017 0
2017 0
2017 0
2017 0
2017 0
2017 0
2017 0
2017 0
2017 0
2017 0
2017 0
2017 0
2017 0
2017 0
2017 0
2017 0
2017 0
2017 0
2017 0
2017 0
2017 0
2017 0
2017 0
2017 0
2017 0
2017 0
2017 0
2017 0
2017 0
2017 0
2017 0
2017 0
2017 0
2017 0
2017 0
2017 0
2017 0
2017 0
2017 0
2017 0
2017 0
2017 0
2017 0
2017 0
2017 0
2017 0
2017 0
2017 0
2017 0
2017 0
2017 0
2017 0
2017 0
2017 0
2017 0
2017 0
2017 0
2017 0
2017 0
2017 0
2017 0
2017 0
2017 0
2017 0
2017 0
2017 0
2017 0
2017 0
2017 0
2017 0
2017 0
2017 0
2017 0
2017 0
2017 0
2017 0
2017 0
2017 0
2017 0
2017 0
2017 0
2017 0
2017 0
2017 0
2017 0
2017 0
2017 0
2017 0
2017 0
2017 0
2017 0
2017 0
2017 0
2017 0
2017 0
2017 0
2017 0
2017 0
2017 0
2017 0
2017 0
2017 0
2017 0
2018 0
2018 0
2018 0
2018 0
2018 0
2018 0
2018 0
2018 0
2018 0
2018 0
2018 0
2018 0
2018 0
2018 0
2018 0
2018 0
2018 0
2018 0
2018 0
2018 0
2018 0
2018 0
2018 0
2018 0
2018 0
2018 0
2018 0
2018 0
2018 0
2018 0
2018 0
2018 0
2018 0
2018 0
2018 0
2018 0
2018 0
2018 0
2018 0
2018 0
2018 0
2018 0
2018 0
2018 0
2018 0
2018 0
2018 0
2018 0
2018 0
2018 0
2018 0
2018 0
2018 2
2018 0
2018 0
2018 0
2018 0
2018 0
2018 0
2018 0
2018 0
2018 0
2018 0
2018 0
2018 0
2018 0
2018 7
2018 3
2018 3
2018 4
2018 0
2018 0
2018 0
2018 30
2018 27
2018 21
2018 18
2018 15
2018 12
2018 11
2018 11
2018 9
2018 8
2018 7
2018 5
2018 2
2018 11
2018 11
2018 9
2018 17
2018 14
2018 30
2018 25
2018 21
2018 20
2018 19
2018 18
2018 16
2018 30
2018 48
2018 46
2018 42
2018 76
2018 72
2018 82
2018 85
2018 102
2018 90
2018 87
2018 85
2018 83
2018 82
2018 76
2018 75
2018 73
2018 69
2018 69
2018 79
2018 120
2018 110
2018 130
2018 102
2018 110
2018 120
2018 115
2018 125
2018 95
2018 90
2018 86
2018 86
2018 86
2018 85
2018 92
2018 89
2018 89
2018 87
2018 87
2018 101
2018 102
2018 107
2018 124
2018 124
2018 132
2018 138
2018 134
2018 128
2018 125
2018 123
2018 122
2018 121
2018 120
2018 117
2018 112
2018 134
2018 146
2018 137
2018 134
2018 134
2018 130
2018 127
2018 127
2018 124
2018 128
2018 127
2018 140
2018 140
2018 137
2018 138
2018 126
2018 120
2018 122
2018 119
2018 118
2018 117
2018 116
2018 116
2018 115
2018 114
2018 114
2018 114
2018 114
2018 130
2018 126
2018 140
2018 150
2018 142
2018 136
2018 148
2018 150
2018 138
2018 129
2018 123
2018 123
2018 140
2018 145
2018 134
2018 138
2018 134
2018 154
2018 148
2018 143
2018 143
2018 138
2018 138
2018 134
2018 131
2018 129
2018 125
2018 121
2018 124
2018 119
2018 140
2018 141
2018 136
2018 126
2018 120
2018 120
2018 118
2018 111
2018 102
2018 100
2018 98
2018 102
2018 100
2018 94
2018 91
2018 87
2018 77
2018 74
2018 67
2018 56
2018 40
2018 31
2018 26
2018 15
2018 9
2018 4
2018 0
2018 0
2018 0
2018 0
2018 0
2018 0
2018 0
2018 0
2018 0
2018 0
2018 0
2018 0
2018 0
2018 0
2018 0
2018 0
2018 0
2018 0
2018 0
2018 0
2018 0
2018 0
2018 0
2018 0
2018 0
2018 0
2018 0
2018 0
2018 0
2018 0
2018 0
2018 0
2018 0
2018 0
2018 0
2018 0
2018 0
2018 0
2018 0
2018 0
2018 0
2018 0
2018 0
2018 0
2018 0
2018 0
2018 0
2018 0
2018 0
2018 0
2018 0
2018 0
2018 0
2018 0
2018 0
2018 0
2018 0
2018 0
2018 0
2018 0
2018 0
2018 0
2018 0
2018 0
2018 0
2018 0
2018 0
2018 0
2018 0
2018 0
2018 0
2018 0
2018 0
2018 0
2018 0
2018 0
2018 0
2018 0
2018 0
2018 0
2018 0
2018 0
2018 0
2018 0
2018 0
2018 0
2018 0
2018 0
2018 0
2018 0
2018 0
2018 0
2018 0
2018 0
2018 0
2018 0
2018 0
2018 0
2018 0
2018 0
2018 0
2018 0
2018 0
2018 0
2018 0
2018 0
2018 0
2018 0
2018 0
2018 0
2018 0
2018 0
2018 0
2018 0
2018 0
2018 0
2018 0
2018 0
2018 0
2018 0
2018 0
2018 0
2018 0
2018 0
2018 0
2018 0
2018 0
2018 0
2019 0
2019 0
2019 0
2019 0
2019 0
2019 0
2019 0
2019 0
2019 0
2019 0
2019 0
2019 0
2019 0
2019 0
2019 0
2019 0
2019 0
2019 0
2019 0
2019 0
2019 0
2019 0
2019 0
2019 0
2019 0
2019 0
2019 0
2019 0
2019 0
2019 0
2019 0
2019 0
2019 0
2019 0
2019 0
2019 0
2019 0
2019 0
2019 0
2019 0
2019 0
2019 0
2019 0
2019 0
2019 0
2019 0
2019 0
2019 0
2019 0
2019 0
2019 0
2019 0
2019 0
2019 0
2019 0
2019 0
2019 0
2019 2
2019 0
2019 13
2019 11
2019 2
2019 0
2019 0
2019 0
2019 0
2019 0
2019 0
2019 0
2019 0
2019 0
2019 0
2019 0
2019 0
2019 0
2019 0
2019 0
2019 0
2019 0
2019 0
2019 5
2019 2
2019 1
2019 0
2019 9
2019 8
2019 8
2019 13
2019 14
2019 12
2019 10
2019 8
2019 5
2019 0
2019 0
2019 0
2019 0
2019 0
2019 2
2019 4
2019 23
2019 28
2019 26
2019 24
2019 24
2019 22
2019 24
2019 27
2019 28
2019 28
2019 37
2019 38
2019 32
2019 26
2019 19
2019 18
2019 18
2019 17
2019 16
2019 16
2019 16
2019 15
2019 15
2019 15
2019 15
2019 14
2019 14
2019 13
2019 13
2019 13
2019 24
2019 34
2019 31
2019 28
2019 36
2019 57
2019 66
2019 59
2019 57
2019 68
2019 59
2019 59
2019 56
2019 55
2019 54
2019 71
2019 62
2019 57
2019 54
2019 87
2019 82
2019 108
2019 112
2019 116
2019 142
2019 147
2019 140
2019 134
2019 129
2019 124
2019 127
2019 122
2019 114
2019 124
2019 129
2019 119
2019 109
2019 104
2019 101
2019 95
2019 95
2019 92
2019 90
2019 86
2019 84
2019 82
2019 80
2019 76
2019 74
2019 72
2019 67
2019 64
2019 76
2019 71
2019 67
2019 67
2019 65
2019 74
2019 69
2019 65
2019 62
2019 60
2019 68
2019 69
2019 75
2019 105
2019 86
2019 78
2019 83
2019 79
2019 75
2019 75
2019 71
2019 69
2019 64
2019 60
2019 54
2019 52
2019 47
2019 45
2019 41
2019 35
2019 30
2019 25
2019 19
2019 70
2019 63
2019 50
2019 41
2019 33
2019 27
2019 24
2019 18
2019 15
2019 13
2019 10
2019 8
2019 4
2019 0
2019 0
2019 0
2019 0
2019 0
2019 0
2019 0
2019 0
2019 0
2019 20
2019 10
2019 0
2019 5
2019 0
2019 0
2019 0
2019 0
2019 0
2019 4
2019 2
2019 0
2019 0
2019 0
2019 0
2019 0
2019 0
2019 0
2019 0
2019 0
2019 0
2019 0
2019 0
2019 0
2019 0
2019 0
2019 0
2019 0
2019 0
2019 0
2019 0
2019 0
2019 0
2019 0
2019 0
2019 0
2019 0
2019 0
2019 0
2019 0
2019 0
2019 0
2019 0
2019 0
2019 0
2019 0
2019 0
2019 0
2019 0
2019 0
2019 0
2019 0
2019 0
2019 0
2019 0
2019 0
2019 0
2019 0
2019 0
2019 0
2019 0
2019 0
2019 0
2019 0
2019 0
2019 0
2019 0
2019 0
2019 0
2019 0
2019 0
2019 0
2019 0
2019 0
2019 0
2019 0
2019 0
2019 0
2019 0
2019 0
2019 0
2019 0
2019 0
2019 0
2019 0
2019 0
2019 0
2019 0
2019 0
2019 0
2019 0
2019 0
2019 0
2019 0
2019 0
2019 0
2019 0
2019 NA
2019 NA
2019 NA
2019 NA
2019 NA
2019 NA
2019 NA
2019 NA
2019 NA
2019 NA
2019 NA
2019 NA
2019 NA
2019 NA
2019 NA
2019 NA
2019 NA
2019 NA
2019 NA
2019 NA
2019 NA
2019 NA
2019 NA
2019 NA
2019 NA
2019 NA
2019 NA
2019 NA
2019 NA
2019 NA
2019 NA
