1997 4
1997 3
1997 3
1997 4
1997 4
1997 3
1997 3
1997 3
1997 3
1997 3
1997 3
1997 3
1997 3
1997 3
1997 4
1997 3
1997 3
1997 3
1997 3
1997 3
1997 3
1997 3
1997 3
1997 3
1997 4
1997 3
1997 3
1997 3
1997 3
1997 NA
1997 4
1997 20
1997 14
1997 NA
1997 NA
1997 NA
1997 NA
1997 NA
1997 1
1997 3
1997 1
1997 1
1997 1
1997 1
1997 1
1997 5
1997 31
1997 29
1997 24
1997 20
1997 14
1997 12
1997 11
1997 11
1997 10
1997 10
1997 10
1997 9
1997 8
1997 8
1997 8
1997 7
1997 9
1997 9
1997 9
1997 10
1997 11
1997 10
1997 12
1997 12
1997 11
1997 13
1997 37
1997 48
1997 114
1997 113
1997 101
1997 94
1997 99
1997 94
1997 90
1997 88
1997 92
1997 87
1997 88
1997 84
1997 90
1997 88
1997 85
1997 83
1997 106
1997 107
1997 109
1997 105
1997 101
1997 98
1997 95
1997 93
1997 91
1997 90
1997 88
1997 87
1997 86
1997 87
1997 87
1997 87
1997 86
1997 84
1997 84
1997 83
1997 89
1997 88
1997 89
1997 90
1997 89
1997 89
1997 89
1997 88
1997 88
1997 88
1997 88
1997 89
1997 92
1997 NA
1997 87
1997 89
1997 89
1997 NA
1997 93
1997 91
1997 90
1997 NA
1997 90
1997 89
1997 89
1997 88
1997 89
1997 89
1997 88
1997 88
1997 88
1997 88
1997 90
1997 89
1997 87
1997 87
1997 87
1997 87
1997 87
1997 86
1997 86
1997 87
1997 87
1997 87
1997 86
1997 87
1997 86
1997 87
1997 88
1997 88
1997 88
1997 88
1997 88
1997 89
1997 90
1997 94
1997 101
1997 103
1997 99
1997 98
1997 97
1997 113
1997 111
1997 109
1997 108
1997 107
1997 106
1997 105
1997 109
1997 117
1997 115
1997 113
1997 113
1997 112
1997 111
1997 110
1997 129
1997 126
1997 124
1997 122
1997 120
1997 119
1997 117
1997 117
1997 117
1997 119
1997 117
1997 116
1997 114
1997 119
1997 133
1997 128
1997 124
1997 123
1997 124
1997 125
1997 122
1997 119
1997 121
1997 142
1997 141
1997 136
1997 132
1997 129
1997 129
1997 129
1997 130
1997 130
1997 129
1997 128
1997 128
1997 126
1997 125
1997 127
1997 127
1997 127
1997 126
1997 130
1997 127
1997 126
1997 125
1997 135
1997 134
1997 131
1997 131
1997 130
1997 127
1997 126
1997 165
1997 147
1997 145
1997 146
1997 141
1997 138
1997 134
1997 129
1997 126
1997 137
1997 164
1997 159
1997 150
1997 149
1997 145
1997 141
1997 133
1997 125
1997 119
1997 112
1997 105
1997 101
1997 96
1997 91
1997 94
1997 94
1997 90
1997 87
1997 82
1997 77
1997 70
1997 66
1997 62
1997 56
1997 49
1997 48
1997 44
1997 40
1997 35
1997 29
1997 22
1997 12
1997 4
1997 3
1997 1
1997 1
1997 1
1997 1
1997 1
1997 1
1997 1
1997 1
1997 1
1997 1
1997 1
1997 1
1997 4
1997 1
1997 1
1997 1
1997 1
1997 1
1997 0
1997 1
1997 1
1997 1
1997 1
1997 0
1997 1
1997 9
1997 3
1997 1
1997 1
1997 1
1997 NA
1997 1
1997 1
1997 0
1997 1
1997 0
1997 0
1997 1
1997 1
1997 0
1997 1
1997 0
1997 0
1997 0
1997 0
1997 1
1997 0
1997 0
1997 0
1997 NA
1997 NA
1997 0
1997 1
1997 1
1997 0
1997 0
1997 1
1997 1
1997 1
1997 1
1997 1
1997 0
1997 1
1997 1
1997 1
1997 1
1997 1
1997 1
1997 1
1997 1
1997 1
1997 1
1997 1
1997 1
1997 1
1997 1
1997 1
1997 1
1997 1
1997 0
1997 6
1997 1
1997 1
1998 1
1998 1
1998 1
1998 1
1998 1
1998 1
1998 1
1998 1
1998 1
1998 0
1998 1
1998 1
1998 1
1998 1
1998 1
1998 1
1998 1
1998 1
1998 1
1998 1
1998 1
1998 1
1998 1
1998 1
1998 1
1998 1
1998 0
1998 1
1998 1
1998 1
1998 1
1998 1
1998 1
1998 0
1998 1
1998 1
1998 1
1998 1
1998 1
1998 1
1998 1
1998 1
1998 1
1998 1
1998 2
1998 2
1998 1
1998 1
1998 0
1998 1
1998 1
1998 2
1998 1
1998 1
1998 2
1998 2
1998 1
1998 1
1998 2
1998 3
1998 3
1998 3
1998 4
1998 3
1998 4
1998 4
1998 3
1998 3
1998 12
1998 26
1998 19
1998 27
1998 50
1998 48
1998 42
1998 40
1998 39
1998 36
1998 35
1998 34
1998 33
1998 34
1998 33
1998 33
1998 32
1998 32
1998 32
1998 31
1998 32
1998 33
1998 32
1998 32
1998 31
1998 43
1998 43
1998 41
1998 41
1998 41
1998 41
1998 40
1998 40
1998 41
1998 41
1998 41
1998 42
1998 42
1998 41
1998 46
1998 42
1998 41
1998 54
1998 60
1998 58
1998 57
1998 55
1998 54
1998 54
1998 52
1998 54
1998 53
1998 52
1998 50
1998 52
1998 49
1998 53
1998 51
1998 49
1998 54
1998 53
1998 52
1998 51
1998 51
1998 51
1998 50
1998 49
1998 51
1998 57
1998 56
1998 57
1998 56
1998 57
1998 76
1998 82
1998 80
1998 79
1998 78
1998 77
1998 76
1998 75
1998 75
1998 76
1998 74
1998 75
1998 74
1998 74
1998 73
1998 74
1998 74
1998 74
1998 74
1998 74
1998 74
1998 74
1998 74
1998 74
1998 73
1998 72
1998 72
1998 72
1998 72
1998 71
1998 71
1998 71
1998 70
1998 75
1998 88
1998 86
1998 84
1998 83
1998 83
1998 83
1998 84
1998 82
1998 82
1998 80
1998 80
1998 81
1998 82
1998 87
1998 85
1998 83
1998 83
1998 85
1998 90
1998 88
1998 91
1998 95
1998 95
1998 94
1998 96
1998 96
1998 116
1998 111
1998 110
1998 107
1998 106
1998 105
1998 103
1998 100
1998 98
1998 95
1998 93
1998 92
1998 92
1998 91
1998 90
1998 100
1998 130
1998 148
1998 136
1998 131
1998 149
1998 153
1998 151
1998 155
1998 149
1998 151
1998 153
1998 153
1998 153
1998 155
1998 148
1998 145
1998 142
1998 138
1998 134
1998 131
1998 125
1998 127
1998 153
1998 141
1998 137
1998 134
1998 134
1998 131
1998 129
1998 128
1998 127
1998 125
1998 120
1998 116
1998 111
1998 106
1998 102
1998 96
1998 92
1998 87
1998 83
1998 82
1998 82
1998 79
1998 76
1998 73
1998 71
1998 67
1998 67
1998 68
1998 62
1998 60
1998 56
1998 52
1998 45
1998 42
1998 37
1998 26
1998 10
1998 4
1998 2
1998 1
1998 1
1998 3
1998 1
1998 2
1998 7
1998 14
1998 8
1998 1
1998 1
1998 1
1998 1
1998 1
1998 1
1998 1
1998 1
1998 1
1998 NA
1998 NA
1998 NA
1998 NA
1998 NA
1998 NA
1998 NA
1998 NA
1998 NA
1998 NA
1998 NA
1998 NA
1998 NA
1998 NA
1998 NA
1998 NA
1998 NA
1998 NA
1998 NA
1998 NA
1998 NA
1998 NA
1998 NA
1998 NA
1998 NA
1998 NA
1998 NA
1998 NA
1998 NA
1998 NA
1998 NA
1998 NA
1998 NA
1998 NA
1998 NA
1998 NA
1998 NA
1998 NA
1998 NA
1998 NA
1998 NA
1998 NA
1998 NA
1998 NA
1998 NA
1998 NA
1998 NA
1998 NA
1998 NA
1998 NA
1998 NA
1998 NA
1998 NA
1998 NA
1998 NA
1998 NA
1998 NA
1998 NA
1998 NA
1998 NA
1998 NA
1998 NA
1998 NA
1998 NA
1998 NA
1998 NA
1998 NA
1998 NA
1998 NA
1998 NA
1999 NA
1999 NA
1999 NA
1999 NA
1999 NA
1999 NA
1999 NA
1999 NA
1999 NA
1999 NA
1999 NA
1999 NA
1999 NA
1999 NA
1999 NA
1999 NA
1999 NA
1999 NA
1999 NA
1999 NA
1999 NA
1999 NA
1999 NA
1999 NA
1999 1
1999 1
1999 NA
1999 NA
1999 1
1999 1
1999 8
1999 10
1999 5
1999 23
1999 31
1999 22
1999 33
1999 24
1999 23
1999 22
1999 20
1999 19
1999 19
1999 16
1999 14
1999 11
1999 11
1999 NA
1999 NA
1999 NA
1999 NA
1999 NA
1999 NA
1999 NA
1999 NA
1999 NA
1999 NA
1999 NA
1999 NA
1999 NA
1999 NA
1999 NA
1999 NA
1999 NA
1999 NA
1999 NA
1999 NA
1999 NA
1999 NA
1999 NA
1999 NA
1999 NA
1999 NA
1999 NA
1999 NA
1999 NA
1999 NA
1999 32
1999 32
1999 33
1999 NA
1999 NA
1999 33
1999 33
1999 36
1999 35
1999 37
1999 41
1999 40
1999 40
1999 40
1999 40
1999 39
1999 40
1999 40
1999 NA
1999 NA
1999 NA
1999 46
1999 45
1999 45
1999 47
1999 48
1999 49
1999 47
1999 45
1999 45
1999 43
1999 44
1999 45
1999 51
1999 54
1999 51
1999 49
1999 48
1999 48
1999 47
1999 46
1999 46
1999 46
1999 46
1999 46
1999 42
1999 43
1999 43
1999 48
1999 NA
1999 NA
1999 45
1999 46
1999 47
1999 46
1999 54
1999 54
1999 58
1999 58
1999 56
1999 54
1999 52
1999 51
1999 51
1999 52
1999 51
1999 51
1999 51
1999 52
1999 51
1999 52
1999 67
1999 90
1999 105
1999 95
1999 90
1999 88
1999 86
1999 84
1999 84
1999 92
1999 126
1999 123
1999 118
1999 116
1999 121
1999 109
1999 111
1999 109
1999 111
1999 109
1999 110
1999 122
1999 130
1999 131
1999 131
1999 129
1999 155
1999 152
1999 155
1999 153
1999 148
1999 144
1999 141
1999 139
1999 137
1999 134
1999 149
1999 161
1999 164
1999 173
1999 163
1999 158
1999 155
1999 152
1999 150
1999 148
1999 146
1999 145
1999 143
1999 142
1999 141
1999 141
1999 140
1999 139
1999 148
1999 147
1999 NA
1999 143
1999 142
1999 144
1999 143
1999 141
1999 140
1999 138
1999 138
1999 137
1999 135
1999 134
1999 132
1999 130
1999 150
1999 144
1999 138
1999 136
1999 141
1999 141
1999 145
1999 145
1999 168
1999 253
1999 230
1999 223
1999 214
1999 206
1999 204
1999 196
1999 191
1999 189
1999 182
1999 177
1999 172
1999 169
1999 163
1999 160
1999 154
1999 150
1999 146
1999 141
1999 138
1999 134
1999 130
1999 127
1999 126
1999 121
1999 114
1999 109
1999 102
1999 99
1999 97
1999 96
1999 95
1999 86
1999 85
1999 84
1999 99
1999 NA
1999 NA
1999 NA
1999 NA
1999 NA
1999 NA
1999 62
1999 55
1999 47
1999 41
1999 27
1999 6
1999 6
1999 13
1999 NA
1999 6
1999 5
1999 12
1999 5
1999 4
1999 3
1999 NA
1999 NA
1999 2
1999 1
1999 1
1999 1
1999 NA
1999 1
1999 1
1999 3
1999 NA
1999 1
1999 1
1999 1
1999 1
1999 1
1999 1
1999 1
1999 1
1999 1
1999 0
1999 1
1999 0
1999 0
1999 2
1999 1
1999 1
1999 1
1999 1
1999 0
1999 0
1999 0
1999 1
1999 3
1999 0
1999 2
1999 3
1999 0
1999 1
1999 0
1999 1
1999 0
1999 0
1999 2
1999 0
1999 0
1999 2
1999 0
1999 0
1999 3
1999 1
1999 4
1999 1
1999 5
1999 1
1999 0
1999 0
1999 0
1999 6
1999 NA
1999 NA
1999 2
1999 2
1999 2
1999 2
1999 2
1999 2
1999 2
1999 2
1999 2
1999 2
1999 2
1999 2
1999 2
1999 1
1999 2
1999 2
1999 2
1999 2
1999 2
1999 1
2000 2
2000 2
2000 1
2000 2
2000 1
2000 2
2000 2
2000 2
2000 2
2000 1
2000 1
2000 1
2000 1
2000 1
2000 1
2000 1
2000 1
2000 2
2000 2
2000 1
2000 2
2000 1
2000 1
2000 1
2000 1
2000 2
2000 2
2000 9
2000 2
2000 1
2000 1
2000 1
2000 38
2000 31
2000 27
2000 24
2000 22
2000 19
2000 17
2000 15
2000 12
2000 11
2000 10
2000 8
2000 7
2000 7
2000 7
2000 7
2000 7
2000 7
2000 2
2000 1
2000 1
2000 2
2000 1
2000 1
2000 0
2000 1
2000 0
2000 1
2000 0
2000 1
2000 1
2000 8
2000 4
2000 2
2000 16
2000 10
2000 10
2000 11
2000 25
2000 25
2000 22
2000 20
2000 19
2000 21
2000 20
2000 26
2000 24
2000 16
2000 18
2000 21
2000 23
2000 30
2000 27
2000 25
2000 NA
2000 23
2000 23
2000 21
2000 21
2000 21
2000 21
2000 19
2000 18
2000 18
2000 18
2000 19
2000 19
2000 24
2000 50
2000 48
2000 40
2000 38
2000 36
2000 41
2000 45
2000 42
2000 40
2000 40
2000 35
2000 36
2000 35
2000 35
2000 35
2000 NA
2000 54
2000 75
2000 78
2000 85
2000 79
2000 77
2000 73
2000 65
2000 63
2000 62
2000 61
2000 61
2000 61
2000 60
2000 61
2000 60
2000 60
2000 59
2000 59
2000 59
2000 59
2000 59
2000 60
2000 60
2000 60
2000 61
2000 60
2000 65
2000 64
2000 63
2000 62
2000 63
2000 62
2000 63
2000 64
2000 90
2000 87
2000 84
2000 83
2000 81
2000 79
2000 78
2000 78
2000 77
2000 78
2000 93
2000 97
2000 97
2000 93
2000 93
2000 92
2000 90
2000 99
2000 112
2000 109
2000 122
2000 128
2000 122
2000 117
2000 114
2000 112
2000 110
2000 108
2000 107
2000 105
2000 105
2000 111
2000 115
2000 113
2000 115
2000 115
2000 113
2000 112
2000 110
2000 112
2000 NA
2000 111
2000 110
2000 109
2000 109
2000 114
2000 115
2000 113
2000 131
2000 127
2000 126
2000 125
2000 123
2000 122
2000 120
2000 119
2000 137
2000 146
2000 144
2000 148
2000 145
2000 142
2000 142
2000 138
2000 NA
2000 135
2000 137
2000 142
2000 140
2000 138
2000 137
2000 136
2000 133
2000 152
2000 NA
2000 142
2000 142
2000 139
2000 148
2000 170
2000 162
2000 153
2000 146
2000 139
2000 134
2000 145
2000 136
2000 133
2000 129
2000 125
2000 121
2000 117
2000 113
2000 107
2000 102
2000 98
2000 94
2000 92
2000 86
2000 84
2000 78
2000 70
2000 63
2000 61
2000 56
2000 50
2000 42
2000 35
2000 28
2000 22
2000 24
2000 26
2000 21
2000 23
2000 17
2000 12
2000 5
2000 5
2000 4
2000 3
2000 4
2000 2
2000 2
2000 1
2000 2
2000 2
2000 1
2000 2
2000 2
2000 2
2000 2
2000 1
2000 1
2000 2
2000 1
2000 2
2000 2
2000 2
2000 2
2000 1
2000 1
2000 1
2000 2
2000 1
2000 1
2000 2
2000 2
2000 2
2000 1
2000 NA
2000 1
2000 2
2000 NA
2000 1
2000 1
2000 1
2000 2
2000 1
2000 2
2000 2
2000 2
2000 2
2000 2
2000 30
2000 26
2000 20
2000 16
2000 16
2000 14
2000 9
2000 4
2000 1
2000 1
2000 1
2000 1
2000 2
2000 2
2000 1
2000 2
2000 1
2000 1
2000 2
2000 2
2000 1
2000 1
2000 3
2000 2
2000 1
2000 1
2000 1
2000 3
2000 2
2000 2
2000 1
2000 1
2000 2
2000 1
2000 1
2000 1
2000 6
2000 1
2000 1
2000 1
2000 1
2000 1
2000 1
2000 1
2000 1
2000 1
2000 1
2000 1
2000 1
2000 1
2000 1
2000 1
2001 1
2001 2
2001 2
2001 1
2001 1
2001 1
2001 2
2001 1
2001 0
2001 1
2001 1
2001 1
2001 1
2001 1
2001 1
2001 2
2001 1
2001 1
2001 1
2001 2
2001 14
2001 6
2001 1
2001 1
2001 1
2001 1
2001 1
2001 1
2001 1
2001 2
2001 2
2001 5
2001 4
2001 1
2001 2
2001 11
2001 6
2001 3
2001 5
2001 4
2001 8
2001 12
2001 2
2001 1
2001 2
2001 1
2001 2
2001 1
2001 2
2001 1
2001 1
2001 0
2001 1
2001 1
2001 1
2001 1
2001 2
2001 1
2001 1
2001 1
2001 25
2001 38
2001 30
2001 29
2001 47
2001 40
2001 54
2001 46
2001 NA
2001 46
2001 NA
2001 42
2001 33
2001 27
2001 69
2001 73
2001 85
2001 122
2001 122
2001 114
2001 110
2001 116
2001 112
2001 121
2001 137
2001 141
2001 135
2001 131
2001 128
2001 125
2001 123
2001 121
2001 119
2001 119
2001 118
2001 116
2001 117
2001 127
2001 140
2001 NA
2001 NA
2001 144
2001 141
2001 139
2001 138
2001 149
2001 148
2001 145
2001 143
2001 141
2001 140
2001 139
2001 138
2001 137
2001 NA
2001 148
2001 147
2001 147
2001 145
2001 160
2001 158
2001 156
2001 154
2001 160
2001 159
2001 160
2001 159
2001 175
2001 220
2001 229
2001 213
2001 209
2001 207
2001 206
2001 204
2001 202
2001 200
2001 199
2001 198
2001 204
2001 201
2001 200
2001 198
2001 198
2001 198
2001 206
2001 214
2001 243
2001 243
2001 235
2001 232
2001 231
2001 228
2001 227
2001 223
2001 228
2001 231
2001 233
2001 230
2001 233
2001 250
2001 264
2001 260
2001 255
2001 251
2001 249
2001 246
2001 245
2001 243
2001 242
2001 242
2001 240
2001 239
2001 237
2001 254
2001 262
2001 266
2001 261
2001 255
2001 252
2001 251
2001 251
2001 249
2001 256
2001 261
2001 263
2001 261
2001 259
2001 260
2001 279
2001 275
2001 272
2001 270
2001 295
2001 293
2001 287
2001 NA
2001 285
2001 282
2001 283
2001 282
2001 281
2001 286
2001 281
2001 276
2001 293
2001 288
2001 285
2001 288
2001 292
2001 315
2001 308
2001 305
2001 300
2001 296
2001 294
2001 300
2001 296
2001 311
2001 303
2001 302
2001 305
2001 304
2001 302
2001 301
2001 299
2001 300
2001 299
2001 299
2001 297
2001 303
2001 315
2001 310
2001 313
2001 307
2001 302
2001 297
2001 300
2001 299
2001 297
2001 295
2001 293
2001 286
2001 281
2001 279
2001 277
2001 272
2001 269
2001 264
2001 259
2001 254
2001 251
2001 247
2001 243
2001 237
2001 232
2001 230
2001 228
2001 221
2001 220
2001 217
2001 213
2001 209
2001 205
2001 199
2001 194
2001 190
2001 184
2001 180
2001 173
2001 166
2001 158
2001 152
2001 151
2001 149
2001 155
2001 149
2001 145
2001 146
2001 141
2001 134
2001 128
2001 137
2001 165
2001 154
2001 145
2001 142
2001 135
2001 134
2001 136
2001 136
2001 135
2001 130
2001 NA
2001 NA
2001 NA
2001 NA
2001 97
2001 87
2001 80
2001 74
2001 66
2001 57
2001 50
2001 37
2001 28
2001 22
2001 11
2001 1
2001 1
2001 1
2001 0
2001 1
2001 1
2001 1
2001 1
2001 1
2001 1
2001 1
2001 1
2001 1
2001 1
2001 1
2001 1
2001 0
2001 1
2001 1
2001 1
2001 1
2001 1
2001 0
2001 1
2001 1
2001 1
2001 1
2001 1
2001 1
2001 NA
2001 NA
2001 NA
2001 NA
2001 NA
2001 NA
2001 NA
2001 NA
2001 NA
2001 NA
2001 NA
2001 NA
2001 1
2001 0
2001 1
2001 1
2001 1
2001 1
2001 1
2001 1
2001 0
2001 1
2001 1
2001 1
2001 1
2001 0
2001 1
2001 4
2002 1
2002 1
2002 1
2002 0
2002 1
2002 1
2002 1
2002 1
2002 1
2002 1
2002 1
2002 1
2002 1
2002 34
2002 25
2002 24
2002 23
2002 20
2002 19
2002 13
2002 12
2002 11
2002 6
2002 1
2002 13
2002 7
2002 2
2002 1
2002 1
2002 1
2002 1
2002 NA
2002 1
2002 1
2002 1
2002 1
2002 1
2002 1
2002 1
2002 1
2002 0
2002 1
2002 0
2002 0
2002 0
2002 1
2002 1
2002 1
2002 1
2002 1
2002 5
2002 4
2002 2
2002 2
2002 1
2002 1
2002 0
2002 1
2002 0
2002 1
2002 0
2002 1
2002 0
2002 1
2002 1
2002 1
2002 1
2002 1
2002 1
2002 1
2002 5
2002 2
2002 9
2002 9
2002 12
2002 11
2002 10
2002 9
2002 9
2002 9
2002 10
2002 9
2002 11
2002 10
2002 11
2002 13
2002 15
2002 19
2002 18
2002 18
2002 19
2002 18
2002 18
2002 18
2002 18
2002 22
2002 19
2002 23
2002 22
2002 23
2002 22
2002 23
2002 23
2002 22
2002 21
2002 23
2002 24
2002 23
2002 23
2002 23
2002 23
2002 24
2002 24
2002 25
2002 25
2002 25
2002 28
2002 NA
2002 26
2002 25
2002 32
2002 23
2002 23
2002 24
2002 24
2002 24
2002 24
2002 23
2002 23
2002 23
2002 23
2002 23
2002 23
2002 24
2002 23
2002 22
2002 22
2002 23
2002 23
2002 23
2002 24
2002 25
2002 25
2002 24
2002 23
2002 28
2002 28
2002 27
2002 30
2002 31
2002 29
2002 28
2002 27
2002 27
2002 26
2002 26
2002 25
2002 26
2002 51
2002 52
2002 51
2002 48
2002 54
2002 51
2002 49
2002 NA
2002 47
2002 51
2002 50
2002 48
2002 48
2002 49
2002 48
2002 43
2002 44
2002 44
2002 55
2002 56
2002 54
2002 53
2002 55
2002 57
2002 65
2002 96
2002 89
2002 84
2002 90
2002 81
2002 79
2002 78
2002 77
2002 76
2002 74
2002 73
2002 72
2002 71
2002 71
2002 70
2002 69
2002 79
2002 83
2002 80
2002 83
2002 99
2002 103
2002 99
2002 NA
2002 97
2002 96
2002 94
2002 93
2002 91
2002 90
2002 89
2002 89
2002 88
2002 90
2002 89
2002 89
2002 88
2002 92
2002 89
2002 88
2002 86
2002 87
2002 90
2002 96
2002 93
2002 93
2002 89
2002 97
2002 96
2002 90
2002 88
2002 87
2002 90
2002 93
2002 88
2002 92
2002 90
2002 89
2002 88
2002 87
2002 86
2002 103
2002 134
2002 133
2002 119
2002 113
2002 108
2002 103
2002 101
2002 101
2002 99
2002 94
2002 90
2002 86
2002 81
2002 75
2002 67
2002 65
2002 60
2002 54
2002 50
2002 46
2002 54
2002 47
2002 49
2002 72
2002 71
2002 59
2002 52
2002 48
2002 43
2002 36
2002 31
2002 24
2002 7
2002 8
2002 7
2002 7
2002 6
2002 5
2002 5
2002 3
2002 2
2002 2
2002 1
2002 1
2002 1
2002 1
2002 1
2002 1
2002 1
2002 1
2002 NA
2002 1
2002 1
2002 1
2002 1
2002 1
2002 1
2002 1
2002 1
2002 1
2002 1
2002 1
2002 1
2002 1
2002 1
2002 1
2002 1
2002 1
2002 1
2002 1
2002 1
2002 1
2002 1
2002 1
2002 1
2002 1
2002 1
2002 1
2002 1
2002 2
2002 1
2002 1
2002 1
2002 2
2002 1
2002 1
2002 1
2002 1
2002 1
2002 1
2002 1
2002 1
2002 2
2002 1
2002 2
2002 2
2002 3
2002 1
2002 1
2002 5
2002 1
2002 1
2002 1
2002 1
2002 1
2002 1
2002 1
2002 1
2002 1
2002 2
2002 1
2002 1
2002 1
2002 1
2002 1
2002 2
2002 1
2002 1
2002 1
2002 1
2003 1
2003 1
2003 1
2003 1
2003 1
2003 1
2003 1
2003 1
2003 1
2003 1
2003 1
2003 1
2003 1
2003 1
2003 1
2003 1
2003 1
2003 1
2003 1
2003 1
2003 1
2003 1
2003 2
2003 3
2003 9
2003 10
2003 8
2003 6
2003 5
2003 3
2003 0
2003 0
2003 1
2003 1
2003 1
2003 1
2003 1
2003 1
2003 1
2003 1
2003 1
2003 2
2003 0
2003 1
2003 1
2003 1
2003 6
2003 27
2003 24
2003 20
2003 14
2003 11
2003 12
2003 14
2003 10
2003 10
2003 10
2003 9
2003 9
2003 9
2003 10
2003 9
2003 14
2003 13
2003 13
2003 12
2003 12
2003 13
2003 16
2003 17
2003 17
2003 17
2003 18
2003 18
2003 34
2003 77
2003 NA
2003 73
2003 NA
2003 NA
2003 85
2003 79
2003 94
2003 88
2003 84
2003 112
2003 124
2003 115
2003 111
2003 143
2003 135
2003 130
2003 140
2003 140
2003 136
2003 132
2003 129
2003 128
2003 126
2003 125
2003 124
2003 124
2003 123
2003 125
2003 124
2003 127
2003 126
2003 126
2003 130
2003 127
2003 127
2003 126
2003 126
2003 125
2003 125
2003 130
2003 127
2003 123
2003 139
2003 138
2003 135
2003 139
2003 137
2003 135
2003 133
2003 132
2003 145
2003 141
2003 140
2003 137
2003 137
2003 134
2003 133
2003 133
2003 135
2003 133
2003 132
2003 133
2003 132
2003 132
2003 130
2003 132
2003 134
2003 137
2003 140
2003 145
2003 143
2003 149
2003 152
2003 148
2003 150
2003 152
2003 153
2003 154
2003 152
2003 151
2003 161
2003 159
2003 179
2003 175
2003 174
2003 171
2003 169
2003 168
2003 166
2003 164
2003 164
2003 163
2003 162
2003 163
2003 162
2003 161
2003 161
2003 160
2003 159
2003 159
2003 159
2003 158
2003 157
2003 159
2003 159
2003 159
2003 159
2003 163
2003 163
2003 162
2003 161
2003 163
2003 163
2003 162
2003 161
2003 160
2003 160
2003 162
2003 161
2003 162
2003 161
2003 160
2003 160
2003 160
2003 160
2003 159
2003 160
2003 159
2003 158
2003 158
2003 157
2003 157
2003 155
2003 154
2003 153
2003 152
2003 150
2003 170
2003 165
2003 164
2003 162
2003 166
2003 172
2003 170
2003 170
2003 168
2003 168
2003 171
2003 167
2003 165
2003 163
2003 161
2003 159
2003 156
2003 155
2003 155
2003 154
2003 152
2003 152
2003 150
2003 146
2003 144
2003 142
2003 139
2003 133
2003 121
2003 122
2003 119
2003 116
2003 111
2003 105
2003 96
2003 89
2003 80
2003 75
2003 73
2003 66
2003 62
2003 61
2003 62
2003 61
2003 58
2003 55
2003 50
2003 42
2003 43
2003 42
2003 45
2003 35
2003 27
2003 19
2003 14
2003 8
2003 1
2003 0
2003 0
2003 1
2003 1
2003 1
2003 1
2003 1
2003 1
2003 1
2003 1
2003 1
2003 1
2003 1
2003 1
2003 1
2003 1
2003 1
2003 1
2003 1
2003 1
2003 1
2003 1
2003 1
2003 1
2003 1
2003 1
2003 NA
2003 1
2003 1
2003 1
2003 1
2003 1
2003 1
2003 2
2003 2
2003 7
2003 1
2003 3
2003 1
2003 1
2003 1
2003 1
2003 1
2003 1
2003 1
2003 1
2003 NA
2003 1
2003 1
2003 1
2003 NA
2003 1
2003 1
2003 2
2003 1
2003 1
2003 NA
2003 2
2003 1
2003 1
2003 1
2003 1
2003 1
2003 1
2003 1
2003 1
2003 1
2003 1
2003 1
2003 1
2003 1
2003 1
2003 1
2003 1
2003 1
2003 1
2003 1
2003 1
2003 1
2003 1
2003 1
2003 1
2003 1
2003 1
2003 1
2003 1
2003 1
2003 1
2003 1
2003 1
2003 1
2003 1
2003 1
2003 1
2003 1
2004 1
2004 1
2004 1
2004 1
2004 3
2004 3
2004 3
2004 3
2004 3
2004 3
2004 NA
2004 NA
2004 NA
2004 NA
2004 NA
2004 2
2004 2
2004 2
2004 2
2004 2
2004 2
2004 3
2004 3
2004 3
2004 2
2004 3
2004 3
2004 3
2004 3
2004 3
2004 3
2004 2
2004 3
2004 3
2004 9
2004 7
2004 7
2004 NA
2004 14
2004 10
2004 10
2004 9
2004 10
2004 8
2004 8
2004 8
2004 7
2004 7
2004 4
2004 8
2004 15
2004 15
2004 28
2004 46
2004 39
2004 35
2004 31
2004 30
2004 28
2004 34
2004 NA
2004 67
2004 63
2004 56
2004 54
2004 51
2004 49
2004 49
2004 52
2004 45
2004 43
2004 43
2004 43
2004 NA
2004 45
2004 43
2004 42
2004 44
2004 44
2004 43
2004 42
2004 43
2004 42
2004 42
2004 41
2004 41
2004 41
2004 45
2004 64
2004 63
2004 60
2004 57
2004 55
2004 54
2004 53
2004 52
2004 52
2004 51
2004 51
2004 51
2004 51
2004 51
2004 50
2004 51
2004 50
2004 78
2004 89
2004 83
2004 79
2004 76
2004 75
2004 74
2004 81
2004 79
2004 78
2004 77
2004 77
2004 68
2004 78
2004 106
2004 102
2004 100
2004 98
2004 100
2004 98
2004 96
2004 93
2004 92
2004 91
2004 90
2004 93
2004 103
2004 101
2004 105
2004 115
2004 113
2004 112
2004 116
2004 118
2004 120
2004 118
2004 131
2004 131
2004 126
2004 124
2004 123
2004 121
2004 122
2004 122
2004 133
2004 128
2004 125
2004 124
2004 121
2004 NA
2004 120
2004 118
2004 118
2004 117
2004 120
2004 120
2004 137
2004 132
2004 136
2004 137
2004 134
2004 133
2004 131
2004 129
2004 128
2004 127
2004 134
2004 131
2004 132
2004 130
2004 141
2004 139
2004 137
2004 136
2004 144
2004 141
2004 141
2004 141
2004 140
2004 139
2004 138
2004 138
2004 138
2004 145
2004 145
2004 142
2004 141
2004 158
2004 154
2004 156
2004 154
2004 153
2004 150
2004 149
2004 148
2004 147
2004 145
2004 143
2004 152
2004 161
2004 158
2004 156
2004 164
2004 157
2004 155
2004 152
2004 150
2004 149
2004 148
2004 146
2004 148
2004 147
2004 149
2004 149
2004 154
2004 151
2004 154
2004 167
2004 164
2004 161
2004 163
2004 160
2004 158
2004 157
2004 157
2004 156
2004 178
2004 172
2004 166
2004 161
2004 157
2004 154
2004 153
2004 151
2004 148
2004 147
2004 145
2004 140
2004 138
2004 136
2004 135
2004 134
2004 143
2004 159
2004 162
2004 156
2004 160
2004 151
2004 146
2004 142
2004 143
2004 139
2004 137
2004 135
2004 130
2004 125
2004 120
2004 115
2004 112
2004 110
2004 109
2004 108
2004 105
2004 101
2004 98
2004 99
2004 96
2004 91
2004 90
2004 90
2004 88
2004 96
2004 91
2004 86
2004 83
2004 77
2004 70
2004 63
2004 53
2004 45
2004 40
2004 40
2004 35
2004 30
2004 26
2004 15
2004 6
2004 3
2004 8
2004 4
2004 2
2004 2
2004 2
2004 3
2004 2
2004 3
2004 3
2004 3
2004 3
2004 3
2004 3
2004 3
2004 3
2004 3
2004 3
2004 3
2004 3
2004 3
2004 2
2004 5
2004 3
2004 3
2004 2
2004 2
2004 2
2004 2
2004 2
2004 2
2004 NA
2004 2
2004 2
2004 2
2004 3
2004 2
2004 3
2004 2
2004 2
2004 2
2004 3
2004 2
2004 2
2004 2
2004 NA
2004 3
2004 3
2004 3
2004 2
2004 2
2004 3
2004 3
2004 4
2004 2
2004 3
2004 5
2004 4
2004 5
2004 3
2004 2
2004 5
2004 3
2004 6
2004 3
2004 4
2004 2
2004 2
2004 2
2004 6
2004 5
2004 2
2004 4
2004 3
2005 2
2005 2
2005 2
2005 2
2005 4
2005 2
2005 2
2005 2
2005 1
2005 2
2005 2
2005 2
2005 3
2005 2
2005 5
2005 3
2005 2
2005 2
2005 3
2005 3
2005 3
2005 3
2005 2
2005 2
2005 3
2005 2
2005 3
2005 3
2005 2
2005 3
2005 3
2005 2
2005 2
2005 3
2005 2
2005 3
2005 3
2005 2
2005 3
2005 3
2005 2
2005 2
2005 2
2005 2
2005 3
2005 18
2005 16
2005 10
2005 7
2005 2
2005 3
2005 2
2005 3
2005 2
2005 2
2005 2
2005 2
2005 3
2005 3
2005 2
2005 2
2005 3
2005 2
2005 3
2005 3
2005 3
2005 2
2005 3
2005 2
2005 3
2005 4
2005 7
2005 7
2005 6
2005 6
2005 6
2005 6
2005 6
2005 6
2005 10
2005 7
2005 7
2005 7
2005 7
2005 7
2005 7
2005 8
2005 8
2005 8
2005 10
2005 18
2005 17
2005 18
2005 16
2005 15
2005 15
2005 15
2005 16
2005 16
2005 15
2005 16
2005 16
2005 16
2005 16
2005 16
2005 16
2005 16
2005 17
2005 21
2005 22
2005 25
2005 25
2005 25
2005 25
2005 24
2005 16
2005 26
2005 28
2005 32
2005 27
2005 25
2005 25
2005 25
2005 27
2005 25
2005 25
2005 25
2005 27
2005 26
2005 25
2005 25
2005 26
2005 25
2005 25
2005 26
2005 26
2005 25
2005 24
2005 24
2005 25
2005 29
2005 31
2005 55
2005 67
2005 64
2005 55
2005 54
2005 53
2005 53
2005 52
2005 52
2005 51
2005 51
2005 79
2005 80
2005 71
2005 69
2005 67
2005 66
2005 65
2005 64
2005 64
2005 64
2005 67
2005 67
2005 83
2005 75
2005 77
2005 78
2005 77
2005 76
2005 76
2005 84
2005 91
2005 89
2005 86
2005 84
2005 82
2005 82
2005 83
2005 82
2005 82
2005 82
2005 82
2005 85
2005 84
2005 85
2005 85
2005 83
2005 83
2005 83
2005 82
2005 81
2005 86
2005 84
2005 83
2005 81
2005 80
2005 78
2005 76
2005 75
2005 74
2005 73
2005 70
2005 68
2005 67
2005 66
2005 69
2005 67
2005 71
2005 73
2005 71
2005 69
2005 68
2005 68
2005 68
2005 67
2005 67
2005 67
2005 68
2005 93
2005 90
2005 83
2005 78
2005 76
2005 74
2005 74
2005 74
2005 79
2005 85
2005 93
2005 91
2005 89
2005 88
2005 86
2005 84
2005 89
2005 85
2005 82
2005 80
2005 77
2005 73
2005 68
2005 62
2005 56
2005 56
2005 57
2005 58
2005 56
2005 56
2005 55
2005 59
2005 57
2005 54
2005 52
2005 50
2005 47
2005 48
2005 50
2005 66
2005 57
2005 52
2005 44
2005 36
2005 48
2005 39
2005 33
2005 23
2005 11
2005 10
2005 9
2005 7
2005 7
2005 6
2005 6
2005 5
2005 5
2005 5
2005 5
2005 4
2005 4
2005 4
2005 4
2005 4
2005 4
2005 3
2005 3
2005 3
2005 3
2005 3
2005 3
2005 3
2005 3
2005 3
2005 3
2005 3
2005 3
2005 3
2005 3
2005 2
2005 3
2005 3
2005 3
2005 3
2005 3
2005 3
2005 3
2005 3
2005 4
2005 3
2005 4
2005 3
2005 3
2005 3
2005 3
2005 3
2005 4
2005 3
2005 3
2005 3
2005 3
2005 3
2005 3
2005 5
2005 3
2005 4
2005 4
2005 3
2005 3
2005 3
2005 3
2005 6
2005 9
2005 10
2005 5
2005 5
2005 6
2005 7
2005 7
2005 5
2005 3
2005 5
2005 3
2005 3
2005 8
2005 3
2005 6
2005 4
2005 3
2005 3
2005 3
2005 7
2005 7
2005 9
2005 10
2005 3
2005 5
2005 12
2005 3
2005 11
2005 5
2005 3
2005 3
2005 3
2005 3
2006 3
2006 3
2006 3
2006 6
2006 3
2006 3
2006 3
2006 3
2006 3
2006 3
2006 3
2006 3
2006 3
2006 3
2006 3
2006 3
2006 3
2006 3
2006 3
2006 3
2006 3
2006 3
2006 3
2006 3
2006 3
2006 3
2006 2
2006 2
2006 2
2006 2
2006 2
2006 27
2006 26
2006 30
2006 20
2006 16
2006 12
2006 10
2006 7
2006 5
2006 5
2006 4
2006 4
2006 2
2006 1
2006 2
2006 2
2006 NA
2006 2
2006 2
2006 2
2006 2
2006 2
2006 2
2006 2
2006 1
2006 2
2006 2
2006 1
2006 2
2006 2
2006 2
2006 2
2006 2
2006 2
2006 5
2006 7
2006 5
2006 5
2006 6
2006 5
2006 6
2006 6
2006 6
2006 6
2006 6
2006 6
2006 6
2006 7
2006 10
2006 9
2006 8
2006 8
2006 7
2006 7
2006 5
2006 10
2006 13
2006 11
2006 12
2006 13
2006 13
2006 18
2006 41
2006 30
2006 28
2006 28
2006 32
2006 33
2006 28
2006 28
2006 26
2006 27
2006 27
2006 27
2006 27
2006 42
2006 45
2006 42
2006 41
2006 42
2006 41
2006 40
2006 42
2006 40
2006 39
2006 39
2006 43
2006 40
2006 40
2006 40
2006 45
2006 42
2006 43
2006 44
2006 43
2006 43
2006 42
2006 43
2006 43
2006 42
2006 42
2006 43
2006 42
2006 42
2006 42
2006 42
2006 42
2006 42
2006 51
2006 47
2006 46
2006 47
2006 46
2006 47
2006 46
2006 46
2006 47
2006 59
2006 57
2006 55
2006 53
2006 53
2006 53
2006 53
2006 52
2006 52
2006 52
2006 51
2006 52
2006 52
2006 57
2006 62
2006 57
2006 59
2006 58
2006 59
2006 59
2006 57
2006 63
2006 77
2006 71
2006 75
2006 74
2006 74
2006 73
2006 72
2006 74
2006 75
2006 75
2006 74
2006 76
2006 76
2006 73
2006 80
2006 89
2006 86
2006 97
2006 101
2006 101
2006 103
2006 102
2006 104
2006 103
2006 101
2006 99
2006 97
2006 96
2006 96
2006 95
2006 94
2006 95
2006 92
2006 94
2006 92
2006 90
2006 88
2006 84
2006 93
2006 92
2006 90
2006 89
2006 89
2006 89
2006 91
2006 90
2006 95
2006 96
2006 94
2006 94
2006 91
2006 97
2006 118
2006 114
2006 113
2006 109
2006 108
2006 105
2006 104
2006 102
2006 101
2006 97
2006 96
2006 92
2006 90
2006 87
2006 85
2006 84
2006 83
2006 89
2006 89
2006 86
2006 84
2006 81
2006 77
2006 73
2006 71
2006 68
2006 64
2006 62
2006 76
2006 66
2006 62
2006 58
2006 54
2006 61
2006 55
2006 50
2006 43
2006 39
2006 33
2006 30
2006 25
2006 21
2006 23
2006 23
2006 19
2006 13
2006 9
2006 8
2006 8
2006 8
2006 7
2006 7
2006 8
2006 7
2006 8
2006 8
2006 7
2006 7
2006 6
2006 6
2006 NA
2006 5
2006 4
2006 4
2006 2
2006 2
2006 1
2006 2
2006 1
2006 2
2006 1
2006 2
2006 2
2006 1
2006 1
2006 1
2006 1
2006 1
2006 2
2006 2
2006 1
2006 1
2006 1
2006 2
2006 2
2006 1
2006 2
2006 2
2006 2
2006 2
2006 3
2006 2
2006 2
2006 3
2006 2
2006 3
2006 3
2006 3
2006 4
2006 1
2006 4
2006 5
2006 4
2006 1
2006 4
2006 2
2006 1
2006 2
2006 6
2006 4
2006 8
2006 5
2006 8
2006 2
2006 3
2006 6
2006 5
2006 5
2006 3
2006 2
2006 2
2006 5
2006 2
2006 3
2006 4
2006 6
2006 2
2006 7
2006 2
2006 6
2006 2
2006 6
2006 1
2006 2
2006 1
2006 10
2006 5
2006 5
2006 8
2006 17
2006 13
2006 5
2006 4
2007 3
2007 1
2007 3
2007 1
2007 1
2007 2
2007 3
2007 4
2007 4
2007 6
2007 4
2007 1
2007 1
2007 3
2007 2
2007 1
2007 8
2007 4
2007 5
2007 6
2007 5
2007 4
2007 1
2007 3
2007 8
2007 4
2007 7
2007 7
2007 1
2007 8
2007 6
2007 5
2007 2
2007 7
2007 2
2007 1
2007 8
2007 6
2007 6
2007 6
2007 7
2007 7
2007 4
2007 7
2007 3
2007 7
2007 5
2007 9
2007 8
2007 8
2007 4
2007 1
2007 6
2007 8
2007 5
2007 1
2007 7
2007 10
2007 7
2007 11
2007 4
2007 2
2007 8
2007 8
2007 9
2007 8
2007 9
2007 7
2007 9
2007 10
2007 8
2007 7
2007 18
2007 8
2007 8
2007 7
2007 9
2007 9
2007 14
2007 17
2007 17
2007 13
2007 18
2007 16
2007 14
2007 13
2007 16
2007 17
2007 12
2007 12
2007 12
2007 12
2007 12
2007 16
2007 13
2007 13
2007 34
2007 47
2007 42
2007 65
2007 62
2007 56
2007 54
2007 50
2007 49
2007 44
2007 42
2007 41
2007 41
2007 42
2007 42
2007 42
2007 41
2007 41
2007 42
2007 41
2007 40
2007 41
2007 41
2007 40
2007 40
2007 40
2007 43
2007 42
2007 52
2007 50
2007 47
2007 46
2007 46
2007 45
2007 51
2007 48
2007 47
2007 56
2007 55
2007 54
2007 54
2007 53
2007 52
2007 52
2007 55
2007 55
2007 55
2007 55
2007 80
2007 90
2007 86
2007 84
2007 86
2007 84
2007 81
2007 79
2007 77
2007 77
2007 76
2007 75
2007 74
2007 73
2007 73
2007 73
2007 72
2007 71
2007 70
2007 68
2007 71
2007 79
2007 76
2007 75
2007 74
2007 73
2007 73
2007 73
2007 73
2007 73
2007 71
2007 72
2007 72
2007 77
2007 83
2007 90
2007 98
2007 95
2007 99
2007 100
2007 99
2007 NA
2007 94
2007 99
2007 98
2007 96
2007 98
2007 96
2007 95
2007 94
2007 94
2007 92
2007 92
2007 92
2007 90
2007 102
2007 102
2007 101
2007 100
2007 104
2007 105
2007 103
2007 99
2007 104
2007 101
2007 99
2007 99
2007 100
2007 99
2007 97
2007 98
2007 99
2007 98
2007 97
2007 96
2007 94
2007 92
2007 91
2007 88
2007 86
2007 83
2007 78
2007 73
2007 67
2007 63
2007 59
2007 56
2007 53
2007 48
2007 44
2007 42
2007 38
2007 33
2007 30
2007 26
2007 21
2007 15
2007 14
2007 11
2007 10
2007 8
2007 9
2007 8
2007 12
2007 7
2007 6
2007 2
2007 5
2007 2
2007 5
2007 2
2007 3
2007 5
2007 5
2007 2
2007 3
2007 2
2007 2
2007 2
2007 2
2007 2
2007 3
2007 2
2007 2
2007 2
2007 5
2007 1
2007 1
2007 1
2007 1
2007 3
2007 1
2007 2
2007 2
2007 2
2007 2
2007 2
2007 2
2007 2
2007 2
2007 2
2007 2
2007 2
2007 2
2007 2
2007 1
2007 1
2007 2
2007 2
2007 2
2007 1
2007 3
2007 2
2007 1
2007 1
2007 3
2007 1
2007 2
2007 7
2007 2
2007 3
2007 6
2007 1
2007 2
2007 5
2007 2
2007 5
2007 5
2007 5
2007 4
2007 1
2007 1
2007 3
2007 5
2007 4
2007 4
2007 2
2007 1
2007 5
2007 3
2007 2
2007 1
2007 4
2007 3
2007 1
2007 1
2007 1
2007 3
2007 4
2007 4
2007 4
2007 12
2007 6
2007 4
2007 1
2007 1
2007 6
2007 1
2007 9
2007 4
2007 5
2007 4
2007 4
2007 6
2007 6
2007 2
2007 7
2007 3
2007 5
2007 4
2007 8
2007 5
2007 1
2007 3
2007 2
2007 2
2007 1
2007 2
2007 5
2007 2
2007 3
2008 2
2008 2
2008 2
2008 1
2008 4
2008 3
2008 1
2008 1
2008 2
2008 6
2008 1
2008 1
2008 2
2008 2
2008 1
2008 1
2008 1
2008 8
2008 3
2008 1
2008 2
2008 1
2008 1
2008 1
2008 1
2008 31
2008 29
2008 29
2008 24
2008 17
2008 12
2008 7
2008 1
2008 1
2008 1
2008 2
2008 1
2008 2
2008 1
2008 1
2008 1
2008 3
2008 1
2008 1
2008 2
2008 1
2008 1
2008 1
2008 1
2008 2
2008 4
2008 2
2008 2
2008 2
2008 2
2008 2
2008 3
2008 2
2008 2
2008 2
2008 3
2008 3
2008 1
2008 2
2008 2
2008 2
2008 2
2008 2
2008 2
2008 8
2008 20
2008 29
2008 27
2008 26
2008 31
2008 25
2008 26
2008 25
2008 25
2008 25
2008 22
2008 21
2008 24
2008 37
2008 43
2008 40
2008 38
2008 37
2008 36
2008 36
2008 36
2008 35
2008 35
2008 48
2008 62
2008 59
2008 56
2008 54
2008 60
2008 54
2008 53
2008 60
2008 54
2008 53
2008 52
2008 52
2008 52
2008 51
2008 51
2008 52
2008 51
2008 51
2008 52
2008 51
2008 51
2008 51
2008 51
2008 51
2008 51
2008 51
2008 57
2008 56
2008 56
2008 56
2008 52
2008 51
2008 51
2008 56
2008 55
2008 54
2008 53
2008 54
2008 49
2008 78
2008 73
2008 69
2008 66
2008 66
2008 66
2008 66
2008 65
2008 64
2008 62
2008 79
2008 72
2008 70
2008 70
2008 68
2008 66
2008 65
2008 64
2008 66
2008 66
2008 64
2008 70
2008 66
2008 68
2008 80
2008 79
2008 80
2008 79
2008 77
2008 76
2008 76
2008 75
2008 74
2008 74
2008 74
2008 73
2008 73
2008 73
2008 73
2008 73
2008 73
2008 72
2008 72
2008 71
2008 71
2008 71
2008 71
2008 71
2008 70
2008 70
2008 82
2008 81
2008 85
2008 82
2008 81
2008 81
2008 81
2008 80
2008 88
2008 96
2008 101
2008 104
2008 100
2008 99
2008 104
2008 103
2008 102
2008 102
2008 105
2008 102
2008 103
2008 117
2008 112
2008 119
2008 117
2008 118
2008 123
2008 119
2008 116
2008 114
2008 111
2008 113
2008 115
2008 124
2008 119
2008 122
2008 140
2008 135
2008 137
2008 137
2008 151
2008 178
2008 168
2008 171
2008 171
2008 166
2008 165
2008 163
2008 162
2008 160
2008 173
2008 182
2008 182
2008 176
2008 173
2008 169
2008 164
2008 159
2008 162
2008 157
2008 164
2008 159
2008 155
2008 149
2008 146
2008 143
2008 138
2008 134
2008 130
2008 125
2008 121
2008 118
2008 114
2008 110
2008 108
2008 105
2008 103
2008 130
2008 120
2008 116
2008 109
2008 107
2008 106
2008 103
2008 98
2008 90
2008 81
2008 70
2008 59
2008 51
2008 44
2008 36
2008 23
2008 14
2008 7
2008 7
2008 6
2008 5
2008 4
2008 3
2008 2
2008 2
2008 2
2008 2
2008 1
2008 2
2008 1
2008 2
2008 1
2008 2
2008 1
2008 1
2008 2
2008 1
2008 1
2008 1
2008 1
2008 1
2008 1
2008 1
2008 2
2008 2
2008 1
2008 2
2008 2
2008 2
2008 2
2008 2
2008 4
2008 2
2008 2
2008 1
2008 2
2008 NA
2008 NA
2008 NA
2008 NA
2008 4
2008 8
2008 2
2008 3
2008 NA
2008 NA
2008 3
2008 2
2008 9
2008 2
2008 NA
2008 4
2008 3
2008 5
2008 1
2008 9
2008 4
2008 1
2008 11
2008 NA
2008 7
2008 NA
2008 5
2008 NA
2008 3
2008 2
2008 1
2008 NA
2008 2
2008 7
2008 3
2008 8
2008 1
2008 3
2008 2
2008 2
2008 1
2008 4
2008 1
2008 2
2008 1
2008 1
2008 1
2008 1
2008 1
2008 1
2009 2
2009 2
2009 1
2009 2
2009 2
2009 2
2009 2
2009 1
2009 4
2009 5
2009 2
2009 2
2009 2
2009 6
2009 4
2009 2
2009 1
2009 2
2009 1
2009 2
2009 4
2009 1
2009 4
2009 1
2009 1
2009 4
2009 3
2009 5
2009 1
2009 1
2009 1
2009 1
2009 30
2009 20
2009 18
2009 12
2009 8
2009 5
2009 3
2009 1
2009 1
2009 1
2009 1
2009 1
2009 1
2009 1
2009 1
2009 1
2009 1
2009 1
2009 1
2009 1
2009 1
2009 1
2009 1
2009 0
2009 1
2009 7
2009 15
2009 33
2009 25
2009 16
2009 14
2009 20
2009 25
2009 21
2009 20
2009 21
2009 20
2009 20
2009 20
2009 20
2009 36
2009 51
2009 48
2009 46
2009 44
2009 42
2009 43
2009 41
2009 40
2009 53
2009 76
2009 71
2009 64
2009 63
2009 61
2009 60
2009 64
2009 63
2009 70
2009 95
2009 93
2009 90
2009 84
2009 81
2009 80
2009 80
2009 78
2009 75
2009 93
2009 99
2009 102
2009 96
2009 85
2009 78
2009 77
2009 79
2009 86
2009 85
2009 90
2009 99
2009 96
2009 94
2009 92
2009 92
2009 93
2009 91
2009 92
2009 92
2009 91
2009 90
2009 100
2009 98
2009 97
2009 95
2009 95
2009 98
2009 97
2009 97
2009 96
2009 96
2009 95
2009 95
2009 94
2009 96
2009 96
2009 95
2009 95
2009 91
2009 88
2009 107
2009 108
2009 105
2009 101
2009 102
2009 102
2009 101
2009 102
2009 102
2009 101
2009 100
2009 99
2009 100
2009 99
2009 98
2009 98
2009 97
2009 123
2009 138
2009 145
2009 139
2009 135
2009 144
2009 155
2009 153
2009 152
2009 149
2009 147
2009 159
2009 161
2009 157
2009 156
2009 155
2009 157
2009 161
2009 170
2009 165
2009 161
2009 159
2009 156
2009 155
2009 155
2009 163
2009 156
2009 165
2009 176
2009 171
2009 167
2009 166
2009 166
2009 183
2009 175
2009 173
2009 170
2009 168
2009 169
2009 167
2009 165
2009 167
2009 166
2009 165
2009 164
2009 163
2009 172
2009 186
2009 191
2009 184
2009 181
2009 192
2009 188
2009 182
2009 177
2009 173
2009 170
2009 169
2009 166
2009 165
2009 164
2009 163
2009 162
2009 161
2009 NA
2009 NA
2009 NA
2009 152
2009 151
2009 162
2009 160
2009 154
2009 152
2009 150
2009 148
2009 146
2009 144
2009 149
2009 145
2009 144
2009 161
2009 152
2009 164
2009 170
2009 163
2009 160
2009 NA
2009 154
2009 154
2009 151
2009 147
2009 143
2009 139
2009 134
2009 129
2009 123
2009 116
2009 110
2009 107
2009 102
2009 97
2009 93
2009 88
2009 83
2009 77
2009 70
2009 63
2009 54
2009 44
2009 32
2009 29
2009 27
2009 23
2009 18
2009 16
2009 12
2009 2
2009 1
2009 1
2009 1
2009 4
2009 4
2009 2
2009 1
2009 1
2009 1
2009 1
2009 1
2009 1
2009 1
2009 1
2009 1
2009 1
2009 1
2009 1
2009 1
2009 1
2009 1
2009 1
2009 1
2009 1
2009 1
2009 1
2009 1
2009 1
2009 2
2009 1
2009 1
2009 1
2009 2
2009 1
2009 NA
2009 1
2009 1
2009 1
2009 NA
2009 NA
2009 NA
2009 NA
2009 NA
2009 NA
2009 NA
2009 NA
2009 NA
2009 NA
2009 NA
2009 1
2009 1
2009 1
2009 1
2009 1
2009 1
2009 2
2009 1
2009 2
2009 1
2009 1
2009 2
2009 5
2009 4
2009 1
2009 5
2009 5
2009 2
2009 4
2009 1
2009 2
2009 1
2009 2
2009 1
2009 1
2009 1
2009 1
2009 1
2009 1
2009 1
2009 1
2009 2
2009 1
2009 1
2009 1
2009 1
2009 1
2009 1
2009 2
2009 1
2009 1
2010 1
2010 2
2010 1
2010 2
2010 2
2010 2
2010 1
2010 2
2010 1
2010 2
2010 2
2010 2
2010 2
2010 1
2010 2
2010 2
2010 2
2010 1
2010 2
2010 2
2010 2
2010 1
2010 1
2010 2
2010 2
2010 2
2010 2
2010 1
2010 1
2010 1
2010 1
2010 1
2010 1
2010 1
2010 1
2010 1
2010 1
2010 1
2010 1
2010 2
2010 2
2010 1
2010 2
2010 2
2010 2
2010 3
2010 3
2010 2
2010 2
2010 2
2010 3
2010 4
2010 5
2010 4
2010 2
2010 2
2010 2
2010 2
2010 2
2010 1
2010 1
2010 2
2010 14
2010 11
2010 13
2010 13
2010 16
2010 14
2010 24
2010 23
2010 22
2010 22
2010 21
2010 20
2010 19
2010 19
2010 16
2010 15
2010 15
2010 15
2010 15
2010 14
2010 15
2010 15
2010 19
2010 16
2010 15
2010 15
2010 15
2010 15
2010 83
2010 89
2010 79
2010 74
2010 83
2010 77
2010 73
2010 70
2010 72
2010 67
2010 65
2010 65
2010 64
2010 67
2010 64
2010 64
2010 62
2010 61
2010 61
2010 62
2010 63
2010 60
2010 57
2010 59
2010 58
2010 80
2010 77
2010 74
2010 73
2010 72
2010 73
2010 75
2010 73
2010 77
2010 74
2010 73
2010 73
2010 72
2010 72
2010 81
2010 80
2010 80
2010 79
2010 79
2010 78
2010 78
2010 77
2010 77
2010 77
2010 76
2010 75
2010 76
2010 77
2010 77
2010 76
2010 77
2010 77
2010 77
2010 80
2010 82
2010 77
2010 79
2010 80
2010 80
2010 79
2010 78
2010 78
2010 80
2010 97
2010 97
2010 94
2010 92
2010 98
2010 100
2010 98
2010 96
2010 95
2010 95
2010 94
2010 94
2010 93
2010 98
2010 106
2010 102
2010 101
2010 101
2010 100
2010 99
2010 113
2010 107
2010 108
2010 107
2010 105
2010 106
2010 111
2010 106
2010 107
2010 107
2010 106
2010 106
2010 108
2010 109
2010 110
2010 109
2010 108
2010 113
2010 111
2010 110
2010 109
2010 108
2010 105
2010 103
2010 103
2010 101
2010 101
2010 102
2010 127
2010 126
2010 123
2010 122
2010 127
2010 134
2010 154
2010 147
2010 149
2010 166
2010 161
2010 154
2010 150
2010 147
2010 142
2010 139
2010 137
2010 139
2010 138
2010 139
2010 137
2010 137
2010 133
2010 141
2010 135
2010 133
2010 130
2010 128
2010 124
2010 119
2010 116
2010 112
2010 111
2010 108
2010 103
2010 99
2010 94
2010 96
2010 118
2010 115
2010 126
2010 120
2010 118
2010 114
2010 114
2010 112
2010 115
2010 124
2010 118
2010 120
2010 119
2010 118
2010 118
2010 117
2010 117
2010 117
2010 114
2010 110
2010 106
2010 100
2010 95
2010 87
2010 85
2010 82
2010 78
2010 75
2010 78
2010 78
2010 77
2010 75
2010 66
2010 57
2010 44
2010 35
2010 25
2010 13
2010 2
2010 1
2010 1
2010 1
2010 2
2010 1
2010 1
2010 1
2010 1
2010 1
2010 10
2010 7
2010 4
2010 1
2010 1
2010 1
2010 1
2010 1
2010 1
2010 1
2010 1
2010 1
2010 1
2010 1
2010 2
2010 1
2010 1
2010 1
2010 1
2010 1
2010 1
2010 2
2010 2
2010 1
2010 1
2010 1
2010 1
2010 1
2010 1
2010 1
2010 1
2010 1
2010 1
2010 6
2010 6
2010 3
2010 2
2010 2
2010 2
2010 2
2010 5
2010 2
2010 2
2010 2
2010 2
2010 1
2010 4
2010 4
2010 4
2010 2
2010 2
2010 6
2010 1
2010 6
2010 4
2010 7
2010 5
2010 6
2010 2
2010 6
2010 5
2010 2
2010 2
2010 1
2010 4
2010 2
2010 2
2010 1
2010 3
2010 6
2010 6
2010 1
2010 2
2011 4
2011 1
2011 NA
2011 NA
2011 NA
2011 NA
2011 NA
2011 NA
2011 NA
2011 4
2011 1
2011 1
2011 2
2011 4
2011 5
2011 2
2011 7
2011 6
2011 4
2011 1
2011 5
2011 4
2011 1
2011 6
2011 31
2011 19
2011 24
2011 22
2011 16
2011 NA
2011 16
2011 10
2011 7
2011 0
2011 0
2011 3
2011 0
2011 1
2011 2
2011 6
2011 6
2011 5
2011 6
2011 7
2011 10
2011 13
2011 21
2011 21
2011 20
2011 22
2011 17
2011 17
2011 17
2011 23
2011 46
2011 42
2011 35
2011 31
2011 30
2011 26
2011 20
2011 17
2011 19
2011 17
2011 14
2011 14
2011 16
2011 21
2011 69
2011 59
2011 52
2011 48
2011 37
2011 33
2011 34
2011 37
2011 73
2011 65
2011 64
2011 72
2011 66
2011 69
2011 81
2011 84
2011 84
2011 80
2011 79
2011 74
2011 77
2011 87
2011 81
2011 87
2011 90
2011 88
2011 86
2011 79
2011 57
2011 57
2011 58
2011 71
2011 89
2011 81
2011 84
2011 91
2011 89
2011 85
2011 83
2011 79
2011 84
2011 74
2011 68
2011 69
2011 70
2011 76
2011 95
2011 107
2011 109
2011 101
2011 96
2011 93
2011 92
2011 91
2011 92
2011 95
2011 92
2011 93
2011 90
2011 90
2011 93
2011 104
2011 111
2011 115
2011 119
2011 114
2011 118
2011 114
2011 116
2011 113
2011 114
2011 115
2011 118
2011 124
2011 127
2011 126
2011 122
2011 121
2011 120
2011 122
2011 121
2011 122
2011 120
2011 119
2011 118
2011 118
2011 118
2011 117
2011 115
2011 113
2011 111
2011 109
2011 113
2011 111
2011 112
2011 112
2011 112
2011 113
2011 114
2011 117
2011 118
2011 125
2011 124
2011 121
2011 125
2011 130
2011 129
2011 130
2011 125
2011 118
2011 113
2011 123
2011 127
2011 124
2011 124
2011 123
2011 122
2011 NA
2011 121
2011 121
2011 120
2011 120
2011 119
2011 117
2011 119
2011 119
2011 118
2011 116
2011 115
2011 131
2011 122
2011 122
2011 123
2011 122
2011 119
2011 117
2011 115
2011 116
2011 117
2011 117
2011 117
2011 115
2011 115
2011 NA
2011 112
2011 109
2011 106
2011 115
2011 112
2011 106
2011 101
2011 97
2011 94
2011 92
2011 89
2011 95
2011 98
2011 96
2011 93
2011 91
2011 89
2011 87
2011 85
2011 83
2011 80
2011 78
2011 75
2011 73
2011 68
2011 70
2011 69
2011 68
2011 70
2011 65
2011 61
2011 59
2011 60
2011 61
2011 56
2011 51
2011 46
2011 41
2011 35
2011 29
2011 22
2011 20
2011 10
2011 5
2011 22
2011 17
2011 9
2011 3
2011 3
2011 2
2011 4
2011 3
2011 1
2011 2
2011 0
2011 2
2011 20
2011 8
2011 1
2011 1
2011 4
2011 5
2011 2
2011 1
2011 2
2011 2
2011 4
2011 4
2011 6
2011 7
2011 4
2011 7
2011 2
2011 5
2011 2
2011 1
2011 1
2011 2
2011 7
2011 6
2011 1
2011 0
2011 2
2011 4
2011 5
2011 2
2011 0
2011 0
2011 0
2011 1
2011 6
2011 7
2011 5
2011 3
2011 1
2011 1
2011 2
2011 2
2011 6
2011 1
2011 0
2011 0
2011 0
2011 2
2011 13
2011 14
2011 2
2011 12
2011 12
2011 9
2011 8
2011 5
2011 5
2011 7
2011 8
2011 6
2011 5
2011 3
2011 7
2011 3
2011 6
2011 2
2011 1
2011 0
2011 2
2011 0
2011 7
2011 1
2011 10
2011 6
2011 6
2011 4
2011 1
2011 1
2011 1
2011 0
2011 8
2011 0
2011 0
2011 0
2011 1
2011 0
2011 0
2011 0
2011 0
2011 0
2011 0
2011 0
2011 7
2011 1
2011 3
2011 2
2011 0
2012 2
2012 0
2012 0
2012 2
2012 7
2012 2
2012 2
2012 3
2012 0
2012 1
2012 1
2012 3
2012 1
2012 3
2012 0
2012 0
2012 3
2012 23
2012 49
2012 34
2012 22
2012 16
2012 9
2012 5
2012 2
2012 2
2012 2
2012 2
2012 1
2012 1
2012 0
2012 0
2012 0
2012 2
2012 2
2012 3
2012 17
2012 27
2012 23
2012 4
2012 3
2012 3
2012 8
2012 8
2012 5
2012 4
2012 5
2012 6
2012 9
2012 18
2012 15
2012 13
2012 14
2012 14
2012 12
2012 12
2012 10
2012 8
2012 6
2012 7
2012 6
2012 6
2012 7
2012 8
2012 6
2012 6
2012 6
2012 8
2012 11
2012 8
2012 9
2012 10
2012 9
2012 6
2012 6
2012 7
2012 10
2012 12
2012 11
2012 10
2012 10
2012 10
2012 12
2012 14
2012 10
2012 12
2012 11
2012 10
2012 10
2012 11
2012 15
2012 11
2012 14
2012 16
2012 14
2012 21
2012 22
2012 31
2012 30
2012 20
2012 22
2012 23
2012 30
2012 19
2012 27
2012 33
2012 25
2012 45
2012 41
2012 43
2012 45
2012 58
2012 77
2012 71
2012 68
2012 61
2012 54
2012 51
2012 52
2012 62
2012 81
2012 78
2012 75
2012 85
2012 83
2012 82
2012 93
2012 118
2012 114
2012 128
2012 123
2012 120
2012 112
2012 108
2012 111
2012 109
2012 105
2012 103
2012 102
2012 100
2012 96
2012 114
2012 141
2012 133
2012 131
2012 137
2012 132
2012 127
2012 124
2012 132
2012 128
2012 126
2012 127
2012 127
2012 127
2012 131
2012 131
2012 127
2012 125
2012 119
2012 116
2012 121
2012 124
2012 123
2012 120
2012 120
2012 122
2012 126
2012 125
2012 122
2012 120
2012 127
2012 136
2012 130
2012 125
2012 123
2012 120
2012 120
2012 124
2012 122
2012 120
2012 114
2012 112
2012 112
2012 114
2012 115
2012 142
2012 139
2012 133
2012 138
2012 140
2012 135
2012 133
2012 130
2012 128
2012 126
2012 125
2012 124
2012 125
2012 125
2012 168
2012 159
2012 151
2012 148
2012 145
2012 143
2012 139
2012 137
2012 137
2012 133
2012 132
2012 133
2012 132
2012 132
2012 131
2012 130
2012 129
2012 129
2012 130
2012 134
2012 141
2012 133
2012 131
2012 156
2012 150
2012 153
2012 155
2012 161
2012 166
2012 162
2012 174
2012 170
2012 179
2012 173
2012 192
2012 187
2012 209
2012 200
2012 NA
2012 173
2012 162
2012 155
2012 153
2012 149
2012 146
2012 144
2012 141
2012 149
2012 153
2012 148
2012 144
2012 137
2012 130
2012 124
2012 123
2012 122
2012 120
2012 121
2012 135
2012 120
2012 116
2012 112
2012 108
2012 NA
2012 NA
2012 NA
2012 78
2012 72
2012 67
2012 63
2012 60
2012 55
2012 48
2012 43
2012 38
2012 27
2012 17
2012 34
2012 25
2012 19
2012 8
2012 8
2012 9
2012 11
2012 10
2012 27
2012 19
2012 11
2012 4
2012 2
2012 1
2012 0
2012 0
2012 0
2012 0
2012 1
2012 3
2012 0
2012 3
2012 3
2012 0
2012 0
2012 0
2012 0
2012 0
2012 1
2012 1
2012 1
2012 0
2012 3
2012 0
2012 1
2012 3
2012 1
2012 2
2012 3
2012 4
2012 5
2012 7
2012 5
2012 3
2012 0
2012 0
2012 4
2012 6
2012 7
2012 1
2012 1
2012 4
2012 0
2012 0
2012 2
2012 4
2012 18
2012 1
2012 1
2012 0
2012 0
2012 1
2012 0
2012 8
2012 7
2012 5
2012 4
2012 3
2012 2
2012 7
2012 6
2012 4
2012 0
2012 0
2012 0
2012 0
2012 0
2012 1
2012 3
2012 2
2012 1
2012 1
2012 4
2012 10
2012 4
2012 4
2012 2
2012 5
2012 20
2013 16
2013 3
2013 7
2013 3
2013 4
2013 4
2013 3
2013 0
2013 2
2013 5
2013 3
2013 22
2013 12
2013 8
2013 5
2013 4
2013 2
2013 2
2013 13
2013 6
2013 3
2013 9
2013 4
2013 7
2013 7
2013 6
2013 7
2013 5
2013 8
2013 5
2013 7
2013 5
2013 6
2013 11
2013 5
2013 4
2013 9
2013 5
2013 8
2013 7
2013 7
2013 12
2013 9
2013 11
2013 44
2013 35
2013 26
2013 16
2013 11
2013 9
2013 5
2013 1
2013 1
2013 4
2013 5
2013 7
2013 30
2013 48
2013 41
2013 30
2013 25
2013 30
2013 25
2013 22
2013 14
2013 24
2013 26
2013 23
2013 21
2013 20
2013 19
2013 30
2013 31
2013 30
2013 30
2013 29
2013 28
2013 28
2013 31
2013 30
2013 29
2013 29
2013 30
2013 28
2013 27
2013 29
2013 30
2013 31
2013 53
2013 58
2013 59
2013 54
2013 54
2013 52
2013 61
2013 60
2013 62
2013 59
2013 58
2013 53
2013 69
2013 71
2013 66
2013 62
2013 60
2013 60
2013 60
2013 60
2013 67
2013 69
2013 67
2013 72
2013 71
2013 87
2013 77
2013 61
2013 69
2013 66
2013 79
2013 72
2013 76
2013 72
2013 73
2013 80
2013 77
2013 71
2013 73
2013 73
2013 72
2013 71
2013 68
2013 74
2013 83
2013 79
2013 80
2013 83
2013 84
2013 103
2013 103
2013 96
2013 89
2013 91
2013 101
2013 104
2013 100
2013 100
2013 102
2013 96
2013 92
2013 103
2013 95
2013 94
2013 95
2013 94
2013 106
2013 109
2013 109
2013 109
2013 118
2013 123
2013 122
2013 121
2013 119
2013 116
2013 124
2013 124
2013 118
2013 122
2013 121
2013 122
2013 121
2013 118
2013 121
2013 124
2013 124
2013 123
2013 126
2013 123
2013 120
2013 117
2013 116
2013 115
2013 115
2013 115
2013 114
2013 112
2013 108
2013 108
2013 108
2013 110
2013 110
2013 109
2013 110
2013 112
2013 120
2013 120
2013 115
2013 110
2013 128
2013 126
2013 122
2013 127
2013 120
2013 119
2013 118
2013 119
2013 128
2013 124
2013 122
2013 120
2013 129
2013 132
2013 129
2013 127
2013 126
2013 125
2013 129
2013 127
2013 127
2013 127
2013 127
2013 125
2013 120
2013 121
2013 122
2013 116
2013 111
2013 107
2013 102
2013 96
2013 105
2013 144
2013 128
2013 123
2013 114
2013 110
2013 105
2013 100
2013 100
2013 96
2013 90
2013 84
2013 77
2013 72
2013 68
2013 72
2013 63
2013 62
2013 67
2013 58
2013 53
2013 59
2013 61
2013 66
2013 60
2013 56
2013 56
2013 52
2013 60
2013 57
2013 61
2013 61
2013 66
2013 69
2013 66
2013 83
2013 81
2013 78
2013 69
2013 68
2013 98
2013 104
2013 99
2013 100
2013 103
2013 99
2013 85
2013 78
2013 75
2013 70
2013 62
2013 63
2013 62
2013 59
2013 52
2013 39
2013 30
2013 17
2013 1
2013 0
2013 0
2013 0
2013 5
2013 4
2013 5
2013 9
2013 12
2013 12
2013 11
2013 11
2013 11
2013 10
2013 8
2013 4
2013 4
2013 7
2013 5
2013 4
2013 3
2013 3
2013 5
2013 4
2013 4
2013 4
2013 4
2013 4
2013 3
2013 4
2013 2
2013 5
2013 5
2013 5
2013 5
2013 4
2013 2
2013 3
2013 4
2013 3
2013 3
2013 1
2013 2
2013 12
2013 9
2013 4
2013 1
2013 3
2013 2
2013 6
2013 2
2013 3
2013 4
2013 15
2013 11
2013 NA
2013 5
2013 4
2013 7
2013 7
2013 4
2013 NA
2013 7
2013 4
2013 9
2013 10
2013 6
2013 10
2013 13
2013 17
2013 16
2013 17
2013 17
2013 13
2013 6
2013 5
2013 6
2014 7
2014 6
2014 3
2014 1
2014 2
2014 3
2014 3
2014 6
2014 9
2014 8
2014 11
2014 10
2014 10
2014 5
2014 7
2014 8
2014 13
2014 7
2014 8
2014 7
2014 7
2014 6
2014 4
2014 NA
2014 4
2014 6
2014 2
2014 0
2014 3
2014 5
2014 5
2014 3
2014 1
2014 1
2014 5
2014 5
2014 4
2014 5
2014 5
2014 27
2014 50
2014 62
2014 56
2014 50
2014 45
2014 48
2014 41
2014 36
2014 33
2014 28
2014 25
2014 13
2014 5
2014 4
2014 2
2014 0
2014 3
2014 4
2014 8
2014 17
2014 9
2014 9
2014 6
2014 16
2014 12
2014 13
2014 27
2014 23
2014 21
2014 29
2014 32
2014 24
2014 17
2014 19
2014 30
2014 39
2014 33
2014 33
2014 32
2014 34
2014 39
2014 44
2014 51
2014 47
2014 46
2014 51
2014 51
2014 44
2014 43
2014 41
2014 47
2014 44
2014 38
2014 37
2014 39
2014 40
2014 45
2014 42
2014 39
2014 38
2014 36
2014 37
2014 38
2014 38
2014 43
2014 39
2014 35
2014 37
2014 38
2014 40
2014 40
2014 39
2014 40
2014 40
2014 37
2014 49
2014 90
2014 78
2014 74
2014 93
2014 86
2014 80
2014 77
2014 77
2014 74
2014 79
2014 99
2014 89
2014 86
2014 85
2014 82
2014 84
2014 83
2014 81
2014 83
2014 117
2014 116
2014 109
2014 112
2014 115
2014 114
2014 123
2014 121
2014 117
2014 117
2014 122
2014 118
2014 124
2014 123
2014 128
2014 120
2014 118
2014 129
2014 131
2014 146
2014 139
2014 139
2014 153
2014 150
2014 168
2014 168
2014 170
2014 NA
2014 172
2014 170
2014 184
2014 181
2014 195
2014 213
2014 229
2014 220
2014 238
2014 232
2014 233
2014 239
2014 234
2014 228
2014 227
2014 225
2014 224
2014 222
2014 224
2014 227
2014 226
2014 223
2014 222
2014 222
2014 219
2014 216
2014 213
2014 213
2014 210
2014 209
2014 206
2014 205
2014 206
2014 205
2014 202
2014 200
2014 201
2014 199
2014 199
2014 203
2014 243
2014 222
2014 220
2014 216
2014 213
2014 210
2014 207
2014 204
2014 203
2014 201
2014 200
2014 199
2014 197
2014 197
2014 192
2014 190
2014 190
2014 191
2014 189
2014 187
2014 187
2014 189
2014 187
2014 189
2014 188
2014 185
2014 186
2014 191
2014 187
2014 188
2014 185
2014 182
2014 179
2014 175
2014 172
2014 187
2014 189
2014 181
2014 189
2014 182
2014 184
2014 185
2014 183
2014 178
2014 175
2014 176
2014 174
2014 170
2014 163
2014 165
2014 167
2014 169
2014 168
2014 167
2014 166
2014 163
2014 157
2014 156
2014 148
2014 142
2014 133
2014 125
2014 122
2014 116
2014 116
2014 116
2014 113
2014 110
2014 110
2014 105
2014 102
2014 100
2014 96
2014 92
2014 87
2014 78
2014 67
2014 58
2014 46
2014 33
2014 25
2014 15
2014 2
2014 4
2014 5
2014 4
2014 4
2014 4
2014 5
2014 5
2014 1
2014 1
2014 2
2014 3
2014 5
2014 3
2014 2
2014 2
2014 22
2014 11
2014 3
2014 6
2014 0
2014 1
2014 1
2014 0
2014 1
2014 8
2014 6
2014 6
2014 4
2014 3
2014 3
2014 3
2014 0
2014 0
2014 0
2014 NA
2014 0
2014 0
2014 4
2014 2
2014 1
2014 3
2014 1
2014 4
2014 3
2014 1
2014 3
2014 3
2014 1
2014 0
2014 1
2014 2
2014 1
2014 3
2014 2
2014 2
2014 1
2014 1
2014 0
2014 2
2014 2
2014 4
2014 5
2014 6
2014 6
2014 3
2014 3
2014 3
2014 6
2014 3
2014 2
2014 5
2014 6
2014 4
2014 2
2014 4
2014 1
2014 1
2014 2
2014 5
2015 8
2015 7
2015 2
2015 2
2015 4
2015 2
2015 1
2015 1
2015 2
2015 4
2015 1
2015 1
2015 1
2015 1
2015 1
2015 1
2015 1
2015 1
2015 1
2015 1
2015 1
2015 1
2015 1
2015 1
2015 1
2015 1
2015 0
2015 1
2015 1
2015 1
2015 1
2015 1
2015 1
2015 1
2015 1
2015 1
2015 1
2015 1
2015 1
2015 1
2015 1
2015 1
2015 1
2015 1
2015 1
2015 1
2015 0
2015 0
2015 1
2015 1
2015 1
2015 3
2015 3
2015 3
2015 1
2015 0
2015 0
2015 1
2015 1
2015 2
2015 1
2015 1
2015 1
2015 1
2015 1
2015 47
2015 NA
2015 56
2015 52
2015 48
2015 47
2015 42
2015 40
2015 42
2015 42
2015 52
2015 74
2015 68
2015 70
2015 66
2015 64
2015 63
2015 62
2015 60
2015 59
2015 57
2015 55
2015 54
2015 53
2015 53
2015 53
2015 54
2015 59
2015 61
2015 62
2015 60
2015 59
2015 60
2015 60
2015 59
2015 59
2015 58
2015 58
2015 58
2015 58
2015 57
2015 68
2015 68
2015 69
2015 67
2015 67
2015 66
2015 66
2015 64
2015 64
2015 64
2015 65
2015 64
2015 65
2015 63
2015 63
2015 65
2015 65
2015 64
2015 65
2015 67
2015 66
2015 66
2015 66
2015 66
2015 65
2015 73
2015 75
2015 71
2015 71
2015 76
2015 70
2015 74
2015 124
2015 117
2015 112
2015 108
2015 105
2015 103
2015 101
2015 100
2015 100
2015 101
2015 101
2015 99
2015 100
2015 105
2015 103
2015 103
2015 102
2015 102
2015 101
2015 101
2015 101
2015 NA
2015 97
2015 98
2015 97
2015 96
2015 95
2015 95
2015 95
2015 95
2015 94
2015 94
2015 93
2015 94
2015 94
2015 100
2015 112
2015 111
2015 126
2015 121
2015 119
2015 123
2015 122
2015 119
2015 124
2015 126
2015 126
2015 118
2015 116
2015 115
2015 114
2015 113
2015 112
2015 111
2015 111
2015 110
2015 110
2015 110
2015 110
2015 109
2015 108
2015 107
2015 107
2015 107
2015 113
2015 110
2015 111
2015 111
2015 NA
2015 110
2015 110
2015 110
2015 135
2015 133
2015 150
2015 150
2015 140
2015 144
2015 148
2015 142
2015 138
2015 136
2015 132
2015 130
2015 129
2015 126
2015 125
2015 124
2015 122
2015 120
2015 120
2015 121
2015 118
2015 117
2015 115
2015 113
2015 110
2015 107
2015 106
2015 103
2015 100
2015 104
2015 101
2015 104
2015 103
2015 100
2015 95
2015 90
2015 NA
2015 80
2015 77
2015 71
2015 70
2015 67
2015 62
2015 57
2015 50
2015 40
2015 64
2015 51
2015 44
2015 38
2015 36
2015 63
2015 76
2015 71
2015 69
2015 60
2015 54
2015 53
2015 50
2015 48
2015 43
2015 39
2015 37
2015 29
2015 21
2015 11
2015 1
2015 1
2015 1
2015 1
2015 1
2015 1
2015 1
2015 1
2015 1
2015 NA
2015 1
2015 1
2015 1
2015 1
2015 1
2015 1
2015 1
2015 1
2015 1
2015 1
2015 1
2015 2
2015 1
2015 1
2015 1
2015 1
2015 1
2015 1
2015 1
2015 1
2015 1
2015 0
2015 1
2015 1
2015 1
2015 1
2015 0
2015 1
2015 0
2015 NA
2015 2
2015 1
2015 1
2015 1
2015 2
2015 1
2015 5
2015 1
2015 0
2015 1
2015 1
2015 21
2015 2
2015 1
2015 3
2015 3
2015 10
2015 4
2015 6
2015 6
2015 NA
2015 2
2015 1
2015 3
2015 2
2015 1
2015 1
2015 2
2015 1
2015 2
2015 3
2015 1
2015 8
2015 3
2015 25
2015 1
2015 21
2015 4
2015 4
2015 1
2015 1
2015 5
2015 1
2015 2
2015 1
2015 1
2015 1
2015 1
2015 1
2016 1
2016 2
2016 1
2016 2
2016 2
2016 2
2016 2
2016 2
2016 2
2016 1
2016 2
2016 2
2016 2
2016 2
2016 2
2016 2
2016 2
2016 2
2016 1
2016 2
2016 1
2016 2
2016 20
2016 13
2016 10
2016 5
2016 3
2016 2
2016 2
2016 2
2016 2
2016 2
2016 NA
2016 1
2016 1
2016 2
2016 2
2016 2
2016 2
2016 2
2016 2
2016 2
2016 2
2016 18
2016 18
2016 19
2016 16
2016 11
2016 13
2016 13
2016 12
2016 12
2016 9
2016 9
2016 8
2016 7
2016 7
2016 3
2016 10
2016 6
2016 6
2016 5
2016 6
2016 4
2016 1
2016 0
2016 1
2016 0
2016 1
2016 1
2016 1
2016 1
2016 1
2016 1
2016 1
2016 1
2016 0
2016 1
2016 1
2016 1
2016 1
2016 4
2016 4
2016 3
2016 3
2016 6
2016 5
2016 6
2016 5
2016 5
2016 5
2016 6
2016 6
2016 6
2016 6
2016 5
2016 6
2016 6
2016 6
2016 7
2016 7
2016 7
2016 6
2016 6
2016 6
2016 7
2016 9
2016 9
2016 10
2016 10
2016 10
2016 9
2016 9
2016 10
2016 9
2016 9
2016 9
2016 9
2016 9
2016 10
2016 9
2016 10
2016 10
2016 11
2016 20
2016 24
2016 24
2016 23
2016 28
2016 27
2016 26
2016 30
2016 27
2016 30
2016 37
2016 33
2016 33
2016 32
2016 37
2016 36
2016 35
2016 34
2016 33
2016 34
2016 35
2016 35
2016 34
2016 34
2016 34
2016 34
2016 33
2016 33
2016 33
2016 38
2016 36
2016 45
2016 40
2016 50
2016 46
2016 57
2016 66
2016 55
2016 60
2016 59
2016 56
2016 55
2016 60
2016 59
2016 60
2016 60
2016 58
2016 62
2016 64
2016 62
2016 60
2016 64
2016 64
2016 63
2016 62
2016 61
2016 60
2016 63
2016 72
2016 69
2016 88
2016 77
2016 106
2016 119
2016 110
2016 111
2016 103
2016 100
2016 97
2016 95
2016 92
2016 91
2016 93
2016 93
2016 91
2016 90
2016 88
2016 87
2016 86
2016 85
2016 89
2016 90
2016 91
2016 88
2016 88
2016 87
2016 86
2016 84
2016 83
2016 78
2016 76
2016 73
2016 72
2016 68
2016 64
2016 62
2016 69
2016 65
2016 63
2016 62
2016 61
2016 63
2016 64
2016 62
2016 61
2016 69
2016 99
2016 97
2016 93
2016 89
2016 84
2016 85
2016 87
2016 85
2016 85
2016 85
2016 85
2016 83
2016 83
2016 93
2016 89
2016 91
2016 91
2016 89
2016 85
2016 83
2016 80
2016 77
2016 72
2016 69
2016 83
2016 90
2016 86
2016 85
2016 83
2016 82
2016 81
2016 97
2016 83
2016 78
2016 71
2016 104
2016 96
2016 84
2016 76
2016 69
2016 60
2016 56
2016 54
2016 47
2016 43
2016 39
2016 34
2016 32
2016 27
2016 22
2016 11
2016 6
2016 6
2016 5
2016 4
2016 5
2016 4
2016 3
2016 4
2016 4
2016 10
2016 7
2016 6
2016 2
2016 2
2016 2
2016 1
2016 2
2016 2
2016 2
2016 2
2016 2
2016 2
2016 2
2016 2
2016 2
2016 2
2016 2
2016 2
2016 2
2016 2
2016 2
2016 2
2016 2
2016 2
2016 2
2016 13
2016 5
2016 3
2016 2
2016 2
2016 2
2016 2
2016 2
2016 2
2016 2
2016 2
2016 2
2016 2
2016 2
2016 2
2016 2
2016 2
2016 2
2016 2
2016 2
2016 2
2016 2
2016 2
2016 2
2016 2
2016 1
2016 2
2016 2
2016 2
2016 2
2016 2
2016 2
2016 2
2016 2
2016 2
2016 2
2016 2
2016 1
2016 2
2016 2
2016 1
2016 2
2016 1
2016 1
2016 1
2016 1
2016 2
2016 2
2016 2
2016 2
2017 1
2017 1
2017 1
2017 2
2017 2
2017 2
2017 1
2017 1
2017 1
2017 1
2017 1
2017 2
2017 2
2017 2
2017 2
2017 1
2017 2
2017 2
2017 2
2017 2
2017 2
2017 1
2017 2
2017 1
2017 2
2017 2
2017 1
2017 1
2017 1
2017 1
2017 2
2017 1
2017 2
2017 1
2017 1
2017 1
2017 1
2017 1
2017 9
2017 9
2017 8
2017 6
2017 5
2017 1
2017 1
2017 1
2017 1
2017 1
2017 2
2017 5
2017 4
2017 3
2017 4
2017 1
2017 1
2017 1
2017 1
2017 1
2017 1
2017 1
2017 1
2017 1
2017 1
2017 1
2017 1
2017 1
2017 30
2017 28
2017 28
2017 25
2017 25
2017 23
2017 13
2017 13
2017 13
2017 13
2017 12
2017 12
2017 13
2017 34
2017 27
2017 24
2017 24
2017 23
2017 22
2017 22
2017 22
2017 25
2017 25
2017 26
2017 25
2017 26
2017 26
2017 26
2017 26
2017 27
2017 26
2017 27
2017 27
2017 27
2017 27
2017 27
2017 27
2017 27
2017 27
2017 27
2017 27
2017 27
2017 27
2017 28
2017 28
2017 28
2017 28
2017 28
2017 28
2017 29
2017 29
2017 29
2017 29
2017 29
2017 29
2017 28
2017 28
2017 29
2017 30
2017 31
2017 28
2017 29
2017 29
2017 29
2017 29
2017 29
2017 29
2017 29
2017 31
2017 45
2017 44
2017 41
2017 41
2017 40
2017 40
2017 40
2017 39
2017 40
2017 39
2017 39
2017 39
2017 39
2017 39
2017 38
2017 38
2017 40
2017 46
2017 54
2017 51
2017 59
2017 56
2017 64
2017 76
2017 71
2017 67
2017 65
2017 68
2017 64
2017 62
2017 61
2017 60
2017 59
2017 60
2017 64
2017 62
2017 62
2017 62
2017 62
2017 61
2017 60
2017 68
2017 66
2017 65
2017 59
2017 62
2017 67
2017 64
2017 63
2017 67
2017 90
2017 90
2017 93
2017 89
2017 104
2017 99
2017 96
2017 94
2017 93
2017 91
2017 90
2017 87
2017 86
2017 86
2017 84
2017 83
2017 82
2017 83
2017 87
2017 87
2017 86
2017 86
2017 85
2017 84
2017 83
2017 82
2017 80
2017 80
2017 77
2017 76
2017 77
2017 77
2017 76
2017 75
2017 73
2017 71
2017 69
2017 69
2017 67
2017 66
2017 63
2017 62
2017 66
2017 63
2017 73
2017 74
2017 71
2017 69
2017 67
2017 65
2017 63
2017 63
2017 77
2017 111
2017 129
2017 117
2017 110
2017 125
2017 117
2017 116
2017 110
2017 106
2017 104
2017 105
2017 105
2017 100
2017 98
2017 94
2017 90
2017 86
2017 83
2017 80
2017 76
2017 72
2017 66
2017 68
2017 67
2017 63
2017 58
2017 53
2017 46
2017 37
2017 32
2017 24
2017 8
2017 5
2017 3
2017 2
2017 2
2017 1
2017 1
2017 1
2017 1
2017 1
2017 1
2017 1
2017 1
2017 1
2017 1
2017 1
2017 1
2017 1
2017 1
2017 1
2017 1
2017 1
2017 1
2017 1
2017 1
2017 1
2017 1
2017 1
2017 1
2017 1
2017 1
2017 1
2017 1
2017 1
2017 1
2017 0
2017 1
2017 1
2017 0
2017 2
2017 1
2017 1
2017 1
2017 3
2017 1
2017 1
2017 1
2017 1
2017 2
2017 1
2017 1
2017 1
2017 1
2017 1
2017 1
2017 1
2017 1
2017 1
2017 1
2017 1
2017 0
2017 0
2017 1
2017 1
2017 1
2017 1
2017 1
2017 1
2017 1
2017 1
2017 0
2017 1
2017 1
2017 2
2017 1
2017 0
2017 0
2017 1
2017 1
2017 1
2017 1
2017 1
2017 1
2017 0
2017 2
2017 2
2017 1
2017 1
2017 1
2017 1
2017 1
2017 0
2017 1
2017 1
2017 1
2017 1
2018 2
2018 8
2018 1
2018 2
2018 1
2018 1
2018 1
2018 1
2018 0
2018 23
2018 7
2018 4
2018 1
2018 0
2018 0
2018 17
2018 14
2018 10
2018 9
2018 10
2018 9
2018 5
2018 3
2018 4
2018 1
2018 1
2018 0
2018 1
2018 1
2018 1
2018 0
2018 1
2018 1
2018 0
2018 1
2018 3
2018 1
2018 1
2018 2
2018 1
2018 0
2018 1
2018 0
2018 0
2018 0
2018 0
2018 1
2018 1
2018 1
2018 1
2018 1
2018 2
2018 4
2018 3
2018 0
2018 0
2018 1
2018 1
2018 1
2018 1
2018 2
2018 1
2018 3
2018 2
2018 2
2018 19
2018 22
2018 20
2018 21
2018 21
2018 21
2018 20
2018 19
2018 7
2018 7
2018 7
2018 8
2018 8
2018 8
2018 9
2018 9
2018 9
2018 9
2018 8
2018 9
2018 13
2018 10
2018 11
2018 11
2018 19
2018 15
2018 14
2018 15
2018 15
2018 19
2018 18
2018 18
2018 18
2018 17
2018 15
2018 15
2018 29
2018 48
2018 49
2018 40
2018 50
2018 49
2018 48
2018 49
2018 48
2018 49
2018 48
2018 50
2018 49
2018 48
2018 48
2018 48
2018 63
2018 81
2018 76
2018 86
2018 83
2018 83
2018 87
2018 96
2018 131
2018 117
2018 113
2018 112
2018 108
2018 124
2018 119
2018 116
2018 112
2018 111
2018 109
2018 108
2018 111
2018 122
2018 125
2018 127
2018 124
2018 171
2018 183
2018 173
2018 167
2018 161
2018 165
2018 160
2018 158
2018 155
2018 152
2018 151
2018 173
2018 165
2018 163
2018 159
2018 157
2018 156
2018 153
2018 151
2018 150
2018 149
2018 149
2018 160
2018 156
2018 154
2018 159
2018 157
2018 154
2018 154
2018 153
2018 152
2018 152
2018 152
2018 150
2018 148
2018 149
2018 150
2018 149
2018 149
2018 152
2018 155
2018 155
2018 156
2018 157
2018 158
2018 170
2018 166
2018 163
2018 162
2018 168
2018 170
2018 168
2018 169
2018 172
2018 170
2018 176
2018 183
2018 186
2018 183
2018 181
2018 179
2018 177
2018 176
2018 175
2018 174
2018 173
2018 172
2018 176
2018 193
2018 201
2018 195
2018 191
2018 189
2018 192
2018 191
2018 190
2018 187
2018 185
2018 184
2018 184
2018 183
2018 209
2018 205
2018 200
2018 196
2018 192
2018 184
2018 182
2018 177
2018 172
2018 168
2018 163
2018 157
2018 151
2018 147
2018 144
2018 140
2018 135
2018 130
2018 136
2018 134
2018 133
2018 131
2018 126
2018 121
2018 116
2018 113
2018 107
2018 105
2018 103
2018 97
2018 93
2018 90
2018 89
2018 94
2018 93
2018 91
2018 88
2018 87
2018 86
2018 80
2018 77
2018 73
2018 66
2018 61
2018 54
2018 47
2018 40
2018 33
2018 26
2018 17
2018 10
2018 5
2018 3
2018 3
2018 2
2018 1
2018 1
2018 1
2018 1
2018 1
2018 1
2018 1
2018 1
2018 1
2018 1
2018 1
2018 1
2018 1
2018 1
2018 1
2018 1
2018 1
2018 1
2018 1
2018 1
2018 1
2018 1
2018 1
2018 1
2018 1
2018 1
2018 1
2018 1
2018 1
2018 1
2018 1
2018 1
2018 1
2018 1
2018 1
2018 1
2018 1
2018 1
2018 1
2018 1
2018 1
2018 1
2018 1
2018 1
2018 1
2018 1
2018 1
2018 1
2018 1
2018 1
2018 1
2018 1
2018 1
2018 1
2018 1
2018 1
2018 1
2018 1
2018 1
2018 1
2018 1
2018 2
2018 1
2018 1
2018 1
2018 5
2018 1
2018 1
2018 1
2018 1
2018 1
2018 1
2018 1
2018 1
2018 1
2018 1
2018 1
2018 1
2018 1
2018 1
2018 3
2018 1
2018 1
2018 0
2018 1
2018 1
2018 1
2019 3
2019 1
2019 1
2019 1
2019 1
2019 1
2019 1
2019 1
2019 0
2019 1
2019 0
2019 0
2019 1
2019 1
2019 1
2019 1
2019 1
2019 1
2019 1
2019 1
2019 1
2019 1
2019 1
2019 1
2019 2
2019 2
2019 1
2019 2
2019 2
2019 2
2019 6
2019 2
2019 2
2019 1
2019 2
2019 2
2019 2
2019 2
2019 1
2019 2
2019 2
2019 2
2019 2
2019 2
2019 2
2019 2
2019 2
2019 2
2019 2
2019 2
2019 2
2019 2
2019 1
2019 1
2019 2
2019 2
2019 18
2019 67
2019 70
2019 60
2019 56
2019 62
2019 59
2019 55
2019 53
2019 51
2019 48
2019 47
2019 46
2019 45
2019 44
2019 46
2019 45
2019 44
2019 43
2019 43
2019 42
2019 42
2019 43
2019 45
2019 46
2019 45
2019 46
2019 46
2019 50
2019 48
2019 49
2019 49
2019 49
2019 49
2019 50
2019 50
2019 53
2019 58
2019 62
2019 61
2019 61
2019 60
2019 62
2019 88
2019 87
2019 92
2019 87
2019 85
2019 83
2019 81
2019 83
2019 82
2019 81
2019 79
2019 79
2019 78
2019 78
2019 79
2019 108
2019 102
2019 99
2019 97
2019 96
2019 95
2019 94
2019 99
2019 97
2019 97
2019 96
2019 95
2019 105
2019 113
2019 111
2019 112
2019 128
2019 124
2019 123
2019 128
2019 146
2019 169
2019 174
2019 165
2019 155
2019 158
2019 153
2019 150
2019 148
2019 145
2019 144
2019 142
2019 141
2019 141
2019 134
2019 132
2019 134
2019 132
2019 131
2019 138
2019 157
2019 165
2019 160
2019 157
2019 155
2019 153
2019 153
2019 150
2019 147
2019 157
2019 162
2019 158
2019 155
2019 153
2019 151
2019 150
2019 149
2019 148
2019 147
2019 147
2019 146
2019 145
2019 145
2019 144
2019 143
2019 142
2019 142
2019 143
2019 142
2019 142
2019 142
2019 141
2019 140
2019 151
2019 148
2019 148
2019 146
2019 158
2019 156
2019 155
2019 160
2019 184
2019 178
2019 176
2019 188
2019 183
2019 180
2019 175
2019 172
2019 170
2019 168
2019 172
2019 168
2019 168
2019 166
2019 165
2019 165
2019 163
2019 163
2019 163
2019 162
2019 193
2019 193
2019 188
2019 184
2019 183
2019 188
2019 190
2019 191
2019 189
2019 192
2019 196
2019 191
2019 188
2019 184
2019 181
2019 177
2019 175
2019 172
2019 168
2019 166
2019 170
2019 164
2019 184
2019 175
2019 180
2019 178
2019 175
2019 172
2019 176
2019 171
2019 170
2019 178
2019 179
2019 174
2019 174
2019 171
2019 169
2019 179
2019 197
2019 193
2019 191
2019 190
2019 184
2019 182
2019 180
2019 178
2019 183
2019 178
2019 176
2019 172
2019 168
2019 166
2019 164
2019 162
2019 169
2019 170
2019 166
2019 161
2019 155
2019 147
2019 141
2019 132
2019 124
2019 118
2019 110
2019 103
2019 96
2019 82
2019 72
2019 63
2019 54
2019 41
2019 24
2019 16
2019 2
2019 0
2019 1
2019 0
2019 1
2019 0
2019 0
2019 0
2019 0
2019 1
2019 1
2019 1
2019 1
2019 0
2019 0
2019 1
2019 1
2019 1
2019 0
2019 1
2019 1
2019 1
2019 1
2019 1
2019 1
2019 2
2019 1
2019 2
2019 1
2019 1
2019 1
2019 1
2019 1
2019 1
2019 1
2019 1
2019 1
2019 1
2019 1
2019 1
2019 1
2019 1
2019 1
2019 1
2019 1
2019 1
2019 1
2019 1
2019 0
2019 1
2019 1
2019 1
2019 1
2019 1
2019 1
2019 1
2019 1
2019 1
2019 1
2019 1
2019 1
2019 1
2019 1
2019 1
2019 1
2019 1
2019 1
2019 1
2019 1
2019 1
2019 1
2019 1
2019 1
2019 2
2019 1
2019 2
2020 1
2020 1
2020 1
2020 1
2020 1
2020 1
2020 1
2020 14
2020 10
2020 4
2020 1
2020 1
2020 1
2020 1
2020 1
2020 1
2020 1
2020 1
2020 1
2020 1
2020 1
2020 1
2020 11
2020 3
2020 1
2020 1
2020 1
2020 1
2020 1
2020 1
2020 1
2020 1
2020 1
2020 1
2020 1
2020 1
2020 1
2020 1
2020 1
2020 2
2020 1
2020 1
2020 1
2020 1
2020 1
2020 6
2020 1
2020 1
2020 1
2020 1
2020 1
2020 1
2020 1
2020 1
2020 1
2020 1
2020 1
2020 2
2020 2
2020 1
2020 1
2020 1
2020 1
2020 4
2020 11
2020 34
2020 30
2020 26
2020 39
2020 34
2020 31
2020 31
2020 58
2020 52
2020 40
2020 46
2020 40
2020 60
2020 54
2020 53
2020 50
2020 47
2020 44
2020 39
2020 38
2020 37
2020 36
2020 41
2020 39
2020 41
2020 41
2020 37
2020 44
2020 42
2020 41
2020 39
2020 40
2020 40
2020 40
2020 41
2020 38
2020 38
2020 53
2020 51
2020 46
2020 36
2020 35
2020 35
2020 38
2020 45
2020 64
2020 92
2020 87
2020 102
2020 101
2020 99
2020 95
2020 94
2020 91
2020 90
2020 88
2020 87
2020 86
2020 84
2020 84
2020 83
2020 82
2020 81
2020 81
2020 81
2020 81
2020 81
2020 81
2020 80
2020 80
2020 80
2020 80
2020 79
2020 79
2020 98
2020 98
2020 95
2020 94
2020 91
2020 90
2020 90
2020 89
2020 88
2020 88
2020 106
2020 123
2020 117
2020 112
2020 111
2020 110
2020 107
2020 115
2020 122
2020 118
2020 115
2020 114
2020 112
2020 100
2020 106
2020 106
2020 105
2020 115
2020 112
2020 111
2020 112
2020 112
2020 118
2020 115
2020 115
2020 113
2020 111
2020 110
2020 110
2020 117
2020 119
2020 123
2020 124
2020 127
2020 140
2020 152
2020 148
2020 144
2020 143
2020 141
2020 140
2020 142
2020 157
2020 145
2020 141
2020 139
2020 142
2020 141
2020 140
2020 139
2020 137
2020 136
2020 136
2020 134
2020 134
2020 133
2020 133
2020 133
2020 135
2020 133
2020 133
2020 132
2020 141
2020 139
2020 138
2020 137
2020 136
2020 135
2020 133
2020 132
2020 132
2020 131
2020 128
2020 126
2020 123
2020 121
2020 120
2020 119
2020 117
2020 114
2020 112
2020 108
2020 107
2020 103
2020 101
2020 100
2020 96
2020 93
2020 91
2020 89
2020 85
2020 84
2020 93
2020 102
2020 95
2020 94
2020 93
2020 90
2020 88
2020 87
2020 83
2020 76
2020 70
2020 64
2020 57
2020 52
2020 49
2020 41
2020 43
2020 39
2020 34
2020 26
2020 14
2020 4
2020 1
2020 1
2020 1
2020 1
2020 1
2020 1
2020 1
2020 1
2020 1
2020 1
2020 1
2020 1
2020 1
2020 1
2020 1
2020 1
2020 1
2020 38
2020 24
2020 20
2020 20
2020 18
2020 13
2020 3
2020 1
2020 1
2020 1
2020 1
2020 1
2020 1
2020 1
2020 1
2020 1
2020 1
2020 1
2020 1
2020 1
2020 1
2020 1
2020 1
2020 1
2020 1
2020 1
2020 1
2020 1
2020 1
2020 1
2020 1
2020 1
2020 1
2020 1
2020 1
2020 1
2020 1
2020 1
2020 2
2020 1
2020 1
2020 1
2020 1
2020 1
2020 1
2020 3
2020 1
2020 2
2020 1
2020 1
2020 2
2020 1
2020 2
2020 2
2020 1
2020 1
2020 3
2020 2
2020 2
2020 1
2020 1
2020 1
2020 1
2020 1
2020 1
2020 2
2020 1
2020 1
2020 1
2020 0
2020 0
2020 1
2020 1
2020 1
2020 0
2020 1
2020 1
2020 1
2020 1
2020 1
2020 1
2020 1
2020 1
2020 1
2020 1
2020 1
