1991 0
1991 0
1991 0
1991 0
1991 0
1991 0
1991 0
1991 0
1991 0
1991 0
1991 0
1991 0
1991 0
1991 0
1991 0
1991 0
1991 0
1991 0
1991 0
1991 0
1991 0
1991 0
1991 0
1991 0
1991 0
1991 0
1991 0
1991 0
1991 0
1991 0
1991 0
1991 0
1991 0
1991 0
1991 0
1991 0
1991 0
1991 0
1991 0
1991 0
1991 0
1991 0
1991 0
1991 0
1991 0
1991 0
1991 0
1991 14
1991 7
1991 9
1991 8
1991 6
1991 6
1991 6
1991 8
1991 8
1991 13
1991 10
1991 37
1991 47
1991 51
1991 51
1991 47
1991 51
1991 56
1991 66
1991 65
1991 59
1991 54
1991 51
1991 50
1991 49
1991 56
1991 52
1991 51
1991 52
1991 54
1991 52
1991 51
1991 46
1991 47
1991 140
1991 58
1991 109
1991 115
1991 128
1991 147
1991 144
1991 136
1991 129
1991 124
1991 114
1991 113
1991 109
1991 107
1991 106
1991 103
1991 101
1991 101
1991 132
1991 191
1991 209
1991 195
1991 199
1991 189
1991 181
1991 175
1991 171
1991 168
1991 166
1991 161
1991 157
1991 156
1991 148
1991 147
1991 146
1991 149
1991 157
1991 155
1991 151
1991 148
1991 145
1991 153
1991 153
1991 162
1991 160
1991 162
1991 165
1991 168
1991 167
1991 165
1991 162
1991 161
1991 163
1991 180
1991 213
1991 205
1991 198
1991 191
1991 188
1991 184
1991 181
1991 178
1991 173
1991 172
1991 170
1991 170
1991 169
1991 167
1991 166
1991 167
1991 163
1991 162
1991 163
1991 162
1991 161
1991 162
1991 162
1991 165
1991 164
1991 167
1991 171
1991 177
1991 179
1991 175
1991 175
1991 172
1991 182
1991 196
1991 179
1991 178
1991 177
1991 177
1991 176
1991 177
1991 175
1991 175
1991 175
1991 174
1991 173
1991 182
1991 203
1991 200
1991 199
1991 193
1991 194
1991 197
1991 205
1991 220
1991 269
1991 269
1991 259
1991 255
1991 249
1991 246
1991 244
1991 239
1991 240
1991 243
1991 238
1991 239
1991 232
1991 245
1991 262
1991 289
1991 285
1991 282
1991 280
1991 273
1991 270
1991 266
1991 264
1991 262
1991 259
1991 257
1991 282
1991 333
1991 314
1991 300
1991 294
1991 286
1991 280
1991 276
1991 269
1991 267
1991 264
1991 262
1991 259
1991 258
1991 257
1991 257
1991 256
1991 258
1991 256
1991 258
1991 254
1991 264
1991 291
1991 276
1991 269
1991 268
1991 257
1991 268
1991 279
1991 272
1991 266
1991 269
1991 283
1991 280
1991 272
1991 270
1991 279
1991 283
1991 283
1991 279
1991 274
1991 273
1991 280
1991 278
1991 277
1991 276
1991 274
1991 271
1991 266
1991 261
1991 256
1991 254
1991 254
1991 250
1991 247
1991 241
1991 234
1991 230
1991 219
1991 219
1991 218
1991 210
1991 208
1991 212
1991 207
1991 214
1991 211
1991 203
1991 190
1991 187
1991 179
1991 171
1991 160
1991 153
1991 146
1991 161
1991 153
1991 152
1991 152
1991 142
1991 135
1991 127
1991 119
1991 108
1991 102
1991 95
1991 108
1991 98
1991 91
1991 88
1991 81
1991 72
1991 66
1991 59
1991 47
1991 42
1991 34
1991 25
1991 19
1991 10
1991 0
1991 0
1991 0
1991 0
1991 0
1991 0
1991 0
1991 0
1991 0
1991 0
1991 0
1991 0
1991 NA
1991 NA
1991 NA
1991 NA
1991 NA
1991 NA
1991 NA
1991 NA
1991 NA
1991 NA
1991 NA
1991 NA
1991 NA
1991 NA
1991 0
1991 0
1991 0
1991 0
1991 0
1991 0
1991 0
1991 0
1991 0
1991 0
1991 0
1991 0
1991 0
1991 0
1991 0
1991 0
1991 0
1991 0
1991 0
1991 0
1991 0
1991 0
1991 0
1991 0
1992 0
1992 0
1992 0
1992 0
1992 0
1992 0
1992 0
1992 0
1992 0
1992 0
1992 0
1992 0
1992 0
1992 0
1992 0
1992 0
1992 0
1992 0
1992 0
1992 0
1992 0
1992 0
1992 0
1992 0
1992 0
1992 0
1992 0
1992 0
1992 19
1992 21
1992 14
1992 11
1992 6
1992 6
1992 5
1992 15
1992 39
1992 37
1992 29
1992 23
1992 23
1992 17
1992 28
1992 39
1992 44
1992 42
1992 NA
1992 NA
1992 NA
1992 NA
1992 NA
1992 NA
1992 NA
1992 34
1992 34
1992 35
1992 35
1992 36
1992 35
1992 31
1992 37
1992 36
1992 38
1992 40
1992 43
1992 36
1992 36
1992 34
1992 35
1992 35
1992 NA
1992 NA
1992 NA
1992 NA
1992 64
1992 49
1992 60
1992 58
1992 35
1992 37
1992 37
1992 46
1992 45
1992 43
1992 42
1992 41
1992 41
1992 42
1992 42
1992 42
1992 41
1992 38
1992 41
1992 38
1992 38
1992 40
1992 40
1992 39
1992 39
1992 39
1992 37
1992 38
1992 38
1992 36
1992 37
1992 38
1992 37
1992 39
1992 40
1992 59
1992 64
1992 76
1992 140
1992 143
1992 139
1992 130
1992 127
1992 133
1992 121
1992 119
1992 118
1992 118
1992 116
1992 115
1992 115
1992 113
1992 114
1992 113
1992 113
1992 111
1992 114
1992 NA
1992 164
1992 162
1992 155
1992 150
1992 145
1992 142
1992 132
1992 130
1992 130
1992 129
1992 127
1992 128
1992 136
1992 143
1992 140
1992 138
1992 134
1992 132
1992 131
1992 128
1992 125
1992 125
1992 124
1992 122
1992 125
1992 155
1992 158
1992 155
1992 152
1992 152
1992 157
1992 148
1992 156
1992 153
1992 168
1992 157
1992 156
1992 156
1992 161
1992 157
1992 158
1992 156
1992 154
1992 155
1992 152
1992 150
1992 153
1992 153
1992 152
1992 148
1992 149
1992 149
1992 151
1992 149
1992 147
1992 148
1992 145
1992 144
1992 146
1992 144
1992 148
1992 155
1992 152
1992 158
1992 175
1992 192
1992 188
1992 185
1992 181
1992 180
1992 177
1992 176
1992 197
1992 210
1992 217
1992 209
1992 204
1992 205
1992 215
1992 210
1992 235
1992 309
1992 287
1992 284
1992 277
1992 280
1992 272
1992 261
1992 259
1992 253
1992 248
1992 245
1992 241
1992 237
1992 245
1992 238
1992 246
1992 252
1992 246
1992 243
1992 239
1992 234
1992 231
1992 230
1992 227
1992 221
1992 217
1992 212
1992 205
1992 223
1992 218
1992 220
1992 222
1992 223
1992 217
1992 210
1992 205
1992 199
1992 197
1992 194
1992 186
1992 181
1992 174
1992 173
1992 163
1992 161
1992 152
1992 146
1992 142
1992 136
1992 137
1992 155
1992 151
1992 147
1992 146
1992 140
1992 136
1992 131
1992 129
1992 124
1992 121
1992 117
1992 114
1992 109
1992 108
1992 107
1992 116
1992 131
1992 121
1992 127
1992 125
1992 113
1992 114
1992 112
1992 108
1992 103
1992 93
1992 86
1992 82
1992 73
1992 67
1992 99
1992 107
1992 94
1992 80
1992 78
1992 76
1992 67
1992 59
1992 54
1992 47
1992 41
1992 38
1992 38
1992 29
1992 15
1992 13
1992 7
1992 0
1992 0
1992 0
1992 0
1992 0
1992 0
1992 0
1992 0
1992 0
1992 0
1992 0
1992 0
1992 0
1992 0
1992 0
1992 0
1992 0
1992 0
1992 0
1992 0
1992 0
1992 0
1992 0
1992 0
1992 0
1992 0
1992 0
1992 0
1992 0
1992 0
1992 0
1992 0
1992 0
1992 0
1992 0
1992 0
1992 0
1992 0
1992 0
1992 0
1992 0
1992 0
1992 0
1992 0
1992 0
1992 0
1992 0
1992 0
1992 0
1992 0
1992 0
1992 0
1992 0
1992 0
1992 0
1992 0
1993 0
1993 0
1993 0
1993 0
1993 0
1993 0
1993 0
1993 0
1993 0
1993 0
1993 0
1993 0
1993 0
1993 0
1993 0
1993 0
1993 0
1993 0
1993 0
1993 0
1993 0
1993 0
1993 0
1993 0
1993 0
1993 0
1993 0
1993 0
1993 0
1993 0
1993 0
1993 0
1993 0
1993 27
1993 37
1993 40
1993 36
1993 32
1993 29
1993 28
1993 30
1993 32
1993 28
1993 27
1993 25
1993 26
1993 32
1993 37
1993 28
1993 42
1993 42
1993 53
1993 49
1993 50
1993 75
1993 77
1993 61
1993 61
1993 77
1993 74
1993 75
1993 73
1993 73
1993 71
1993 80
1993 68
1993 59
1993 59
1993 60
1993 58
1993 56
1993 61
1993 79
1993 90
1993 100
1993 91
1993 92
1993 90
1993 102
1993 118
1993 117
1993 111
1993 115
1993 114
1993 111
1993 110
1993 109
1993 108
1993 107
1993 104
1993 104
1993 102
1993 103
1993 113
1993 118
1993 129
1993 135
1993 131
1993 142
1993 133
1993 133
1993 130
1993 128
1993 132
1993 129
1993 129
1993 129
1993 128
1993 127
1993 125
1993 125
1993 125
1993 125
1993 126
1993 128
1993 125
1993 124
1993 124
1993 123
1993 124
1993 124
1993 123
1993 124
1993 124
1993 122
1993 123
1993 122
1993 124
1993 123
1993 124
1993 122
1993 123
1993 122
1993 126
1993 124
1993 125
1993 127
1993 126
1993 126
1993 126
1993 125
1993 125
1993 125
1993 123
1993 125
1993 123
1993 124
1993 133
1993 133
1993 143
1993 141
1993 139
1993 139
1993 136
1993 137
1993 135
1993 136
1993 135
1993 134
1993 136
1993 135
1993 134
1993 135
1993 134
1993 133
1993 133
1993 135
1993 135
1993 136
1993 136
1993 133
1993 132
1993 139
1993 153
1993 159
1993 146
1993 144
1993 142
1993 141
1993 148
1993 151
1993 223
1993 212
1993 206
1993 196
1993 182
1993 185
1993 181
1993 176
1993 174
1993 174
1993 174
1993 171
1993 173
1993 171
1993 170
1993 169
1993 168
1993 168
1993 165
1993 164
1993 165
1993 168
1993 170
1993 172
1993 170
1993 170
1993 169
1993 168
1993 165
1993 164
1993 164
1993 NA
1993 NA
1993 NA
1993 NA
1993 NA
1993 NA
1993 NA
1993 NA
1993 NA
1993 NA
1993 NA
1993 NA
1993 NA
1993 NA
1993 NA
1993 NA
1993 NA
1993 NA
1993 NA
1993 NA
1993 NA
1993 NA
1993 NA
1993 NA
1993 NA
1993 NA
1993 NA
1993 NA
1993 NA
1993 NA
1993 NA
1993 NA
1993 NA
1993 NA
1993 NA
1993 NA
1993 NA
1993 NA
1993 NA
1993 NA
1993 NA
1993 NA
1993 NA
1993 NA
1993 NA
1993 NA
1993 NA
1993 NA
1993 NA
1993 NA
1993 NA
1993 NA
1993 NA
1993 NA
1993 NA
1993 NA
1993 NA
1993 NA
1993 NA
1993 NA
1993 NA
1993 NA
1993 NA
1993 NA
1993 NA
1993 128
1993 125
1993 119
1993 108
1993 102
1993 93
1993 92
1993 100
1993 89
1993 90
1993 83
1993 75
1993 67
1993 56
1993 54
1993 43
1993 39
1993 35
1993 30
1993 24
1993 11
1993 0
1993 0
1993 0
1993 0
1993 0
1993 0
1993 0
1993 0
1993 0
1993 0
1993 0
1993 0
1993 0
1993 0
1993 0
1993 0
1993 0
1993 0
1993 9
1993 0
1993 0
1993 0
1993 0
1993 0
1993 0
1993 0
1993 0
1993 0
1993 0
1993 0
1993 0
1993 0
1993 0
1993 0
1993 0
1993 0
1993 0
1993 0
1993 0
1993 0
1993 0
1993 0
1993 0
1993 0
1993 0
1993 0
1993 0
1993 0
1993 0
1993 0
1993 0
1993 0
1993 0
1993 0
1993 0
1993 0
1993 0
1993 0
1993 0
1993 0
1993 0
1993 0
1993 0
1993 0
1993 0
1993 0
1993 0
1994 0
1994 0
1994 0
1994 0
1994 0
1994 0
1994 0
1994 0
1994 0
1994 0
1994 0
1994 0
1994 0
1994 5
1994 8
1994 8
1994 0
1994 0
1994 0
1994 0
1994 0
1994 0
1994 0
1994 0
1994 0
1994 0
1994 NA
1994 54
1994 45
1994 38
1994 44
1994 74
1994 99
1994 88
1994 81
1994 95
1994 96
1994 115
1994 101
1994 96
1994 91
1994 83
1994 69
1994 69
1994 96
1994 99
1994 101
1994 99
1994 95
1994 93
1994 93
1994 92
1994 104
1994 104
1994 114
1994 109
1994 107
1994 103
1994 102
1994 102
1994 101
1994 105
1994 101
1994 103
1994 100
1994 99
1994 109
1994 130
1994 132
1994 127
1994 124
1994 123
1994 127
1994 121
1994 121
1994 118
1994 108
1994 104
1994 104
1994 104
1994 104
1994 105
1994 107
1994 106
1994 109
1994 109
1994 107
1994 107
1994 107
1994 104
1994 105
1994 106
1994 105
1994 104
1994 102
1994 105
1994 102
1994 105
1994 120
1994 128
1994 123
1994 128
1994 136
1994 130
1994 132
1994 132
1994 154
1994 164
1994 162
1994 156
1994 159
1994 153
1994 152
1994 163
1994 170
1994 182
1994 175
1994 158
1994 153
1994 154
1994 157
1994 157
1994 177
1994 172
1994 184
1994 184
1994 183
1994 208
1994 257
1994 302
1994 306
1994 292
1994 299
1994 287
1994 280
1994 273
1994 274
1994 274
1994 274
1994 266
1994 262
1994 259
1994 255
1994 251
1994 249
1994 248
1994 265
1994 255
1994 257
1994 258
1994 257
1994 253
1994 250
1994 247
1994 246
1994 247
1994 258
1994 298
1994 307
1994 296
1994 302
1994 297
1994 290
1994 299
1994 293
1994 289
1994 294
1994 291
1994 287
1994 283
1994 280
1994 278
1994 276
1994 274
1994 273
1994 271
1994 270
1994 268
1994 266
1994 266
1994 294
1994 299
1994 299
1994 294
1994 298
1994 293
1994 291
1994 291
1994 288
1994 283
1994 277
1994 277
1994 276
1994 275
1994 271
1994 268
1994 268
1994 266
1994 266
1994 266
1994 273
1994 266
1994 264
1994 265
1994 260
1994 256
1994 264
1994 263
1994 265
1994 263
1994 258
1994 257
1994 258
1994 265
1994 265
1994 264
1994 291
1994 291
1994 294
1994 304
1994 303
1994 288
1994 287
1994 291
1994 291
1994 292
1994 340
1994 338
1994 334
1994 317
1994 311
1994 312
1994 309
1994 304
1994 301
1994 303
1994 308
1994 306
1994 302
1994 299
1994 295
1994 290
1994 283
1994 274
1994 274
1994 269
1994 271
1994 273
1994 271
1994 267
1994 274
1994 271
1994 264
1994 267
1994 265
1994 270
1994 281
1994 274
1994 275
1994 280
1994 303
1994 297
1994 294
1994 292
1994 284
1994 281
1994 277
1994 270
1994 266
1994 264
1994 260
1994 252
1994 246
1994 240
1994 232
1994 226
1994 221
1994 234
1994 232
1994 226
1994 213
1994 217
1994 207
1994 209
1994 210
1994 200
1994 195
1994 186
1994 183
1994 177
1994 168
1994 165
1994 156
1994 149
1994 140
1994 131
1994 126
1994 119
1994 110
1994 105
1994 101
1994 93
1994 81
1994 70
1994 57
1994 48
1994 39
1994 27
1994 14
1994 4
1994 0
1994 0
1994 0
1994 0
1994 0
1994 0
1994 0
1994 0
1994 0
1994 0
1994 0
1994 0
1994 0
1994 0
1994 0
1994 0
1994 0
1994 0
1994 0
1994 0
1994 0
1994 0
1994 0
1994 0
1994 0
1994 0
1994 0
1994 0
1994 0
1994 0
1994 0
1994 0
1994 0
1994 0
1994 0
1994 0
1994 0
1994 0
1994 0
1994 0
1994 0
1994 0
1994 0
1994 0
1994 0
1994 0
1994 0
1994 0
1994 0
1994 0
1994 0
1994 0
1994 0
1994 0
1994 0
1995 0
1995 0
1995 0
1995 0
1995 0
1995 0
1995 0
1995 0
1995 0
1995 0
1995 0
1995 0
1995 0
1995 3
1995 16
1995 17
1995 16
1995 12
1995 13
1995 10
1995 13
1995 11
1995 0
1995 0
1995 0
1995 0
1995 0
1995 0
1995 0
1995 0
1995 0
1995 0
1995 0
1995 0
1995 0
1995 0
1995 0
1995 0
1995 0
1995 0
1995 0
1995 0
1995 0
1995 0
1995 0
1995 0
1995 0
1995 0
1995 3
1995 5
1995 23
1995 NA
1995 20
1995 29
1995 24
1995 28
1995 25
1995 26
1995 29
1995 28
1995 21
1995 19
1995 21
1995 21
1995 20
1995 30
1995 72
1995 79
1995 69
1995 69
1995 72
1995 71
1995 60
1995 61
1995 59
1995 60
1995 57
1995 60
1995 60
1995 74
1995 63
1995 56
1995 56
1995 58
1995 57
1995 NA
1995 NA
1995 NA
1995 NA
1995 NA
1995 NA
1995 NA
1995 NA
1995 NA
1995 NA
1995 NA
1995 NA
1995 NA
1995 NA
1995 NA
1995 NA
1995 NA
1995 NA
1995 NA
1995 NA
1995 NA
1995 NA
1995 NA
1995 NA
1995 NA
1995 NA
1995 NA
1995 NA
1995 NA
1995 NA
1995 NA
1995 NA
1995 NA
1995 NA
1995 NA
1995 NA
1995 NA
1995 NA
1995 NA
1995 NA
1995 NA
1995 NA
1995 NA
1995 NA
1995 NA
1995 NA
1995 NA
1995 NA
1995 NA
1995 NA
1995 NA
1995 NA
1995 NA
1995 NA
1995 NA
1995 NA
1995 NA
1995 NA
1995 NA
1995 NA
1995 NA
1995 NA
1995 NA
1995 NA
1995 NA
1995 NA
1995 NA
1995 NA
1995 NA
1995 NA
1995 NA
1995 NA
1995 NA
1995 NA
1995 NA
1995 NA
1995 NA
1995 NA
1995 NA
1995 NA
1995 NA
1995 NA
1995 NA
1995 NA
1995 NA
1995 NA
1995 NA
1995 NA
1995 NA
1995 NA
1995 NA
1995 NA
1995 NA
1995 NA
1995 NA
1995 NA
1995 NA
1995 NA
1995 206
1995 214
1995 208
1995 226
1995 230
1995 220
1995 218
1995 214
1995 211
1995 209
1995 207
1995 206
1995 204
1995 204
1995 203
1995 205
1995 208
1995 219
1995 223
1995 221
1995 216
1995 213
1995 211
1995 211
1995 210
1995 218
1995 242
1995 240
1995 232
1995 227
1995 210
1995 206
1995 204
1995 203
1995 201
1995 196
1995 194
1995 194
1995 192
1995 194
1995 191
1995 195
1995 192
1995 190
1995 190
1995 191
1995 190
1995 189
1995 223
1995 276
1995 317
1995 338
1995 332
1995 324
1995 325
1995 312
1995 302
1995 290
1995 292
1995 282
1995 274
1995 267
1995 263
1995 257
1995 248
1995 242
1995 237
1995 231
1995 221
1995 221
1995 239
1995 243
1995 228
1995 224
1995 228
1995 233
1995 227
1995 234
1995 228
1995 228
1995 225
1995 223
1995 217
1995 213
1995 208
1995 208
1995 205
1995 199
1995 193
1995 196
1995 198
1995 189
1995 185
1995 182
1995 179
1995 177
1995 173
1995 165
1995 169
1995 160
1995 207
1995 207
1995 198
1995 196
1995 183
1995 179
1995 176
1995 174
1995 164
1995 157
1995 150
1995 142
1995 132
1995 132
1995 128
1995 121
1995 117
1995 109
1995 102
1995 92
1995 90
1995 81
1995 74
1995 71
1995 63
1995 62
1995 53
1995 48
1995 39
1995 26
1995 20
1995 0
1995 0
1995 0
1995 0
1995 0
1995 0
1995 0
1995 0
1995 0
1995 0
1995 0
1995 0
1995 0
1995 0
1995 0
1995 0
1995 0
1995 0
1995 0
1995 0
1995 0
1995 0
1995 0
1995 0
1995 0
1995 0
1995 0
1995 0
1995 0
1995 0
1995 0
1995 0
1995 0
1995 0
1995 0
1995 0
1995 0
1995 0
1995 0
1995 0
1995 0
1995 0
1995 0
1995 0
1995 0
1995 0
1995 0
1995 6
1995 27
1995 19
1995 15
1996 11
1996 6
1996 0
1996 0
1996 0
1996 0
1996 0
1996 0
1996 0
1996 0
1996 0
1996 0
1996 8
1996 17
1996 11
1996 7
1996 0
1996 0
1996 0
1996 19
1996 14
1996 10
1996 7
1996 0
1996 7
1996 12
1996 7
1996 0
1996 0
1996 0
1996 0
1996 0
1996 0
1996 0
1996 0
1996 0
1996 0
1996 0
1996 0
1996 0
1996 0
1996 0
1996 0
1996 0
1996 0
1996 0
1996 0
1996 0
1996 0
1996 0
1996 0
1996 0
1996 0
1996 0
1996 0
1996 0
1996 0
1996 0
1996 0
1996 0
1996 0
1996 0
1996 12
1996 0
1996 14
1996 9
1996 6
1996 0
1996 0
1996 0
1996 0
1996 8
1996 11
1996 10
1996 11
1996 10
1996 18
1996 14
1996 23
1996 22
1996 31
1996 28
1996 25
1996 26
1996 25
1996 27
1996 30
1996 43
1996 73
1996 70
1996 64
1996 62
1996 58
1996 55
1996 52
1996 50
1996 51
1996 58
1996 68
1996 61
1996 58
1996 57
1996 51
1996 47
1996 53
1996 74
1996 76
1996 73
1996 71
1996 65
1996 65
1996 65
1996 64
1996 68
1996 64
1996 78
1996 78
1996 82
1996 80
1996 81
1996 84
1996 88
1996 84
1996 83
1996 82
1996 77
1996 74
1996 77
1996 83
1996 82
1996 81
1996 82
1996 106
1996 152
1996 156
1996 148
1996 144
1996 140
1996 135
1996 132
1996 131
1996 127
1996 124
1996 126
1996 122
1996 129
1996 128
1996 132
1996 130
1996 125
1996 129
1996 124
1996 122
1996 130
1996 166
1996 159
1996 152
1996 147
1996 138
1996 136
1996 134
1996 127
1996 129
1996 129
1996 130
1996 153
1996 152
1996 150
1996 145
1996 144
1996 140
1996 169
1996 162
1996 163
1996 158
1996 156
1996 153
1996 151
1996 155
1996 158
1996 153
1996 149
1996 150
1996 140
1996 142
1996 141
1996 139
1996 141
1996 141
1996 150
1996 148
1996 146
1996 144
1996 138
1996 153
1996 146
1996 145
1996 146
1996 142
1996 147
1996 145
1996 144
1996 143
1996 162
1996 161
1996 158
1996 155
1996 151
1996 151
1996 149
1996 149
1996 147
1996 150
1996 148
1996 162
1996 153
1996 148
1996 150
1996 154
1996 152
1996 149
1996 146
1996 147
1996 148
1996 152
1996 150
1996 156
1996 155
1996 153
1996 148
1996 149
1996 145
1996 143
1996 142
1996 140
1996 140
1996 146
1996 142
1996 141
1996 141
1996 142
1996 139
1996 138
1996 141
1996 173
1996 247
1996 226
1996 211
1996 202
1996 193
1996 188
1996 182
1996 181
1996 177
1996 169
1996 167
1996 NA
1996 NA
1996 NA
1996 NA
1996 NA
1996 NA
1996 NA
1996 NA
1996 NA
1996 NA
1996 NA
1996 NA
1996 NA
1996 NA
1996 NA
1996 NA
1996 NA
1996 NA
1996 NA
1996 NA
1996 NA
1996 NA
1996 NA
1996 NA
1996 NA
1996 NA
1996 NA
1996 NA
1996 NA
1996 NA
1996 NA
1996 NA
1996 NA
1996 NA
1996 NA
1996 NA
1996 NA
1996 NA
1996 NA
1996 NA
1996 NA
1996 NA
1996 NA
1996 NA
1996 NA
1996 NA
1996 NA
1996 NA
1996 NA
1996 NA
1996 NA
1996 NA
1996 NA
1996 NA
1996 NA
1996 NA
1996 NA
1996 NA
1996 NA
1996 NA
1996 0
1996 0
1996 0
1996 0
1996 0
1996 0
1996 0
1996 0
1996 0
1996 0
1996 0
1996 0
1996 0
1996 0
1996 0
1996 0
1996 0
1996 0
1996 0
1996 0
1996 0
1996 0
1996 0
1996 0
1996 0
1996 0
1996 0
1996 0
1996 0
1996 0
1996 0
1996 0
1996 0
1996 0
1996 0
1996 0
1996 0
1996 0
1996 0
1996 0
1996 0
1996 0
1996 0
1996 0
1996 0
1996 0
1996 0
1996 0
1996 0
1996 0
1997 0
1997 0
1997 0
1997 0
1997 0
1997 0
1997 0
1997 0
1997 0
1997 0
1997 0
1997 0
1997 11
1997 20
1997 11
1997 10
1997 0
1997 0
1997 0
1997 9
1997 9
1997 6
1997 7
1997 6
1997 0
1997 0
1997 0
1997 7
1997 0
1997 0
1997 0
1997 13
1997 7
1997 0
1997 0
1997 0
1997 0
1997 0
1997 NA
1997 NA
1997 NA
1997 NA
1997 NA
1997 NA
1997 NA
1997 NA
1997 NA
1997 NA
1997 NA
1997 NA
1997 NA
1997 NA
1997 NA
1997 NA
1997 NA
1997 NA
1997 NA
1997 NA
1997 NA
1997 NA
1997 NA
1997 NA
1997 NA
1997 NA
1997 NA
1997 NA
1997 NA
1997 NA
1997 NA
1997 NA
1997 NA
1997 NA
1997 NA
1997 NA
1997 NA
1997 NA
1997 NA
1997 NA
1997 NA
1997 NA
1997 NA
1997 NA
1997 NA
1997 NA
1997 NA
1997 NA
1997 NA
1997 NA
1997 NA
1997 NA
1997 NA
1997 NA
1997 NA
1997 NA
1997 NA
1997 NA
1997 NA
1997 NA
1997 NA
1997 NA
1997 NA
1997 NA
1997 NA
1997 NA
1997 NA
1997 NA
1997 NA
1997 NA
1997 NA
1997 NA
1997 NA
1997 NA
1997 NA
1997 NA
1997 NA
1997 NA
1997 NA
1997 NA
1997 NA
1997 NA
1997 NA
1997 NA
1997 NA
1997 NA
1997 NA
1997 NA
1997 NA
1997 NA
1997 NA
1997 NA
1997 NA
1997 NA
1997 NA
1997 NA
1997 NA
1997 NA
1997 NA
1997 NA
1997 NA
1997 NA
1997 NA
1997 NA
1997 NA
1997 NA
1997 NA
1997 NA
1997 NA
1997 NA
1997 NA
1997 NA
1997 NA
1997 NA
1997 NA
1997 NA
1997 NA
1997 NA
1997 NA
1997 NA
1997 NA
1997 NA
1997 NA
1997 NA
1997 NA
1997 NA
1997 NA
1997 NA
1997 NA
1997 NA
1997 NA
1997 NA
1997 NA
1997 NA
1997 NA
1997 NA
1997 NA
1997 NA
1997 NA
1997 NA
1997 NA
1997 NA
1997 NA
1997 NA
1997 NA
1997 NA
1997 NA
1997 NA
1997 NA
1997 NA
1997 NA
1997 NA
1997 NA
1997 NA
1997 NA
1997 NA
1997 NA
1997 NA
1997 NA
1997 NA
1997 NA
1997 NA
1997 NA
1997 NA
1997 NA
1997 NA
1997 NA
1997 NA
1997 NA
1997 NA
1997 NA
1997 NA
1997 NA
1997 NA
1997 NA
1997 NA
1997 NA
1997 NA
1997 233
1997 233
1997 232
1997 234
1997 230
1997 231
1997 229
1997 228
1997 228
1997 225
1997 226
1997 224
1997 223
1997 224
1997 224
1997 234
1997 233
1997 230
1997 227
1997 225
1997 223
1997 227
1997 237
1997 242
1997 233
1997 239
1997 231
1997 229
1997 224
1997 219
1997 218
1997 232
1997 246
1997 273
1997 261
1997 266
1997 265
1997 262
1997 257
1997 250
1997 242
1997 232
1997 228
1997 223
1997 225
1997 217
1997 218
1997 218
1997 215
1997 210
1997 207
1997 201
1997 193
1997 185
1997 178
1997 171
1997 165
1997 160
1997 171
1997 162
1997 153
1997 151
1997 146
1997 136
1997 131
1997 124
1997 117
1997 111
1997 106
1997 100
1997 98
1997 93
1997 86
1997 78
1997 74
1997 69
1997 70
1997 62
1997 51
1997 55
1997 49
1997 47
1997 46
1997 42
1997 44
1997 37
1997 38
1997 38
1997 35
1997 29
1997 30
1997 25
1997 27
1997 23
1997 13
1997 0
1997 0
1997 0
1997 0
1997 0
1997 0
1997 0
1997 0
1997 0
1997 0
1997 0
1997 0
1997 0
1997 0
1997 0
1997 0
1997 0
1997 0
1997 0
1997 0
1997 0
1997 0
1997 0
1997 0
1997 0
1997 0
1997 0
1997 0
1997 0
1997 0
1997 0
1997 0
1997 0
1997 0
1997 0
1997 0
1997 0
1997 0
1997 0
1997 0
1997 0
1997 0
1997 0
1997 0
1997 0
1997 0
1997 0
1997 0
1997 0
1997 0
1997 0
1997 0
1997 0
1997 0
1998 0
1998 0
1998 0
1998 0
1998 0
1998 0
1998 0
1998 0
1998 0
1998 0
1998 0
1998 0
1998 0
1998 0
1998 0
1998 0
1998 0
1998 0
1998 0
1998 0
1998 0
1998 0
1998 0
1998 0
1998 0
1998 0
1998 0
1998 0
1998 0
1998 0
1998 0
1998 0
1998 0
1998 0
1998 0
1998 0
1998 0
1998 0
1998 0
1998 0
1998 0
1998 0
1998 12
1998 10
1998 1
1998 12
1998 0
1998 0
1998 0
1998 0
1998 0
1998 0
1998 0
1998 0
1998 0
1998 0
1998 0
1998 0
1998 3
1998 3
1998 2
1998 2
1998 0
1998 0
1998 0
1998 2
1998 18
1998 50
1998 54
1998 53
1998 58
1998 65
1998 97
1998 101
1998 83
1998 76
1998 76
1998 72
1998 67
1998 65
1998 68
1998 66
1998 66
1998 64
1998 63
1998 63
1998 68
1998 67
1998 67
1998 67
1998 62
1998 64
1998 61
1998 79
1998 70
1998 71
1998 67
1998 64
1998 61
1998 62
1998 59
1998 62
1998 65
1998 87
1998 75
1998 71
1998 75
1998 102
1998 99
1998 111
1998 143
1998 147
1998 140
1998 136
1998 132
1998 129
1998 131
1998 131
1998 136
1998 132
1998 126
1998 124
1998 128
1998 135
1998 134
1998 145
1998 146
1998 148
1998 147
1998 143
1998 141
1998 137
1998 135
1998 133
1998 134
1998 132
1998 139
1998 139
1998 147
1998 142
1998 166
1998 162
1998 181
1998 175
1998 171
1998 168
1998 175
1998 172
1998 168
1998 166
1998 163
1998 160
1998 159
1998 158
1998 157
1998 156
1998 156
1998 157
1998 155
1998 155
1998 156
1998 155
1998 153
1998 152
1998 153
1998 152
1998 151
1998 151
1998 149
1998 149
1998 149
1998 147
1998 146
1998 146
1998 147
1998 161
1998 158
1998 159
1998 156
1998 156
1998 147
1998 146
1998 145
1998 144
1998 147
1998 154
1998 144
1998 146
1998 148
1998 159
1998 154
1998 155
1998 158
1998 160
1998 157
1998 154
1998 153
1998 151
1998 151
1998 150
1998 150
1998 150
1998 149
1998 149
1998 176
1998 160
1998 157
1998 156
1998 153
1998 149
1998 148
1998 147
1998 145
1998 147
1998 154
1998 167
1998 204
1998 205
1998 209
1998 218
1998 211
1998 245
1998 302
1998 318
1998 296
1998 288
1998 290
1998 315
1998 302
1998 295
1998 287
1998 277
1998 271
1998 262
1998 251
1998 240
1998 233
1998 228
1998 234
1998 271
1998 264
1998 266
1998 269
1998 265
1998 257
1998 250
1998 246
1998 241
1998 235
1998 231
1998 227
1998 224
1998 216
1998 213
1998 206
1998 199
1998 190
1998 188
1998 183
1998 181
1998 178
1998 173
1998 168
1998 166
1998 164
1998 158
1998 161
1998 158
1998 153
1998 169
1998 190
1998 175
1998 167
1998 177
1998 168
1998 164
1998 159
1998 152
1998 146
1998 137
1998 135
1998 125
1998 120
1998 118
1998 124
1998 118
1998 116
1998 114
1998 109
1998 106
1998 99
1998 94
1998 87
1998 80
1998 71
1998 57
1998 46
1998 42
1998 36
1998 27
1998 14
1998 0
1998 0
1998 0
1998 0
1998 0
1998 0
1998 0
1998 0
1998 0
1998 0
1998 0
1998 0
1998 0
1998 0
1998 0
1998 0
1998 0
1998 0
1998 0
1998 0
1998 0
1998 0
1998 0
1998 0
1998 0
1998 0
1998 0
1998 0
1998 0
1998 0
1998 0
1998 0
1998 0
1998 0
1998 0
1998 0
1998 0
1998 0
1998 0
1998 0
1998 0
1998 0
1998 0
1998 0
1998 0
1998 0
1998 0
1998 0
1998 0
1998 0
1998 0
1998 0
1998 0
1998 0
1998 0
1998 0
1998 0
1998 0
1998 0
1998 0
1998 0
1998 0
1998 0
1998 0
1999 0
1999 0
1999 0
1999 0
1999 0
1999 0
1999 0
1999 0
1999 0
1999 0
1999 0
1999 7
1999 6
1999 0
1999 0
1999 0
1999 0
1999 0
1999 0
1999 0
1999 0
1999 0
1999 0
1999 0
1999 0
1999 0
1999 0
1999 0
1999 0
1999 0
1999 5
1999 17
1999 16
1999 14
1999 25
1999 24
1999 NA
1999 43
1999 51
1999 47
1999 44
1999 42
1999 42
1999 42
1999 35
1999 33
1999 33
1999 27
1999 27
1999 29
1999 27
1999 26
1999 26
1999 35
1999 57
1999 75
1999 85
1999 71
1999 59
1999 65
1999 77
1999 91
1999 84
1999 86
1999 89
1999 90
1999 83
1999 81
1999 81
1999 80
1999 78
1999 85
1999 83
1999 83
1999 87
1999 93
1999 93
1999 100
1999 94
1999 94
1999 92
1999 92
1999 86
1999 87
1999 87
1999 86
1999 90
1999 90
1999 90
1999 91
1999 93
1999 97
1999 95
1999 95
1999 97
1999 88
1999 97
1999 102
1999 103
1999 100
1999 100
1999 100
1999 99
1999 107
1999 103
1999 100
1999 100
1999 99
1999 98
1999 99
1999 98
1999 98
1999 86
1999 80
1999 82
1999 81
1999 83
1999 83
1999 82
1999 83
1999 84
1999 85
1999 126
1999 127
1999 121
1999 122
1999 116
1999 111
1999 110
1999 107
1999 116
1999 113
1999 167
1999 185
1999 181
1999 171
1999 168
1999 161
1999 157
1999 152
1999 147
1999 145
1999 144
1999 143
1999 139
1999 139
1999 137
1999 136
1999 148
1999 160
1999 219
1999 205
1999 196
1999 193
1999 189
1999 185
1999 176
1999 163
1999 185
1999 188
1999 210
1999 230
1999 224
1999 209
1999 183
1999 182
1999 181
1999 178
1999 177
1999 183
1999 198
1999 206
1999 203
1999 210
1999 235
1999 250
1999 240
1999 247
1999 240
1999 236
1999 233
1999 229
1999 226
1999 225
1999 263
1999 315
1999 295
1999 289
1999 278
1999 292
1999 283
1999 282
1999 274
1999 267
1999 267
1999 264
1999 262
1999 259
1999 257
1999 256
1999 263
1999 251
1999 260
1999 265
1999 266
1999 264
1999 274
1999 295
1999 303
1999 288
1999 285
1999 279
1999 275
1999 270
1999 267
1999 258
1999 252
1999 249
1999 253
1999 260
1999 259
1999 258
1999 255
1999 254
1999 256
1999 253
1999 299
1999 353
1999 353
1999 341
1999 335
1999 330
1999 333
1999 325
1999 319
1999 322
1999 315
1999 311
1999 315
1999 306
1999 304
1999 307
1999 294
1999 288
1999 278
1999 274
1999 274
1999 265
1999 259
1999 255
1999 255
1999 246
1999 243
1999 231
1999 219
1999 210
1999 206
1999 204
1999 202
1999 202
1999 216
1999 244
1999 230
1999 242
1999 230
1999 217
1999 215
1999 208
1999 202
1999 197
1999 192
1999 184
1999 178
1999 170
1999 164
1999 158
1999 156
1999 153
1999 146
1999 144
1999 145
1999 145
1999 139
1999 140
1999 132
1999 126
1999 123
1999 119
1999 114
1999 110
1999 101
1999 94
1999 92
1999 89
1999 90
1999 84
1999 82
1999 71
1999 67
1999 63
1999 61
1999 50
1999 43
1999 36
1999 25
1999 15
1999 0
1999 0
1999 0
1999 0
1999 0
1999 0
1999 0
1999 0
1999 0
1999 0
1999 0
1999 0
1999 0
1999 0
1999 0
1999 0
1999 0
1999 0
1999 0
1999 0
1999 0
1999 0
1999 0
1999 0
1999 0
1999 0
1999 0
1999 0
1999 0
1999 0
1999 0
1999 0
1999 0
1999 0
1999 0
1999 0
1999 0
1999 0
1999 0
1999 0
1999 0
1999 0
1999 0
1999 0
1999 0
1999 0
1999 0
1999 0
1999 0
1999 0
1999 0
1999 0
1999 0
1999 0
1999 0
1999 0
1999 0
1999 0
1999 0
2000 0
2000 0
2000 0
2000 0
2000 0
2000 0
2000 0
2000 0
2000 0
2000 0
2000 0
2000 0
2000 0
2000 0
2000 0
2000 0
2000 0
2000 0
2000 0
2000 0
2000 10
2000 0
2000 0
2000 0
2000 0
2000 0
2000 0
2000 0
2000 0
2000 0
2000 0
2000 0
2000 0
2000 0
2000 0
2000 0
2000 0
2000 0
2000 0
2000 0
2000 0
2000 0
2000 0
2000 0
2000 0
2000 0
2000 0
2000 0
2000 0
2000 11
2000 14
2000 27
2000 29
2000 33
2000 48
2000 38
2000 37
2000 38
2000 35
2000 30
2000 31
2000 28
2000 31
2000 27
2000 35
2000 46
2000 51
2000 46
2000 58
2000 45
2000 42
2000 46
2000 64
2000 61
2000 61
2000 53
2000 57
2000 61
2000 54
2000 60
2000 61
2000 62
2000 61
2000 49
2000 38
2000 41
2000 38
2000 38
2000 39
2000 37
2000 38
2000 39
2000 39
2000 39
2000 39
2000 54
2000 38
2000 38
2000 39
2000 39
2000 46
2000 51
2000 46
2000 68
2000 78
2000 90
2000 80
2000 81
2000 77
2000 79
2000 83
2000 71
2000 71
2000 69
2000 69
2000 69
2000 92
2000 116
2000 146
2000 146
2000 141
2000 133
2000 127
2000 125
2000 119
2000 119
2000 114
2000 112
2000 112
2000 112
2000 112
2000 111
2000 110
2000 110
2000 110
2000 110
2000 109
2000 109
2000 109
2000 109
2000 91
2000 91
2000 91
2000 91
2000 93
2000 98
2000 98
2000 98
2000 98
2000 98
2000 98
2000 104
2000 126
2000 118
2000 118
2000 118
2000 113
2000 113
2000 110
2000 110
2000 108
2000 116
2000 123
2000 123
2000 125
2000 122
2000 120
2000 124
2000 125
2000 135
2000 145
2000 161
2000 174
2000 168
2000 163
2000 159
2000 154
2000 153
2000 153
2000 150
2000 150
2000 151
2000 163
2000 173
2000 163
2000 160
2000 160
2000 160
2000 160
2000 157
2000 169
2000 164
2000 160
2000 158
2000 156
2000 156
2000 160
2000 158
2000 155
2000 153
2000 151
2000 150
2000 150
2000 150
2000 150
2000 150
2000 152
2000 157
2000 172
2000 169
2000 218
2000 207
2000 195
2000 196
2000 193
2000 199
2000 201
2000 200
2000 196
2000 192
2000 190
2000 190
2000 198
2000 197
2000 216
2000 210
2000 222
2000 229
2000 231
2000 245
2000 271
2000 283
2000 267
2000 257
2000 246
2000 241
2000 256
2000 242
2000 231
2000 225
2000 230
2000 279
2000 271
2000 256
2000 239
2000 228
2000 222
2000 212
2000 211
2000 211
2000 206
2000 201
2000 195
2000 188
2000 183
2000 182
2000 174
2000 168
2000 168
2000 156
2000 155
2000 155
2000 153
2000 151
2000 151
2000 146
2000 139
2000 135
2000 134
2000 132
2000 128
2000 125
2000 122
2000 122
2000 114
2000 109
2000 103
2000 97
2000 87
2000 82
2000 83
2000 76
2000 73
2000 67
2000 62
2000 55
2000 51
2000 40
2000 34
2000 10
2000 1
2000 2
2000 0
2000 0
2000 0
2000 0
2000 0
2000 2
2000 3
2000 1
2000 1
2000 1
2000 0
2000 0
2000 0
2000 0
2000 0
2000 0
2000 0
2000 0
2000 0
2000 0
2000 3
2000 2
2000 2
2000 4
2000 7
2000 1
2000 6
2000 6
2000 0
2000 1
2000 0
2000 0
2000 NA
2000 0
2000 0
2000 0
2000 0
2000 0
2000 0
2000 0
2000 0
2000 0
2000 0
2000 0
2000 0
2000 0
2000 0
2000 0
2000 0
2000 0
2000 0
2000 0
2000 0
2000 0
2000 0
2000 0
2000 0
2000 0
2000 0
2000 0
2000 0
2000 0
2000 0
2000 0
2000 0
2000 0
2000 0
2000 0
2000 0
2000 0
2000 0
2000 0
2000 0
2000 0
2001 0
2001 0
2001 0
2001 3
2001 1
2001 0
2001 1
2001 0
2001 0
2001 0
2001 0
2001 0
2001 0
2001 0
2001 0
2001 0
2001 0
2001 1
2001 3
2001 0
2001 17
2001 11
2001 4
2001 2
2001 1
2001 1
2001 1
2001 4
2001 0
2001 1
2001 15
2001 17
2001 24
2001 21
2001 18
2001 13
2001 12
2001 13
2001 12
2001 16
2001 23
2001 51
2001 56
2001 48
2001 38
2001 41
2001 63
2001 59
2001 56
2001 51
2001 49
2001 46
2001 46
2001 46
2001 41
2001 42
2001 42
2001 42
2001 43
2001 44
2001 63
2001 76
2001 74
2001 88
2001 128
2001 114
2001 126
2001 146
2001 142
2001 144
2001 141
2001 137
2001 137
2001 137
2001 169
2001 178
2001 170
2001 212
2001 212
2001 202
2001 199
2001 195
2001 192
2001 190
2001 219
2001 214
2001 212
2001 218
2001 212
2001 204
2001 200
2001 198
2001 196
2001 203
2001 203
2001 198
2001 198
2001 201
2001 206
2001 212
2001 215
2001 206
2001 202
2001 200
2001 196
2001 198
2001 198
2001 198
2001 195
2001 195
2001 192
2001 191
2001 191
2001 189
2001 189
2001 197
2001 197
2001 196
2001 201
2001 204
2001 203
2001 207
2001 205
2001 203
2001 205
2001 205
2001 205
2001 211
2001 222
2001 236
2001 234
2001 233
2001 231
2001 229
2001 235
2001 230
2001 230
2001 227
2001 224
2001 235
2001 234
2001 232
2001 227
2001 226
2001 230
2001 226
2001 230
2001 237
2001 247
2001 232
2001 232
2001 232
2001 232
2001 232
2001 229
2001 229
2001 258
2001 249
2001 245
2001 244
2001 256
2001 285
2001 276
2001 271
2001 265
2001 264
2001 262
2001 260
2001 258
2001 257
2001 260
2001 253
2001 249
2001 243
2001 245
2001 247
2001 248
2001 252
2001 257
2001 249
2001 263
2001 262
2001 269
2001 282
2001 277
2001 280
2001 275
2001 274
2001 270
2001 288
2001 282
2001 282
2001 289
2001 285
2001 299
2001 290
2001 287
2001 291
2001 291
2001 289
2001 287
2001 302
2001 318
2001 308
2001 299
2001 307
2001 300
2001 298
2001 294
2001 296
2001 321
2001 320
2001 316
2001 312
2001 310
2001 308
2001 324
2001 318
2001 327
2001 334
2001 332
2001 333
2001 335
2001 335
2001 329
2001 325
2001 322
2001 326
2001 324
2001 321
2001 326
2001 326
2001 325
2001 317
2001 316
2001 316
2001 315
2001 319
2001 316
2001 314
2001 314
2001 315
2001 324
2001 324
2001 333
2001 323
2001 338
2001 324
2001 318
2001 311
2001 307
2001 302
2001 296
2001 288
2001 281
2001 281
2001 291
2001 285
2001 281
2001 274
2001 270
2001 263
2001 258
2001 256
2001 250
2001 248
2001 239
2001 223
2001 223
2001 218
2001 212
2001 199
2001 198
2001 189
2001 187
2001 187
2001 198
2001 193
2001 190
2001 193
2001 186
2001 183
2001 178
2001 178
2001 174
2001 171
2001 174
2001 166
2001 161
2001 159
2001 160
2001 157
2001 150
2001 145
2001 140
2001 133
2001 123
2001 115
2001 108
2001 105
2001 101
2001 88
2001 82
2001 82
2001 68
2001 59
2001 50
2001 41
2001 29
2001 18
2001 14
2001 5
2001 2
2001 0
2001 0
2001 0
2001 0
2001 0
2001 0
2001 0
2001 0
2001 5
2001 0
2001 0
2001 0
2001 0
2001 0
2001 0
2001 0
2001 0
2001 0
2001 0
2001 0
2001 0
2001 0
2001 0
2001 0
2001 0
2001 0
2001 0
2001 0
2001 0
2001 0
2001 0
2001 0
2001 0
2001 0
2001 0
2001 0
2001 0
2001 0
2001 0
2001 0
2001 0
2001 0
2001 0
2001 0
2001 0
2001 0
2001 0
2001 0
2001 0
2001 0
2001 0
2001 0
2002 0
2002 0
2002 0
2002 0
2002 0
2002 0
2002 0
2002 0
2002 8
2002 11
2002 0
2002 0
2002 0
2002 0
2002 0
2002 0
2002 13
2002 6
2002 14
2002 17
2002 13
2002 9
2002 8
2002 7
2002 5
2002 7
2002 0
2002 0
2002 0
2002 0
2002 0
2002 0
2002 0
2002 0
2002 0
2002 0
2002 0
2002 0
2002 0
2002 0
2002 0
2002 0
2002 0
2002 0
2002 0
2002 0
2002 0
2002 0
2002 0
2002 0
2002 6
2002 5
2002 5
2002 0
2002 7
2002 0
2002 0
2002 0
2002 0
2002 0
2002 0
2002 0
2002 0
2002 0
2002 0
2002 0
2002 0
2002 0
2002 4
2002 7
2002 6
2002 6
2002 9
2002 7
2002 6
2002 6
2002 6
2002 6
2002 6
2002 6
2002 6
2002 6
2002 6
2002 24
2002 15
2002 8
2002 8
2002 13
2002 11
2002 13
2002 13
2002 13
2002 13
2002 13
2002 13
2002 12
2002 12
2002 12
2002 11
2002 11
2002 11
2002 11
2002 11
2002 10
2002 14
2002 12
2002 11
2002 11
2002 11
2002 11
2002 11
2002 11
2002 11
2002 12
2002 10
2002 10
2002 10
2002 21
2002 19
2002 21
2002 41
2002 41
2002 39
2002 38
2002 38
2002 38
2002 38
2002 38
2002 38
2002 38
2002 38
2002 38
2002 38
2002 37
2002 37
2002 37
2002 36
2002 36
2002 36
2002 36
2002 36
2002 36
2002 36
2002 36
2002 36
2002 46
2002 37
2002 37
2002 38
2002 36
2002 36
2002 36
2002 36
2002 36
2002 36
2002 36
2002 36
2002 36
2002 49
2002 53
2002 53
2002 51
2002 63
2002 54
2002 54
2002 54
2002 54
2002 94
2002 106
2002 110
2002 100
2002 103
2002 100
2002 97
2002 91
2002 89
2002 93
2002 93
2002 91
2002 90
2002 90
2002 85
2002 91
2002 106
2002 100
2002 100
2002 105
2002 106
2002 100
2002 97
2002 97
2002 97
2002 96
2002 96
2002 95
2002 100
2002 100
2002 95
2002 95
2002 107
2002 135
2002 124
2002 133
2002 162
2002 153
2002 145
2002 140
2002 138
2002 138
2002 136
2002 135
2002 132
2002 132
2002 132
2002 130
2002 134
2002 130
2002 127
2002 127
2002 134
2002 132
2002 132
2002 137
2002 140
2002 149
2002 151
2002 144
2002 144
2002 144
2002 144
2002 144
2002 145
2002 138
2002 137
2002 130
2002 130
2002 128
2002 120
2002 131
2002 127
2002 130
2002 124
2002 122
2002 147
2002 236
2002 255
2002 273
2002 272
2002 250
2002 237
2002 230
2002 232
2002 220
2002 211
2002 213
2002 206
2002 191
2002 185
2002 179
2002 172
2002 169
2002 162
2002 155
2002 155
2002 155
2002 182
2002 166
2002 164
2002 187
2002 215
2002 197
2002 182
2002 174
2002 168
2002 159
2002 156
2002 152
2002 146
2002 161
2002 158
2002 150
2002 152
2002 149
2002 144
2002 136
2002 129
2002 121
2002 116
2002 109
2002 100
2002 90
2002 81
2002 69
2002 59
2002 58
2002 43
2002 35
2002 30
2002 21
2002 14
2002 3
2002 1
2002 2
2002 3
2002 0
2002 0
2002 0
2002 0
2002 0
2002 0
2002 0
2002 0
2002 0
2002 0
2002 0
2002 0
2002 0
2002 0
2002 0
2002 0
2002 0
2002 0
2002 0
2002 0
2002 0
2002 0
2002 0
2002 0
2002 0
2002 0
2002 0
2002 0
2002 0
2002 0
2002 0
2002 0
2002 0
2002 0
2002 0
2002 0
2002 0
2002 0
2002 0
2002 0
2002 13
2002 0
2002 0
2002 0
2002 NA
2002 0
2002 0
2002 0
2002 0
2002 0
2002 0
2002 0
2002 0
2002 0
2002 0
2002 0
2002 0
2002 0
2002 0
2002 0
2002 0
2003 0
2003 0
2003 0
2003 0
2003 0
2003 0
2003 0
2003 0
2003 0
2003 0
2003 0
2003 0
2003 0
2003 0
2003 0
2003 0
2003 0
2003 0
2003 0
2003 0
2003 0
2003 0
2003 0
2003 0
2003 0
2003 0
2003 0
2003 0
2003 0
2003 0
2003 1
2003 1
2003 1
2003 1
2003 1
2003 4
2003 2
2003 2
2003 3
2003 2
2003 2
2003 0
2003 0
2003 4
2003 1
2003 1
2003 1
2003 7
2003 10
2003 13
2003 11
2003 15
2003 16
2003 12
2003 14
2003 23
2003 18
2003 11
2003 11
2003 11
2003 11
2003 11
2003 11
2003 22
2003 32
2003 31
2003 30
2003 30
2003 32
2003 30
2003 42
2003 45
2003 44
2003 44
2003 44
2003 113
2003 241
2003 269
2003 255
2003 268
2003 256
2003 252
2003 279
2003 261
2003 263
2003 298
2003 342
2003 339
2003 326
2003 337
2003 322
2003 308
2003 305
2003 297
2003 292
2003 290
2003 291
2003 287
2003 285
2003 281
2003 283
2003 279
2003 279
2003 279
2003 274
2003 272
2003 276
2003 278
2003 285
2003 281
2003 279
2003 278
2003 276
2003 279
2003 277
2003 276
2003 272
2003 272
2003 288
2003 291
2003 279
2003 277
2003 284
2003 285
2003 289
2003 297
2003 290
2003 290
2003 286
2003 280
2003 280
2003 276
2003 274
2003 272
2003 272
2003 265
2003 263
2003 262
2003 260
2003 260
2003 260
2003 260
2003 265
2003 280
2003 278
2003 298
2003 298
2003 293
2003 281
2003 275
2003 285
2003 299
2003 295
2003 294
2003 289
2003 290
2003 337
2003 334
2003 332
2003 326
2003 320
2003 317
2003 316
2003 313
2003 312
2003 306
2003 306
2003 306
2003 304
2003 310
2003 306
2003 304
2003 303
2003 300
2003 300
2003 298
2003 298
2003 298
2003 296
2003 294
2003 294
2003 294
2003 292
2003 294
2003 292
2003 291
2003 291
2003 291
2003 291
2003 291
2003 290
2003 290
2003 290
2003 290
2003 290
2003 290
2003 292
2003 288
2003 288
2003 287
2003 284
2003 282
2003 282
2003 281
2003 281
2003 280
2003 278
2003 278
2003 276
2003 276
2003 273
2003 273
2003 269
2003 271
2003 273
2003 273
2003 273
2003 268
2003 268
2003 267
2003 275
2003 297
2003 289
2003 284
2003 282
2003 277
2003 276
2003 270
2003 269
2003 264
2003 263
2003 284
2003 282
2003 277
2003 271
2003 266
2003 263
2003 261
2003 267
2003 259
2003 259
2003 254
2003 265
2003 260
2003 259
2003 254
2003 248
2003 243
2003 234
2003 234
2003 229
2003 229
2003 224
2003 220
2003 215
2003 212
2003 212
2003 211
2003 212
2003 208
2003 205
2003 201
2003 207
2003 209
2003 205
2003 202
2003 195
2003 195
2003 188
2003 184
2003 178
2003 175
2003 172
2003 163
2003 156
2003 150
2003 149
2003 145
2003 138
2003 132
2003 127
2003 121
2003 113
2003 107
2003 98
2003 93
2003 83
2003 78
2003 62
2003 55
2003 52
2003 43
2003 25
2003 15
2003 6
2003 2
2003 2
2003 0
2003 0
2003 0
2003 0
2003 0
2003 0
2003 0
2003 0
2003 0
2003 0
2003 0
2003 0
2003 0
2003 0
2003 0
2003 0
2003 0
2003 0
2003 0
2003 0
2003 0
2003 0
2003 0
2003 0
2003 0
2003 0
2003 0
2003 0
2003 0
2003 0
2003 0
2003 0
2003 0
2003 0
2003 0
2003 0
2003 0
2003 0
2003 0
2003 0
2003 0
2003 0
2003 0
2003 0
2003 0
2003 0
2003 0
2003 0
2003 0
2003 0
2003 0
2003 0
2003 0
2003 0
2003 0
2003 0
2003 0
2003 0
2003 0
2003 0
2003 0
2003 0
2003 0
2003 0
2003 0
2003 0
2003 0
2003 0
2004 0
2004 0
2004 0
2004 0
2004 0
2004 0
2004 0
2004 0
2004 0
2004 0
2004 0
2004 0
2004 0
2004 0
2004 0
2004 0
2004 0
2004 0
2004 0
2004 0
2004 0
2004 0
2004 0
2004 0
2004 0
2004 0
2004 0
2004 0
2004 0
2004 0
2004 0
2004 0
2004 0
2004 0
2004 7
2004 4
2004 1
2004 29
2004 21
2004 11
2004 11
2004 7
2004 9
2004 7
2004 5
2004 4
2004 4
2004 3
2004 3
2004 9
2004 11
2004 8
2004 9
2004 15
2004 14
2004 11
2004 10
2004 14
2004 13
2004 19
2004 19
2004 78
2004 75
2004 68
2004 61
2004 60
2004 60
2004 70
2004 94
2004 98
2004 92
2004 83
2004 81
2004 79
2004 75
2004 75
2004 74
2004 77
2004 74
2004 71
2004 71
2004 70
2004 72
2004 77
2004 82
2004 87
2004 89
2004 94
2004 135
2004 118
2004 115
2004 112
2004 124
2004 144
2004 140
2004 137
2004 133
2004 130
2004 127
2004 127
2004 126
2004 128
2004 126
2004 123
2004 120
2004 124
2004 139
2004 130
2004 127
2004 127
2004 124
2004 132
2004 136
2004 129
2004 120
2004 116
2004 115
2004 115
2004 125
2004 171
2004 165
2004 169
2004 163
2004 162
2004 160
2004 147
2004 141
2004 141
2004 141
2004 140
2004 151
2004 156
2004 153
2004 169
2004 193
2004 207
2004 206
2004 200
2004 211
2004 212
2004 202
2004 208
2004 221
2004 221
2004 212
2004 207
2004 211
2004 208
2004 218
2004 210
2004 208
2004 206
2004 204
2004 201
2004 198
2004 197
2004 195
2004 192
2004 192
2004 185
2004 181
2004 193
2004 193
2004 197
2004 182
2004 181
2004 180
2004 179
2004 179
2004 176
2004 176
2004 182
2004 216
2004 226
2004 224
2004 223
2004 210
2004 208
2004 207
2004 206
2004 205
2004 204
2004 202
2004 202
2004 199
2004 199
2004 197
2004 203
2004 205
2004 195
2004 195
2004 197
2004 236
2004 231
2004 226
2004 222
2004 217
2004 213
2004 209
2004 205
2004 199
2004 199
2004 194
2004 197
2004 197
2004 196
2004 194
2004 194
2004 194
2004 194
2004 194
2004 194
2004 194
2004 192
2004 190
2004 202
2004 198
2004 197
2004 194
2004 214
2004 216
2004 234
2004 233
2004 233
2004 230
2004 225
2004 221
2004 229
2004 246
2004 241
2004 228
2004 275
2004 268
2004 259
2004 251
2004 242
2004 235
2004 230
2004 225
2004 223
2004 223
2004 222
2004 236
2004 241
2004 238
2004 238
2004 249
2004 263
2004 322
2004 303
2004 293
2004 288
2004 284
2004 274
2004 266
2004 260
2004 252
2004 249
2004 245
2004 239
2004 234
2004 227
2004 222
2004 217
2004 216
2004 212
2004 207
2004 206
2004 204
2004 199
2004 197
2004 192
2004 188
2004 184
2004 181
2004 192
2004 202
2004 194
2004 187
2004 180
2004 175
2004 167
2004 160
2004 153
2004 145
2004 136
2004 127
2004 125
2004 116
2004 114
2004 106
2004 98
2004 93
2004 93
2004 90
2004 83
2004 83
2004 76
2004 70
2004 57
2004 55
2004 40
2004 28
2004 21
2004 14
2004 7
2004 1
2004 0
2004 0
2004 0
2004 0
2004 0
2004 0
2004 0
2004 0
2004 0
2004 0
2004 0
2004 0
2004 0
2004 0
2004 0
2004 0
2004 0
2004 NA
2004 0
2004 0
2004 0
2004 0
2004 0
2004 0
2004 0
2004 0
2004 0
2004 0
2004 0
2004 0
2004 0
2004 0
2004 0
2004 0
2004 0
2004 0
2004 0
2004 0
2004 0
2004 0
2004 0
2004 0
2004 0
2004 0
2004 0
2004 0
2004 0
2004 0
2004 0
2004 0
2004 0
2004 0
2004 0
2004 0
2004 0
2004 0
2004 0
2004 0
2004 0
2005 0
2005 0
2005 0
2005 0
2005 0
2005 NA
2005 0
2005 0
2005 NA
2005 5
2005 0
2005 0
2005 0
2005 0
2005 0
2005 0
2005 0
2005 0
2005 0
2005 0
2005 0
2005 0
2005 0
2005 5
2005 0
2005 0
2005 0
2005 0
2005 0
2005 0
2005 0
2005 0
2005 0
2005 0
2005 0
2005 0
2005 0
2005 0
2005 0
2005 0
2005 1
2005 6
2005 3
2005 3
2005 12
2005 24
2005 20
2005 16
2005 NA
2005 21
2005 13
2005 10
2005 6
2005 3
2005 1
2005 2
2005 9
2005 21
2005 37
2005 54
2005 50
2005 37
2005 39
2005 35
2005 31
2005 29
2005 29
2005 29
2005 27
2005 27
2005 26
2005 32
2005 52
2005 43
2005 28
2005 28
2005 28
2005 27
2005 27
2005 31
2005 35
2005 46
2005 41
2005 40
2005 38
2005 36
2005 36
2005 36
2005 36
2005 42
2005 63
2005 84
2005 78
2005 76
2005 70
2005 68
2005 67
2005 66
2005 62
2005 62
2005 62
2005 60
2005 60
2005 60
2005 60
2005 59
2005 59
2005 64
2005 83
2005 99
2005 99
2005 96
2005 95
2005 93
2005 81
2005 80
2005 125
2005 131
2005 117
2005 104
2005 107
2005 98
2005 96
2005 95
2005 93
2005 93
2005 93
2005 92
2005 91
2005 91
2005 91
2005 89
2005 89
2005 89
2005 89
2005 89
2005 89
2005 88
2005 88
2005 88
2005 99
2005 89
2005 92
2005 126
2005 127
2005 128
2005 126
2005 126
2005 122
2005 119
2005 117
2005 117
2005 113
2005 134
2005 137
2005 110
2005 108
2005 108
2005 106
2005 106
2005 106
2005 106
2005 106
2005 113
2005 116
2005 109
2005 120
2005 122
2005 126
2005 126
2005 125
2005 125
2005 125
2005 125
2005 125
2005 125
2005 125
2005 136
2005 134
2005 131
2005 126
2005 126
2005 125
2005 125
2005 126
2005 126
2005 126
2005 125
2005 115
2005 112
2005 112
2005 112
2005 112
2005 119
2005 114
2005 113
2005 112
2005 111
2005 111
2005 111
2005 110
2005 109
2005 109
2005 109
2005 109
2005 113
2005 113
2005 126
2005 121
2005 120
2005 123
2005 121
2005 121
2005 120
2005 119
2005 119
2005 119
2005 119
2005 119
2005 141
2005 152
2005 146
2005 146
2005 140
2005 138
2005 137
2005 143
2005 173
2005 197
2005 191
2005 184
2005 179
2005 176
2005 171
2005 170
2005 174
2005 180
2005 174
2005 169
2005 165
2005 155
2005 148
2005 141
2005 136
2005 132
2005 129
2005 124
2005 124
2005 125
2005 134
2005 134
2005 129
2005 128
2005 128
2005 128
2005 128
2005 133
2005 130
2005 155
2005 142
2005 135
2005 128
2005 126
2005 123
2005 129
2005 131
2005 123
2005 117
2005 108
2005 100
2005 86
2005 83
2005 82
2005 68
2005 64
2005 55
2005 48
2005 39
2005 30
2005 27
2005 18
2005 16
2005 7
2005 2
2005 2
2005 1
2005 0
2005 0
2005 0
2005 0
2005 0
2005 0
2005 0
2005 0
2005 0
2005 0
2005 0
2005 0
2005 0
2005 0
2005 0
2005 0
2005 0
2005 0
2005 0
2005 0
2005 0
2005 0
2005 0
2005 0
2005 0
2005 0
2005 0
2005 0
2005 0
2005 0
2005 NA
2005 0
2005 0
2005 0
2005 0
2005 0
2005 0
2005 0
2005 0
2005 0
2005 0
2005 0
2005 0
2005 0
2005 0
2005 0
2005 0
2005 0
2005 0
2005 0
2005 0
2005 0
2005 0
2005 0
2005 0
2005 6
2005 0
2005 0
2005 0
2005 0
2005 0
2005 NA
2005 NA
2005 0
2005 0
2005 NA
2005 0
2005 0
2005 0
2005 0
2005 0
2005 0
2005 0
2005 0
2005 0
2005 0
2005 0
2005 0
2005 0
2006 0
2006 0
2006 0
2006 0
2006 0
2006 0
2006 0
2006 0
2006 0
2006 0
2006 0
2006 0
2006 0
2006 0
2006 0
2006 0
2006 0
2006 0
2006 0
2006 0
2006 0
2006 0
2006 0
2006 0
2006 0
2006 0
2006 0
2006 0
2006 0
2006 0
2006 1
2006 5
2006 11
2006 17
2006 9
2006 9
2006 6
2006 8
2006 4
2006 3
2006 2
2006 3
2006 2
2006 2
2006 3
2006 0
2006 0
2006 0
2006 0
2006 4
2006 3
2006 4
2006 3
2006 3
2006 2
2006 1
2006 0
2006 2
2006 1
2006 1
2006 0
2006 0
2006 0
2006 0
2006 0
2006 3
2006 0
2006 0
2006 0
2006 0
2006 0
2006 0
2006 0
2006 0
2006 0
2006 0
2006 0
2006 5
2006 3
2006 3
2006 2
2006 1
2006 0
2006 0
2006 0
2006 6
2006 8
2006 7
2006 5
2006 10
2006 12
2006 9
2006 8
2006 37
2006 27
2006 35
2006 27
2006 23
2006 22
2006 26
2006 25
2006 23
2006 20
2006 22
2006 21
2006 20
2006 15
2006 60
2006 58
2006 50
2006 47
2006 43
2006 40
2006 39
2006 36
2006 32
2006 30
2006 30
2006 42
2006 34
2006 33
2006 47
2006 58
2006 53
2006 52
2006 51
2006 52
2006 49
2006 49
2006 48
2006 48
2006 48
2006 48
2006 45
2006 45
2006 42
2006 42
2006 42
2006 44
2006 51
2006 53
2006 52
2006 52
2006 59
2006 51
2006 49
2006 49
2006 49
2006 60
2006 100
2006 101
2006 94
2006 89
2006 87
2006 85
2006 82
2006 79
2006 77
2006 77
2006 69
2006 69
2006 78
2006 81
2006 78
2006 78
2006 77
2006 76
2006 75
2006 104
2006 103
2006 103
2006 109
2006 181
2006 164
2006 159
2006 157
2006 152
2006 155
2006 150
2006 147
2006 144
2006 142
2006 136
2006 150
2006 182
2006 183
2006 174
2006 161
2006 153
2006 176
2006 171
2006 169
2006 173
2006 173
2006 167
2006 163
2006 163
2006 161
2006 154
2006 154
2006 154
2006 152
2006 152
2006 151
2006 156
2006 162
2006 155
2006 154
2006 154
2006 158
2006 155
2006 168
2006 159
2006 159
2006 157
2006 154
2006 179
2006 184
2006 178
2006 174
2006 175
2006 176
2006 191
2006 180
2006 179
2006 180
2006 173
2006 185
2006 173
2006 169
2006 163
2006 161
2006 161
2006 157
2006 152
2006 147
2006 147
2006 146
2006 142
2006 137
2006 137
2006 133
2006 130
2006 129
2006 126
2006 126
2006 123
2006 120
2006 118
2006 118
2006 153
2006 147
2006 155
2006 139
2006 134
2006 141
2006 127
2006 127
2006 123
2006 109
2006 108
2006 102
2006 99
2006 98
2006 101
2006 97
2006 95
2006 91
2006 83
2006 74
2006 65
2006 62
2006 62
2006 62
2006 64
2006 60
2006 60
2006 60
2006 57
2006 46
2006 48
2006 40
2006 39
2006 30
2006 20
2006 9
2006 1
2006 0
2006 0
2006 0
2006 0
2006 0
2006 0
2006 0
2006 0
2006 0
2006 0
2006 0
2006 0
2006 0
2006 0
2006 0
2006 0
2006 0
2006 0
2006 0
2006 0
2006 0
2006 0
2006 0
2006 0
2006 0
2006 0
2006 0
2006 0
2006 0
2006 0
2006 0
2006 0
2006 0
2006 0
2006 0
2006 0
2006 0
2006 0
2006 0
2006 0
2006 0
2006 0
2006 0
2006 0
2006 0
2006 0
2006 0
2006 0
2006 0
2006 0
2006 0
2006 0
2006 0
2006 0
2006 0
2006 0
2006 0
2006 0
2006 0
2006 0
2006 0
2006 0
2006 0
2006 0
2006 0
2006 0
2006 0
2006 0
2006 0
2006 0
2006 0
2006 0
2006 0
2006 0
2006 0
2006 0
2006 8
2006 0
2007 0
2007 0
2007 0
2007 0
2007 0
2007 0
2007 0
2007 0
2007 0
2007 0
2007 0
2007 0
2007 0
2007 0
2007 0
2007 0
2007 0
2007 0
2007 0
2007 0
2007 0
2007 0
2007 0
2007 0
2007 0
2007 0
2007 0
2007 0
2007 0
2007 0
2007 0
2007 0
2007 0
2007 0
2007 0
2007 0
2007 0
2007 0
2007 0
2007 0
2007 0
2007 0
2007 0
2007 0
2007 0
2007 0
2007 0
2007 0
2007 0
2007 9
2007 6
2007 0
2007 0
2007 0
2007 5
2007 0
2007 0
2007 0
2007 0
2007 0
2007 0
2007 0
2007 0
2007 0
2007 0
2007 0
2007 0
2007 0
2007 2
2007 2
2007 3
2007 1
2007 5
2007 3
2007 6
2007 3
2007 8
2007 13
2007 37
2007 34
2007 32
2007 31
2007 39
2007 31
2007 30
2007 36
2007 32
2007 29
2007 29
2007 28
2007 31
2007 28
2007 28
2007 28
2007 36
2007 43
2007 50
2007 70
2007 70
2007 134
2007 118
2007 109
2007 106
2007 100
2007 96
2007 93
2007 93
2007 94
2007 89
2007 87
2007 86
2007 84
2007 84
2007 84
2007 84
2007 84
2007 82
2007 82
2007 80
2007 80
2007 80
2007 81
2007 82
2007 99
2007 124
2007 121
2007 110
2007 109
2007 107
2007 105
2007 110
2007 107
2007 105
2007 106
2007 102
2007 100
2007 100
2007 100
2007 100
2007 100
2007 118
2007 115
2007 115
2007 112
2007 133
2007 154
2007 144
2007 141
2007 148
2007 136
2007 133
2007 131
2007 130
2007 128
2007 126
2007 125
2007 124
2007 123
2007 123
2007 125
2007 127
2007 127
2007 123
2007 125
2007 135
2007 138
2007 139
2007 139
2007 137
2007 135
2007 133
2007 133
2007 128
2007 127
2007 127
2007 127
2007 129
2007 137
2007 143
2007 151
2007 156
2007 152
2007 173
2007 187
2007 180
2007 172
2007 172
2007 207
2007 209
2007 203
2007 198
2007 193
2007 190
2007 187
2007 184
2007 179
2007 179
2007 178
2007 178
2007 178
2007 174
2007 173
2007 173
2007 172
2007 170
2007 170
2007 170
2007 179
2007 178
2007 175
2007 179
2007 180
2007 178
2007 177
2007 172
2007 171
2007 171
2007 171
2007 168
2007 167
2007 163
2007 162
2007 161
2007 154
2007 152
2007 152
2007 152
2007 141
2007 137
2007 131
2007 131
2007 129
2007 125
2007 122
2007 119
2007 118
2007 113
2007 113
2007 113
2007 104
2007 104
2007 98
2007 103
2007 106
2007 116
2007 116
2007 125
2007 125
2007 119
2007 113
2007 104
2007 94
2007 93
2007 89
2007 84
2007 79
2007 97
2007 95
2007 110
2007 93
2007 87
2007 86
2007 78
2007 72
2007 63
2007 60
2007 45
2007 42
2007 39
2007 63
2007 85
2007 68
2007 68
2007 77
2007 91
2007 77
2007 67
2007 60
2007 49
2007 49
2007 45
2007 34
2007 30
2007 23
2007 13
2007 2
2007 0
2007 0
2007 0
2007 0
2007 0
2007 0
2007 0
2007 0
2007 0
2007 0
2007 0
2007 0
2007 0
2007 0
2007 0
2007 0
2007 0
2007 0
2007 0
2007 0
2007 0
2007 0
2007 0
2007 0
2007 0
2007 0
2007 0
2007 0
2007 0
2007 0
2007 0
2007 0
2007 0
2007 0
2007 0
2007 0
2007 0
2007 0
2007 0
2007 0
2007 0
2007 0
2007 0
2007 0
2007 0
2007 0
2007 0
2007 0
2007 0
2007 0
2007 0
2007 0
2007 0
2007 0
2007 NA
2007 0
2007 0
2007 0
2007 0
2007 0
2007 0
2007 0
2007 0
2007 0
2007 0
2007 0
2007 0
2007 0
2007 0
2007 8
2007 0
2007 0
2007 0
2007 0
2007 0
2007 0
2007 0
2007 0
2007 0
2008 0
2008 0
2008 0
2008 0
2008 0
2008 0
2008 0
2008 0
2008 0
2008 0
2008 0
2008 0
2008 0
2008 0
2008 NA
2008 0
2008 0
2008 0
2008 0
2008 0
2008 0
2008 0
2008 0
2008 0
2008 0
2008 11
2008 11
2008 13
2008 11
2008 8
2008 0
2008 0
2008 0
2008 0
2008 0
2008 0
2008 0
2008 0
2008 0
2008 0
2008 0
2008 0
2008 0
2008 0
2008 0
2008 0
2008 0
2008 0
2008 0
2008 0
2008 0
2008 0
2008 0
2008 0
2008 0
2008 3
2008 4
2008 5
2008 6
2008 7
2008 6
2008 2
2008 0
2008 0
2008 0
2008 0
2008 0
2008 0
2008 0
2008 4
2008 11
2008 31
2008 19
2008 19
2008 33
2008 40
2008 33
2008 32
2008 30
2008 29
2008 29
2008 29
2008 38
2008 57
2008 72
2008 68
2008 62
2008 61
2008 57
2008 57
2008 57
2008 55
2008 55
2008 91
2008 102
2008 99
2008 92
2008 90
2008 85
2008 92
2008 93
2008 103
2008 98
2008 95
2008 91
2008 89
2008 87
2008 84
2008 84
2008 83
2008 83
2008 83
2008 82
2008 82
2008 82
2008 82
2008 81
2008 78
2008 78
2008 78
2008 79
2008 79
2008 78
2008 77
2008 101
2008 106
2008 107
2008 132
2008 116
2008 110
2008 110
2008 109
2008 109
2008 131
2008 158
2008 152
2008 156
2008 170
2008 177
2008 174
2008 163
2008 157
2008 152
2008 160
2008 159
2008 153
2008 152
2008 146
2008 145
2008 138
2008 131
2008 129
2008 133
2008 136
2008 147
2008 138
2008 153
2008 170
2008 162
2008 164
2008 157
2008 154
2008 152
2008 149
2008 148
2008 145
2008 145
2008 145
2008 143
2008 140
2008 139
2008 136
2008 136
2008 138
2008 138
2008 137
2008 136
2008 135
2008 135
2008 135
2008 135
2008 135
2008 143
2008 146
2008 144
2008 146
2008 145
2008 145
2008 143
2008 141
2008 141
2008 148
2008 181
2008 187
2008 191
2008 179
2008 177
2008 183
2008 184
2008 183
2008 180
2008 180
2008 188
2008 231
2008 217
2008 208
2008 217
2008 206
2008 206
2008 209
2008 204
2008 204
2008 208
2008 208
2008 201
2008 221
2008 222
2008 217
2008 220
2008 219
2008 209
2008 206
2008 216
2008 215
2008 226
2008 222
2008 240
2008 250
2008 236
2008 236
2008 240
2008 252
2008 242
2008 251
2008 251
2008 253
2008 242
2008 233
2008 231
2008 227
2008 222
2008 231
2008 225
2008 251
2008 232
2008 230
2008 223
2008 218
2008 209
2008 205
2008 201
2008 196
2008 194
2008 190
2008 191
2008 184
2008 181
2008 177
2008 182
2008 177
2008 178
2008 176
2008 169
2008 168
2008 167
2008 161
2008 160
2008 156
2008 153
2008 143
2008 138
2008 132
2008 126
2008 117
2008 119
2008 115
2008 110
2008 110
2008 100
2008 98
2008 87
2008 85
2008 84
2008 74
2008 66
2008 65
2008 60
2008 49
2008 49
2008 56
2008 67
2008 54
2008 43
2008 33
2008 18
2008 NA
2008 1
2008 0
2008 0
2008 0
2008 0
2008 0
2008 0
2008 0
2008 0
2008 0
2008 0
2008 0
2008 0
2008 0
2008 0
2008 0
2008 0
2008 0
2008 0
2008 0
2008 0
2008 0
2008 0
2008 0
2008 0
2008 0
2008 0
2008 0
2008 0
2008 0
2008 0
2008 0
2008 0
2008 0
2008 0
2008 0
2008 0
2008 0
2008 0
2008 0
2008 0
2008 0
2008 0
2008 0
2008 0
2008 0
2008 NA
2008 0
2008 0
2008 0
2008 0
2008 0
2008 0
2008 0
2008 5
2008 0
2008 0
2008 0
2008 0
2008 0
2008 0
2008 0
2008 0
2008 0
2008 0
2008 0
2008 0
2008 0
2008 0
2008 0
2009 0
2009 0
2009 0
2009 0
2009 0
2009 0
2009 0
2009 0
2009 0
2009 0
2009 0
2009 0
2009 0
2009 0
2009 0
2009 0
2009 0
2009 0
2009 0
2009 0
2009 0
2009 0
2009 1
2009 2
2009 1
2009 0
2009 0
2009 0
2009 0
2009 0
2009 0
2009 0
2009 0
2009 0
2009 0
2009 0
2009 0
2009 0
2009 0
2009 0
2009 0
2009 0
2009 0
2009 0
2009 0
2009 0
2009 0
2009 0
2009 0
2009 0
2009 0
2009 0
2009 0
2009 0
2009 0
2009 0
2009 0
2009 16
2009 49
2009 94
2009 105
2009 107
2009 94
2009 107
2009 110
2009 130
2009 168
2009 176
2009 164
2009 154
2009 147
2009 146
2009 151
2009 145
2009 137
2009 131
2009 130
2009 128
2009 127
2009 127
2009 124
2009 124
2009 162
2009 162
2009 175
2009 165
2009 153
2009 150
2009 152
2009 162
2009 198
2009 214
2009 198
2009 190
2009 187
2009 198
2009 189
2009 194
2009 188
2009 184
2009 196
2009 232
2009 239
2009 243
2009 257
2009 302
2009 289
2009 285
2009 275
2009 248
2009 241
2009 233
2009 227
2009 211
2009 202
2009 207
2009 224
2009 217
2009 213
2009 220
2009 226
2009 220
2009 223
2009 222
2009 216
2009 213
2009 204
2009 209
2009 213
2009 213
2009 213
2009 212
2009 207
2009 206
2009 205
2009 202
2009 198
2009 196
2009 196
2009 196
2009 201
2009 217
2009 217
2009 211
2009 210
2009 239
2009 228
2009 225
2009 219
2009 219
2009 217
2009 216
2009 211
2009 215
2009 240
2009 257
2009 248
2009 246
2009 277
2009 334
2009 356
2009 343
2009 351
2009 341
2009 339
2009 328
2009 323
2009 316
2009 313
2009 310
2009 336
2009 324
2009 317
2009 312
2009 312
2009 307
2009 302
2009 291
2009 291
2009 291
2009 289
2009 290
2009 290
2009 294
2009 306
2009 351
2009 353
2009 357
2009 337
2009 334
2009 327
2009 352
2009 342
2009 337
2009 328
2009 328
2009 328
2009 325
2009 322
2009 319
2009 317
2009 316
2009 313
2009 307
2009 314
2009 309
2009 343
2009 336
2009 333
2009 357
2009 355
2009 348
2009 347
2009 340
2009 342
2009 335
2009 334
2009 328
2009 325
2009 323
2009 322
2009 321
2009 331
2009 331
2009 326
2009 319
2009 314
2009 322
2009 359
2009 343
2009 341
2009 343
2009 339
2009 335
2009 330
2009 332
2009 350
2009 340
2009 367
2009 441
2009 457
2009 448
2009 436
2009 426
2009 411
2009 405
2009 400
2009 397
2009 388
2009 380
2009 366
2009 365
2009 363
2009 358
2009 354
2009 350
2009 347
2009 353
2009 343
2009 341
2009 337
2009 333
2009 326
2009 322
2009 310
2009 305
2009 295
2009 287
2009 285
2009 280
2009 278
2009 263
2009 259
2009 258
2009 257
2009 247
2009 240
2009 235
2009 226
2009 224
2009 222
2009 236
2009 232
2009 225
2009 217
2009 205
2009 200
2009 195
2009 188
2009 179
2009 174
2009 161
2009 155
2009 153
2009 150
2009 NA
2009 NA
2009 NA
2009 NA
2009 NA
2009 NA
2009 NA
2009 NA
2009 NA
2009 82
2009 65
2009 53
2009 43
2009 40
2009 29
2009 24
2009 21
2009 15
2009 14
2009 9
2009 0
2009 0
2009 0
2009 0
2009 0
2009 NA
2009 NA
2009 NA
2009 0
2009 0
2009 0
2009 0
2009 0
2009 0
2009 0
2009 0
2009 0
2009 0
2009 0
2009 0
2009 0
2009 0
2009 0
2009 0
2009 0
2009 0
2009 0
2009 0
2009 0
2009 0
2009 0
2009 0
2009 0
2009 0
2009 0
2009 0
2009 0
2009 0
2009 0
2009 0
2009 0
2009 0
2009 0
2009 0
2009 0
2009 0
2009 0
2009 0
2009 0
2009 0
2010 0
2010 0
2010 0
2010 0
2010 0
2010 0
2010 0
2010 0
2010 0
2010 0
2010 0
2010 0
2010 0
2010 0
2010 14
2010 11
2010 4
2010 0
2010 0
2010 0
2010 0
2010 0
2010 0
2010 0
2010 0
2010 0
2010 0
2010 0
2010 0
2010 0
2010 0
2010 0
2010 0
2010 0
2010 0
2010 0
2010 0
2010 0
2010 0
2010 0
2010 0
2010 10
2010 2
2010 0
2010 0
2010 3
2010 8
2010 5
2010 5
2010 5
2010 5
2010 31
2010 29
2010 22
2010 17
2010 16
2010 14
2010 14
2010 14
2010 12
2010 12
2010 10
2010 11
2010 31
2010 39
2010 37
2010 37
2010 30
2010 43
2010 41
2010 36
2010 33
2010 33
2010 33
2010 36
2010 34
2010 44
2010 40
2010 44
2010 43
2010 41
2010 40
2010 39
2010 39
2010 58
2010 52
2010 50
2010 50
2010 50
2010 51
2010 119
2010 161
2010 141
2010 135
2010 135
2010 125
2010 120
2010 116
2010 129
2010 121
2010 115
2010 114
2010 113
2010 110
2010 120
2010 116
2010 111
2010 109
2010 105
2010 105
2010 104
2010 118
2010 127
2010 136
2010 136
2010 152
2010 143
2010 139
2010 140
2010 138
2010 138
2010 141
2010 143
2010 151
2010 152
2010 149
2010 149
2010 150
2010 141
2010 149
2010 163
2010 172
2010 169
2010 165
2010 171
2010 167
2010 161
2010 157
2010 159
2010 154
2010 155
2010 153
2010 152
2010 151
2010 148
2010 148
2010 149
2010 146
2010 145
2010 141
2010 141
2010 164
2010 164
2010 160
2010 158
2010 156
2010 153
2010 160
2010 167
2010 165
2010 159
2010 159
2010 160
2010 157
2010 157
2010 156
2010 156
2010 154
2010 156
2010 161
2010 163
2010 169
2010 179
2010 168
2010 178
2010 176
2010 176
2010 171
2010 183
2010 170
2010 175
2010 169
2010 168
2010 164
2010 173
2010 163
2010 170
2010 173
2010 177
2010 NA
2010 179
2010 181
2010 180
2010 178
2010 173
2010 175
2010 170
2010 170
2010 168
2010 169
2010 170
2010 176
2010 171
2010 NA
2010 167
2010 175
2010 188
2010 206
2010 215
2010 208
2010 217
2010 226
2010 233
2010 243
2010 235
2010 249
2010 252
2010 245
2010 233
2010 226
2010 219
2010 212
2010 207
2010 215
2010 214
2010 211
2010 206
2010 208
2010 204
2010 204
2010 205
2010 201
2010 198
2010 195
2010 193
2010 187
2010 186
2010 179
2010 179
2010 170
2010 169
2010 163
2010 173
2010 179
2010 203
2010 215
2010 223
2010 233
2010 223
2010 227
2010 215
2010 233
2010 242
2010 233
2010 235
2010 242
2010 239
2010 229
2010 228
2010 226
2010 228
2010 222
2010 216
2010 209
2010 206
2010 200
2010 191
2010 191
2010 191
2010 184
2010 181
2010 176
2010 192
2010 183
2010 179
2010 173
2010 164
2010 158
2010 152
2010 147
2010 141
2010 134
2010 127
2010 121
2010 111
2010 107
2010 100
2010 100
2010 96
2010 91
2010 81
2010 83
2010 90
2010 90
2010 85
2010 76
2010 74
2010 63
2010 51
2010 42
2010 27
2010 17
2010 3
2010 NA
2010 NA
2010 0
2010 0
2010 0
2010 0
2010 0
2010 0
2010 0
2010 0
2010 0
2010 0
2010 0
2010 0
2010 0
2010 0
2010 0
2010 0
2010 0
2010 0
2010 0
2010 0
2010 0
2010 0
2010 0
2010 0
2010 0
2010 0
2010 0
2010 0
2010 0
2010 NA
2010 0
2010 0
2010 0
2010 0
2010 0
2010 0
2010 0
2010 0
2010 0
2010 NA
2010 5
2010 5
2010 NA
2010 0
2010 0
2010 5
2010 NA
2010 5
2010 5
2010 0
2010 NA
2010 NA
2010 0
2010 0
2010 0
2010 NA
2010 5
2010 5
2010 6
2010 6
2011 0
2011 0
2011 0
2011 0
2011 0
2011 NA
2011 0
2011 0
2011 0
2011 0
2011 0
2011 0
2011 0
2011 0
2011 0
2011 0
2011 0
2011 NA
2011 0
2011 0
2011 0
2011 0
2011 0
2011 0
2011 11
2011 11
2011 8
2011 0
2011 0
2011 0
2011 0
2011 0
2011 0
2011 0
2011 0
2011 NA
2011 0
2011 0
2011 0
2011 0
2011 0
2011 0
2011 0
2011 0
2011 0
2011 0
2011 0
2011 0
2011 0
2011 12
2011 25
2011 20
2011 18
2011 17
2011 25
2011 23
2011 15
2011 11
2011 10
2011 11
2011 35
2011 76
2011 67
2011 59
2011 56
2011 56
2011 54
2011 54
2011 72
2011 78
2011 76
2011 84
2011 89
2011 80
2011 77
2011 88
2011 138
2011 116
2011 107
2011 113
2011 112
2011 126
2011 147
2011 141
2011 150
2011 135
2011 139
2011 138
2011 137
2011 133
2011 126
2011 139
2011 134
2011 131
2011 128
2011 125
2011 139
2011 141
2011 138
2011 137
2011 132
2011 132
2011 127
2011 131
2011 123
2011 122
2011 112
2011 122
2011 127
2011 122
2011 129
2011 117
2011 122
2011 148
2011 173
2011 163
2011 166
2011 161
2011 157
2011 160
2011 156
2011 156
2011 152
2011 152
2011 145
2011 145
2011 145
2011 145
2011 149
2011 154
2011 154
2011 159
2011 156
2011 152
2011 155
2011 148
2011 148
2011 146
2011 146
2011 146
2011 146
2011 146
2011 146
2011 146
2011 146
2011 144
2011 144
2011 146
2011 145
2011 148
2011 149
2011 152
2011 151
2011 150
2011 144
2011 141
2011 140
2011 142
2011 142
2011 141
2011 141
2011 141
2011 141
2011 141
2011 141
2011 141
2011 136
2011 149
2011 163
2011 171
2011 169
2011 164
2011 162
2011 171
2011 167
2011 160
2011 160
2011 169
2011 145
2011 148
2011 147
2011 147
2011 147
2011 147
2011 169
2011 163
2011 160
2011 159
2011 157
2011 156
2011 154
2011 154
2011 157
2011 173
2011 180
2011 176
2011 197
2011 211
2011 209
2011 205
2011 198
2011 197
2011 197
2011 197
2011 192
2011 192
2011 189
2011 187
2011 192
2011 188
2011 187
2011 187
2011 187
2011 181
2011 178
2011 178
2011 175
2011 175
2011 166
2011 162
2011 157
2011 153
2011 150
2011 151
2011 158
2011 153
2011 151
2011 151
2011 148
2011 151
2011 148
2011 145
2011 143
2011 140
2011 138
2011 137
2011 133
2011 128
2011 128
2011 135
2011 135
2011 137
2011 131
2011 128
2011 123
2011 129
2011 120
2011 115
2011 111
2011 107
2011 98
2011 93
2011 90
2011 84
2011 82
2011 73
2011 73
2011 73
2011 72
2011 65
2011 59
2011 51
2011 51
2011 48
2011 38
2011 27
2011 22
2011 20
2011 13
2011 8
2011 0
2011 4
2011 5
2011 16
2011 6
2011 0
2011 0
2011 0
2011 0
2011 0
2011 0
2011 0
2011 0
2011 0
2011 0
2011 0
2011 0
2011 0
2011 0
2011 0
2011 0
2011 0
2011 0
2011 0
2011 0
2011 0
2011 0
2011 2
2011 0
2011 0
2011 0
2011 0
2011 0
2011 0
2011 0
2011 0
2011 0
2011 0
2011 0
2011 0
2011 0
2011 0
2011 0
2011 0
2011 0
2011 0
2011 0
2011 0
2011 0
2011 0
2011 0
2011 0
2011 10
2011 0
2011 0
2011 0
2011 0
2011 0
2011 1
2011 0
2011 0
2011 0
2011 0
2011 0
2011 0
2011 0
2011 0
2011 0
2011 0
2011 0
2011 0
2011 0
2011 0
2011 0
2011 0
2011 0
2011 0
2011 0
2011 0
2011 0
2011 0
2011 0
2011 0
2011 0
2011 0
2011 0
2011 0
2011 0
2011 0
2011 0
2011 4
2011 0
2011 0
2011 0
2011 0
2012 0
2012 0
2012 0
2012 0
2012 0
2012 0
2012 0
2012 0
2012 0
2012 0
2012 0
2012 0
2012 0
2012 0
2012 0
2012 0
2012 0
2012 0
2012 1
2012 3
2012 0
2012 0
2012 0
2012 0
2012 0
2012 0
2012 0
2012 0
2012 0
2012 0
2012 0
2012 0
2012 0
2012 0
2012 0
2012 0
2012 7
2012 13
2012 39
2012 20
2012 0
2012 0
2012 0
2012 0
2012 0
2012 0
2012 0
2012 0
2012 0
2012 3
2012 0
2012 0
2012 0
2012 0
2012 14
2012 34
2012 30
2012 25
2012 24
2012 21
2012 19
2012 19
2012 19
2012 19
2012 36
2012 65
2012 62
2012 60
2012 70
2012 79
2012 74
2012 73
2012 72
2012 70
2012 66
2012 66
2012 66
2012 66
2012 66
2012 66
2012 66
2012 66
2012 64
2012 65
2012 64
2012 64
2012 60
2012 60
2012 60
2012 61
2012 61
2012 61
2012 61
2012 61
2012 69
2012 78
2012 66
2012 100
2012 107
2012 100
2012 95
2012 90
2012 90
2012 95
2012 95
2012 93
2012 143
2012 176
2012 160
2012 154
2012 156
2012 182
2012 200
2012 199
2012 187
2012 180
2012 172
2012 168
2012 166
2012 164
2012 178
2012 190
2012 200
2012 190
2012 191
2012 187
2012 185
2012 216
2012 205
2012 213
2012 211
2012 197
2012 193
2012 191
2012 191
2012 187
2012 185
2012 185
2012 184
2012 180
2012 180
2012 182
2012 212
2012 212
2012 205
2012 205
2012 210
2012 209
2012 204
2012 207
2012 227
2012 222
2012 222
2012 220
2012 220
2012 218
2012 211
2012 211
2012 211
2012 215
2012 209
2012 208
2012 204
2012 205
2012 203
2012 202
2012 204
2012 201
2012 200
2012 197
2012 197
2012 197
2012 197
2012 195
2012 195
2012 195
2012 195
2012 194
2012 193
2012 192
2012 192
2012 192
2012 189
2012 189
2012 189
2012 189
2012 192
2012 187
2012 188
2012 188
2012 188
2012 185
2012 185
2012 184
2012 183
2012 183
2012 179
2012 179
2012 182
2012 201
2012 249
2012 247
2012 236
2012 227
2012 223
2012 220
2012 217
2012 217
2012 215
2012 212
2012 209
2012 208
2012 204
2012 204
2012 200
2012 200
2012 208
2012 226
2012 216
2012 209
2012 213
2012 217
2012 215
2012 230
2012 230
2012 235
2012 233
2012 249
2012 239
2012 237
2012 246
2012 251
2012 252
2012 243
2012 253
2012 238
2012 285
2012 269
2012 269
2012 266
2012 255
2012 244
2012 253
2012 288
2012 296
2012 284
2012 269
2012 291
2012 282
2012 276
2012 270
2012 273
2012 263
2012 257
2012 253
2012 241
2012 240
2012 234
2012 251
2012 257
2012 249
2012 237
2012 239
2012 259
2012 256
2012 244
2012 234
2012 225
2012 221
2012 213
2012 212
2012 201
2012 195
2012 191
2012 184
2012 164
2012 164
2012 160
2012 156
2012 147
2012 143
2012 140
2012 134
2012 130
2012 124
2012 126
2012 131
2012 126
2012 113
2012 103
2012 96
2012 89
2012 82
2012 79
2012 74
2012 66
2012 58
2012 54
2012 48
2012 24
2012 12
2012 2
2012 0
2012 0
2012 0
2012 0
2012 0
2012 0
2012 0
2012 0
2012 0
2012 0
2012 0
2012 0
2012 0
2012 0
2012 0
2012 0
2012 0
2012 0
2012 0
2012 0
2012 0
2012 0
2012 0
2012 0
2012 0
2012 0
2012 0
2012 0
2012 0
2012 0
2012 0
2012 0
2012 0
2012 0
2012 0
2012 0
2012 0
2012 0
2012 0
2012 0
2012 0
2012 0
2012 0
2012 0
2012 0
2012 0
2012 0
2012 0
2012 0
2012 0
2012 0
2012 0
2012 0
2012 0
2012 0
2012 0
2012 0
2012 0
2012 0
2012 5
2012 NA
2012 NA
2012 7
2012 7
2013 14
2013 7
2013 4
2013 0
2013 0
2013 0
2013 0
2013 0
2013 0
2013 0
2013 0
2013 0
2013 6
2013 0
2013 0
2013 0
2013 0
2013 0
2013 0
2013 0
2013 0
2013 6
2013 7
2013 7
2013 7
2013 6
2013 7
2013 4
2013 0
2013 0
2013 0
2013 0
2013 0
2013 0
2013 0
2013 0
2013 0
2013 0
2013 0
2013 0
2013 0
2013 0
2013 0
2013 0
2013 42
2013 36
2013 29
2013 29
2013 22
2013 20
2013 19
2013 13
2013 10
2013 8
2013 4
2013 0
2013 20
2013 40
2013 30
2013 24
2013 24
2013 44
2013 42
2013 46
2013 49
2013 53
2013 49
2013 57
2013 51
2013 48
2013 60
2013 99
2013 99
2013 96
2013 91
2013 87
2013 84
2013 84
2013 83
2013 83
2013 80
2013 80
2013 80
2013 77
2013 82
2013 79
2013 79
2013 99
2013 137
2013 170
2013 151
2013 146
2013 143
2013 144
2013 155
2013 165
2013 171
2013 166
2013 172
2013 167
2013 176
2013 173
2013 173
2013 168
2013 167
2013 175
2013 161
2013 159
2013 167
2013 186
2013 177
2013 179
2013 174
2013 170
2013 175
2013 175
2013 175
2013 171
2013 189
2013 182
2013 179
2013 172
2013 176
2013 174
2013 173
2013 167
2013 153
2013 147
2013 142
2013 142
2013 140
2013 140
2013 150
2013 155
2013 155
2013 155
2013 151
2013 154
2013 143
2013 154
2013 153
2013 155
2013 170
2013 168
2013 168
2013 167
2013 154
2013 153
2013 149
2013 150
2013 150
2013 150
2013 150
2013 154
2013 177
2013 163
2013 164
2013 156
2013 169
2013 160
2013 160
2013 159
2013 159
2013 161
2013 166
2013 164
2013 160
2013 160
2013 164
2013 164
2013 170
2013 169
2013 167
2013 167
2013 178
2013 177
2013 174
2013 185
2013 190
2013 184
2013 183
2013 185
2013 182
2013 181
2013 178
2013 178
2013 180
2013 182
2013 182
2013 182
2013 182
2013 180
2013 180
2013 180
2013 175
2013 164
2013 158
2013 171
2013 185
2013 180
2013 180
2013 192
2013 178
2013 178
2013 175
2013 185
2013 183
2013 181
2013 182
2013 182
2013 187
2013 199
2013 192
2013 192
2013 191
2013 193
2013 202
2013 200
2013 197
2013 197
2013 202
2013 197
2013 206
2013 207
2013 202
2013 199
2013 189
2013 187
2013 181
2013 177
2013 174
2013 224
2013 262
2013 246
2013 232
2013 224
2013 210
2013 206
2013 231
2013 260
2013 274
2013 255
2013 253
2013 240
2013 238
2013 245
2013 239
2013 234
2013 226
2013 220
2013 218
2013 217
2013 217
2013 213
2013 217
2013 211
2013 230
2013 258
2013 295
2013 284
2013 321
2013 312
2013 314
2013 308
2013 297
2013 294
2013 291
2013 288
2013 286
2013 291
2013 324
2013 318
2013 310
2013 328
2013 309
2013 294
2013 285
2013 272
2013 268
2013 263
2013 259
2013 262
2013 265
2013 257
2013 250
2013 235
2013 235
2013 233
2013 221
2013 215
2013 210
2013 197
2013 192
2013 181
2013 180
2013 173
2013 170
2013 166
2013 162
2013 151
2013 162
2013 153
2013 159
2013 146
2013 139
2013 134
2013 127
2013 119
2013 104
2013 104
2013 93
2013 89
2013 86
2013 72
2013 63
2013 57
2013 50
2013 47
2013 34
2013 23
2013 18
2013 10
2013 6
2013 0
2013 0
2013 0
2013 0
2013 0
2013 0
2013 0
2013 0
2013 0
2013 0
2013 0
2013 0
2013 0
2013 0
2013 0
2013 0
2013 0
2013 0
2013 0
2013 0
2013 0
2013 0
2013 0
2013 0
2013 0
2013 0
2013 0
2013 0
2013 0
2013 0
2013 0
2013 0
2013 0
2013 0
2013 0
2013 0
2013 0
2013 0
2013 0
2013 0
2013 0
2013 0
2014 0
2014 0
2014 0
2014 0
2014 0
2014 0
2014 0
2014 0
2014 0
2014 0
2014 0
2014 0
2014 0
2014 0
2014 0
2014 2
2014 0
2014 0
2014 0
2014 0
2014 0
2014 0
2014 0
2014 0
2014 0
2014 0
2014 0
2014 0
2014 0
2014 0
2014 0
2014 0
2014 0
2014 0
2014 0
2014 0
2014 0
2014 0
2014 0
2014 0
2014 15
2014 57
2014 69
2014 59
2014 53
2014 57
2014 49
2014 43
2014 41
2014 39
2014 36
2014 29
2014 20
2014 15
2014 14
2014 11
2014 11
2014 11
2014 10
2014 10
2014 9
2014 9
2014 16
2014 22
2014 18
2014 24
2014 42
2014 39
2014 39
2014 43
2014 42
2014 74
2014 57
2014 56
2014 56
2014 72
2014 79
2014 75
2014 74
2014 75
2014 97
2014 128
2014 133
2014 122
2014 114
2014 106
2014 90
2014 90
2014 87
2014 85
2014 84
2014 83
2014 82
2014 81
2014 80
2014 79
2014 79
2014 79
2014 79
2014 79
2014 78
2014 76
2014 78
2014 78
2014 78
2014 77
2014 77
2014 77
2014 77
2014 77
2014 88
2014 88
2014 89
2014 89
2014 90
2014 111
2014 181
2014 184
2014 177
2014 189
2014 178
2014 173
2014 169
2014 166
2014 162
2014 163
2014 175
2014 169
2014 167
2014 162
2014 160
2014 161
2014 157
2014 155
2014 155
2014 166
2014 170
2014 168
2014 178
2014 176
2014 191
2014 193
2014 186
2014 181
2014 179
2014 183
2014 171
2014 170
2014 169
2014 167
2014 165
2014 171
2014 193
2014 194
2014 241
2014 233
2014 262
2014 275
2014 275
2014 261
2014 263
2014 258
2014 259
2014 279
2014 268
2014 260
2014 278
2014 259
2014 252
2014 262
2014 254
2014 255
2014 256
2014 252
2014 254
2014 255
2014 251
2014 246
2014 245
2014 254
2014 258
2014 295
2014 287
2014 282
2014 298
2014 283
2014 280
2014 276
2014 267
2014 263
2014 262
2014 259
2014 255
2014 253
2014 252
2014 250
2014 248
2014 242
2014 239
2014 238
2014 236
2014 236
2014 237
2014 295
2014 280
2014 273
2014 270
2014 289
2014 272
2014 266
2014 264
2014 260
2014 253
2014 252
2014 252
2014 250
2014 245
2014 241
2014 237
2014 233
2014 232
2014 232
2014 228
2014 226
2014 227
2014 224
2014 220
2014 219
2014 217
2014 216
2014 226
2014 238
2014 238
2014 238
2014 227
2014 224
2014 217
2014 218
2014 241
2014 259
2014 265
2014 260
2014 248
2014 265
2014 260
2014 249
2014 243
2014 240
2014 238
2014 235
2014 233
2014 224
2014 223
2014 222
2014 228
2014 231
2014 233
2014 229
2014 228
2014 223
2014 224
2014 224
2014 221
2014 218
2014 216
2014 216
2014 202
2014 206
2014 210
2014 202
2014 197
2014 193
2014 181
2014 181
2014 169
2014 166
2014 166
2014 165
2014 158
2014 149
2014 143
2014 137
2014 127
2014 119
2014 109
2014 105
2014 92
2014 89
2014 83
2014 82
2014 80
2014 77
2014 64
2014 52
2014 49
2014 32
2014 33
2014 17
2014 10
2014 5
2014 0
2014 0
2014 0
2014 0
2014 0
2014 0
2014 0
2014 0
2014 0
2014 0
2014 0
2014 0
2014 0
2014 0
2014 0
2014 0
2014 0
2014 0
2014 0
2014 0
2014 0
2014 0
2014 0
2014 0
2014 0
2014 0
2014 0
2014 0
2014 0
2014 0
2014 0
2014 0
2014 0
2014 0
2014 0
2014 0
2014 0
2014 0
2014 0
2014 0
2014 0
2014 0
2014 0
2014 0
2014 0
2014 0
2014 0
2014 0
2014 0
2014 0
2014 0
2014 0
2014 0
2014 0
2014 0
2014 0
2014 0
2014 0
2014 0
2014 0
2014 0
2014 0
2014 0
2014 0
2014 0
2015 0
2015 0
2015 0
2015 0
2015 0
2015 0
2015 0
2015 0
2015 0
2015 0
2015 0
2015 0
2015 0
2015 0
2015 0
2015 0
2015 0
2015 0
2015 0
2015 0
2015 0
2015 0
2015 0
2015 0
2015 0
2015 0
2015 0
2015 0
2015 0
2015 0
2015 0
2015 0
2015 0
2015 0
2015 0
2015 6
2015 4
2015 2
2015 2
2015 0
2015 0
2015 0
2015 0
2015 8
2015 6
2015 0
2015 0
2015 0
2015 0
2015 0
2015 0
2015 18
2015 25
2015 9
2015 0
2015 0
2015 0
2015 0
2015 0
2015 0
2015 0
2015 0
2015 0
2015 5
2015 30
2015 127
2015 156
2015 143
2015 NA
2015 NA
2015 148
2015 172
2015 205
2015 222
2015 213
2015 216
2015 248
2015 230
2015 252
2015 234
2015 225
2015 218
2015 212
2015 208
2015 203
2015 197
2015 193
2015 189
2015 195
2015 197
2015 194
2015 204
2015 203
2015 200
2015 199
2015 195
2015 192
2015 190
2015 187
2015 185
2015 182
2015 180
2015 177
2015 176
2015 175
2015 179
2015 182
2015 183
2015 183
2015 188
2015 187
2015 182
2015 180
2015 180
2015 177
2015 176
2015 185
2015 187
2015 191
2015 191
2015 198
2015 168
2015 164
2015 162
2015 166
2015 182
2015 190
2015 178
2015 176
2015 176
2015 176
2015 176
2015 175
2015 174
2015 172
2015 173
2015 173
2015 178
2015 227
2015 244
2015 238
2015 241
2015 238
2015 266
2015 255
2015 248
2015 237
2015 222
2015 232
2015 228
2015 221
2015 229
2015 225
2015 224
2015 232
2015 232
2015 230
2015 234
2015 245
2015 238
2015 236
2015 221
2015 213
2015 213
2015 212
2015 211
2015 213
2015 269
2015 307
2015 293
2015 281
2015 275
2015 269
2015 273
2015 308
2015 290
2015 291
2015 251
2015 251
2015 250
2015 247
2015 247
2015 260
2015 265
2015 262
2015 261
2015 249
2015 246
2015 244
2015 243
2015 240
2015 240
2015 237
2015 238
2015 237
2015 240
2015 266
2015 271
2015 266
2015 260
2015 257
2015 254
2015 265
2015 266
2015 259
2015 266
2015 265
2015 264
2015 256
2015 254
2015 300
2015 306
2015 306
2015 309
2015 322
2015 317
2015 312
2015 312
2015 302
2015 299
2015 298
2015 295
2015 291
2015 286
2015 284
2015 277
2015 276
2015 275
2015 274
2015 274
2015 270
2015 267
2015 265
2015 256
2015 251
2015 250
2015 247
2015 257
2015 261
2015 262
2015 258
2015 257
2015 274
2015 299
2015 280
2015 263
2015 256
2015 250
2015 247
2015 241
2015 243
2015 236
2015 228
2015 223
2015 221
2015 212
2015 207
2015 249
2015 223
2015 214
2015 208
2015 207
2015 213
2015 210
2015 208
2015 205
2015 199
2015 198
2015 191
2015 183
2015 180
2015 179
2015 171
2015 170
2015 164
2015 159
2015 146
2015 140
2015 131
2015 119
2015 112
2015 105
2015 108
2015 108
2015 97
2015 92
2015 89
2015 82
2015 82
2015 75
2015 68
2015 60
2015 55
2015 50
2015 45
2015 44
2015 41
2015 36
2015 23
2015 21
2015 8
2015 0
2015 0
2015 0
2015 0
2015 0
2015 0
2015 0
2015 0
2015 0
2015 0
2015 0
2015 0
2015 0
2015 0
2015 0
2015 0
2015 0
2015 0
2015 0
2015 0
2015 0
2015 0
2015 0
2015 0
2015 0
2015 0
2015 0
2015 0
2015 0
2015 0
2015 5
2015 0
2015 0
2015 0
2015 0
2015 0
2015 0
2015 0
2015 0
2015 0
2015 0
2015 0
2015 0
2015 0
2015 0
2015 0
2015 0
2015 0
2015 0
2015 0
2015 0
2015 0
2015 0
2015 0
2015 0
2015 0
2015 0
2015 0
2015 0
2015 0
2015 0
2015 0
2015 0
2015 0
2016 0
2016 0
2016 0
2016 0
2016 0
2016 0
2016 0
2016 0
2016 0
2016 0
2016 0
2016 0
2016 0
2016 0
2016 0
2016 0
2016 0
2016 0
2016 0
2016 0
2016 0
2016 0
2016 11
2016 7
2016 0
2016 0
2016 0
2016 0
2016 5
2016 5
2016 5
2016 2
2016 8
2016 29
2016 18
2016 17
2016 11
2016 1
2016 0
2016 0
2016 0
2016 0
2016 10
2016 23
2016 30
2016 35
2016 30
2016 29
2016 31
2016 27
2016 24
2016 23
2016 21
2016 20
2016 18
2016 15
2016 15
2016 20
2016 29
2016 26
2016 23
2016 22
2016 21
2016 19
2016 22
2016 22
2016 22
2016 22
2016 19
2016 17
2016 14
2016 13
2016 11
2016 11
2016 11
2016 11
2016 11
2016 8
2016 8
2016 7
2016 7
2016 48
2016 48
2016 49
2016 45
2016 45
2016 58
2016 54
2016 49
2016 49
2016 45
2016 34
2016 33
2016 31
2016 30
2016 30
2016 30
2016 30
2016 30
2016 38
2016 36
2016 34
2016 32
2016 32
2016 32
2016 32
2016 34
2016 34
2016 34
2016 34
2016 34
2016 34
2016 34
2016 34
2016 34
2016 33
2016 33
2016 33
2016 33
2016 33
2016 33
2016 33
2016 37
2016 37
2016 42
2016 57
2016 56
2016 48
2016 48
2016 59
2016 72
2016 73
2016 83
2016 96
2016 98
2016 92
2016 99
2016 92
2016 102
2016 101
2016 99
2016 96
2016 94
2016 92
2016 92
2016 90
2016 89
2016 89
2016 89
2016 87
2016 86
2016 87
2016 105
2016 116
2016 109
2016 109
2016 117
2016 131
2016 125
2016 127
2016 147
2016 143
2016 153
2016 147
2016 146
2016 158
2016 169
2016 164
2016 156
2016 154
2016 157
2016 153
2016 153
2016 150
2016 148
2016 151
2016 151
2016 156
2016 162
2016 171
2016 188
2016 217
2016 208
2016 198
2016 205
2016 208
2016 220
2016 226
2016 216
2016 211
2016 208
2016 202
2016 198
2016 195
2016 193
2016 190
2016 187
2016 201
2016 218
2016 202
2016 194
2016 192
2016 191
2016 187
2016 185
2016 181
2016 179
2016 186
2016 183
2016 187
2016 180
2016 186
2016 188
2016 201
2016 196
2016 189
2016 196
2016 213
2016 209
2016 198
2016 197
2016 222
2016 205
2016 198
2016 203
2016 204
2016 214
2016 201
2016 212
2016 231
2016 242
2016 253
2016 245
2016 240
2016 234
2016 230
2016 244
2016 239
2016 232
2016 244
2016 235
2016 234
2016 227
2016 257
2016 252
2016 245
2016 241
2016 239
2016 236
2016 234
2016 234
2016 235
2016 239
2016 237
2016 249
2016 256
2016 246
2016 246
2016 245
2016 245
2016 241
2016 246
2016 251
2016 243
2016 239
2016 252
2016 260
2016 246
2016 240
2016 236
2016 230
2016 224
2016 224
2016 221
2016 215
2016 212
2016 205
2016 205
2016 202
2016 189
2016 189
2016 182
2016 176
2016 168
2016 166
2016 157
2016 149
2016 142
2016 135
2016 132
2016 138
2016 124
2016 128
2016 118
2016 117
2016 105
2016 90
2016 90
2016 82
2016 80
2016 67
2016 64
2016 50
2016 42
2016 21
2016 15
2016 8
2016 3
2016 0
2016 0
2016 0
2016 0
2016 0
2016 0
2016 0
2016 0
2016 0
2016 2
2016 1
2016 0
2016 0
2016 0
2016 0
2016 0
2016 0
2016 0
2016 0
2016 0
2016 0
2016 0
2016 0
2016 0
2016 0
2016 0
2016 0
2016 0
2016 0
2016 0
2016 0
2016 0
2016 3
2016 0
2016 0
2016 0
2016 0
2016 3
2016 0
2016 0
2016 0
2016 0
2016 0
2016 0
2016 0
2016 0
2016 0
2016 0
2016 0
2016 0
2016 0
2016 0
2016 0
2016 0
2016 0
2016 0
2016 0
2016 0
2017 0
2017 0
2017 0
2017 0
2017 0
2017 0
2017 0
2017 0
2017 0
2017 0
2017 0
2017 0
2017 0
2017 0
2017 0
2017 0
2017 0
2017 3
2017 0
2017 0
2017 0
2017 0
2017 0
2017 0
2017 0
2017 0
2017 0
2017 0
2017 0
2017 0
2017 0
2017 0
2017 0
2017 0
2017 0
2017 0
2017 0
2017 0
2017 0
2017 2
2017 13
2017 11
2017 8
2017 20
2017 35
2017 33
2017 30
2017 29
2017 29
2017 29
2017 29
2017 28
2017 29
2017 29
2017 27
2017 21
2017 19
2017 18
2017 18
2017 16
2017 16
2017 16
2017 16
2017 16
2017 16
2017 21
2017 29
2017 30
2017 30
2017 29
2017 37
2017 59
2017 61
2017 51
2017 56
2017 46
2017 43
2017 43
2017 41
2017 51
2017 47
2017 59
2017 76
2017 90
2017 100
2017 110
2017 115
2017 107
2017 104
2017 103
2017 100
2017 98
2017 95
2017 95
2017 93
2017 93
2017 91
2017 91
2017 90
2017 90
2017 89
2017 89
2017 88
2017 85
2017 85
2017 85
2017 85
2017 83
2017 83
2017 87
2017 104
2017 106
2017 105
2017 101
2017 100
2017 100
2017 96
2017 92
2017 88
2017 85
2017 85
2017 85
2017 85
2017 85
2017 85
2017 81
2017 81
2017 88
2017 80
2017 80
2017 78
2017 78
2017 80
2017 80
2017 98
2017 115
2017 108
2017 103
2017 98
2017 97
2017 97
2017 97
2017 97
2017 97
2017 97
2017 94
2017 94
2017 94
2017 94
2017 94
2017 94
2017 94
2017 105
2017 117
2017 115
2017 123
2017 126
2017 130
2017 133
2017 121
2017 123
2017 122
2017 129
2017 140
2017 137
2017 132
2017 129
2017 125
2017 123
2017 121
2017 121
2017 121
2017 121
2017 121
2017 119
2017 118
2017 118
2017 118
2017 118
2017 118
2017 124
2017 126
2017 127
2017 126
2017 133
2017 183
2017 188
2017 197
2017 203
2017 204
2017 213
2017 201
2017 197
2017 192
2017 187
2017 182
2017 178
2017 176
2017 173
2017 170
2017 168
2017 166
2017 181
2017 238
2017 244
2017 232
2017 238
2017 224
2017 218
2017 216
2017 209
2017 204
2017 201
2017 217
2017 214
2017 204
2017 200
2017 197
2017 196
2017 192
2017 190
2017 188
2017 183
2017 182
2017 178
2017 171
2017 171
2017 175
2017 182
2017 181
2017 182
2017 180
2017 178
2017 178
2017 178
2017 174
2017 174
2017 208
2017 219
2017 252
2017 243
2017 237
2017 238
2017 242
2017 240
2017 242
2017 236
2017 229
2017 226
2017 227
2017 218
2017 213
2017 212
2017 223
2017 217
2017 206
2017 200
2017 195
2017 184
2017 185
2017 185
2017 196
2017 194
2017 185
2017 185
2017 177
2017 165
2017 156
2017 150
2017 142
2017 136
2017 127
2017 124
2017 114
2017 112
2017 109
2017 99
2017 94
2017 94
2017 93
2017 81
2017 76
2017 81
2017 68
2017 60
2017 43
2017 30
2017 16
2017 8
2017 0
2017 0
2017 0
2017 0
2017 0
2017 0
2017 0
2017 0
2017 0
2017 0
2017 0
2017 0
2017 0
2017 0
2017 0
2017 0
2017 0
2017 0
2017 0
2017 0
2017 0
2017 0
2017 0
2017 0
2017 0
2017 0
2017 0
2017 0
2017 0
2017 0
2017 0
2017 0
2017 0
2017 0
2017 0
2017 0
2017 0
2017 0
2017 0
2017 0
2017 0
2017 0
2017 0
2017 0
2017 0
2017 0
2017 0
2017 0
2017 0
2017 0
2017 0
2017 0
2017 0
2017 0
2017 0
2017 12
2017 4
2017 0
2017 0
2017 0
2017 0
2017 0
2017 0
2017 0
2017 0
2017 0
2017 0
2017 0
2017 0
2017 0
2017 0
2017 0
2017 0
2017 0
2017 0
2017 0
2018 0
2018 0
2018 0
2018 0
2018 0
2018 0
2018 0
2018 0
2018 10
2018 20
2018 15
2018 7
2018 8
2018 4
2018 2
2018 3
2018 2
2018 2
2018 0
2018 0
2018 0
2018 0
2018 0
2018 0
2018 2
2018 1
2018 0
2018 0
2018 0
2018 0
2018 0
2018 0
2018 0
2018 0
2018 0
2018 3
2018 2
2018 3
2018 3
2018 0
2018 0
2018 0
2018 0
2018 0
2018 0
2018 0
2018 0
2018 0
2018 0
2018 0
2018 0
2018 5
2018 15
2018 14
2018 3
2018 0
2018 0
2018 0
2018 0
2018 0
2018 0
2018 0
2018 0
2018 0
2018 0
2018 22
2018 32
2018 24
2018 39
2018 45
2018 40
2018 36
2018 32
2018 60
2018 48
2018 42
2018 42
2018 40
2018 40
2018 41
2018 50
2018 41
2018 40
2018 40
2018 40
2018 40
2018 49
2018 51
2018 49
2018 50
2018 50
2018 54
2018 57
2018 53
2018 39
2018 38
2018 38
2018 38
2018 47
2018 55
2018 55
2018 87
2018 107
2018 104
2018 104
2018 135
2018 125
2018 126
2018 124
2018 115
2018 110
2018 108
2018 96
2018 86
2018 83
2018 81
2018 81
2018 101
2018 122
2018 119
2018 136
2018 128
2018 125
2018 119
2018 132
2018 166
2018 200
2018 199
2018 197
2018 223
2018 259
2018 283
2018 268
2018 267
2018 250
2018 245
2018 241
2018 246
2018 246
2018 257
2018 262
2018 270
2018 282
2018 312
2018 319
2018 305
2018 297
2018 294
2018 300
2018 293
2018 289
2018 284
2018 280
2018 284
2018 298
2018 286
2018 284
2018 291
2018 291
2018 288
2018 282
2018 279
2018 278
2018 272
2018 276
2018 272
2018 269
2018 267
2018 284
2018 277
2018 275
2018 275
2018 275
2018 276
2018 273
2018 273
2018 273
2018 272
2018 272
2018 272
2018 269
2018 273
2018 273
2018 274
2018 272
2018 271
2018 269
2018 268
2018 267
2018 265
2018 264
2018 268
2018 287
2018 281
2018 280
2018 281
2018 293
2018 288
2018 307
2018 298
2018 295
2018 290
2018 287
2018 283
2018 282
2018 282
2018 281
2018 283
2018 277
2018 285
2018 285
2018 335
2018 326
2018 323
2018 319
2018 321
2018 327
2018 318
2018 314
2018 308
2018 306
2018 319
2018 326
2018 350
2018 355
2018 350
2018 336
2018 334
2018 323
2018 313
2018 308
2018 300
2018 292
2018 286
2018 284
2018 269
2018 267
2018 262
2018 259
2018 255
2018 262
2018 281
2018 302
2018 299
2018 304
2018 293
2018 280
2018 272
2018 256
2018 255
2018 252
2018 245
2018 245
2018 237
2018 236
2018 251
2018 255
2018 251
2018 247
2018 245
2018 239
2018 238
2018 243
2018 240
2018 236
2018 231
2018 226
2018 220
2018 215
2018 205
2018 197
2018 194
2018 193
2018 189
2018 184
2018 181
2018 172
2018 169
2018 165
2018 161
2018 157
2018 148
2018 134
2018 137
2018 129
2018 126
2018 118
2018 106
2018 104
2018 87
2018 83
2018 76
2018 64
2018 63
2018 52
2018 19
2018 18
2018 18
2018 15
2018 6
2018 6
2018 6
2018 0
2018 0
2018 0
2018 0
2018 0
2018 0
2018 0
2018 0
2018 0
2018 0
2018 0
2018 0
2018 0
2018 0
2018 0
2018 0
2018 0
2018 0
2018 0
2018 0
2018 0
2018 0
2018 0
2018 0
2018 0
2018 0
2018 0
2018 0
2018 0
2018 0
2018 0
2018 0
2018 0
2018 0
2018 0
2018 0
2018 0
2018 0
2018 0
2018 0
2018 0
2018 0
2018 0
2018 0
2018 0
2018 0
2018 0
2018 0
2018 0
2018 0
2018 0
2018 0
2018 0
2018 0
2018 0
2018 0
2018 0
2018 0
2018 0
2018 0
2018 0
2018 0
2018 0
2019 0
2019 0
2019 0
2019 0
2019 0
2019 0
2019 0
2019 0
2019 0
2019 0
2019 0
2019 0
2019 0
2019 0
2019 0
2019 0
2019 0
2019 0
2019 0
2019 0
2019 0
2019 0
2019 0
2019 0
2019 0
2019 0
2019 0
2019 0
2019 0
2019 0
2019 2
2019 4
2019 3
2019 3
2019 2
2019 0
2019 0
2019 0
2019 0
2019 0
2019 0
2019 0
2019 0
2019 0
2019 0
2019 0
2019 0
2019 0
2019 0
2019 0
2019 0
2019 0
2019 0
2019 0
2019 0
2019 0
2019 14
2019 60
2019 104
2019 158
2019 157
2019 173
2019 201
2019 192
2019 179
2019 170
2019 178
2019 206
2019 200
2019 194
2019 196
2019 202
2019 199
2019 191
2019 183
2019 181
2019 179
2019 179
2019 175
2019 181
2019 205
2019 200
2019 196
2019 192
2019 204
2019 200
2019 198
2019 188
2019 182
2019 179
2019 179
2019 179
2019 179
2019 203
2019 220
2019 217
2019 215
2019 210
2019 210
2019 212
2019 243
2019 260
2019 245
2019 240
2019 243
2019 237
2019 252
2019 244
2019 234
2019 232
2019 235
2019 230
2019 232
2019 225
2019 245
2019 250
2019 244
2019 240
2019 236
2019 236
2019 232
2019 231
2019 226
2019 223
2019 220
2019 220
2019 214
2019 206
2019 202
2019 200
2019 198
2019 197
2019 198
2019 188
2019 196
2019 224
2019 223
2019 223
2019 221
2019 225
2019 227
2019 226
2019 224
2019 222
2019 221
2019 220
2019 215
2019 207
2019 213
2019 215
2019 214
2019 213
2019 212
2019 226
2019 244
2019 240
2019 233
2019 232
2019 228
2019 228
2019 228
2019 227
2019 226
2019 236
2019 240
2019 221
2019 221
2019 219
2019 216
2019 216
2019 216
2019 216
2019 216
2019 216
2019 216
2019 216
2019 216
2019 216
2019 215
2019 213
2019 213
2019 211
2019 220
2019 216
2019 212
2019 218
2019 217
2019 235
2019 237
2019 235
2019 239
2019 240
2019 261
2019 256
2019 251
2019 286
2019 277
2019 273
2019 284
2019 277
2019 273
2019 271
2019 268
2019 267
2019 262
2019 261
2019 272
2019 266
2019 263
2019 261
2019 261
2019 260
2019 257
2019 256
2019 281
2019 367
2019 391
2019 370
2019 362
2019 360
2019 344
2019 339
2019 334
2019 331
2019 326
2019 325
2019 325
2019 322
2019 319
2019 317
2019 315
2019 310
2019 310
2019 307
2019 306
2019 320
2019 347
2019 367
2019 377
2019 376
2019 375
2019 367
2019 357
2019 348
2019 348
2019 342
2019 341
2019 336
2019 333
2019 337
2019 349
2019 340
2019 332
2019 346
2019 331
2019 326
2019 326
2019 322
2019 333
2019 340
2019 333
2019 339
2019 332
2019 329
2019 322
2019 319
2019 315
2019 311
2019 307
2019 302
2019 302
2019 300
2019 295
2019 287
2019 283
2019 277
2019 270
2019 263
2019 257
2019 254
2019 NA
2019 240
2019 NA
2019 NA
2019 NA
2019 NA
2019 213
2019 198
2019 195
2019 181
2019 177
2019 163
2019 163
2019 158
2019 154
2019 151
2019 143
2019 135
2019 123
2019 108
2019 92
2019 79
2019 67
2019 62
2019 51
2019 41
2019 33
2019 27
2019 18
2019 12
2019 6
2019 0
2019 0
2019 0
2019 0
2019 0
2019 0
2019 2
2019 0
2019 0
2019 0
2019 0
2019 0
2019 0
2019 0
2019 0
2019 0
2019 0
2019 0
2019 0
2019 0
2019 0
2019 0
2019 0
2019 0
2019 0
2019 0
2019 0
2019 0
2019 0
2019 0
2019 0
2019 0
2019 0
2019 0
2019 0
2019 0
2019 0
2019 0
2019 0
2019 0
2019 0
2019 0
2019 0
2019 0
2019 0
2019 0
2019 0
2019 0
2019 0
2019 0
2019 0
2019 0
2019 0
2019 0
2020 0
2020 0
2020 0
2020 0
2020 0
2020 30
2020 11
2020 17
2020 8
2020 8
2020 5
2020 1
2020 0
2020 0
2020 0
2020 0
2020 0
2020 0
2020 0
2020 0
2020 0
2020 0
2020 0
2020 0
2020 0
2020 0
2020 0
2020 0
2020 0
2020 0
2020 0
2020 0
2020 7
2020 4
2020 4
2020 4
2020 8
2020 4
2020 3
2020 9
2020 6
2020 4
2020 2
2020 0
2020 5
2020 31
2020 27
2020 26
2020 17
2020 14
2020 6
2020 4
2020 0
2020 4
2020 0
2020 0
2020 0
2020 0
2020 0
2020 0
2020 0
2020 2
2020 18
2020 26
2020 31
2020 41
2020 37
2020 35
2020 57
2020 70
2020 61
2020 56
2020 65
2020 53
2020 53
2020 128
2020 114
2020 118
2020 148
2020 142
2020 134
2020 128
2020 138
2020 152
2020 194
2020 191
2020 178
2020 172
2020 167
2020 164
2020 171
2020 165
2020 165
2020 158
2020 154
2020 151
2020 148
2020 147
2020 145
2020 143
2020 172
2020 160
2020 163
2020 159
2020 177
2020 157
2020 154
2020 163
2020 172
2020 177
2020 187
2020 219
2020 211
2020 219
2020 222
2020 231
2020 220
2020 219
2020 215
2020 209
2020 205
2020 203
2020 199
2020 198
2020 196
2020 194
2020 186
2020 182
2020 182
2020 180
2020 179
2020 179
2020 177
2020 175
2020 174
2020 174
2020 174
2020 174
2020 172
2020 172
2020 172
2020 172
2020 172
2020 170
2020 170
2020 169
2020 169
2020 169
2020 168
2020 186
2020 199
2020 201
2020 205
2020 198
2020 197
2020 219
2020 226
2020 NA
2020 NA
2020 NA
2020 NA
2020 NA
2020 NA
2020 NA
2020 NA
2020 NA
2020 NA
2020 NA
2020 NA
2020 NA
2020 NA
2020 NA
2020 220
2020 220
2020 214
2020 212
2020 206
2020 206
2020 208
2020 225
2020 256
2020 244
2020 240
2020 234
2020 254
2020 245
2020 248
2020 261
2020 257
2020 253
2020 251
2020 257
2020 265
2020 255
2020 247
2020 244
2020 243
2020 242
2020 240
2020 240
2020 239
2020 238
2020 238
2020 237
2020 234
2020 234
2020 233
2020 246
2020 242
2020 235
2020 234
2020 238
2020 242
2020 234
2020 234
2020 232
2020 229
2020 229
2020 229
2020 227
2020 227
2020 227
2020 224
2020 222
2020 221
2020 218
2020 215
2020 212
2020 210
2020 209
2020 203
2020 203
2020 203
2020 203
2020 197
2020 194
2020 193
2020 190
2020 186
2020 189
2020 188
2020 199
2020 193
2020 197
2020 214
2020 213
2020 199
2020 194
2020 189
2020 181
2020 177
2020 176
2020 171
2020 186
2020 185
2020 174
2020 176
2020 173
2020 166
2020 NA
2020 155
2020 148
2020 141
2020 132
2020 123
2020 116
2020 113
2020 103
2020 102
2020 98
2020 90
2020 87
2020 82
2020 79
2020 72
2020 69
2020 59
2020 55
2020 59
2020 NA
2020 42
2020 51
2020 51
2020 63
2020 50
2020 42
2020 46
2020 37
2020 30
2020 22
2020 17
2020 9
2020 7
2020 7
2020 6
2020 6
2020 3
2020 0
2020 0
2020 0
2020 0
2020 0
2020 0
2020 0
2020 0
2020 0
2020 0
2020 0
2020 0
2020 0
2020 0
2020 0
2020 0
2020 0
2020 0
2020 0
2020 0
2020 0
2020 0
2020 0
2020 0
2020 0
2020 0
2020 0
2020 0
2020 0
2020 0
2020 0
2020 0
2020 0
2020 0
2020 0
2020 0
2020 0
2020 0
2020 0
2020 0
2020 0
2020 0
2020 0
2020 0
2020 0
2020 0
2020 0
2020 0
2020 0
2020 0
2020 0
2020 0
2020 0
2020 0
2020 0
2020 0
2020 0
2020 0
2020 0
2020 0
2020 0
2020 0
2020 0
2020 0
2020 0
2020 0
2020 0
2020 0
2020 5
2021 1
2021 0
2021 0
2021 0
2021 0
2021 0
2021 0
2021 0
2021 0
2021 0
2021 0
2021 0
2021 0
2021 0
2021 0
2021 0
2021 0
2021 0
2021 0
2021 0
2021 0
2021 0
2021 0
2021 0
2021 1
2021 19
2021 17
2021 15
2021 15
2021 6
2021 0
2021 0
2021 4
2021 35
2021 56
2021 54
2021 60
2021 50
2021 46
2021 44
2021 42
2021 42
2021 41
2021 40
2021 39
2021 44
2021 43
2021 42
2021 41
2021 41
2021 40
2021 38
2021 35
2021 36
2021 32
2021 48
2021 63
2021 62
2021 61
2021 57
2021 52
2021 52
2021 49
2021 41
2021 43
2021 45
2021 45
2021 41
2021 41
2021 41
2021 41
2021 41
2021 41
2021 41
2021 41
2021 41
2021 45
2021 41
2021 40
2021 40
2021 45
2021 43
2021 43
2021 43
2021 43
2021 43
2021 43
2021 43
2021 42
2021 42
2021 42
2021 42
2021 45
2021 48
2021 70
2021 112
2021 144
2021 145
2021 166
2021 150
2021 142
2021 137
2021 137
2021 139
2021 131
2021 126
2021 125
2021 122
2021 120
2021 120
2021 118
2021 115
2021 120
2021 116
2021 120
2021 116
2021 116
2021 118
2021 125
2021 123
2021 123
2021 121
2021 125
2021 136
2021 149
2021 158
2021 166
2021 158
2021 151
2021 146
2021 144
2021 139
2021 135
2021 128
2021 149
2021 166
2021 182
2021 186
2021 175
2021 183
2021 175
2021 171
2021 172
2021 173
2021 185
2021 183
2021 183
2021 192
2021 186
2021 247
2021 244
2021 245
2021 246
2021 243
2021 236
2021 234
2021 235
2021 231
2021 228
2021 243
2021 254
2021 246
2021 245
2021 240
2021 240
2021 241
2021 237
2021 235
2021 234
2021 235
2021 229
2021 229
2021 228
2021 225
2021 224
2021 222
2021 221
2021 221
2021 218
2021 218
2021 218
2021 216
2021 216
2021 213
2021 213
2021 219
2021 220
2021 219
2021 218
2021 217
2021 215
2021 212
2021 219
2021 213
2021 226
2021 250
2021 289
2021 284
2021 284
2021 275
2021 268
2021 263
2021 256
2021 249
2021 245
2021 243
2021 242
2021 247
2021 242
2021 241
2021 235
2021 233
2021 228
2021 225
2021 219
2021 218
2021 217
2021 231
2021 230
2021 230
2021 228
2021 229
2021 234
2021 239
2021 228
2021 228
2021 228
2021 226
2021 230
2021 227
2021 226
2021 224
2021 222
2021 225
2021 219
2021 216
2021 214
2021 212
2021 209
2021 213
2021 220
2021 229
2021 230
2021 246
2021 237
2021 236
2021 237
2021 231
2021 246
2021 243
2021 233
2021 229
2021 242
2021 269
2021 263
2021 255
2021 253
2021 270
2021 259
2021 256
2021 254
2021 253
2021 249
2021 263
2021 254
2021 251
2021 253
2021 251
2021 246
2021 238
2021 234
2021 233
2021 229
2021 224
2021 218
2021 216
2021 211
2021 205
2021 203
2021 195
2021 190
2021 182
2021 177
2021 172
2021 159
2021 150
2021 141
2021 130
2021 127
2021 115
2021 112
2021 106
2021 99
2021 88
2021 82
2021 78
2021 75
2021 70
2021 65
2021 62
2021 53
2021 44
2021 44
2021 33
2021 27
2021 17
2021 5
2021 5
2021 0
2021 0
2021 0
2021 2
2021 2
2021 2
2021 0
2021 0
2021 0
2021 0
2021 0
2021 0
2021 0
2021 0
2021 0
2021 0
2021 0
2021 0
2021 0
2021 0
2021 0
2021 0
2021 0
2021 0
2021 0
2021 0
2021 0
2021 0
2021 0
2021 0
2021 0
2021 0
2021 0
2021 0
2021 0
2021 0
2021 0
2021 0
2021 0
2021 0
2021 0
2021 0
2021 0
2021 0
2021 0
2021 0
2021 0
2021 0
2021 0
2021 0
2021 0
2021 0
2021 0
2021 0
2021 0
2021 0
2021 0
2022 0
2022 0
2022 0
2022 0
2022 0
2022 0
2022 0
2022 0
2022 0
2022 0
2022 0
2022 0
2022 0
2022 0
2022 0
2022 0
2022 0
2022 0
2022 0
2022 19
2022 11
2022 3
2022 1
2022 0
2022 0
2022 0
2022 0
2022 0
2022 0
2022 0
2022 0
2022 0
2022 0
2022 0
2022 5
2022 6
2022 5
2022 0
2022 0
2022 0
2022 0
2022 0
2022 0
2022 0
2022 0
2022 0
2022 0
2022 0
2022 0
2022 0
2022 16
2022 13
2022 11
2022 9
2022 9
2022 9
2022 9
2022 8
2022 9
2022 11
2022 15
2022 18
2022 23
2022 33
2022 59
2022 51
2022 44
2022 43
2022 42
2022 40
2022 43
2022 40
2022 35
2022 34
2022 37
2022 51
2022 55
2022 53
2022 48
2022 47
2022 44
2022 44
2022 45
2022 50
2022 45
2022 50
2022 52
2022 42
2022 56
2022 60
2022 70
2022 66
2022 64
2022 69
2022 77
2022 72
2022 76
2022 83
2022 83
2022 88
2022 88
2022 86
2022 69
2022 59
2022 59
2022 59
2022 59
2022 57
2022 54
2022 54
2022 51
2022 49
2022 49
2022 49
2022 49
2022 49
2022 49
2022 49
2022 63
2022 65
2022 82
2022 78
2022 75
2022 71
2022 71
2022 75
2022 79
2022 70
2022 70
2022 77
2022 95
2022 107
2022 100
2022 96
2022 90
2022 90
2022 90
2022 88
2022 87
2022 83
2022 83
2022 86
2022 84
2022 81
2022 78
2022 76
2022 76
2022 76
2022 75
2022 75
2022 75
2022 72
2022 72
2022 102
2022 113
2022 118
2022 113
2022 110
2022 107
2022 120
2022 116
2022 109
2022 109
2022 109
2022 106
2022 106
2022 106
2022 111
2022 111
2022 110
2022 108
2022 106
2022 106
2022 107
2022 130
2022 122
2022 120
2022 120
2022 124
2022 119
2022 118
2022 118
2022 116
2022 116
2022 116
2022 114
2022 114
2022 112
2022 112
2022 112
2022 112
2022 112
2022 115
2022 117
2022 121
2022 129
2022 130
2022 124
2022 121
2022 122
2022 124
2022 123
2022 121
2022 118
2022 116
2022 114
2022 119
2022 119
2022 117
2022 116
2022 118
2022 121
2022 120
2022 123
2022 123
2022 122
2022 122
2022 121
2022 123
2022 122
2022 126
2022 126
2022 124
2022 124
2022 118
2022 120
2022 118
2022 112
2022 108
2022 108
2022 106
2022 102
2022 101
2022 99
2022 106
2022 163
2022 156
2022 137
2022 138
2022 134
2022 127
2022 127
2022 128
2022 124
2022 124
2022 123
2022 124
2022 134
2022 126
2022 115
2022 115
2022 108
2022 101
2022 96
2022 89
2022 80
2022 73
2022 63
2022 61
2022 54
2022 43
2022 35
2022 22
2022 5
2022 4
2022 6
2022 5
2022 1
2022 0
2022 0
2022 0
2022 0
2022 0
2022 0
2022 0
2022 0
2022 0
2022 0
2022 0
2022 0
2022 0
2022 0
2022 0
2022 0
2022 0
2022 0
2022 0
2022 0
2022 0
2022 0
2022 0
2022 0
2022 0
2022 0
2022 0
2022 0
2022 0
2022 0
2022 0
2022 0
2022 0
2022 0
2022 0
2022 0
2022 0
2022 0
2022 0
2022 0
2022 0
2022 0
2022 0
2022 0
2022 0
2022 0
2022 0
2022 0
2022 0
2022 0
2022 0
2022 0
2022 0
2022 0
2022 0
2022 0
2022 0
2022 0
2022 0
2022 0
2022 0
2022 0
2022 0
2022 0
2022 0
2022 0
2022 0
2022 0
2022 0
2022 0
2022 0
2022 0
2022 0
2022 0
2022 0
2022 0
2022 0
2022 0
2022 0
2022 0
2022 0
2022 0
2022 0
2022 0
2022 0
2022 0
2022 0
2022 0
2022 0
2022 0
2022 0
2022 0
2022 0
2022 0
2022 0
2022 0
2022 0
