2012 4.9
2012 4.1
2012 4.3
2012 4.6
2012 5.8
2012 4.9
2012 4.4
2012 4.9
2012 4.3
2012 4.3
2012 4.2
2012 7.6
2012 4.3
2012 4.2
2012 3.6
2012 5.1
2012 4.8
2012 8.8
2012 10.2
2012 5.4
2012 4.3
2012 5.3
2012 3.7
2012 4.7
2012 5
2012 4.7
2012 4
2012 3.5
2012 3.2
2012 3.7
2012 4.1
2012 3.5
2012 3.8
2012 5.9
2012 4.4
2012 4
2012 5.2
2012 4.8
2012 4.8
2012 4.8
2012 4.8
2012 4
2012 3.6
2012 3.9
2012 3.7
2012 4.3
2012 4.5
2012 6.2
2012 4.8
2012 4.4
2012 2.5
2012 3.7
2012 4.2
2012 3.4
2012 4.7
2012 3.8
2012 9.3
2012 6.1
2012 5.3
2012 5.7
2012 5.9
2012 6.7
2012 7.7
2012 7.2
2012 7.6
2012 7.5
2012 6.6
2012 7.4
2012 8.2
2012 8.4
2012 6
2012 7.6
2012 6.1
2012 5.9
2012 7.2
2012 1.1
2012 1.1
2012 1
2012 0.8
2012 1.1
2012 1.6
2012 1.8
2012 1.8
2012 1.5
2012 1.3
2012 1.1
2012 1.1
2012 0.9
2012 1.3
2012 1.1
2012 1
2012 1.1
2012 1.7
2012 2.4
2012 1.3
2012 1.6
2012 2.2
2012 1.7
2012 0.8
2012 0.9
2012 0.8
2012 1.6
2012 1.6
2012 2.1
2012 4.5
2012 6.4
2012 6.1
2012 14.5
2012 14
2012 13.5
2012 12.5
2012 12.7
2012 12.1
2012 8.6
2012 6.6
2012 7.2
2012 6.4
2012 6.6
2012 6.8
2012 7.3
2012 6.9
2012 9.5
2012 7.6
2012 9.5
2012 18.6
2012 16.1
2012 16.4
2012 15.4
2012 13.8
2012 12.2
2012 14
2012 12.1
2012 9.2
2012 8.8
2012 12.5
2012 12.8
2012 12
2012 12.1
2012 12.4
2012 11.9
2012 10.5
2012 11.2
2012 11.9
2012 12.1
2012 11.6
2012 12.3
2012 11.2
2012 11
2012 11.3
2012 11.4
2012 11
2012 11.4
2012 10.9
2012 12.1
2012 19.4
2012 18.6
2012 19.7
2012 16.1
2012 18.7
2012 22.8
2012 26.3
2012 24
2012 22.5
2012 22.7
2012 24.6
2012 25.1
2012 25
2012 23.7
2012 20.5
2012 15.7
2012 12
2012 13
2012 17.5
2012 17.9
2012 16.7
2012 16
2012 9.9
2012 3
2012 3.3
2012 2.1
2012 1.3
2012 0.5
2012 0.6
2012 0.4
2012 1
2012 2.6
2012 1.6
2012 0.9
2012 2.4
2012 1.8
2012 1.4
2012 1.5
2012 1.2
2012 0.7
2012 0.6
2012 0.4
2012 0.1
2012 0.3
2012 0.1
2012 0.2
2012 0.1
2012 0.2
2012 0.3
2012 0.1
2012 0.3
2012 0.1
2012 0
2012 0
2012 0
2012 0
2012 0
2012 0
2012 0
2012 0
2012 0
2012 0
2012 0
2012 0.5
2012 0.7
2012 0.8
2012 0.4
2012 0.3
2012 0.1
2012 1
2012 2.7
2012 0.1
2012 0
2012 0
2012 0
2012 0
2012 0
2012 0
2012 0
2012 0.1
2012 0.2
2012 0
2012 7.5
2012 6.1
2012 1.1
2012 0
2012 0
2012 0
2012 0
2012 0
2012 0
2012 0
2012 0
2012 0
2012 0
2012 0
2012 0
2012 0
2012 0
2012 0
2012 0
2012 0
2012 0
2012 0
2012 0.2
2012 0
2012 0
2012 0
2012 0
2012 0
2012 0
2012 0
2012 0
2012 0
2012 0.1
2012 0.1
2012 0.2
2012 0
2012 0
2012 0
2012 0
2012 0
2012 0
2012 0
2012 0
2012 0.1
2012 0.1
2012 0.6
2012 0.2
2012 0.3
2012 0.3
2012 0.8
2012 0
2012 0
2012 0.4
2012 0
2012 0
2012 0
2012 0.2
2012 0.1
2012 0.1
2012 0.1
2012 0.6
2012 0.4
2012 1.4
2012 0
2012 0.2
2012 0.8
2012 1.6
2012 1.1
2012 0.6
2012 0.5
2012 1.8
2012 0.6
2012 1.2
2012 1.6
2012 1.8
2012 1
2012 0.9
2012 1.5
2012 1.5
2012 1.2
2012 3.6
2012 3.3
2012 3.4
2012 1.7
2012 0.8
2012 1.9
2012 1
2012 1.7
2012 2.7
2012 3
2012 2.7
2012 1.4
2012 2.3
2012 0.9
2012 2.3
2012 3.5
2012 3.1
2012 3.5
2012 4.2
2012 4.9
2012 4.7
2012 5.4
2012 4.3
2012 4.1
2012 4.4
2012 4.7
2012 2.7
2012 4.1
2012 2.5
2012 1.2
2012 2.7
2012 5.1
2012 4
2012 4.9
2012 3.9
2012 3.1
2012 3.3
2012 4.1
2012 3.9
2012 3.9
2012 4.7
2012 2.9
2012 4.1
2012 3.2
2012 2.7
2012 2.9
2012 2.5
2012 0
2012 0
2012 0
2013 0
2013 0.1
2013 0
2013 0
2013 0
2013 0
2013 0
2013 0
2013 0
2013 0
2013 0
2013 0.1
2013 0
2013 0
2013 0
2013 0
2013 0
2013 0
2013 0
2013 0
2013 0
2013 0
2013 0
2013 0
2013 0.1
2013 0.1
2013 0
2013 0
2013 0
2013 0
2013 0
2013 0
2013 0
2013 0
2013 0
2013 0
2013 0
2013 0
2013 0
2013 0
2013 0
2013 0
2013 0
2013 0
2013 0
2013 0
2013 0
2013 0
2013 0
2013 0
2013 0
2013 0
2013 0
2013 0
2013 0
2013 0
2013 0
2013 0.6
2013 7.4
2013 1.3
2013 0.4
2013 0
2013 0
2013 0
2013 0
2013 0
2013 0
2013 0
2013 0
2013 0
2013 0
2013 0
2013 0
2013 0
2013 0
2013 0
2013 0
2013 0
2013 0
2013 0
2013 0
2013 0
2013 0
2013 0
2013 0
2013 0
2013 0
2013 0
2013 0.1
2013 6.9
2013 5.4
2013 8.6
2013 13.9
2013 15
2013 14.2
2013 13.7
2013 13.5
2013 13.2
2013 13.4
2013 9.1
2013 8.6
2013 9.1
2013 9.2
2013 9.1
2013 14.1
2013 24.2
2013 24.2
2013 23.5
2013 23.2
2013 23.4
2013 22.8
2013 23.6
2013 22.3
2013 21.4
2013 21.4
2013 22.5
2013 20.9
2013 18.9
2013 19.2
2013 19
2013 18.1
2013 18.7
2013 18.6
2013 20.2
2013 18.6
2013 17.3
2013 11.3
2013 7.2
2013 7.1
2013 7
2013 6.4
2013 6.7
2013 5.8
2013 6.2
2013 8.7
2013 15.1
2013 23.5
2013 27.9
2013 28.3
2013 27.1
2013 25.3
2013 28.5
2013 30.8
2013 39.2
2013 35.3
2013 32
2013 32.2
2013 31.3
2013 33.2
2013 35.6
2013 34.6
2013 33.6
2013 32.4
2013 32
2013 37.7
2013 39.7
2013 36.4
2013 34.6
2013 38.8
2013 37.4
2013 35.6
2013 34.8
2013 33.8
2013 37.7
2013 66.2
2013 62.5
2013 56.9
2013 54.4
2013 52
2013 52
2013 52.5
2013 52.9
2013 53.5
2013 61.2
2013 61.4
2013 57.8
2013 72
2013 73.5
2013 72
2013 69.2
2013 64.6
2013 61.4
2013 60
2013 57.5
2013 56.4
2013 55.3
2013 56.9
2013 56.1
2013 50.9
2013 47.2
2013 46.3
2013 46
2013 47.5
2013 47.3
2013 48.3
2013 45.8
2013 44.4
2013 44.8
2013 74.1
2013 82.8
2013 78.5
2013 76
2013 70.8
2013 68
2013 63.4
2013 72.3
2013 72.1
2013 75.2
2013 74.6
2013 84.5
2013 76.7
2013 79.7
2013 75.8
2013 74
2013 71.5
2013 67.9
2013 67.1
2013 66.9
2013 65.1
2013 66
2013 65.2
2013 61.4
2013 57.7
2013 54.3
2013 50.8
2013 45.3
2013 37.8
2013 29.5
2013 23.4
2013 16.6
2013 10.7
2013 8.4
2013 3.2
2013 0
2013 0
2013 0
2013 0
2013 0
2013 0
2013 0
2013 0
2013 0
2013 0
2013 0
2013 0
2013 0
2013 0
2013 0
2013 0
2013 0
2013 0
2013 0
2013 0
2013 0
2013 0
2013 0
2013 0
2013 0
2013 0.2
2013 0.1
2013 0.4
2013 0.2
2013 0.2
2013 0
2013 0
2013 4.5
2013 0.2
2013 0.1
2013 0.3
2013 0.1
2013 0.2
2013 0.4
2013 0.3
2013 0
2013 0
2013 0.1
2013 0.2
2013 0.8
2013 0.2
2013 0.4
2013 0.3
2013 0.6
2013 0.4
2013 0.2
2013 0.4
2013 0.2
2013 0.6
2013 0.5
2013 0.6
2013 1.4
2013 1
2013 0.4
2013 0.1
2013 0
2013 0
2013 0
2013 0
2013 0
2013 0
2013 0
2013 0
2013 0
2013 0
2013 0
2013 0
2013 0
2013 0.2
2013 0
2013 0
2013 0
2013 0.2
2013 0.6
2013 0.4
2013 0.1
2013 0.3
2013 0.3
2013 0.1
2013 0.1
2013 0.3
2013 0.2
2013 0.1
2013 0.1
2013 0.2
2013 0.2
2013 0.2
2013 0.8
2013 0.6
2013 0.4
2013 1
2013 0.8
2013 0.6
2013 0.5
2013 0.3
2013 0.2
2013 0.2
2013 0.3
2013 0.1
2013 0.2
2013 0
2013 0.2
2013 0.1
2013 0
2013 0.9
2013 0.3
2013 0.1
2013 0.5
2013 0.5
2013 1.4
2013 1.1
2013 0.8
2013 0.2
2013 0.2
2013 0
2013 0
2013 0
2013 0
2013 0
2013 0
2013 0
2013 0
2013 0
2013 0
2013 0
2013 0
2013 0
2014 0.1
2014 0
2014 0
2014 0
2014 0
2014 0
2014 0
2014 0
2014 0
2014 0
2014 0
2014 0
2014 0
2014 0
2014 0
2014 0
2014 0
2014 0
2014 0
2014 0
2014 0
2014 0
2014 0
2014 0
2014 0
2014 0
2014 0
2014 0
2014 0
2014 0
2014 0
2014 0
2014 0
2014 0
2014 0
2014 0
2014 0
2014 0
2014 0
2014 0
2014 0
2014 2.7
2014 0.4
2014 0
2014 0
2014 0
2014 0
2014 0
2014 0
2014 0
2014 0
2014 0
2014 0
2014 0
2014 0
2014 0
2014 0
2014 0
2014 0
2014 0
2014 0
2014 0
2014 0
2014 0
2014 0
2014 0
2014 0
2014 0
2014 0
2014 0
2014 0
2014 0
2014 0
2014 0
2014 0
2014 2.9
2014 2
2014 0.1
2014 0
2014 0.6
2014 0.9
2014 2.5
2014 15.5
2014 13.6
2014 22.9
2014 20.2
2014 18.9
2014 17.2
2014 14.9
2014 14.2
2014 15.3
2014 12.8
2014 11.7
2014 12.3
2014 10.5
2014 12.6
2014 13
2014 12.2
2014 10.1
2014 9.9
2014 8.3
2014 8.4
2014 6.9
2014 5.3
2014 5.3
2014 8.1
2014 5.9
2014 4.3
2014 4.5
2014 5.9
2014 7.6
2014 11.3
2014 8.9
2014 8.4
2014 9.2
2014 12
2014 51.8
2014 55.7
2014 51
2014 52.1
2014 55
2014 66.7
2014 62.8
2014 57.8
2014 52.5
2014 60.8
2014 74.9
2014 75.2
2014 75.9
2014 70
2014 69
2014 73
2014 74.3
2014 72.2
2014 72.7
2014 87.4
2014 96.4
2014 94.4
2014 111.6
2014 125.2
2014 135
2014 131.4
2014 125.4
2014 122.5
2014 120.2
2014 120.1
2014 117.2
2014 116.8
2014 115.8
2014 126.1
2014 122.9
2014 130.3
2014 194.8
2014 190.2
2014 180.2
2014 177.3
2014 185.1
2014 197.6
2014 189
2014 190.5
2014 195.6
2014 207.4
2014 207.8
2014 213.8
2014 210.3
2014 206.2
2014 202.7
2014 198.6
2014 195.6
2014 191
2014 186
2014 184.5
2014 181.2
2014 175.9
2014 187.6
2014 184.5
2014 180.5
2014 178.8
2014 178.1
2014 177.7
2014 174.8
2014 180.9
2014 219.8
2014 210.9
2014 205.4
2014 201.3
2014 193.1
2014 185.4
2014 180
2014 176.2
2014 174.1
2014 170.6
2014 166.6
2014 164.1
2014 160.4
2014 156.8
2014 148.6
2014 136.1
2014 130
2014 124.3
2014 119.3
2014 115.5
2014 113.4
2014 119.5
2014 138.4
2014 132.1
2014 130.9
2014 130.2
2014 126.9
2014 123.7
2014 118.9
2014 114.3
2014 111
2014 107.1
2014 103.3
2014 96.5
2014 91.3
2014 85.9
2014 78.2
2014 71.8
2014 66.9
2014 60.3
2014 52.6
2014 48.9
2014 41.4
2014 34.6
2014 32.8
2014 29.2
2014 24.9
2014 19.2
2014 26.1
2014 23.7
2014 19.9
2014 14.1
2014 6.4
2014 1.4
2014 0.3
2014 0
2014 0
2014 0
2014 0
2014 0
2014 0
2014 0
2014 0
2014 0
2014 0
2014 0
2014 0
2014 0
2014 0
2014 0
2014 0
2014 0
2014 0
2014 0
2014 0
2014 0
2014 0
2014 0
2014 0
2014 0
2014 0
2014 0
2014 0
2014 0
2014 0
2014 0
2014 0
2014 0
2014 0
2014 0
2014 0
2014 0
2014 0
2014 0
2014 0
2014 0
2014 0
2014 0
2014 0
2014 0
2014 0
2014 0
2014 0
2014 0
2014 0
2014 0
2014 0
2014 0
2014 0
2014 0
2014 0
2014 0
2014 0.3
2014 0.1
2014 0.4
2014 0.2
2014 0.7
2014 0.9
2014 0.9
2014 4.2
2014 0
2014 0.4
2014 0
2014 0
2014 0
2014 0
2014 0
2014 0
2014 0
2014 0
2014 0
2014 0
2014 0
2014 0
2014 0
2014 0
2014 0
2014 0
2014 0
2014 0
2014 0
2014 0.2
2014 0
2014 0
2014 0
2014 0
2014 0.1
2014 0.1
2014 0.1
2014 0.5
2014 0.3
2014 0.4
2014 0.2
2014 0.1
2014 0.1
2014 0.1
2014 0.1
2014 0
2014 0
2014 0
2014 0
2014 0
2014 0
2014 0
2014 0
2014 0
2014 0
2014 0
2014 0
2014 0
2014 0
2014 0
2014 0
2014 0
2014 0
2014 0
2014 0
2014 0
2014 0
2014 0
2014 0
2014 0
2014 0
2015 0
2015 0
2015 0
2015 0
2015 0
2015 0
2015 0
2015 0
2015 0
2015 0
2015 0
2015 0
2015 0
2015 0
2015 0
2015 0
2015 0
2015 0
2015 0
2015 0
2015 0
2015 0
2015 0
2015 0
2015 0
2015 0
2015 0
2015 0
2015 0
2015 0
2015 0
2015 0
2015 0
2015 0
2015 0
2015 0
2015 0
2015 0
2015 0
2015 0
2015 0
2015 0
2015 0
2015 0
2015 0
2015 0
2015 0
2015 0
2015 0
2015 0
2015 0
2015 0
2015 2.6
2015 0
2015 0
2015 0
2015 0
2015 0
2015 0
2015 0
2015 0
2015 0
2015 0
2015 0
2015 0
2015 0
2015 0
2015 0
2015 0
2015 0
2015 0
2015 0
2015 0
2015 0
2015 0
2015 0
2015 0
2015 0.1
2015 1.6
2015 0.3
2015 0.3
2015 0
2015 0
2015 0
2015 0
2015 0
2015 0
2015 0
2015 0
2015 0
2015 0
2015 0
2015 0
2015 0
2015 0
2015 0
2015 0
2015 0
2015 0
2015 8.9
2015 4.6
2015 4.4
2015 4
2015 3.8
2015 3.1
2015 2.1
2015 1.8
2015 1.6
2015 0.5
2015 0
2015 0
2015 0
2015 0
2015 0
2015 0
2015 0
2015 0
2015 0.8
2015 1.8
2015 0
2015 0
2015 0
2015 0
2015 0
2015 0
2015 0
2015 0
2015 0
2015 0
2015 0
2015 0
2015 0
2015 0
2015 0
2015 0
2015 0
2015 0
2015 2.8
2015 26.1
2015 26.1
2015 23.4
2015 25.6
2015 28.8
2015 39
2015 37
2015 36.9
2015 34.1
2015 32.3
2015 32.7
2015 32
2015 32.2
2015 34.4
2015 30.4
2015 30.8
2015 29.4
2015 29
2015 28.4
2015 33.3
2015 61.3
2015 67.7
2015 60.6
2015 56.9
2015 52.1
2015 47
2015 46.1
2015 45.8
2015 45.2
2015 47.1
2015 50.3
2015 47.9
2015 47.8
2015 48.6
2015 46
2015 45.4
2015 53.6
2015 53.2
2015 54.8
2015 57.1
2015 54.3
2015 46.9
2015 53.6
2015 53.4
2015 53.7
2015 51.3
2015 53.4
2015 54.1
2015 52.7
2015 52.6
2015 52.4
2015 51.6
2015 47.2
2015 44.3
2015 43.8
2015 41.9
2015 40.1
2015 40.9
2015 46.9
2015 50.2
2015 46
2015 42.8
2015 40.1
2015 38
2015 40.2
2015 37.3
2015 35.5
2015 33.3
2015 34.5
2015 31.3
2015 26.2
2015 22.8
2015 21.7
2015 17.1
2015 13.4
2015 11.8
2015 10.9
2015 9.7
2015 7.1
2015 9.9
2015 7.6
2015 4.5
2015 0.8
2015 0
2015 0
2015 0
2015 0
2015 0
2015 0
2015 0
2015 0
2015 0
2015 0
2015 0
2015 0
2015 0
2015 0
2015 0
2015 0
2015 0
2015 0
2015 0
2015 0
2015 0
2015 0
2015 0
2015 0
2015 0
2015 0
2015 0
2015 0
2015 0
2015 0
2015 0
2015 0
2015 0
2015 0
2015 0
2015 0
2015 0
2015 0
2015 0
2015 0
2015 0
2015 0
2015 0
2015 0
2015 0
2015 0
2015 0
2015 0
2015 0
2015 0
2015 0
2015 0
2015 0
2015 0
2015 0
2015 0
2015 0
2015 0
2015 0
2015 0.1
2015 0
2015 0
2015 0
2015 0
2015 0
2015 0
2015 0
2015 0
2015 0
2015 0
2015 0
2015 0
2015 0
2015 0
2015 0
2015 0
2015 0
2015 0
2015 0
2015 0
2015 0
2015 0
2015 0.2
2015 0.1
2015 0.3
2015 0.1
2015 0.1
2015 0.1
2015 0.1
2015 0
2015 0
2015 0
2015 0.2
2015 0
2015 0.1
2015 0.1
2015 0
2015 0.1
2015 0
2015 0
2015 0
2015 0
2015 0
2015 0
2015 0
2015 0
2015 0
2015 0
2015 0
2015 0
2015 0.1
2015 0.4
2015 0.1
2015 0
2015 0
2015 0
2015 0
2015 0.1
2015 0.1
2015 0
2015 0
2015 0
2015 0
2015 0
2015 0
2015 0
2015 0.1
2015 0
2015 0
2015 0.3
2015 0.1
2015 0.4
2015 0.1
2015 0.2
2015 0.3
2015 0.1
2015 0.6
2015 0.1
2015 0.2
2015 0.1
2015 0
2015 0
2015 0
2015 0
2016 0
2016 0.2
2016 0.2
2016 0.4
2016 0.3
2016 0
2016 0
2016 0
2016 0
2016 0
2016 0.1
2016 0
2016 0.1
2016 0.3
2016 0
2016 0.1
2016 0
2016 0.2
2016 0
2016 0
2016 0
2016 0
2016 0.1
2016 0
2016 0
2016 0
2016 0
2016 0
2016 0
2016 0
2016 0
2016 0
2016 0
2016 0
2016 0
2016 0
2016 0
2016 0
2016 0.2
2016 0.1
2016 0.3
2016 0.3
2016 0
2016 0
2016 0
2016 0.6
2016 0.3
2016 0
2016 0
2016 0
2016 0
2016 0
2016 0
2016 0
2016 0
2016 0
2016 0
2016 0
2016 0
2016 0
2016 0
2016 0
2016 0
2016 0
2016 0
2016 0
2016 0
2016 0
2016 0
2016 0
2016 0
2016 0
2016 0
2016 0
2016 0
2016 0
2016 0
2016 0
2016 0
2016 0
2016 0
2016 0
2016 0
2016 0
2016 0
2016 0
2016 0
2016 0
2016 0
2016 0
2016 0
2016 0
2016 0
2016 0
2016 0
2016 0
2016 0
2016 0
2016 0
2016 0
2016 0
2016 2.8
2016 1.7
2016 0
2016 0
2016 0
2016 0.1
2016 0
2016 0
2016 0
2016 0
2016 0
2016 0
2016 0.2
2016 0.1
2016 0
2016 0
2016 0
2016 0
2016 0
2016 0
2016 0
2016 0
2016 0.1
2016 4.6
2016 4.7
2016 2.3
2016 2.2
2016 2.9
2016 2.6
2016 2.9
2016 2.9
2016 1.3
2016 0.1
2016 0.7
2016 0.4
2016 1.1
2016 0
2016 0.9
2016 0.2
2016 0.1
2016 0
2016 0.2
2016 0.1
2016 0.1
2016 0
2016 0
2016 0
2016 0
2016 0
2016 0
2016 0
2016 0
2016 0
2016 0
2016 2.8
2016 3.2
2016 2.2
2016 1.4
2016 7.1
2016 22.4
2016 19.8
2016 46.4
2016 44.6
2016 42.8
2016 44.4
2016 44.8
2016 44.9
2016 38.8
2016 54.4
2016 53.9
2016 52.8
2016 52.3
2016 45.5
2016 39.3
2016 35.9
2016 33.2
2016 32.9
2016 32
2016 33.9
2016 55.3
2016 59.9
2016 57.8
2016 53.5
2016 72.2
2016 67.1
2016 78.5
2016 108.9
2016 102.9
2016 103.1
2016 100.5
2016 94
2016 90.4
2016 87.2
2016 84
2016 82.1
2016 81.7
2016 94.2
2016 86
2016 82
2016 79.1
2016 75.1
2016 70.9
2016 67.6
2016 65.9
2016 61.9
2016 61.2
2016 58.7
2016 55.7
2016 54.7
2016 51.7
2016 50.4
2016 46.8
2016 40.2
2016 34.2
2016 30.2
2016 26.3
2016 20.8
2016 15.1
2016 9.2
2016 4.2
2016 2.7
2016 1
2016 0
2016 0
2016 0
2016 0
2016 0
2016 0
2016 0
2016 0
2016 0
2016 0
2016 0
2016 0
2016 0
2016 0
2016 0
2016 0
2016 3.2
2016 2.9
2016 0
2016 0
2016 0
2016 0
2016 0
2016 0
2016 0
2016 0
2016 0
2016 0
2016 0
2016 0
2016 0
2016 0
2016 0
2016 0
2016 0
2016 0
2016 0
2016 0
2016 0
2016 0
2016 0
2016 0
2016 0
2016 0
2016 0
2016 0
2016 0
2016 0
2016 0.2
2016 0.4
2016 1
2016 0.6
2016 0.2
2016 0.1
2016 0
2016 0
2016 0
2016 0
2016 0
2016 0
2016 0
2016 0
2016 0
2016 0
2016 0
2016 0
2016 0.1
2016 0
2016 0
2016 0
2016 0
2016 0
2016 0
2016 0
2016 0
2016 0.1
2016 0.3
2016 0.1
2016 0
2016 0.1
2016 0.4
2016 0.4
2016 0.5
2016 0.9
2016 0.2
2016 0.2
2016 0.2
2016 0.3
2016 0.5
2016 0.8
2016 0.5
2016 1.5
2016 1
2016 0.5
2016 0.2
2016 0.1
2016 0.1
2016 0.1
2016 0.1
2016 0
2016 0
2016 0
2016 0
2016 0
2016 0
2016 0
2016 0
2016 0.1
2016 0
2016 0
2016 0
2016 0
2016 0.1
2016 0
2016 0
2016 0
2016 0.1
2016 0
2016 0
2016 0
2016 0.1
2016 0
2016 0
2016 0
2016 0
2016 0.1
2016 0.1
2016 0
2016 0
2016 0.2
2016 0.4
2016 0.2
2016 0.3
2016 0
2016 0
2016 0
2016 0
2016 0
2016 0
2016 0
2016 0.1
2016 0.2
2016 0
2017 0
2017 0
2017 0
2017 0
2017 0
2017 0
2017 0
2017 0
2017 0
2017 0
2017 0
2017 0.1
2017 0
2017 0
2017 0
2017 0
2017 0
2017 0
2017 0
2017 0
2017 0
2017 0
2017 0
2017 0
2017 0
2017 0
2017 0
2017 0
2017 0
2017 0
2017 0
2017 0
2017 0
2017 0
2017 0
2017 0
2017 0
2017 0
2017 0
2017 0
2017 0
2017 0
2017 0
2017 0
2017 0
2017 0
2017 0
2017 0
2017 0
2017 0
2017 0
2017 0
2017 0
2017 0
2017 0
2017 0
2017 0
2017 0
2017 0
2017 0
2017 0
2017 0
2017 0
2017 0
2017 0
2017 0
2017 0
2017 0
2017 0.1
2017 1
2017 1.2
2017 1.1
2017 1.1
2017 0.4
2017 0.1
2017 0
2017 0
2017 0
2017 0
2017 0
2017 0
2017 0
2017 0
2017 0
2017 0
2017 0
2017 0
2017 0
2017 0
2017 0
2017 0
2017 0
2017 0
2017 0
2017 0
2017 0
2017 0
2017 0
2017 0
2017 0
2017 0
2017 0
2017 0
2017 0.1
2017 0
2017 0
2017 0
2017 0
2017 0.2
2017 1.2
2017 0.4
2017 0
2017 0
2017 0
2017 0
2017 0
2017 0
2017 0
2017 0
2017 0.3
2017 0.1
2017 0.1
2017 0.2
2017 0.2
2017 0.7
2017 0.3
2017 0.8
2017 0.9
2017 0.8
2017 0.1
2017 0.1
2017 0.1
2017 0
2017 0.2
2017 5.3
2017 4.1
2017 3.4
2017 3.2
2017 3
2017 2.3
2017 1.7
2017 1.9
2017 1.7
2017 1.7
2017 1.9
2017 1.9
2017 1.7
2017 1.4
2017 0.9
2017 1.1
2017 0.9
2017 0.8
2017 1.1
2017 1.1
2017 2.1
2017 2.9
2017 7.1
2017 13.5
2017 22.4
2017 19.6
2017 17.8
2017 17.7
2017 17.6
2017 29.2
2017 25.4
2017 24.6
2017 21.9
2017 20.3
2017 18
2017 16.3
2017 18.1
2017 17.4
2017 16.8
2017 14.5
2017 12.5
2017 10.9
2017 10.2
2017 11.1
2017 9.9
2017 7.7
2017 13.2
2017 33.5
2017 30.3
2017 29.4
2017 29.8
2017 32.3
2017 29.5
2017 30.3
2017 29.8
2017 26.7
2017 24.2
2017 22.6
2017 21.4
2017 19.6
2017 17.6
2017 15.4
2017 13.9
2017 9.4
2017 4.6
2017 1.4
2017 0
2017 0
2017 0
2017 0
2017 0
2017 0
2017 0
2017 0
2017 0
2017 0
2017 0
2017 0
2017 0
2017 0
2017 0
2017 0
2017 0.1
2017 0
2017 0
2017 0
2017 0
2017 0
2017 0
2017 0
2017 0
2017 0
2017 0
2017 0
2017 0
2017 0
2017 0
2017 0
2017 0
2017 0
2017 0
2017 0
2017 0
2017 0
2017 0
2017 0
2017 0
2017 0
2017 0.1
2017 0
2017 0
2017 0
2017 0
2017 0
2017 0
2017 0
2017 0
2017 0
2017 0
2017 0
2017 0
2017 0
2017 0
2017 0
2017 0
2017 0
2017 0
2017 0
2017 0
2017 0
2017 0
2017 0
2017 0
2017 0
2017 0
2017 0
2017 0
2017 0
2017 0
2017 0
2017 0
2017 0
2017 0
2017 0
2017 0
2017 0
2017 0
2017 0
2017 0
2017 0
2017 0
2017 0
2017 0
2017 0
2017 0
2017 0
2017 0
2017 0
2017 0.1
2017 0.1
2017 0
2017 0
2017 0
2017 0
2017 0
2017 0
2017 0
2017 0
2017 0
2017 0
2017 0
2017 0
2017 0
2017 0
2017 0
2017 0
2017 0
2017 0
2017 0
2017 0
2017 0
2017 0.1
2017 0
2017 0
2017 0
2017 0
2017 0
2017 0
2017 0
2017 0
2017 0
2017 0
2017 0
2017 0
2017 0
2017 0
2017 0
2017 0
2017 0
2017 0
2017 0
2017 0
2017 0
2017 0
2017 0
2017 0
2017 0
2017 0
2017 0
2017 0
2017 0
2017 0
2017 0
2017 0
2017 0
2017 0
2017 0.1
2017 0
2017 0
2017 0
2017 0
2017 0
2017 0
2017 0
2017 0
2017 0
2017 0
2017 0
2017 0
2017 0
2017 0
2018 0
2018 0
2018 0
2018 0
2018 0
2018 0
2018 0
2018 0
2018 0
2018 0
2018 0
2018 0
2018 0
2018 0
2018 0
2018 0
2018 0
2018 0
2018 0
2018 0
2018 0
2018 0
2018 0
2018 0
2018 0
2018 0
2018 0
2018 0
2018 0
2018 0
2018 0
2018 0
2018 0
2018 0
2018 0
2018 0
2018 0
2018 0
2018 0
2018 0
2018 0
2018 0
2018 0
2018 0
2018 0
2018 0
2018 0
2018 0
2018 0
2018 0
2018 0
2018 0
2018 0
2018 0
2018 0
2018 0
2018 0
2018 0
2018 0
2018 0
2018 0
2018 0
2018 0
2018 0
2018 0.7
2018 1.4
2018 1.3
2018 1.4
2018 1.7
2018 1.1
2018 0.1
2018 0.2
2018 0.5
2018 4.6
2018 1.2
2018 0
2018 0
2018 0
2018 0
2018 0.3
2018 0.1
2018 0.1
2018 0.1
2018 0.7
2018 0.6
2018 2.6
2018 1.5
2018 2.5
2018 2.6
2018 6.5
2018 15.1
2018 14.5
2018 16.9
2018 14
2018 14.3
2018 12.2
2018 9.1
2018 8.6
2018 10.5
2018 10.8
2018 10.1
2018 28
2018 30.7
2018 28.2
2018 27.5
2018 26
2018 24
2018 26.2
2018 27.1
2018 26.2
2018 26
2018 24.7
2018 26.3
2018 25.1
2018 23.2
2018 18.9
2018 19.2
2018 41
2018 81.5
2018 75.9
2018 70.9
2018 68
2018 68
2018 71.4
2018 70.1
2018 67.3
2018 67
2018 70.8
2018 69
2018 68.9
2018 61.4
2018 59.6
2018 57.4
2018 54.1
2018 46.3
2018 53.3
2018 55.5
2018 56.5
2018 54.6
2018 52.4
2018 55.2
2018 57.2
2018 51.8
2018 58.6
2018 53.1
2018 52.8
2018 56.5
2018 56.6
2018 54.2
2018 52.4
2018 51.2
2018 50.6
2018 51.1
2018 38.9
2018 56.6
2018 56
2018 69.3
2018 67.3
2018 64.5
2018 62.3
2018 63.8
2018 NA
2018 NA
2018 NA
2018 NA
2018 NA
2018 NA
2018 NA
2018 NA
2018 NA
2018 NA
2018 NA
2018 NA
2018 NA
2018 NA
2018 NA
2018 NA
2018 NA
2018 NA
2018 NA
2018 NA
2018 NA
2018 NA
2018 NA
2018 NA
2018 NA
2018 NA
2018 76.8
2018 73.9
2018 72
2018 73.2
2018 72.8
2018 73.4
2018 71.7
2018 70.6
2018 73.8
2018 81.5
2018 76.5
2018 86.2
2018 88.1
2018 89.8
2018 87.1
2018 83.9
2018 84.6
2018 82.2
2018 80.6
2018 79
2018 76.4
2018 76.3
2018 76
2018 77.6
2018 80.4
2018 87.1
2018 81
2018 80.3
2018 81.2
2018 77.2
2018 73
2018 67.7
2018 61.4
2018 57.2
2018 54.7
2018 52.1
2018 50.9
2018 48.9
2018 44.6
2018 39.9
2018 32.9
2018 22.8
2018 14.5
2018 7.5
2018 2.7
2018 0.5
2018 0
2018 0.1
2018 0.1
2018 0.2
2018 0.3
2018 0.5
2018 0.1
2018 0.2
2018 0.3
2018 0.4
2018 0.4
2018 0.7
2018 0.4
2018 0.1
2018 0.2
2018 0
2018 0.2
2018 0.4
2018 0.6
2018 1.1
2018 0.6
2018 0.6
2018 0.7
2018 1
2018 0.2
2018 0.1
2018 0.4
2018 0.2
2018 0.1
2018 0.2
2018 0.2
2018 0
2018 0.3
2018 0.3
2018 0.5
2018 1.1
2018 0.2
2018 1.1
2018 0.8
2018 1.1
2018 0.1
2018 0.9
2018 0.5
2018 0.9
2018 1.6
2018 1.3
2018 1.4
2018 0.6
2018 0.6
2018 0.6
2018 1.5
2018 1.6
2018 1.3
2018 0.5
2018 0.3
2018 0.5
2018 0.5
2018 1.9
2018 0.7
2018 1.6
2018 2.1
2018 1
2018 1.4
2018 2
2018 2.2
2018 1.2
2018 0.8
2018 0.3
2018 0
2018 0.3
2018 0.4
2018 1.1
2018 0.8
2018 0.8
2018 0.6
2018 0.9
2018 0.4
2018 0
2018 0.1
2018 0.8
2018 1
2018 0.5
2018 0.8
2018 0.8
2018 0.5
2018 1.1
2018 0.1
2018 0.4
2018 1.1
2018 2.2
2018 1.7
2018 0.2
2018 0.3
2018 0.6
2018 0.5
2018 0.1
2018 0.2
2018 0.5
2018 0.5
2018 0.7
2018 0.9
2018 0.6
2018 1.5
2018 0.9
2018 1
2018 1.1
2018 2
2018 0.8
2018 0.4
2018 0.3
2018 0.3
2018 0.8
2018 0.7
2018 0.3
2018 0.5
2018 0.2
2018 0.6
2018 1
2018 0.7
2018 0.9
2018 0.5
2018 0.1
2018 0.5
2018 1.3
2018 2
2018 1.1
2018 0.6
2018 1
2018 0.8
2018 0.8
2018 1
2018 0.3
2019 0.1
2019 0.7
2019 1.6
2019 1.2
2019 0.9
2019 1.2
2019 0.5
2019 0.5
2019 0.7
2019 0.9
2019 0.4
2019 0.4
2019 0.3
2019 0.5
2019 0.9
2019 0.6
2019 0.8
2019 0.5
2019 0.4
2019 0.1
2019 0.5
2019 0.7
2019 0.9
2019 0.7
2019 0.6
2019 0.5
2019 0.1
2019 0.1
2019 0.5
2019 0.6
2019 0.4
2019 0.7
2019 0.5
2019 0.6
2019 0.4
2019 0.6
2019 0.2
2019 0.3
2019 0.3
2019 0.6
2019 0.5
2019 0.6
2019 0.3
2019 0.5
2019 0.9
2019 1
2019 1.2
2019 0.8
2019 0.5
2019 0.1
2019 0
2019 0
2019 0
2019 0
2019 0
2019 0
2019 1
2019 1.3
2019 2
2019 1.4
2019 1.3
2019 1.3
2019 1.3
2019 1
2019 1
2019 1.2
2019 1.1
2019 1.2
2019 1
2019 1.1
2019 0.9
2019 1.8
2019 0.6
2019 0.3
2019 0.1
2019 0.2
2019 0.6
2019 0.8
2019 1
2019 2.5
2019 5.1
2019 4.1
2019 2.4
2019 1.8
2019 4.4
2019 4.2
2019 2
2019 0
2019 0.1
2019 0.1
2019 0.5
2019 0.1
2019 0.5
2019 0.6
2019 0.6
2019 0
2019 0
2019 0
2019 0
2019 0
2019 0
2019 0
2019 0
2019 0
2019 4.8
2019 1.7
2019 2.5
2019 2
2019 1.5
2019 2.3
2019 4.3
2019 3.2
2019 2.9
2019 2.4
2019 1.9
2019 1.5
2019 0.6
2019 0.4
2019 0.2
2019 0.3
2019 0.6
2019 0.4
2019 0.6
2019 1.5
2019 1.7
2019 1.7
2019 1.4
2019 1.4
2019 1.5
2019 1.7
2019 1.7
2019 1.8
2019 1.8
2019 1.3
2019 1.3
2019 3.4
2019 3.5
2019 2.1
2019 2.3
2019 5.4
2019 4.1
2019 5.3
2019 5.4
2019 5.6
2019 8.1
2019 7.6
2019 8.4
2019 6.2
2019 8.6
2019 20.8
2019 14.5
2019 11.3
2019 14.9
2019 30.6
2019 47.8
2019 57
2019 54.4
2019 49.4
2019 46.2
2019 47.7
2019 48.9
2019 48.5
2019 50
2019 56
2019 45.7
2019 43.3
2019 43.4
2019 42.8
2019 41.5
2019 41.2
2019 41.1
2019 40.8
2019 41.3
2019 39.3
2019 37.1
2019 36.2
2019 35.4
2019 34.1
2019 33.1
2019 32
2019 29.2
2019 28.4
2019 27.7
2019 27.6
2019 27.6
2019 28.3
2019 29.4
2019 31.6
2019 32.2
2019 31.1
2019 29
2019 28
2019 27.9
2019 27.6
2019 27.3
2019 25.2
2019 21.9
2019 20.9
2019 25.6
2019 23.6
2019 23
2019 21.5
2019 19.6
2019 16.7
2019 12.5
2019 9.8
2019 9.3
2019 7.3
2019 4.7
2019 3.2
2019 0.9
2019 0.2
2019 0
2019 0
2019 0.3
2019 7.5
2019 21.1
2019 18.2
2019 14.7
2019 13.5
2019 11.3
2019 7.8
2019 5.8
2019 3.5
2019 0.7
2019 1.4
2019 0.2
2019 0
2019 0
2019 0
2019 0
2019 0
2019 0
2019 0
2019 0
2019 0
2019 0
2019 0
2019 0
2019 9
2019 18.6
2019 3.3
2019 0
2019 0
2019 0
2019 0
2019 6.9
2019 3.4
2019 0
2019 0
2019 0
2019 0
2019 0
2019 0
2019 0
2019 0
2019 0
2019 0
2019 0
2019 0
2019 0
2019 0
2019 0
2019 0
2019 0
2019 0
2019 0
2019 0
2019 0
2019 0
2019 0
2019 0
2019 0
2019 0
2019 0
2019 0
2019 0
2019 0
2019 0
2019 0
2019 0
2019 0
2019 0
2019 0
2019 0
2019 0
2019 0
2019 0.1
2019 0.1
2019 0
2019 0
2019 0.2
2019 0.1
2019 0.3
2019 0.3
2019 0.2
2019 0.7
2019 0.6
2019 0.2
2019 0.5
2019 0.4
2019 2.5
2019 1.2
2019 1.3
2019 0.9
2019 3
2019 2.3
2019 0.9
2019 2
2019 3.7
2019 3.7
2019 6.5
2019 2.9
2019 1.1
2019 0
2019 0
2019 0
2019 0
2019 0
2019 0
2019 0
2019 0
2019 0
2019 0
2019 0
2019 0
2019 0.1
2019 0.8
2019 0.6
2019 1.3
2019 1.1
2019 1.2
2019 1.2
2019 2
2019 2.3
2019 2.5
2019 1.3
2019 1.5
2019 2.3
2019 2.6
2019 3.1
2019 2.9
2019 2.7
2019 4.4
2019 3.1
2019 4.7
2019 4.9
2019 4.3
2019 6.4
2019 6.7
2019 5.6
2019 6.4
2019 7.2
2019 8.7
2019 7.5
2019 6.7
2019 7.6
2019 7.7
2019 8.3
2019 8.3
2019 8.7
2019 8.7
2019 8.4
2019 8.2
2019 11.1
2020 10.2
2020 11.8
2020 10.6
2020 10
2020 8.9
2020 11.3
2020 12.1
2020 10.3
2020 9.7
2020 10.6
2020 9.9
2020 9
2020 10.3
2020 12.1
2020 11.9
2020 4.2
2020 0
2020 0
2020 0
2020 0
2020 0
2020 0
2020 0
2020 0
2020 0
2020 0
2020 0
2020 0
2020 0
2020 0
2020 0
2020 0
2020 0
2020 0
2020 0
2020 0
2020 0
2020 0.1
2020 0.4
2020 0.6
2020 0.6
2020 1.1
2020 0.9
2020 0.4
2020 1.1
2020 0.9
2020 0.6
2020 0.8
2020 1.6
2020 2.5
2020 1.6
2020 1.1
2020 0.4
2020 0.1
2020 0.6
2020 0.5
2020 0
2020 0.1
2020 3.5
2020 2.8
2020 0.6
2020 1.6
2020 1.1
2020 0.8
2020 1.8
2020 1.3
2020 1.5
2020 1.4
2020 13.5
2020 15.9
2020 11.3
2020 14.2
2020 17
2020 17.2
2020 16.6
2020 18.6
2020 17
2020 15.9
2020 14.1
2020 21.3
2020 19.9
2020 19.6
2020 19.3
2020 18.4
2020 17.4
2020 14.3
2020 12.3
2020 12.9
2020 12
2020 12.6
2020 13.4
2020 13.1
2020 19.4
2020 17.2
2020 16.8
2020 17.2
2020 18.3
2020 17.9
2020 18
2020 18.8
2020 19.8
2020 18.7
2020 21.3
2020 20.9
2020 19.2
2020 18.8
2020 19.6
2020 15.5
2020 13.7
2020 13.8
2020 13.2
2020 19.7
2020 22
2020 22.3
2020 22.8
2020 23.4
2020 22.4
2020 22.7
2020 22.1
2020 20.7
2020 20
2020 20
2020 18.6
2020 18.8
2020 20.4
2020 21.9
2020 21.1
2020 20.4
2020 19.9
2020 19.6
2020 19.3
2020 20.4
2020 20.1
2020 18.9
2020 20
2020 20.8
2020 20.4
2020 19.7
2020 20.4
2020 21.2
2020 22.4
2020 22.2
2020 22.1
2020 21.2
2020 22.5
2020 23.5
2020 24.8
2020 23.4
2020 24.1
2020 26.7
2020 27.4
2020 25.4
2020 25
2020 24.8
2020 23.5
2020 21.6
2020 21.5
2020 21.4
2020 20.9
2020 20.5
2020 20.9
2020 21.2
2020 19
2020 16.6
2020 16.7
2020 16.9
2020 17.5
2020 16
2020 16.1
2020 15.9
2020 14.4
2020 12.3
2020 14.1
2020 13.2
2020 12.1
2020 8.1
2020 6.1
2020 7.1
2020 6.6
2020 6.3
2020 6.6
2020 6.9
2020 7.5
2020 18.7
2020 48.6
2020 49.3
2020 46
2020 50.8
2020 44
2020 41.5
2020 41.6
2020 38.9
2020 31.8
2020 27.7
2020 25.9
2020 27.2
2020 28.5
2020 25.1
2020 23.1
2020 20.1
2020 17
2020 14.4
2020 11.7
2020 10.3
2020 9.4
2020 8.8
2020 9.5
2020 9
2020 8.8
2020 6.9
2020 5.2
2020 7.5
2020 14.8
2020 10.7
2020 8.2
2020 4.7
2020 2.4
2020 1.3
2020 0.6
2020 0.7
2020 0.3
2020 0.1
2020 0
2020 0.1
2020 0.1
2020 0.3
2020 0.4
2020 0.2
2020 0.1
2020 0
2020 0
2020 0.1
2020 0.4
2020 0.1
2020 0.1
2020 0
2020 0
2020 0
2020 0.3
2020 0.3
2020 0.7
2020 0.3
2020 0.1
2020 1.1
2020 0.5
2020 0.7
2020 0.5
2020 0.9
2020 0.8
2020 0.5
2020 1
2020 0.9
2020 3.1
2020 3.9
2020 4.3
2020 5.8
2020 5.6
2020 6.1
2020 7.5
2020 7.5
2020 3.1
2020 0.3
2020 0
2020 0.4
2020 0.3
2020 0.4
2020 0
2020 0.1
2020 0.1
2020 0.2
2020 0.4
2020 0.6
2020 0.7
2020 0.7
2020 0.3
2020 0.3
2020 0.7
2020 2.8
2020 2.3
2020 3.8
2020 5.8
2020 5.1
2020 5.4
2020 1.6
2020 0.1
2020 0.1
2020 0
2020 0.4
2020 0.3
2020 0.3
2020 0.6
2020 0.6
2020 0.8
2020 0.1
2020 0.1
2020 0.1
2020 0.9
2020 2.3
2020 3.2
2020 3.8
2020 4.2
2020 4.1
2020 5.1
2020 7.8
2020 7.5
2020 6.6
2020 7.2
2020 8.6
2020 7.7
2020 8.8
2020 9.2
2020 9.4
2020 9.8
2020 11.9
2020 15.5
2020 13.6
2020 14.7
2020 17.2
2020 15.2
2020 16.3
2020 15.7
2020 15.8
2020 16.9
2020 10.1
2020 0.5
2020 0.4
2020 0.7
2020 1.5
2020 0.5
2020 1.1
2020 0.5
2020 0.8
2020 1.4
2020 1.7
2020 1.9
2020 2.6
2020 5.1
2020 4
2020 3.4
2020 4.1
2020 4.1
2020 4.4
2020 5.6
2020 5.2
2020 6.7
2020 6.6
2020 6.9
2020 8.6
2020 8.7
2020 8.4
2020 9.7
2020 11
2020 9.9
2020 10.4
2020 12.4
2020 12.7
2020 12.4
2020 14.1
2020 14.3
2020 14.6
2020 8.7
2020 1.2
2020 2
2020 2.4
2020 2.1
2020 1.5
2021 1
2021 1.2
2021 1.1
2021 0.4
2021 0.7
2021 1.6
2021 1.4
2021 1.3
2021 0.5
2021 0.8
2021 1.3
2021 1.3
2021 1.6
2021 1.9
2021 1.1
2021 0.9
2021 1.4
2021 2.2
2021 2.5
2021 2.6
2021 3.5
2021 3.8
2021 4.4
2021 4.4
2021 4.1
2021 3.3
2021 3
2021 4.1
2021 3.9
2021 2.8
2021 3
2021 4.2
2021 4.5
2021 3.8
2021 3.4
2021 4.2
2021 3.3
2021 2.7
2021 3.3
2021 2.9
2021 3.4
2021 3.8
2021 2.7
2021 2
2021 3.7
2021 2.5
2021 3.1
2021 3
2021 3.9
2021 2.6
2021 2.9
2021 2.6
2021 3.7
2021 2.7
2021 3
2021 3.1
2021 1.6
2021 2
2021 2.4
2021 1.1
2021 0.6
2021 0.5
2021 0.4
2021 0.6
2021 0.9
2021 0.5
2021 1.3
2021 0.3
2021 0.1
2021 0.3
2021 0.3
2021 0.1
2021 0.2
2021 0.4
2021 0.3
2021 0.1
2021 0.5
2021 0.1
2021 0
2021 0.2
2021 0.5
2021 0.1
2021 0
2021 0.3
2021 0
2021 0
2021 0.1
2021 0.2
2021 0.8
2021 0.7
2021 0.9
2021 1.7
2021 8.2
2021 16.1
2021 22.5
2021 62.5
2021 44.4
2021 59.8
2021 72.6
2021 82
2021 76
2021 71.4
2021 70.6
2021 68.4
2021 62.1
2021 61.7
2021 61.8
2021 57
2021 57.5
2021 58.8
2021 59.1
2021 59.9
2021 59.6
2021 59.2
2021 59.6
2021 60.3
2021 60.7
2021 59.3
2021 86.6
2021 103.2
2021 103.7
2021 98.8
2021 102.6
2021 131.1
2021 137.2
2021 129
2021 125.8
2021 123.4
2021 120
2021 115.2
2021 113.3
2021 110.9
2021 105.5
2021 106.7
2021 105.4
2021 103.5
2021 105.4
2021 103.6
2021 103.1
2021 99.1
2021 96.9
2021 96.8
2021 96.7
2021 119.3
2021 146.6
2021 144.7
2021 139.5
2021 135.4
2021 131.2
2021 128.8
2021 127.5
2021 124.9
2021 127.1
2021 126.1
2021 124
2021 124.1
2021 121.1
2021 118.6
2021 118.6
2021 121.6
2021 126
2021 125.4
2021 134.6
2021 137.2
2021 135.8
2021 132.4
2021 128.7
2021 130
2021 127.9
2021 123.8
2021 121.1
2021 120.4
2021 118.6
2021 116.9
2021 113.6
2021 111.5
2021 109.1
2021 108
2021 107.2
2021 106.8
2021 104.7
2021 101.7
2021 100.9
2021 99.7
2021 98.9
2021 96.5
2021 95.6
2021 94.5
2021 92.5
2021 89.1
2021 89.9
2021 91.7
2021 89.6
2021 87
2021 90.1
2021 88.2
2021 87
2021 86.5
2021 85.8
2021 85.1
2021 84.5
2021 84.9
2021 85.1
2021 83.9
2021 80.7
2021 77.6
2021 75.2
2021 74.1
2021 71.2
2021 66.5
2021 62.7
2021 59.3
2021 54.7
2021 49.3
2021 47.9
2021 46
2021 43.8
2021 42
2021 41.7
2021 42
2021 41.2
2021 37.4
2021 41.5
2021 43.2
2021 51.3
2021 47.2
2021 55.8
2021 50.4
2021 46.6
2021 44
2021 46.9
2021 43
2021 41.3
2021 37.5
2021 31.9
2021 25.3
2021 17.7
2021 14.9
2021 13.7
2021 9.5
2021 4.9
2021 1.1
2021 0
2021 0.1
2021 0
2021 0
2021 0
2021 0
2021 0
2021 0
2021 0
2021 0
2021 0.1
2021 0.4
2021 0.3
2021 0.5
2021 0.6
2021 0.5
2021 0.5
2021 0.5
2021 0.8
2021 1.2
2021 1
2021 2.1
2021 2.4
2021 3.7
2021 3.3
2021 2.9
2021 3.7
2021 3.4
2021 4.2
2021 4.4
2021 6.1
2021 9.5
2021 7.9
2021 10.1
2021 11.4
2021 11.4
2021 15.7
2021 17.4
2021 17.7
2021 16.7
2021 20.2
2021 22
2021 20.9
2021 19.6
2021 24.6
2021 33.3
2021 35.4
2021 46.4
2021 42.4
2021 40.6
2021 45.4
2021 47.2
2021 49.2
2021 49.4
2021 53.9
2021 26.2
2021 2.1
2021 3
2021 0.8
2021 1.8
2021 2.3
2021 2.1
2021 2.1
2021 2.7
2021 4.1
2021 2.4
2021 2.6
2021 2.6
2021 4.7
2021 2.9
2021 2.9
2021 3.4
2021 4.6
2021 5.4
2021 5.4
2021 6.5
2021 6.8
2021 4.1
2021 5.3
2021 5.3
2021 6.7
2021 7.2
2021 9.2
2021 3.6
2021 1.8
2021 1.4
2021 0.6
2021 0.7
2021 0.3
2021 0.6
2021 0.9
2021 1.9
2021 1.1
2021 0.4
2021 1.1
2021 1.6
2021 0.4
2021 0.9
2021 0.8
2021 1.3
2021 0.7
2021 0.8
2021 1.4
2021 2.4
2021 2.6
2021 1.9
2021 3.2
2021 4.1
2021 3.5
2021 5.1
2021 4.9
2021 5.5
2021 6.6
2021 7
2021 7.9
2021 7.3
2021 9
2021 8.5
2021 8.3
2021 9.9
2021 9.4
2021 10.8
2021 10.2
2022 10.4
2022 10.8
2022 12
2022 11.8
2022 11.4
2022 12.5
2022 14.1
2022 14.4
2022 13.5
2022 6.3
2022 0.1
2022 0.1
2022 0
2022 0
2022 0.1
2022 1.4
2022 1.1
2022 1.1
2022 1.6
2022 1.1
2022 1.2
2022 1.1
2022 0.6
2022 0.8
2022 1.8
2022 1.5
2022 1.8
2022 1.5
2022 2.2
2022 3.6
2022 2.6
2022 3.9
2022 3.1
2022 3.8
2022 3.2
2022 3.2
2022 2.6
2022 2.2
2022 2.7
2022 2.9
2022 2.6
2022 3
2022 3.2
2022 3.5
2022 3.4
2022 2.3
2022 2.3
2022 2.4
2022 2.6
2022 3.5
2022 2.7
2022 3
2022 2.2
2022 2
2022 2.7
2022 3.1
2022 2.4
2022 2.3
2022 2.7
2022 2.7
2022 2.4
2022 1.8
2022 2.3
2022 2.4
2022 1.6
2022 1.7
2022 1.1
2022 0.6
2022 1.2
2022 0.8
2022 0.7
2022 0.4
2022 0.3
2022 1.1
2022 1.4
2022 0.2
2022 1.2
2022 1.9
2022 1.1
2022 0.6
2022 0.2
2022 0.6
2022 1.6
2022 0.7
2022 0.6
2022 1.3
2022 0.8
2022 4.9
2022 20.6
2022 28.4
2022 21.9
2022 18.5
2022 18.6
2022 15.6
2022 14.7
2022 14.8
2022 14.7
2022 12.9
2022 21.3
2022 38.7
2022 35.3
2022 30.2
2022 24.6
2022 21.4
2022 18.3
2022 17.6
2022 17.2
2022 17.3
2022 18.6
2022 18.1
2022 15.4
2022 15.5
2022 15.8
2022 16.7
2022 16.7
2022 17
2022 17.5
2022 15
2022 14.8
2022 16.1
2022 12.2
2022 8.4
2022 8.5
2022 8
2022 8.7
2022 9.6
2022 13.3
2022 18.8
2022 17
2022 16.9
2022 17.4
2022 16.3
2022 14.7
2022 13.3
2022 13.8
2022 13.3
2022 12.7
2022 13.9
2022 15
2022 12.9
2022 12.9
2022 14.5
2022 14.8
2022 13
2022 11.6
2022 12
2022 12.1
2022 10.6
2022 9.7
2022 9.9
2022 8.4
2022 7.3
2022 7.3
2022 7.6
2022 7.9
2022 7.6
2022 8.4
2022 7.4
2022 6.3
2022 7.7
2022 5.3
2022 2.9
2022 2.9
2022 3.2
2022 3
2022 3
2022 3.5
2022 18.8
2022 27
2022 21.4
2022 12.6
2022 11.6
2022 11.4
2022 12.4
2022 10.5
2022 8.6
2022 7.9
2022 7.2
2022 8.2
2022 6.8
2022 6.8
2022 6.9
2022 7.2
2022 6.7
2022 6.7
2022 7.2
2022 7.6
2022 7.2
2022 7.1
2022 7
2022 6.7
2022 6.1
2022 5.7
2022 4.4
2022 2.4
2022 1.8
2022 1.4
2022 2.2
2022 2.4
2022 2.1
2022 2.4
2022 2.2
2022 1.8
2022 1.3
2022 1.2
2022 0.9
2022 0.6
2022 0.6
2022 0.6
2022 0.8
2022 1.2
2022 0.8
2022 3.8
2022 22.3
2022 24.8
2022 20.3
2022 16.1
2022 8.7
2022 3.5
2022 0.9
2022 0.7
2022 0.5
2022 0.4
2022 0.3
2022 0.2
2022 0
2022 0
2022 0
2022 0
2022 0
2022 0
2022 0
2022 0
2022 0
2022 0.4
2022 0.6
2022 0.4
2022 0.7
2022 0
2022 0.2
2022 0.4
2022 0.6
2022 1
2022 0.9
2022 0.4
2022 0.5
2022 0.3
2022 0.4
2022 0.7
2022 1.1
2022 1.7
2022 1.3
2022 0.8
2022 1.3
2022 3.2
2022 5.1
2022 5.3
2022 6.1
2022 5.3
2022 8.5
2022 6
2022 0.8
2022 0.6
2022 0.9
2022 1.8
2022 1.9
2022 2.8
2022 3.5
2022 4.8
2022 5.5
2022 7.2
2022 6.6
2022 7.1
2022 8
2022 9.8
2022 12.4
2022 11.9
2022 13.3
2022 15.3
2022 18.1
2022 17.3
2022 19.6
2022 20.8
2022 21.6
2022 22.3
2022 24.4
2022 27.2
2022 28.2
2022 23.3
2022 26.7
2022 29.5
2022 30.5
2022 15.2
2022 0.4
2022 0.2
2022 0.1
2022 0.4
2022 0.2
2022 0.2
2022 0.7
2022 1.5
2022 1.7
2022 2.2
2022 2.5
2022 3.4
2022 4.2
2022 5.1
2022 5.3
2022 6.5
2022 6.4
2022 4.8
2022 7.2
2022 6.4
2022 6.8
2022 8
2022 4.7
2022 0.4
2022 0.4
2022 0.9
2022 0.5
2022 1.2
2022 0.8
2022 1.2
2022 1
2022 2
2022 3.1
2022 5.5
2022 5.3
2022 7.4
2022 7.3
2022 7.1
2022 7
2022 7.2
2022 7.5
2022 8.3
2022 10
2022 9.7
2022 12.4
2022 12.3
2022 13.6
2022 15.4
2022 14.5
2022 6.6
2022 0.7
2022 0.3
2022 0.7
2022 0
2022 0.1
2022 0.4
2022 0.4
2022 1
2022 1.8
2022 2.2
2022 1
2022 1.4
2022 1.3
2022 1.4
2022 3.4
2022 4
2022 3.9
2022 5.3
2022 6.4
2022 5.9
2022 7.1
2022 6.8
2023 7
2023 8.4
2023 8.9
2023 7.5
2023 4.1
2023 0
2023 0
2023 0.1
2023 0.1
2023 0.1
2023 0.1
2023 0
2023 0.2
2023 0.5
2023 0.3
2023 0.6
2023 0.5
2023 0.4
2023 0.1
2023 0
2023 0.4
2023 1.1
2023 0.6
2023 1.4
2023 0.4
2023 0.2
2023 0.7
2023 1.1
2023 1.5
2023 0.7
2023 0.7
2023 0.2
2023 0.1
2023 0.4
2023 1.1
2023 0.4
2023 0.1
2023 0.1
2023 1.2
2023 0.5
2023 0.4
2023 0.4
2023 0
2023 0.6
2023 1
2023 0.5
2023 0.4
2023 0.5
2023 0.3
2023 0.6
2023 0.8
2023 0.5
2023 0.5
2023 1
2023 0.1
2023 0.3
2023 0.1
2023 0
2023 0
2023 0
2023 0
2023 0.1
2023 0.1
2023 0.3
2023 0.2
2023 0.1
2023 0
2023 0
2023 0
2023 0
2023 0.1
2023 0
2023 0
2023 0.5
2023 1.1
2023 0.6
2023 0.9
2023 0.3
2023 0.3
2023 0.2
2023 0.2
2023 0.4
2023 8.1
2023 9.5
2023 7.2
2023 6.8
2023 7.7
2023 6.7
2023 8.8
2023 10.8
2023 9.4
2023 9
2023 13.7
2023 13.8
2023 12.6
2023 14.2
2023 13.1
2023 10.1
2023 11.7
2023 22
2023 27.3
2023 35.4
2023 35.4
2023 34.7
2023 32.7
2023 34.1
2023 44.2
2023 36.8
2023 33.3
2023 35.9
2023 36
2023 37
2023 35.1
2023 33
2023 33.5
2023 34.3
2023 34.4
2023 34.9
2023 34.9
2023 34.4
2023 35
2023 31.6
2023 30.9
2023 29.2
2023 28.9
2023 28.5
2023 28.9
2023 27.7
2023 28.5
2023 29.6
2023 43.3
2023 41.1
2023 39.6
2023 39.7
2023 40.4
2023 40.5
2023 41.2
2023 43
2023 49.1
2023 47.9
2023 45.3
2023 45.1
2023 47.3
2023 44.5
2023 54.1
2023 65.1
2023 59.6
2023 55.5
2023 54.2
2023 52.8
2023 50.2
2023 50.4
2023 51.4
2023 51.2
2023 50.4
2023 49.2
2023 47.4
2023 48
2023 47.6
2023 45.1
2023 45.9
2023 45.4
2023 44.2
2023 44.3
2023 42.6
2023 39.5
2023 40.2
2023 39.5
2023 39.6
2023 38.7
2023 35.8
2023 33
2023 31.1
2023 28.2
2023 26.2
2023 25.9
2023 25.7
2023 24.5
2023 23.5
2023 22.5
2023 21.8
2023 21.1
2023 24.2
2023 23.1
2023 21.7
2023 21.6
2023 22.8
2023 21.5
2023 20.4
2023 16.6
2023 14
2023 10.5
2023 7.3
2023 6.6
2023 4
2023 2.1
2023 0.9
2023 0
2023 0
2023 0.1
2023 0
2023 0
2023 0
2023 0
2023 0
2023 0
2023 0
2023 0.1
2023 0
2023 0
2023 0
2023 0.2
2023 0.2
2023 0
2023 0
2023 0
2023 0
2023 0
2023 0
2023 0
2023 0
2023 0
2023 0
2023 0
2023 2.2
2023 5.8
2023 0
2023 0
2023 0.1
2023 0
2023 0
2023 0.3
2023 0.7
2023 0.1
2023 0.2
2023 0.1
2023 0.1
2023 0.1
2023 0.1
2023 0.3
2023 0.1
2023 0.7
2023 0.6
2023 0.8
2023 0.6
2023 0.7
2023 1.2
2023 1.6
2023 1.3
2023 2.9
2023 4.1
2023 4.1
2023 5.4
2023 4.7
2023 5.4
2023 6.3
2023 5.5
2023 5.6
2023 7.7
2023 8.7
2023 8.4
2023 11.1
2023 10.5
2023 5.9
2023 0.6
2023 0.7
2023 0.6
2023 0.6
2023 1.4
2023 1.5
2023 1.6
2023 2.3
2023 2.9
2023 3.7
2023 4.8
2023 6.1
2023 8
2023 9.5
2023 9.6
2023 10.1
2023 12.1
2023 11.1
2023 13
2023 14.7
2023 15.9
2023 18
2023 19.4
2023 20.7
2023 16.8
2023 18.5
2023 23
2023 24.1
2023 14.2
2023 0.2
2023 0.4
2023 0.2
2023 0.1
2023 0.5
2023 0.5
2023 1.6
2023 2.8
2023 3.1
2023 4.4
2023 5.1
2023 5.9
2023 7.2
2023 5.5
2023 7.7
2023 7.2
2023 8.1
2023 9.1
2023 8.2
2023 8.8
2023 11.3
2023 10.9
2023 11.2
2023 11.3
2023 11.3
2023 12.6
2023 13.8
2023 14.5
2023 14.7
2023 8.8
2023 0.1
2023 0
2023 0
2023 0.4
2023 0.3
2023 0.1
2023 0.3
2023 0.9
2023 1.3
2023 1.6
2023 2.3
2023 3.7
2023 3.7
2023 4.1
2023 4.4
2023 3.5
2023 2.6
2023 3.4
2023 3.5
2023 5
2023 5.1
2023 4.5
2023 5.2
2023 5.1
2023 6.2
2023 7.3
2023 7
2023 7.6
2023 7.9
2023 7.6
2023 8.8
2023 8.9
2023 9.2
2023 10.2
2023 11
2023 12
2023 11.8
2023 12.2
2023 13.8
2023 13.6
2023 4.7
2023 0.1
2024 0.4
2024 0.3
2024 0.2
2024 0.1
2024 0.3
2024 0.1
2024 0.4
2024 0.7
2024 0.7
2024 1.1
2024 1.1
2024 1.2
2024 3.6
2024 2.9
2024 3.5
2024 3.9
2024 4
2024 4.7
2024 4.6
2024 6
2024 5.5
2024 6
2024 5.5
2024 5.5
2024 4.9
2024 4.6
2024 4.2
2024 4
2024 5.2
2024 5.2
2024 5.5
2024 5.2
2024 5.1
2024 7
2024 7.4
2024 6.2
2024 4.9
2024 4.3
2024 3.5
2024 4.2
2024 4.4
2024 5
2024 5.3
2024 6.1
2024 5.3
2024 5.8
2024 5.9
2024 5.6
2024 5.4
2024 5.1
2024 4.3
2024 4.2
2024 4.8
2024 5.4
2024 5.2
2024 3.8
2024 3.2
2024 2.4
2024 3.7
2024 4.3
2024 3.7
2024 4.2
2024 4.3
2024 3.6
2024 2.9
2024 6.6
2024 3.7
2024 1.1
2024 1.5
2024 1.7
2024 2.6
2024 1.6
2024 1.6
2024 1
2024 0.9
2024 1.1
2024 1.5
2024 2
2024 1.9
2024 1.2
2024 0.9
2024 1.5
2024 1.8
2024 0.5
2024 0.9
2024 1.9
2024 1.3
2024 1.8
2024 1
2024 1.9
2024 2.4
2024 1.1
2024 5.6
2024 7.4
2024 7
2024 5.1
2024 5.6
2024 5.9
2024 6.1
2024 5.5
2024 5.5
2024 4.9
2024 4.6
2024 5.6
2024 5.8
2024 5.9
2024 4.8
2024 3.9
2024 3.7
2024 3.7
2024 5.2
2024 4.6
2024 8.7
2024 9
2024 6.4
2024 5.3
2024 6.1
2024 5
2024 5.9
2024 5.9
2024 5.8
2024 7
2024 14.2
2024 12.9
2024 11.7
2024 12.8
2024 14.6
2024 29.3
2024 26.8
2024 28
2024 27.9
2024 25.8
2024 22.9
2024 22.9
2024 22.9
2024 24.6
2024 24.7
2024 23.9
2024 25.5
2024 26.3
2024 25.5
2024 24.7
2024 24.3
2024 25
2024 25.2
2024 24.1
2024 23.4
2024 20.8
2024 20.4
2024 20
2024 19.6
2024 19.6
2024 18.7
2024 17.7
2024 16.6
2024 12.9
2024 9.5
2024 7.5
2024 7.2
2024 7.9
2024 6.1
2024 5.9
2024 7.4
2024 7.8
2024 8.3
2024 8.5
2024 7.9
2024 6.4
2024 3.2
2024 1.2
2024 1.4
2024 2
2024 1.9
2024 1.7
2024 1
2024 21.8
2024 42.1
2024 48.4
2024 45.7
2024 60.2
2024 54.8
2024 43.5
2024 36.4
2024 32.6
2024 30
2024 26.2
2024 23.1
2024 28.6
2024 25.9
2024 31.6
2024 33.4
2024 36.3
2024 37.8
2024 38.3
2024 34.7
2024 32.9
2024 31.6
2024 29.5
2024 26.6
2024 25.9
2024 22.4
2024 19.1
2024 15.6
2024 11.7
2024 9
2024 8.1
2024 8.2
2024 7.6
2024 5.9
2024 9.8
2024 12.6
2024 9.2
2024 5.7
2024 1.4
2024 0
2024 0.2
2024 0.1
2024 0.1
2024 0
2024 0
2024 0
2024 0
2024 0.1
2024 0
2024 0
2024 0
2024 0
2024 0.2
2024 0.4
2024 0.4
2024 0.3
2024 0.1
2024 0.1
2024 0.5
2024 3.1
2024 4.3
2024 0.4
2024 0.1
2024 0.6
2024 0.6
2024 0.3
2024 0
2024 0.1
2024 0.8
2024 1.4
2024 1.3
2024 1.5
2024 1.3
2024 2.4
2024 3.9
2024 4.4
2024 3.7
2024 4.4
2024 4.7
2024 6.8
2024 8.3
2024 7.5
2024 9.9
2024 10.3
2024 12.1
2024 12
2024 11
2024 10.8
2024 16.3
2024 17.1
2024 20.8
2024 20.6
2024 22.2
2024 19.1
2024 20.4
2024 21.9
2024 19.3
2024 23.1
2024 23.7
2024 23.6
2024 23.3
2024 27
2024 25
2024 26.8
2024 30.4
2024 NA
2024 NA
2024 NA
2024 NA
2024 NA
2024 NA
2024 NA
2024 NA
2024 NA
2024 NA
2024 NA
2024 NA
2024 NA
2024 NA
2024 NA
2024 NA
2024 NA
2024 NA
2024 NA
2024 NA
2024 NA
2024 NA
2024 NA
2024 NA
2024 NA
2024 NA
2024 NA
2024 NA
2024 NA
2024 NA
2024 NA
2024 NA
2024 NA
2024 NA
2024 NA
2024 NA
2024 NA
2024 NA
2024 NA
2024 NA
2024 NA
2024 NA
2024 NA
2024 NA
2024 NA
2024 NA
2024 NA
2024 NA
2024 NA
2024 NA
2024 NA
2024 NA
2024 NA
2024 NA
2024 NA
2024 NA
2024 NA
2024 NA
2024 NA
2024 NA
2024 NA
2024 NA
2024 NA
2024 NA
2024 NA
2024 NA
2024 NA
2024 NA
2024 NA
2024 NA
2024 NA
2024 NA
2024 NA
2024 NA
2024 NA
2024 NA
2024 NA
2024 NA
2024 NA
2024 NA
2024 NA
2024 NA
2024 NA
2024 NA
2024 NA
2024 NA
