1993 NA
1993 NA
1993 NA
1993 NA
1993 NA
1993 NA
1993 NA
1993 NA
1993 NA
1993 NA
1993 NA
1993 NA
1993 NA
1993 NA
1993 NA
1993 NA
1993 NA
1993 NA
1993 NA
1993 NA
1993 NA
1993 NA
1993 NA
1993 NA
1993 NA
1993 NA
1993 NA
1993 NA
1993 NA
1993 NA
1993 0
1993 0
1993 0
1993 0
1993 0
1993 0
1993 0
1993 0
1993 0
1993 0
1993 0
1993 0
1993 0
1993 0
1993 0
1993 0
1993 0
1993 0
1993 0
1993 0
1993 0
1993 0
1993 0
1993 0
1993 5
1993 0
1993 0
1993 0
1993 0
1993 0
1993 0
1993 0
1993 0
1993 0
1993 0
1993 0
1993 0
1993 0
1993 0
1993 0
1993 0
1993 0
1993 0
1993 0
1993 18
1993 8
1993 0
1993 4
1993 3
1993 0
1993 0
1993 0
1993 0
1993 0
1993 0
1993 0
1993 0
1993 0
1993 0
1993 0
1993 0
1993 0
1993 0
1993 0
1993 0
1993 1
1993 0
1993 0
1993 1
1993 0
1993 0
1993 0
1993 0
1993 0
1993 0
1993 0
1993 0
1993 0
1993 0
1993 0
1993 0
1993 0
1993 0
1993 0
1993 0
1993 0
1993 0
1993 0
1993 0
1993 0
1993 0
1993 0
1993 0
1993 0
1993 0
1993 0
1993 0
1993 0
1993 0
1993 0
1993 0
1993 0
1993 0
1993 0
1993 0
1993 0
1993 0
1993 0
1993 0
1993 0
1993 0
1993 0
1993 0
1993 0
1993 0
1993 0
1993 0
1993 0
1993 0
1993 0
1993 0
1993 0
1993 0
1993 0
1993 0
1993 0
1993 0
1993 0
1993 0
1993 0
1993 0
1993 0
1993 0
1993 0
1993 0
1993 0
1993 0
1993 0
1993 0
1993 0
1993 0
1993 0
1993 0
1993 0
1993 10
1993 8
1993 7
1993 6
1993 5
1993 4
1993 9
1993 0
1993 0
1993 0
1993 0
1993 0
1993 0
1993 0
1993 0
1993 4
1993 0
1993 0
1993 0
1993 0
1993 0
1993 0
1993 0
1993 0
1993 0
1993 0
1993 0
1993 0
1993 0
1993 0
1993 0
1993 0
1993 0
1993 0
1993 0
1993 0
1993 0
1993 0
1993 0
1993 22
1993 10
1993 0
1993 0
1993 0
1993 0
1993 0
1993 0
1993 0
1993 0
1993 0
1993 0
1993 0
1993 0
1993 0
1993 0
1993 0
1993 0
1993 0
1993 0
1993 0
1993 0
1993 0
1993 0
1993 0
1993 0
1993 0
1993 0
1993 0
1993 0
1993 0
1993 0
1993 0
1993 0
1993 0
1993 0
1993 0
1993 0
1993 0
1993 0
1993 0
1993 0
1993 0
1993 0
1993 0
1993 0
1993 0
1993 0
1993 0
1993 0
1993 0
1993 0
1993 0
1993 0
1993 0
1993 0
1993 0
1993 0
1993 0
1993 0
1993 NA
1993 NA
1993 NA
1993 NA
1993 NA
1993 NA
1993 NA
1993 NA
1993 NA
1993 NA
1993 NA
1993 NA
1993 NA
1993 NA
1993 NA
1993 NA
1993 NA
1993 NA
1993 NA
1993 NA
1993 NA
1993 NA
1993 NA
1993 NA
1993 NA
1993 NA
1993 NA
1993 NA
1993 NA
1993 NA
1993 NA
1993 NA
1993 NA
1993 NA
1993 NA
1993 NA
1993 NA
1993 NA
1993 NA
1993 NA
1993 NA
1993 NA
1993 NA
1993 NA
1993 NA
1993 NA
1993 NA
1993 NA
1993 NA
1993 NA
1993 NA
1993 NA
1993 NA
1993 NA
1993 NA
1993 NA
1993 NA
1993 NA
1993 NA
1993 NA
1993 NA
1993 NA
1993 NA
1993 NA
1993 NA
1993 NA
1993 NA
1993 NA
1993 NA
1993 NA
1993 NA
1993 NA
1993 NA
1993 NA
1993 NA
1993 NA
1993 NA
1993 NA
1993 NA
1993 NA
1993 NA
1993 NA
1993 NA
1993 NA
1993 NA
1993 NA
1993 NA
1993 NA
1993 NA
1993 NA
1993 NA
1993 NA
1994 0
1994 0
1994 0
1994 0
1994 0
1994 0
1994 0
1994 0
1994 0
1994 0
1994 0
1994 0
1994 0
1994 0
1994 0
1994 0
1994 0
1994 0
1994 0
1994 0
1994 0
1994 0
1994 0
1994 0
1994 0
1994 0
1994 0
1994 0
1994 0
1994 0
1994 0
1994 0
1994 0
1994 0
1994 0
1994 0
1994 0
1994 0
1994 0
1994 0
1994 0
1994 0
1994 0
1994 0
1994 0
1994 0
1994 0
1994 0
1994 0
1994 0
1994 0
1994 2
1994 1
1994 0
1994 0
1994 0
1994 0
1994 0
1994 0
1994 0
1994 0
1994 0
1994 0
1994 0
1994 0
1994 0
1994 0
1994 0
1994 0
1994 0
1994 0
1994 0
1994 0
1994 0
1994 0
1994 0
1994 0
1994 0
1994 0
1994 0
1994 0
1994 0
1994 0
1994 0
1994 9
1994 9
1994 9
1994 8
1994 8
1994 7
1994 5
1994 NA
1994 NA
1994 NA
1994 NA
1994 NA
1994 NA
1994 NA
1994 NA
1994 NA
1994 NA
1994 NA
1994 NA
1994 NA
1994 NA
1994 NA
1994 NA
1994 NA
1994 NA
1994 NA
1994 NA
1994 NA
1994 NA
1994 NA
1994 NA
1994 NA
1994 NA
1994 NA
1994 NA
1994 NA
1994 NA
1994 NA
1994 35
1994 40
1994 60
1994 58
1994 55
1994 63
1994 60
1994 60
1994 55
1994 52
1994 65
1994 65
1994 63
1994 63
1994 60
1994 60
1994 65
1994 65
1994 65
1994 63
1994 63
1994 63
1994 62
1994 62
1994 62
1994 61
1994 62
1994 60
1994 60
1994 60
1994 60
1994 60
1994 60
1994 60
1994 55
1994 55
1994 55
1994 55
1994 55
1994 55
1994 55
1994 55
1994 55
1994 53
1994 55
1994 70
1994 70
1994 70
1994 65
1994 65
1994 65
1994 70
1994 70
1994 65
1994 60
1994 55
1994 50
1994 45
1994 40
1994 40
1994 40
1994 40
1994 40
1994 40
1994 40
1994 30
1994 30
1994 30
1994 20
1994 20
1994 15
1994 13
1994 8
1994 5
1994 2
1994 0
1994 0
1994 0
1994 0
1994 0
1994 0
1994 0
1994 0
1994 0
1994 0
1994 0
1994 0
1994 0
1994 0
1994 0
1994 NA
1994 NA
1994 NA
1994 NA
1994 NA
1994 NA
1994 NA
1994 NA
1994 NA
1994 NA
1994 NA
1994 NA
1994 NA
1994 NA
1994 NA
1994 NA
1994 NA
1994 NA
1994 NA
1994 NA
1994 NA
1994 NA
1994 NA
1994 NA
1994 NA
1994 NA
1994 NA
1994 NA
1994 NA
1994 NA
1994 0
1994 0
1994 0
1994 0
1994 0
1994 0
1994 0
1994 0
1994 0
1994 0
1994 0
1994 0
1994 0
1994 0
1994 0
1994 0
1994 0
1994 0
1994 0
1994 0
1994 0
1994 0
1994 0
1994 0
1994 0
1994 0
1994 0
1994 0
1994 0
1994 0
1994 0
1994 0
1994 0
1994 0
1994 0
1994 0
1994 0
1994 0
1994 0
1994 0
1994 0
1994 0
1994 0
1994 0
1994 0
1994 0
1994 0
1994 0
1994 0
1994 0
1994 0
1994 0
1994 0
1994 0
1994 0
1994 0
1994 0
1994 0
1994 0
1994 0
1994 0
1994 NA
1994 NA
1994 NA
1994 NA
1994 NA
1994 NA
1994 NA
1994 NA
1994 NA
1994 NA
1994 NA
1994 NA
1994 NA
1994 NA
1994 NA
1994 NA
1994 NA
1994 NA
1994 NA
1994 NA
1994 NA
1994 NA
1994 NA
1994 NA
1994 NA
1994 NA
1994 NA
1994 NA
1994 NA
1994 NA
1994 NA
1994 NA
1994 NA
1994 NA
1994 NA
1994 NA
1994 NA
1994 NA
1994 NA
1994 NA
1994 NA
1994 NA
1994 NA
1994 NA
1994 NA
1994 NA
1994 NA
1994 NA
1994 NA
1994 NA
1994 NA
1994 NA
1994 NA
1994 NA
1994 NA
1994 NA
1994 NA
1994 NA
1994 NA
1994 NA
1994 NA
1994 NA
1995 0
1995 0
1995 0
1995 0
1995 0
1995 0
1995 0
1995 0
1995 0
1995 0
1995 0
1995 0
1995 0
1995 0
1995 0
1995 0
1995 0
1995 0
1995 0
1995 0
1995 0
1995 0
1995 0
1995 0
1995 0
1995 0
1995 0
1995 0
1995 0
1995 0
1995 0
1995 0
1995 0
1995 0
1995 0
1995 0
1995 0
1995 0
1995 0
1995 0
1995 0
1995 0
1995 0
1995 0
1995 0
1995 0
1995 0
1995 0
1995 0
1995 0
1995 0
1995 0
1995 0
1995 0
1995 0
1995 0
1995 0
1995 0
1995 0
1995 0
1995 0
1995 0
1995 0
1995 0
1995 0
1995 0
1995 0
1995 0
1995 0
1995 0
1995 0
1995 0
1995 0
1995 0
1995 0
1995 0
1995 0
1995 0
1995 0
1995 0
1995 0
1995 0
1995 0
1995 0
1995 0
1995 0
1995 0
1995 0
1995 0
1995 0
1995 0
1995 0
1995 0
1995 0
1995 0
1995 0
1995 0
1995 0
1995 0
1995 0
1995 0
1995 0
1995 0
1995 0
1995 0
1995 0
1995 0
1995 0
1995 0
1995 0
1995 10
1995 8
1995 6
1995 6
1995 5
1995 4
1995 4
1995 3
1995 2
1995 1
1995 0
1995 0
1995 1
1995 4
1995 4
1995 4
1995 3
1995 3
1995 4
1995 4
1995 4
1995 3
1995 16
1995 18
1995 22
1995 22
1995 20
1995 18
1995 18
1995 17
1995 30
1995 30
1995 33
1995 50
1995 52
1995 45
1995 53
1995 50
1995 53
1995 50
1995 54
1995 62
1995 57
1995 50
1995 50
1995 50
1995 50
1995 50
1995 50
1995 50
1995 50
1995 50
1995 50
1995 50
1995 48
1995 48
1995 46
1995 43
1995 40
1995 40
1995 38
1995 35
1995 35
1995 35
1995 35
1995 40
1995 64
1995 70
1995 68
1995 70
1995 68
1995 68
1995 65
1995 55
1995 63
1995 60
1995 80
1995 80
1995 75
1995 74
1995 70
1995 65
1995 62
1995 60
1995 55
1995 55
1995 50
1995 48
1995 45
1995 42
1995 40
1995 35
1995 30
1995 30
1995 25
1995 23
1995 20
1995 15
1995 10
1995 20
1995 15
1995 10
1995 0
1995 0
1995 0
1995 0
1995 0
1995 0
1995 0
1995 0
1995 0
1995 0
1995 0
1995 0
1995 0
1995 0
1995 0
1995 0
1995 0
1995 0
1995 0
1995 2
1995 0
1995 0
1995 0
1995 0
1995 0
1995 0
1995 0
1995 0
1995 0
1995 0
1995 0
1995 0
1995 0
1995 0
1995 0
1995 0
1995 0
1995 0
1995 0
1995 0
1995 0
1995 0
1995 0
1995 0
1995 0
1995 0
1995 0
1995 0
1995 0
1995 0
1995 0
1995 0
1995 0
1995 0
1995 0
1995 0
1995 0
1995 0
1995 0
1995 0
1995 0
1995 NA
1995 NA
1995 NA
1995 NA
1995 NA
1995 NA
1995 NA
1995 NA
1995 NA
1995 NA
1995 NA
1995 NA
1995 NA
1995 NA
1995 NA
1995 NA
1995 NA
1995 NA
1995 NA
1995 NA
1995 NA
1995 NA
1995 NA
1995 NA
1995 NA
1995 NA
1995 NA
1995 NA
1995 NA
1995 NA
1995 NA
1995 NA
1995 NA
1995 NA
1995 NA
1995 NA
1995 NA
1995 NA
1995 NA
1995 NA
1995 NA
1995 NA
1995 NA
1995 NA
1995 NA
1995 NA
1995 NA
1995 NA
1995 NA
1995 NA
1995 NA
1995 NA
1995 NA
1995 NA
1995 NA
1995 NA
1995 NA
1995 NA
1995 NA
1995 NA
1995 NA
1995 NA
1995 NA
1995 NA
1995 NA
1995 NA
1995 NA
1995 NA
1995 NA
1995 NA
1995 NA
1995 NA
1995 NA
1995 NA
1995 NA
1995 NA
1995 NA
1995 NA
1995 NA
1995 NA
1995 NA
1995 NA
1995 NA
1995 NA
1995 NA
1995 NA
1995 NA
1995 NA
1995 NA
1995 NA
1995 NA
1995 NA
1996 NA
1996 NA
1996 NA
1996 NA
1996 NA
1996 NA
1996 NA
1996 NA
1996 NA
1996 NA
1996 NA
1996 NA
1996 NA
1996 NA
1996 NA
1996 NA
1996 NA
1996 NA
1996 NA
1996 NA
1996 NA
1996 NA
1996 NA
1996 NA
1996 NA
1996 NA
1996 NA
1996 NA
1996 NA
1996 NA
1996 0
1996 0
1996 0
1996 0
1996 0
1996 0
1996 0
1996 0
1996 0
1996 0
1996 0
1996 0
1996 0
1996 0
1996 0
1996 0
1996 0
1996 0
1996 0
1996 0
1996 0
1996 0
1996 0
1996 0
1996 0
1996 0
1996 0
1996 0
1996 0
1996 0
1996 0
1996 0
1996 0
1996 0
1996 0
1996 0
1996 0
1996 0
1996 0
1996 0
1996 0
1996 0
1996 0
1996 0
1996 0
1996 0
1996 0
1996 0
1996 0
1996 0
1996 0
1996 0
1996 0
1996 0
1996 0
1996 0
1996 0
1996 0
1996 3
1996 0
1996 0
1996 0
1996 0
1996 0
1996 0
1996 0
1996 0
1996 13
1996 28
1996 25
1996 23
1996 23
1996 23
1996 22
1996 22
1996 20
1996 26
1996 23
1996 20
1996 18
1996 15
1996 12
1996 10
1996 8
1996 7
1996 6
1996 5
1996 4
1996 2
1996 40
1996 45
1996 34
1996 28
1996 30
1996 29
1996 28
1996 27
1996 26
1996 21
1996 21
1996 20
1996 20
1996 20
1996 18
1996 16
1996 14
1996 14
1996 14
1996 14
1996 14
1996 14
1996 14
1996 13
1996 13
1996 12
1996 14
1996 13
1996 14
1996 14
1996 13
1996 13
1996 13
1996 12
1996 NA
1996 21
1996 NA
1996 16
1996 NA
1996 NA
1996 NA
1996 NA
1996 NA
1996 NA
1996 NA
1996 NA
1996 NA
1996 NA
1996 NA
1996 NA
1996 NA
1996 NA
1996 55
1996 NA
1996 NA
1996 NA
1996 NA
1996 NA
1996 NA
1996 NA
1996 NA
1996 NA
1996 NA
1996 50
1996 50
1996 48
1996 45
1996 45
1996 45
1996 42
1996 42
1996 40
1996 36
1996 35
1996 33
1996 32
1996 30
1996 30
1996 29
1996 26
1996 24
1996 22
1996 20
1996 18
1996 16
1996 14
1996 10
1996 6
1996 3
1996 1
1996 0
1996 0
1996 0
1996 0
1996 0
1996 0
1996 0
1996 0
1996 0
1996 0
1996 0
1996 0
1996 0
1996 0
1996 0
1996 0
1996 0
1996 0
1996 0
1996 0
1996 0
1996 0
1996 0
1996 0
1996 0
1996 0
1996 0
1996 0
1996 0
1996 0
1996 0
1996 0
1996 0
1996 0
1996 0
1996 0
1996 0
1996 0
1996 0
1996 0
1996 0
1996 0
1996 0
1996 0
1996 0
1996 0
1996 0
1996 0
1996 0
1996 0
1996 0
1996 0
1996 0
1996 0
1996 0
1996 0
1996 0
1996 0
1996 0
1996 0
1996 0
1996 0
1996 0
1996 0
1996 0
1996 NA
1996 NA
1996 NA
1996 NA
1996 NA
1996 NA
1996 NA
1996 NA
1996 NA
1996 NA
1996 NA
1996 NA
1996 NA
1996 NA
1996 NA
1996 NA
1996 NA
1996 NA
1996 NA
1996 NA
1996 NA
1996 NA
1996 NA
1996 NA
1996 NA
1996 NA
1996 NA
1996 NA
1996 NA
1996 NA
1996 NA
1996 NA
1996 NA
1996 NA
1996 NA
1996 NA
1996 NA
1996 NA
1996 NA
1996 NA
1996 NA
1996 NA
1996 NA
1996 NA
1996 NA
1996 NA
1996 NA
1996 NA
1996 NA
1996 NA
1996 NA
1996 NA
1996 NA
1996 NA
1996 NA
1996 NA
1996 NA
1996 NA
1996 NA
1996 NA
1996 NA
1996 NA
1996 NA
1996 NA
1996 NA
1996 NA
1996 NA
1996 NA
1996 NA
1996 NA
1996 NA
1996 NA
1996 NA
1996 NA
1996 NA
1996 NA
1996 NA
1996 NA
1996 NA
1996 NA
1996 NA
1996 NA
1996 NA
1996 NA
1996 NA
1996 NA
1996 NA
1996 NA
1996 NA
1996 NA
1996 NA
1996 NA
1997 NA
1997 NA
1997 NA
1997 NA
1997 NA
1997 NA
1997 NA
1997 NA
1997 NA
1997 NA
1997 NA
1997 NA
1997 NA
1997 NA
1997 NA
1997 NA
1997 NA
1997 NA
1997 NA
1997 NA
1997 NA
1997 NA
1997 NA
1997 NA
1997 NA
1997 NA
1997 NA
1997 NA
1997 NA
1997 NA
1997 NA
1997 NA
1997 NA
1997 NA
1997 NA
1997 NA
1997 NA
1997 NA
1997 NA
1997 NA
1997 NA
1997 NA
1997 NA
1997 NA
1997 NA
1997 NA
1997 NA
1997 NA
1997 NA
1997 NA
1997 NA
1997 NA
1997 NA
1997 NA
1997 NA
1997 NA
1997 NA
1997 NA
1997 NA
1997 NA
1997 NA
1997 0
1997 0
1997 0
1997 0
1997 0
1997 0
1997 0
1997 0
1997 0
1997 0
1997 0
1997 0
1997 0
1997 0
1997 0
1997 0
1997 0
1997 5
1997 8
1997 25
1997 30
1997 40
1997 38
1997 40
1997 35
1997 78
1997 75
1997 70
1997 60
1997 95
1997 95
1997 91
1997 87
1997 80
1997 70
1997 60
1997 56
1997 53
1997 53
1997 53
1997 53
1997 53
1997 52
1997 51
1997 50
1997 49
1997 48
1997 47
1997 45
1997 44
1997 40
1997 37
1997 37
1997 37
1997 37
1997 37
1997 37
1997 37
1997 47
1997 47
1997 45
1997 65
1997 65
1997 65
1997 65
1997 63
1997 70
1997 70
1997 70
1997 70
1997 65
1997 60
1997 54
1997 54
1997 54
1997 54
1997 54
1997 54
1997 54
1997 50
1997 50
1997 50
1997 50
1997 49
1997 49
1997 49
1997 48
1997 48
1997 48
1997 48
1997 48
1997 48
1997 48
1997 45
1997 45
1997 45
1997 45
1997 40
1997 40
1997 40
1997 40
1997 40
1997 40
1997 40
1997 40
1997 50
1997 50
1997 49
1997 48
1997 48
1997 47
1997 45
1997 44
1997 43
1997 43
1997 43
1997 43
1997 43
1997 43
1997 43
1997 NA
1997 NA
1997 NA
1997 NA
1997 NA
1997 NA
1997 NA
1997 NA
1997 NA
1997 NA
1997 NA
1997 NA
1997 NA
1997 NA
1997 NA
1997 NA
1997 NA
1997 NA
1997 NA
1997 NA
1997 NA
1997 NA
1997 NA
1997 NA
1997 NA
1997 NA
1997 NA
1997 NA
1997 NA
1997 NA
1997 NA
1997 0
1997 0
1997 0
1997 0
1997 0
1997 0
1997 0
1997 0
1997 0
1997 0
1997 0
1997 0
1997 0
1997 0
1997 0
1997 0
1997 0
1997 0
1997 0
1997 0
1997 0
1997 0
1997 0
1997 0
1997 0
1997 0
1997 0
1997 0
1997 0
1997 0
1997 0
1997 0
1997 0
1997 0
1997 0
1997 0
1997 0
1997 0
1997 0
1997 0
1997 0
1997 0
1997 0
1997 0
1997 0
1997 0
1997 0
1997 0
1997 0
1997 0
1997 0
1997 0
1997 0
1997 0
1997 0
1997 0
1997 0
1997 0
1997 0
1997 0
1997 0
1997 NA
1997 NA
1997 NA
1997 NA
1997 NA
1997 NA
1997 NA
1997 NA
1997 NA
1997 NA
1997 NA
1997 NA
1997 NA
1997 NA
1997 NA
1997 NA
1997 NA
1997 NA
1997 NA
1997 NA
1997 NA
1997 NA
1997 NA
1997 NA
1997 NA
1997 NA
1997 NA
1997 NA
1997 NA
1997 NA
1997 NA
1997 NA
1997 NA
1997 NA
1997 NA
1997 NA
1997 NA
1997 NA
1997 NA
1997 NA
1997 NA
1997 NA
1997 NA
1997 NA
1997 NA
1997 NA
1997 NA
1997 NA
1997 NA
1997 NA
1997 NA
1997 NA
1997 NA
1997 NA
1997 NA
1997 NA
1997 NA
1997 NA
1997 NA
1997 NA
1997 NA
1997 NA
1997 NA
1997 NA
1997 NA
1997 NA
1997 NA
1997 NA
1997 NA
1997 NA
1997 NA
1997 NA
1997 NA
1997 NA
1997 NA
1997 NA
1997 NA
1997 NA
1997 NA
1997 NA
1997 NA
1997 NA
1997 NA
1997 NA
1997 NA
1997 NA
1997 NA
1997 NA
1997 NA
1997 NA
1997 NA
1997 NA
1998 NA
1998 NA
1998 NA
1998 NA
1998 NA
1998 NA
1998 NA
1998 NA
1998 NA
1998 NA
1998 NA
1998 NA
1998 NA
1998 NA
1998 NA
1998 NA
1998 NA
1998 NA
1998 NA
1998 NA
1998 NA
1998 NA
1998 NA
1998 NA
1998 NA
1998 NA
1998 NA
1998 NA
1998 NA
1998 NA
1998 0
1998 0
1998 0
1998 0
1998 0
1998 0
1998 0
1998 0
1998 0
1998 0
1998 0
1998 0
1998 0
1998 0
1998 0
1998 0
1998 0
1998 0
1998 0
1998 0
1998 0
1998 0
1998 0
1998 0
1998 0
1998 0
1998 0
1998 0
1998 0
1998 0
1998 0
1998 0
1998 0
1998 0
1998 0
1998 0
1998 0
1998 0
1998 0
1998 0
1998 0
1998 0
1998 0
1998 0
1998 0
1998 0
1998 0
1998 0
1998 0
1998 0
1998 0
1998 0
1998 0
1998 0
1998 0
1998 0
1998 0
1998 0
1998 0
1998 0
1998 0
1998 0
1998 0
1998 0
1998 0
1998 0
1998 0
1998 0
1998 0
1998 0
1998 0
1998 0
1998 0
1998 0
1998 0
1998 0
1998 0
1998 0
1998 0
1998 0
1998 0
1998 0
1998 0
1998 0
1998 0
1998 0
1998 0
1998 0
1998 0
1998 0
1998 0
1998 0
1998 0
1998 0
1998 0
1998 0
1998 0
1998 0
1998 0
1998 0
1998 0
1998 0
1998 0
1998 0
1998 0
1998 0
1998 0
1998 0
1998 0
1998 0
1998 0
1998 0
1998 0
1998 0
1998 0
1998 0
1998 0
1998 0
1998 0
1998 0
1998 0
1998 0
1998 0
1998 NA
1998 NA
1998 NA
1998 NA
1998 NA
1998 NA
1998 NA
1998 NA
1998 NA
1998 NA
1998 NA
1998 NA
1998 NA
1998 NA
1998 NA
1998 NA
1998 NA
1998 NA
1998 NA
1998 NA
1998 NA
1998 NA
1998 NA
1998 NA
1998 NA
1998 NA
1998 NA
1998 NA
1998 NA
1998 NA
1998 NA
1998 NA
1998 NA
1998 NA
1998 NA
1998 NA
1998 NA
1998 NA
1998 NA
1998 NA
1998 NA
1998 NA
1998 NA
1998 NA
1998 NA
1998 NA
1998 NA
1998 NA
1998 NA
1998 NA
1998 NA
1998 NA
1998 NA
1998 NA
1998 NA
1998 NA
1998 NA
1998 NA
1998 NA
1998 NA
1998 NA
1998 NA
1998 NA
1998 NA
1998 NA
1998 NA
1998 NA
1998 NA
1998 NA
1998 NA
1998 NA
1998 NA
1998 NA
1998 NA
1998 NA
1998 NA
1998 NA
1998 NA
1998 NA
1998 NA
1998 NA
1998 NA
1998 NA
1998 NA
1998 NA
1998 NA
1998 NA
1998 NA
1998 NA
1998 NA
1998 NA
1998 NA
1998 NA
1998 NA
1998 NA
1998 NA
1998 NA
1998 NA
1998 NA
1998 NA
1998 NA
1998 NA
1998 NA
1998 NA
1998 NA
1998 NA
1998 NA
1998 NA
1998 NA
1998 NA
1998 NA
1998 NA
1998 NA
1998 NA
1998 NA
1998 NA
1998 NA
1998 NA
1998 NA
1998 NA
1998 NA
1998 NA
1998 NA
1998 NA
1998 NA
1998 NA
1998 NA
1998 NA
1998 NA
1998 NA
1998 NA
1998 NA
1998 NA
1998 NA
1998 NA
1998 NA
1998 NA
1998 NA
1998 NA
1998 NA
1998 NA
1998 NA
1998 NA
1998 NA
1998 NA
1998 NA
1998 NA
1998 NA
1998 NA
1998 NA
1998 NA
1998 NA
1998 NA
1998 NA
1998 NA
1998 NA
1998 NA
1998 NA
1998 NA
1998 NA
1998 NA
1998 NA
1998 NA
1998 NA
1998 NA
1998 NA
1998 NA
1998 NA
1998 NA
1998 NA
1998 NA
1998 NA
1998 NA
1998 NA
1998 NA
1998 NA
1998 NA
1998 NA
1998 NA
1998 NA
1998 NA
1998 NA
1998 NA
1998 NA
1998 NA
1998 NA
1998 NA
1998 NA
1998 NA
1998 NA
1998 NA
1998 NA
1998 NA
1998 NA
1998 NA
1998 NA
1998 NA
1998 NA
1998 NA
1998 NA
1998 NA
1998 NA
1998 NA
1998 NA
1998 NA
1998 NA
1998 NA
1998 NA
1998 NA
1998 NA
1998 NA
1998 NA
2010 NA
2010 NA
2010 NA
2010 NA
2010 NA
2010 NA
2010 NA
2010 NA
2010 NA
2010 NA
2010 NA
2010 NA
2010 NA
2010 NA
2010 NA
2010 NA
2010 NA
2010 NA
2010 NA
2010 NA
2010 NA
2010 NA
2010 NA
2010 NA
2010 NA
2010 NA
2010 NA
2010 NA
2010 NA
2010 NA
2010 0
2010 0
2010 0
2010 0
2010 0
2010 0
2010 0
2010 0
2010 0
2010 0
2010 0
2010 0
2010 0
2010 0
2010 0
2010 0
2010 0
2010 0
2010 0
2010 0
2010 0
2010 0
2010 0
2010 0
2010 0
2010 0
2010 0
2010 0
2010 0
2010 0
2010 0
2010 0
2010 0
2010 5
2010 0
2010 0
2010 0
2010 0
2010 0
2010 0
2010 0
2010 0
2010 0
2010 0
2010 0
2010 0
2010 0
2010 0
2010 0
2010 0
2010 0
2010 0
2010 0
2010 0
2010 0
2010 0
2010 0
2010 0
2010 0
2010 0
2010 16
2010 18
2010 15
2010 13
2010 15
2010 14
2010 12
2010 9
2010 5
2010 5
2010 5
2010 5
2010 3
2010 8
2010 7
2010 6
2010 6
2010 5
2010 5
2010 8
2010 7
2010 6
2010 4
2010 1
2010 0
2010 0
2010 0
2010 0
2010 0
2010 5
2010 0
2010 0
2010 0
2010 0
2010 0
2010 23
2010 23
2010 20
2010 20
2010 70
2010 71
2010 65
2010 60
2010 55
2010 65
2010 63
2010 70
2010 55
2010 60
2010 56
2010 52
2010 50
2010 48
2010 48
2010 47
2010 47
2010 46
2010 46
2010 44
2010 43
2010 40
2010 51
2010 51
2010 50
2010 50
2010 48
2010 42
2010 48
2010 55
2010 57
2010 56
2010 58
2010 61
2010 60
2010 60
2010 58
2010 56
2010 54
2010 52
2010 55
2010 60
2010 64
2010 66
2010 62
2010 64
2010 60
2010 56
2010 50
2010 48
2010 47
2010 45
2010 45
2010 45
2010 45
2010 48
2010 48
2010 48
2010 48
2010 52
2010 52
2010 52
2010 52
2010 52
2010 51
2010 50
2010 50
2010 50
2010 45
2010 40
2010 35
2010 30
2010 30
2010 30
2010 26
2010 25
2010 25
2010 25
2010 20
2010 22
2010 18
2010 16
2010 13
2010 20
2010 10
2010 8
2010 16
2010 10
2010 8
2010 6
2010 3
2010 0
2010 0
2010 0
2010 2
2010 24
2010 10
2010 0
2010 0
2010 0
2010 0
2010 0
2010 0
2010 0
2010 0
2010 0
2010 0
2010 0
2010 0
2010 0
2010 0
2010 0
2010 0
2010 0
2010 0
2010 0
2010 0
2010 0
2010 0
2010 0
2010 0
2010 0
2010 0
2010 0
2010 0
2010 0
2010 0
2010 0
2010 0
2010 0
2010 0
2010 0
2010 0
2010 0
2010 0
2010 0
2010 0
2010 0
2010 0
2010 0
2010 0
2010 0
2010 0
2010 0
2010 0
2010 0
2010 0
2010 0
2010 0
2010 0
2010 0
2010 0
2010 0
2010 0
2010 0
2010 0
2010 0
2010 0
2010 0
2010 0
2010 0
2010 0
2010 0
2010 0
2010 0
2010 0
2010 0
2010 0
2010 0
2010 0
2010 0
2010 0
2010 0
2010 0
2010 0
2010 0
2010 0
2010 0
2010 0
2010 0
2010 0
2010 0
2010 0
2010 0
2010 0
2010 0
2010 0
2010 0
2010 0
2010 0
2010 0
2010 0
2010 0
2010 0
2010 0
2010 0
2010 0
2010 0
2010 0
2010 0
2010 0
2010 0
2010 0
2010 0
2010 0
2010 0
2010 0
2010 0
2010 0
2010 0
2010 0
2010 0
2010 0
2010 0
2010 0
2010 0
2010 0
2010 0
2010 0
2010 0
2010 0
2010 0
2010 0
2010 0
2010 0
2010 0
2010 0
2010 0
2010 0
2010 0
2010 0
2010 0
2010 0
2010 0
2010 0
2010 0
2011 0
2011 0
2011 0
2011 0
2011 0
2011 0
2011 0
2011 0
2011 0
2011 0
2011 0
2011 0
2011 0
2011 0
2011 0
2011 0
2011 0
2011 0
2011 0
2011 0
2011 0
2011 0
2011 0
2011 0
2011 0
2011 0
2011 0
2011 0
2011 0
2011 0
2011 0
2011 0
2011 0
2011 0
2011 0
2011 0
2011 0
2011 0
2011 0
2011 0
2011 0
2011 0
2011 0
2011 0
2011 0
2011 0
2011 0
2011 0
2011 0
2011 0
2011 0
2011 0
2011 0
2011 0
2011 0
2011 0
2011 0
2011 0
2011 0
2011 0
2011 0
2011 0
2011 0
2011 0
2011 0
2011 0
2011 0
2011 0
2011 0
2011 6
2011 2
2011 1
2011 1
2011 0
2011 0
2011 0
2011 0
2011 0
2011 0
2011 0
2011 0
2011 1
2011 0
2011 0
2011 0
2011 0
2011 16
2011 16
2011 20
2011 23
2011 19
2011 45
2011 48
2011 41
2011 40
2011 40
2011 30
2011 25
2011 20
2011 15
2011 15
2011 15
2011 13
2011 10
2011 8
2011 7
2011 7
2011 37
2011 38
2011 32
2011 30
2011 25
2011 20
2011 17
2011 15
2011 15
2011 15
2011 15
2011 15
2011 14
2011 14
2011 14
2011 10
2011 10
2011 10
2011 10
2011 10
2011 10
2011 10
2011 5
2011 5
2011 7
2011 3
2011 14
2011 13
2011 11
2011 10
2011 10
2011 10
2011 10
2011 10
2011 10
2011 10
2011 10
2011 10
2011 10
2011 10
2011 10
2011 10
2011 10
2011 10
2011 11
2011 11
2011 11
2011 11
2011 11
2011 10
2011 10
2011 10
2011 9
2011 8
2011 7
2011 5
2011 3
2011 2
2011 0
2011 0
2011 2
2011 3
2011 3
2011 3
2011 3
2011 3
2011 0
2011 0
2011 0
2011 0
2011 0
2011 0
2011 1
2011 0
2011 0
2011 0
2011 0
2011 0
2011 0
2011 0
2011 0
2011 0
2011 0
2011 0
2011 0
2011 0
2011 0
2011 0
2011 0
2011 0
2011 1
2011 0
2011 0
2011 0
2011 0
2011 0
2011 0
2011 0
2011 0
2011 0
2011 0
2011 0
2011 0
2011 0
2011 0
2011 0
2011 0
2011 0
2011 0
2011 0
2011 0
2011 0
2011 0
2011 0
2011 0
2011 0
2011 0
2011 0
2011 0
2011 0
2011 0
2011 0
2011 0
2011 0
2011 0
2011 0
2011 0
2011 0
2011 0
2011 0
2011 0
2011 0
2011 0
2011 0
2011 0
2011 0
2011 0
2011 0
2011 0
2011 0
2011 0
2011 0
2011 0
2011 0
2011 0
2011 0
2011 0
2011 0
2011 0
2011 0
2011 0
2011 0
2011 0
2011 0
2011 0
2011 0
2011 0
2011 0
2011 0
2011 0
2011 0
2011 0
2011 0
2011 0
2011 0
2011 0
2011 0
2011 0
2011 0
2011 0
2011 0
2011 0
2011 0
2011 0
2011 0
2011 0
2011 0
2011 0
2011 0
2011 0
2011 0
2011 0
2011 0
2011 0
2011 0
2011 0
2011 0
2011 0
2011 0
2011 0
2011 0
2011 0
2011 0
2011 0
2011 0
2011 0
2011 0
2011 0
2011 0
2011 0
2011 0
2011 0
2011 0
2011 0
2011 0
2011 0
2011 0
2011 0
2011 0
2011 0
2011 0
2011 0
2011 0
2011 0
2011 0
2011 0
2011 0
2011 0
2011 0
2011 0
2011 0
2011 0
2011 0
2011 0
2011 0
2011 0
2011 0
2011 0
2011 0
2011 0
2011 0
2011 0
2011 0
2011 0
2011 0
2011 0
2011 0
2011 0
2011 0
2011 0
2011 0
2011 0
2011 0
2011 0
2011 0
2011 0
2011 0
2011 0
2011 0
2011 0
2011 0
2011 0
2011 0
2011 0
2011 0
2011 0
2011 0
2011 0
2012 0
2012 0
2012 0
2012 0
2012 0
2012 0
2012 0
2012 0
2012 0
2012 0
2012 0
2012 0
2012 0
2012 0
2012 0
2012 0
2012 0
2012 0
2012 0
2012 0
2012 0
2012 0
2012 0
2012 0
2012 0
2012 0
2012 0
2012 0
2012 0
2012 0
2012 0
2012 0
2012 0
2012 0
2012 0
2012 0
2012 0
2012 0
2012 0
2012 0
2012 0
2012 0
2012 0
2012 0
2012 0
2012 0
2012 0
2012 0
2012 0
2012 0
2012 0
2012 0
2012 0
2012 0
2012 0
2012 0
2012 0
2012 0
2012 0
2012 0
2012 0
2012 0
2012 0
2012 0
2012 0
2012 0
2012 0
2012 0
2012 0
2012 0
2012 0
2012 0
2012 0
2012 0
2012 0
2012 0
2012 0
2012 0
2012 0
2012 0
2012 0
2012 0
2012 0
2012 0
2012 0
2012 0
2012 0
2012 0
2012 0
2012 0
2012 0
2012 0
2012 0
2012 0
2012 0
2012 0
2012 0
2012 11
2012 8
2012 7
2012 6
2012 6
2012 5
2012 5
2012 5
2012 11
2012 25
2012 28
2012 28
2012 27
2012 34
2012 45
2012 44
2012 40
2012 38
2012 37
2012 37
2012 35
2012 34
2012 30
2012 39
2012 45
2012 43
2012 40
2012 42
2012 40
2012 45
2012 44
2012 44
2012 44
2012 43
2012 43
2012 42
2012 42
2012 42
2012 42
2012 42
2012 42
2012 40
2012 40
2012 40
2012 40
2012 54
2012 48
2012 48
2012 48
2012 48
2012 47
2012 46
2012 53
2012 54
2012 50
2012 77
2012 85
2012 80
2012 75
2012 65
2012 65
2012 62
2012 62
2012 61
2012 61
2012 60
2012 60
2012 60
2012 60
2012 60
2012 58
2012 57
2012 56
2012 55
2012 55
2012 53
2012 52
2012 52
2012 51
2012 48
2012 40
2012 35
2012 28
2012 21
2012 15
2012 15
2012 15
2012 10
2012 10
2012 5
2012 0
2012 0
2012 0
2012 0
2012 0
2012 0
2012 0
2012 0
2012 0
2012 0
2012 0
2012 0
2012 0
2012 0
2012 0
2012 0
2012 0
2012 0
2012 0
2012 0
2012 0
2012 0
2012 0
2012 0
2012 0
2012 0
2012 0
2012 0
2012 0
2012 0
2012 0
2012 0
2012 0
2012 0
2012 0
2012 0
2012 9
2012 0
2012 0
2012 0
2012 2
2012 0
2012 0
2012 0
2012 0
2012 0
2012 0
2012 0
2012 0
2012 13
2012 7
2012 3
2012 0
2012 0
2012 0
2012 0
2012 0
2012 0
2012 0
2012 0
2012 0
2012 0
2012 0
2012 0
2012 0
2012 0
2012 0
2012 0
2012 0
2012 0
2012 0
2012 0
2012 0
2012 0
2012 0
2012 0
2012 0
2012 0
2012 0
2012 0
2012 0
2012 0
2012 0
2012 0
2012 0
2012 0
2012 0
2012 0
2012 0
2012 0
2012 0
2012 0
2012 0
2012 0
2012 0
2012 0
2012 0
2012 0
2012 0
2012 0
2012 0
2012 0
2012 0
2012 0
2012 0
2012 0
2012 0
2012 0
2012 0
2012 0
2012 0
2012 0
2012 0
2012 0
2012 0
2012 0
2012 0
2012 0
2012 0
2012 0
2012 0
2012 0
2012 0
2012 0
2012 0
2012 0
2012 0
2012 0
2012 0
2012 0
2012 0
2012 0
2012 0
2012 0
2012 0
2012 0
2012 0
2012 0
2012 0
2012 0
2012 0
2012 0
2012 0
2012 0
2012 0
2012 0
2012 0
2012 0
2012 0
2012 0
2012 0
2012 0
2012 0
2012 0
2012 0
2012 0
2012 0
2012 0
2012 0
2012 0
2012 0
2012 0
2012 0
2012 0
2012 0
2012 0
2012 0
2012 0
2012 0
2012 0
2012 0
2012 0
2012 0
2012 0
2012 0
2012 0
2012 0
2012 0
2012 0
2013 0
2013 0
2013 0
2013 0
2013 0
2013 0
2013 0
2013 0
2013 0
2013 0
2013 0
2013 0
2013 0
2013 0
2013 0
2013 0
2013 0
2013 0
2013 0
2013 0
2013 0
2013 0
2013 0
2013 0
2013 0
2013 0
2013 0
2013 0
2013 0
2013 0
2013 0
2013 0
2013 0
2013 0
2013 0
2013 0
2013 0
2013 0
2013 0
2013 0
2013 0
2013 0
2013 0
2013 0
2013 0
2013 0
2013 0
2013 0
2013 0
2013 0
2013 0
2013 0
2013 0
2013 0
2013 0
2013 0
2013 0
2013 2
2013 0
2013 0
2013 0
2013 0
2013 0
2013 0
2013 0
2013 0
2013 0
2013 0
2013 0
2013 0
2013 0
2013 0
2013 0
2013 0
2013 0
2013 0
2013 0
2013 0
2013 0
2013 0
2013 0
2013 0
2013 0
2013 0
2013 0
2013 0
2013 0
2013 0
2013 4
2013 0
2013 0
2013 0
2013 0
2013 0
2013 5
2013 24
2013 39
2013 39
2013 65
2013 58
2013 45
2013 43
2013 40
2013 30
2013 50
2013 42
2013 35
2013 38
2013 38
2013 37
2013 36
2013 36
2013 35
2013 35
2013 34
2013 34
2013 33
2013 33
2013 35
2013 35
2013 35
2013 35
2013 35
2013 40
2013 40
2013 40
2013 40
2013 40
2013 39
2013 39
2013 39
2013 39
2013 42
2013 40
2013 40
2013 40
2013 39
2013 46
2013 46
2013 46
2013 58
2013 59
2013 57
2013 60
2013 60
2013 57
2013 56
2013 55
2013 54
2013 60
2013 60
2013 58
2013 56
2013 54
2013 55
2013 54
2013 52
2013 50
2013 48
2013 78
2013 70
2013 63
2013 63
2013 108
2013 110
2013 100
2013 95
2013 90
2013 88
2013 82
2013 80
2013 80
2013 80
2013 79
2013 78
2013 77
2013 78
2013 77
2013 76
2013 75
2013 75
2013 72
2013 70
2013 68
2013 64
2013 62
2013 60
2013 58
2013 54
2013 52
2013 48
2013 45
2013 46
2013 46
2013 45
2013 40
2013 35
2013 28
2013 80
2013 74
2013 60
2013 55
2013 55
2013 52
2013 50
2013 48
2013 44
2013 42
2013 40
2013 35
2013 30
2013 25
2013 20
2013 18
2013 14
2013 10
2013 6
2013 3
2013 0
2013 0
2013 0
2013 0
2013 0
2013 0
2013 0
2013 0
2013 0
2013 0
2013 0
2013 0
2013 0
2013 4
2013 0
2013 0
2013 0
2013 0
2013 0
2013 0
2013 0
2013 0
2013 0
2013 0
2013 0
2013 0
2013 0
2013 0
2013 0
2013 0
2013 0
2013 0
2013 0
2013 0
2013 0
2013 0
2013 0
2013 0
2013 0
2013 0
2013 0
2013 0
2013 0
2013 0
2013 0
2013 0
2013 0
2013 0
2013 5
2013 0
2013 0
2013 0
2013 0
2013 0
2013 0
2013 0
2013 0
2013 0
2013 0
2013 0
2013 0
2013 0
2013 0
2013 0
2013 0
2013 0
2013 0
2013 0
2013 0
2013 0
2013 0
2013 0
2013 0
2013 0
2013 0
2013 0
2013 0
2013 0
2013 0
2013 0
2013 0
2013 0
2013 0
2013 0
2013 0
2013 0
2013 0
2013 0
2013 0
2013 0
2013 0
2013 0
2013 0
2013 0
2013 0
2013 0
2013 0
2013 0
2013 0
2013 0
2013 0
2013 0
2013 0
2013 0
2013 0
2013 0
2013 0
2013 0
2013 0
2013 0
2013 0
2013 0
2013 0
2013 0
2013 0
2013 0
2013 0
2013 0
2013 0
2013 0
2013 0
2013 0
2013 0
2013 0
2013 0
2013 0
2013 0
2013 0
2013 0
2013 0
2013 0
2013 0
2013 0
2013 0
2013 0
2013 0
2013 0
2013 0
2013 0
2013 0
2013 0
2013 0
2013 0
2013 0
2013 0
2013 0
2013 0
2014 0
2014 0
2014 0
2014 0
2014 0
2014 0
2014 0
2014 0
2014 0
2014 0
2014 0
2014 0
2014 0
2014 0
2014 0
2014 0
2014 0
2014 0
2014 0
2014 0
2014 0
2014 0
2014 0
2014 0
2014 0
2014 0
2014 0
2014 0
2014 0
2014 0
2014 0
2014 0
2014 0
2014 0
2014 0
2014 0
2014 0
2014 0
2014 0
2014 0
2014 0
2014 0
2014 0
2014 0
2014 0
2014 0
2014 0
2014 0
2014 0
2014 0
2014 0
2014 0
2014 0
2014 0
2014 0
2014 0
2014 0
2014 0
2014 0
2014 0
2014 0
2014 0
2014 0
2014 0
2014 0
2014 0
2014 0
2014 0
2014 0
2014 0
2014 0
2014 10
2014 5
2014 5
2014 5
2014 5
2014 3
2014 3
2014 3
2014 1
2014 8
2014 35
2014 43
2014 35
2014 30
2014 24
2014 23
2014 23
2014 23
2014 21
2014 20
2014 20
2014 20
2014 19
2014 19
2014 19
2014 19
2014 19
2014 19
2014 18
2014 18
2014 18
2014 18
2014 18
2014 17
2014 17
2014 17
2014 17
2014 15
2014 15
2014 10
2014 12
2014 9
2014 5
2014 2
2014 1
2014 8
2014 8
2014 6
2014 6
2014 6
2014 6
2014 6
2014 4
2014 3
2014 1
2014 1
2014 1
2014 1
2014 0
2014 0
2014 0
2014 0
2014 0
2014 0
2014 12
2014 8
2014 8
2014 4
2014 4
2014 2
2014 1
2014 1
2014 1
2014 1
2014 3
2014 3
2014 3
2014 16
2014 13
2014 10
2014 31
2014 41
2014 41
2014 42
2014 40
2014 38
2014 36
2014 51
2014 42
2014 40
2014 42
2014 44
2014 50
2014 48
2014 45
2014 40
2014 40
2014 40
2014 48
2014 44
2014 40
2014 40
2014 40
2014 39
2014 38
2014 38
2014 38
2014 40
2014 45
2014 55
2014 68
2014 55
2014 58
2014 59
2014 55
2014 54
2014 53
2014 50
2014 45
2014 40
2014 30
2014 25
2014 25
2014 20
2014 20
2014 15
2014 15
2014 10
2014 10
2014 10
2014 5
2014 5
2014 2
2014 0
2014 0
2014 0
2014 0
2014 0
2014 0
2014 0
2014 0
2014 0
2014 0
2014 0
2014 0
2014 0
2014 0
2014 0
2014 0
2014 0
2014 0
2014 0
2014 0
2014 0
2014 0
2014 0
2014 0
2014 0
2014 0
2014 0
2014 0
2014 0
2014 0
2014 0
2014 0
2014 0
2014 0
2014 0
2014 0
2014 0
2014 0
2014 0
2014 0
2014 0
2014 0
2014 0
2014 0
2014 0
2014 0
2014 0
2014 0
2014 0
2014 0
2014 0
2014 0
2014 0
2014 0
2014 0
2014 0
2014 0
2014 0
2014 0
2014 0
2014 0
2014 0
2014 0
2014 0
2014 0
2014 0
2014 0
2014 0
2014 0
2014 0
2014 0
2014 0
2014 0
2014 0
2014 0
2014 0
2014 0
2014 0
2014 0
2014 0
2014 0
2014 0
2014 0
2014 0
2014 0
2014 0
2014 0
2014 0
2014 0
2014 0
2014 0
2014 0
2014 0
2014 0
2014 0
2014 0
2014 0
2014 0
2014 0
2014 0
2014 0
2014 0
2014 0
2014 0
2014 0
2014 0
2014 0
2014 0
2014 0
2014 0
2014 0
2014 0
2014 0
2014 0
2014 0
2014 0
2014 0
2014 0
2014 0
2014 0
2014 0
2014 0
2014 0
2014 0
2014 0
2014 0
2014 0
2014 0
2014 0
2014 0
2014 0
2014 0
2014 0
2014 0
2014 0
2014 0
2014 0
2014 0
2014 0
2014 0
2014 0
2014 0
2014 0
2014 0
2014 0
2014 0
2014 0
2014 0
2014 0
2014 0
2014 0
2014 0
2014 0
2014 0
2014 0
2014 0
2014 0
2014 0
2014 0
2014 0
2014 0
2015 0
2015 0
2015 0
2015 0
2015 0
2015 0
2015 0
2015 0
2015 0
2015 0
2015 0
2015 0
2015 0
2015 0
2015 0
2015 0
2015 0
2015 0
2015 0
2015 0
2015 0
2015 0
2015 0
2015 0
2015 0
2015 0
2015 0
2015 0
2015 0
2015 0
2015 0
2015 0
2015 0
2015 0
2015 0
2015 0
2015 0
2015 0
2015 0
2015 0
2015 0
2015 0
2015 0
2015 0
2015 0
2015 0
2015 0
2015 0
2015 0
2015 0
2015 0
2015 0
2015 0
2015 0
2015 0
2015 0
2015 0
2015 0
2015 0
2015 0
2015 0
2015 0
2015 0
2015 0
2015 0
2015 0
2015 0
2015 0
2015 0
2015 0
2015 0
2015 0
2015 0
2015 0
2015 0
2015 0
2015 0
2015 1
2015 5
2015 3
2015 0
2015 0
2015 0
2015 0
2015 0
2015 0
2015 0
2015 0
2015 0
2015 0
2015 0
2015 0
2015 0
2015 0
2015 0
2015 0
2015 0
2015 0
2015 0
2015 0
2015 0
2015 0
2015 0
2015 0
2015 0
2015 0
2015 0
2015 0
2015 0
2015 0
2015 0
2015 0
2015 0
2015 0
2015 0
2015 0
2015 0
2015 9
2015 35
2015 35
2015 30
2015 26
2015 24
2015 24
2015 23
2015 20
2015 20
2015 20
2015 19
2015 18
2015 17
2015 16
2015 16
2015 14
2015 13
2015 12
2015 10
2015 8
2015 24
2015 22
2015 20
2015 25
2015 26
2015 23
2015 23
2015 22
2015 22
2015 21
2015 21
2015 20
2015 20
2015 75
2015 80
2015 70
2015 60
2015 60
2015 75
2015 73
2015 71
2015 69
2015 67
2015 65
2015 64
2015 63
2015 62
2015 60
2015 70
2015 80
2015 75
2015 70
2015 65
2015 60
2015 50
2015 48
2015 79
2015 78
2015 75
2015 70
2015 65
2015 60
2015 56
2015 54
2015 52
2015 50
2015 48
2015 46
2015 44
2015 40
2015 40
2015 38
2015 35
2015 30
2015 30
2015 25
2015 15
2015 16
2015 10
2015 8
2015 8
2015 8
2015 5
2015 0
2015 0
2015 0
2015 0
2015 0
2015 0
2015 0
2015 0
2015 0
2015 0
2015 0
2015 0
2015 0
2015 0
2015 0
2015 0
2015 0
2015 0
2015 0
2015 0
2015 0
2015 0
2015 0
2015 0
2015 0
2015 0
2015 0
2015 0
2015 0
2015 0
2015 0
2015 0
2015 0
2015 0
2015 0
2015 0
2015 0
2015 0
2015 0
2015 0
2015 0
2015 0
2015 0
2015 0
2015 0
2015 0
2015 0
2015 0
2015 0
2015 0
2015 0
2015 0
2015 0
2015 0
2015 0
2015 0
2015 0
2015 0
2015 0
2015 0
2015 0
2015 0
2015 0
2015 0
2015 0
2015 0
2015 0
2015 0
2015 0
2015 0
2015 0
2015 0
2015 0
2015 0
2015 0
2015 0
2015 0
2015 0
2015 0
2015 0
2015 0
2015 0
2015 0
2015 0
2015 0
2015 0
2015 0
2015 0
2015 0
2015 0
2015 0
2015 0
2015 0
2015 0
2015 0
2015 0
2015 0
2015 0
2015 0
2015 0
2015 0
2015 0
2015 0
2015 0
2015 0
2015 0
2015 0
2015 0
2015 0
2015 0
2015 0
2015 0
2015 0
2015 0
2015 0
2015 0
2015 0
2015 0
2015 0
2015 0
2015 0
2015 0
2015 0
2015 0
2015 0
2015 0
2015 0
2015 0
2015 0
2015 0
2015 0
2015 0
2015 0
2015 0
2015 0
2015 0
2015 0
2015 0
2015 0
2015 0
2015 0
2015 0
2015 0
2015 0
2015 0
2015 0
2015 0
2015 0
2015 0
2015 0
2015 0
2015 0
2015 0
2015 0
2015 0
2015 0
2015 0
2015 0
2015 0
2015 0
2015 0
2015 0
2015 0
2015 0
2016 0
2016 0
2016 0
2016 0
2016 0
2016 0
2016 0
2016 0
2016 0
2016 0
2016 0
2016 0
2016 0
2016 0
2016 0
2016 0
2016 0
2016 0
2016 0
2016 0
2016 0
2016 0
2016 0
2016 0
2016 0
2016 0
2016 0
2016 0
2016 0
2016 0
2016 0
2016 0
2016 0
2016 0
2016 0
2016 0
2016 0
2016 0
2016 0
2016 0
2016 0
2016 0
2016 0
2016 0
2016 0
2016 0
2016 0
2016 0
2016 0
2016 0
2016 0
2016 0
2016 0
2016 0
2016 0
2016 0
2016 0
2016 0
2016 0
2016 0
2016 0
2016 0
2016 0
2016 0
2016 0
2016 0
2016 0
2016 0
2016 0
2016 0
2016 0
2016 0
2016 0
2016 0
2016 0
2016 0
2016 0
2016 0
2016 0
2016 0
2016 0
2016 0
2016 1
2016 1
2016 1
2016 1
2016 3
2016 3
2016 0
2016 0
2016 0
2016 0
2016 0
2016 0
2016 0
2016 0
2016 0
2016 0
2016 0
2016 0
2016 0
2016 0
2016 0
2016 0
2016 0
2016 0
2016 0
2016 0
2016 0
2016 0
2016 0
2016 0
2016 0
2016 0
2016 0
2016 0
2016 0
2016 0
2016 0
2016 0
2016 0
2016 0
2016 0
2016 0
2016 0
2016 14
2016 19
2016 18
2016 18
2016 37
2016 32
2016 25
2016 22
2016 22
2016 24
2016 25
2016 30
2016 30
2016 30
2016 29
2016 38
2016 34
2016 33
2016 32
2016 31
2016 30
2016 30
2016 28
2016 26
2016 25
2016 23
2016 22
2016 20
2016 18
2016 15
2016 8
2016 11
2016 6
2016 6
2016 6
2016 18
2016 14
2016 10
2016 9
2016 12
2016 32
2016 30
2016 25
2016 25
2016 23
2016 20
2016 18
2016 15
2016 15
2016 15
2016 13
2016 10
2016 10
2016 8
2016 5
2016 4
2016 0
2016 0
2016 0
2016 6
2016 18
2016 22
2016 25
2016 15
2016 15
2016 15
2016 13
2016 12
2016 11
2016 11
2016 10
2016 8
2016 8
2016 6
2016 0
2016 0
2016 0
2016 0
2016 0
2016 0
2016 0
2016 0
2016 0
2016 0
2016 0
2016 0
2016 0
2016 0
2016 0
2016 0
2016 0
2016 0
2016 0
2016 0
2016 0
2016 0
2016 0
2016 0
2016 0
2016 0
2016 0
2016 0
2016 0
2016 0
2016 0
2016 0
2016 0
2016 0
2016 0
2016 0
2016 0
2016 0
2016 0
2016 0
2016 0
2016 0
2016 0
2016 0
2016 NA
2016 NA
2016 NA
2016 NA
2016 NA
2016 NA
2016 NA
2016 NA
2016 NA
2016 NA
2016 NA
2016 NA
2016 NA
2016 NA
2016 NA
2016 NA
2016 NA
2016 NA
2016 NA
2016 NA
2016 NA
2016 NA
2016 NA
2016 NA
2016 NA
2016 NA
2016 NA
2016 NA
2016 NA
2016 NA
2016 NA
2016 0
2016 0
2016 0
2016 0
2016 0
2016 0
2016 0
2016 0
2016 0
2016 0
2016 0
2016 0
2016 0
2016 0
2016 0
2016 0
2016 0
2016 0
2016 0
2016 0
2016 0
2016 0
2016 0
2016 0
2016 0
2016 0
2016 0
2016 0
2016 0
2016 0
2016 0
2016 0
2016 0
2016 0
2016 0
2016 0
2016 0
2016 0
2016 0
2016 0
2016 0
2016 0
2016 0
2016 0
2016 0
2016 0
2016 0
2016 0
2016 0
2016 0
2016 0
2016 0
2016 0
2016 0
2016 0
2016 0
2016 0
2016 0
2016 0
2016 0
2016 0
2016 0
2016 0
2016 0
2016 0
2016 0
2016 0
2016 0
2016 0
2016 0
2016 0
2016 0
2016 0
2016 0
2016 0
2016 0
2016 0
2016 0
2016 0
2016 0
2016 0
2016 0
2016 0
2016 0
2016 0
2016 0
2016 0
2016 0
2016 0
2016 0
2016 0
2016 0
2017 0
2017 0
2017 0
2017 0
2017 0
2017 0
2017 0
2017 0
2017 0
2017 0
2017 0
2017 0
2017 0
2017 0
2017 0
2017 0
2017 0
2017 0
2017 0
2017 0
2017 0
2017 0
2017 0
2017 0
2017 0
2017 0
2017 0
2017 0
2017 0
2017 0
2017 0
2017 0
2017 0
2017 0
2017 0
2017 0
2017 0
2017 0
2017 0
2017 0
2017 0
2017 0
2017 0
2017 0
2017 0
2017 0
2017 0
2017 0
2017 0
2017 0
2017 0
2017 0
2017 0
2017 0
2017 0
2017 0
2017 0
2017 0
2017 0
2017 0
2017 0
2017 0
2017 0
2017 0
2017 0
2017 0
2017 0
2017 0
2017 0
2017 0
2017 21
2017 15
2017 5
2017 2
2017 0
2017 0
2017 0
2017 0
2017 0
2017 0
2017 0
2017 0
2017 0
2017 0
2017 0
2017 0
2017 0
2017 0
2017 0
2017 0
2017 0
2017 0
2017 0
2017 0
2017 0
2017 0
2017 0
2017 0
2017 0
2017 0
2017 0
2017 0
2017 0
2017 0
2017 0
2017 0
2017 0
2017 0
2017 0
2017 0
2017 2
2017 0
2017 0
2017 0
2017 0
2017 0
2017 0
2017 0
2017 0
2017 0
2017 0
2017 0
2017 0
2017 0
2017 0
2017 0
2017 0
2017 0
2017 0
2017 0
2017 0
2017 0
2017 1
2017 0
2017 1
2017 8
2017 8
2017 7
2017 7
2017 7
2017 7
2017 7
2017 7
2017 6
2017 6
2017 6
2017 5
2017 4
2017 4
2017 3
2017 1
2017 1
2017 1
2017 0
2017 0
2017 0
2017 6
2017 11
2017 20
2017 20
2017 19
2017 18
2017 36
2017 30
2017 25
2017 21
2017 20
2017 17
2017 12
2017 10
2017 5
2017 5
2017 0
2017 0
2017 0
2017 0
2017 0
2017 0
2017 0
2017 0
2017 0
2017 5
2017 3
2017 2
2017 0
2017 15
2017 22
2017 36
2017 36
2017 30
2017 20
2017 10
2017 5
2017 0
2017 0
2017 0
2017 0
2017 0
2017 0
2017 0
2017 0
2017 0
2017 0
2017 0
2017 0
2017 0
2017 12
2017 0
2017 0
2017 0
2017 0
2017 0
2017 0
2017 0
2017 0
2017 0
2017 0
2017 0
2017 0
2017 0
2017 0
2017 0
2017 0
2017 0
2017 0
2017 0
2017 0
2017 0
2017 0
2017 0
2017 0
2017 0
2017 0
2017 0
2017 0
2017 0
2017 0
2017 0
2017 0
2017 0
2017 0
2017 0
2017 15
2017 10
2017 0
2017 0
2017 0
2017 0
2017 0
2017 0
2017 0
2017 0
2017 0
2017 0
2017 0
2017 0
2017 0
2017 0
2017 0
2017 0
2017 0
2017 0
2017 0
2017 0
2017 0
2017 0
2017 0
2017 0
2017 0
2017 0
2017 0
2017 0
2017 0
2017 0
2017 0
2017 0
2017 0
2017 0
2017 0
2017 0
2017 0
2017 0
2017 0
2017 0
2017 0
2017 0
2017 0
2017 0
2017 0
2017 0
2017 0
2017 0
2017 0
2017 0
2017 0
2017 0
2017 0
2017 0
2017 0
2017 0
2017 0
2017 0
2017 0
2017 0
2017 0
2017 0
2017 0
2017 0
2017 0
2017 0
2017 0
2017 0
2017 0
2017 0
2017 0
2017 0
2017 0
2017 0
2017 0
2017 0
2017 0
2017 0
2017 0
2017 0
2017 0
2017 0
2017 0
2017 0
2017 0
2017 0
2017 0
2017 0
2017 0
2017 0
2017 0
2017 0
2017 0
2017 0
2017 0
2017 0
2017 0
2017 0
2017 0
2017 0
2017 0
2017 0
2017 0
2017 0
2017 0
2017 0
2017 0
2017 0
2017 0
2017 0
2017 0
2017 0
2017 0
2017 0
2017 0
2017 0
2017 0
2017 0
2017 0
2017 0
2017 0
2018 0
2018 0
2018 0
2018 0
2018 0
2018 0
2018 0
2018 0
2018 0
2018 0
2018 0
2018 0
2018 0
2018 0
2018 0
2018 0
2018 0
2018 0
2018 0
2018 0
2018 0
2018 0
2018 0
2018 0
2018 0
2018 0
2018 0
2018 0
2018 0
2018 0
2018 0
2018 0
2018 0
2018 0
2018 0
2018 0
2018 0
2018 0
2018 0
2018 0
2018 0
2018 0
2018 0
2018 0
2018 0
2018 0
2018 0
2018 0
2018 0
2018 0
2018 0
2018 0
2018 0
2018 0
2018 0
2018 0
2018 0
2018 0
2018 0
2018 0
2018 0
2018 0
2018 0
2018 0
2018 0
2018 0
2018 0
2018 0
2018 0
2018 3
2018 1
2018 0
2018 0
2018 3
2018 2
2018 2
2018 1
2018 0
2018 0
2018 0
2018 0
2018 0
2018 0
2018 0
2018 0
2018 0
2018 0
2018 0
2018 0
2018 1
2018 0
2018 0
2018 8
2018 8
2018 7
2018 7
2018 6
2018 6
2018 24
2018 24
2018 24
2018 40
2018 26
2018 25
2018 30
2018 35
2018 41
2018 40
2018 38
2018 36
2018 36
2018 35
2018 35
2018 35
2018 34
2018 34
2018 34
2018 36
2018 60
2018 55
2018 85
2018 80
2018 74
2018 85
2018 80
2018 80
2018 70
2018 65
2018 62
2018 60
2018 60
2018 60
2018 60
2018 60
2018 60
2018 59
2018 59
2018 70
2018 62
2018 60
2018 59
2018 59
2018 80
2018 70
2018 65
2018 65
2018 60
2018 60
2018 69
2018 68
2018 68
2018 67
2018 67
2018 80
2018 85
2018 80
2018 80
2018 81
2018 82
2018 80
2018 78
2018 77
2018 76
2018 76
2018 75
2018 75
2018 80
2018 85
2018 80
2018 70
2018 68
2018 68
2018 68
2018 65
2018 65
2018 65
2018 65
2018 65
2018 65
2018 65
2018 65
2018 95
2018 90
2018 87
2018 90
2018 90
2018 93
2018 94
2018 90
2018 85
2018 80
2018 75
2018 78
2018 70
2018 65
2018 63
2018 60
2018 68
2018 75
2018 72
2018 70
2018 68
2018 68
2018 67
2018 67
2018 66
2018 66
2018 65
2018 62
2018 60
2018 58
2018 70
2018 65
2018 60
2018 55
2018 50
2018 45
2018 30
2018 20
2018 10
2018 8
2018 6
2018 16
2018 10
2018 11
2018 10
2018 5
2018 0
2018 0
2018 0
2018 0
2018 0
2018 0
2018 0
2018 0
2018 0
2018 0
2018 0
2018 0
2018 0
2018 0
2018 0
2018 0
2018 0
2018 0
2018 0
2018 0
2018 0
2018 0
2018 0
2018 0
2018 0
2018 0
2018 0
2018 0
2018 6
2018 0
2018 0
2018 0
2018 0
2018 0
2018 0
2018 0
2018 0
2018 0
2018 0
2018 0
2018 0
2018 0
2018 0
2018 0
2018 0
2018 0
2018 0
2018 0
2018 0
2018 0
2018 0
2018 0
2018 0
2018 0
2018 0
2018 0
2018 0
2018 0
2018 0
2018 0
2018 0
2018 0
2018 0
2018 0
2018 0
2018 0
2018 0
2018 0
2018 0
2018 0
2018 0
2018 0
2018 0
2018 0
2018 0
2018 0
2018 0
2018 0
2018 0
2018 0
2018 0
2018 0
2018 0
2018 0
2018 0
2018 0
2018 0
2018 0
2018 0
2018 0
2018 0
2018 0
2018 0
2018 0
2018 0
2018 0
2018 0
2018 0
2018 0
2018 0
2018 0
2018 0
2018 0
2018 0
2018 0
2018 0
2018 0
2018 0
2018 0
2018 0
2018 0
2018 0
2018 0
2018 0
2018 0
2018 0
2018 0
2018 0
2018 0
2018 0
2018 0
2018 0
2018 0
2018 0
2018 0
2018 0
2018 0
2018 0
2018 0
2018 0
2018 0
2018 0
2018 0
2018 0
2018 0
2018 0
2018 0
2018 0
2019 0
2019 0
2019 0
2019 0
2019 0
2019 0
2019 0
2019 0
2019 0
2019 0
2019 0
2019 0
2019 0
2019 0
2019 0
2019 0
2019 0
2019 0
2019 0
2019 0
2019 0
2019 0
2019 0
2019 0
2019 0
2019 0
2019 0
2019 0
2019 0
2019 0
2019 0
2019 0
2019 0
2019 0
2019 0
2019 0
2019 0
2019 0
2019 0
2019 0
2019 0
2019 0
2019 0
2019 0
2019 0
2019 0
2019 0
2019 0
2019 0
2019 0
2019 0
2019 0
2019 0
2019 0
2019 0
2019 0
2019 0
2019 0
2019 0
2019 15
2019 5
2019 2
2019 0
2019 0
2019 0
2019 0
2019 0
2019 0
2019 0
2019 0
2019 0
2019 0
2019 0
2019 0
2019 0
2019 0
2019 0
2019 0
2019 0
2019 0
2019 1
2019 0
2019 0
2019 0
2019 0
2019 0
2019 0
2019 0
2019 0
2019 0
2019 0
2019 3
2019 0
2019 0
2019 0
2019 0
2019 0
2019 0
2019 0
2019 0
2019 9
2019 8
2019 7
2019 7
2019 7
2019 6
2019 14
2019 19
2019 19
2019 19
2019 24
2019 24
2019 24
2019 23
2019 23
2019 23
2019 23
2019 23
2019 23
2019 23
2019 23
2019 23
2019 23
2019 23
2019 23
2019 23
2019 23
2019 22
2019 22
2019 21
2019 21
2019 21
2019 20
2019 20
2019 20
2019 20
2019 20
2019 19
2019 18
2019 18
2019 18
2019 18
2019 18
2019 18
2019 18
2019 20
2019 20
2019 20
2019 20
2019 30
2019 28
2019 49
2019 55
2019 51
2019 50
2019 51
2019 50
2019 49
2019 48
2019 46
2019 44
2019 42
2019 40
2019 42
2019 42
2019 40
2019 40
2019 38
2019 37
2019 36
2019 36
2019 34
2019 32
2019 31
2019 28
2019 20
2019 20
2019 18
2019 15
2019 10
2019 5
2019 0
2019 0
2019 0
2019 0
2019 0
2019 0
2019 0
2019 0
2019 0
2019 0
2019 0
2019 1
2019 2
2019 0
2019 10
2019 0
2019 0
2019 0
2019 0
2019 0
2019 0
2019 0
2019 0
2019 0
2019 0
2019 0
2019 0
2019 0
2019 0
2019 0
2019 0
2019 0
2019 0
2019 0
2019 23
2019 10
2019 5
2019 10
2019 0
2019 0
2019 0
2019 0
2019 0
2019 0
2019 0
2019 0
2019 0
2019 0
2019 0
2019 0
2019 0
2019 0
2019 0
2019 0
2019 0
2019 0
2019 0
2019 0
2019 0
2019 0
2019 0
2019 0
2019 0
2019 0
2019 0
2019 0
2019 0
2019 0
2019 0
2019 0
2019 0
2019 0
2019 0
2019 0
2019 0
2019 0
2019 0
2019 0
2019 0
2019 0
2019 0
2019 0
2019 0
2019 0
2019 0
2019 0
2019 0
2019 0
2019 0
2019 0
2019 0
2019 0
2019 0
2019 0
2019 0
2019 0
2019 0
2019 0
2019 0
2019 0
2019 0
2019 0
2019 0
2019 0
2019 0
2019 0
2019 0
2019 0
2019 0
2019 0
2019 0
2019 0
2019 0
2019 0
2019 0
2019 0
2019 0
2019 0
2019 0
2019 0
2019 0
2019 0
2019 0
2019 0
2019 0
2019 0
2019 0
2019 0
2019 0
2019 0
2019 0
2019 0
2019 0
2019 0
2019 0
2019 0
2019 0
2019 0
2019 0
2019 0
2019 0
2019 0
2019 0
2019 0
2019 0
2019 0
2019 0
2019 0
2019 0
2019 0
2019 0
2019 0
2019 0
2019 NA
2019 NA
2019 NA
2019 NA
2019 NA
2019 NA
2019 NA
2019 NA
2019 NA
2019 NA
2019 NA
2019 NA
2019 NA
2019 NA
2019 NA
2019 NA
2019 NA
2019 NA
2019 NA
2019 NA
2019 NA
2019 NA
2019 NA
2019 NA
2019 NA
2019 NA
2019 NA
2019 NA
2019 NA
2019 NA
2019 NA
