1986 0
1986 0
1986 0
1986 0
1986 0
1986 0
1986 0
1986 0
1986 0
1986 0
1986 0
1986 0
1986 0
1986 0
1986 0
1986 0
1986 0
1986 0
1986 0
1986 0
1986 0
1986 0
1986 0
1986 0
1986 0
1986 0
1986 0
1986 0
1986 0
1986 0
1986 0
1986 0
1986 0
1986 0
1986 0
1986 0
1986 0
1986 0
1986 0
1986 0
1986 0
1986 0
1986 0
1986 0
1986 0
1986 0
1986 0
1986 0
1986 0
1986 0
1986 0
1986 0
1986 0
1986 0
1986 0
1986 0
1986 0
1986 0
1986 0
1986 0
1986 0
1986 0
1986 0
1986 0
1986 0
1986 10
1986 0
1986 0
1986 0
1986 0
1986 0
1986 0
1986 0
1986 10
1986 10
1986 10
1986 10
1986 10
1986 10
1986 15
1986 30
1986 40
1986 40
1986 40
1986 40
1986 40
1986 40
1986 35
1986 35
1986 35
1986 30
1986 20
1986 20
1986 20
1986 20
1986 15
1986 15
1986 15
1986 15
1986 15
1986 15
1986 15
1986 15
1986 15
1986 10
1986 10
1986 10
1986 10
1986 10
1986 10
1986 10
1986 10
1986 10
1986 10
1986 10
1986 10
1986 10
1986 10
1986 10
1986 20
1986 20
1986 20
1986 25
1986 25
1986 30
1986 30
1986 30
1986 35
1986 35
1986 35
1986 40
1986 40
1986 40
1986 40
1986 40
1986 40
1986 40
1986 40
1986 40
1986 40
1986 40
1986 35
1986 35
1986 35
1986 35
1986 70
1986 70
1986 70
1986 70
1986 70
1986 70
1986 70
1986 100
1986 140
1986 150
1986 160
1986 160
1986 160
1986 160
1986 160
1986 160
1986 160
1986 155
1986 155
1986 150
1986 145
1986 145
1986 145
1986 140
1986 140
1986 140
1986 145
1986 145
1986 140
1986 140
1986 140
1986 160
1986 155
1986 150
1986 150
1986 150
1986 150
1986 155
1986 155
1986 150
1986 145
1986 140
1986 135
1986 135
1986 130
1986 125
1986 125
1986 135
1986 155
1986 150
1986 145
1986 140
1986 140
1986 135
1986 135
1986 135
1986 135
1986 130
1986 130
1986 125
1986 125
1986 125
1986 120
1986 115
1986 115
1986 115
1986 115
1986 115
1986 110
1986 115
1986 135
1986 135
1986 135
1986 145
1986 150
1986 170
1986 160
1986 160
1986 160
1986 155
1986 150
1986 145
1986 145
1986 175
1986 185
1986 180
1986 175
1986 175
1986 195
1986 205
1986 215
1986 210
1986 220
1986 220
1986 220
1986 280
1986 270
1986 260
1986 250
1986 235
1986 220
1986 205
1986 190
1986 180
1986 175
1986 170
1986 165
1986 155
1986 150
1986 140
1986 130
1986 120
1986 110
1986 100
1986 90
1986 80
1986 70
1986 60
1986 50
1986 40
1986 35
1986 30
1986 25
1986 20
1986 15
1986 10
1986 10
1986 10
1986 0
1986 0
1986 0
1986 0
1986 0
1986 0
1986 0
1986 0
1986 0
1986 0
1986 0
1986 0
1986 0
1986 0
1986 0
1986 0
1986 0
1986 0
1986 0
1986 0
1986 0
1986 0
1986 0
1986 0
1986 0
1986 0
1986 0
1986 0
1986 0
1986 0
1986 0
1986 0
1986 0
1986 0
1986 0
1986 0
1986 0
1986 0
1986 0
1986 0
1986 0
1986 0
1986 0
1986 0
1986 0
1986 0
1986 0
1986 0
1986 0
1986 0
1986 0
1986 0
1986 0
1986 0
1986 0
1986 0
1986 0
1986 0
1986 0
1986 0
1986 0
1986 0
1986 0
1986 0
1986 0
1986 0
1986 0
1986 0
1986 0
1986 0
1986 0
1986 0
1986 0
1986 0
1986 0
1986 0
1986 0
1986 0
1986 0
1986 0
1986 0
1986 0
1986 0
1986 0
1986 0
1986 0
1986 0
1986 0
1986 0
1986 0
1986 0
1986 0
1987 0
1987 0
1987 0
1987 0
1987 0
1987 0
1987 0
1987 0
1987 0
1987 0
1987 0
1987 0
1987 0
1987 0
1987 0
1987 0
1987 0
1987 0
1987 0
1987 0
1987 0
1987 0
1987 0
1987 0
1987 0
1987 0
1987 0
1987 0
1987 0
1987 0
1987 0
1987 0
1987 0
1987 0
1987 0
1987 0
1987 0
1987 0
1987 0
1987 0
1987 0
1987 0
1987 0
1987 0
1987 0
1987 0
1987 0
1987 0
1987 0
1987 0
1987 0
1987 0
1987 0
1987 0
1987 0
1987 0
1987 0
1987 0
1987 0
1987 0
1987 0
1987 0
1987 0
1987 0
1987 0
1987 0
1987 0
1987 0
1987 0
1987 0
1987 0
1987 0
1987 0
1987 0
1987 0
1987 10
1987 10
1987 10
1987 10
1987 10
1987 10
1987 10
1987 10
1987 10
1987 10
1987 10
1987 10
1987 5
1987 5
1987 5
1987 5
1987 5
1987 5
1987 5
1987 5
1987 5
1987 5
1987 5
1987 5
1987 15
1987 15
1987 15
1987 15
1987 15
1987 10
1987 10
1987 10
1987 10
1987 15
1987 25
1987 25
1987 25
1987 25
1987 25
1987 25
1987 25
1987 30
1987 30
1987 30
1987 30
1987 30
1987 30
1987 30
1987 25
1987 25
1987 25
1987 25
1987 25
1987 25
1987 25
1987 25
1987 20
1987 25
1987 25
1987 40
1987 40
1987 60
1987 80
1987 95
1987 95
1987 95
1987 95
1987 90
1987 90
1987 85
1987 85
1987 80
1987 80
1987 75
1987 75
1987 75
1987 75
1987 75
1987 70
1987 70
1987 65
1987 70
1987 70
1987 70
1987 70
1987 70
1987 65
1987 65
1987 70
1987 75
1987 80
1987 80
1987 80
1987 80
1987 80
1987 80
1987 80
1987 120
1987 140
1987 140
1987 130
1987 125
1987 125
1987 120
1987 120
1987 130
1987 135
1987 125
1987 125
1987 125
1987 125
1987 125
1987 125
1987 125
1987 125
1987 125
1987 120
1987 115
1987 110
1987 110
1987 105
1987 105
1987 100
1987 100
1987 100
1987 100
1987 100
1987 100
1987 95
1987 95
1987 95
1987 95
1987 90
1987 90
1987 95
1987 95
1987 95
1987 90
1987 90
1987 90
1987 100
1987 110
1987 120
1987 110
1987 100
1987 95
1987 90
1987 90
1987 90
1987 90
1987 85
1987 85
1987 80
1987 80
1987 75
1987 70
1987 65
1987 60
1987 60
1987 55
1987 50
1987 45
1987 40
1987 40
1987 35
1987 35
1987 30
1987 25
1987 20
1987 15
1987 15
1987 15
1987 10
1987 10
1987 10
1987 10
1987 10
1987 10
1987 10
1987 10
1987 10
1987 10
1987 10
1987 10
1987 15
1987 10
1987 5
1987 0
1987 0
1987 0
1987 0
1987 0
1987 0
1987 0
1987 0
1987 0
1987 0
1987 0
1987 0
1987 0
1987 0
1987 0
1987 0
1987 0
1987 0
1987 0
1987 0
1987 0
1987 0
1987 0
1987 0
1987 0
1987 0
1987 0
1987 0
1987 0
1987 0
1987 0
1987 0
1987 0
1987 0
1987 0
1987 0
1987 0
1987 0
1987 0
1987 0
1987 0
1987 0
1987 0
1987 0
1987 0
1987 0
1987 0
1987 0
1987 0
1987 0
1987 0
1987 0
1987 0
1987 0
1987 0
1987 0
1987 0
1987 0
1987 0
1987 0
1987 0
1987 0
1987 0
1987 0
1987 0
1987 0
1987 0
1987 0
1987 0
1987 0
1987 0
1987 0
1987 0
1987 0
1987 0
1987 0
1987 0
1987 0
1987 0
1987 0
1987 0
1987 0
1987 0
1987 0
1987 0
1987 0
1987 0
1987 0
1987 0
1987 0
1987 0
1987 0
1987 0
1987 0
1987 0
1987 0
1987 0
1987 0
1987 0
1987 0
1987 0
1987 0
1987 0
1988 0
1988 0
1988 0
1988 0
1988 0
1988 0
1988 0
1988 0
1988 0
1988 0
1988 0
1988 0
1988 0
1988 0
1988 0
1988 0
1988 0
1988 0
1988 0
1988 0
1988 0
1988 0
1988 0
1988 0
1988 0
1988 0
1988 0
1988 0
1988 0
1988 0
1988 0
1988 0
1988 0
1988 0
1988 0
1988 0
1988 0
1988 0
1988 0
1988 0
1988 0
1988 0
1988 5
1988 0
1988 0
1988 0
1988 0
1988 0
1988 0
1988 0
1988 0
1988 0
1988 0
1988 0
1988 0
1988 0
1988 0
1988 0
1988 0
1988 0
1988 0
1988 0
1988 0
1988 0
1988 0
1988 0
1988 0
1988 0
1988 0
1988 0
1988 5
1988 5
1988 0
1988 5
1988 5
1988 5
1988 5
1988 5
1988 0
1988 0
1988 5
1988 5
1988 5
1988 5
1988 40
1988 50
1988 50
1988 40
1988 35
1988 35
1988 40
1988 40
1988 60
1988 65
1988 70
1988 85
1988 90
1988 80
1988 80
1988 75
1988 75
1988 75
1988 70
1988 70
1988 70
1988 75
1988 70
1988 70
1988 55
1988 45
1988 40
1988 35
1988 30
1988 25
1988 25
1988 25
1988 25
1988 25
1988 20
1988 15
1988 15
1988 15
1988 15
1988 15
1988 15
1988 15
1988 20
1988 20
1988 20
1988 20
1988 20
1988 20
1988 20
1988 20
1988 20
1988 25
1988 55
1988 55
1988 50
1988 50
1988 50
1988 60
1988 60
1988 60
1988 50
1988 50
1988 50
1988 60
1988 60
1988 55
1988 60
1988 60
1988 60
1988 60
1988 60
1988 60
1988 60
1988 60
1988 60
1988 75
1988 75
1988 75
1988 75
1988 80
1988 85
1988 80
1988 80
1988 75
1988 75
1988 70
1988 65
1988 65
1988 65
1988 60
1988 55
1988 50
1988 50
1988 45
1988 45
1988 45
1988 45
1988 45
1988 45
1988 45
1988 45
1988 45
1988 45
1988 45
1988 45
1988 45
1988 45
1988 45
1988 45
1988 40
1988 40
1988 40
1988 40
1988 45
1988 45
1988 45
1988 45
1988 40
1988 40
1988 40
1988 40
1988 45
1988 50
1988 60
1988 65
1988 60
1988 55
1988 55
1988 60
1988 60
1988 60
1988 60
1988 60
1988 65
1988 70
1988 70
1988 80
1988 80
1988 70
1988 65
1988 65
1988 75
1988 70
1988 65
1988 60
1988 65
1988 65
1988 60
1988 55
1988 50
1988 50
1988 45
1988 40
1988 40
1988 35
1988 35
1988 40
1988 40
1988 40
1988 35
1988 40
1988 45
1988 40
1988 35
1988 30
1988 25
1988 20
1988 15
1988 10
1988 10
1988 5
1988 5
1988 5
1988 0
1988 0
1988 0
1988 0
1988 0
1988 0
1988 0
1988 0
1988 0
1988 0
1988 0
1988 0
1988 0
1988 0
1988 0
1988 0
1988 0
1988 0
1988 0
1988 0
1988 0
1988 0
1988 0
1988 0
1988 0
1988 0
1988 0
1988 0
1988 0
1988 0
1988 0
1988 0
1988 0
1988 0
1988 0
1988 0
1988 0
1988 0
1988 0
1988 0
1988 0
1988 0
1988 0
1988 0
1988 0
1988 0
1988 0
1988 0
1988 0
1988 0
1988 0
1988 0
1988 0
1988 0
1988 0
1988 0
1988 0
1988 0
1988 0
1988 0
1988 0
1988 0
1988 0
1988 0
1988 0
1988 0
1988 0
1988 0
1988 0
1988 0
1988 0
1988 0
1988 0
1988 0
1988 0
1988 0
1988 0
1988 0
1988 0
1988 0
1988 0
1988 0
1988 0
1988 0
1988 0
1988 0
1988 0
1988 0
1988 0
1988 0
1988 0
1988 0
1988 0
1988 0
1988 0
1988 0
1988 0
1988 0
1988 0
1988 0
1988 0
1988 0
1988 0
1988 0
1988 0
1988 0
1988 0
1988 0
1988 0
1989 0
1989 0
1989 0
1989 0
1989 0
1989 0
1989 0
1989 0
1989 0
1989 0
1989 0
1989 0
1989 0
1989 0
1989 0
1989 0
1989 0
1989 0
1989 0
1989 0
1989 0
1989 0
1989 0
1989 0
1989 0
1989 0
1989 0
1989 0
1989 0
1989 0
1989 0
1989 0
1989 0
1989 0
1989 0
1989 0
1989 0
1989 0
1989 0
1989 0
1989 0
1989 0
1989 0
1989 0
1989 0
1989 0
1989 0
1989 0
1989 0
1989 0
1989 0
1989 0
1989 0
1989 0
1989 0
1989 0
1989 0
1989 0
1989 0
1989 0
1989 0
1989 0
1989 0
1989 0
1989 0
1989 0
1989 0
1989 0
1989 0
1989 0
1989 0
1989 0
1989 0
1989 0
1989 0
1989 0
1989 0
1989 0
1989 0
1989 0
1989 0
1989 15
1989 15
1989 15
1989 15
1989 10
1989 10
1989 10
1989 5
1989 5
1989 5
1989 5
1989 25
1989 20
1989 20
1989 20
1989 25
1989 25
1989 25
1989 25
1989 20
1989 20
1989 15
1989 15
1989 15
1989 15
1989 15
1989 15
1989 15
1989 15
1989 30
1989 30
1989 20
1989 20
1989 20
1989 20
1989 20
1989 15
1989 15
1989 10
1989 10
1989 10
1989 10
1989 10
1989 10
1989 10
1989 10
1989 10
1989 10
1989 10
1989 10
1989 10
1989 10
1989 10
1989 10
1989 10
1989 10
1989 10
1989 10
1989 10
1989 10
1989 10
1989 10
1989 10
1989 10
1989 10
1989 10
1989 10
1989 10
1989 10
1989 10
1989 10
1989 10
1989 10
1989 10
1989 10
1989 10
1989 10
1989 10
1989 10
1989 10
1989 10
1989 10
1989 10
1989 10
1989 10
1989 10
1989 10
1989 10
1989 10
1989 10
1989 10
1989 10
1989 5
1989 5
1989 5
1989 10
1989 25
1989 35
1989 40
1989 45
1989 45
1989 45
1989 50
1989 50
1989 50
1989 45
1989 40
1989 40
1989 40
1989 40
1989 40
1989 35
1989 35
1989 35
1989 35
1989 30
1989 30
1989 35
1989 35
1989 30
1989 35
1989 35
1989 30
1989 30
1989 30
1989 25
1989 25
1989 20
1989 20
1989 20
1989 15
1989 20
1989 25
1989 20
1989 30
1989 55
1989 55
1989 50
1989 55
1989 55
1989 55
1989 60
1989 55
1989 80
1989 80
1989 75
1989 70
1989 75
1989 70
1989 70
1989 65
1989 65
1989 65
1989 65
1989 60
1989 60
1989 110
1989 120
1989 120
1989 115
1989 110
1989 105
1989 100
1989 95
1989 90
1989 80
1989 65
1989 55
1989 45
1989 35
1989 30
1989 25
1989 20
1989 15
1989 10
1989 10
1989 5
1989 0
1989 0
1989 0
1989 0
1989 0
1989 0
1989 0
1989 0
1989 0
1989 0
1989 0
1989 0
1989 0
1989 0
1989 0
1989 0
1989 0
1989 0
1989 0
1989 1
1989 0
1989 0
1989 0
1989 0
1989 0
1989 0
1989 0
1989 0
1989 0
1989 0
1989 0
1989 0
1989 0
1989 0
1989 0
1989 0
1989 0
1989 0
1989 0
1989 0
1989 0
1989 0
1989 0
1989 0
1989 0
1989 0
1989 0
1989 0
1989 0
1989 0
1989 0
1989 0
1989 0
1989 0
1989 0
1989 0
1989 0
1989 0
1989 0
1989 0
1989 0
1989 0
1989 0
1989 0
1989 0
1989 0
1989 0
1989 0
1989 0
1989 0
1989 0
1989 0
1989 0
1989 0
1989 0
1989 0
1989 0
1989 0
1989 0
1989 0
1989 0
1989 0
1989 0
1989 0
1989 0
1989 0
1989 0
1989 0
1989 0
1989 0
1989 0
1989 0
1989 0
1989 0
1989 0
1989 0
1989 0
1989 0
1989 0
1989 0
1989 0
1989 0
1989 0
1989 0
1989 0
1989 0
1989 0
1990 0
1990 0
1990 0
1990 0
1990 0
1990 0
1990 0
1990 0
1990 0
1990 0
1990 0
1990 0
1990 0
1990 0
1990 0
1990 0
1990 0
1990 0
1990 0
1990 0
1990 0
1990 0
1990 0
1990 0
1990 0
1990 0
1990 0
1990 0
1990 0
1990 0
1990 0
1990 0
1990 0
1990 0
1990 0
1990 0
1990 0
1990 0
1990 0
1990 0
1990 0
1990 0
1990 0
1990 0
1990 0
1990 0
1990 0
1990 0
1990 0
1990 0
1990 0
1990 0
1990 0
1990 0
1990 0
1990 0
1990 0
1990 0
1990 0
1990 0
1990 0
1990 0
1990 0
1990 0
1990 0
1990 0
1990 0
1990 0
1990 0
1990 0
1990 0
1990 0
1990 0
1990 0
1990 0
1990 0
1990 0
1990 0
1990 0
1990 0
1990 0
1990 0
1990 0
1990 1
1990 1
1990 1
1990 1
1990 0
1990 0
1990 0
1990 0
1990 0
1990 0
1990 0
1990 0
1990 0
1990 0
1990 0
1990 0
1990 0
1990 0
1990 0
1990 0
1990 0
1990 0
1990 0
1990 0
1990 0
1990 0
1990 25
1990 25
1990 24
1990 20
1990 25
1990 25
1990 25
1990 20
1990 20
1990 20
1990 20
1990 20
1990 20
1990 20
1990 15
1990 15
1990 15
1990 15
1990 15
1990 15
1990 15
1990 15
1990 15
1990 15
1990 15
1990 15
1990 15
1990 15
1990 15
1990 15
1990 10
1990 10
1990 10
1990 10
1990 10
1990 10
1990 15
1990 10
1990 20
1990 20
1990 20
1990 25
1990 25
1990 25
1990 25
1990 25
1990 30
1990 30
1990 25
1990 25
1990 25
1990 20
1990 20
1990 20
1990 35
1990 40
1990 40
1990 40
1990 45
1990 45
1990 55
1990 55
1990 55
1990 50
1990 50
1990 50
1990 45
1990 45
1990 40
1990 40
1990 40
1990 45
1990 45
1990 45
1990 45
1990 45
1990 45
1990 40
1990 40
1990 40
1990 50
1990 45
1990 45
1990 40
1990 35
1990 35
1990 35
1990 30
1990 30
1990 35
1990 40
1990 35
1990 35
1990 30
1990 30
1990 30
1990 30
1990 30
1990 30
1990 30
1990 35
1990 35
1990 30
1990 30
1990 30
1990 35
1990 35
1990 35
1990 40
1990 50
1990 50
1990 50
1990 45
1990 45
1990 45
1990 40
1990 40
1990 45
1990 45
1990 45
1990 40
1990 40
1990 45
1990 125
1990 115
1990 125
1990 115
1990 110
1990 105
1990 100
1990 95
1990 90
1990 85
1990 60
1990 40
1990 35
1990 30
1990 25
1990 20
1990 15
1990 10
1990 10
1990 5
1990 5
1990 5
1990 0
1990 0
1990 0
1990 0
1990 0
1990 0
1990 0
1990 0
1990 0
1990 0
1990 0
1990 0
1990 0
1990 0
1990 0
1990 0
1990 0
1990 0
1990 0
1990 0
1990 0
1990 0
1990 0
1990 0
1990 0
1990 0
1990 0
1990 0
1990 0
1990 0
1990 0
1990 0
1990 0
1990 0
1990 0
1990 0
1990 0
1990 0
1990 0
1990 0
1990 0
1990 0
1990 0
1990 0
1990 0
1990 0
1990 0
1990 0
1990 0
1990 0
1990 0
1990 0
1990 0
1990 0
1990 0
1990 0
1990 0
1990 0
1990 0
1990 0
1990 0
1990 0
1990 0
1990 0
1990 0
1990 0
1990 0
1990 0
1990 0
1990 0
1990 0
1990 0
1990 0
1990 0
1990 0
1990 0
1990 0
1990 0
1990 0
1990 0
1990 0
1990 0
1990 0
1990 0
1990 0
1990 0
1990 0
1990 0
1990 0
1990 0
1990 0
1990 0
1990 0
1990 0
1990 0
1990 0
1990 0
1990 0
1990 0
1990 0
1990 0
1990 0
1990 0
1990 0
1990 0
1990 0
1990 0
1990 0
1990 0
1990 0
1990 0
1991 0
1991 0
1991 0
1991 0
1991 0
1991 0
1991 0
1991 0
1991 0
1991 0
1991 0
1991 0
1991 0
1991 0
1991 0
1991 0
1991 0
1991 0
1991 0
1991 0
1991 0
1991 0
1991 0
1991 0
1991 0
1991 0
1991 0
1991 0
1991 0
1991 0
1991 0
1991 0
1991 0
1991 0
1991 0
1991 0
1991 0
1991 0
1991 0
1991 0
1991 0
1991 0
1991 0
1991 0
1991 0
1991 0
1991 0
1991 0
1991 0
1991 0
1991 0
1991 0
1991 0
1991 14
1991 9
1991 9
1991 9
1991 5
1991 15
1991 0
1991 0
1991 0
1991 0
1991 1
1991 0
1991 0
1991 0
1991 0
1991 0
1991 0
1991 0
1991 0
1991 1
1991 0
1991 0
1991 0
1991 0
1991 0
1991 0
1991 0
1991 0
1991 0
1991 0
1991 10
1991 10
1991 15
1991 20
1991 25
1991 25
1991 25
1991 25
1991 25
1991 20
1991 20
1991 20
1991 20
1991 20
1991 15
1991 15
1991 20
1991 50
1991 50
1991 50
1991 45
1991 45
1991 45
1991 45
1991 45
1991 45
1991 45
1991 45
1991 45
1991 40
1991 40
1991 40
1991 35
1991 40
1991 45
1991 45
1991 40
1991 35
1991 35
1991 30
1991 30
1991 30
1991 25
1991 25
1991 25
1991 40
1991 40
1991 40
1991 40
1991 35
1991 35
1991 40
1991 70
1991 110
1991 110
1991 110
1991 105
1991 100
1991 95
1991 90
1991 90
1991 90
1991 85
1991 85
1991 80
1991 80
1991 75
1991 75
1991 75
1991 75
1991 75
1991 75
1991 75
1991 75
1991 75
1991 75
1991 75
1991 75
1991 80
1991 90
1991 90
1991 85
1991 85
1991 85
1991 80
1991 80
1991 85
1991 85
1991 85
1991 85
1991 85
1991 80
1991 80
1991 80
1991 75
1991 75
1991 70
1991 70
1991 75
1991 80
1991 80
1991 75
1991 70
1991 70
1991 75
1991 85
1991 110
1991 110
1991 105
1991 100
1991 100
1991 100
1991 100
1991 95
1991 95
1991 95
1991 95
1991 90
1991 90
1991 90
1991 90
1991 95
1991 95
1991 95
1991 90
1991 90
1991 90
1991 90
1991 85
1991 85
1991 85
1991 80
1991 85
1991 85
1991 85
1991 80
1991 80
1991 75
1991 70
1991 65
1991 65
1991 65
1991 65
1991 60
1991 60
1991 60
1991 60
1991 60
1991 60
1991 60
1991 55
1991 55
1991 55
1991 55
1991 65
1991 70
1991 65
1991 75
1991 70
1991 70
1991 70
1991 65
1991 65
1991 65
1991 65
1991 65
1991 65
1991 65
1991 70
1991 70
1991 70
1991 65
1991 60
1991 60
1991 55
1991 55
1991 55
1991 50
1991 50
1991 45
1991 40
1991 35
1991 30
1991 25
1991 25
1991 20
1991 20
1991 15
1991 15
1991 10
1991 0
1991 0
1991 0
1991 0
1991 0
1991 0
1991 0
1991 0
1991 0
1991 0
1991 0
1991 0
1991 0
1991 0
1991 0
1991 0
1991 0
1991 0
1991 0
1991 0
1991 0
1991 0
1991 0
1991 0
1991 0
1991 0
1991 0
1991 0
1991 0
1991 0
1991 0
1991 0
1991 0
1991 0
1991 0
1991 0
1991 0
1991 0
1991 0
1991 0
1991 0
1991 0
1991 0
1991 0
1991 0
1991 0
1991 0
1991 0
1991 0
1991 0
1991 0
1991 0
1991 0
1991 0
1991 0
1991 0
1991 0
1991 0
1991 0
1991 0
1991 0
1991 0
1991 0
1991 0
1991 0
1991 0
1991 0
1991 0
1991 0
1991 0
1991 0
1991 0
1991 0
1991 0
1991 0
1991 0
1991 0
1991 0
1991 0
1991 0
1991 0
1991 0
1991 0
1991 0
1991 0
1991 0
1991 0
1991 0
1991 0
1991 0
1991 0
1991 0
1992 0
1992 0
1992 0
1992 0
1992 0
1992 0
1992 0
1992 0
1992 0
1992 0
1992 0
1992 0
1992 0
1992 0
1992 0
1992 0
1992 0
1992 0
1992 0
1992 0
1992 0
1992 0
1992 0
1992 0
1992 0
1992 0
1992 0
1992 0
1992 0
1992 0
1992 0
1992 0
1992 0
1992 0
1992 0
1992 0
1992 0
1992 5
1992 0
1992 0
1992 0
1992 0
1992 0
1992 0
1992 0
1992 0
1992 0
1992 0
1992 0
1992 0
1992 0
1992 0
1992 0
1992 0
1992 0
1992 0
1992 0
1992 0
1992 0
1992 0
1992 2
1992 0
1992 0
1992 0
1992 0
1992 0
1992 0
1992 0
1992 0
1992 0
1992 0
1992 0
1992 0
1992 0
1992 10
1992 10
1992 10
1992 10
1992 10
1992 10
1992 10
1992 15
1992 15
1992 15
1992 20
1992 15
1992 15
1992 10
1992 10
1992 10
1992 10
1992 10
1992 10
1992 10
1992 10
1992 10
1992 10
1992 10
1992 10
1992 10
1992 10
1992 10
1992 10
1992 10
1992 10
1992 10
1992 10
1992 10
1992 10
1992 10
1992 10
1992 10
1992 20
1992 15
1992 15
1992 15
1992 15
1992 15
1992 15
1992 15
1992 15
1992 15
1992 15
1992 15
1992 10
1992 10
1992 10
1992 10
1992 10
1992 10
1992 10
1992 20
1992 20
1992 20
1992 20
1992 20
1992 20
1992 20
1992 20
1992 20
1992 20
1992 20
1992 25
1992 25
1992 35
1992 60
1992 70
1992 70
1992 70
1992 65
1992 65
1992 65
1992 60
1992 60
1992 60
1992 60
1992 55
1992 55
1992 55
1992 50
1992 50
1992 50
1992 50
1992 50
1992 45
1992 45
1992 50
1992 50
1992 40
1992 40
1992 40
1992 40
1992 40
1992 40
1992 40
1992 40
1992 40
1992 35
1992 35
1992 35
1992 40
1992 40
1992 35
1992 35
1992 35
1992 35
1992 30
1992 35
1992 35
1992 30
1992 30
1992 30
1992 30
1992 30
1992 30
1992 30
1992 30
1992 25
1992 25
1992 25
1992 25
1992 25
1992 20
1992 20
1992 25
1992 25
1992 25
1992 25
1992 25
1992 25
1992 25
1992 20
1992 40
1992 50
1992 45
1992 45
1992 45
1992 55
1992 55
1992 50
1992 60
1992 60
1992 60
1992 55
1992 50
1992 45
1992 45
1992 40
1992 45
1992 45
1992 45
1992 40
1992 40
1992 35
1992 35
1992 30
1992 30
1992 25
1992 25
1992 20
1992 15
1992 10
1992 10
1992 5
1992 5
1992 5
1992 0
1992 0
1992 0
1992 0
1992 0
1992 0
1992 0
1992 0
1992 0
1992 0
1992 0
1992 0
1992 0
1992 0
1992 0
1992 0
1992 0
1992 10
1992 10
1992 10
1992 0
1992 0
1992 0
1992 0
1992 0
1992 0
1992 0
1992 0
1992 0
1992 0
1992 0
1992 0
1992 0
1992 0
1992 0
1992 0
1992 0
1992 0
1992 0
1992 0
1992 0
1992 0
1992 0
1992 0
1992 0
1992 0
1992 0
1992 0
1992 0
1992 0
1992 0
1992 0
1992 0
1992 0
1992 0
1992 0
1992 0
1992 0
1992 0
1992 0
1992 0
1992 0
1992 0
1992 0
1992 0
1992 0
1992 0
1992 0
1992 0
1992 0
1992 0
1992 0
1992 0
1992 0
1992 0
1992 0
1992 0
1992 0
1992 0
1992 0
1992 0
1992 0
1992 0
1992 0
1992 0
1992 0
1992 0
1992 0
1992 0
1992 0
1992 0
1992 0
1992 0
1992 0
1992 0
1992 0
1992 0
1992 0
1992 0
1992 0
1992 0
1992 0
1992 0
1992 0
1992 0
1992 0
1992 0
1992 0
1992 0
1992 0
1992 0
1992 0
1992 0
1992 0
1992 0
1992 0
1992 0
1992 0
1992 0
1992 0
1993 0
1993 0
1993 0
1993 0
1993 0
1993 0
1993 0
1993 0
1993 0
1993 0
1993 0
1993 0
1993 0
1993 0
1993 0
1993 0
1993 0
1993 0
1993 0
1993 0
1993 0
1993 0
1993 0
1993 0
1993 0
1993 0
1993 0
1993 0
1993 0
1993 0
1993 0
1993 0
1993 0
1993 10
1993 15
1993 15
1993 10
1993 10
1993 5
1993 0
1993 0
1993 0
1993 0
1993 0
1993 0
1993 0
1993 1
1993 5
1993 5
1993 15
1993 20
1993 20
1993 15
1993 15
1993 20
1993 10
1993 10
1993 10
1993 10
1993 10
1993 30
1993 25
1993 20
1993 15
1993 10
1993 10
1993 5
1993 5
1993 5
1993 5
1993 5
1993 0
1993 0
1993 5
1993 20
1993 20
1993 30
1993 30
1993 30
1993 30
1993 30
1993 25
1993 20
1993 15
1993 10
1993 10
1993 10
1993 5
1993 5
1993 5
1993 5
1993 5
1993 5
1993 5
1993 10
1993 20
1993 20
1993 20
1993 40
1993 35
1993 35
1993 35
1993 30
1993 30
1993 30
1993 25
1993 25
1993 25
1993 25
1993 25
1993 20
1993 20
1993 20
1993 20
1993 20
1993 20
1993 20
1993 20
1993 20
1993 20
1993 20
1993 15
1993 15
1993 15
1993 15
1993 15
1993 15
1993 15
1993 15
1993 15
1993 10
1993 10
1993 10
1993 10
1993 10
1993 10
1993 10
1993 5
1993 5
1993 5
1993 5
1993 5
1993 5
1993 5
1993 5
1993 5
1993 5
1993 5
1993 5
1993 5
1993 5
1993 1
1993 1
1993 0
1993 0
1993 0
1993 0
1993 0
1993 0
1993 0
1993 0
1993 0
1993 0
1993 0
1993 0
1993 0
1993 0
1993 0
1993 0
1993 0
1993 0
1993 0
1993 0
1993 1
1993 0
1993 0
1993 0
1993 0
1993 0
1993 1
1993 15
1993 45
1993 140
1993 160
1993 150
1993 145
1993 135
1993 125
1993 115
1993 110
1993 100
1993 100
1993 95
1993 95
1993 95
1993 90
1993 85
1993 85
1993 80
1993 80
1993 80
1993 75
1993 75
1993 75
1993 70
1993 65
1993 65
1993 60
1993 60
1993 60
1993 55
1993 50
1993 45
1993 50
1993 50
1993 45
1993 45
1993 45
1993 45
1993 40
1993 40
1993 40
1993 35
1993 35
1993 35
1993 35
1993 30
1993 30
1993 25
1993 25
1993 20
1993 15
1993 15
1993 15
1993 10
1993 10
1993 20
1993 60
1993 60
1993 60
1993 100
1993 110
1993 0
1993 1
1993 0
1993 0
1993 0
1993 0
1993 0
1993 0
1993 0
1993 0
1993 0
1993 0
1993 0
1993 0
1993 0
1993 0
1993 0
1993 0
1993 0
1993 0
1993 0
1993 0
1993 0
1993 0
1993 0
1993 0
1993 0
1993 0
1993 0
1993 0
1993 0
1993 0
1993 0
1993 0
1993 0
1993 0
1993 0
1993 0
1993 0
1993 0
1993 0
1993 0
1993 0
1993 0
1993 0
1993 0
1993 0
1993 0
1993 0
1993 0
1993 0
1993 0
1993 0
1993 0
1993 0
1993 0
1993 0
1993 0
1993 0
1993 0
1993 0
1993 0
1993 0
1993 0
1993 0
1993 0
1993 0
1993 0
1993 0
1993 0
1993 0
1993 0
1993 0
1993 0
1993 0
1993 0
1993 0
1993 0
1993 0
1993 0
1993 0
1993 0
1993 0
1993 0
1993 0
1993 0
1993 0
1993 0
1993 0
1993 0
1993 0
1993 0
1993 0
1993 0
1993 0
1993 0
1993 0
1993 0
1993 0
1993 0
1993 0
1993 0
1993 0
1993 0
1993 0
1993 0
1993 0
1993 0
1993 0
1993 0
1993 0
1993 0
1993 0
1993 0
1993 0
1993 0
1993 0
1993 0
1993 0
1993 0
1993 0
1993 0
1993 0
1994 0
1994 0
1994 0
1994 0
1994 0
1994 0
1994 0
1994 0
1994 0
1994 0
1994 0
1994 0
1994 0
1994 0
1994 0
1994 0
1994 0
1994 0
1994 0
1994 0
1994 0
1994 0
1994 0
1994 0
1994 0
1994 0
1994 0
1994 5
1994 0
1994 0
1994 10
1994 5
1994 5
1994 5
1994 0
1994 0
1994 0
1994 0
1994 0
1994 0
1994 0
1994 0
1994 0
1994 0
1994 0
1994 0
1994 0
1994 0
1994 0
1994 0
1994 0
1994 1
1994 20
1994 20
1994 25
1994 25
1994 25
1994 25
1994 20
1994 20
1994 15
1994 25
1994 25
1994 25
1994 20
1994 15
1994 15
1994 10
1994 10
1994 10
1994 10
1994 5
1994 5
1994 5
1994 5
1994 5
1994 2
1994 1
1994 0
1994 0
1994 0
1994 0
1994 0
1994 0
1994 10
1994 15
1994 15
1994 15
1994 15
1994 10
1994 10
1994 15
1994 15
1994 15
1994 10
1994 10
1994 10
1994 10
1994 15
1994 10
1994 10
1994 10
1994 10
1994 10
1994 10
1994 10
1994 15
1994 20
1994 20
1994 20
1994 15
1994 10
1994 5
1994 5
1994 10
1994 10
1994 13
1994 13
1994 13
1994 13
1994 13
1994 13
1994 15
1994 15
1994 30
1994 30
1994 30
1994 40
1994 45
1994 80
1994 80
1994 80
1994 95
1994 95
1994 95
1994 95
1994 95
1994 95
1994 95
1994 95
1994 95
1994 95
1994 95
1994 90
1994 90
1994 90
1994 85
1994 85
1994 85
1994 85
1994 85
1994 85
1994 85
1994 85
1994 80
1994 80
1994 80
1994 100
1994 160
1994 155
1994 155
1994 155
1994 155
1994 155
1994 150
1994 150
1994 150
1994 160
1994 160
1994 155
1994 155
1994 150
1994 150
1994 150
1994 150
1994 145
1994 140
1994 140
1994 135
1994 130
1994 125
1994 125
1994 125
1994 125
1994 125
1994 120
1994 115
1994 110
1994 105
1994 100
1994 100
1994 95
1994 95
1994 90
1994 90
1994 90
1994 85
1994 80
1994 75
1994 70
1994 65
1994 65
1994 60
1994 60
1994 55
1994 55
1994 50
1994 50
1994 45
1994 45
1994 40
1994 40
1994 35
1994 35
1994 35
1994 35
1994 40
1994 40
1994 40
1994 40
1994 40
1994 45
1994 40
1994 40
1994 40
1994 40
1994 45
1994 45
1994 50
1994 50
1994 50
1994 55
1994 55
1994 50
1994 45
1994 40
1994 50
1994 45
1994 40
1994 35
1994 30
1994 25
1994 20
1994 15
1994 10
1994 10
1994 5
1994 5
1994 0
1994 0
1994 1
1994 0
1994 0
1994 0
1994 0
1994 0
1994 0
1994 0
1994 0
1994 0
1994 0
1994 0
1994 0
1994 0
1994 0
1994 0
1994 0
1994 0
1994 0
1994 0
1994 0
1994 0
1994 0
1994 0
1994 0
1994 0
1994 0
1994 0
1994 0
1994 0
1994 0
1994 0
1994 0
1994 0
1994 0
1994 0
1994 0
1994 0
1994 0
1994 0
1994 0
1994 0
1994 0
1994 0
1994 0
1994 0
1994 0
1994 0
1994 0
1994 0
1994 0
1994 0
1994 0
1994 0
1994 0
1994 0
1994 0
1994 0
1994 0
1994 0
1994 0
1994 0
1994 0
1994 0
1994 0
1994 0
1994 0
1994 0
1994 0
1994 0
1994 0
1994 0
1994 0
1994 0
1994 0
1994 0
1994 0
1994 0
1994 0
1994 0
1994 0
1994 0
1994 0
1994 0
1994 0
1994 0
1994 0
1994 0
1994 0
1994 0
1994 0
1994 0
1994 0
1994 0
1994 0
1994 0
1994 0
1994 0
1994 0
1994 0
1994 0
1994 0
1994 0
1994 0
1994 0
1994 0
1994 0
1994 0
1994 0
1994 0
1994 0
1994 0
1994 0
1994 0
1994 0
1995 0
1995 0
1995 0
1995 0
1995 0
1995 0
1995 0
1995 0
1995 0
1995 0
1995 0
1995 0
1995 0
1995 0
1995 0
1995 0
1995 5
1995 0
1995 0
1995 0
1995 0
1995 0
1995 0
1995 0
1995 0
1995 0
1995 0
1995 0
1995 0
1995 0
1995 0
1995 0
1995 0
1995 0
1995 0
1995 0
1995 0
1995 0
1995 0
1995 0
1995 0
1995 0
1995 0
1995 0
1995 0
1995 0
1995 0
1995 0
1995 0
1995 5
1995 5
1995 5
1995 15
1995 20
1995 15
1995 15
1995 15
1995 15
1995 20
1995 15
1995 10
1995 5
1995 5
1995 0
1995 0
1995 0
1995 1
1995 5
1995 5
1995 5
1995 5
1995 5
1995 0
1995 0
1995 0
1995 0
1995 0
1995 0
1995 0
1995 1
1995 0
1995 0
1995 0
1995 0
1995 0
1995 0
1995 0
1995 0
1995 0
1995 0
1995 0
1995 0
1995 0
1995 0
1995 0
1995 0
1995 0
1995 0
1995 0
1995 0
1995 0
1995 0
1995 0
1995 0
1995 0
1995 0
1995 0
1995 0
1995 0
1995 0
1995 5
1995 5
1995 5
1995 5
1995 5
1995 5
1995 5
1995 5
1995 5
1995 5
1995 5
1995 15
1995 5
1995 15
1995 15
1995 10
1995 10
1995 10
1995 10
1995 10
1995 5
1995 5
1995 30
1995 30
1995 30
1995 30
1995 30
1995 30
1995 25
1995 25
1995 30
1995 30
1995 30
1995 35
1995 35
1995 40
1995 45
1995 40
1995 40
1995 40
1995 40
1995 40
1995 40
1995 40
1995 35
1995 35
1995 35
1995 35
1995 35
1995 35
1995 30
1995 35
1995 35
1995 40
1995 35
1995 35
1995 45
1995 45
1995 40
1995 35
1995 35
1995 35
1995 30
1995 30
1995 30
1995 30
1995 40
1995 55
1995 60
1995 60
1995 60
1995 60
1995 55
1995 55
1995 60
1995 60
1995 65
1995 65
1995 65
1995 65
1995 65
1995 65
1995 60
1995 55
1995 55
1995 55
1995 55
1995 55
1995 55
1995 50
1995 50
1995 50
1995 50
1995 50
1995 45
1995 45
1995 40
1995 40
1995 45
1995 45
1995 45
1995 45
1995 45
1995 40
1995 35
1995 35
1995 35
1995 30
1995 30
1995 30
1995 30
1995 25
1995 25
1995 25
1995 20
1995 20
1995 20
1995 20
1995 20
1995 15
1995 15
1995 15
1995 20
1995 15
1995 55
1995 70
1995 80
1995 80
1995 70
1995 65
1995 60
1995 55
1995 50
1995 45
1995 40
1995 35
1995 25
1995 20
1995 15
1995 10
1995 5
1995 5
1995 5
1995 5
1995 5
1995 5
1995 5
1995 10
1995 5
1995 5
1995 0
1995 0
1995 0
1995 0
1995 0
1995 0
1995 0
1995 0
1995 0
1995 0
1995 0
1995 0
1995 0
1995 0
1995 0
1995 0
1995 0
1995 0
1995 0
1995 0
1995 0
1995 0
1995 0
1995 0
1995 0
1995 0
1995 0
1995 0
1995 0
1995 0
1995 0
1995 0
1995 0
1995 0
1995 0
1995 0
1995 0
1995 0
1995 0
1995 0
1995 0
1995 0
1995 0
1995 0
1995 0
1995 0
1995 0
1995 0
1995 0
1995 0
1995 0
1995 0
1995 0
1995 0
1995 0
1995 0
1995 0
1995 0
1995 0
1995 0
1995 0
1995 0
1995 0
1995 0
1995 0
1995 0
1995 0
1995 0
1995 0
1995 0
1995 0
1995 0
1995 0
1995 0
1995 0
1995 0
1995 0
1995 0
1995 0
1995 0
1995 0
1995 0
1995 0
1995 0
1995 0
1995 0
1995 0
1995 0
1995 0
1995 0
1995 0
1995 0
1995 0
1995 0
1995 0
1995 0
1995 0
1995 0
1995 0
1995 0
1995 0
1995 0
1995 0
1995 0
1995 0
1996 0
1996 0
1996 0
1996 0
1996 0
1996 0
1996 0
1996 0
1996 0
1996 0
1996 0
1996 0
1996 0
1996 0
1996 0
1996 0
1996 0
1996 0
1996 0
1996 0
1996 0
1996 0
1996 0
1996 0
1996 0
1996 0
1996 0
1996 0
1996 0
1996 0
1996 0
1996 0
1996 0
1996 0
1996 0
1996 0
1996 0
1996 0
1996 0
1996 0
1996 0
1996 0
1996 0
1996 0
1996 0
1996 0
1996 0
1996 0
1996 0
1996 0
1996 0
1996 0
1996 0
1996 0
1996 0
1996 0
1996 0
1996 0
1996 0
1996 0
1996 0
1996 0
1996 1
1996 0
1996 0
1996 0
1996 0
1996 0
1996 0
1996 0
1996 0
1996 1
1996 1
1996 0
1996 10
1996 5
1996 5
1996 0
1996 5
1996 5
1996 5
1996 5
1996 5
1996 5
1996 0
1996 0
1996 1
1996 5
1996 15
1996 15
1996 15
1996 15
1996 15
1996 15
1996 15
1996 15
1996 15
1996 15
1996 25
1996 25
1996 25
1996 25
1996 20
1996 25
1996 30
1996 40
1996 50
1996 60
1996 60
1996 55
1996 55
1996 50
1996 50
1996 50
1996 65
1996 75
1996 60
1996 55
1996 55
1996 60
1996 60
1996 65
1996 60
1996 60
1996 60
1996 60
1996 55
1996 60
1996 60
1996 60
1996 60
1996 70
1996 85
1996 95
1996 100
1996 100
1996 100
1996 95
1996 95
1996 90
1996 90
1996 85
1996 85
1996 85
1996 100
1996 115
1996 115
1996 120
1996 120
1996 120
1996 120
1996 120
1996 120
1996 120
1996 135
1996 140
1996 140
1996 140
1996 140
1996 135
1996 140
1996 140
1996 135
1996 130
1996 130
1996 140
1996 140
1996 135
1996 130
1996 125
1996 125
1996 130
1996 130
1996 180
1996 180
1996 170
1996 170
1996 165
1996 165
1996 170
1996 170
1996 165
1996 160
1996 160
1996 160
1996 155
1996 155
1996 150
1996 150
1996 155
1996 155
1996 150
1996 150
1996 150
1996 145
1996 145
1996 145
1996 150
1996 145
1996 150
1996 145
1996 140
1996 135
1996 130
1996 125
1996 120
1996 115
1996 110
1996 100
1996 95
1996 95
1996 90
1996 90
1996 85
1996 85
1996 85
1996 85
1996 85
1996 80
1996 80
1996 75
1996 70
1996 65
1996 60
1996 60
1996 55
1996 55
1996 50
1996 50
1996 50
1996 45
1996 45
1996 45
1996 40
1996 40
1996 45
1996 55
1996 45
1996 40
1996 35
1996 30
1996 25
1996 20
1996 20
1996 15
1996 20
1996 20
1996 15
1996 15
1996 10
1996 10
1996 5
1996 5
1996 0
1996 0
1996 0
1996 0
1996 0
1996 0
1996 0
1996 0
1996 0
1996 5
1996 0
1996 1
1996 0
1996 0
1996 0
1996 0
1996 0
1996 0
1996 0
1996 0
1996 0
1996 0
1996 0
1996 0
1996 0
1996 0
1996 0
1996 0
1996 0
1996 0
1996 0
1996 0
1996 0
1996 0
1996 0
1996 0
1996 0
1996 0
1996 0
1996 0
1996 0
1996 0
1996 0
1996 0
1996 0
1996 0
1996 0
1996 0
1996 0
1996 0
1996 0
1996 0
1996 0
1996 0
1996 0
1996 0
1996 0
1996 0
1996 0
1996 0
1996 0
1996 0
1996 0
1996 0
1996 0
1996 0
1996 0
1996 0
1996 0
1996 0
1996 0
1996 0
1996 0
1996 0
1996 0
1996 0
1996 0
1996 0
1996 0
1996 0
1996 0
1996 0
1996 0
1996 0
1996 0
1996 0
1996 0
1996 0
1996 0
1996 0
1996 0
1996 0
1996 0
1996 0
1996 0
1996 0
1996 0
1996 0
1996 0
1996 0
1996 0
1996 0
1996 0
1996 0
1996 0
1996 0
1996 0
1996 0
1996 0
1996 0
1996 0
1996 0
1996 0
1997 0
1997 0
1997 0
1997 0
1997 0
1997 0
1997 0
1997 0
1997 0
1997 0
1997 0
1997 0
1997 0
1997 0
1997 0
1997 0
1997 0
1997 0
1997 0
1997 0
1997 0
1997 0
1997 0
1997 0
1997 0
1997 0
1997 0
1997 0
1997 0
1997 0
1997 0
1997 0
1997 0
1997 0
1997 0
1997 0
1997 0
1997 0
1997 0
1997 0
1997 0
1997 0
1997 0
1997 0
1997 0
1997 0
1997 0
1997 0
1997 0
1997 0
1997 0
1997 0
1997 0
1997 0
1997 0
1997 0
1997 0
1997 0
1997 0
1997 0
1997 0
1997 0
1997 0
1997 0
1997 0
1997 0
1997 0
1997 0
1997 0
1997 0
1997 0
1997 5
1997 25
1997 15
1997 15
1997 15
1997 20
1997 25
1997 55
1997 65
1997 70
1997 70
1997 90
1997 85
1997 85
1997 85
1997 105
1997 100
1997 100
1997 95
1997 125
1997 105
1997 105
1997 105
1997 105
1997 100
1997 100
1997 100
1997 100
1997 100
1997 150
1997 175
1997 165
1997 150
1997 150
1997 150
1997 140
1997 135
1997 130
1997 125
1997 125
1997 125
1997 120
1997 120
1997 115
1997 115
1997 115
1997 115
1997 115
1997 115
1997 115
1997 115
1997 125
1997 125
1997 140
1997 160
1997 160
1997 160
1997 165
1997 165
1997 170
1997 170
1997 170
1997 165
1997 160
1997 155
1997 155
1997 155
1997 150
1997 150
1997 145
1997 155
1997 160
1997 155
1997 160
1997 160
1997 155
1997 155
1997 155
1997 150
1997 150
1997 150
1997 145
1997 145
1997 145
1997 140
1997 140
1997 140
1997 140
1997 135
1997 135
1997 135
1997 130
1997 130
1997 125
1997 125
1997 125
1997 130
1997 125
1997 120
1997 120
1997 120
1997 120
1997 115
1997 115
1997 110
1997 110
1997 110
1997 110
1997 110
1997 110
1997 100
1997 100
1997 95
1997 95
1997 95
1997 90
1997 90
1997 90
1997 85
1997 85
1997 85
1997 80
1997 75
1997 70
1997 70
1997 70
1997 65
1997 65
1997 65
1997 65
1997 65
1997 65
1997 60
1997 60
1997 60
1997 60
1997 60
1997 55
1997 55
1997 55
1997 55
1997 50
1997 50
1997 45
1997 45
1997 45
1997 40
1997 35
1997 35
1997 35
1997 30
1997 30
1997 30
1997 25
1997 25
1997 20
1997 20
1997 20
1997 20
1997 20
1997 20
1997 20
1997 20
1997 20
1997 15
1997 15
1997 15
1997 15
1997 15
1997 15
1997 10
1997 10
1997 10
1997 5
1997 5
1997 5
1997 5
1997 5
1997 5
1997 5
1997 1
1997 1
1997 0
1997 0
1997 0
1997 0
1997 0
1997 0
1997 0
1997 0
1997 0
1997 0
1997 0
1997 0
1997 0
1997 0
1997 0
1997 0
1997 0
1997 0
1997 0
1997 0
1997 0
1997 10
1997 0
1997 0
1997 0
1997 0
1997 0
1997 0
1997 0
1997 0
1997 0
1997 0
1997 0
1997 0
1997 0
1997 0
1997 0
1997 0
1997 0
1997 0
1997 0
1997 10
1997 3
1997 0
1997 0
1997 0
1997 0
1997 0
1997 0
1997 0
1997 0
1997 0
1997 0
1997 0
1997 0
1997 0
1997 0
1997 0
1997 0
1997 0
1997 0
1997 0
1997 0
1997 0
1997 0
1997 0
1997 0
1997 0
1997 0
1997 0
1997 0
1997 0
1997 0
1997 0
1997 0
1997 0
1997 0
1997 0
1997 0
1997 0
1997 0
1997 0
1997 0
1997 0
1997 0
1997 0
1997 0
1997 0
1997 0
1997 0
1997 0
1997 0
1997 0
1997 0
1997 0
1997 0
1997 0
1997 0
1997 0
1997 0
1997 0
1997 0
1997 0
1997 0
1997 0
1997 0
1997 0
1997 0
1997 0
1997 0
1997 0
1997 0
1998 0
1998 0
1998 0
1998 0
1998 0
1998 0
1998 0
1998 0
1998 0
1998 0
1998 0
1998 0
1998 0
1998 0
1998 0
1998 0
1998 0
1998 0
1998 0
1998 0
1998 0
1998 0
1998 0
1998 0
1998 0
1998 0
1998 0
1998 0
1998 0
1998 0
1998 0
1998 0
1998 0
1998 0
1998 0
1998 0
1998 0
1998 0
1998 0
1998 0
1998 0
1998 0
1998 0
1998 0
1998 0
1998 1
1998 0
1998 0
1998 0
1998 0
1998 0
1998 0
1998 0
1998 0
1998 0
1998 0
1998 0
1998 1
1998 1
1998 0
1998 0
1998 0
1998 0
1998 0
1998 0
1998 2
1998 10
1998 15
1998 15
1998 15
1998 20
1998 25
1998 30
1998 30
1998 30
1998 25
1998 25
1998 25
1998 25
1998 20
1998 20
1998 20
1998 20
1998 20
1998 15
1998 15
1998 15
1998 15
1998 15
1998 15
1998 15
1998 15
1998 15
1998 15
1998 15
1998 15
1998 15
1998 15
1998 15
1998 10
1998 10
1998 10
1998 10
1998 10
1998 10
1998 10
1998 25
1998 25
1998 30
1998 35
1998 45
1998 45
1998 45
1998 45
1998 40
1998 40
1998 40
1998 40
1998 40
1998 40
1998 35
1998 35
1998 35
1998 40
1998 45
1998 40
1998 40
1998 45
1998 45
1998 45
1998 45
1998 40
1998 40
1998 40
1998 35
1998 40
1998 40
1998 40
1998 45
1998 45
1998 85
1998 100
1998 100
1998 95
1998 95
1998 95
1998 90
1998 95
1998 95
1998 95
1998 95
1998 90
1998 90
1998 90
1998 90
1998 85
1998 85
1998 80
1998 80
1998 80
1998 75
1998 75
1998 70
1998 65
1998 65
1998 60
1998 60
1998 55
1998 50
1998 40
1998 40
1998 40
1998 35
1998 35
1998 35
1998 45
1998 50
1998 45
1998 45
1998 45
1998 45
1998 40
1998 40
1998 40
1998 40
1998 40
1998 35
1998 30
1998 30
1998 35
1998 35
1998 35
1998 35
1998 35
1998 30
1998 30
1998 30
1998 25
1998 25
1998 25
1998 20
1998 20
1998 20
1998 20
1998 35
1998 30
1998 30
1998 25
1998 25
1998 20
1998 20
1998 15
1998 15
1998 15
1998 15
1998 10
1998 10
1998 10
1998 15
1998 15
1998 10
1998 15
1998 35
1998 45
1998 45
1998 40
1998 40
1998 55
1998 60
1998 60
1998 55
1998 50
1998 45
1998 40
1998 35
1998 35
1998 30
1998 30
1998 25
1998 35
1998 35
1998 45
1998 70
1998 60
1998 55
1998 50
1998 45
1998 40
1998 35
1998 30
1998 25
1998 20
1998 15
1998 10
1998 0
1998 0
1998 0
1998 0
1998 0
1998 0
1998 0
1998 0
1998 0
1998 0
1998 0
1998 0
1998 0
1998 0
1998 0
1998 0
1998 0
1998 0
1998 0
1998 0
1998 0
1998 0
1998 0
1998 0
1998 0
1998 0
1998 0
1998 0
1998 0
1998 0
1998 0
1998 0
1998 0
1998 0
1998 0
1998 0
1998 0
1998 0
1998 0
1998 0
1998 0
1998 0
1998 0
1998 0
1998 0
1998 0
1998 0
1998 0
1998 0
1998 0
1998 0
1998 0
1998 0
1998 0
1998 0
1998 0
1998 0
1998 0
1998 0
1998 0
1998 0
1998 0
1998 0
1998 0
1998 0
1998 0
1998 0
1998 0
1998 0
1998 0
1998 0
1998 0
1998 0
1998 0
1998 0
1998 0
1998 0
1998 0
1998 0
1998 0
1998 0
1998 0
1998 0
1998 0
1998 0
1998 0
1998 0
1998 0
1998 0
1998 0
1998 0
1998 0
1998 0
1998 0
1998 0
1998 0
1998 0
1998 0
1998 0
1998 0
1998 0
1998 0
1998 0
1998 0
1998 0
1998 0
1998 0
1998 0
1998 0
1998 0
1998 0
1999 0
1999 0
1999 0
1999 0
1999 0
1999 0
1999 0
1999 0
1999 0
1999 0
1999 0
1999 0
1999 0
1999 0
1999 0
1999 0
1999 0
1999 0
1999 0
1999 0
1999 0
1999 0
1999 0
1999 0
1999 0
1999 0
1999 0
1999 0
1999 0
1999 0
1999 0
1999 0
1999 0
1999 0
1999 0
1999 0
1999 0
1999 0
1999 2
1999 0
1999 0
1999 0
1999 0
1999 0
1999 0
1999 0
1999 0
1999 0
1999 0
1999 0
1999 0
1999 0
1999 0
1999 0
1999 0
1999 5
1999 5
1999 5
1999 5
1999 10
1999 10
1999 0
1999 0
1999 0
1999 0
1999 0
1999 0
1999 0
1999 0
1999 0
1999 0
1999 0
1999 0
1999 0
1999 5
1999 8
1999 8
1999 8
1999 5
1999 0
1999 0
1999 0
1999 1
1999 5
1999 5
1999 5
1999 8
1999 5
1999 5
1999 5
1999 5
1999 30
1999 30
1999 30
1999 30
1999 25
1999 20
1999 15
1999 15
1999 10
1999 10
1999 10
1999 10
1999 10
1999 5
1999 5
1999 5
1999 5
1999 5
1999 5
1999 5
1999 10
1999 10
1999 5
1999 5
1999 5
1999 5
1999 5
1999 5
1999 5
1999 5
1999 5
1999 30
1999 35
1999 35
1999 30
1999 30
1999 25
1999 25
1999 25
1999 25
1999 30
1999 50
1999 55
1999 55
1999 55
1999 55
1999 50
1999 50
1999 50
1999 45
1999 45
1999 40
1999 40
1999 40
1999 35
1999 35
1999 35
1999 35
1999 40
1999 40
1999 40
1999 40
1999 40
1999 40
1999 40
1999 40
1999 35
1999 35
1999 40
1999 50
1999 65
1999 75
1999 75
1999 75
1999 75
1999 70
1999 70
1999 70
1999 65
1999 65
1999 65
1999 60
1999 60
1999 70
1999 70
1999 70
1999 65
1999 65
1999 65
1999 60
1999 60
1999 60
1999 55
1999 55
1999 60
1999 60
1999 60
1999 55
1999 55
1999 55
1999 50
1999 50
1999 50
1999 50
1999 45
1999 45
1999 45
1999 45
1999 45
1999 45
1999 40
1999 40
1999 40
1999 40
1999 35
1999 45
1999 65
1999 75
1999 75
1999 70
1999 65
1999 60
1999 55
1999 50
1999 50
1999 45
1999 40
1999 40
1999 35
1999 35
1999 35
1999 35
1999 30
1999 30
1999 30
1999 35
1999 45
1999 45
1999 40
1999 40
1999 40
1999 40
1999 45
1999 40
1999 35
1999 35
1999 30
1999 35
1999 30
1999 30
1999 25
1999 25
1999 25
1999 20
1999 20
1999 15
1999 10
1999 10
1999 10
1999 5
1999 5
1999 5
1999 0
1999 0
1999 0
1999 0
1999 0
1999 0
1999 0
1999 0
1999 5
1999 0
1999 0
1999 0
1999 0
1999 0
1999 0
1999 0
1999 0
1999 0
1999 0
1999 0
1999 0
1999 0
1999 0
1999 0
1999 0
1999 0
1999 0
1999 0
1999 0
1999 0
1999 0
1999 0
1999 0
1999 0
1999 0
1999 0
1999 0
1999 0
1999 0
1999 0
1999 0
1999 0
1999 0
1999 0
1999 0
1999 0
1999 0
1999 0
1999 0
1999 0
1999 0
1999 0
1999 0
1999 0
1999 0
1999 0
1999 0
1999 0
1999 0
1999 0
1999 0
1999 0
1999 0
1999 0
1999 0
1999 0
1999 0
1999 0
1999 0
1999 0
1999 0
1999 0
1999 0
1999 0
1999 0
1999 0
1999 0
1999 0
1999 0
1999 0
1999 0
1999 0
1999 0
1999 0
1999 0
1999 0
1999 0
1999 0
1999 0
1999 0
1999 0
1999 0
1999 0
1999 0
1999 0
1999 0
1999 0
1999 0
1999 0
1999 0
1999 0
1999 0
1999 0
1999 0
1999 0
1999 0
1999 0
1999 0
1999 0
1999 0
1999 0
1999 0
2000 0
2000 0
2000 0
2000 0
2000 0
2000 0
2000 0
2000 0
2000 0
2000 0
2000 0
2000 0
2000 0
2000 0
2000 0
2000 0
2000 0
2000 0
2000 0
2000 0
2000 0
2000 0
2000 0
2000 0
2000 0
2000 0
2000 0
2000 0
2000 0
2000 0
2000 0
2000 0
2000 0
2000 5
2000 0
2000 0
2000 0
2000 0
2000 0
2000 0
2000 0
2000 0
2000 0
2000 0
2000 0
2000 0
2000 0
2000 0
2000 5
2000 10
2000 10
2000 15
2000 10
2000 5
2000 5
2000 0
2000 0
2000 0
2000 0
2000 0
2000 0
2000 0
2000 0
2000 0
2000 0
2000 0
2000 0
2000 5
2000 0
2000 0
2000 0
2000 5
2000 10
2000 10
2000 15
2000 15
2000 20
2000 20
2000 20
2000 25
2000 25
2000 25
2000 25
2000 25
2000 25
2000 20
2000 20
2000 20
2000 15
2000 15
2000 15
2000 10
2000 10
2000 10
2000 10
2000 10
2000 10
2000 10
2000 10
2000 10
2000 15
2000 10
2000 15
2000 15
2000 15
2000 15
2000 15
2000 15
2000 15
2000 10
2000 10
2000 10
2000 10
2000 5
2000 5
2000 5
2000 20
2000 35
2000 45
2000 45
2000 45
2000 40
2000 40
2000 40
2000 40
2000 40
2000 35
2000 35
2000 35
2000 30
2000 30
2000 30
2000 30
2000 30
2000 30
2000 30
2000 35
2000 35
2000 35
2000 30
2000 30
2000 30
2000 30
2000 30
2000 30
2000 30
2000 30
2000 25
2000 25
2000 25
2000 25
2000 25
2000 25
2000 20
2000 20
2000 20
2000 20
2000 20
2000 20
2000 15
2000 15
2000 15
2000 15
2000 15
2000 15
2000 15
2000 15
2000 15
2000 15
2000 20
2000 20
2000 25
2000 25
2000 25
2000 25
2000 25
2000 21
2000 20
2000 20
2000 20
2000 20
2000 20
2000 35
2000 35
2000 35
2000 30
2000 30
2000 25
2000 25
2000 25
2000 20
2000 20
2000 15
2000 15
2000 15
2000 10
2000 10
2000 10
2000 10
2000 10
2000 20
2000 20
2000 25
2000 25
2000 20
2000 25
2000 20
2000 25
2000 25
2000 25
2000 45
2000 60
2000 55
2000 55
2000 50
2000 55
2000 65
2000 70
2000 55
2000 55
2000 50
2000 50
2000 55
2000 55
2000 55
2000 50
2000 50
2000 60
2000 55
2000 75
2000 70
2000 65
2000 60
2000 55
2000 50
2000 45
2000 40
2000 40
2000 35
2000 30
2000 25
2000 25
2000 25
2000 25
2000 20
2000 20
2000 15
2000 10
2000 5
2000 5
2000 5
2000 0
2000 0
2000 0
2000 0
2000 0
2000 0
2000 0
2000 0
2000 0
2000 0
2000 0
2000 0
2000 0
2000 0
2000 0
2000 0
2000 0
2000 0
2000 0
2000 0
2000 0
2000 0
2000 0
2000 0
2000 0
2000 0
2000 0
2000 0
2000 0
2000 0
2000 0
2000 0
2000 0
2000 0
2000 0
2000 0
2000 0
2000 0
2000 0
2000 0
2000 0
2000 0
2000 0
2000 0
2000 0
2000 0
2000 0
2000 0
2000 0
2000 0
2000 0
2000 0
2000 0
2000 0
2000 0
2000 0
2000 0
2000 0
2000 0
2000 0
2000 0
2000 0
2000 0
2000 0
2000 0
2000 0
2000 0
2000 0
2000 0
2000 0
2000 0
2000 0
2000 0
2000 0
2000 0
2000 0
2000 0
2000 0
2000 0
2000 0
2000 0
2000 0
2000 0
2000 0
2000 0
2000 0
2000 0
2000 0
2000 0
2000 0
2000 0
2000 0
2000 0
2000 0
2000 0
2000 0
2000 0
2000 0
2000 0
2000 0
2000 0
2000 0
2000 0
2000 0
2000 0
2000 0
2000 0
2000 0
2000 0
2000 0
2000 0
2000 0
2000 0
2000 0
2000 0
2001 0
2001 0
2001 0
2001 0
2001 0
2001 0
2001 0
2001 0
2001 0
2001 0
2001 0
2001 0
2001 0
2001 0
2001 0
2001 0
2001 0
2001 0
2001 0
2001 0
2001 0
2001 0
2001 0
2001 0
2001 0
2001 0
2001 0
2001 0
2001 0
2001 0
2001 0
2001 0
2001 0
2001 0
2001 0
2001 0
2001 0
2001 0
2001 0
2001 0
2001 0
2001 5
2001 3
2001 0
2001 0
2001 5
2001 5
2001 0
2001 0
2001 0
2001 0
2001 0
2001 0
2001 0
2001 0
2001 0
2001 0
2001 0
2001 0
2001 0
2001 0
2001 0
2001 0
2001 10
2001 20
2001 20
2001 30
2001 45
2001 45
2001 45
2001 45
2001 45
2001 40
2001 40
2001 60
2001 75
2001 70
2001 80
2001 70
2001 70
2001 65
2001 65
2001 60
2001 60
2001 65
2001 65
2001 65
2001 65
2001 60
2001 55
2001 55
2001 55
2001 55
2001 60
2001 60
2001 55
2001 55
2001 55
2001 55
2001 55
2001 60
2001 60
2001 55
2001 50
2001 45
2001 45
2001 45
2001 45
2001 45
2001 40
2001 40
2001 40
2001 40
2001 40
2001 40
2001 45
2001 50
2001 55
2001 50
2001 50
2001 50
2001 50
2001 50
2001 50
2001 65
2001 63
2001 60
2001 70
2001 70
2001 65
2001 65
2001 65
2001 60
2001 55
2001 60
2001 65
2001 65
2001 60
2001 55
2001 55
2001 55
2001 55
2001 55
2001 55
2001 60
2001 60
2001 60
2001 60
2001 65
2001 65
2001 65
2001 60
2001 60
2001 60
2001 60
2001 60
2001 60
2001 55
2001 55
2001 55
2001 55
2001 60
2001 60
2001 55
2001 50
2001 50
2001 50
2001 50
2001 50
2001 50
2001 55
2001 55
2001 55
2001 50
2001 50
2001 50
2001 50
2001 55
2001 60
2001 60
2001 65
2001 65
2001 65
2001 80
2001 85
2001 85
2001 85
2001 80
2001 85
2001 90
2001 90
2001 85
2001 80
2001 85
2001 85
2001 80
2001 80
2001 100
2001 100
2001 100
2001 100
2001 95
2001 90
2001 85
2001 80
2001 75
2001 70
2001 65
2001 60
2001 60
2001 60
2001 55
2001 50
2001 45
2001 45
2001 40
2001 40
2001 40
2001 50
2001 40
2001 35
2001 35
2001 35
2001 30
2001 30
2001 30
2001 30
2001 30
2001 30
2001 25
2001 25
2001 25
2001 25
2001 25
2001 25
2001 25
2001 20
2001 20
2001 20
2001 20
2001 20
2001 15
2001 15
2001 15
2001 15
2001 10
2001 40
2001 25
2001 20
2001 15
2001 10
2001 5
2001 5
2001 5
2001 0
2001 0
2001 0
2001 0
2001 0
2001 0
2001 0
2001 0
2001 0
2001 0
2001 0
2001 0
2001 0
2001 0
2001 0
2001 0
2001 0
2001 0
2001 0
2001 0
2001 0
2001 0
2001 0
2001 0
2001 0
2001 0
2001 0
2001 0
2001 0
2001 0
2001 0
2001 0
2001 0
2001 0
2001 0
2001 0
2001 0
2001 0
2001 0
2001 0
2001 0
2001 0
2001 0
2001 0
2001 0
2001 0
2001 0
2001 0
2001 0
2001 0
2001 0
2001 0
2001 0
2001 0
2001 0
2001 0
2001 0
2001 0
2001 0
2001 0
2001 0
2001 0
2001 0
2001 0
2001 0
2001 0
2001 0
2001 0
2001 0
2001 0
2001 0
2001 0
2001 0
2001 0
2001 0
2001 0
2001 0
2001 0
2001 0
2001 0
2001 0
2001 0
2001 0
2001 0
2001 0
2001 0
2001 0
2001 0
2001 0
2001 0
2001 0
2001 0
2001 0
2001 0
2001 0
2001 0
2001 0
2001 0
2001 0
2001 0
2001 0
2001 0
2001 0
2001 0
2001 0
2001 0
2001 0
2001 0
2001 0
2001 0
2001 0
2002 0
2002 0
2002 0
2002 0
2002 0
2002 0
2002 0
2002 0
2002 0
2002 0
2002 0
2002 0
2002 0
2002 0
2002 0
2002 0
2002 0
2002 0
2002 0
2002 0
2002 0
2002 0
2002 0
2002 0
2002 0
2002 0
2002 0
2002 0
2002 0
2002 0
2002 0
2002 0
2002 0
2002 0
2002 0
2002 0
2002 0
2002 0
2002 0
2002 0
2002 0
2002 0
2002 0
2002 0
2002 0
2002 0
2002 0
2002 0
2002 0
2002 0
2002 0
2002 0
2002 0
2002 0
2002 0
2002 0
2002 0
2002 0
2002 0
2002 0
2002 0
2002 0
2002 0
2002 0
2002 0
2002 0
2002 0
2002 0
2002 0
2002 1
2002 1
2002 5
2002 10
2002 10
2002 10
2002 20
2002 20
2002 20
2002 20
2002 20
2002 20
2002 15
2002 15
2002 15
2002 15
2002 15
2002 15
2002 15
2002 15
2002 15
2002 15
2002 15
2002 10
2002 10
2002 10
2002 10
2002 5
2002 5
2002 5
2002 5
2002 5
2002 5
2002 5
2002 5
2002 10
2002 10
2002 10
2002 10
2002 10
2002 10
2002 5
2002 5
2002 5
2002 5
2002 5
2002 5
2002 5
2002 5
2002 5
2002 5
2002 10
2002 10
2002 10
2002 10
2002 10
2002 10
2002 5
2002 5
2002 5
2002 5
2002 5
2002 5
2002 5
2002 5
2002 5
2002 0
2002 0
2002 0
2002 0
2002 0
2002 0
2002 0
2002 0
2002 0
2002 0
2002 10
2002 10
2002 10
2002 10
2002 10
2002 10
2002 5
2002 5
2002 10
2002 10
2002 10
2002 10
2002 5
2002 5
2002 5
2002 5
2002 5
2002 5
2002 5
2002 5
2002 0
2002 0
2002 75
2002 95
2002 105
2002 105
2002 100
2002 95
2002 95
2002 95
2002 95
2002 100
2002 100
2002 100
2002 95
2002 95
2002 90
2002 90
2002 95
2002 95
2002 90
2002 100
2002 100
2002 95
2002 90
2002 90
2002 85
2002 80
2002 80
2002 85
2002 85
2002 85
2002 80
2002 75
2002 70
2002 60
2002 50
2002 50
2002 50
2002 45
2002 45
2002 45
2002 40
2002 40
2002 40
2002 40
2002 35
2002 30
2002 30
2002 30
2002 30
2002 30
2002 25
2002 25
2002 30
2002 30
2002 30
2002 35
2002 40
2002 40
2002 40
2002 40
2002 35
2002 35
2002 30
2002 25
2002 25
2002 25
2002 20
2002 20
2002 20
2002 15
2002 15
2002 5
2002 5
2002 0
2002 0
2002 0
2002 0
2002 0
2002 20
2002 25
2002 25
2002 25
2002 20
2002 15
2002 15
2002 10
2002 10
2002 5
2002 0
2002 0
2002 0
2002 0
2002 0
2002 0
2002 0
2002 0
2002 0
2002 0
2002 0
2002 0
2002 0
2002 0
2002 0
2002 0
2002 0
2002 0
2002 0
2002 0
2002 0
2002 0
2002 0
2002 0
2002 0
2002 0
2002 0
2002 0
2002 0
2002 0
2002 0
2002 0
2002 0
2002 0
2002 0
2002 0
2002 0
2002 0
2002 0
2002 0
2002 0
2002 0
2002 0
2002 0
2002 0
2002 0
2002 0
2002 0
2002 0
2002 0
2002 0
2002 0
2002 0
2002 0
2002 0
2002 0
2002 0
2002 0
2002 0
2002 0
2002 0
2002 0
2002 0
2002 0
2002 0
2002 0
2002 0
2002 0
2002 0
2002 0
2002 0
2002 0
2002 0
2002 0
2002 0
2002 0
2002 0
2002 0
2002 0
2002 0
2002 0
2002 0
2002 0
2002 0
2002 0
2002 0
2002 0
2002 0
2002 0
2002 0
2002 0
2002 0
2002 0
2002 0
2002 0
2002 0
2002 0
2002 0
2002 0
2002 0
2002 0
2002 0
2002 0
2002 0
2002 0
2002 0
2002 0
2002 0
2002 0
2002 0
2003 0
2003 0
2003 0
2003 0
2003 0
2003 0
2003 0
2003 0
2003 0
2003 0
2003 0
2003 0
2003 0
2003 0
2003 0
2003 0
2003 0
2003 0
2003 0
2003 0
2003 0
2003 0
2003 0
2003 0
2003 0
2003 0
2003 0
2003 0
2003 0
2003 0
2003 0
2003 0
2003 0
2003 0
2003 0
2003 0
2003 0
2003 0
2003 0
2003 0
2003 0
2003 0
2003 0
2003 0
2003 0
2003 0
2003 0
2003 1
2003 1
2003 0
2003 0
2003 5
2003 0
2003 0
2003 0
2003 0
2003 0
2003 0
2003 0
2003 0
2003 0
2003 0
2003 0
2003 0
2003 0
2003 1
2003 0
2003 0
2003 0
2003 1
2003 1
2003 0
2003 0
2003 1
2003 2
2003 35
2003 25
2003 25
2003 25
2003 25
2003 20
2003 20
2003 25
2003 25
2003 25
2003 35
2003 30
2003 25
2003 25
2003 30
2003 30
2003 30
2003 30
2003 30
2003 30
2003 30
2003 65
2003 65
2003 65
2003 60
2003 60
2003 60
2003 65
2003 70
2003 70
2003 75
2003 75
2003 75
2003 70
2003 65
2003 65
2003 65
2003 60
2003 50
2003 50
2003 50
2003 45
2003 45
2003 50
2003 45
2003 45
2003 45
2003 45
2003 40
2003 35
2003 45
2003 45
2003 45
2003 45
2003 45
2003 45
2003 45
2003 45
2003 45
2003 40
2003 40
2003 40
2003 35
2003 35
2003 35
2003 35
2003 35
2003 35
2003 40
2003 40
2003 40
2003 40
2003 40
2003 40
2003 35
2003 35
2003 35
2003 35
2003 35
2003 35
2003 35
2003 60
2003 60
2003 60
2003 60
2003 60
2003 60
2003 55
2003 55
2003 55
2003 55
2003 55
2003 55
2003 55
2003 60
2003 60
2003 60
2003 60
2003 55
2003 55
2003 55
2003 50
2003 50
2003 50
2003 50
2003 45
2003 45
2003 50
2003 60
2003 60
2003 55
2003 55
2003 55
2003 55
2003 50
2003 50
2003 45
2003 40
2003 40
2003 40
2003 40
2003 40
2003 35
2003 35
2003 35
2003 35
2003 30
2003 30
2003 30
2003 25
2003 25
2003 25
2003 25
2003 25
2003 30
2003 25
2003 25
2003 20
2003 20
2003 20
2003 20
2003 20
2003 20
2003 15
2003 15
2003 15
2003 20
2003 20
2003 20
2003 15
2003 10
2003 10
2003 10
2003 10
2003 10
2003 5
2003 10
2003 15
2003 15
2003 15
2003 10
2003 10
2003 10
2003 10
2003 5
2003 5
2003 5
2003 0
2003 0
2003 0
2003 0
2003 0
2003 0
2003 0
2003 0
2003 0
2003 0
2003 0
2003 0
2003 0
2003 0
2003 0
2003 0
2003 0
2003 0
2003 0
2003 0
2003 0
2003 0
2003 0
2003 0
2003 0
2003 0
2003 0
2003 0
2003 0
2003 0
2003 0
2003 0
2003 0
2003 0
2003 0
2003 0
2003 0
2003 0
2003 0
2003 0
2003 0
2003 0
2003 0
2003 0
2003 0
2003 0
2003 0
2003 0
2003 0
2003 0
2003 0
2003 0
2003 0
2003 0
2003 0
2003 0
2003 0
2003 0
2003 0
2003 0
2003 0
2003 0
2003 0
2003 0
2003 0
2003 0
2003 0
2003 0
2003 0
2003 0
2003 0
2003 0
2003 0
2003 0
2003 0
2003 0
2003 0
2003 0
2003 0
2003 0
2003 0
2003 0
2003 0
2003 0
2003 0
2003 0
2003 0
2003 0
2003 0
2003 0
2003 0
2003 0
2003 0
2003 0
2003 0
2003 0
2003 0
2003 0
2003 0
2003 0
2003 0
2003 0
2003 0
2003 0
2003 0
2003 0
2003 0
2003 0
2003 0
2003 0
2003 0
2003 0
2003 0
2003 0
2003 0
2003 0
2003 0
2003 0
2003 0
2003 0
2003 0
2003 0
2003 0
2004 0
2004 0
2004 0
2004 0
2004 0
2004 0
2004 0
2004 0
2004 0
2004 0
2004 0
2004 0
2004 0
2004 0
2004 0
2004 0
2004 0
2004 0
2004 0
2004 0
2004 0
2004 0
2004 0
2004 0
2004 0
2004 0
2004 0
2004 0
2004 0
2004 0
2004 0
2004 0
2004 0
2004 0
2004 0
2004 0
2004 0
2004 0
2004 0
2004 0
2004 0
2004 0
2004 0
2004 0
2004 0
2004 0
2004 0
2004 0
2004 0
2004 35
2004 45
2004 35
2004 35
2004 30
2004 30
2004 30
2004 30
2004 30
2004 30
2004 35
2004 35
2004 45
2004 40
2004 40
2004 35
2004 35
2004 30
2004 30
2004 45
2004 50
2004 50
2004 50
2004 50
2004 45
2004 45
2004 45
2004 40
2004 40
2004 35
2004 30
2004 30
2004 30
2004 25
2004 25
2004 30
2004 35
2004 30
2004 35
2004 50
2004 45
2004 45
2004 50
2004 60
2004 105
2004 120
2004 130
2004 130
2004 125
2004 125
2004 125
2004 125
2004 125
2004 125
2004 125
2004 115
2004 105
2004 100
2004 100
2004 95
2004 90
2004 90
2004 85
2004 85
2004 85
2004 80
2004 80
2004 75
2004 75
2004 75
2004 85
2004 90
2004 95
2004 95
2004 95
2004 95
2004 90
2004 90
2004 90
2004 85
2004 85
2004 95
2004 100
2004 100
2004 105
2004 115
2004 110
2004 115
2004 115
2004 120
2004 125
2004 130
2004 130
2004 125
2004 125
2004 125
2004 120
2004 120
2004 120
2004 130
2004 130
2004 130
2004 130
2004 130
2004 130
2004 130
2004 125
2004 125
2004 120
2004 120
2004 115
2004 115
2004 115
2004 110
2004 110
2004 105
2004 100
2004 100
2004 95
2004 95
2004 90
2004 90
2004 95
2004 110
2004 150
2004 165
2004 170
2004 165
2004 165
2004 160
2004 160
2004 160
2004 160
2004 160
2004 158
2004 155
2004 155
2004 154
2004 154
2004 153
2004 150
2004 150
2004 150
2004 150
2004 145
2004 145
2004 145
2004 140
2004 135
2004 120
2004 115
2004 110
2004 105
2004 100
2004 100
2004 100
2004 100
2004 95
2004 100
2004 100
2004 100
2004 95
2004 95
2004 95
2004 90
2004 90
2004 100
2004 95
2004 90
2004 90
2004 95
2004 90
2004 110
2004 115
2004 110
2004 110
2004 105
2004 105
2004 105
2004 105
2004 115
2004 110
2004 115
2004 110
2004 105
2004 100
2004 100
2004 95
2004 90
2004 85
2004 80
2004 75
2004 70
2004 70
2004 75
2004 75
2004 75
2004 70
2004 70
2004 65
2004 65
2004 65
2004 60
2004 60
2004 55
2004 55
2004 50
2004 50
2004 45
2004 40
2004 35
2004 30
2004 25
2004 20
2004 15
2004 15
2004 10
2004 10
2004 10
2004 5
2004 0
2004 0
2004 0
2004 0
2004 0
2004 0
2004 0
2004 0
2004 0
2004 0
2004 0
2004 0
2004 0
2004 0
2004 0
2004 0
2004 0
2004 0
2004 0
2004 0
2004 0
2004 0
2004 0
2004 0
2004 0
2004 0
2004 0
2004 0
2004 0
2004 0
2004 0
2004 0
2004 0
2004 0
2004 0
2004 0
2004 0
2004 0
2004 0
2004 0
2004 0
2004 0
2004 0
2004 0
2004 0
2004 0
2004 0
2004 0
2004 0
2004 0
2004 0
2004 0
2004 0
2004 0
2004 0
2004 0
2004 0
2004 0
2004 0
2004 0
2004 0
2004 0
2004 0
2004 0
2004 0
2004 0
2004 0
2004 0
2004 0
2004 0
2004 0
2004 0
2004 0
2004 0
2004 0
2004 0
2004 0
2004 0
2004 0
2004 0
2004 0
2004 0
2004 0
2004 0
2004 0
2004 0
2004 0
2004 0
2004 0
2004 0
2004 0
2004 0
2004 0
2004 0
2004 0
2004 0
2004 0
2005 0
2005 0
2005 0
2005 0
2005 0
2005 0
2005 0
2005 0
2005 0
2005 0
2005 0
2005 0
2005 0
2005 0
2005 0
2005 0
2005 0
2005 0
2005 0
2005 0
2005 0
2005 0
2005 0
2005 0
2005 0
2005 0
2005 0
2005 0
2005 0
2005 0
2005 0
2005 0
2005 0
2005 0
2005 0
2005 0
2005 0
2005 0
2005 0
2005 0
2005 0
2005 0
2005 0
2005 0
2005 1
2005 1
2005 1
2005 0
2005 0
2005 0
2005 0
2005 0
2005 0
2005 0
2005 0
2005 0
2005 0
2005 0
2005 3
2005 0
2005 0
2005 0
2005 0
2005 0
2005 0
2005 0
2005 0
2005 0
2005 0
2005 0
2005 0
2005 0
2005 15
2005 15
2005 15
2005 15
2005 15
2005 15
2005 10
2005 10
2005 10
2005 10
2005 10
2005 5
2005 5
2005 5
2005 5
2005 0
2005 0
2005 1
2005 30
2005 35
2005 35
2005 35
2005 35
2005 30
2005 30
2005 30
2005 25
2005 25
2005 25
2005 25
2005 20
2005 20
2005 20
2005 20
2005 20
2005 20
2005 20
2005 25
2005 35
2005 35
2005 35
2005 35
2005 30
2005 30
2005 40
2005 45
2005 45
2005 45
2005 40
2005 40
2005 40
2005 35
2005 35
2005 35
2005 30
2005 30
2005 30
2005 25
2005 25
2005 25
2005 25
2005 20
2005 20
2005 20
2005 20
2005 20
2005 15
2005 15
2005 20
2005 20
2005 20
2005 25
2005 30
2005 30
2005 30
2005 30
2005 30
2005 30
2005 30
2005 30
2005 25
2005 25
2005 25
2005 25
2005 25
2005 25
2005 25
2005 25
2005 25
2005 25
2005 25
2005 25
2005 25
2005 35
2005 35
2005 35
2005 30
2005 30
2005 30
2005 25
2005 25
2005 25
2005 25
2005 25
2005 25
2005 30
2005 30
2005 30
2005 35
2005 40
2005 40
2005 40
2005 35
2005 35
2005 30
2005 30
2005 30
2005 30
2005 30
2005 30
2005 25
2005 25
2005 25
2005 25
2005 20
2005 20
2005 20
2005 20
2005 15
2005 15
2005 15
2005 10
2005 10
2005 5
2005 2
2005 0
2005 0
2005 0
2005 0
2005 5
2005 5
2005 10
2005 10
2005 5
2005 0
2005 0
2005 0
2005 0
2005 1
2005 1
2005 5
2005 15
2005 10
2005 5
2005 5
2005 65
2005 115
2005 110
2005 90
2005 80
2005 75
2005 75
2005 70
2005 75
2005 90
2005 90
2005 80
2005 75
2005 70
2005 50
2005 50
2005 40
2005 30
2005 20
2005 10
2005 0
2005 0
2005 0
2005 0
2005 0
2005 0
2005 0
2005 0
2005 0
2005 0
2005 0
2005 0
2005 0
2005 0
2005 0
2005 0
2005 0
2005 0
2005 0
2005 0
2005 0
2005 0
2005 0
2005 0
2005 0
2005 0
2005 0
2005 0
2005 0
2005 0
2005 0
2005 0
2005 0
2005 0
2005 0
2005 0
2005 0
2005 0
2005 0
2005 0
2005 0
2005 0
2005 0
2005 0
2005 0
2005 0
2005 0
2005 0
2005 0
2005 0
2005 0
2005 0
2005 0
2005 0
2005 0
2005 0
2005 0
2005 0
2005 0
2005 0
2005 0
2005 0
2005 0
2005 0
2005 0
2005 0
2005 0
2005 0
2005 0
2005 0
2005 0
2005 0
2005 0
2005 0
2005 0
2005 0
2005 0
2005 0
2005 0
2005 0
2005 0
2005 0
2005 0
2005 0
2005 0
2005 0
2005 0
2005 0
2005 0
2005 0
2005 0
2005 0
2005 0
2005 0
2005 0
2005 0
2005 0
2005 0
2005 0
2005 0
2005 0
2005 0
2005 0
2005 0
2005 0
2005 0
2005 0
2005 0
2005 0
2005 0
2005 0
2005 0
2005 0
2005 0
2005 0
2005 0
2005 0
2005 0
2006 0
2006 0
2006 0
2006 0
2006 0
2006 0
2006 0
2006 0
2006 0
2006 0
2006 0
2006 0
2006 0
2006 0
2006 0
2006 0
2006 0
2006 0
2006 0
2006 0
2006 0
2006 0
2006 0
2006 0
2006 0
2006 0
2006 0
2006 0
2006 0
2006 0
2006 0
2006 0
2006 1
2006 5
2006 5
2006 0
2006 0
2006 0
2006 0
2006 0
2006 0
2006 0
2006 0
2006 0
2006 0
2006 0
2006 0
2006 0
2006 0
2006 0
2006 0
2006 0
2006 0
2006 0
2006 0
2006 0
2006 0
2006 0
2006 0
2006 0
2006 0
2006 0
2006 0
2006 0
2006 0
2006 0
2006 0
2006 0
2006 0
2006 0
2006 0
2006 0
2006 0
2006 1
2006 0
2006 0
2006 0
2006 0
2006 0
2006 0
2006 0
2006 0
2006 1
2006 0
2006 5
2006 5
2006 5
2006 5
2006 5
2006 5
2006 10
2006 10
2006 10
2006 30
2006 30
2006 35
2006 35
2006 30
2006 30
2006 35
2006 35
2006 35
2006 30
2006 35
2006 35
2006 35
2006 35
2006 35
2006 30
2006 30
2006 25
2006 25
2006 25
2006 20
2006 20
2006 20
2006 20
2006 20
2006 20
2006 20
2006 20
2006 30
2006 35
2006 35
2006 35
2006 35
2006 30
2006 30
2006 30
2006 30
2006 25
2006 25
2006 25
2006 25
2006 20
2006 20
2006 20
2006 20
2006 20
2006 20
2006 20
2006 20
2006 15
2006 15
2006 15
2006 15
2006 15
2006 15
2006 20
2006 30
2006 70
2006 100
2006 105
2006 100
2006 100
2006 95
2006 95
2006 90
2006 90
2006 85
2006 85
2006 85
2006 80
2006 75
2006 75
2006 75
2006 70
2006 70
2006 70
2006 75
2006 75
2006 80
2006 87
2006 85
2006 85
2006 85
2006 85
2006 110
2006 115
2006 110
2006 110
2006 110
2006 110
2006 115
2006 130
2006 140
2006 140
2006 140
2006 150
2006 150
2006 140
2006 140
2006 140
2006 140
2006 135
2006 130
2006 125
2006 120
2006 120
2006 120
2006 120
2006 115
2006 110
2006 105
2006 110
2006 115
2006 110
2006 105
2006 100
2006 105
2006 100
2006 90
2006 85
2006 80
2006 80
2006 75
2006 80
2006 90
2006 85
2006 80
2006 75
2006 70
2006 70
2006 65
2006 60
2006 60
2006 55
2006 50
2006 45
2006 45
2006 40
2006 40
2006 35
2006 35
2006 35
2006 30
2006 30
2006 30
2006 30
2006 25
2006 25
2006 25
2006 22
2006 20
2006 18
2006 15
2006 10
2006 10
2006 5
2006 0
2006 5
2006 0
2006 40
2006 25
2006 20
2006 15
2006 10
2006 5
2006 0
2006 0
2006 0
2006 0
2006 0
2006 0
2006 0
2006 0
2006 0
2006 0
2006 0
2006 0
2006 0
2006 1
2006 0
2006 0
2006 0
2006 0
2006 0
2006 0
2006 0
2006 0
2006 0
2006 0
2006 0
2006 0
2006 0
2006 0
2006 0
2006 0
2006 0
2006 0
2006 0
2006 0
2006 0
2006 0
2006 0
2006 0
2006 0
2006 0
2006 0
2006 0
2006 0
2006 0
2006 0
2006 NA
2006 NA
2006 NA
2006 NA
2006 NA
2006 NA
2006 NA
2006 NA
2006 NA
2006 NA
2006 NA
2006 NA
2006 NA
2006 NA
2006 NA
2006 NA
2006 NA
2006 NA
2006 NA
2006 NA
2006 NA
2006 NA
2006 NA
2006 NA
2006 NA
2006 NA
2006 NA
2006 NA
2006 NA
2006 NA
2006 NA
2006 0
2006 0
2006 0
2006 0
2006 0
2006 0
2006 0
2006 0
2006 0
2006 0
2006 0
2006 0
2006 0
2006 0
2006 0
2006 0
2006 0
2006 0
2006 0
2006 0
2006 0
2006 0
2006 0
2006 0
2006 0
2006 0
2006 0
2006 0
2006 0
2006 0
2006 0
2007 0
2007 0
2007 0
2007 0
2007 0
2007 0
2007 0
2007 0
2007 0
2007 0
2007 0
2007 0
2007 0
2007 0
2007 0
2007 0
2007 0
2007 0
2007 0
2007 0
2007 0
2007 0
2007 0
2007 0
2007 0
2007 0
2007 0
2007 0
2007 0
2007 0
2007 0
2007 0
2007 0
2007 0
2007 0
2007 0
2007 0
2007 0
2007 0
2007 0
2007 0
2007 0
2007 0
2007 0
2007 0
2007 0
2007 0
2007 0
2007 0
2007 0
2007 0
2007 0
2007 0
2007 0
2007 0
2007 0
2007 0
2007 0
2007 0
2007 0
2007 0
2007 0
2007 0
2007 0
2007 0
2007 0
2007 0
2007 0
2007 0
2007 0
2007 0
2007 0
2007 0
2007 0
2007 0
2007 0
2007 0
2007 0
2007 1
2007 0
2007 1
2007 0
2007 5
2007 5
2007 3
2007 0
2007 0
2007 0
2007 0
2007 0
2007 0
2007 0
2007 0
2007 0
2007 1
2007 0
2007 10
2007 25
2007 25
2007 35
2007 35
2007 35
2007 30
2007 30
2007 25
2007 25
2007 24
2007 24
2007 24
2007 27
2007 27
2007 26
2007 26
2007 26
2007 25
2007 20
2007 20
2007 15
2007 15
2007 15
2007 15
2007 13
2007 13
2007 25
2007 25
2007 25
2007 23
2007 23
2007 22
2007 21
2007 19
2007 18
2007 15
2007 10
2007 10
2007 10
2007 5
2007 5
2007 5
2007 0
2007 0
2007 0
2007 0
2007 0
2007 5
2007 15
2007 15
2007 15
2007 13
2007 13
2007 13
2007 12
2007 12
2007 12
2007 10
2007 10
2007 5
2007 5
2007 0
2007 0
2007 1
2007 5
2007 5
2007 0
2007 5
2007 10
2007 10
2007 10
2007 10
2007 10
2007 10
2007 12
2007 10
2007 10
2007 10
2007 5
2007 5
2007 5
2007 10
2007 10
2007 10
2007 10
2007 15
2007 15
2007 10
2007 10
2007 5
2007 10
2007 10
2007 10
2007 10
2007 10
2007 10
2007 5
2007 5
2007 5
2007 5
2007 5
2007 5
2007 5
2007 5
2007 5
2007 5
2007 5
2007 5
2007 5
2007 50
2007 65
2007 65
2007 65
2007 65
2007 73
2007 73
2007 80
2007 78
2007 75
2007 85
2007 83
2007 80
2007 77
2007 75
2007 72
2007 70
2007 66
2007 65
2007 65
2007 60
2007 50
2007 45
2007 40
2007 35
2007 30
2007 20
2007 8
2007 0
2007 0
2007 0
2007 0
2007 0
2007 0
2007 0
2007 0
2007 0
2007 0
2007 20
2007 20
2007 25
2007 20
2007 15
2007 10
2007 5
2007 0
2007 0
2007 0
2007 0
2007 0
2007 1
2007 0
2007 1
2007 0
2007 0
2007 0
2007 0
2007 0
2007 0
2007 0
2007 0
2007 0
2007 0
2007 0
2007 1
2007 0
2007 0
2007 1
2007 2
2007 0
2007 0
2007 0
2007 0
2007 0
2007 0
2007 0
2007 0
2007 0
2007 0
2007 0
2007 0
2007 0
2007 0
2007 0
2007 0
2007 0
2007 0
2007 0
2007 0
2007 0
2007 0
2007 0
2007 0
2007 0
2007 0
2007 0
2007 0
2007 0
2007 0
2007 0
2007 0
2007 0
2007 0
2007 0
2007 0
2007 0
2007 0
2007 0
2007 0
2007 0
2007 0
2007 0
2007 0
2007 0
2007 0
2007 0
2007 0
2007 0
2007 0
2007 0
2007 0
2007 0
2007 0
2007 0
2007 0
2007 0
2007 0
2007 0
2007 0
2007 0
2007 0
2007 0
2007 0
2007 0
2007 0
2007 0
2007 0
2007 0
2007 0
2007 0
2007 0
2007 0
2007 0
2007 0
2007 0
2007 0
2007 0
2007 0
2007 0
2007 0
2007 0
2007 0
2007 0
2007 0
2007 0
2007 0
2007 0
2007 0
2007 0
2008 0
2008 0
2008 0
2008 0
2008 0
2008 0
2008 0
2008 0
2008 0
2008 0
2008 0
2008 0
2008 0
2008 0
2008 0
2008 0
2008 0
2008 0
2008 0
2008 0
2008 0
2008 0
2008 0
2008 0
2008 0
2008 0
2008 0
2008 1
2008 0
2008 0
2008 0
2008 0
2008 0
2008 0
2008 0
2008 0
2008 0
2008 0
2008 0
2008 0
2008 0
2008 0
2008 0
2008 0
2008 0
2008 0
2008 0
2008 0
2008 0
2008 0
2008 0
2008 0
2008 0
2008 0
2008 5
2008 15
2008 20
2008 18
2008 13
2008 10
2008 10
2008 8
2008 5
2008 0
2008 0
2008 0
2008 0
2008 0
2008 0
2008 1
2008 1
2008 0
2008 1
2008 0
2008 5
2008 5
2008 8
2008 8
2008 8
2008 7
2008 7
2008 10
2008 25
2008 30
2008 35
2008 40
2008 40
2008 40
2008 35
2008 33
2008 30
2008 30
2008 30
2008 40
2008 45
2008 45
2008 40
2008 40
2008 45
2008 55
2008 60
2008 62
2008 60
2008 60
2008 55
2008 65
2008 65
2008 65
2008 70
2008 70
2008 70
2008 65
2008 65
2008 68
2008 68
2008 65
2008 60
2008 60
2008 60
2008 60
2008 60
2008 60
2008 55
2008 55
2008 58
2008 60
2008 60
2008 70
2008 75
2008 75
2008 75
2008 75
2008 70
2008 80
2008 83
2008 85
2008 85
2008 85
2008 85
2008 92
2008 92
2008 91
2008 90
2008 95
2008 100
2008 100
2008 100
2008 100
2008 95
2008 90
2008 85
2008 85
2008 85
2008 80
2008 80
2008 80
2008 80
2008 85
2008 80
2008 80
2008 80
2008 80
2008 80
2008 80
2008 80
2008 78
2008 78
2008 78
2008 75
2008 75
2008 75
2008 75
2008 75
2008 70
2008 70
2008 65
2008 65
2008 60
2008 60
2008 55
2008 50
2008 48
2008 46
2008 45
2008 43
2008 43
2008 43
2008 45
2008 45
2008 45
2008 45
2008 46
2008 58
2008 53
2008 48
2008 45
2008 40
2008 35
2008 40
2008 40
2008 35
2008 35
2008 35
2008 70
2008 75
2008 75
2008 90
2008 95
2008 100
2008 95
2008 85
2008 75
2008 85
2008 85
2008 80
2008 75
2008 75
2008 73
2008 70
2008 70
2008 70
2008 70
2008 70
2008 82
2008 94
2008 98
2008 100
2008 102
2008 100
2008 90
2008 90
2008 95
2008 90
2008 120
2008 120
2008 115
2008 105
2008 100
2008 95
2008 90
2008 80
2008 75
2008 70
2008 75
2008 70
2008 65
2008 60
2008 55
2008 50
2008 45
2008 40
2008 35
2008 30
2008 25
2008 20
2008 15
2008 10
2008 5
2008 0
2008 0
2008 0
2008 0
2008 0
2008 0
2008 0
2008 0
2008 0
2008 0
2008 0
2008 0
2008 0
2008 0
2008 0
2008 0
2008 0
2008 0
2008 0
2008 0
2008 0
2008 0
2008 0
2008 0
2008 0
2008 0
2008 0
2008 0
2008 0
2008 0
2008 0
2008 0
2008 0
2008 0
2008 0
2008 0
2008 0
2008 0
2008 0
2008 0
2008 0
2008 0
2008 0
2008 0
2008 0
2008 0
2008 0
2008 0
2008 0
2008 0
2008 0
2008 0
2008 0
2008 0
2008 0
2008 0
2008 0
2008 0
2008 0
2008 0
2008 0
2008 0
2008 0
2008 0
2008 0
2008 0
2008 0
2008 0
2008 0
2008 0
2008 0
2008 0
2008 0
2008 0
2008 0
2008 0
2008 0
2008 0
2008 0
2008 0
2008 0
2008 0
2008 0
2008 0
2008 0
2008 0
2008 0
2008 0
2008 0
2008 0
2008 0
2008 0
2008 0
2008 0
2008 0
2008 0
2008 0
2008 0
2008 0
2008 0
2008 0
2008 0
2008 0
2008 0
2008 0
2008 0
2008 0
2008 0
2009 0
2009 0
2009 0
2009 0
2009 0
2009 0
2009 0
2009 0
2009 0
2009 0
2009 0
2009 0
2009 0
2009 0
2009 0
2009 0
2009 0
2009 0
2009 0
2009 0
2009 0
2009 0
2009 0
2009 0
2009 0
2009 0
2009 0
2009 0
2009 0
2009 0
2009 0
2009 0
2009 0
2009 1
2009 0
2009 0
2009 0
2009 0
2009 0
2009 0
2009 0
2009 0
2009 0
2009 0
2009 0
2009 0
2009 0
2009 0
2009 0
2009 0
2009 0
2009 0
2009 0
2009 0
2009 0
2009 0
2009 0
2009 0
2009 1
2009 5
2009 10
2009 8
2009 0
2009 0
2009 0
2009 26
2009 31
2009 28
2009 28
2009 28
2009 28
2009 28
2009 32
2009 35
2009 35
2009 35
2009 30
2009 28
2009 25
2009 25
2009 25
2009 25
2009 25
2009 25
2009 42
2009 42
2009 42
2009 42
2009 47
2009 50
2009 53
2009 55
2009 55
2009 55
2009 55
2009 75
2009 77
2009 77
2009 75
2009 75
2009 90
2009 98
2009 95
2009 95
2009 115
2009 175
2009 200
2009 200
2009 195
2009 190
2009 170
2009 170
2009 170
2009 168
2009 165
2009 162
2009 170
2009 170
2009 168
2009 188
2009 205
2009 202
2009 205
2009 200
2009 195
2009 190
2009 185
2009 180
2009 190
2009 210
2009 212
2009 212
2009 210
2009 205
2009 202
2009 200
2009 200
2009 195
2009 195
2009 195
2009 200
2009 210
2009 210
2009 210
2009 200
2009 240
2009 227
2009 220
2009 220
2009 210
2009 210
2009 210
2009 205
2009 205
2009 206
2009 215
2009 215
2009 210
2009 215
2009 215
2009 210
2009 210
2009 205
2009 205
2009 200
2009 200
2009 200
2009 200
2009 200
2009 195
2009 195
2009 190
2009 190
2009 190
2009 190
2009 188
2009 188
2009 188
2009 188
2009 185
2009 185
2009 185
2009 185
2009 180
2009 175
2009 180
2009 180
2009 180
2009 175
2009 175
2009 175
2009 175
2009 175
2009 175
2009 172
2009 170
2009 170
2009 168
2009 168
2009 165
2009 160
2009 160
2009 160
2009 160
2009 160
2009 160
2009 160
2009 160
2009 155
2009 165
2009 165
2009 160
2009 170
2009 190
2009 220
2009 225
2009 225
2009 220
2009 215
2009 212
2009 200
2009 200
2009 205
2009 210
2009 210
2009 200
2009 190
2009 185
2009 180
2009 175
2009 180
2009 195
2009 195
2009 185
2009 175
2009 170
2009 172
2009 175
2009 190
2009 215
2009 210
2009 210
2009 210
2009 205
2009 200
2009 195
2009 190
2009 180
2009 170
2009 160
2009 150
2009 140
2009 130
2009 125
2009 120
2009 110
2009 105
2009 95
2009 90
2009 85
2009 80
2009 55
2009 45
2009 25
2009 15
2009 10
2009 5
2009 5
2009 0
2009 0
2009 0
2009 0
2009 0
2009 0
2009 0
2009 0
2009 0
2009 0
2009 0
2009 0
2009 0
2009 0
2009 0
2009 0
2009 0
2009 0
2009 0
2009 0
2009 0
2009 0
2009 0
2009 0
2009 0
2009 0
2009 0
2009 0
2009 0
2009 0
2009 0
2009 0
2009 0
2009 0
2009 0
2009 0
2009 0
2009 0
2009 0
2009 0
2009 0
2009 0
2009 0
2009 0
2009 0
2009 0
2009 0
2009 0
2009 0
2009 0
2009 0
2009 0
2009 0
2009 0
2009 0
2009 0
2009 0
2009 0
2009 0
2009 0
2009 0
2009 0
2009 0
2009 0
2009 0
2009 0
2009 0
2009 0
2009 0
2009 0
2009 0
2009 0
2009 0
2009 0
2009 0
2009 0
2009 0
2009 0
2009 0
2009 0
2009 0
2009 0
2009 0
2009 0
2009 0
2009 0
2009 0
2009 0
2009 0
2009 0
2009 0
2009 0
2009 0
2009 0
2009 0
2009 0
2009 0
2010 0
2010 0
2010 0
2010 0
2010 0
2010 0
2010 0
2010 0
2010 0
2010 0
2010 0
2010 0
2010 0
2010 0
2010 0
2010 0
2010 0
2010 0
2010 0
2010 0
2010 0
2010 0
2010 0
2010 0
2010 0
2010 0
2010 0
2010 0
2010 0
2010 0
2010 0
2010 0
2010 0
2010 0
2010 0
2010 0
2010 0
2010 0
2010 0
2010 0
2010 0
2010 0
2010 0
2010 0
2010 0
2010 0
2010 0
2010 0
2010 0
2010 0
2010 0
2010 20
2010 15
2010 5
2010 0
2010 0
2010 0
2010 0
2010 0
2010 0
2010 0
2010 0
2010 1
2010 5
2010 3
2010 2
2010 4
2010 2
2010 4
2010 4
2010 4
2010 3
2010 3
2010 2
2010 0
2010 0
2010 0
2010 0
2010 0
2010 0
2010 0
2010 0
2010 0
2010 0
2010 2
2010 0
2010 0
2010 0
2010 0
2010 0
2010 5
2010 10
2010 10
2010 5
2010 5
2010 5
2010 5
2010 5
2010 10
2010 10
2010 10
2010 10
2010 10
2010 26
2010 32
2010 32
2010 32
2010 32
2010 30
2010 35
2010 30
2010 20
2010 25
2010 40
2010 45
2010 65
2010 65
2010 65
2010 65
2010 75
2010 60
2010 62
2010 62
2010 60
2010 60
2010 70
2010 75
2010 75
2010 75
2010 85
2010 95
2010 110
2010 105
2010 100
2010 105
2010 105
2010 105
2010 105
2010 110
2010 110
2010 105
2010 100
2010 100
2010 100
2010 100
2010 100
2010 95
2010 95
2010 110
2010 110
2010 110
2010 115
2010 115
2010 115
2010 115
2010 115
2010 110
2010 115
2010 120
2010 120
2010 120
2010 120
2010 120
2010 120
2010 140
2010 140
2010 140
2010 140
2010 140
2010 145
2010 150
2010 155
2010 155
2010 155
2010 155
2010 160
2010 155
2010 150
2010 150
2010 150
2010 150
2010 150
2010 145
2010 145
2010 150
2010 152
2010 152
2010 155
2010 175
2010 180
2010 190
2010 205
2010 200
2010 195
2010 190
2010 185
2010 180
2010 175
2010 165
2010 160
2010 155
2010 150
2010 140
2010 130
2010 125
2010 120
2010 100
2010 110
2010 115
2010 100
2010 100
2010 105
2010 108
2010 108
2010 105
2010 115
2010 120
2010 115
2010 105
2010 100
2010 95
2010 90
2010 85
2010 90
2010 100
2010 100
2010 95
2010 98
2010 93
2010 90
2010 85
2010 80
2010 70
2010 60
2010 55
2010 52
2010 52
2010 47
2010 42
2010 40
2010 35
2010 30
2010 25
2010 25
2010 20
2010 20
2010 25
2010 25
2010 20
2010 25
2010 20
2010 15
2010 10
2010 5
2010 0
2010 1
2010 2
2010 0
2010 0
2010 0
2010 0
2010 0
2010 0
2010 0
2010 0
2010 0
2010 0
2010 0
2010 0
2010 0
2010 0
2010 0
2010 0
2010 0
2010 0
2010 0
2010 0
2010 0
2010 0
2010 0
2010 0
2010 0
2010 0
2010 0
2010 0
2010 0
2010 0
2010 0
2010 0
2010 0
2010 0
2010 0
2010 0
2010 0
2010 0
2010 0
2010 0
2010 0
2010 0
2010 0
2010 0
2010 0
2010 0
2010 0
2010 0
2010 0
2010 0
2010 0
2010 0
2010 0
2010 0
2010 0
2010 0
2010 0
2010 0
2010 0
2010 0
2010 0
2010 0
2010 0
2010 0
2010 0
2010 0
2010 0
2010 0
2010 0
2010 0
2010 0
2010 0
2010 0
2010 0
2010 0
2010 0
2010 0
2010 0
2010 0
2010 0
2010 0
2010 0
2010 0
2010 0
2010 0
2010 0
2010 0
2010 0
2010 0
2010 0
2010 0
2010 0
2010 0
2010 0
2010 0
2010 0
2010 0
2010 0
2010 0
2010 0
2010 0
2010 0
2010 0
2010 0
2010 0
2010 0
2010 0
2010 0
2011 0
2011 0
2011 0
2011 0
2011 0
2011 0
2011 0
2011 0
2011 0
2011 0
2011 0
2011 0
2011 0
2011 0
2011 0
2011 0
2011 0
2011 0
2011 0
2011 0
2011 0
2011 0
2011 0
2011 0
2011 0
2011 0
2011 0
2011 0
2011 0
2011 0
2011 0
2011 0
2011 0
2011 0
2011 0
2011 0
2011 0
2011 0
2011 0
2011 0
2011 0
2011 0
2011 0
2011 0
2011 0
2011 0
2011 0
2011 1
2011 0
2011 1
2011 0
2011 0
2011 0
2011 0
2011 2
2011 2
2011 2
2011 0
2011 0
2011 0
2011 16
2011 30
2011 20
2011 15
2011 5
2011 0
2011 0
2011 0
2011 1
2011 1
2011 1
2011 1
2011 0
2011 0
2011 0
2011 1
2011 5
2011 10
2011 15
2011 20
2011 20
2011 40
2011 40
2011 38
2011 35
2011 35
2011 40
2011 40
2011 40
2011 40
2011 35
2011 50
2011 50
2011 50
2011 50
2011 50
2011 75
2011 50
2011 40
2011 40
2011 40
2011 40
2011 38
2011 38
2011 38
2011 38
2011 38
2011 43
2011 45
2011 45
2011 45
2011 45
2011 50
2011 55
2011 65
2011 65
2011 60
2011 60
2011 60
2011 55
2011 50
2011 48
2011 46
2011 46
2011 46
2011 46
2011 46
2011 46
2011 40
2011 40
2011 40
2011 50
2011 50
2011 50
2011 45
2011 45
2011 40
2011 38
2011 35
2011 32
2011 32
2011 32
2011 32
2011 32
2011 32
2011 32
2011 30
2011 30
2011 30
2011 30
2011 35
2011 45
2011 55
2011 60
2011 60
2011 55
2011 55
2011 53
2011 50
2011 48
2011 45
2011 45
2011 45
2011 42
2011 40
2011 40
2011 40
2011 40
2011 45
2011 55
2011 55
2011 55
2011 55
2011 55
2011 55
2011 55
2011 55
2011 55
2011 55
2011 58
2011 60
2011 80
2011 85
2011 85
2011 110
2011 110
2011 105
2011 100
2011 95
2011 90
2011 85
2011 80
2011 80
2011 100
2011 110
2011 110
2011 125
2011 130
2011 132
2011 132
2011 135
2011 135
2011 132
2011 130
2011 125
2011 120
2011 118
2011 116
2011 126
2011 124
2011 134
2011 132
2011 130
2011 120
2011 110
2011 100
2011 95
2011 90
2011 85
2011 80
2011 75
2011 70
2011 60
2011 40
2011 30
2011 25
2011 25
2011 25
2011 20
2011 15
2011 9
2011 3
2011 0
2011 0
2011 1
2011 0
2011 0
2011 0
2011 0
2011 0
2011 5
2011 1
2011 0
2011 0
2011 0
2011 0
2011 0
2011 0
2011 0
2011 0
2011 0
2011 0
2011 0
2011 0
2011 0
2011 0
2011 0
2011 0
2011 0
2011 0
2011 0
2011 0
2011 0
2011 0
2011 0
2011 0
2011 0
2011 0
2011 0
2011 0
2011 0
2011 0
2011 0
2011 10
2011 0
2011 0
2011 0
2011 0
2011 0
2011 0
2011 0
2011 0
2011 0
2011 0
2011 0
2011 0
2011 0
2011 0
2011 0
2011 0
2011 0
2011 0
2011 0
2011 0
2011 0
2011 0
2011 0
2011 0
2011 0
2011 0
2011 0
2011 0
2011 0
2011 0
2011 0
2011 0
2011 0
2011 0
2011 0
2011 0
2011 0
2011 0
2011 0
2011 0
2011 0
2011 0
2011 0
2011 0
2011 0
2011 0
2011 0
2011 0
2011 0
2011 0
2011 0
2011 0
2011 0
2011 0
2011 0
2011 0
2011 0
2011 0
2011 0
2011 0
2011 0
2011 0
2011 0
2011 0
2011 0
2011 0
2011 0
2011 0
2011 0
2011 0
2011 0
2011 0
2011 0
2011 0
2011 0
2011 0
2011 0
2011 0
2011 0
2011 0
2011 0
2011 0
2011 0
2011 0
2011 0
2011 0
2011 0
2011 0
2011 0
2011 0
2011 0
2012 0
2012 0
2012 0
2012 0
2012 0
2012 0
2012 0
2012 0
2012 0
2012 0
2012 0
2012 0
2012 0
2012 0
2012 0
2012 0
2012 0
2012 0
2012 0
2012 0
2012 0
2012 0
2012 0
2012 0
2012 0
2012 0
2012 0
2012 0
2012 0
2012 0
2012 0
2012 0
2012 0
2012 0
2012 0
2012 0
2012 0
2012 1
2012 5
2012 0
2012 0
2012 0
2012 0
2012 0
2012 0
2012 0
2012 0
2012 0
2012 0
2012 1
2012 0
2012 0
2012 0
2012 0
2012 1
2012 10
2012 5
2012 5
2012 0
2012 0
2012 0
2012 0
2012 0
2012 1
2012 2
2012 0
2012 0
2012 2
2012 4
2012 1
2012 0
2012 0
2012 0
2012 0
2012 0
2012 0
2012 0
2012 0
2012 0
2012 0
2012 0
2012 0
2012 0
2012 0
2012 0
2012 0
2012 0
2012 0
2012 0
2012 0
2012 0
2012 0
2012 0
2012 0
2012 1
2012 1
2012 1
2012 5
2012 15
2012 15
2012 10
2012 10
2012 10
2012 10
2012 20
2012 25
2012 60
2012 80
2012 70
2012 70
2012 70
2012 65
2012 60
2012 60
2012 55
2012 55
2012 50
2012 50
2012 50
2012 45
2012 45
2012 45
2012 40
2012 38
2012 38
2012 40
2012 45
2012 45
2012 45
2012 45
2012 45
2012 42
2012 40
2012 38
2012 35
2012 32
2012 30
2012 30
2012 30
2012 30
2012 28
2012 28
2012 30
2012 30
2012 28
2012 28
2012 28
2012 28
2012 28
2012 28
2012 60
2012 80
2012 85
2012 88
2012 103
2012 110
2012 110
2012 110
2012 105
2012 100
2012 100
2012 95
2012 95
2012 95
2012 95
2012 95
2012 95
2012 95
2012 95
2012 95
2012 95
2012 95
2012 95
2012 98
2012 98
2012 95
2012 90
2012 80
2012 75
2012 70
2012 65
2012 60
2012 55
2012 50
2012 45
2012 50
2012 50
2012 50
2012 55
2012 55
2012 55
2012 55
2012 50
2012 40
2012 30
2012 20
2012 10
2012 10
2012 8
2012 10
2012 15
2012 20
2012 20
2012 15
2012 13
2012 10
2012 8
2012 5
2012 3
2012 0
2012 0
2012 0
2012 0
2012 0
2012 0
2012 0
2012 1
2012 8
2012 0
2012 0
2012 0
2012 0
2012 0
2012 10
2012 10
2012 10
2012 10
2012 15
2012 15
2012 15
2012 10
2012 10
2012 15
2012 10
2012 10
2012 10
2012 15
2012 15
2012 10
2012 8
2012 5
2012 0
2012 0
2012 5
2012 3
2012 0
2012 0
2012 0
2012 0
2012 0
2012 0
2012 0
2012 0
2012 0
2012 0
2012 0
2012 0
2012 0
2012 0
2012 0
2012 2
2012 0
2012 0
2012 10
2012 2
2012 0
2012 0
2012 0
2012 0
2012 0
2012 0
2012 0
2012 0
2012 0
2012 0
2012 0
2012 0
2012 0
2012 0
2012 0
2012 0
2012 0
2012 0
2012 0
2012 0
2012 0
2012 0
2012 0
2012 0
2012 0
2012 0
2012 0
2012 0
2012 0
2012 0
2012 0
2012 0
2012 0
2012 0
2012 0
2012 0
2012 0
2012 0
2012 0
2012 0
2012 0
2012 0
2012 0
2012 0
2012 0
2012 0
2012 0
2012 0
2012 0
2012 0
2012 0
2012 0
2012 0
2012 0
2012 0
2012 0
2012 0
2012 0
2012 0
2012 0
2012 0
2012 0
2012 0
2012 0
2012 0
2012 0
2012 0
2012 0
2012 0
2012 0
2012 0
2012 0
2012 0
2012 0
2012 0
2012 0
2012 0
2012 0
2012 0
2012 0
2012 0
2012 0
2012 0
2012 0
2012 0
2012 0
2012 0
2012 0
2012 0
2012 0
2012 0
2012 0
2012 0
2012 0
2012 0
2012 0
2012 0
2012 0
2012 0
2012 0
2012 0
2013 0
2013 0
2013 0
2013 0
2013 0
2013 0
2013 0
2013 0
2013 0
2013 0
2013 0
2013 0
2013 0
2013 0
2013 0
2013 0
2013 0
2013 0
2013 0
2013 0
2013 0
2013 0
2013 0
2013 0
2013 0
2013 0
2013 0
2013 0
2013 0
2013 0
2013 0
2013 0
2013 0
2013 0
2013 0
2013 0
2013 0
2013 0
2013 0
2013 0
2013 0
2013 0
2013 0
2013 0
2013 2
2013 0
2013 0
2013 0
2013 0
2013 0
2013 0
2013 0
2013 0
2013 0
2013 0
2013 0
2013 0
2013 2
2013 2
2013 0
2013 0
2013 12
2013 15
2013 12
2013 10
2013 10
2013 10
2013 10
2013 5
2013 0
2013 25
2013 70
2013 60
2013 50
2013 45
2013 40
2013 40
2013 40
2013 38
2013 36
2013 35
2013 30
2013 28
2013 25
2013 22
2013 20
2013 15
2013 20
2013 35
2013 70
2013 70
2013 70
2013 70
2013 70
2013 80
2013 85
2013 85
2013 85
2013 100
2013 100
2013 100
2013 100
2013 100
2013 100
2013 102
2013 105
2013 115
2013 130
2013 130
2013 130
2013 130
2013 127
2013 125
2013 120
2013 95
2013 80
2013 80
2013 75
2013 80
2013 75
2013 75
2013 75
2013 75
2013 80
2013 80
2013 80
2013 80
2013 78
2013 75
2013 73
2013 70
2013 65
2013 60
2013 60
2013 60
2013 60
2013 60
2013 60
2013 60
2013 55
2013 60
2013 65
2013 70
2013 75
2013 75
2013 75
2013 75
2013 75
2013 70
2013 60
2013 55
2013 55
2013 55
2013 55
2013 60
2013 60
2013 60
2013 60
2013 60
2013 60
2013 60
2013 60
2013 60
2013 70
2013 75
2013 75
2013 75
2013 75
2013 75
2013 75
2013 75
2013 73
2013 70
2013 70
2013 70
2013 70
2013 70
2013 90
2013 120
2013 115
2013 135
2013 150
2013 150
2013 145
2013 140
2013 135
2013 145
2013 160
2013 162
2013 162
2013 162
2013 162
2013 158
2013 157
2013 155
2013 155
2013 155
2013 155
2013 160
2013 165
2013 160
2013 155
2013 155
2013 150
2013 165
2013 175
2013 170
2013 170
2013 170
2013 175
2013 175
2013 170
2013 170
2013 165
2013 160
2013 155
2013 160
2013 155
2013 150
2013 155
2013 155
2013 160
2013 155
2013 155
2013 155
2013 150
2013 140
2013 125
2013 100
2013 80
2013 75
2013 80
2013 95
2013 100
2013 90
2013 80
2013 75
2013 70
2013 70
2013 65
2013 65
2013 55
2013 55
2013 50
2013 40
2013 35
2013 35
2013 30
2013 28
2013 25
2013 20
2013 18
2013 15
2013 10
2013 10
2013 5
2013 0
2013 4
2013 0
2013 0
2013 40
2013 30
2013 20
2013 15
2013 0
2013 0
2013 0
2013 0
2013 0
2013 0
2013 2
2013 0
2013 0
2013 0
2013 0
2013 0
2013 0
2013 0
2013 0
2013 0
2013 0
2013 0
2013 0
2013 0
2013 0
2013 0
2013 0
2013 0
2013 0
2013 0
2013 0
2013 0
2013 0
2013 0
2013 0
2013 0
2013 0
2013 0
2013 0
2013 0
2013 0
2013 0
2013 0
2013 0
2013 0
2013 0
2013 0
2013 0
2013 0
2013 0
2013 0
2013 0
2013 0
2013 0
2013 0
2013 0
2013 0
2013 0
2013 0
2013 0
2013 0
2013 0
2013 0
2013 0
2013 0
2013 0
2013 0
2013 0
2013 0
2013 0
2013 0
2013 0
2013 0
2013 0
2013 0
2013 0
2013 0
2013 0
2013 0
2013 0
2013 0
2013 0
2013 0
2013 0
2013 0
2013 0
2013 0
2013 0
2013 0
2013 0
2013 0
2013 0
2013 0
2013 0
2013 0
2013 0
2013 0
2013 0
2013 0
2013 0
2013 0
2013 0
2013 0
2013 0
2013 0
2014 0
2014 0
2014 0
2014 0
2014 0
2014 0
2014 0
2014 0
2014 0
2014 0
2014 0
2014 0
2014 0
2014 0
2014 0
2014 0
2014 1
2014 0
2014 0
2014 0
2014 0
2014 0
2014 0
2014 0
2014 0
2014 0
2014 0
2014 0
2014 0
2014 0
2014 0
2014 0
2014 0
2014 0
2014 0
2014 0
2014 0
2014 0
2014 0
2014 0
2014 2
2014 4
2014 8
2014 0
2014 0
2014 0
2014 0
2014 0
2014 0
2014 0
2014 0
2014 0
2014 0
2014 0
2014 0
2014 0
2014 0
2014 0
2014 0
2014 0
2014 0
2014 0
2014 0
2014 0
2014 0
2014 0
2014 0
2014 0
2014 0
2014 0
2014 12
2014 30
2014 25
2014 15
2014 12
2014 15
2014 20
2014 21
2014 22
2014 38
2014 50
2014 55
2014 60
2014 60
2014 60
2014 55
2014 50
2014 50
2014 50
2014 50
2014 50
2014 55
2014 55
2014 55
2014 50
2014 45
2014 45
2014 40
2014 40
2014 40
2014 35
2014 33
2014 30
2014 29
2014 28
2014 28
2014 27
2014 26
2014 25
2014 24
2014 36
2014 41
2014 41
2014 40
2014 40
2014 42
2014 60
2014 100
2014 95
2014 95
2014 90
2014 85
2014 80
2014 80
2014 80
2014 80
2014 90
2014 90
2014 80
2014 75
2014 70
2014 70
2014 65
2014 62
2014 60
2014 70
2014 70
2014 70
2014 74
2014 74
2014 79
2014 84
2014 80
2014 80
2014 80
2014 80
2014 80
2014 75
2014 80
2014 80
2014 80
2014 85
2014 105
2014 105
2014 125
2014 128
2014 132
2014 138
2014 145
2014 140
2014 145
2014 150
2014 145
2014 145
2014 140
2014 140
2014 145
2014 140
2014 145
2014 150
2014 145
2014 150
2014 145
2014 140
2014 140
2014 140
2014 140
2014 138
2014 138
2014 145
2014 147
2014 150
2014 150
2014 154
2014 160
2014 159
2014 157
2014 155
2014 153
2014 150
2014 148
2014 145
2014 140
2014 135
2014 130
2014 128
2014 125
2014 120
2014 118
2014 115
2014 110
2014 108
2014 105
2014 105
2014 105
2014 105
2014 105
2014 105
2014 110
2014 105
2014 100
2014 95
2014 90
2014 85
2014 83
2014 83
2014 80
2014 78
2014 75
2014 70
2014 70
2014 68
2014 65
2014 55
2014 50
2014 48
2014 40
2014 35
2014 32
2014 30
2014 30
2014 45
2014 50
2014 45
2014 40
2014 35
2014 32
2014 30
2014 30
2014 30
2014 30
2014 25
2014 NA
2014 NA
2014 NA
2014 NA
2014 NA
2014 NA
2014 NA
2014 NA
2014 NA
2014 NA
2014 NA
2014 NA
2014 NA
2014 NA
2014 NA
2014 NA
2014 NA
2014 NA
2014 NA
2014 NA
2014 NA
2014 NA
2014 NA
2014 NA
2014 NA
2014 NA
2014 NA
2014 NA
2014 NA
2014 NA
2014 NA
2014 NA
2014 NA
2014 NA
2014 NA
2014 NA
2014 NA
2014 NA
2014 NA
2014 NA
2014 NA
2014 NA
2014 NA
2014 NA
2014 NA
2014 NA
2014 NA
2014 NA
2014 NA
2014 NA
2014 NA
2014 NA
2014 NA
2014 NA
2014 NA
2014 NA
2014 NA
2014 NA
2014 NA
2014 NA
2014 NA
2014 NA
2014 NA
2014 NA
2014 NA
2014 NA
2014 NA
2014 NA
2014 NA
2014 NA
2014 NA
2014 NA
2014 NA
2014 NA
2014 NA
2014 NA
2014 NA
2014 NA
2014 NA
2014 NA
2014 NA
2014 NA
2014 NA
2014 NA
2014 NA
2014 NA
2014 NA
2014 NA
2014 NA
2014 NA
2014 NA
2014 NA
2014 NA
2014 NA
2014 NA
2014 NA
2014 NA
2014 NA
2014 NA
2014 NA
2014 NA
2014 NA
2014 NA
2014 NA
2014 NA
2014 NA
2014 NA
2014 NA
2014 NA
2014 NA
2014 NA
2014 NA
2014 NA
2014 NA
2014 NA
2014 NA
2014 NA
2014 NA
2014 NA
2014 NA
2014 NA
2014 NA
2014 NA
