1984 NA
1984 NA
1984 NA
1984 NA
1984 NA
1984 NA
1984 NA
1984 NA
1984 NA
1984 NA
1984 NA
1984 NA
1984 NA
1984 NA
1984 NA
1984 NA
1984 NA
1984 NA
1984 NA
1984 NA
1984 NA
1984 NA
1984 NA
1984 NA
1984 NA
1984 NA
1984 NA
1984 NA
1984 NA
1984 NA
1984 NA
1984 NA
1984 NA
1984 NA
1984 NA
1984 NA
1984 NA
1984 NA
1984 NA
1984 NA
1984 NA
1984 NA
1984 NA
1984 NA
1984 NA
1984 NA
1984 NA
1984 NA
1984 NA
1984 NA
1984 NA
1984 NA
1984 NA
1984 NA
1984 NA
1984 NA
1984 NA
1984 NA
1984 NA
1984 NA
1984 NA
1984 NA
1984 NA
1984 NA
1984 NA
1984 NA
1984 NA
1984 NA
1984 NA
1984 NA
1984 NA
1984 NA
1984 NA
1984 NA
1984 NA
1984 NA
1984 NA
1984 NA
1984 NA
1984 NA
1984 NA
1984 NA
1984 NA
1984 NA
1984 NA
1984 NA
1984 NA
1984 NA
1984 NA
1984 NA
1984 NA
1984 0
1984 0
1984 0
1984 0
1984 0
1984 0
1984 0
1984 0
1984 0
1984 0
1984 0
1984 0
1984 0
1984 0
1984 0
1984 0
1984 39
1984 39
1984 48
1984 34
1984 30
1984 35
1984 33
1984 33
1984 32
1984 32
1984 31
1984 31
1984 31
1984 31
1984 31
1984 31
1984 31
1984 30
1984 30
1984 36
1984 36
1984 36
1984 36
1984 39
1984 39
1984 39
1984 39
1984 39
1984 39
1984 38
1984 39
1984 39
1984 40
1984 40
1984 41
1984 45
1984 53
1984 56
1984 82
1984 80
1984 77
1984 72
1984 69
1984 74
1984 70
1984 67
1984 77
1984 84
1984 82
1984 74
1984 72
1984 72
1984 71
1984 72
1984 73
1984 71
1984 69
1984 69
1984 68
1984 67
1984 67
1984 67
1984 67
1984 67
1984 67
1984 67
1984 66
1984 66
1984 68
1984 73
1984 78
1984 92
1984 102
1984 102
1984 102
1984 102
1984 102
1984 102
1984 160
1984 154
1984 150
1984 146
1984 143
1984 140
1984 139
1984 138
1984 136
1984 134
1984 133
1984 132
1984 130
1984 128
1984 125
1984 120
1984 116
1984 113
1984 112
1984 110
1984 108
1984 104
1984 107
1984 102
1984 99
1984 94
1984 98
1984 91
1984 89
1984 87
1984 122
1984 123
1984 117
1984 117
1984 112
1984 110
1984 106
1984 104
1984 101
1984 96
1984 92
1984 92
1984 87
1984 85
1984 78
1984 76
1984 72
1984 67
1984 63
1984 59
1984 53
1984 43
1984 39
1984 34
1984 28
1984 20
1984 24
1984 15
1984 NA
1984 NA
1984 NA
1984 NA
1984 NA
1984 NA
1984 NA
1984 NA
1984 NA
1984 NA
1984 NA
1984 NA
1984 NA
1984 NA
1984 NA
1984 NA
1984 NA
1984 NA
1984 NA
1984 NA
1984 NA
1984 NA
1984 NA
1984 NA
1984 NA
1984 NA
1984 NA
1984 NA
1984 NA
1984 NA
1984 NA
1984 NA
1984 NA
1984 NA
1984 NA
1984 NA
1984 NA
1984 NA
1984 NA
1984 NA
1984 NA
1984 NA
1984 NA
1984 NA
1984 NA
1984 NA
1984 NA
1984 NA
1984 NA
1984 NA
1984 NA
1984 NA
1984 NA
1984 NA
1984 NA
1984 NA
1984 NA
1984 NA
1984 NA
1984 NA
1984 NA
1984 NA
1984 NA
1984 NA
1984 NA
1984 NA
1984 NA
1984 NA
1984 NA
1984 NA
1984 NA
1984 NA
1984 NA
1984 NA
1984 NA
1984 NA
1984 NA
1984 NA
1984 NA
1984 NA
1984 NA
1984 NA
1984 NA
1984 NA
1984 NA
1984 NA
1984 NA
1984 NA
1984 NA
1984 NA
1984 NA
1984 NA
1984 NA
1984 NA
1984 NA
1984 NA
1984 NA
1984 NA
1984 NA
1984 NA
1984 NA
1984 NA
1984 NA
1984 NA
1984 NA
1984 NA
1984 NA
1984 NA
1984 NA
1984 NA
1984 NA
1984 NA
1984 NA
1984 NA
1984 NA
1984 NA
1984 NA
1984 NA
1984 NA
1984 NA
1984 NA
1984 NA
1984 NA
1985 NA
1985 NA
1985 NA
1985 NA
1985 NA
1985 NA
1985 NA
1985 NA
1985 NA
1985 NA
1985 NA
1985 NA
1985 NA
1985 NA
1985 NA
1985 NA
1985 NA
1985 NA
1985 NA
1985 NA
1985 NA
1985 NA
1985 NA
1985 NA
1985 NA
1985 NA
1985 NA
1985 NA
1985 NA
1985 NA
1985 NA
1985 NA
1985 NA
1985 NA
1985 NA
1985 NA
1985 NA
1985 NA
1985 NA
1985 NA
1985 NA
1985 NA
1985 NA
1985 NA
1985 NA
1985 NA
1985 NA
1985 NA
1985 NA
1985 NA
1985 NA
1985 NA
1985 NA
1985 NA
1985 NA
1985 NA
1985 NA
1985 NA
1985 NA
1985 NA
1985 NA
1985 NA
1985 NA
1985 NA
1985 NA
1985 NA
1985 NA
1985 NA
1985 NA
1985 NA
1985 NA
1985 NA
1985 NA
1985 NA
1985 NA
1985 NA
1985 NA
1985 NA
1985 NA
1985 NA
1985 NA
1985 NA
1985 NA
1985 NA
1985 NA
1985 NA
1985 NA
1985 NA
1985 NA
1985 NA
1985 NA
1985 0
1985 0
1985 0
1985 0
1985 0
1985 0
1985 0
1985 0
1985 0
1985 0
1985 0
1985 0
1985 0
1985 0
1985 0
1985 0
1985 0
1985 0
1985 0
1985 26
1985 26
1985 26
1985 25
1985 25
1985 26
1985 26
1985 25
1985 25
1985 25
1985 29
1985 29
1985 28
1985 28
1985 27
1985 27
1985 28
1985 28
1985 27
1985 27
1985 27
1985 27
1985 27
1985 27
1985 27
1985 38
1985 60
1985 71
1985 67
1985 67
1985 67
1985 67
1985 64
1985 61
1985 42
1985 32
1985 47
1985 47
1985 58
1985 56
1985 56
1985 54
1985 53
1985 50
1985 49
1985 47
1985 47
1985 47
1985 47
1985 47
1985 47
1985 49
1985 50
1985 46
1985 46
1985 45
1985 45
1985 45
1985 44
1985 44
1985 44
1985 44
1985 44
1985 44
1985 44
1985 42
1985 42
1985 42
1985 42
1985 42
1985 42
1985 40
1985 36
1985 35
1985 35
1985 34
1985 32
1985 29
1985 27
1985 27
1985 26
1985 26
1985 39
1985 38
1985 33
1985 31
1985 31
1985 61
1985 64
1985 67
1985 61
1985 66
1985 122
1985 116
1985 118
1985 99
1985 88
1985 78
1985 77
1985 75
1985 74
1985 72
1985 70
1985 66
1985 62
1985 60
1985 55
1985 48
1985 41
1985 34
1985 28
1985 26
1985 25
1985 22
1985 37
1985 32
1985 27
1985 23
1985 22
1985 18
1985 12
1985 6
1985 0
1985 0
1985 0
1985 0
1985 0
1985 0
1985 0
1985 0
1985 NA
1985 NA
1985 NA
1985 NA
1985 NA
1985 NA
1985 NA
1985 NA
1985 NA
1985 NA
1985 NA
1985 NA
1985 NA
1985 NA
1985 NA
1985 NA
1985 NA
1985 NA
1985 NA
1985 NA
1985 NA
1985 NA
1985 NA
1985 NA
1985 NA
1985 NA
1985 NA
1985 NA
1985 NA
1985 NA
1985 NA
1985 NA
1985 NA
1985 NA
1985 NA
1985 NA
1985 NA
1985 NA
1985 NA
1985 NA
1985 NA
1985 NA
1985 NA
1985 NA
1985 NA
1985 NA
1985 NA
1985 NA
1985 NA
1985 NA
1985 NA
1985 NA
1985 NA
1985 NA
1985 NA
1985 NA
1985 NA
1985 NA
1985 NA
1985 NA
1985 NA
1985 NA
1985 NA
1985 NA
1985 NA
1985 NA
1985 NA
1985 NA
1985 NA
1985 NA
1985 NA
1985 NA
1985 NA
1985 NA
1985 NA
1985 NA
1985 NA
1985 NA
1985 NA
1985 NA
1985 NA
1985 NA
1985 NA
1985 NA
1985 NA
1985 NA
1985 NA
1985 NA
1985 NA
1985 NA
1985 NA
1985 NA
1985 NA
1985 NA
1985 NA
1985 NA
1985 NA
1985 NA
1985 NA
1985 NA
1985 NA
1985 NA
1985 NA
1985 NA
1985 NA
1985 NA
1985 NA
1985 NA
1985 NA
1985 NA
1985 NA
1985 NA
1985 NA
1985 NA
1985 NA
1985 NA
1985 NA
1985 NA
1985 NA
1985 NA
1985 NA
1985 NA
1985 NA
1985 NA
1985 NA
1986 NA
1986 NA
1986 NA
1986 NA
1986 NA
1986 NA
1986 NA
1986 NA
1986 NA
1986 NA
1986 NA
1986 NA
1986 NA
1986 NA
1986 NA
1986 NA
1986 NA
1986 NA
1986 NA
1986 NA
1986 NA
1986 NA
1986 NA
1986 NA
1986 NA
1986 NA
1986 NA
1986 NA
1986 NA
1986 NA
1986 NA
1986 NA
1986 NA
1986 NA
1986 NA
1986 NA
1986 NA
1986 NA
1986 NA
1986 NA
1986 NA
1986 NA
1986 NA
1986 NA
1986 NA
1986 NA
1986 NA
1986 NA
1986 NA
1986 NA
1986 NA
1986 NA
1986 NA
1986 NA
1986 NA
1986 NA
1986 NA
1986 NA
1986 NA
1986 NA
1986 NA
1986 NA
1986 NA
1986 NA
1986 NA
1986 NA
1986 NA
1986 NA
1986 NA
1986 NA
1986 NA
1986 NA
1986 NA
1986 NA
1986 NA
1986 NA
1986 NA
1986 NA
1986 NA
1986 NA
1986 NA
1986 NA
1986 NA
1986 NA
1986 NA
1986 NA
1986 NA
1986 NA
1986 NA
1986 NA
1986 NA
1986 48
1986 48
1986 48
1986 48
1986 43
1986 35
1986 28
1986 24
1986 20
1986 12
1986 30
1986 27
1986 26
1986 24
1986 24
1986 24
1986 22
1986 22
1986 22
1986 22
1986 22
1986 22
1986 22
1986 21
1986 21
1986 20
1986 24
1986 23
1986 21
1986 16
1986 20
1986 18
1986 17
1986 22
1986 23
1986 24
1986 24
1986 28
1986 26
1986 24
1986 24
1986 21
1986 23
1986 23
1986 23
1986 24
1986 24
1986 24
1986 24
1986 24
1986 22
1986 22
1986 22
1986 20
1986 21
1986 28
1986 28
1986 28
1986 28
1986 28
1986 28
1986 53
1986 92
1986 82
1986 84
1986 87
1986 97
1986 97
1986 92
1986 92
1986 94
1986 98
1986 102
1986 98
1986 96
1986 92
1986 92
1986 87
1986 84
1986 90
1986 86
1986 91
1986 92
1986 86
1986 85
1986 81
1986 78
1986 74
1986 71
1986 71
1986 72
1986 78
1986 78
1986 86
1986 82
1986 78
1986 77
1986 86
1986 77
1986 73
1986 72
1986 68
1986 70
1986 71
1986 70
1986 69
1986 67
1986 63
1986 63
1986 63
1986 63
1986 63
1986 63
1986 63
1986 61
1986 70
1986 82
1986 76
1986 70
1986 68
1986 66
1986 63
1986 60
1986 56
1986 52
1986 48
1986 45
1986 42
1986 40
1986 37
1986 34
1986 31
1986 47
1986 65
1986 56
1986 46
1986 46
1986 38
1986 33
1986 33
1986 30
1986 30
1986 28
1986 24
1986 20
1986 15
1986 6
1986 0
1986 0
1986 0
1986 0
1986 NA
1986 NA
1986 NA
1986 NA
1986 NA
1986 NA
1986 NA
1986 NA
1986 NA
1986 NA
1986 NA
1986 NA
1986 NA
1986 NA
1986 NA
1986 NA
1986 NA
1986 NA
1986 NA
1986 NA
1986 NA
1986 NA
1986 NA
1986 NA
1986 NA
1986 NA
1986 NA
1986 NA
1986 NA
1986 NA
1986 NA
1986 NA
1986 NA
1986 NA
1986 NA
1986 NA
1986 NA
1986 NA
1986 NA
1986 NA
1986 NA
1986 NA
1986 NA
1986 NA
1986 NA
1986 NA
1986 NA
1986 NA
1986 NA
1986 NA
1986 NA
1986 NA
1986 NA
1986 NA
1986 NA
1986 NA
1986 NA
1986 NA
1986 NA
1986 NA
1986 NA
1986 NA
1986 NA
1986 NA
1986 NA
1986 NA
1986 NA
1986 NA
1986 NA
1986 NA
1986 NA
1986 NA
1986 NA
1986 NA
1986 NA
1986 NA
1986 NA
1986 NA
1986 NA
1986 NA
1986 NA
1986 NA
1986 NA
1986 NA
1986 NA
1986 NA
1986 NA
1986 NA
1986 NA
1986 NA
1986 NA
1986 NA
1986 NA
1986 NA
1986 NA
1986 NA
1986 NA
1986 NA
1986 NA
1986 NA
1986 NA
1986 NA
1986 NA
1986 NA
1986 NA
1986 NA
1986 NA
1986 NA
1986 NA
1986 NA
1986 NA
1986 NA
1986 NA
1986 NA
1986 NA
1986 NA
1986 NA
1986 NA
1986 NA
1986 NA
1986 NA
1986 NA
1986 NA
1987 NA
1987 NA
1987 NA
1987 NA
1987 NA
1987 NA
1987 NA
1987 NA
1987 NA
1987 NA
1987 NA
1987 NA
1987 NA
1987 NA
1987 NA
1987 NA
1987 NA
1987 NA
1987 NA
1987 NA
1987 NA
1987 NA
1987 NA
1987 NA
1987 NA
1987 NA
1987 NA
1987 NA
1987 NA
1987 NA
1987 NA
1987 NA
1987 NA
1987 NA
1987 NA
1987 NA
1987 NA
1987 NA
1987 NA
1987 NA
1987 NA
1987 NA
1987 NA
1987 NA
1987 NA
1987 NA
1987 NA
1987 NA
1987 NA
1987 NA
1987 NA
1987 NA
1987 NA
1987 NA
1987 NA
1987 NA
1987 NA
1987 NA
1987 NA
1987 NA
1987 NA
1987 NA
1987 NA
1987 NA
1987 NA
1987 NA
1987 NA
1987 NA
1987 NA
1987 NA
1987 NA
1987 NA
1987 NA
1987 NA
1987 NA
1987 NA
1987 NA
1987 NA
1987 NA
1987 NA
1987 NA
1987 NA
1987 NA
1987 NA
1987 NA
1987 NA
1987 NA
1987 NA
1987 NA
1987 NA
1987 NA
1987 5
1987 5
1987 5
1987 5
1987 5
1987 5
1987 5
1987 5
1987 5
1987 5
1987 5
1987 5
1987 5
1987 5
1987 40
1987 37
1987 36
1987 36
1987 36
1987 34
1987 33
1987 32
1987 32
1987 31
1987 31
1987 31
1987 30
1987 30
1987 30
1987 29
1987 29
1987 27
1987 26
1987 25
1987 25
1987 25
1987 25
1987 25
1987 25
1987 25
1987 25
1987 50
1987 56
1987 54
1987 56
1987 92
1987 102
1987 94
1987 88
1987 84
1987 79
1987 78
1987 77
1987 75
1987 74
1987 72
1987 69
1987 69
1987 68
1987 68
1987 67
1987 66
1987 66
1987 66
1987 66
1987 66
1987 65
1987 65
1987 65
1987 63
1987 63
1987 62
1987 60
1987 56
1987 54
1987 49
1987 49
1987 48
1987 48
1987 52
1987 59
1987 84
1987 93
1987 90
1987 86
1987 82
1987 80
1987 78
1987 76
1987 74
1987 72
1987 53
1987 69
1987 65
1987 65
1987 64
1987 64
1987 63
1987 63
1987 63
1987 63
1987 63
1987 63
1987 63
1987 62
1987 62
1987 62
1987 62
1987 62
1987 84
1987 95
1987 89
1987 86
1987 85
1987 82
1987 80
1987 72
1987 66
1987 88
1987 86
1987 80
1987 80
1987 78
1987 77
1987 72
1987 67
1987 64
1987 64
1987 61
1987 56
1987 51
1987 47
1987 44
1987 43
1987 40
1987 38
1987 38
1987 35
1987 33
1987 30
1987 28
1987 NA
1987 NA
1987 NA
1987 NA
1987 NA
1987 NA
1987 NA
1987 NA
1987 NA
1987 NA
1987 NA
1987 NA
1987 NA
1987 NA
1987 NA
1987 NA
1987 NA
1987 NA
1987 NA
1987 NA
1987 NA
1987 NA
1987 NA
1987 NA
1987 NA
1987 NA
1987 NA
1987 NA
1987 NA
1987 NA
1987 NA
1987 NA
1987 NA
1987 NA
1987 NA
1987 NA
1987 NA
1987 NA
1987 NA
1987 NA
1987 NA
1987 NA
1987 NA
1987 NA
1987 NA
1987 NA
1987 NA
1987 NA
1987 NA
1987 NA
1987 NA
1987 NA
1987 NA
1987 NA
1987 NA
1987 NA
1987 NA
1987 NA
1987 NA
1987 NA
1987 NA
1987 NA
1987 NA
1987 NA
1987 NA
1987 NA
1987 NA
1987 NA
1987 NA
1987 NA
1987 NA
1987 NA
1987 NA
1987 NA
1987 NA
1987 NA
1987 NA
1987 NA
1987 NA
1987 NA
1987 NA
1987 NA
1987 NA
1987 NA
1987 NA
1987 NA
1987 NA
1987 NA
1987 NA
1987 NA
1987 NA
1987 NA
1987 NA
1987 NA
1987 NA
1987 NA
1987 NA
1987 NA
1987 NA
1987 NA
1987 NA
1987 NA
1987 NA
1987 NA
1987 NA
1987 NA
1987 NA
1987 NA
1987 NA
1987 NA
1987 NA
1987 NA
1987 NA
1987 NA
1987 NA
1987 NA
1987 NA
1987 NA
1987 NA
1987 NA
1987 NA
1987 NA
1987 NA
1987 NA
1987 NA
1987 NA
1987 NA
1987 NA
1987 NA
1987 NA
1987 NA
1987 NA
1987 NA
1988 NA
1988 NA
1988 NA
1988 NA
1988 NA
1988 NA
1988 NA
1988 NA
1988 NA
1988 NA
1988 NA
1988 NA
1988 NA
1988 NA
1988 NA
1988 NA
1988 NA
1988 NA
1988 NA
1988 NA
1988 NA
1988 NA
1988 NA
1988 NA
1988 NA
1988 NA
1988 NA
1988 NA
1988 NA
1988 NA
1988 NA
1988 NA
1988 NA
1988 NA
1988 NA
1988 NA
1988 NA
1988 NA
1988 NA
1988 NA
1988 NA
1988 NA
1988 NA
1988 NA
1988 NA
1988 NA
1988 NA
1988 NA
1988 NA
1988 NA
1988 NA
1988 NA
1988 NA
1988 NA
1988 NA
1988 NA
1988 NA
1988 NA
1988 NA
1988 NA
1988 NA
1988 NA
1988 NA
1988 NA
1988 NA
1988 NA
1988 NA
1988 NA
1988 NA
1988 NA
1988 NA
1988 NA
1988 NA
1988 NA
1988 NA
1988 NA
1988 NA
1988 NA
1988 NA
1988 NA
1988 NA
1988 NA
1988 NA
1988 NA
1988 NA
1988 NA
1988 NA
1988 NA
1988 NA
1988 NA
1988 NA
1988 36
1988 36
1988 36
1988 35
1988 35
1988 32
1988 32
1988 30
1988 30
1988 28
1988 27
1988 27
1988 25
1988 25
1988 24
1988 24
1988 24
1988 23
1988 22
1988 22
1988 22
1988 22
1988 22
1988 22
1988 22
1988 22
1988 21
1988 21
1988 21
1988 21
1988 21
1988 21
1988 21
1988 20
1988 20
1988 20
1988 20
1988 15
1988 16
1988 16
1988 16
1988 16
1988 16
1988 16
1988 17
1988 17
1988 17
1988 17
1988 17
1988 17
1988 17
1988 16
1988 20
1988 22
1988 22
1988 22
1988 36
1988 36
1988 35
1988 28
1988 26
1988 32
1988 32
1988 36
1988 40
1988 40
1988 40
1988 33
1988 28
1988 26
1988 28
1988 28
1988 28
1988 57
1988 74
1988 72
1988 72
1988 64
1988 60
1988 58
1988 56
1988 54
1988 53
1988 51
1988 51
1988 53
1988 55
1988 53
1988 53
1988 51
1988 51
1988 50
1988 50
1988 49
1988 49
1988 55
1988 72
1988 62
1988 60
1988 58
1988 57
1988 57
1988 56
1988 55
1988 52
1988 50
1988 45
1988 40
1988 40
1988 41
1988 40
1988 38
1988 35
1988 32
1988 30
1988 30
1988 31
1988 32
1988 32
1988 32
1988 32
1988 47
1988 58
1988 56
1988 52
1988 42
1988 40
1988 39
1988 37
1988 36
1988 31
1988 30
1988 29
1988 25
1988 22
1988 15
1988 15
1988 13
1988 9
1988 5
1988 0
1988 0
1988 0
1988 0
1988 0
1988 NA
1988 NA
1988 NA
1988 NA
1988 NA
1988 NA
1988 NA
1988 NA
1988 NA
1988 NA
1988 NA
1988 NA
1988 NA
1988 NA
1988 NA
1988 NA
1988 NA
1988 NA
1988 NA
1988 NA
1988 NA
1988 NA
1988 NA
1988 NA
1988 NA
1988 NA
1988 NA
1988 NA
1988 NA
1988 NA
1988 NA
1988 NA
1988 NA
1988 NA
1988 NA
1988 NA
1988 NA
1988 NA
1988 NA
1988 NA
1988 NA
1988 NA
1988 NA
1988 NA
1988 NA
1988 NA
1988 NA
1988 NA
1988 NA
1988 NA
1988 NA
1988 NA
1988 NA
1988 NA
1988 NA
1988 NA
1988 NA
1988 NA
1988 NA
1988 NA
1988 NA
1988 NA
1988 NA
1988 NA
1988 NA
1988 NA
1988 NA
1988 NA
1988 NA
1988 NA
1988 NA
1988 NA
1988 NA
1988 NA
1988 NA
1988 NA
1988 NA
1988 NA
1988 NA
1988 NA
1988 NA
1988 NA
1988 NA
1988 NA
1988 NA
1988 NA
1988 NA
1988 NA
1988 NA
1988 NA
1988 NA
1988 NA
1988 NA
1988 NA
1988 NA
1988 NA
1988 NA
1988 NA
1988 NA
1988 NA
1988 NA
1988 NA
1988 NA
1988 NA
1988 NA
1988 NA
1988 NA
1988 NA
1988 NA
1988 NA
1988 NA
1988 NA
1988 NA
1988 NA
1988 NA
1988 NA
1988 NA
1988 NA
1988 NA
1988 NA
1988 NA
1988 NA
1988 NA
1988 NA
1988 NA
1988 NA
1988 NA
1988 NA
1988 NA
1988 NA
1989 NA
1989 NA
1989 NA
1989 NA
1989 NA
1989 NA
1989 NA
1989 NA
1989 NA
1989 NA
1989 NA
1989 NA
1989 NA
1989 NA
1989 NA
1989 NA
1989 NA
1989 NA
1989 NA
1989 NA
1989 NA
1989 NA
1989 NA
1989 NA
1989 NA
1989 NA
1989 NA
1989 NA
1989 NA
1989 NA
1989 NA
1989 NA
1989 NA
1989 NA
1989 NA
1989 NA
1989 NA
1989 NA
1989 NA
1989 NA
1989 NA
1989 NA
1989 NA
1989 NA
1989 NA
1989 NA
1989 NA
1989 NA
1989 NA
1989 NA
1989 NA
1989 NA
1989 NA
1989 NA
1989 NA
1989 NA
1989 NA
1989 NA
1989 NA
1989 NA
1989 NA
1989 NA
1989 NA
1989 NA
1989 NA
1989 NA
1989 NA
1989 NA
1989 NA
1989 NA
1989 NA
1989 NA
1989 NA
1989 NA
1989 NA
1989 NA
1989 NA
1989 NA
1989 NA
1989 NA
1989 NA
1989 NA
1989 NA
1989 NA
1989 NA
1989 NA
1989 NA
1989 NA
1989 NA
1989 NA
1989 NA
1989 0
1989 0
1989 0
1989 0
1989 0
1989 0
1989 0
1989 0
1989 0
1989 0
1989 0
1989 0
1989 0
1989 0
1989 0
1989 0
1989 0
1989 0
1989 0
1989 1
1989 1
1989 1
1989 1
1989 1
1989 1
1989 1
1989 1
1989 1
1989 1
1989 1
1989 1
1989 1
1989 1
1989 1
1989 0
1989 0
1989 0
1989 0
1989 0
1989 0
1989 0
1989 0
1989 0
1989 0
1989 0
1989 0
1989 0
1989 0
1989 0
1989 0
1989 0
1989 0
1989 0
1989 0
1989 0
1989 0
1989 0
1989 0
1989 0
1989 0
1989 0
1989 0
1989 0
1989 0
1989 0
1989 0
1989 0
1989 0
1989 0
1989 0
1989 0
1989 0
1989 0
1989 0
1989 0
1989 0
1989 0
1989 0
1989 0
1989 0
1989 0
1989 0
1989 0
1989 0
1989 0
1989 0
1989 0
1989 29
1989 27
1989 25
1989 26
1989 25
1989 26
1989 32
1989 31
1989 29
1989 29
1989 29
1989 27
1989 26
1989 25
1989 24
1989 20
1989 15
1989 15
1989 15
1989 11
1989 5
1989 3
1989 3
1989 2
1989 1
1989 0
1989 0
1989 0
1989 0
1989 0
1989 0
1989 0
1989 0
1989 0
1989 NA
1989 NA
1989 NA
1989 NA
1989 NA
1989 NA
1989 NA
1989 NA
1989 NA
1989 NA
1989 NA
1989 NA
1989 NA
1989 NA
1989 NA
1989 NA
1989 NA
1989 NA
1989 NA
1989 NA
1989 NA
1989 NA
1989 NA
1989 NA
1989 NA
1989 NA
1989 NA
1989 NA
1989 NA
1989 NA
1989 NA
1989 NA
1989 NA
1989 NA
1989 NA
1989 NA
1989 NA
1989 NA
1989 NA
1989 NA
1989 NA
1989 NA
1989 NA
1989 NA
1989 NA
1989 NA
1989 NA
1989 NA
1989 NA
1989 NA
1989 NA
1989 NA
1989 NA
1989 NA
1989 NA
1989 NA
1989 NA
1989 NA
1989 NA
1989 NA
1989 NA
1989 NA
1989 NA
1989 NA
1989 NA
1989 NA
1989 NA
1989 NA
1989 NA
1989 NA
1989 NA
1989 NA
1989 NA
1989 NA
1989 NA
1989 NA
1989 NA
1989 NA
1989 NA
1989 NA
1989 NA
1989 NA
1989 NA
1989 NA
1989 NA
1989 NA
1989 NA
1989 NA
1989 NA
1989 NA
1989 NA
1989 NA
1989 NA
1989 NA
1989 NA
1989 NA
1989 NA
1989 NA
1989 NA
1989 NA
1989 NA
1989 NA
1989 NA
1989 NA
1989 NA
1989 NA
1989 NA
1989 NA
1989 NA
1989 NA
1989 NA
1989 NA
1989 NA
1989 NA
1989 NA
1989 NA
1989 NA
1989 NA
1989 NA
1989 NA
1989 NA
1989 NA
1989 NA
1989 NA
1989 NA
1989 NA
1989 NA
1989 NA
1989 NA
1989 NA
1989 NA
1989 NA
1989 NA
1989 NA
1989 NA
1989 NA
1989 NA
1989 NA
1989 NA
1989 NA
1989 NA
1989 NA
1989 NA
1989 NA
1989 NA
1989 NA
1989 NA
1989 NA
1989 NA
1989 NA
1989 NA
1989 NA
1989 NA
