1986 NA
1986 NA
1986 NA
1986 NA
1986 NA
1986 NA
1986 NA
1986 NA
1986 NA
1986 NA
1986 NA
1986 NA
1986 NA
1986 NA
1986 NA
1986 NA
1986 NA
1986 NA
1986 NA
1986 NA
1986 NA
1986 NA
1986 NA
1986 NA
1986 NA
1986 NA
1986 NA
1986 NA
1986 NA
1986 NA
1986 NA
1986 NA
1986 NA
1986 NA
1986 NA
1986 NA
1986 NA
1986 NA
1986 NA
1986 NA
1986 NA
1986 NA
1986 NA
1986 NA
1986 NA
1986 NA
1986 NA
1986 NA
1986 NA
1986 NA
1986 NA
1986 NA
1986 NA
1986 NA
1986 NA
1986 NA
1986 NA
1986 NA
1986 NA
1986 NA
1986 NA
1986 NA
1986 NA
1986 NA
1986 NA
1986 NA
1986 NA
1986 NA
1986 NA
1986 NA
1986 NA
1986 NA
1986 NA
1986 NA
1986 NA
1986 NA
1986 NA
1986 NA
1986 NA
1986 NA
1986 NA
1986 NA
1986 NA
1986 NA
1986 NA
1986 NA
1986 NA
1986 NA
1986 NA
1986 NA
1986 NA
1986 NA
1986 NA
1986 NA
1986 NA
1986 NA
1986 NA
1986 NA
1986 NA
1986 NA
1986 NA
1986 NA
1986 NA
1986 NA
1986 NA
1986 NA
1986 NA
1986 NA
1986 NA
1986 NA
1986 NA
1986 NA
1986 NA
1986 NA
1986 10
1986 10
1986 10
1986 10
1986 10
1986 10
1986 10
1986 NA
1986 10
1986 12
1986 15
1986 40
1986 40
1986 30
1986 35
1986 40
1986 50
1986 50
1986 40
1986 45
1986 80
1986 80
1986 80
1986 90
1986 90
1986 90
1986 90
1986 80
1986 80
1986 85
1986 75
1986 80
1986 85
1986 90
1986 90
1986 90
1986 90
1986 90
1986 75
1986 75
1986 70
1986 70
1986 70
1986 70
1986 70
1986 70
1986 70
1986 75
1986 75
1986 75
1986 75
1986 70
1986 80
1986 80
1986 85
1986 80
1986 90
1986 110
1986 100
1986 100
1986 100
1986 95
1986 85
1986 85
1986 80
1986 85
1986 80
1986 75
1986 75
1986 70
1986 70
1986 70
1986 65
1986 70
1986 70
1986 70
1986 65
1986 65
1986 65
1986 67
1986 67
1986 67
1986 60
1986 60
1986 60
1986 65
1986 67
1986 80
1986 80
1986 80
1986 70
1986 70
1986 75
1986 80
1986 75
1986 60
1986 66
1986 70
1986 70
1986 70
1986 60
1986 90
1986 90
1986 95
1986 70
1986 65
1986 62
1986 65
1986 60
1986 60
1986 65
1986 NA
1986 NA
1986 NA
1986 NA
1986 NA
1986 NA
1986 NA
1986 NA
1986 NA
1986 NA
1986 NA
1986 NA
1986 NA
1986 NA
1986 NA
1986 NA
1986 NA
1986 NA
1986 NA
1986 NA
1986 NA
1986 NA
1986 NA
1986 NA
1986 NA
1986 NA
1986 NA
1986 NA
1986 NA
1986 NA
1986 NA
1986 NA
1986 NA
1986 NA
1986 NA
1986 NA
1986 NA
1986 NA
1986 NA
1986 NA
1986 NA
1986 NA
1986 NA
1986 NA
1986 NA
1986 NA
1986 NA
1986 NA
1986 NA
1986 NA
1986 NA
1986 NA
1986 NA
1986 NA
1986 NA
1986 NA
1986 NA
1986 NA
1986 NA
1986 NA
1986 NA
1986 NA
1986 NA
1986 NA
1986 NA
1986 NA
1986 NA
1986 NA
1986 NA
1986 NA
1986 NA
1986 NA
1986 NA
1986 NA
1986 NA
1986 NA
1986 NA
1986 NA
1986 NA
1986 NA
1986 NA
1986 NA
1986 NA
1986 NA
1986 NA
1986 NA
1986 NA
1986 NA
1986 NA
1986 NA
1986 NA
1986 NA
1986 NA
1986 NA
1986 NA
1986 NA
1986 NA
1986 NA
1986 NA
1986 NA
1986 NA
1986 NA
1986 NA
1986 NA
1986 NA
1986 NA
1986 NA
1986 NA
1986 NA
1986 NA
1986 NA
1986 NA
1986 NA
1986 NA
1986 NA
1986 NA
1986 NA
1986 NA
1986 NA
1986 NA
1986 NA
1986 NA
1986 NA
1986 NA
1986 NA
1986 NA
1986 NA
1986 NA
1986 NA
1986 NA
1986 NA
1986 NA
1986 NA
1986 NA
1986 NA
1986 NA
1986 NA
1986 NA
1986 NA
1986 NA
1987 NA
1987 NA
1987 NA
1987 NA
1987 NA
1987 NA
1987 NA
1987 NA
1987 NA
1987 NA
1987 NA
1987 NA
1987 NA
1987 NA
1987 NA
1987 NA
1987 NA
1987 NA
1987 NA
1987 NA
1987 NA
1987 NA
1987 NA
1987 NA
1987 NA
1987 NA
1987 NA
1987 NA
1987 NA
1987 NA
1987 NA
1987 NA
1987 NA
1987 NA
1987 NA
1987 NA
1987 NA
1987 NA
1987 NA
1987 NA
1987 NA
1987 NA
1987 NA
1987 NA
1987 NA
1987 NA
1987 NA
1987 NA
1987 NA
1987 NA
1987 NA
1987 NA
1987 NA
1987 NA
1987 NA
1987 NA
1987 NA
1987 NA
1987 NA
1987 NA
1987 NA
1987 NA
1987 NA
1987 NA
1987 NA
1987 NA
1987 NA
1987 NA
1987 NA
1987 NA
1987 NA
1987 NA
1987 NA
1987 NA
1987 NA
1987 NA
1987 NA
1987 NA
1987 NA
1987 NA
1987 NA
1987 NA
1987 NA
1987 NA
1987 NA
1987 NA
1987 NA
1987 NA
1987 NA
1987 NA
1987 NA
1987 NA
1987 NA
1987 NA
1987 NA
1987 NA
1987 NA
1987 NA
1987 NA
1987 NA
1987 NA
1987 NA
1987 NA
1987 NA
1987 NA
1987 NA
1987 NA
1987 NA
1987 NA
1987 NA
1987 NA
1987 NA
1987 50
1987 60
1987 65
1987 60
1987 80
1987 85
1987 90
1987 95
1987 90
1987 85
1987 70
1987 70
1987 85
1987 80
1987 75
1987 85
1987 90
1987 100
1987 80
1987 85
1987 120
1987 125
1987 125
1987 80
1987 NA
1987 90
1987 90
1987 80
1987 80
1987 80
1987 80
1987 80
1987 80
1987 75
1987 75
1987 75
1987 75
1987 70
1987 70
1987 70
1987 70
1987 70
1987 70
1987 75
1987 80
1987 80
1987 80
1987 80
1987 80
1987 80
1987 75
1987 80
1987 75
1987 85
1987 90
1987 95
1987 100
1987 105
1987 105
1987 110
1987 115
1987 115
1987 110
1987 110
1987 100
1987 100
1987 100
1987 90
1987 90
1987 90
1987 80
1987 85
1987 85
1987 90
1987 90
1987 90
1987 85
1987 80
1987 80
1987 80
1987 85
1987 95
1987 100
1987 100
1987 100
1987 100
1987 100
1987 100
1987 125
1987 130
1987 130
1987 135
1987 120
1987 110
1987 110
1987 100
1987 110
1987 115
1987 130
1987 130
1987 130
1987 120
1987 110
1987 90
1987 90
1987 100
1987 100
1987 80
1987 70
1987 80
1987 90
1987 95
1987 100
1987 100
1987 90
1987 85
1987 80
1987 80
1987 80
1987 70
1987 70
1987 60
1987 60
1987 50
1987 40
1987 40
1987 NA
1987 NA
1987 NA
1987 NA
1987 NA
1987 NA
1987 NA
1987 NA
1987 NA
1987 NA
1987 NA
1987 NA
1987 NA
1987 NA
1987 NA
1987 NA
1987 NA
1987 NA
1987 NA
1987 NA
1987 NA
1987 NA
1987 NA
1987 NA
1987 NA
1987 NA
1987 NA
1987 NA
1987 NA
1987 NA
1987 NA
1987 NA
1987 NA
1987 NA
1987 NA
1987 NA
1987 NA
1987 NA
1987 NA
1987 NA
1987 NA
1987 NA
1987 NA
1987 NA
1987 NA
1987 NA
1987 NA
1987 NA
1987 NA
1987 NA
1987 NA
1987 NA
1987 NA
1987 NA
1987 NA
1987 NA
1987 NA
1987 NA
1987 NA
1987 NA
1987 NA
1987 NA
1987 NA
1987 NA
1987 NA
1987 NA
1987 NA
1987 NA
1987 NA
1987 NA
1987 NA
1987 NA
1987 NA
1987 NA
1987 NA
1987 NA
1987 NA
1987 NA
1987 NA
1987 NA
1987 NA
1987 NA
1987 NA
1987 NA
1987 NA
1987 NA
1987 NA
1987 NA
1987 NA
1987 NA
1987 NA
1987 NA
1987 NA
1987 NA
1987 NA
1987 NA
1987 NA
1987 NA
1987 NA
1987 NA
1987 NA
1987 NA
1987 NA
1987 NA
1987 NA
1987 NA
1987 NA
1987 NA
1987 NA
1987 NA
1987 NA
1987 NA
1987 NA
1987 NA
1987 NA
1987 NA
1987 NA
1987 NA
1987 NA
1987 NA
1987 NA
1987 NA
1987 NA
1987 NA
1987 NA
1987 NA
1987 NA
1988 NA
1988 NA
1988 NA
1988 NA
1988 NA
1988 NA
1988 NA
1988 NA
1988 NA
1988 NA
1988 NA
1988 NA
1988 NA
1988 NA
1988 NA
1988 NA
1988 NA
1988 NA
1988 NA
1988 NA
1988 NA
1988 NA
1988 NA
1988 NA
1988 NA
1988 NA
1988 NA
1988 NA
1988 NA
1988 NA
1988 NA
1988 NA
1988 NA
1988 NA
1988 NA
1988 NA
1988 NA
1988 NA
1988 NA
1988 NA
1988 NA
1988 NA
1988 NA
1988 NA
1988 NA
1988 NA
1988 NA
1988 NA
1988 NA
1988 NA
1988 NA
1988 NA
1988 NA
1988 NA
1988 NA
1988 NA
1988 NA
1988 NA
1988 NA
1988 NA
1988 NA
1988 NA
1988 NA
1988 NA
1988 NA
1988 NA
1988 NA
1988 NA
1988 NA
1988 NA
1988 NA
1988 NA
1988 NA
1988 NA
1988 NA
1988 NA
1988 NA
1988 NA
1988 NA
1988 NA
1988 NA
1988 NA
1988 NA
1988 NA
1988 NA
1988 NA
1988 NA
1988 NA
1988 NA
1988 NA
1988 NA
1988 NA
1988 NA
1988 NA
1988 NA
1988 NA
1988 NA
1988 NA
1988 NA
1988 NA
1988 NA
1988 NA
1988 NA
1988 NA
1988 NA
1988 NA
1988 NA
1988 NA
1988 NA
1988 NA
1988 NA
1988 0
1988 0
1988 0
1988 0
1988 0
1988 7
1988 7
1988 7
1988 7
1988 5
1988 5
1988 7
1988 5
1988 0
1988 8
1988 8
1988 5
1988 12
1988 25
1988 25
1988 20
1988 15
1988 15
1988 15
1988 15
1988 20
1988 15
1988 15
1988 15
1988 15
1988 15
1988 25
1988 30
1988 35
1988 30
1988 25
1988 25
1988 25
1988 20
1988 30
1988 35
1988 45
1988 40
1988 40
1988 40
1988 40
1988 40
1988 30
1988 55
1988 60
1988 65
1988 60
1988 65
1988 75
1988 85
1988 75
1988 60
1988 60
1988 60
1988 55
1988 50
1988 50
1988 50
1988 50
1988 50
1988 65
1988 85
1988 90
1988 100
1988 100
1988 105
1988 130
1988 140
1988 140
1988 120
1988 130
1988 135
1988 145
1988 150
1988 150
1988 140
1988 130
1988 130
1988 120
1988 120
1988 120
1988 110
1988 125
1988 140
1988 120
1988 100
1988 90
1988 100
1988 105
1988 110
1988 115
1988 110
1988 120
1988 135
1988 120
1988 140
1988 160
1988 165
1988 170
1988 160
1988 140
1988 125
1988 110
1988 100
1988 95
1988 90
1988 95
1988 95
1988 80
1988 87
1988 80
1988 70
1988 60
1988 60
1988 NA
1988 NA
1988 NA
1988 NA
1988 NA
1988 NA
1988 NA
1988 NA
1988 NA
1988 NA
1988 NA
1988 NA
1988 NA
1988 NA
1988 NA
1988 NA
1988 NA
1988 NA
1988 NA
1988 NA
1988 NA
1988 NA
1988 NA
1988 NA
1988 NA
1988 NA
1988 NA
1988 NA
1988 NA
1988 NA
1988 NA
1988 NA
1988 NA
1988 NA
1988 NA
1988 NA
1988 NA
1988 NA
1988 NA
1988 NA
1988 NA
1988 NA
1988 NA
1988 NA
1988 NA
1988 NA
1988 NA
1988 NA
1988 NA
1988 NA
1988 NA
1988 NA
1988 NA
1988 NA
1988 NA
1988 NA
1988 NA
1988 NA
1988 NA
1988 NA
1988 NA
1988 NA
1988 NA
1988 NA
1988 NA
1988 NA
1988 NA
1988 NA
1988 NA
1988 NA
1988 NA
1988 NA
1988 NA
1988 NA
1988 NA
1988 NA
1988 NA
1988 NA
1988 NA
1988 NA
1988 NA
1988 NA
1988 NA
1988 NA
1988 NA
1988 NA
1988 NA
1988 NA
1988 NA
1988 NA
1988 NA
1988 NA
1988 NA
1988 NA
1988 NA
1988 NA
1988 NA
1988 NA
1988 NA
1988 NA
1988 NA
1988 NA
1988 NA
1988 NA
1988 NA
1988 NA
1988 NA
1988 NA
1988 NA
1988 NA
1988 NA
1988 NA
1988 NA
1988 NA
1988 NA
1988 NA
1988 NA
1988 NA
1988 NA
1988 NA
1988 NA
1988 NA
1988 NA
1988 NA
1988 NA
1988 NA
1988 NA
1988 NA
1988 NA
1988 NA
1988 NA
1988 NA
1988 NA
1988 NA
1988 NA
1988 NA
1989 NA
1989 NA
1989 NA
1989 NA
1989 NA
1989 NA
1989 NA
1989 NA
1989 NA
1989 NA
1989 NA
1989 NA
1989 NA
1989 NA
1989 NA
1989 NA
1989 NA
1989 NA
1989 NA
1989 NA
1989 NA
1989 NA
1989 NA
1989 NA
1989 NA
1989 NA
1989 NA
1989 NA
1989 NA
1989 NA
1989 NA
1989 NA
1989 NA
1989 NA
1989 NA
1989 NA
1989 NA
1989 NA
1989 NA
1989 NA
1989 NA
1989 NA
1989 NA
1989 NA
1989 NA
1989 NA
1989 NA
1989 NA
1989 NA
1989 NA
1989 NA
1989 NA
1989 NA
1989 NA
1989 NA
1989 NA
1989 NA
1989 NA
1989 NA
1989 NA
1989 NA
1989 NA
1989 NA
1989 NA
1989 NA
1989 NA
1989 NA
1989 NA
1989 NA
1989 NA
1989 NA
1989 NA
1989 NA
1989 NA
1989 NA
1989 NA
1989 NA
1989 NA
1989 NA
1989 NA
1989 NA
1989 NA
1989 NA
1989 NA
1989 NA
1989 NA
1989 NA
1989 NA
1989 NA
1989 NA
1989 NA
1989 NA
1989 NA
1989 NA
1989 NA
1989 NA
1989 NA
1989 NA
1989 NA
1989 NA
1989 NA
1989 NA
1989 NA
1989 NA
1989 NA
1989 NA
1989 NA
1989 NA
1989 NA
1989 NA
1989 NA
1989 NA
1989 NA
1989 30
1989 30
1989 25
1989 25
1989 25
1989 25
1989 25
1989 25
1989 25
1989 25
1989 25
1989 25
1989 25
1989 30
1989 32
1989 32
1989 30
1989 30
1989 30
1989 30
1989 30
1989 30
1989 30
1989 30
1989 30
1989 30
1989 30
1989 30
1989 30
1989 31
1989 40
1989 40
1989 40
1989 40
1989 40
1989 35
1989 35
1989 30
1989 30
1989 30
1989 30
1989 30
1989 30
1989 30
1989 30
1989 30
1989 30
1989 30
1989 30
1989 30
1989 30
1989 30
1989 30
1989 45
1989 45
1989 40
1989 40
1989 40
1989 40
1989 35
1989 35
1989 30
1989 30
1989 46
1989 40
1989 41
1989 55
1989 55
1989 50
1989 51
1989 55
1989 55
1989 50
1989 50
1989 45
1989 48
1989 45
1989 40
1989 40
1989 40
1989 35
1989 40
1989 43
1989 30
1989 35
1989 55
1989 50
1989 50
1989 45
1989 48
1989 50
1989 50
1989 45
1989 40
1989 35
1989 30
1989 20
1989 20
1989 20
1989 20
1989 10
1989 10
1989 12
1989 30
1989 30
1989 25
1989 20
1989 25
1989 20
1989 10
1989 10
1989 40
1989 65
1989 80
1989 80
1989 NA
1989 NA
1989 NA
1989 NA
1989 NA
1989 NA
1989 NA
1989 NA
1989 NA
1989 NA
1989 NA
1989 NA
1989 NA
1989 NA
1989 NA
1989 NA
1989 NA
1989 NA
1989 NA
1989 NA
1989 NA
1989 NA
1989 NA
1989 NA
1989 NA
1989 NA
1989 NA
1989 NA
1989 NA
1989 NA
1989 NA
1989 NA
1989 NA
1989 NA
1989 NA
1989 NA
1989 NA
1989 NA
1989 NA
1989 NA
1989 NA
1989 NA
1989 NA
1989 NA
1989 NA
1989 NA
1989 NA
1989 NA
1989 NA
1989 NA
1989 NA
1989 NA
1989 NA
1989 NA
1989 NA
1989 NA
1989 NA
1989 NA
1989 NA
1989 NA
1989 NA
1989 NA
1989 NA
1989 NA
1989 NA
1989 NA
1989 NA
1989 NA
1989 NA
1989 NA
1989 NA
1989 NA
1989 NA
1989 NA
1989 NA
1989 NA
1989 NA
1989 NA
1989 NA
1989 NA
1989 NA
1989 NA
1989 NA
1989 NA
1989 NA
1989 NA
1989 NA
1989 NA
1989 NA
1989 NA
1989 NA
1989 NA
1989 NA
1989 NA
1989 NA
1989 NA
1989 NA
1989 NA
1989 NA
1989 NA
1989 NA
1989 NA
1989 NA
1989 NA
1989 NA
1989 NA
1989 NA
1989 NA
1989 NA
1989 NA
1989 NA
1989 NA
1989 NA
1989 NA
1989 NA
1989 NA
1989 NA
1989 NA
1989 NA
1989 NA
1989 NA
1989 NA
1989 NA
1989 NA
1989 NA
1989 NA
1989 NA
1989 NA
1989 NA
1989 NA
1989 NA
1989 NA
1989 NA
1989 NA
1989 NA
1989 NA
1989 NA
1990 NA
1990 NA
1990 NA
1990 NA
1990 NA
1990 NA
1990 NA
1990 NA
1990 NA
1990 NA
1990 NA
1990 NA
1990 NA
1990 NA
1990 NA
1990 NA
1990 NA
1990 NA
1990 NA
1990 NA
1990 NA
1990 NA
1990 NA
1990 NA
1990 NA
1990 NA
1990 NA
1990 NA
1990 NA
1990 NA
1990 NA
1990 NA
1990 NA
1990 NA
1990 NA
1990 NA
1990 NA
1990 NA
1990 NA
1990 NA
1990 NA
1990 NA
1990 NA
1990 NA
1990 NA
1990 NA
1990 NA
1990 NA
1990 NA
1990 NA
1990 NA
1990 NA
1990 NA
1990 NA
1990 NA
1990 NA
1990 NA
1990 NA
1990 NA
1990 NA
1990 NA
1990 NA
1990 NA
1990 NA
1990 NA
1990 NA
1990 NA
1990 NA
1990 NA
1990 NA
1990 NA
1990 NA
1990 NA
1990 NA
1990 NA
1990 NA
1990 NA
1990 NA
1990 NA
1990 NA
1990 NA
1990 NA
1990 NA
1990 NA
1990 NA
1990 NA
1990 NA
1990 NA
1990 NA
1990 NA
1990 NA
1990 NA
1990 NA
1990 NA
1990 NA
1990 NA
1990 NA
1990 NA
1990 NA
1990 NA
1990 NA
1990 NA
1990 NA
1990 NA
1990 NA
1990 NA
1990 NA
1990 NA
1990 NA
1990 NA
1990 0
1990 0
1990 0
1990 5
1990 5
1990 5
1990 5
1990 5
1990 5
1990 5
1990 5
1990 5
1990 5
1990 5
1990 5
1990 5
1990 5
1990 5
1990 5
1990 5
1990 5
1990 5
1990 5
1990 5
1990 5
1990 5
1990 5
1990 5
1990 5
1990 5
1990 5
1990 5
1990 5
1990 5
1990 5
1990 7
1990 5
1990 8
1990 8
1990 4
1990 25
1990 16
1990 10
1990 15
1990 10
1990 10
1990 8
1990 5
1990 5
1990 5
1990 5
1990 5
1990 5
1990 14
1990 22
1990 35
1990 20
1990 15
1990 15
1990 15
1990 15
1990 15
1990 15
1990 15
1990 10
1990 10
1990 10
1990 5
1990 5
1990 5
1990 12
1990 14
1990 18
1990 25
1990 25
1990 25
1990 20
1990 20
1990 20
1990 23
1990 23
1990 20
1990 15
1990 15
1990 10
1990 10
1990 10
1990 10
1990 8
1990 5
1990 5
1990 5
1990 5
1990 5
1990 5
1990 5
1990 15
1990 18
1990 23
1990 25
1990 25
1990 20
1990 20
1990 15
1990 10
1990 15
1990 10
1990 10
1990 5
1990 5
1990 5
1990 5
1990 5
1990 7
1990 7
1990 14
1990 20
1990 23
1990 23
1990 25
1990 32
1990 52
1990 50
1990 50
1990 NA
1990 NA
1990 NA
1990 NA
1990 NA
1990 NA
1990 NA
1990 NA
1990 NA
1990 NA
1990 NA
1990 NA
1990 NA
1990 NA
1990 NA
1990 NA
1990 NA
1990 NA
1990 NA
1990 NA
1990 NA
1990 NA
1990 NA
1990 NA
1990 NA
1990 NA
1990 NA
1990 NA
1990 NA
1990 NA
1990 NA
1990 NA
1990 NA
1990 NA
1990 NA
1990 NA
1990 NA
1990 NA
1990 NA
1990 NA
1990 NA
1990 NA
1990 NA
1990 NA
1990 NA
1990 NA
1990 NA
1990 NA
1990 NA
1990 NA
1990 NA
1990 NA
1990 NA
1990 NA
1990 NA
1990 NA
1990 NA
1990 NA
1990 NA
1990 NA
1990 NA
1990 NA
1990 NA
1990 NA
1990 NA
1990 NA
1990 NA
1990 NA
1990 NA
1990 NA
1990 NA
1990 NA
1990 NA
1990 NA
1990 NA
1990 NA
1990 NA
1990 NA
1990 NA
1990 NA
1990 NA
1990 NA
1990 NA
1990 NA
1990 NA
1990 NA
1990 NA
1990 NA
1990 NA
1990 NA
1990 NA
1990 NA
1990 NA
1990 NA
1990 NA
1990 NA
1990 NA
1990 NA
1990 NA
1990 NA
1990 NA
1990 NA
1990 NA
1990 NA
1990 NA
1990 NA
1990 NA
1990 NA
1990 NA
1990 NA
1990 NA
1990 NA
1990 NA
1990 NA
1990 NA
1990 NA
1990 NA
1990 NA
1990 NA
1990 NA
1990 NA
1990 NA
1990 NA
1990 NA
1990 NA
1990 NA
1990 NA
1990 NA
1990 NA
1990 NA
1990 NA
1991 NA
1991 NA
1991 NA
1991 NA
1991 NA
1991 NA
1991 NA
1991 NA
1991 NA
1991 NA
1991 NA
1991 NA
1991 NA
1991 NA
1991 NA
1991 NA
1991 NA
1991 NA
1991 NA
1991 NA
1991 NA
1991 NA
1991 NA
1991 NA
1991 NA
1991 NA
1991 NA
1991 NA
1991 NA
1991 NA
1991 NA
1991 NA
1991 NA
1991 NA
1991 NA
1991 NA
1991 NA
1991 NA
1991 NA
1991 NA
1991 NA
1991 NA
1991 NA
1991 NA
1991 NA
1991 NA
1991 NA
1991 NA
1991 NA
1991 NA
1991 NA
1991 NA
1991 NA
1991 NA
1991 NA
1991 NA
1991 NA
1991 NA
1991 NA
1991 NA
1991 NA
1991 NA
1991 NA
1991 NA
1991 NA
1991 NA
1991 NA
1991 NA
1991 NA
1991 NA
1991 NA
1991 NA
1991 NA
1991 NA
1991 NA
1991 NA
1991 NA
1991 NA
1991 NA
1991 NA
1991 NA
1991 NA
1991 NA
1991 NA
1991 NA
1991 NA
1991 NA
1991 NA
1991 NA
1991 NA
1991 NA
1991 NA
1991 NA
1991 NA
1991 NA
1991 NA
1991 NA
1991 NA
1991 NA
1991 NA
1991 NA
1991 NA
1991 NA
1991 NA
1991 NA
1991 NA
1991 100
1991 100
1991 85
1991 95
1991 95
1991 90
1991 86
1991 75
1991 70
1991 70
1991 76
1991 75
1991 77
1991 50
1991 40
1991 40
1991 45
1991 50
1991 50
1991 40
1991 50
1991 52
1991 40
1991 40
1991 35
1991 35
1991 35
1991 40
1991 56
1991 60
1991 60
1991 55
1991 55
1991 50
1991 50
1991 50
1991 50
1991 50
1991 50
1991 50
1991 50
1991 45
1991 45
1991 45
1991 45
1991 45
1991 45
1991 45
1991 45
1991 45
1991 45
1991 45
1991 46
1991 49
1991 55
1991 55
1991 70
1991 75
1991 80
1991 80
1991 80
1991 75
1991 95
1991 95
1991 90
1991 85
1991 80
1991 75
1991 70
1991 70
1991 65
1991 60
1991 55
1991 55
1991 57
1991 55
1991 50
1991 45
1991 45
1991 40
1991 35
1991 30
1991 30
1991 52
1991 50
1991 45
1991 40
1991 30
1991 30
1991 30
1991 30
1991 37
1991 40
1991 40
1991 35
1991 30
1991 40
1991 35
1991 35
1991 30
1991 30
1991 33
1991 30
1991 30
1991 25
1991 25
1991 25
1991 20
1991 20
1991 20
1991 35
1991 35
1991 35
1991 NA
1991 NA
1991 NA
1991 NA
1991 NA
1991 NA
1991 NA
1991 NA
1991 NA
1991 NA
1991 NA
1991 NA
1991 NA
1991 NA
1991 NA
1991 NA
1991 NA
1991 NA
1991 NA
1991 NA
1991 NA
1991 NA
1991 NA
1991 NA
1991 NA
1991 NA
1991 NA
1991 NA
1991 NA
1991 NA
1991 NA
1991 NA
1991 NA
1991 NA
1991 NA
1991 NA
1991 NA
1991 NA
1991 NA
1991 NA
1991 NA
1991 NA
1991 NA
1991 NA
1991 NA
1991 NA
1991 NA
1991 NA
1991 NA
1991 NA
1991 NA
1991 NA
1991 NA
1991 NA
1991 NA
1991 NA
1991 NA
1991 NA
1991 NA
1991 NA
1991 NA
1991 NA
1991 NA
1991 NA
1991 NA
1991 NA
1991 NA
1991 NA
1991 NA
1991 NA
1991 NA
1991 NA
1991 NA
1991 NA
1991 NA
1991 NA
1991 NA
1991 NA
1991 NA
1991 NA
1991 NA
1991 NA
1991 NA
1991 NA
1991 NA
1991 NA
1991 NA
1991 NA
1991 NA
1991 NA
1991 NA
1991 NA
1991 NA
1991 NA
1991 NA
1991 NA
1991 NA
1991 NA
1991 NA
1991 NA
1991 NA
1991 NA
1991 NA
1991 NA
1991 NA
1991 NA
1991 NA
1991 NA
1991 NA
1991 NA
1991 NA
1991 NA
1991 NA
1991 NA
1991 NA
1991 NA
1991 NA
1991 NA
1991 NA
1991 NA
1991 NA
1991 NA
1991 NA
1991 NA
1991 NA
1991 NA
1991 NA
1991 NA
1991 NA
1991 NA
1991 NA
1991 NA
1991 NA
1991 NA
1991 NA
1991 NA
1991 NA
1991 NA
1991 NA
1991 NA
1991 NA
1991 NA
1991 NA
1991 NA
1991 NA
1991 NA
1992 NA
1992 NA
1992 NA
1992 NA
1992 NA
1992 NA
1992 NA
1992 NA
1992 NA
1992 NA
1992 NA
1992 NA
1992 NA
1992 NA
1992 NA
1992 NA
1992 NA
1992 NA
1992 NA
1992 NA
1992 NA
1992 NA
1992 NA
1992 NA
1992 NA
1992 NA
1992 NA
1992 NA
1992 NA
1992 NA
1992 NA
1992 NA
1992 NA
1992 NA
1992 NA
1992 NA
1992 NA
1992 NA
1992 NA
1992 NA
1992 NA
1992 NA
1992 NA
1992 NA
1992 NA
1992 NA
1992 NA
1992 NA
1992 NA
1992 NA
1992 NA
1992 NA
1992 NA
1992 NA
1992 NA
1992 NA
1992 NA
1992 NA
1992 NA
1992 NA
1992 NA
1992 NA
1992 NA
1992 NA
1992 NA
1992 NA
1992 NA
1992 NA
1992 NA
1992 NA
1992 NA
1992 NA
1992 NA
1992 NA
1992 NA
1992 NA
1992 NA
1992 NA
1992 NA
1992 NA
1992 NA
1992 NA
1992 NA
1992 NA
1992 NA
1992 NA
1992 NA
1992 NA
1992 NA
1992 NA
1992 NA
1992 NA
1992 NA
1992 NA
1992 NA
1992 NA
1992 NA
1992 NA
1992 NA
1992 NA
1992 NA
1992 NA
1992 NA
1992 NA
1992 NA
1992 NA
1992 NA
1992 NA
1992 NA
1992 NA
1992 NA
1992 NA
1992 NA
1992 50
1992 52
1992 50
1992 50
1992 50
1992 50
1992 50
1992 50
1992 50
1992 50
1992 50
1992 50
1992 50
1992 50
1992 50
1992 50
1992 50
1992 45
1992 65
1992 67
1992 60
1992 60
1992 55
1992 55
1992 50
1992 50
1992 50
1992 50
1992 50
1992 50
1992 55
1992 50
1992 50
1992 50
1992 50
1992 50
1992 50
1992 50
1992 50
1992 50
1992 50
1992 50
1992 50
1992 51
1992 55
1992 55
1992 55
1992 50
1992 50
1992 54
1992 54
1992 50
1992 60
1992 70
1992 70
1992 60
1992 65
1992 70
1992 70
1992 70
1992 65
1992 65
1992 65
1992 65
1992 60
1992 60
1992 55
1992 55
1992 50
1992 50
1992 50
1992 50
1992 50
1992 45
1992 40
1992 40
1992 40
1992 40
1992 40
1992 40
1992 42
1992 40
1992 40
1992 47
1992 50
1992 50
1992 50
1992 50
1992 50
1992 50
1992 50
1992 60
1992 80
1992 85
1992 85
1992 87
1992 90
1992 90
1992 80
1992 95
1992 105
1992 115
1992 95
1992 85
1992 77
1992 80
1992 80
1992 90
1992 90
1992 85
1992 80
1992 80
1992 80
1992 80
1992 85
1992 125
1992 130
1992 130
1992 110
1992 100
1992 90
1992 70
1992 60
1992 50
1992 40
1992 30
1992 20
1992 10
1992 10
1992 15
1992 NA
1992 NA
1992 NA
1992 NA
1992 NA
1992 NA
1992 NA
1992 NA
1992 NA
1992 NA
1992 NA
1992 NA
1992 NA
1992 NA
1992 NA
1992 NA
1992 NA
1992 NA
1992 NA
1992 NA
1992 NA
1992 NA
1992 NA
1992 NA
1992 NA
1992 NA
1992 NA
1992 NA
1992 NA
1992 NA
1992 NA
1992 NA
1992 NA
1992 NA
1992 NA
1992 NA
1992 NA
1992 NA
1992 NA
1992 NA
1992 NA
1992 NA
1992 NA
1992 NA
1992 NA
1992 NA
1992 NA
1992 NA
1992 NA
1992 NA
1992 NA
1992 NA
1992 NA
1992 NA
1992 NA
1992 NA
1992 NA
1992 NA
1992 NA
1992 NA
1992 NA
1992 NA
1992 NA
1992 NA
1992 NA
1992 NA
1992 NA
1992 NA
1992 NA
1992 NA
1992 NA
1992 NA
1992 NA
1992 NA
1992 NA
1992 NA
1992 NA
1992 NA
1992 NA
1992 NA
1992 NA
1992 NA
1992 NA
1992 NA
1992 NA
1992 NA
1992 NA
1992 NA
1992 NA
1992 NA
1992 NA
1992 NA
1992 NA
1992 NA
1992 NA
1992 NA
1992 NA
1992 NA
1992 NA
1992 NA
1992 NA
1992 NA
1992 NA
1992 NA
1992 NA
1992 NA
1992 NA
1992 NA
1992 NA
1992 NA
1992 NA
1992 NA
1992 NA
1992 NA
1992 NA
1992 NA
1992 NA
1992 NA
1992 NA
1992 NA
1992 NA
1992 NA
1992 NA
1993 NA
1993 NA
1993 NA
1993 NA
1993 NA
1993 NA
1993 NA
1993 NA
1993 NA
1993 NA
1993 NA
1993 NA
1993 NA
1993 NA
1993 NA
1993 NA
1993 NA
1993 NA
1993 NA
1993 NA
1993 NA
1993 NA
1993 NA
1993 NA
1993 NA
1993 NA
1993 NA
1993 NA
1993 NA
1993 NA
1993 NA
1993 NA
1993 NA
1993 NA
1993 NA
1993 NA
1993 NA
1993 NA
1993 NA
1993 NA
1993 NA
1993 NA
1993 NA
1993 NA
1993 NA
1993 NA
1993 NA
1993 NA
1993 NA
1993 NA
1993 NA
1993 NA
1993 NA
1993 NA
1993 NA
1993 NA
1993 NA
1993 NA
1993 NA
1993 NA
1993 NA
1993 NA
1993 NA
1993 NA
1993 NA
1993 NA
1993 NA
1993 NA
1993 NA
1993 NA
1993 NA
1993 NA
1993 NA
1993 NA
1993 NA
1993 NA
1993 NA
1993 NA
1993 NA
1993 NA
1993 NA
1993 NA
1993 NA
1993 NA
1993 NA
1993 NA
1993 NA
1993 NA
1993 NA
1993 NA
1993 NA
1993 NA
1993 NA
1993 NA
1993 NA
1993 NA
1993 NA
1993 NA
1993 NA
1993 NA
1993 NA
1993 NA
1993 NA
1993 NA
1993 NA
1993 NA
1993 NA
1993 NA
1993 NA
1993 NA
1993 NA
1993 30
1993 30
1993 30
1993 30
1993 30
1993 30
1993 30
1993 30
1993 30
1993 30
1993 30
1993 30
1993 30
1993 30
1993 30
1993 30
1993 30
1993 30
1993 30
1993 25
1993 25
1993 25
1993 20
1993 20
1993 NA
1993 NA
1993 NA
1993 NA
1993 NA
1993 NA
1993 NA
1993 NA
1993 NA
1993 NA
1993 NA
1993 NA
1993 NA
1993 NA
1993 NA
1993 20
1993 20
1993 20
1993 20
1993 20
1993 20
1993 20
1993 20
1993 20
1993 20
1993 20
1993 20
1993 20
1993 20
1993 20
1993 20
1993 20
1993 15
1993 15
1993 15
1993 15
1993 15
1993 16
1993 23
1993 40
1993 43
1993 40
1993 38
1993 38
1993 45
1993 53
1993 40
1993 40
1993 46
1993 46
1993 45
1993 45
1993 43
1993 40
1993 41
1993 35
1993 35
1993 30
1993 30
1993 25
1993 25
1993 25
1993 25
1993 22
1993 20
1993 15
1993 10
1993 5
1993 0
1993 1
1993 5
1993 7
1993 9
1993 9
1993 7
1993 5
1993 5
1993 3
1993 48
1993 53
1993 50
1993 50
1993 48
1993 20
1993 15
1993 12
1993 8
1993 10
1993 12
1993 17
1993 23
1993 30
1993 31
1993 25
1993 20
1993 10
1993 5
1993 NA
1993 NA
1993 NA
1993 NA
1993 NA
1993 NA
1993 NA
1993 NA
1993 NA
1993 NA
1993 NA
1993 NA
1993 NA
1993 NA
1993 NA
1993 NA
1993 NA
1993 NA
1993 NA
1993 NA
1993 NA
1993 NA
1993 NA
1993 NA
1993 NA
1993 NA
1993 NA
1993 NA
1993 NA
1993 NA
1993 NA
1993 NA
1993 NA
1993 NA
1993 NA
1993 NA
1993 NA
1993 NA
1993 NA
1993 NA
1993 NA
1993 NA
1993 NA
1993 NA
1993 NA
1993 NA
1993 NA
1993 NA
1993 NA
1993 NA
1993 NA
1993 NA
1993 NA
1993 NA
1993 NA
1993 NA
1993 NA
1993 NA
1993 NA
1993 NA
1993 NA
1993 NA
1993 NA
1993 NA
1993 NA
1993 NA
1993 NA
1993 NA
1993 NA
1993 NA
1993 NA
1993 NA
1993 NA
1993 NA
1993 NA
1993 NA
1993 NA
1993 NA
1993 NA
1993 NA
1993 NA
1993 NA
1993 NA
1993 NA
1993 NA
1993 NA
1993 NA
1993 NA
1993 NA
1993 NA
1993 NA
1993 NA
1993 NA
1993 NA
1993 NA
1993 NA
1993 NA
1993 NA
1993 NA
1993 NA
1993 NA
1993 NA
1993 NA
1993 NA
1993 NA
1993 NA
1993 NA
1993 NA
1993 NA
1993 NA
1993 NA
1993 NA
1993 NA
1993 NA
1993 NA
1993 NA
1993 NA
1993 NA
1993 NA
1993 NA
1993 NA
1993 NA
1993 NA
1993 NA
1993 NA
1993 NA
1993 NA
1993 NA
1993 NA
1993 NA
1993 NA
1993 NA
1993 NA
1994 NA
1994 NA
1994 NA
1994 NA
1994 NA
1994 NA
1994 NA
1994 NA
1994 NA
1994 NA
1994 NA
1994 NA
1994 NA
1994 NA
1994 NA
1994 NA
1994 NA
1994 NA
1994 NA
1994 NA
1994 NA
1994 NA
1994 NA
1994 NA
1994 NA
1994 NA
1994 NA
1994 NA
1994 NA
1994 NA
1994 NA
1994 NA
1994 NA
1994 NA
1994 NA
1994 NA
1994 NA
1994 NA
1994 NA
1994 NA
1994 NA
1994 NA
1994 NA
1994 NA
1994 NA
1994 NA
1994 NA
1994 NA
1994 NA
1994 NA
1994 NA
1994 NA
1994 NA
1994 NA
1994 NA
1994 NA
1994 NA
1994 NA
1994 NA
1994 NA
1994 NA
1994 NA
1994 NA
1994 NA
1994 NA
1994 NA
1994 NA
1994 NA
1994 NA
1994 NA
1994 NA
1994 NA
1994 NA
1994 NA
1994 NA
1994 NA
1994 NA
1994 NA
1994 NA
1994 NA
1994 NA
1994 NA
1994 NA
1994 NA
1994 NA
1994 NA
1994 NA
1994 NA
1994 NA
1994 NA
1994 NA
1994 NA
1994 NA
1994 NA
1994 NA
1994 NA
1994 NA
1994 NA
1994 NA
1994 NA
1994 NA
1994 NA
1994 NA
1994 NA
1994 NA
1994 NA
1994 NA
1994 NA
1994 NA
1994 NA
1994 30
1994 25
1994 31
1994 35
1994 42
1994 85
1994 105
1994 110
1994 110
1994 100
1994 100
1994 70
1994 85
1994 80
1994 85
1994 75
1994 75
1994 NA
1994 80
1994 80
1994 70
1994 70
1994 130
1994 130
1994 120
1994 105
1994 100
1994 105
1994 120
1994 125
1994 120
1994 115
1994 110
1994 110
1994 110
1994 105
1994 100
1994 100
1994 100
1994 101
1994 100
1994 100
1994 100
1994 100
1994 100
1994 100
1994 95
1994 95
1994 95
1994 95
1994 100
1994 105
1994 105
1994 110
1994 110
1994 110
1994 110
1994 110
1994 115
1994 115
1994 110
1994 110
1994 115
1994 120
1994 122
1994 120
1994 130
1994 135
1994 130
1994 120
1994 110
1994 110
1994 115
1994 115
1994 120
1994 110
1994 110
1994 100
1994 100
1994 95
1994 90
1994 90
1994 85
1994 85
1994 80
1994 80
1994 80
1994 80
1994 80
1994 80
1994 80
1994 80
1994 80
1994 75
1994 70
1994 70
1994 70
1994 70
1994 60
1994 60
1994 60
1994 50
1994 40
1994 48
1994 70
1994 70
1994 76
1994 108
1994 120
1994 160
1994 145
1994 165
1994 150
1994 160
1994 185
1994 170
1994 190
1994 140
1994 120
1994 105
1994 90
1994 80
1994 75
1994 70
1994 70
1994 55
1994 60
1994 65
1994 60
1994 50
1994 40
1994 30
1994 30
1994 NA
1994 NA
1994 NA
1994 NA
1994 NA
1994 NA
1994 NA
1994 NA
1994 NA
1994 NA
1994 NA
1994 NA
1994 NA
1994 NA
1994 NA
1994 NA
1994 NA
1994 NA
1994 NA
1994 NA
1994 NA
1994 NA
1994 NA
1994 NA
1994 NA
1994 NA
1994 NA
1994 NA
1994 NA
1994 NA
1994 NA
1994 NA
1994 NA
1994 NA
1994 NA
1994 NA
1994 NA
1994 NA
1994 NA
1994 NA
1994 NA
1994 NA
1994 NA
1994 NA
1994 NA
1994 NA
1994 NA
1994 NA
1994 NA
1994 NA
1994 NA
1994 NA
1994 NA
1994 NA
1994 NA
1994 NA
1994 NA
1994 NA
1994 NA
1994 NA
1994 NA
1994 NA
1994 NA
1994 NA
1994 NA
1994 NA
1994 NA
1994 NA
1994 NA
1994 NA
1994 NA
1994 NA
1994 NA
1994 NA
1994 NA
1994 NA
1994 NA
1994 NA
1994 NA
1994 NA
1994 NA
1994 NA
1994 NA
1994 NA
1994 NA
1994 NA
1994 NA
1994 NA
1994 NA
1994 NA
1994 NA
1994 NA
1994 NA
1994 NA
1994 NA
1994 NA
1994 NA
1994 NA
1994 NA
1994 NA
1994 NA
1994 NA
1994 NA
1994 NA
1994 NA
1994 NA
1994 NA
1994 NA
1994 NA
1994 NA
1994 NA
1994 NA
1994 NA
1994 NA
1994 NA
1994 NA
1994 NA
1994 NA
1994 NA
1994 NA
1994 NA
1994 NA
1995 NA
1995 NA
1995 NA
1995 NA
1995 NA
1995 NA
1995 NA
1995 NA
1995 NA
1995 NA
1995 NA
1995 NA
1995 NA
1995 NA
1995 NA
1995 NA
1995 NA
1995 NA
1995 NA
1995 NA
1995 NA
1995 NA
1995 NA
1995 NA
1995 NA
1995 NA
1995 NA
1995 NA
1995 NA
1995 NA
1995 NA
1995 NA
1995 NA
1995 NA
1995 NA
1995 NA
1995 NA
1995 NA
1995 NA
1995 NA
1995 NA
1995 NA
1995 NA
1995 NA
1995 NA
1995 NA
1995 NA
1995 NA
1995 NA
1995 NA
1995 NA
1995 NA
1995 NA
1995 NA
1995 NA
1995 NA
1995 NA
1995 NA
1995 NA
1995 NA
1995 NA
1995 NA
1995 NA
1995 NA
1995 NA
1995 NA
1995 NA
1995 NA
1995 NA
1995 NA
1995 NA
1995 NA
1995 NA
1995 NA
1995 NA
1995 NA
1995 NA
1995 NA
1995 NA
1995 NA
1995 NA
1995 NA
1995 NA
1995 NA
1995 NA
1995 NA
1995 NA
1995 NA
1995 NA
1995 NA
1995 NA
1995 NA
1995 NA
1995 NA
1995 NA
1995 NA
1995 NA
1995 NA
1995 NA
1995 NA
1995 NA
1995 NA
1995 NA
1995 NA
1995 NA
1995 NA
1995 NA
1995 NA
1995 NA
1995 NA
1995 NA
1995 NA
1995 NA
1995 NA
1995 NA
1995 NA
1995 20
1995 20
1995 20
1995 15
1995 15
1995 10
1995 18
1995 40
1995 70
1995 60
1995 60
1995 50
1995 55
1995 50
1995 50
1995 45
1995 75
1995 90
1995 100
1995 95
1995 90
1995 80
1995 80
1995 NA
1995 100
1995 80
1995 80
1995 90
1995 75
1995 70
1995 65
1995 60
1995 70
1995 70
1995 80
1995 75
1995 90
1995 85
1995 80
1995 95
1995 90
1995 85
1995 80
1995 80
1995 80
1995 85
1995 90
1995 100
1995 100
1995 85
1995 90
1995 85
1995 80
1995 75
1995 90
1995 95
1995 80
1995 75
1995 80
1995 90
1995 95
1995 90
1995 105
1995 110
1995 110
1995 100
1995 100
1995 90
1995 120
1995 120
1995 120
1995 130
1995 130
1995 140
1995 135
1995 120
1995 115
1995 110
1995 110
1995 110
1995 118
1995 115
1995 110
1995 100
1995 110
1995 110
1995 110
1995 110
1995 110
1995 105
1995 105
1995 105
1995 120
1995 135
1995 140
1995 140
1995 135
1995 120
1995 110
1995 105
1995 100
1995 95
1995 95
1995 80
1995 80
1995 75
1995 70
1995 70
1995 70
1995 65
1995 60
1995 65
1995 70
1995 65
1995 60
1995 70
1995 70
1995 NA
1995 NA
1995 NA
1995 NA
1995 NA
1995 NA
1995 NA
1995 NA
1995 NA
1995 NA
1995 NA
1995 NA
1995 NA
1995 NA
1995 NA
1995 NA
1995 NA
1995 NA
1995 NA
1995 NA
1995 NA
1995 NA
1995 NA
1995 NA
1995 NA
1995 NA
1995 NA
1995 NA
1995 NA
1995 NA
1995 NA
1995 NA
1995 NA
1995 NA
1995 NA
1995 NA
1995 NA
1995 NA
1995 NA
1995 NA
1995 NA
1995 NA
1995 NA
1995 NA
1995 NA
1995 NA
1995 NA
1995 NA
1995 NA
1995 NA
1995 NA
1995 NA
1995 NA
1995 NA
1995 NA
1995 NA
1995 NA
1995 NA
1995 NA
1995 NA
1995 NA
1995 NA
1995 NA
1995 NA
1995 NA
1995 NA
1995 NA
1995 NA
1995 NA
1995 NA
1995 NA
1995 NA
1995 NA
1995 NA
1995 NA
1995 NA
1995 NA
1995 NA
1995 NA
1995 NA
1995 NA
1995 NA
1995 NA
1995 NA
1995 NA
1995 NA
1995 NA
1995 NA
1995 NA
1995 NA
1995 NA
1995 NA
1995 NA
1995 NA
1995 NA
1995 NA
1995 NA
1995 NA
1995 NA
1995 NA
1995 NA
1995 NA
1995 NA
1995 NA
1995 NA
1995 NA
1995 NA
1995 NA
1995 NA
1995 NA
1995 NA
1995 NA
1995 NA
1995 NA
1995 NA
1995 NA
1995 NA
1995 NA
1995 NA
1995 NA
1995 NA
1995 NA
1995 NA
1995 NA
1995 NA
1995 NA
1995 NA
1995 NA
1995 NA
1995 NA
1995 NA
1995 NA
1996 NA
1996 NA
1996 NA
1996 NA
1996 NA
1996 NA
1996 NA
1996 NA
1996 NA
1996 NA
1996 NA
1996 NA
1996 NA
1996 NA
1996 NA
1996 NA
1996 NA
1996 NA
1996 NA
1996 NA
1996 NA
1996 NA
1996 NA
1996 NA
1996 NA
1996 NA
1996 NA
1996 NA
1996 NA
1996 NA
1996 NA
1996 NA
1996 NA
1996 NA
1996 NA
1996 NA
1996 NA
1996 NA
1996 NA
1996 NA
1996 NA
1996 NA
1996 NA
1996 NA
1996 NA
1996 NA
1996 NA
1996 NA
1996 NA
1996 NA
1996 NA
1996 NA
1996 NA
1996 NA
1996 NA
1996 NA
1996 NA
1996 NA
1996 NA
1996 NA
1996 NA
1996 NA
1996 NA
1996 NA
1996 NA
1996 NA
1996 NA
1996 NA
1996 NA
1996 NA
1996 NA
1996 NA
1996 NA
1996 NA
1996 NA
1996 NA
1996 NA
1996 NA
1996 NA
1996 NA
1996 NA
1996 NA
1996 NA
1996 NA
1996 NA
1996 NA
1996 NA
1996 NA
1996 NA
1996 NA
1996 NA
1996 NA
1996 NA
1996 NA
1996 NA
1996 NA
1996 NA
1996 NA
1996 NA
1996 NA
1996 NA
1996 NA
1996 NA
1996 NA
1996 NA
1996 NA
1996 NA
1996 NA
1996 NA
1996 NA
1996 NA
1996 NA
1996 NA
1996 NA
1996 NA
1996 NA
1996 NA
1996 NA
1996 NA
1996 NA
1996 NA
1996 NA
1996 20
1996 25
1996 25
1996 25
1996 25
1996 20
1996 20
1996 20
1996 NA
1996 18
1996 15
1996 NA
1996 15
1996 15
1996 15
1996 15
1996 15
1996 15
1996 15
1996 15
1996 15
1996 15
1996 15
1996 15
1996 15
1996 15
1996 15
1996 15
1996 15
1996 15
1996 15
1996 15
1996 15
1996 15
1996 15
1996 15
1996 15
1996 25
1996 80
1996 60
1996 60
1996 50
1996 50
1996 60
1996 65
1996 65
1996 65
1996 60
1996 55
1996 65
1996 80
1996 80
1996 90
1996 90
1996 90
1996 80
1996 60
1996 60
1996 60
1996 60
1996 55
1996 50
1996 50
1996 50
1996 50
1996 50
1996 50
1996 50
1996 50
1996 45
1996 45
1996 40
1996 40
1996 40
1996 55
1996 50
1996 50
1996 60
1996 60
1996 55
1996 55
1996 55
1996 50
1996 50
1996 40
1996 40
1996 35
1996 35
1996 35
1996 35
1996 35
1996 35
1996 35
1996 35
1996 35
1996 NA
1996 30
1996 30
1996 30
1996 30
1996 30
1996 30
1996 30
1996 25
1996 25
1996 25
1996 25
1996 20
1996 20
1996 20
1996 15
1996 NA
1996 NA
1996 NA
1996 NA
1996 NA
1996 NA
1996 NA
1996 NA
1996 NA
1996 NA
1996 NA
1996 NA
1996 NA
1996 NA
1996 NA
1996 NA
1996 NA
1996 NA
1996 NA
1996 NA
1996 NA
1996 NA
1996 NA
1996 NA
1996 NA
1996 NA
1996 NA
1996 NA
1996 NA
1996 NA
1996 NA
1996 NA
1996 NA
1996 NA
1996 NA
1996 NA
1996 NA
1996 NA
1996 NA
1996 NA
1996 NA
1996 NA
1996 NA
1996 NA
1996 NA
1996 NA
1996 NA
1996 NA
1996 NA
1996 NA
1996 NA
1996 NA
1996 NA
1996 NA
1996 NA
1996 NA
1996 NA
1996 NA
1996 NA
1996 NA
1996 NA
1996 NA
1996 NA
1996 NA
1996 NA
1996 NA
1996 NA
1996 NA
1996 NA
1996 NA
1996 NA
1996 NA
1996 NA
1996 NA
1996 NA
1996 NA
1996 NA
1996 NA
1996 NA
1996 NA
1996 NA
1996 NA
1996 NA
1996 NA
1996 NA
1996 NA
1996 NA
1996 NA
1996 NA
1996 NA
1996 NA
1996 NA
1996 NA
1996 NA
1996 NA
1996 NA
1996 NA
1996 NA
1996 NA
1996 NA
1996 NA
1996 NA
1996 NA
1996 NA
1996 NA
1996 NA
1996 NA
1996 NA
1996 NA
1996 NA
1996 NA
1996 NA
1996 NA
1996 NA
1996 NA
1996 NA
1996 NA
1996 NA
1996 NA
1996 NA
1996 NA
1996 NA
1996 NA
1996 NA
1996 NA
1996 NA
1996 NA
1996 NA
1996 NA
1996 NA
1996 NA
1996 NA
1996 NA
1997 NA
1997 NA
1997 NA
1997 NA
1997 NA
1997 NA
1997 NA
1997 NA
1997 NA
1997 NA
1997 NA
1997 NA
1997 NA
1997 NA
1997 NA
1997 NA
1997 NA
1997 NA
1997 NA
1997 NA
1997 NA
1997 NA
1997 NA
1997 NA
1997 NA
1997 NA
1997 NA
1997 NA
1997 NA
1997 NA
1997 NA
1997 NA
1997 NA
1997 NA
1997 NA
1997 NA
1997 NA
1997 NA
1997 NA
1997 NA
1997 NA
1997 NA
1997 NA
1997 NA
1997 NA
1997 NA
1997 NA
1997 NA
1997 NA
1997 NA
1997 NA
1997 NA
1997 NA
1997 NA
1997 NA
1997 NA
1997 NA
1997 NA
1997 NA
1997 NA
1997 NA
1997 NA
1997 NA
1997 NA
1997 NA
1997 NA
1997 NA
1997 NA
1997 NA
1997 NA
1997 NA
1997 NA
1997 NA
1997 NA
1997 NA
1997 NA
1997 NA
1997 NA
1997 NA
1997 NA
1997 NA
1997 NA
1997 NA
1997 NA
1997 NA
1997 NA
1997 NA
1997 NA
1997 NA
1997 NA
1997 NA
1997 NA
1997 NA
1997 NA
1997 NA
1997 NA
1997 NA
1997 NA
1997 NA
1997 NA
1997 NA
1997 NA
1997 NA
1997 NA
1997 NA
1997 NA
1997 NA
1997 NA
1997 NA
1997 NA
1997 NA
1997 NA
1997 NA
1997 30
1997 30
1997 30
1997 30
1997 30
1997 30
1997 35
1997 30
1997 35
1997 35
1997 38
1997 40
1997 40
1997 45
1997 50
1997 50
1997 50
1997 50
1997 55
1997 50
1997 50
1997 45
1997 45
1997 45
1997 40
1997 40
1997 40
1997 45
1997 50
1997 35
1997 30
1997 30
1997 30
1997 30
1997 30
1997 30
1997 30
1997 30
1997 30
1997 30
1997 30
1997 30
1997 30
1997 30
1997 30
1997 35
1997 35
1997 30
1997 30
1997 30
1997 30
1997 30
1997 30
1997 35
1997 38
1997 35
1997 30
1997 30
1997 30
1997 30
1997 30
1997 30
1997 30
1997 30
1997 30
1997 30
1997 30
1997 30
1997 30
1997 25
1997 25
1997 25
1997 25
1997 25
1997 25
1997 25
1997 25
1997 20
1997 20
1997 20
1997 20
1997 20
1997 20
1997 20
1997 20
1997 20
1997 20
1997 30
1997 30
1997 30
1997 30
1997 30
1997 30
1997 30
1997 30
1997 25
1997 25
1997 25
1997 25
1997 NA
1997 NA
1997 NA
1997 NA
1997 NA
1997 NA
1997 NA
1997 NA
1997 NA
1997 NA
1997 NA
1997 NA
1997 NA
1997 NA
1997 NA
1997 NA
1997 NA
1997 NA
1997 NA
1997 NA
1997 NA
1997 NA
1997 NA
1997 NA
1997 NA
1997 NA
1997 NA
1997 NA
1997 NA
1997 NA
1997 NA
1997 NA
1997 NA
1997 NA
1997 NA
1997 NA
1997 NA
1997 NA
1997 NA
1997 NA
1997 NA
1997 NA
1997 NA
1997 NA
1997 NA
1997 NA
1997 NA
1997 NA
1997 NA
1997 NA
1997 NA
1997 NA
1997 NA
1997 NA
1997 NA
1997 NA
1997 NA
1997 NA
1997 NA
1997 NA
1997 NA
1997 NA
1997 NA
1997 NA
1997 NA
1997 NA
1997 NA
1997 NA
1997 NA
1997 NA
1997 NA
1997 NA
1997 NA
1997 NA
1997 NA
1997 NA
1997 NA
1997 NA
1997 NA
1997 NA
1997 NA
1997 NA
1997 NA
1997 NA
1997 NA
1997 NA
1997 NA
1997 NA
1997 NA
1997 NA
1997 NA
1997 NA
1997 NA
1997 NA
1997 NA
1997 NA
1997 NA
1997 NA
1997 NA
1997 NA
1997 NA
1997 NA
1997 NA
1997 NA
1997 NA
1997 NA
1997 NA
1997 NA
1997 NA
1997 NA
1997 NA
1997 NA
1997 NA
1997 NA
1997 NA
1997 NA
1997 NA
1997 NA
1997 NA
1997 NA
1997 NA
1997 NA
1997 NA
1997 NA
1997 NA
1997 NA
1997 NA
1997 NA
1997 NA
1997 NA
1997 NA
1997 NA
1997 NA
1997 NA
1997 NA
1997 NA
1997 NA
1997 NA
1997 NA
1997 NA
1997 NA
1997 NA
1997 NA
1997 NA
1997 NA
1997 NA
1997 NA
1997 NA
1997 NA
1997 NA
1997 NA
1997 NA
1997 NA
1998 NA
1998 NA
1998 NA
1998 NA
1998 NA
1998 NA
1998 NA
1998 NA
1998 NA
1998 NA
1998 NA
1998 NA
1998 NA
1998 NA
1998 NA
1998 NA
1998 NA
1998 NA
1998 NA
1998 NA
1998 NA
1998 NA
1998 NA
1998 NA
1998 NA
1998 NA
1998 NA
1998 NA
1998 NA
1998 NA
1998 NA
1998 NA
1998 NA
1998 NA
1998 NA
1998 NA
1998 NA
1998 NA
1998 NA
1998 NA
1998 NA
1998 NA
1998 NA
1998 NA
1998 NA
1998 NA
1998 NA
1998 NA
1998 NA
1998 NA
1998 NA
1998 NA
1998 NA
1998 NA
1998 NA
1998 NA
1998 NA
1998 NA
1998 NA
1998 NA
1998 NA
1998 NA
1998 NA
1998 NA
1998 NA
1998 NA
1998 NA
1998 NA
1998 NA
1998 NA
1998 NA
1998 NA
1998 NA
1998 NA
1998 NA
1998 NA
1998 NA
1998 NA
1998 NA
1998 NA
1998 NA
1998 NA
1998 NA
1998 NA
1998 NA
1998 NA
1998 NA
1998 NA
1998 NA
1998 NA
1998 NA
1998 NA
1998 NA
1998 NA
1998 NA
1998 NA
1998 NA
1998 NA
1998 NA
1998 NA
1998 NA
1998 NA
1998 NA
1998 NA
1998 NA
1998 NA
1998 NA
1998 NA
1998 NA
1998 NA
1998 NA
1998 NA
1998 60
1998 60
1998 60
1998 50
1998 40
1998 50
1998 60
1998 60
1998 50
1998 45
1998 40
1998 40
1998 40
1998 40
1998 35
1998 35
1998 35
1998 35
1998 35
1998 30
1998 30
1998 30
1998 NA
1998 45
1998 50
1998 50
1998 60
1998 60
1998 70
1998 90
1998 90
1998 90
1998 85
1998 85
1998 80
1998 80
1998 80
1998 80
1998 80
1998 80
1998 75
1998 75
1998 75
1998 70
1998 70
1998 70
1998 70
1998 70
1998 70
1998 65
1998 65
1998 60
1998 60
1998 60
1998 60
1998 60
1998 60
1998 60
1998 55
1998 50
1998 50
1998 50
1998 60
1998 90
1998 90
1998 80
1998 75
1998 75
1998 75
1998 75
1998 70
1998 70
1998 60
1998 55
1998 50
1998 50
1998 50
1998 60
1998 65
1998 70
1998 80
1998 80
1998 80
1998 75
1998 70
1998 70
1998 70
1998 60
1998 60
1998 60
1998 55
1998 55
1998 57
1998 60
1998 60
1998 55
1998 50
1998 50
1998 50
1998 45
1998 40
1998 40
1998 35
1998 NA
1998 NA
1998 40
1998 NA
1998 40
1998 30
1998 40
1998 40
1998 70
1998 80
1998 80
1998 NA
1998 80
1998 80
1998 100
1998 105
1998 90
1998 80
1998 60
1998 NA
1998 NA
1998 NA
1998 NA
1998 NA
1998 NA
1998 NA
1998 NA
1998 NA
1998 NA
1998 NA
1998 NA
1998 NA
1998 NA
1998 NA
1998 NA
1998 NA
1998 NA
1998 NA
1998 NA
1998 NA
1998 NA
1998 NA
1998 NA
1998 NA
1998 NA
1998 NA
1998 NA
1998 NA
1998 NA
1998 NA
1998 NA
1998 NA
1998 NA
1998 NA
1998 NA
1998 NA
1998 NA
1998 NA
1998 NA
1998 NA
1998 NA
1998 NA
1998 NA
1998 NA
1998 NA
1998 NA
1998 NA
1998 NA
1998 NA
1998 NA
1998 NA
1998 NA
1998 NA
1998 NA
1998 NA
1998 NA
1998 NA
1998 NA
1998 NA
1998 NA
1998 NA
1998 NA
1998 NA
1998 NA
1998 NA
1998 NA
1998 NA
1998 NA
1998 NA
1998 NA
1998 NA
1998 NA
1998 NA
1998 NA
1998 NA
1998 NA
1998 NA
1998 NA
1998 NA
1998 NA
1998 NA
1998 NA
1998 NA
1998 NA
1998 NA
1998 NA
1998 NA
1998 NA
1998 NA
1998 NA
1998 NA
1998 NA
1998 NA
1998 NA
1998 NA
1998 NA
1998 NA
1998 NA
1998 NA
1998 NA
1998 NA
1998 NA
1998 NA
1998 NA
1998 NA
1998 NA
1998 NA
1998 NA
1998 NA
1998 NA
1998 NA
1998 NA
1998 NA
1998 NA
1998 NA
1998 NA
1998 NA
1998 NA
1998 NA
1998 NA
1998 NA
1998 NA
1998 NA
1998 NA
1998 NA
1998 NA
1998 NA
1998 NA
1998 NA
1998 NA
1999 NA
1999 NA
1999 NA
1999 NA
1999 NA
1999 NA
1999 NA
1999 NA
1999 NA
1999 NA
1999 NA
1999 NA
1999 NA
1999 NA
1999 NA
1999 NA
1999 NA
1999 NA
1999 NA
1999 NA
1999 NA
1999 NA
1999 NA
1999 NA
1999 NA
1999 NA
1999 NA
1999 NA
1999 NA
1999 NA
1999 NA
1999 NA
1999 NA
1999 NA
1999 NA
1999 NA
1999 NA
1999 NA
1999 NA
1999 NA
1999 NA
1999 NA
1999 NA
1999 NA
1999 NA
1999 NA
1999 NA
1999 NA
1999 NA
1999 NA
1999 NA
1999 NA
1999 NA
1999 NA
1999 NA
1999 NA
1999 NA
1999 NA
1999 NA
1999 NA
1999 NA
1999 NA
1999 NA
1999 NA
1999 NA
1999 NA
1999 NA
1999 NA
1999 NA
1999 NA
1999 NA
1999 NA
1999 NA
1999 NA
1999 NA
1999 NA
1999 NA
1999 NA
1999 NA
1999 NA
1999 NA
1999 NA
1999 NA
1999 NA
1999 NA
1999 NA
1999 NA
1999 NA
1999 NA
1999 NA
1999 NA
1999 NA
1999 NA
1999 NA
1999 NA
1999 NA
1999 NA
1999 NA
1999 NA
1999 NA
1999 NA
1999 NA
1999 NA
1999 NA
1999 NA
1999 NA
1999 NA
1999 NA
1999 NA
1999 NA
1999 NA
1999 NA
1999 NA
1999 NA
1999 NA
1999 50
1999 50
1999 50
1999 45
1999 40
1999 40
1999 40
1999 40
1999 40
1999 50
1999 50
1999 45
1999 45
1999 40
1999 42
1999 40
1999 55
1999 70
1999 75
1999 85
1999 89
1999 90
1999 80
1999 NA
1999 60
1999 50
1999 50
1999 50
1999 50
1999 50
1999 45
1999 45
1999 45
1999 70
1999 100
1999 120
1999 130
1999 130
1999 130
1999 120
1999 110
1999 110
1999 110
1999 120
1999 135
1999 140
1999 140
1999 150
1999 150
1999 NA
1999 150
1999 150
1999 150
1999 150
1999 140
1999 150
1999 150
1999 150
1999 150
1999 145
1999 160
1999 155
1999 160
1999 NA
1999 NA
1999 150
1999 140
1999 140
1999 140
1999 180
1999 180
1999 200
1999 200
1999 200
1999 190
1999 170
1999 150
1999 140
1999 140
1999 140
1999 140
1999 135
1999 130
1999 130
1999 125
1999 125
1999 125
1999 130
1999 150
1999 150
1999 140
1999 140
1999 180
1999 180
1999 180
1999 180
1999 170
1999 160
1999 150
1999 140
1999 140
1999 130
1999 130
1999 110
1999 120
1999 120
1999 120
1999 120
1999 120
1999 140
1999 150
1999 190
1999 210
1999 200
1999 200
1999 190
1999 180
1999 160
1999 150
1999 150
1999 160
1999 150
1999 NA
1999 NA
1999 NA
1999 NA
1999 NA
1999 NA
1999 NA
1999 NA
1999 NA
1999 NA
1999 NA
1999 NA
1999 NA
1999 NA
1999 NA
1999 NA
1999 NA
1999 NA
1999 NA
1999 NA
1999 NA
1999 NA
1999 NA
1999 NA
1999 NA
1999 NA
1999 NA
1999 NA
1999 NA
1999 NA
1999 NA
1999 NA
1999 NA
1999 NA
1999 NA
1999 NA
1999 NA
1999 NA
1999 NA
1999 NA
1999 NA
1999 NA
1999 NA
1999 NA
1999 NA
1999 NA
1999 NA
1999 NA
1999 NA
1999 NA
1999 NA
1999 NA
1999 NA
1999 NA
1999 NA
1999 NA
1999 NA
1999 NA
1999 NA
1999 NA
1999 NA
1999 NA
1999 NA
1999 NA
1999 NA
1999 NA
1999 NA
1999 NA
1999 NA
1999 NA
1999 NA
1999 NA
1999 NA
1999 NA
1999 NA
1999 NA
1999 NA
1999 NA
1999 NA
1999 NA
1999 NA
1999 NA
1999 NA
1999 NA
1999 NA
1999 NA
1999 NA
1999 NA
1999 NA
1999 NA
1999 NA
1999 NA
1999 NA
1999 NA
1999 NA
1999 NA
1999 NA
1999 NA
1999 NA
1999 NA
1999 NA
1999 NA
1999 NA
1999 NA
1999 NA
1999 NA
1999 NA
1999 NA
1999 NA
1999 NA
1999 NA
1999 NA
1999 NA
1999 NA
1999 NA
1999 NA
1999 NA
1999 NA
1999 NA
1999 NA
1999 NA
1999 NA
1999 NA
1999 NA
1999 NA
1999 NA
1999 NA
1999 NA
2002 NA
2002 NA
2002 NA
2002 NA
2002 NA
2002 NA
2002 NA
2002 NA
2002 NA
2002 NA
2002 NA
2002 NA
2002 NA
2002 NA
2002 NA
2002 NA
2002 NA
2002 NA
2002 NA
2002 NA
2002 NA
2002 NA
2002 NA
2002 NA
2002 NA
2002 NA
2002 NA
2002 NA
2002 NA
2002 NA
2002 NA
2002 NA
2002 NA
2002 NA
2002 NA
2002 NA
2002 NA
2002 NA
2002 NA
2002 NA
2002 NA
2002 NA
2002 NA
2002 NA
2002 NA
2002 NA
2002 NA
2002 NA
2002 NA
2002 NA
2002 NA
2002 NA
2002 NA
2002 NA
2002 NA
2002 NA
2002 NA
2002 NA
2002 NA
2002 NA
2002 NA
2002 NA
2002 NA
2002 NA
2002 NA
2002 NA
2002 NA
2002 NA
2002 NA
2002 NA
2002 NA
2002 NA
2002 NA
2002 NA
2002 NA
2002 NA
2002 NA
2002 NA
2002 NA
2002 NA
2002 NA
2002 NA
2002 NA
2002 NA
2002 NA
2002 NA
2002 NA
2002 NA
2002 NA
2002 NA
2002 NA
2002 NA
2002 NA
2002 NA
2002 NA
2002 NA
2002 NA
2002 NA
2002 NA
2002 NA
2002 NA
2002 NA
2002 NA
2002 NA
2002 NA
2002 NA
2002 NA
2002 NA
2002 NA
2002 NA
2002 NA
2002 0
2002 0
2002 1
2002 1
2002 1
2002 11
2002 40
2002 45
2002 45
2002 50
2002 50
2002 50
2002 50
2002 50
2002 50
2002 50
2002 50
2002 45
2002 45
2002 45
2002 45
2002 45
2002 45
2002 40
2002 40
2002 40
2002 50
2002 50
2002 50
2002 50
2002 50
2002 50
2002 45
2002 45
2002 60
2002 70
2002 70
2002 70
2002 65
2002 65
2002 60
2002 60
2002 60
2002 60
2002 55
2002 60
2002 55
2002 70
2002 90
2002 90
2002 85
2002 85
2002 85
2002 85
2002 85
2002 85
2002 100
2002 100
2002 100
2002 100
2002 100
2002 100
2002 130
2002 130
2002 140
2002 155
2002 130
2002 120
2002 110
2002 110
2002 110
2002 125
2002 150
2002 140
2002 120
2002 110
2002 100
2002 100
2002 100
2002 100
2002 100
2002 100
2002 90
2002 90
2002 80
2002 80
2002 70
2002 70
2002 60
2002 60
2002 55
2002 50
2002 50
2002 45
2002 45
2002 45
2002 45
2002 45
2002 45
2002 40
2002 40
2002 40
2002 40
2002 40
2002 40
2002 40
2002 40
2002 40
2002 35
2002 30
2002 30
2002 NA
2002 NA
2002 NA
2002 NA
2002 NA
2002 NA
2002 NA
2002 NA
2002 NA
2002 NA
2002 NA
2002 NA
2002 NA
2002 NA
2002 NA
2002 NA
2002 NA
2002 NA
2002 NA
2002 NA
2002 NA
2002 NA
2002 NA
2002 NA
2002 NA
2002 NA
2002 NA
2002 NA
2002 NA
2002 NA
2002 NA
2002 NA
2002 NA
2002 NA
2002 NA
2002 NA
2002 NA
2002 NA
2002 NA
2002 NA
2002 NA
2002 NA
2002 NA
2002 NA
2002 NA
2002 NA
2002 NA
2002 NA
2002 NA
2002 NA
2002 NA
2002 NA
2002 NA
2002 NA
2002 NA
2002 NA
2002 NA
2002 NA
2002 NA
2002 NA
2002 NA
2002 NA
2002 NA
2002 NA
2002 NA
2002 NA
2002 NA
2002 NA
2002 NA
2002 NA
2002 NA
2002 NA
2002 NA
2002 NA
2002 NA
2002 NA
2002 NA
2002 NA
2002 NA
2002 NA
2002 NA
2002 NA
2002 NA
2002 NA
2002 NA
2002 NA
2002 NA
2002 NA
2002 NA
2002 NA
2002 NA
2002 NA
2002 NA
2002 NA
2002 NA
2002 NA
2002 NA
2002 NA
2002 NA
2002 NA
2002 NA
2002 NA
2002 NA
2002 NA
2002 NA
2002 NA
2002 NA
2002 NA
2002 NA
2002 NA
2002 NA
2002 NA
2002 NA
2002 NA
2002 NA
2002 NA
2002 NA
2002 NA
2002 NA
2002 NA
2002 NA
2002 NA
2002 NA
2002 NA
2002 NA
2002 NA
2002 NA
2002 NA
2002 NA
2002 NA
2002 NA
2002 NA
2002 NA
2002 NA
2002 NA
2002 NA
2002 NA
2002 NA
2002 NA
2002 NA
2002 NA
2002 NA
2002 NA
2003 NA
2003 NA
2003 NA
2003 NA
2003 NA
2003 NA
2003 NA
2003 NA
2003 NA
2003 NA
2003 NA
2003 NA
2003 NA
2003 NA
2003 NA
2003 NA
2003 NA
2003 NA
2003 NA
2003 NA
2003 NA
2003 NA
2003 NA
2003 NA
2003 NA
2003 NA
2003 NA
2003 NA
2003 NA
2003 NA
2003 NA
2003 NA
2003 NA
2003 NA
2003 NA
2003 NA
2003 NA
2003 NA
2003 NA
2003 NA
2003 NA
2003 NA
2003 NA
2003 NA
2003 NA
2003 NA
2003 NA
2003 NA
2003 NA
2003 NA
2003 NA
2003 NA
2003 NA
2003 NA
2003 NA
2003 NA
2003 NA
2003 NA
2003 NA
2003 NA
2003 NA
2003 NA
2003 NA
2003 NA
2003 NA
2003 NA
2003 NA
2003 NA
2003 NA
2003 NA
2003 NA
2003 NA
2003 NA
2003 NA
2003 NA
2003 NA
2003 NA
2003 NA
2003 NA
2003 NA
2003 NA
2003 NA
2003 NA
2003 NA
2003 NA
2003 NA
2003 NA
2003 NA
2003 NA
2003 NA
2003 NA
2003 NA
2003 NA
2003 NA
2003 NA
2003 NA
2003 NA
2003 NA
2003 NA
2003 NA
2003 NA
2003 NA
2003 NA
2003 NA
2003 20
2003 35
2003 35
2003 NA
2003 NA
2003 NA
2003 NA
2003 20
2003 15
2003 10
2003 10
2003 10
2003 10
2003 NA
2003 NA
2003 NA
2003 20
2003 30
2003 42
2003 30
2003 20
2003 20
2003 30
2003 20
2003 22
2003 22
2003 25
2003 25
2003 25
2003 25
2003 25
2003 25
2003 25
2003 25
2003 25
2003 25
2003 20
2003 25
2003 30
2003 50
2003 60
2003 70
2003 75
2003 70
2003 70
2003 70
2003 70
2003 130
2003 150
2003 150
2003 150
2003 160
2003 180
2003 220
2003 230
2003 230
2003 220
2003 220
2003 222
2003 220
2003 220
2003 220
2003 220
2003 210
2003 210
2003 210
2003 210
2003 210
2003 200
2003 200
2003 200
2003 190
2003 190
2003 190
2003 180
2003 180
2003 175
2003 150
2003 150
2003 160
2003 NA
2003 150
2003 150
2003 165
2003 150
2003 145
2003 130
2003 125
2003 110
2003 100
2003 100
2003 98
2003 95
2003 90
2003 90
2003 85
2003 85
2003 80
2003 80
2003 80
2003 80
2003 70
2003 70
2003 70
2003 60
2003 50
2003 45
2003 45
2003 45
2003 60
2003 70
2003 70
2003 70
2003 70
2003 65
2003 65
2003 65
2003 NA
2003 70
2003 75
2003 75
2003 70
2003 65
2003 60
2003 50
2003 45
2003 45
2003 NA
2003 NA
2003 NA
2003 NA
2003 NA
2003 NA
2003 NA
2003 NA
2003 NA
2003 NA
2003 NA
2003 NA
2003 NA
2003 NA
2003 NA
2003 NA
2003 NA
2003 NA
2003 NA
2003 NA
2003 NA
2003 NA
2003 NA
2003 NA
2003 NA
2003 NA
2003 NA
2003 NA
2003 NA
2003 NA
2003 NA
2003 NA
2003 NA
2003 NA
2003 NA
2003 NA
2003 NA
2003 NA
2003 NA
2003 NA
2003 NA
2003 NA
2003 NA
2003 NA
2003 NA
2003 NA
2003 NA
2003 NA
2003 NA
2003 NA
2003 NA
2003 NA
2003 NA
2003 NA
2003 NA
2003 NA
2003 NA
2003 NA
2003 NA
2003 NA
2003 NA
2003 NA
2003 NA
2003 NA
2003 NA
2003 NA
2003 NA
2003 NA
2003 NA
2003 NA
2003 NA
2003 NA
2003 NA
2003 NA
2003 NA
2003 NA
2003 NA
2003 NA
2003 NA
2003 NA
2003 NA
2003 NA
2003 NA
2003 NA
2003 NA
2003 NA
2003 NA
2003 NA
2003 NA
2003 NA
2003 NA
2003 NA
2003 NA
2003 NA
2003 NA
2003 NA
2003 NA
2003 NA
2003 NA
2003 NA
2003 NA
2003 NA
2003 NA
2003 NA
2003 NA
2003 NA
2003 NA
2003 NA
2003 NA
2003 NA
2003 NA
2003 NA
2003 NA
2003 NA
2003 NA
2003 NA
2003 NA
2003 NA
2003 NA
2003 NA
2003 NA
2003 NA
2003 NA
2003 NA
2003 NA
2003 NA
2003 NA
2003 NA
2003 NA
2003 NA
2003 NA
2003 NA
2003 NA
2003 NA
2004 NA
2004 NA
2004 NA
2004 NA
2004 NA
2004 NA
2004 NA
2004 NA
2004 NA
2004 NA
2004 NA
2004 NA
2004 NA
2004 NA
2004 NA
2004 NA
2004 NA
2004 NA
2004 NA
2004 NA
2004 NA
2004 NA
2004 NA
2004 NA
2004 NA
2004 NA
2004 NA
2004 NA
2004 NA
2004 NA
2004 NA
2004 NA
2004 NA
2004 NA
2004 NA
2004 NA
2004 NA
2004 NA
2004 NA
2004 NA
2004 NA
2004 NA
2004 NA
2004 NA
2004 NA
2004 NA
2004 NA
2004 NA
2004 NA
2004 NA
2004 NA
2004 NA
2004 NA
2004 NA
2004 NA
2004 NA
2004 NA
2004 NA
2004 NA
2004 NA
2004 NA
2004 NA
2004 NA
2004 NA
2004 NA
2004 NA
2004 NA
2004 NA
2004 NA
2004 NA
2004 NA
2004 NA
2004 NA
2004 NA
2004 NA
2004 NA
2004 NA
2004 NA
2004 NA
2004 NA
2004 NA
2004 NA
2004 NA
2004 NA
2004 NA
2004 NA
2004 NA
2004 NA
2004 NA
2004 NA
2004 NA
2004 NA
2004 NA
2004 NA
2004 NA
2004 NA
2004 NA
2004 NA
2004 NA
2004 NA
2004 NA
2004 NA
2004 NA
2004 NA
2004 NA
2004 NA
2004 NA
2004 NA
2004 NA
2004 NA
2004 NA
2004 NA
2004 NA
2004 40
2004 40
2004 40
2004 40
2004 35
2004 30
2004 40
2004 40
2004 45
2004 46
2004 56
2004 50
2004 50
2004 40
2004 40
2004 40
2004 30
2004 33
2004 40
2004 30
2004 30
2004 25
2004 20
2004 20
2004 20
2004 30
2004 50
2004 50
2004 55
2004 60
2004 60
2004 65
2004 65
2004 75
2004 75
2004 75
2004 85
2004 125
2004 100
2004 90
2004 90
2004 80
2004 70
2004 70
2004 60
2004 50
2004 45
2004 45
2004 45
2004 45
2004 45
2004 40
2004 40
2004 NA
2004 40
2004 40
2004 40
2004 40
2004 50
2004 50
2004 55
2004 50
2004 70
2004 75
2004 75
2004 NA
2004 70
2004 70
2004 73
2004 75
2004 80
2004 80
2004 80
2004 80
2004 85
2004 90
2004 100
2004 105
2004 105
2004 100
2004 100
2004 90
2004 90
2004 60
2004 50
2004 NA
2004 50
2004 40
2004 30
2004 20
2004 22
2004 25
2004 55
2004 60
2004 70
2004 70
2004 70
2004 NA
2004 60
2004 55
2004 50
2004 45
2004 45
2004 NA
2004 40
2004 40
2004 52
2004 52
2004 59
2004 NA
2004 NA
2004 NA
2004 NA
2004 40
2004 42
2004 47
2004 40
2004 40
2004 NA
2004 NA
2004 NA
2004 NA
2004 NA
2004 NA
2004 NA
2004 NA
2004 NA
2004 NA
2004 NA
2004 NA
2004 NA
2004 NA
2004 NA
2004 NA
2004 NA
2004 NA
2004 NA
2004 NA
2004 NA
2004 NA
2004 NA
2004 NA
2004 NA
2004 NA
2004 NA
2004 NA
2004 NA
2004 NA
2004 NA
2004 NA
2004 NA
2004 NA
2004 NA
2004 NA
2004 NA
2004 NA
2004 NA
2004 NA
2004 NA
2004 NA
2004 NA
2004 NA
2004 NA
2004 NA
2004 NA
2004 NA
2004 NA
2004 NA
2004 NA
2004 NA
2004 NA
2004 NA
2004 NA
2004 NA
2004 NA
2004 NA
2004 NA
2004 NA
2004 NA
2004 NA
2004 NA
2004 NA
2004 NA
2004 NA
2004 NA
2004 NA
2004 NA
2004 NA
2004 NA
2004 NA
2004 NA
2004 NA
2004 NA
2004 NA
2004 NA
2004 NA
2004 NA
2004 NA
2004 NA
2004 NA
2004 NA
2004 NA
2004 NA
2004 NA
2004 NA
2004 NA
2004 NA
2004 NA
2004 NA
2004 NA
2004 NA
2004 NA
2004 NA
2004 NA
2004 NA
2004 NA
2004 NA
2004 NA
2004 NA
2004 NA
2004 NA
2004 NA
2004 NA
2004 NA
2004 NA
2004 NA
2004 NA
2004 NA
2004 NA
2004 NA
2004 NA
2004 NA
2004 NA
2004 NA
2004 NA
2004 NA
2004 NA
2004 NA
2004 NA
2004 NA
2004 NA
2004 NA
2004 NA
2004 NA
2004 NA
2004 NA
2004 NA
2004 NA
2004 NA
2004 NA
2004 NA
2004 NA
2004 NA
2005 NA
2005 NA
2005 NA
2005 NA
2005 NA
2005 NA
2005 NA
2005 NA
2005 NA
2005 NA
2005 NA
2005 NA
2005 NA
2005 NA
2005 NA
2005 NA
2005 NA
2005 NA
2005 NA
2005 NA
2005 NA
2005 NA
2005 NA
2005 NA
2005 NA
2005 NA
2005 NA
2005 NA
2005 NA
2005 NA
2005 NA
2005 NA
2005 NA
2005 NA
2005 NA
2005 NA
2005 NA
2005 NA
2005 NA
2005 NA
2005 NA
2005 NA
2005 NA
2005 NA
2005 NA
2005 NA
2005 NA
2005 NA
2005 NA
2005 NA
2005 NA
2005 NA
2005 NA
2005 NA
2005 NA
2005 NA
2005 NA
2005 NA
2005 NA
2005 NA
2005 NA
2005 NA
2005 NA
2005 NA
2005 NA
2005 NA
2005 NA
2005 NA
2005 NA
2005 NA
2005 NA
2005 NA
2005 NA
2005 NA
2005 NA
2005 NA
2005 NA
2005 NA
2005 NA
2005 NA
2005 NA
2005 NA
2005 NA
2005 NA
2005 NA
2005 NA
2005 NA
2005 NA
2005 NA
2005 NA
2005 NA
2005 NA
2005 NA
2005 NA
2005 NA
2005 NA
2005 NA
2005 NA
2005 NA
2005 NA
2005 NA
2005 NA
2005 NA
2005 NA
2005 NA
2005 NA
2005 NA
2005 NA
2005 NA
2005 NA
2005 NA
2005 20
2005 18
2005 17
2005 15
2005 15
2005 60
2005 75
2005 70
2005 83
2005 80
2005 75
2005 70
2005 65
2005 65
2005 60
2005 55
2005 50
2005 49
2005 47
2005 45
2005 40
2005 35
2005 34
2005 34
2005 33
2005 32
2005 32
2005 31
2005 30
2005 60
2005 60
2005 45
2005 55
2005 49
2005 75
2005 80
2005 88
2005 95
2005 90
2005 88
2005 86
2005 84
2005 85
2005 89
2005 85
2005 80
2005 78
2005 70
2005 60
2005 58
2005 52
2005 48
2005 45
2005 40
2005 36
2005 60
2005 95
2005 105
2005 112
2005 110
2005 105
2005 128
2005 135
2005 143
2005 145
2005 145
2005 140
2005 130
2005 127
2005 139
2005 135
2005 129
2005 118
2005 133
2005 135
2005 165
2005 175
2005 165
2005 160
2005 155
2005 150
2005 145
2005 145
2005 140
2005 140
2005 135
2005 120
2005 115
2005 110
2005 105
2005 100
2005 90
2005 75
2005 60
2005 60
2005 50
2005 45
2005 40
2005 40
2005 44
2005 40
2005 35
2005 30
2005 30
2005 20
2005 20
2005 15
2005 15
2005 20
2005 40
2005 60
2005 50
2005 50
2005 50
2005 50
2005 40
2005 100
2005 110
2005 120
2005 120
2005 130
2005 120
2005 NA
2005 NA
2005 NA
2005 NA
2005 NA
2005 NA
2005 NA
2005 NA
2005 NA
2005 NA
2005 NA
2005 NA
2005 NA
2005 NA
2005 NA
2005 NA
2005 NA
2005 NA
2005 NA
2005 NA
2005 NA
2005 NA
2005 NA
2005 NA
2005 NA
2005 NA
2005 NA
2005 NA
2005 NA
2005 NA
2005 NA
2005 NA
2005 NA
2005 NA
2005 NA
2005 NA
2005 NA
2005 NA
2005 NA
2005 NA
2005 NA
2005 NA
2005 NA
2005 NA
2005 NA
2005 NA
2005 NA
2005 NA
2005 NA
2005 NA
2005 NA
2005 NA
2005 NA
2005 NA
2005 NA
2005 NA
2005 NA
2005 NA
2005 NA
2005 NA
2005 NA
2005 NA
2005 NA
2005 NA
2005 NA
2005 NA
2005 NA
2005 NA
2005 NA
2005 NA
2005 NA
2005 NA
2005 NA
2005 NA
2005 NA
2005 NA
2005 NA
2005 NA
2005 NA
2005 NA
2005 NA
2005 NA
2005 NA
2005 NA
2005 NA
2005 NA
2005 NA
2005 NA
2005 NA
2005 NA
2005 NA
2005 NA
2005 NA
2005 NA
2005 NA
2005 NA
2005 NA
2005 NA
2005 NA
2005 NA
2005 NA
2005 NA
2005 NA
2005 NA
2005 NA
2005 NA
2005 NA
2005 NA
2005 NA
2005 NA
2005 NA
2005 NA
2005 NA
2005 NA
2005 NA
2005 NA
2005 NA
2005 NA
2005 NA
2005 NA
2005 NA
2005 NA
2005 NA
2005 NA
2005 NA
2005 NA
2005 NA
2005 NA
2005 NA
2005 NA
2005 NA
2005 NA
2006 NA
2006 NA
2006 NA
2006 NA
2006 NA
2006 NA
2006 NA
2006 NA
2006 NA
2006 NA
2006 NA
2006 NA
2006 NA
2006 NA
2006 NA
2006 NA
2006 NA
2006 NA
2006 NA
2006 NA
2006 NA
2006 NA
2006 NA
2006 NA
2006 NA
2006 NA
2006 NA
2006 NA
2006 NA
2006 NA
2006 NA
2006 NA
2006 NA
2006 NA
2006 NA
2006 NA
2006 NA
2006 NA
2006 NA
2006 NA
2006 NA
2006 NA
2006 NA
2006 NA
2006 NA
2006 NA
2006 NA
2006 NA
2006 NA
2006 NA
2006 NA
2006 NA
2006 NA
2006 NA
2006 NA
2006 NA
2006 NA
2006 NA
2006 NA
2006 NA
2006 NA
2006 NA
2006 NA
2006 NA
2006 NA
2006 NA
2006 NA
2006 NA
2006 NA
2006 NA
2006 NA
2006 NA
2006 NA
2006 NA
2006 NA
2006 NA
2006 NA
2006 NA
2006 NA
2006 NA
2006 NA
2006 NA
2006 NA
2006 NA
2006 NA
2006 NA
2006 NA
2006 NA
2006 NA
2006 NA
2006 NA
2006 NA
2006 NA
2006 NA
2006 NA
2006 NA
2006 NA
2006 NA
2006 NA
2006 NA
2006 NA
2006 NA
2006 NA
2006 NA
2006 NA
2006 NA
2006 NA
2006 40
2006 45
2006 45
2006 45
2006 45
2006 40
2006 40
2006 40
2006 40
2006 40
2006 35
2006 50
2006 70
2006 60
2006 60
2006 60
2006 75
2006 85
2006 85
2006 80
2006 70
2006 70
2006 70
2006 70
2006 65
2006 65
2006 65
2006 60
2006 55
2006 55
2006 50
2006 50
2006 70
2006 70
2006 70
2006 70
2006 70
2006 70
2006 70
2006 65
2006 65
2006 70
2006 85
2006 65
2006 60
2006 NA
2006 50
2006 50
2006 50
2006 50
2006 50
2006 50
2006 50
2006 50
2006 50
2006 50
2006 50
2006 50
2006 50
2006 50
2006 50
2006 50
2006 50
2006 55
2006 60
2006 75
2006 73
2006 73
2006 70
2006 70
2006 70
2006 70
2006 70
2006 70
2006 80
2006 95
2006 70
2006 75
2006 85
2006 90
2006 95
2006 95
2006 90
2006 95
2006 110
2006 120
2006 120
2006 120
2006 120
2006 120
2006 110
2006 110
2006 110
2006 NA
2006 100
2006 90
2006 95
2006 90
2006 90
2006 85
2006 NA
2006 60
2006 70
2006 50
2006 45
2006 45
2006 35
2006 NA
2006 NA
2006 NA
2006 NA
2006 NA
2006 NA
2006 NA
2006 NA
2006 NA
2006 NA
2006 NA
2006 NA
2006 NA
2006 NA
2006 NA
2006 NA
2006 NA
2006 NA
2006 NA
2006 NA
2006 NA
2006 NA
2006 NA
2006 NA
2006 NA
2006 NA
2006 NA
2006 NA
2006 NA
2006 NA
2006 NA
2006 NA
2006 NA
2006 NA
2006 NA
2006 NA
2006 NA
2006 NA
2006 NA
2006 NA
2006 NA
2006 NA
2006 NA
2006 NA
2006 NA
2006 NA
2006 NA
2006 NA
2006 NA
2006 NA
2006 NA
2006 NA
2006 NA
2006 NA
2006 NA
2006 NA
2006 NA
2006 NA
2006 NA
2006 NA
2006 NA
2006 NA
2006 NA
2006 NA
2006 NA
2006 NA
2006 NA
2006 NA
2006 NA
2006 NA
2006 NA
2006 NA
2006 NA
2006 NA
2006 NA
2006 NA
2006 NA
2006 NA
2006 NA
2006 NA
2006 NA
2006 NA
2006 NA
2006 NA
2006 NA
2006 NA
2006 NA
2006 NA
2006 NA
2006 NA
2006 NA
2006 NA
2006 NA
2006 NA
2006 NA
2006 NA
2006 NA
2006 NA
2006 NA
2006 NA
2006 NA
2006 NA
2006 NA
2006 NA
2006 NA
2006 NA
2006 NA
2006 NA
2006 NA
2006 NA
2006 NA
2006 NA
2006 NA
2006 NA
2006 NA
2006 NA
2006 NA
2006 NA
2006 NA
2006 NA
2006 NA
2006 NA
2006 NA
2006 NA
2006 NA
2006 NA
2006 NA
2006 NA
2006 NA
2006 NA
2006 NA
2006 NA
2006 NA
2006 NA
2006 NA
2006 NA
2006 NA
2006 NA
2006 NA
2006 NA
2006 NA
2006 NA
2006 NA
2006 NA
2006 NA
2006 NA
2006 NA
2006 NA
2006 NA
2006 NA
2006 NA
2007 NA
2007 NA
2007 NA
2007 NA
2007 NA
2007 NA
2007 NA
2007 NA
2007 NA
2007 NA
2007 NA
2007 NA
2007 NA
2007 NA
2007 NA
2007 NA
2007 NA
2007 NA
2007 NA
2007 NA
2007 NA
2007 NA
2007 NA
2007 NA
2007 NA
2007 NA
2007 NA
2007 NA
2007 NA
2007 NA
2007 NA
2007 NA
2007 NA
2007 NA
2007 NA
2007 NA
2007 NA
2007 NA
2007 NA
2007 NA
2007 NA
2007 NA
2007 NA
2007 NA
2007 NA
2007 NA
2007 NA
2007 NA
2007 NA
2007 NA
2007 NA
2007 NA
2007 NA
2007 NA
2007 NA
2007 NA
2007 NA
2007 NA
2007 NA
2007 NA
2007 NA
2007 NA
2007 NA
2007 NA
2007 NA
2007 NA
2007 NA
2007 NA
2007 NA
2007 NA
2007 NA
2007 NA
2007 NA
2007 NA
2007 NA
2007 NA
2007 NA
2007 NA
2007 NA
2007 NA
2007 NA
2007 NA
2007 NA
2007 NA
2007 NA
2007 NA
2007 NA
2007 NA
2007 NA
2007 NA
2007 NA
2007 NA
2007 NA
2007 NA
2007 NA
2007 NA
2007 NA
2007 NA
2007 NA
2007 NA
2007 NA
2007 NA
2007 NA
2007 NA
2007 NA
2007 NA
2007 NA
2007 NA
2007 NA
2007 NA
2007 NA
2007 NA
2007 NA
2007 NA
2007 3
2007 3
2007 3
2007 3
2007 3
2007 3
2007 3
2007 2
2007 2
2007 NA
2007 30
2007 15
2007 19
2007 19
2007 17
2007 17
2007 17
2007 15
2007 NA
2007 NA
2007 NA
2007 NA
2007 NA
2007 NA
2007 NA
2007 NA
2007 NA
2007 NA
2007 NA
2007 NA
2007 NA
2007 NA
2007 40
2007 40
2007 40
2007 40
2007 35
2007 NA
2007 30
2007 30
2007 25
2007 25
2007 20
2007 20
2007 20
2007 25
2007 30
2007 30
2007 30
2007 40
2007 35
2007 50
2007 40
2007 45
2007 35
2007 30
2007 30
2007 30
2007 30
2007 25
2007 25
2007 25
2007 25
2007 30
2007 50
2007 NA
2007 50
2007 50
2007 45
2007 40
2007 40
2007 30
2007 30
2007 30
2007 25
2007 25
2007 35
2007 35
2007 35
2007 35
2007 30
2007 25
2007 20
2007 20
2007 20
2007 30
2007 50
2007 75
2007 85
2007 90
2007 90
2007 90
2007 80
2007 80
2007 80
2007 80
2007 80
2007 85
2007 80
2007 75
2007 65
2007 65
2007 60
2007 60
2007 55
2007 50
2007 45
2007 NA
2007 NA
2007 NA
2007 NA
2007 NA
2007 NA
2007 NA
2007 NA
2007 NA
2007 NA
2007 NA
2007 NA
2007 NA
2007 NA
2007 NA
2007 NA
2007 NA
2007 NA
2007 NA
2007 NA
2007 NA
2007 NA
2007 NA
2007 NA
2007 NA
2007 NA
2007 NA
2007 NA
2007 NA
2007 NA
2007 NA
2007 NA
2007 NA
2007 NA
2007 NA
2007 NA
2007 NA
2007 NA
2007 NA
2007 NA
2007 NA
2007 NA
2007 NA
2007 NA
2007 NA
2007 NA
2007 NA
2007 NA
2007 NA
2007 NA
2007 NA
2007 NA
2007 NA
2007 NA
2007 NA
2007 NA
2007 NA
2007 NA
2007 NA
2007 NA
2007 NA
2007 NA
2007 NA
2007 NA
2007 NA
2007 NA
2007 NA
2007 NA
2007 NA
2007 NA
2007 NA
2007 NA
2007 NA
2007 NA
2007 NA
2007 NA
2007 NA
2007 NA
2007 NA
2007 NA
2007 NA
2007 NA
2007 NA
2007 NA
2007 NA
2007 NA
2007 NA
2007 NA
2007 NA
2007 NA
2007 NA
2007 NA
2007 NA
2007 NA
2007 NA
2007 NA
2007 NA
2007 NA
2007 NA
2007 NA
2007 NA
2007 NA
2007 NA
2007 NA
2007 NA
2007 NA
2007 NA
2007 NA
2007 NA
2007 NA
2007 NA
2007 NA
2007 NA
2007 NA
2007 NA
2007 NA
2007 NA
2007 NA
2007 NA
2007 NA
2007 NA
2007 NA
2007 NA
2007 NA
2007 NA
2007 NA
2007 NA
2007 NA
2007 NA
2007 NA
2007 NA
2007 NA
2007 NA
2007 NA
2007 NA
2007 NA
2007 NA
2007 NA
2007 NA
2007 NA
2007 NA
2007 NA
2007 NA
2007 NA
2008 NA
2008 NA
2008 NA
2008 NA
2008 NA
2008 NA
2008 NA
2008 NA
2008 NA
2008 NA
2008 NA
2008 NA
2008 NA
2008 NA
2008 NA
2008 NA
2008 NA
2008 NA
2008 NA
2008 NA
2008 NA
2008 NA
2008 NA
2008 NA
2008 NA
2008 NA
2008 NA
2008 NA
2008 NA
2008 NA
2008 NA
2008 NA
2008 NA
2008 NA
2008 NA
2008 NA
2008 NA
2008 NA
2008 NA
2008 NA
2008 NA
2008 NA
2008 NA
2008 NA
2008 NA
2008 NA
2008 NA
2008 NA
2008 NA
2008 NA
2008 NA
2008 NA
2008 NA
2008 NA
2008 NA
2008 NA
2008 NA
2008 NA
2008 NA
2008 NA
2008 NA
2008 NA
2008 NA
2008 NA
2008 NA
2008 NA
2008 NA
2008 NA
2008 NA
2008 NA
2008 NA
2008 NA
2008 NA
2008 NA
2008 NA
2008 NA
2008 NA
2008 NA
2008 NA
2008 NA
2008 NA
2008 NA
2008 NA
2008 NA
2008 NA
2008 NA
2008 NA
2008 NA
2008 NA
2008 NA
2008 NA
2008 NA
2008 NA
2008 NA
2008 NA
2008 NA
2008 NA
2008 NA
2008 NA
2008 NA
2008 NA
2008 NA
2008 NA
2008 NA
2008 NA
2008 60
2008 60
2008 60
2008 55
2008 55
2008 50
2008 50
2008 45
2008 50
2008 50
2008 50
2008 50
2008 45
2008 45
2008 45
2008 50
2008 50
2008 50
2008 45
2008 45
2008 45
2008 45
2008 30
2008 25
2008 25
2008 25
2008 25
2008 25
2008 60
2008 65
2008 50
2008 55
2008 50
2008 60
2008 50
2008 40
2008 40
2008 40
2008 45
2008 50
2008 50
2008 50
2008 45
2008 45
2008 40
2008 40
2008 40
2008 40
2008 40
2008 60
2008 60
2008 65
2008 75
2008 70
2008 70
2008 70
2008 65
2008 60
2008 60
2008 60
2008 60
2008 55
2008 55
2008 55
2008 46
2008 46
2008 46
2008 40
2008 40
2008 40
2008 35
2008 NA
2008 30
2008 30
2008 30
2008 30
2008 30
2008 25
2008 25
2008 25
2008 28
2008 30
2008 32
2008 30
2008 30
2008 25
2008 NA
2008 50
2008 40
2008 35
2008 35
2008 30
2008 31
2008 45
2008 47
2008 45
2008 45
2008 47
2008 85
2008 90
2008 110
2008 140
2008 140
2008 150
2008 150
2008 145
2008 145
2008 120
2008 120
2008 115
2008 110
2008 110
2008 110
2008 110
2008 110
2008 100
2008 90
2008 NA
2008 80
2008 90
2008 65
2008 NA
2008 NA
2008 NA
2008 NA
2008 NA
2008 NA
2008 NA
2008 NA
2008 NA
2008 NA
2008 NA
2008 NA
2008 NA
2008 NA
2008 NA
2008 NA
2008 NA
2008 NA
2008 NA
2008 NA
2008 NA
2008 NA
2008 NA
2008 NA
2008 NA
2008 NA
2008 NA
2008 NA
2008 NA
2008 NA
2008 NA
2008 NA
2008 NA
2008 NA
2008 NA
2008 NA
2008 NA
2008 NA
2008 NA
2008 NA
2008 NA
2008 NA
2008 NA
2008 NA
2008 NA
2008 NA
2008 NA
2008 NA
2008 NA
2008 NA
2008 NA
2008 NA
2008 NA
2008 NA
2008 NA
2008 NA
2008 NA
2008 NA
2008 NA
2008 NA
2008 NA
2008 NA
2008 NA
2008 NA
2008 NA
2008 NA
2008 NA
2008 NA
2008 NA
2008 NA
2008 NA
2008 NA
2008 NA
2008 NA
2008 NA
2008 NA
2008 NA
2008 NA
2008 NA
2008 NA
2008 NA
2008 NA
2008 NA
2008 NA
2008 NA
2008 NA
2008 NA
2008 NA
2008 NA
2008 NA
2008 NA
2008 NA
2008 NA
2008 NA
2008 NA
2008 NA
2008 NA
2008 NA
2008 NA
2008 NA
2008 NA
2008 NA
2008 NA
2008 NA
2008 NA
2008 NA
2008 NA
2008 NA
2008 NA
2008 NA
2008 NA
2008 NA
2008 NA
2008 NA
2008 NA
2008 NA
2008 NA
2008 NA
2008 NA
2008 NA
2008 NA
2008 NA
2008 NA
2008 NA
2008 NA
2008 NA
2008 NA
2008 NA
2008 NA
2008 NA
2008 NA
2008 NA
2008 NA
2008 NA
2008 NA
2008 NA
2008 NA
2008 NA
2008 NA
2008 NA
2009 NA
2009 NA
2009 NA
2009 NA
2009 NA
2009 NA
2009 NA
2009 NA
2009 NA
2009 NA
2009 NA
2009 NA
2009 NA
2009 NA
2009 NA
2009 NA
2009 NA
2009 NA
2009 NA
2009 NA
2009 NA
2009 NA
2009 NA
2009 NA
2009 NA
2009 NA
2009 NA
2009 NA
2009 NA
2009 NA
2009 NA
2009 NA
2009 NA
2009 NA
2009 NA
2009 NA
2009 NA
2009 NA
2009 NA
2009 NA
2009 NA
2009 NA
2009 NA
2009 NA
2009 NA
2009 NA
2009 NA
2009 NA
2009 NA
2009 NA
2009 NA
2009 NA
2009 NA
2009 NA
2009 NA
2009 NA
2009 NA
2009 NA
2009 NA
2009 NA
2009 NA
2009 NA
2009 NA
2009 NA
2009 NA
2009 NA
2009 NA
2009 NA
2009 NA
2009 NA
2009 NA
2009 NA
2009 NA
2009 NA
2009 NA
2009 NA
2009 NA
2009 NA
2009 NA
2009 NA
2009 NA
2009 NA
2009 NA
2009 NA
2009 NA
2009 NA
2009 NA
2009 NA
2009 NA
2009 NA
2009 NA
2009 NA
2009 NA
2009 NA
2009 NA
2009 NA
2009 NA
2009 NA
2009 NA
2009 NA
2009 NA
2009 NA
2009 NA
2009 50
2009 50
2009 NA
2009 45
2009 55
2009 50
2009 50
2009 50
2009 50
2009 50
2009 45
2009 40
2009 40
2009 40
2009 40
2009 40
2009 40
2009 40
2009 NA
2009 45
2009 45
2009 45
2009 45
2009 45
2009 45
2009 50
2009 50
2009 50
2009 50
2009 50
2009 45
2009 45
2009 45
2009 45
2009 45
2009 40
2009 40
2009 45
2009 60
2009 65
2009 65
2009 60
2009 60
2009 70
2009 70
2009 70
2009 70
2009 70
2009 65
2009 65
2009 60
2009 55
2009 55
2009 50
2009 NA
2009 55
2009 89
2009 110
2009 110
2009 105
2009 100
2009 110
2009 120
2009 120
2009 120
2009 105
2009 105
2009 110
2009 110
2009 110
2009 110
2009 110
2009 100
2009 100
2009 100
2009 95
2009 95
2009 90
2009 85
2009 90
2009 90
2009 80
2009 100
2009 120
2009 130
2009 130
2009 125
2009 125
2009 135
2009 135
2009 120
2009 120
2009 120
2009 120
2009 110
2009 110
2009 100
2009 100
2009 100
2009 100
2009 100
2009 108
2009 120
2009 125
2009 120
2009 110
2009 120
2009 120
2009 120
2009 110
2009 105
2009 100
2009 100
2009 95
2009 90
2009 85
2009 80
2009 NA
2009 NA
2009 50
2009 45
2009 40
2009 NA
2009 NA
2009 NA
2009 NA
2009 NA
2009 NA
2009 NA
2009 NA
2009 NA
2009 NA
2009 NA
2009 NA
2009 NA
2009 NA
2009 NA
2009 NA
2009 NA
2009 NA
2009 NA
2009 NA
2009 NA
2009 NA
2009 NA
2009 NA
2009 NA
2009 NA
2009 NA
2009 NA
2009 NA
2009 NA
2009 NA
2009 NA
2009 NA
2009 NA
2009 NA
2009 NA
2009 NA
2009 NA
2009 NA
2009 NA
2009 NA
2009 NA
2009 NA
2009 NA
2009 NA
2009 NA
2009 NA
2009 NA
2009 NA
2009 NA
2009 NA
2009 NA
2009 NA
2009 NA
2009 NA
2009 NA
2009 NA
2009 NA
2009 NA
2009 NA
2009 NA
2009 NA
2009 NA
2009 NA
2009 NA
2009 NA
2009 NA
2009 NA
2009 NA
2009 NA
2009 NA
2009 NA
2009 NA
2009 NA
2009 NA
2009 NA
2009 NA
2009 NA
2009 NA
2009 NA
2009 NA
2009 NA
2009 NA
2009 NA
2009 NA
2009 NA
2009 NA
2009 NA
2009 NA
2009 NA
2009 NA
2009 NA
2009 NA
2009 NA
2009 NA
2009 NA
2009 NA
2009 NA
2009 NA
2009 NA
2009 NA
2009 NA
2009 NA
2009 NA
2009 NA
2009 NA
2009 NA
2009 NA
2009 NA
2009 NA
2009 NA
2009 NA
2009 NA
2009 NA
2009 NA
2009 NA
2009 NA
2009 NA
2009 NA
2009 NA
2009 NA
2009 NA
2009 NA
2009 NA
2009 NA
2009 NA
2009 NA
2009 NA
2009 NA
2009 NA
2009 NA
2009 NA
2009 NA
2009 NA
2009 NA
2009 NA
2009 NA
2009 NA
2009 NA
2009 NA
2010 NA
2010 NA
2010 NA
2010 NA
2010 NA
2010 NA
2010 NA
2010 NA
2010 NA
2010 NA
2010 NA
2010 NA
2010 NA
2010 NA
2010 NA
2010 NA
2010 NA
2010 NA
2010 NA
2010 NA
2010 NA
2010 NA
2010 NA
2010 NA
2010 NA
2010 NA
2010 NA
2010 NA
2010 NA
2010 NA
2010 NA
2010 NA
2010 NA
2010 NA
2010 NA
2010 NA
2010 NA
2010 NA
2010 NA
2010 NA
2010 NA
2010 NA
2010 NA
2010 NA
2010 NA
2010 NA
2010 NA
2010 NA
2010 NA
2010 NA
2010 NA
2010 NA
2010 NA
2010 NA
2010 NA
2010 NA
2010 NA
2010 NA
2010 NA
2010 NA
2010 NA
2010 NA
2010 NA
2010 NA
2010 NA
2010 NA
2010 NA
2010 NA
2010 NA
2010 NA
2010 NA
2010 NA
2010 NA
2010 NA
2010 NA
2010 NA
2010 NA
2010 NA
2010 NA
2010 NA
2010 NA
2010 NA
2010 NA
2010 NA
2010 NA
2010 NA
2010 NA
2010 NA
2010 NA
2010 NA
2010 NA
2010 NA
2010 NA
2010 NA
2010 NA
2010 NA
2010 NA
2010 NA
2010 NA
2010 NA
2010 NA
2010 NA
2010 NA
2010 NA
2010 NA
2010 NA
2010 NA
2010 NA
2010 NA
2010 70
2010 80
2010 NA
2010 NA
2010 20
2010 NA
2010 20
2010 20
2010 20
2010 20
2010 20
2010 15
2010 15
2010 15
2010 30
2010 30
2010 50
2010 50
2010 50
2010 50
2010 75
2010 90
2010 100
2010 95
2010 95
2010 95
2010 NA
2010 105
2010 105
2010 110
2010 110
2010 105
2010 100
2010 110
2010 105
2010 100
2010 100
2010 100
2010 95
2010 95
2010 90
2010 90
2010 105
2010 110
2010 110
2010 110
2010 110
2010 105
2010 80
2010 105
2010 110
2010 100
2010 100
2010 110
2010 110
2010 127
2010 130
2010 125
2010 120
2010 120
2010 NA
2010 100
2010 110
2010 120
2010 115
2010 100
2010 100
2010 110
2010 100
2010 95
2010 95
2010 75
2010 70
2010 75
2010 75
2010 80
2010 80
2010 80
2010 90
2010 92
2010 90
2010 90
2010 NA
2010 90
2010 90
2010 90
2010 90
2010 70
2010 70
2010 70
2010 65
2010 60
2010 50
2010 50
2010 49
2010 45
2010 NA
2010 NA
2010 60
2010 70
2010 65
2010 60
2010 NA
2010 70
2010 NA
2010 NA
2010 90
2010 90
2010 85
2010 80
2010 90
2010 80
2010 70
2010 70
2010 NA
2010 NA
2010 NA
2010 NA
2010 NA
2010 NA
2010 NA
2010 NA
2010 NA
2010 NA
2010 NA
2010 NA
2010 NA
2010 NA
2010 NA
2010 NA
2010 NA
2010 NA
2010 NA
2010 NA
2010 NA
2010 NA
2010 NA
2010 NA
2010 NA
2010 NA
2010 NA
2010 NA
2010 NA
2010 NA
2010 NA
2010 NA
2010 NA
2010 NA
2010 NA
2010 NA
2010 NA
2010 NA
2010 NA
2010 NA
2010 NA
2010 NA
2010 NA
2010 NA
2010 NA
2010 NA
2010 NA
2010 NA
2010 NA
2010 NA
2010 NA
2010 NA
2010 NA
2010 NA
2010 NA
2010 NA
2010 NA
2010 NA
2010 NA
2010 NA
2010 NA
2010 NA
2010 NA
2010 NA
2010 NA
2010 NA
2010 NA
2010 NA
2010 0
2010 NA
2010 NA
2010 NA
2010 NA
2010 NA
2010 NA
2010 NA
2010 NA
2010 NA
2010 NA
2010 NA
2010 NA
2010 NA
2010 NA
2010 NA
2010 NA
2010 NA
2010 NA
2010 NA
2010 NA
2010 NA
2010 NA
2010 NA
2010 NA
2010 NA
2010 NA
2010 NA
2010 NA
2010 NA
2010 NA
2010 NA
2010 NA
2010 NA
2010 NA
2010 NA
2010 NA
2010 NA
2010 NA
2010 NA
2010 NA
2010 NA
2010 NA
2010 NA
2010 NA
2010 NA
2010 NA
2010 NA
2010 NA
2010 NA
2010 NA
2010 NA
2010 NA
2010 NA
2010 NA
2010 NA
2010 NA
2010 NA
2010 NA
2010 NA
2010 NA
2010 NA
2010 NA
2010 NA
2010 NA
2010 NA
2010 NA
2010 NA
2010 NA
2010 NA
2010 NA
2010 NA
2010 NA
2010 NA
2011 NA
2011 NA
2011 NA
2011 NA
2011 NA
2011 NA
2011 NA
2011 NA
2011 NA
2011 NA
2011 NA
2011 NA
2011 NA
2011 NA
2011 NA
2011 NA
2011 NA
2011 NA
2011 NA
2011 NA
2011 NA
2011 NA
2011 NA
2011 NA
2011 NA
2011 NA
2011 NA
2011 NA
2011 NA
2011 NA
2011 NA
2011 NA
2011 NA
2011 NA
2011 NA
2011 NA
2011 NA
2011 NA
2011 NA
2011 NA
2011 NA
2011 NA
2011 NA
2011 NA
2011 NA
2011 NA
2011 NA
2011 NA
2011 NA
2011 NA
2011 NA
2011 NA
2011 NA
2011 NA
2011 NA
2011 NA
2011 NA
2011 NA
2011 NA
2011 NA
2011 NA
2011 NA
2011 NA
2011 NA
2011 NA
2011 NA
2011 NA
2011 NA
2011 NA
2011 NA
2011 NA
2011 NA
2011 NA
2011 NA
2011 NA
2011 NA
2011 NA
2011 NA
2011 NA
2011 NA
2011 NA
2011 NA
2011 NA
2011 NA
2011 NA
2011 NA
2011 NA
2011 NA
2011 NA
2011 NA
2011 NA
2011 NA
2011 NA
2011 NA
2011 NA
2011 NA
2011 NA
2011 NA
2011 NA
2011 NA
2011 NA
2011 NA
2011 20
2011 NA
2011 NA
2011 NA
2011 NA
2011 NA
2011 NA
2011 NA
2011 NA
2011 NA
2011 NA
2011 NA
2011 NA
2011 NA
2011 NA
2011 40
2011 44
2011 42
2011 40
2011 30
2011 30
2011 30
2011 30
2011 30
2011 30
2011 25
2011 NA
2011 10
2011 NA
2011 NA
2011 NA
2011 37
2011 27
2011 27
2011 22
2011 22
2011 22
2011 25
2011 25
2011 25
2011 27
2011 28
2011 28
2011 28
2011 27
2011 27
2011 27
2011 27
2011 27
2011 28
2011 28
2011 28
2011 28
2011 28
2011 27
2011 27
2011 26
2011 26
2011 26
2011 26
2011 25
2011 25
2011 24
2011 24
2011 24
2011 27
2011 28
2011 28
2011 27
2011 27
2011 34
2011 38
2011 36
2011 39
2011 40
2011 40
2011 40
2011 62
2011 69
2011 69
2011 68
2011 67
2011 67
2011 66
2011 65
2011 65
2011 65
2011 63
2011 62
2011 62
2011 61
2011 58
2011 59
2011 59
2011 58
2011 68
2011 67
2011 71
2011 77
2011 77
2011 76
2011 75
2011 74
2011 72
2011 71
2011 69
2011 74
2011 73
2011 76
2011 73
2011 60
2011 58
2011 40
2011 NA
2011 NA
2011 NA
2011 NA
2011 NA
2011 NA
2011 NA
2011 NA
2011 NA
2011 NA
2011 NA
2011 NA
2011 NA
2011 NA
2011 NA
2011 NA
2011 NA
2011 NA
2011 NA
2011 NA
2011 NA
2011 NA
2011 NA
2011 NA
2011 NA
2011 NA
2011 NA
2011 NA
2011 NA
2011 NA
2011 NA
2011 NA
2011 NA
2011 NA
2011 NA
2011 NA
2011 NA
2011 NA
2011 NA
2011 NA
2011 NA
2011 NA
2011 NA
2011 NA
2011 NA
2011 NA
2011 NA
2011 NA
2011 NA
2011 NA
2011 NA
2011 NA
2011 NA
2011 NA
2011 NA
2011 NA
2011 NA
2011 NA
2011 NA
2011 NA
2011 NA
2011 NA
2011 NA
2011 NA
2011 NA
2011 NA
2011 NA
2011 NA
2011 NA
2011 NA
2011 NA
2011 NA
2011 NA
2011 NA
2011 NA
2011 NA
2011 NA
2011 NA
2011 NA
2011 NA
2011 NA
2011 NA
2011 NA
2011 NA
2011 NA
2011 NA
2011 NA
2011 NA
2011 NA
2011 NA
2011 NA
2011 NA
2011 NA
2011 NA
2011 NA
2011 NA
2011 NA
2011 NA
2011 NA
2011 NA
2011 NA
2011 NA
2011 NA
2011 NA
2011 NA
2011 NA
2011 NA
2011 NA
2011 NA
2011 NA
2011 NA
2011 NA
2011 NA
2011 NA
2011 NA
2011 NA
2011 NA
2011 NA
2011 NA
2011 NA
2011 NA
2011 NA
2011 0
2011 NA
2011 NA
2011 NA
2011 NA
2011 NA
2011 NA
2011 NA
2011 NA
2011 NA
2011 NA
2011 NA
2011 NA
2011 NA
2011 NA
2011 NA
2011 NA
2011 NA
2011 NA
2011 NA
2011 NA
2011 NA
2011 NA
2011 NA
2011 NA
2011 NA
2011 NA
2011 NA
2012 NA
2012 NA
2012 NA
2012 NA
2012 NA
2012 NA
2012 NA
2012 NA
2012 NA
2012 NA
2012 NA
2012 NA
2012 NA
2012 NA
2012 NA
2012 NA
2012 NA
2012 NA
2012 NA
2012 NA
2012 NA
2012 NA
2012 NA
2012 NA
2012 NA
2012 NA
2012 NA
2012 NA
2012 NA
2012 NA
2012 NA
2012 NA
2012 NA
2012 NA
2012 NA
2012 NA
2012 NA
2012 NA
2012 NA
2012 NA
2012 NA
2012 NA
2012 NA
2012 NA
2012 NA
2012 NA
2012 NA
2012 NA
2012 NA
2012 NA
2012 NA
2012 NA
2012 NA
2012 NA
2012 NA
2012 NA
2012 NA
2012 NA
2012 NA
2012 NA
2012 NA
2012 NA
2012 NA
2012 NA
2012 NA
2012 NA
2012 NA
2012 NA
2012 NA
2012 NA
2012 NA
2012 NA
2012 NA
2012 NA
2012 NA
2012 NA
2012 NA
2012 NA
2012 NA
2012 NA
2012 NA
2012 NA
2012 NA
2012 NA
2012 NA
2012 NA
2012 NA
2012 NA
2012 NA
2012 NA
2012 NA
2012 NA
2012 NA
2012 NA
2012 NA
2012 NA
2012 NA
2012 NA
2012 NA
2012 NA
2012 NA
2012 NA
2012 NA
2012 NA
2012 NA
2012 NA
2012 NA
2012 NA
2012 NA
2012 80
2012 95
2012 105
2012 100
2012 100
2012 106
2012 80
2012 80
2012 80
2012 80
2012 80
2012 95
2012 110
2012 100
2012 90
2012 112
2012 118
2012 123
2012 145
2012 139
2012 144
2012 120
2012 120
2012 120
2012 120
2012 120
2012 120
2012 120
2012 120
2012 120
2012 120
2012 120
2012 120
2012 150
2012 145
2012 140
2012 140
2012 140
2012 140
2012 140
2012 150
2012 150
2012 145
2012 150
2012 160
2012 165
2012 170
2012 163
2012 160
2012 160
2012 160
2012 157
2012 155
2012 155
2012 155
2012 155
2012 152
2012 150
2012 155
2012 158
2012 158
2012 157
2012 155
2012 157
2012 155
2012 155
2012 153
2012 150
2012 150
2012 147
2012 145
2012 145
2012 145
2012 140
2012 135
2012 130
2012 130
2012 140
2012 135
2012 135
2012 140
2012 140
2012 140
2012 140
2012 140
2012 135
2012 130
2012 130
2012 125
2012 NA
2012 120
2012 135
2012 135
2012 140
2012 140
2012 132
2012 130
2012 130
2012 125
2012 120
2012 120
2012 115
2012 115
2012 110
2012 110
2012 100
2012 100
2012 NA
2012 NA
2012 90
2012 85
2012 90
2012 90
2012 NA
2012 NA
2012 NA
2012 NA
2012 NA
2012 NA
2012 NA
2012 NA
2012 NA
2012 NA
2012 NA
2012 NA
2012 NA
2012 NA
2012 NA
2012 NA
2012 NA
2012 NA
2012 NA
2012 NA
2012 NA
2012 NA
2012 NA
2012 NA
2012 NA
2012 NA
2012 NA
2012 NA
2012 NA
2012 NA
2012 NA
2012 NA
2012 NA
2012 NA
2012 NA
2012 NA
2012 NA
2012 NA
2012 NA
2012 NA
2012 NA
2012 NA
2012 NA
2012 NA
2012 NA
2012 NA
2012 0
2012 NA
2012 NA
2012 NA
2012 NA
2012 NA
2012 NA
2012 NA
2012 NA
2012 NA
2012 NA
2012 NA
2012 NA
2012 NA
2012 NA
2012 NA
2012 NA
2012 NA
2012 NA
2012 NA
2012 NA
2012 NA
2012 NA
2012 NA
2012 NA
2012 NA
2012 NA
2012 NA
2012 NA
2012 NA
2012 NA
2012 NA
2012 NA
2012 NA
2012 NA
2012 NA
2012 NA
2012 NA
2012 NA
2012 NA
2012 NA
2012 NA
2012 NA
2012 NA
2012 NA
2012 NA
2012 NA
2012 NA
2012 NA
2012 NA
2012 NA
2012 NA
2012 NA
2012 NA
2012 NA
2012 NA
2012 NA
2012 NA
2012 NA
2012 NA
2012 NA
2012 NA
2012 NA
2012 NA
2012 NA
2012 NA
2012 NA
2012 NA
2012 NA
2012 NA
2012 NA
2012 NA
2012 NA
2012 NA
2012 NA
2012 NA
2012 NA
2012 NA
2012 NA
2012 NA
2012 NA
2012 NA
2012 NA
2012 NA
2012 NA
2012 NA
2012 NA
2012 NA
2012 NA
2012 NA
2012 NA
2012 NA
2012 NA
2012 NA
2012 NA
2012 NA
2012 NA
2012 NA
2013 NA
2013 NA
2013 NA
2013 NA
2013 NA
2013 NA
2013 NA
2013 NA
2013 NA
2013 NA
2013 NA
2013 NA
2013 NA
2013 NA
2013 NA
2013 NA
2013 NA
2013 NA
2013 NA
2013 NA
2013 NA
2013 NA
2013 NA
2013 NA
2013 NA
2013 NA
2013 NA
2013 NA
2013 NA
2013 NA
2013 NA
2013 NA
2013 NA
2013 NA
2013 NA
2013 NA
2013 NA
2013 NA
2013 NA
2013 NA
2013 NA
2013 NA
2013 NA
2013 NA
2013 NA
2013 NA
2013 NA
2013 NA
2013 NA
2013 NA
2013 NA
2013 NA
2013 NA
2013 NA
2013 NA
2013 NA
2013 NA
2013 NA
2013 NA
2013 NA
2013 NA
2013 NA
2013 NA
2013 NA
2013 NA
2013 NA
2013 NA
2013 NA
2013 NA
2013 NA
2013 NA
2013 NA
2013 NA
2013 NA
2013 NA
2013 NA
2013 NA
2013 NA
2013 NA
2013 NA
2013 NA
2013 NA
2013 NA
2013 NA
2013 NA
2013 NA
2013 NA
2013 NA
2013 NA
2013 NA
2013 NA
2013 NA
2013 NA
2013 NA
2013 NA
2013 NA
2013 NA
2013 NA
2013 NA
2013 NA
2013 NA
2013 NA
2013 NA
2013 NA
2013 NA
2013 NA
2013 80
2013 90
2013 95
2013 95
2013 80
2013 80
2013 75
2013 70
2013 70
2013 55
2013 55
2013 55
2013 60
2013 60
2013 55
2013 55
2013 50
2013 62
2013 62
2013 62
2013 60
2013 55
2013 55
2013 55
2013 52
2013 52
2013 65
2013 75
2013 75
2013 78
2013 80
2013 90
2013 90
2013 90
2013 90
2013 72
2013 88
2013 90
2013 85
2013 85
2013 85
2013 85
2013 85
2013 100
2013 100
2013 90
2013 85
2013 85
2013 95
2013 100
2013 105
2013 105
2013 115
2013 130
2013 130
2013 130
2013 130
2013 145
2013 160
2013 160
2013 160
2013 170
2013 165
2013 165
2013 165
2013 160
2013 160
2013 160
2013 160
2013 165
2013 195
2013 200
2013 190
2013 190
2013 185
2013 180
2013 180
2013 175
2013 170
2013 165
2013 160
2013 155
2013 145
2013 140
2013 135
2013 140
2013 142
2013 140
2013 140
2013 140
2013 140
2013 135
2013 165
2013 170
2013 170
2013 170
2013 160
2013 150
2013 157
2013 155
2013 155
2013 155
2013 150
2013 145
2013 155
2013 170
2013 165
2013 155
2013 155
2013 155
2013 155
2013 155
2013 150
2013 NA
2013 NA
2013 NA
2013 NA
2013 NA
2013 NA
2013 NA
2013 NA
2013 NA
2013 NA
2013 NA
2013 NA
2013 NA
2013 NA
2013 NA
2013 NA
2013 NA
2013 NA
2013 NA
2013 NA
2013 NA
2013 NA
2013 NA
2013 NA
2013 NA
2013 NA
2013 NA
2013 NA
2013 NA
2013 NA
2013 NA
2013 NA
2013 NA
2013 NA
2013 NA
2013 NA
2013 NA
2013 NA
2013 NA
2013 NA
2013 NA
2013 NA
2013 NA
2013 NA
2013 NA
2013 NA
2013 NA
2013 NA
2013 NA
2013 NA
2013 NA
2013 NA
2013 NA
2013 NA
2013 NA
2013 NA
2013 NA
2013 NA
2013 NA
2013 NA
2013 NA
2013 NA
2013 NA
2013 NA
2013 NA
2013 NA
2013 NA
2013 NA
2013 NA
2013 NA
2013 NA
2013 NA
2013 NA
2013 NA
2013 NA
2013 NA
2013 NA
2013 0
2013 NA
2013 NA
2013 NA
2013 NA
2013 NA
2013 NA
2013 NA
2013 NA
2013 NA
2013 NA
2013 NA
2013 NA
2013 NA
2013 NA
2013 NA
2013 NA
2013 NA
2013 NA
2013 NA
2013 NA
2013 NA
2013 NA
2013 NA
2013 NA
2013 NA
2013 NA
2013 NA
2013 NA
2013 NA
2013 NA
2013 NA
2013 NA
2013 NA
2013 NA
2013 NA
2013 NA
2013 NA
2013 NA
2013 NA
2013 NA
2013 NA
2013 NA
2013 NA
2013 NA
2013 NA
2013 NA
2013 NA
2013 NA
2013 NA
2013 NA
2013 NA
2013 NA
2013 NA
2013 NA
2013 NA
2013 NA
2013 NA
2013 NA
2013 NA
2013 NA
2013 NA
2013 NA
2013 NA
2013 NA
2013 NA
2013 NA
2013 NA
2013 NA
2014 NA
2014 NA
2014 NA
2014 NA
2014 NA
2014 NA
2014 NA
2014 NA
2014 NA
2014 NA
2014 NA
2014 NA
2014 NA
2014 NA
2014 NA
2014 NA
2014 NA
2014 NA
2014 NA
2014 NA
2014 NA
2014 NA
2014 NA
2014 NA
2014 NA
2014 NA
2014 NA
2014 NA
2014 NA
2014 NA
2014 NA
2014 NA
2014 NA
2014 NA
2014 NA
2014 NA
2014 NA
2014 NA
2014 NA
2014 NA
2014 NA
2014 NA
2014 NA
2014 NA
2014 NA
2014 NA
2014 NA
2014 NA
2014 NA
2014 NA
2014 NA
2014 NA
2014 NA
2014 NA
2014 NA
2014 NA
2014 NA
2014 NA
2014 NA
2014 NA
2014 NA
2014 NA
2014 NA
2014 NA
2014 NA
2014 NA
2014 NA
2014 NA
2014 NA
2014 NA
2014 NA
2014 NA
2014 NA
2014 NA
2014 NA
2014 NA
2014 NA
2014 NA
2014 NA
2014 NA
2014 NA
2014 NA
2014 NA
2014 NA
2014 NA
2014 NA
2014 NA
2014 NA
2014 NA
2014 NA
2014 NA
2014 NA
2014 NA
2014 NA
2014 NA
2014 NA
2014 NA
2014 NA
2014 NA
2014 NA
2014 NA
2014 NA
2014 NA
2014 NA
2014 NA
2014 30
2014 30
2014 25
2014 20
2014 20
2014 40
2014 35
2014 15
2014 15
2014 NA
2014 NA
2014 40
2014 50
2014 25
2014 25
2014 25
2014 25
2014 25
2014 20
2014 20
2014 20
2014 40
2014 35
2014 20
2014 15
2014 10
2014 8
2014 5
2014 NA
2014 NA
2014 27
2014 28
2014 25
2014 20
2014 20
2014 20
2014 35
2014 30
2014 30
2014 30
2014 45
2014 50
2014 50
2014 50
2014 50
2014 40
2014 46
2014 58
2014 40
2014 55
2014 50
2014 35
2014 30
2014 30
2014 30
2014 30
2014 30
2014 30
2014 40
2014 40
2014 20
2014 20
2014 15
2014 20
2014 30
2014 30
2014 30
2014 30
2014 34
2014 45
2014 47
2014 42
2014 42
2014 45
2014 80
2014 90
2014 105
2014 100
2014 105
2014 103
2014 100
2014 100
2014 100
2014 100
2014 90
2014 90
2014 85
2014 82
2014 80
2014 77
2014 75
2014 70
2014 70
2014 65
2014 60
2014 60
2014 55
2014 50
2014 70
2014 95
2014 95
2014 90
2014 90
2014 85
2014 80
2014 73
2014 68
2014 65
2014 60
2014 50
2014 45
2014 43
2014 40
2014 NA
2014 NA
2014 NA
2014 NA
2014 NA
2014 NA
2014 NA
2014 NA
2014 NA
2014 NA
2014 NA
2014 NA
2014 NA
2014 NA
2014 NA
2014 NA
2014 NA
2014 NA
2014 NA
2014 NA
2014 NA
2014 NA
2014 NA
2014 NA
2014 NA
2014 NA
2014 NA
2014 NA
2014 NA
2014 NA
2014 NA
2014 NA
2014 NA
2014 NA
2014 NA
2014 NA
2014 NA
2014 NA
2014 NA
2014 NA
2014 NA
2014 NA
2014 NA
2014 NA
2014 NA
2014 NA
2014 NA
2014 NA
2014 NA
2014 NA
2014 NA
2014 NA
2014 NA
2014 NA
2014 NA
2014 NA
2014 NA
2014 NA
2014 NA
2014 NA
2014 NA
2014 NA
2014 NA
2014 NA
2014 NA
2014 NA
2014 NA
2014 NA
2014 NA
2014 NA
2014 NA
2014 NA
2014 NA
2014 NA
2014 NA
2014 NA
2014 NA
2014 NA
2014 NA
2014 NA
2014 NA
2014 NA
2014 NA
2014 NA
2014 NA
2014 NA
2014 NA
2014 NA
2014 NA
2014 NA
2014 NA
2014 NA
2014 NA
2014 NA
2014 NA
2014 NA
2014 NA
2014 NA
2014 NA
2014 NA
2014 NA
2014 NA
2014 NA
2014 NA
2014 NA
2014 NA
2014 NA
2014 NA
2014 NA
2014 NA
2014 NA
2014 NA
2014 NA
2014 NA
2014 NA
2014 NA
2014 NA
2014 NA
2014 NA
2014 NA
2014 NA
2014 NA
2014 NA
2014 NA
2014 NA
2014 NA
2014 NA
2014 NA
2014 NA
2014 NA
2014 NA
2014 NA
2014 NA
2014 NA
2014 NA
2014 NA
2014 NA
2014 NA
2014 NA
2014 NA
2014 NA
2014 NA
2014 NA
2014 NA
2014 NA
2014 NA
2014 NA
2015 NA
2015 NA
2015 NA
2015 NA
2015 NA
2015 NA
2015 NA
2015 NA
2015 NA
2015 NA
2015 NA
2015 NA
2015 NA
2015 NA
2015 NA
2015 NA
2015 NA
2015 NA
2015 NA
2015 NA
2015 NA
2015 NA
2015 NA
2015 NA
2015 NA
2015 NA
2015 NA
2015 NA
2015 NA
2015 NA
2015 NA
2015 NA
2015 NA
2015 NA
2015 NA
2015 NA
2015 NA
2015 NA
2015 NA
2015 NA
2015 NA
2015 NA
2015 NA
2015 NA
2015 NA
2015 NA
2015 NA
2015 NA
2015 NA
2015 NA
2015 NA
2015 NA
2015 NA
2015 NA
2015 NA
2015 NA
2015 NA
2015 NA
2015 NA
2015 NA
2015 NA
2015 NA
2015 NA
2015 NA
2015 NA
2015 NA
2015 NA
2015 NA
2015 NA
2015 NA
2015 NA
2015 NA
2015 NA
2015 NA
2015 NA
2015 NA
2015 NA
2015 NA
2015 NA
2015 NA
2015 NA
2015 NA
2015 NA
2015 NA
2015 NA
2015 NA
2015 NA
2015 NA
2015 NA
2015 NA
2015 NA
2015 NA
2015 NA
2015 NA
2015 NA
2015 NA
2015 NA
2015 NA
2015 NA
2015 NA
2015 NA
2015 NA
2015 NA
2015 NA
2015 NA
2015 NA
2015 NA
2015 NA
2015 NA
2015 NA
2015 NA
2015 NA
2015 NA
2015 NA
2015 NA
2015 NA
2015 NA
2015 NA
2015 NA
2015 NA
2015 NA
2015 40
2015 40
2015 40
2015 35
2015 30
2015 30
2015 30
2015 25
2015 25
2015 25
2015 20
2015 20
2015 20
2015 20
2015 21
2015 15
2015 15
2015 40
2015 42
2015 40
2015 55
2015 50
2015 65
2015 45
2015 48
2015 58
2015 58
2015 68
2015 68
2015 78
2015 100
2015 107
2015 152
2015 169
2015 169
2015 180
2015 181
2015 183
2015 183
2015 183
2015 182
2015 170
2015 170
2015 170
2015 160
2015 167
2015 167
2015 182
2015 180
2015 178
2015 176
2015 170
2015 172
2015 207
2015 210
2015 222
2015 225
2015 223
2015 230
2015 248
2015 249
2015 230
2015 215
2015 207
2015 212
2015 200
2015 195
2015 192
2015 185
2015 182
2015 172
2015 162
2015 157
2015 155
2015 160
2015 160
2015 157
2015 154
2015 151
2015 145
2015 140
2015 144
2015 145
2015 144
2015 152
2015 159
2015 163
2015 160
2015 155
2015 150
2015 140
2015 140
2015 140
2015 140
2015 NA
2015 159
2015 158
2015 NA
2015 NA
2015 NA
2015 NA
2015 NA
2015 NA
2015 NA
2015 NA
2015 NA
2015 NA
2015 NA
2015 NA
2015 NA
2015 NA
2015 NA
2015 NA
2015 NA
2015 NA
2015 NA
2015 NA
2015 NA
2015 NA
2015 NA
2015 NA
2015 NA
2015 NA
2015 NA
2015 NA
2015 NA
2015 NA
2015 NA
2015 NA
2015 NA
2015 NA
2015 NA
2015 NA
2015 NA
2015 NA
2015 NA
2015 NA
2015 NA
2015 NA
2015 NA
2015 NA
2015 NA
2015 NA
2015 NA
2015 NA
2015 NA
2015 NA
2015 NA
2015 NA
2015 NA
2015 NA
2015 NA
2015 NA
2015 NA
2015 NA
2015 NA
2015 NA
2015 NA
2015 NA
2015 NA
2015 NA
2015 NA
2015 NA
2015 NA
2015 NA
2015 NA
2015 NA
2015 NA
2015 NA
2015 NA
2015 NA
2015 NA
2015 NA
2015 NA
2015 NA
2015 NA
2015 NA
2015 NA
2015 NA
2015 NA
2015 NA
2015 NA
2015 NA
2015 NA
2015 NA
2015 NA
2015 NA
2015 NA
2015 NA
2015 NA
2015 NA
2015 NA
2015 NA
2015 NA
2015 NA
2015 0
2015 NA
2015 NA
2015 NA
2015 NA
2015 NA
2015 NA
2015 NA
2015 NA
2015 NA
2015 NA
2015 NA
2015 NA
2015 NA
2015 NA
2015 NA
2015 NA
2015 NA
2015 NA
2015 NA
2015 NA
2015 NA
2015 NA
2015 NA
2015 NA
2015 NA
2015 NA
2015 NA
2015 NA
2015 NA
2015 NA
2015 NA
2015 NA
2015 NA
2015 NA
2015 NA
2015 NA
2015 NA
2015 NA
2015 NA
2015 NA
2015 NA
2015 NA
2015 NA
2015 NA
2015 NA
2015 NA
2015 NA
2015 NA
2016 NA
2016 NA
2016 NA
2016 NA
2016 NA
2016 NA
2016 NA
2016 NA
2016 NA
2016 NA
2016 NA
2016 NA
2016 NA
2016 NA
2016 NA
2016 NA
2016 NA
2016 NA
2016 NA
2016 NA
2016 NA
2016 NA
2016 NA
2016 NA
2016 NA
2016 NA
2016 NA
2016 NA
2016 NA
2016 NA
2016 NA
2016 NA
2016 NA
2016 NA
2016 NA
2016 NA
2016 NA
2016 NA
2016 NA
2016 NA
2016 NA
2016 NA
2016 NA
2016 NA
2016 NA
2016 NA
2016 NA
2016 NA
2016 NA
2016 NA
2016 NA
2016 NA
2016 NA
2016 NA
2016 NA
2016 NA
2016 NA
2016 NA
2016 NA
2016 NA
2016 NA
2016 NA
2016 NA
2016 NA
2016 NA
2016 NA
2016 NA
2016 NA
2016 NA
2016 NA
2016 NA
2016 NA
2016 NA
2016 NA
2016 NA
2016 NA
2016 NA
2016 NA
2016 NA
2016 NA
2016 NA
2016 NA
2016 NA
2016 NA
2016 NA
2016 NA
2016 NA
2016 NA
2016 NA
2016 NA
2016 NA
2016 NA
2016 NA
2016 NA
2016 NA
2016 NA
2016 NA
2016 NA
2016 NA
2016 NA
2016 NA
2016 NA
2016 NA
2016 NA
2016 39
2016 NA
2016 NA
2016 20
2016 17
2016 15
2016 15
2016 10
2016 10
2016 10
2016 9
2016 9
2016 9
2016 9
2016 8
2016 7
2016 7
2016 9
2016 10
2016 8
2016 20
2016 23
2016 25
2016 27
2016 31
2016 30
2016 30
2016 NA
2016 NA
2016 NA
2016 NA
2016 NA
2016 NA
2016 NA
2016 40
2016 40
2016 44
2016 45
2016 46
2016 46
2016 43
2016 40
2016 37
2016 34
2016 31
2016 28
2016 25
2016 22
2016 19
2016 15
2016 15
2016 17
2016 32
2016 33
2016 30
2016 25
2016 47
2016 45
2016 47
2016 48
2016 55
2016 57
2016 54
2016 59
2016 61
2016 63
2016 60
2016 62
2016 62
2016 55
2016 50
2016 53
2016 56
2016 59
2016 NA
2016 NA
2016 NA
2016 56
2016 58
2016 61
2016 87
2016 98
2016 145
2016 153
2016 154
2016 188
2016 200
2016 205
2016 205
2016 200
2016 195
2016 185
2016 175
2016 109
2016 90
2016 85
2016 84
2016 80
2016 80
2016 70
2016 67
2016 65
2016 65
2016 65
2016 62
2016 67
2016 60
2016 55
2016 50
2016 35
2016 30
2016 NA
2016 NA
2016 NA
2016 NA
2016 NA
2016 NA
2016 NA
2016 NA
2016 NA
2016 NA
2016 NA
2016 NA
2016 NA
2016 NA
2016 NA
2016 NA
2016 NA
2016 NA
2016 NA
2016 NA
2016 NA
2016 NA
2016 NA
2016 NA
2016 NA
2016 NA
2016 NA
2016 NA
2016 NA
2016 NA
2016 NA
2016 NA
2016 NA
2016 NA
2016 NA
2016 NA
2016 NA
2016 NA
2016 NA
2016 NA
2016 NA
2016 NA
2016 NA
2016 NA
2016 NA
2016 NA
2016 NA
2016 NA
2016 NA
2016 NA
2016 NA
2016 NA
2016 NA
2016 NA
2016 NA
2016 NA
2016 NA
2016 NA
2016 NA
2016 NA
2016 NA
2016 NA
2016 NA
2016 NA
2016 NA
2016 NA
2016 NA
2016 NA
2016 NA
2016 NA
2016 NA
2016 NA
2016 NA
2016 NA
2016 NA
2016 NA
2016 NA
2016 NA
2016 NA
2016 NA
2016 NA
2016 NA
2016 NA
2016 NA
2016 NA
2016 NA
2016 NA
2016 NA
2016 NA
2016 NA
2016 NA
2016 NA
2016 NA
2016 NA
2016 NA
2016 NA
2016 NA
2016 NA
2016 NA
2016 NA
2016 NA
2016 NA
2016 NA
2016 NA
2016 NA
2016 NA
2016 NA
2016 NA
2016 0
2016 NA
2016 NA
2016 NA
2016 NA
2016 NA
2016 NA
2016 NA
2016 NA
2016 NA
2016 NA
2016 NA
2016 NA
2016 NA
2016 NA
2016 NA
2016 NA
2016 NA
2016 NA
2016 NA
2016 NA
2016 NA
2016 NA
2016 NA
2016 NA
2016 NA
2016 NA
2016 NA
2016 NA
2016 NA
2016 NA
2016 NA
2016 NA
2016 NA
2016 NA
2016 NA
2016 NA
2016 NA
2016 NA
2016 NA
2016 NA
2016 NA
2016 NA
2017 NA
2017 NA
2017 NA
2017 NA
2017 NA
2017 NA
2017 NA
2017 NA
2017 NA
2017 NA
2017 NA
2017 NA
2017 NA
2017 NA
2017 NA
2017 NA
2017 NA
2017 NA
2017 NA
2017 NA
2017 NA
2017 NA
2017 NA
2017 NA
2017 NA
2017 NA
2017 NA
2017 NA
2017 NA
2017 NA
2017 NA
2017 NA
2017 NA
2017 NA
2017 NA
2017 NA
2017 NA
2017 NA
2017 NA
2017 NA
2017 NA
2017 NA
2017 NA
2017 NA
2017 NA
2017 NA
2017 NA
2017 NA
2017 NA
2017 NA
2017 NA
2017 NA
2017 NA
2017 NA
2017 NA
2017 NA
2017 NA
2017 NA
2017 NA
2017 NA
2017 NA
2017 NA
2017 NA
2017 NA
2017 NA
2017 NA
2017 NA
2017 NA
2017 NA
2017 NA
2017 NA
2017 NA
2017 NA
2017 NA
2017 NA
2017 NA
2017 NA
2017 NA
2017 NA
2017 NA
2017 NA
2017 NA
2017 NA
2017 NA
2017 NA
2017 NA
2017 NA
2017 NA
2017 NA
2017 NA
2017 NA
2017 NA
2017 NA
2017 NA
2017 NA
2017 NA
2017 NA
2017 NA
2017 NA
2017 NA
2017 NA
2017 NA
2017 NA
2017 NA
2017 NA
2017 NA
2017 NA
2017 NA
2017 NA
2017 NA
2017 NA
2017 NA
2017 NA
2017 NA
2017 NA
2017 NA
2017 NA
2017 NA
2017 NA
2017 NA
2017 NA
2017 NA
2017 NA
2017 NA
2017 NA
2017 NA
2017 NA
2017 NA
2017 NA
2017 NA
2017 NA
2017 NA
2017 NA
2017 7
2017 0
2017 40
2017 50
2017 50
2017 60
2017 61
2017 60
2017 60
2017 60
2017 55
2017 55
2017 55
2017 55
2017 55
2017 50
2017 40
2017 40
2017 35
2017 35
2017 35
2017 35
2017 45
2017 NA
2017 40
2017 85
2017 90
2017 90
2017 115
2017 125
2017 125
2017 125
2017 120
2017 103
2017 80
2017 65
2017 65
2017 65
2017 65
2017 65
2017 65
2017 60
2017 55
2017 56
2017 57
2017 56
2017 55
2017 57
2017 65
2017 69
2017 65
2017 70
2017 77
2017 87
2017 120
2017 120
2017 110
2017 100
2017 95
2017 92
2017 90
2017 85
2017 80
2017 80
2017 75
2017 70
2017 65
2017 60
2017 55
2017 50
2017 NA
2017 53
2017 45
2017 54
2017 50
2017 45
2017 40
2017 35
2017 NA
2017 NA
2017 NA
2017 NA
2017 NA
2017 NA
2017 NA
2017 NA
2017 NA
2017 NA
2017 NA
2017 NA
2017 NA
2017 NA
2017 NA
2017 NA
2017 NA
2017 NA
2017 NA
2017 NA
2017 NA
2017 NA
2017 NA
2017 NA
2017 NA
2017 NA
2017 NA
2017 NA
2017 NA
2017 NA
2017 NA
2017 NA
2017 NA
2017 NA
2017 NA
2017 NA
2017 NA
2017 NA
2017 NA
2017 NA
2017 NA
2017 NA
2017 NA
2017 NA
2017 NA
2017 NA
2017 NA
2017 NA
2017 NA
2017 NA
2017 NA
2017 NA
2017 NA
2017 NA
2017 NA
2017 NA
2017 NA
2017 NA
2017 NA
2017 NA
2017 NA
2017 NA
2017 NA
2017 NA
2017 NA
2017 NA
2017 NA
2017 NA
2017 NA
2017 NA
2017 NA
2017 NA
2017 NA
2017 NA
2017 NA
2017 NA
2017 NA
2017 NA
2017 NA
2017 NA
2017 NA
2017 NA
2017 NA
2017 NA
2017 NA
2017 NA
2017 NA
2017 NA
2017 NA
2017 NA
2017 NA
2017 NA
2017 NA
2017 NA
2017 NA
2017 NA
2017 NA
2017 NA
2017 NA
2017 NA
2017 NA
2017 NA
2017 NA
2017 NA
2017 NA
2017 NA
2017 NA
2017 NA
2017 NA
2017 NA
2017 NA
2017 NA
2017 NA
2017 NA
2017 NA
2017 NA
2017 NA
2017 NA
2017 NA
2017 NA
2017 NA
2017 NA
2017 NA
2017 NA
2017 NA
2017 NA
2017 NA
2017 NA
2017 NA
2017 NA
2017 NA
2017 NA
2017 NA
2017 NA
2017 NA
2017 NA
2017 NA
2017 NA
2017 NA
2017 NA
2017 NA
2017 NA
2017 NA
2017 NA
2017 NA
2017 NA
2017 NA
2017 NA
2017 NA
2017 NA
2017 NA
2017 NA
2017 NA
2017 NA
2018 NA
2018 NA
2018 NA
2018 NA
2018 NA
2018 NA
2018 NA
2018 NA
2018 NA
2018 NA
2018 NA
2018 NA
2018 NA
2018 NA
2018 NA
2018 NA
2018 NA
2018 NA
2018 NA
2018 NA
2018 NA
2018 NA
2018 NA
2018 NA
2018 NA
2018 NA
2018 NA
2018 NA
2018 NA
2018 NA
2018 NA
2018 NA
2018 NA
2018 NA
2018 NA
2018 NA
2018 NA
2018 NA
2018 NA
2018 NA
2018 NA
2018 NA
2018 NA
2018 NA
2018 NA
2018 NA
2018 NA
2018 NA
2018 NA
2018 NA
2018 NA
2018 NA
2018 NA
2018 NA
2018 NA
2018 NA
2018 NA
2018 NA
2018 NA
2018 NA
2018 NA
2018 NA
2018 NA
2018 NA
2018 NA
2018 NA
2018 NA
2018 NA
2018 NA
2018 NA
2018 NA
2018 NA
2018 NA
2018 NA
2018 NA
2018 NA
2018 NA
2018 NA
2018 NA
2018 NA
2018 NA
2018 NA
2018 NA
2018 NA
2018 NA
2018 NA
2018 NA
2018 NA
2018 NA
2018 NA
2018 NA
2018 NA
2018 NA
2018 NA
2018 NA
2018 NA
2018 NA
2018 NA
2018 NA
2018 NA
2018 NA
2018 NA
2018 NA
2018 NA
2018 NA
2018 NA
2018 NA
2018 NA
2018 80
2018 85
2018 85
2018 85
2018 83
2018 83
2018 83
2018 83
2018 68
2018 70
2018 100
2018 100
2018 110
2018 90
2018 115
2018 115
2018 100
2018 100
2018 95
2018 90
2018 90
2018 87
2018 95
2018 95
2018 98
2018 95
2018 92
2018 90
2018 87
2018 98
2018 100
2018 100
2018 105
2018 105
2018 110
2018 106
2018 102
2018 100
2018 102
2018 100
2018 140
2018 135
2018 122
2018 116
2018 115
2018 135
2018 140
2018 135
2018 135
2018 115
2018 110
2018 110
2018 110
2018 110
2018 115
2018 120
2018 NA
2018 130
2018 140
2018 140
2018 130
2018 124
2018 128
2018 128
2018 125
2018 125
2018 125
2018 125
2018 122
2018 120
2018 120
2018 120
2018 120
2018 122
2018 132
2018 143
2018 148
2018 143
2018 145
2018 152
2018 155
2018 150
2018 145
2018 125
2018 120
2018 121
2018 121
2018 122
2018 134
2018 145
2018 150
2018 145
2018 143
2018 141
2018 143
2018 139
2018 135
2018 139
2018 138
2018 138
2018 135
2018 135
2018 130
2018 149
2018 160
2018 151
2018 NA
2018 NA
2018 NA
2018 NA
2018 NA
2018 NA
2018 NA
2018 NA
2018 NA
2018 NA
2018 NA
2018 NA
2018 NA
2018 NA
2018 NA
2018 NA
2018 NA
2018 NA
2018 NA
2018 NA
2018 NA
2018 NA
2018 NA
2018 NA
2018 NA
2018 NA
2018 NA
2018 NA
2018 NA
2018 NA
2018 NA
2018 NA
2018 NA
2018 NA
2018 NA
2018 NA
2018 NA
2018 NA
2018 NA
2018 NA
2018 NA
2018 NA
2018 NA
2018 NA
2018 NA
2018 NA
2018 NA
2018 NA
2018 NA
2018 NA
2018 NA
2018 NA
2018 NA
2018 NA
2018 NA
2018 NA
2018 NA
2018 NA
2018 NA
2018 NA
2018 NA
2018 NA
2018 NA
2018 NA
2018 NA
2018 NA
2018 NA
2018 NA
2018 NA
2018 NA
2018 NA
2018 NA
2018 NA
2018 NA
2018 NA
2018 NA
2018 NA
2018 NA
2018 NA
2018 NA
2018 NA
2018 NA
2018 NA
2018 NA
2018 NA
2018 NA
2018 NA
2018 NA
2018 NA
2018 NA
2018 NA
2018 NA
2018 NA
2018 NA
2018 NA
2018 NA
2018 NA
2018 NA
2018 NA
2018 NA
2018 NA
2018 NA
2018 NA
2018 NA
2018 NA
2018 NA
2018 NA
2018 NA
2018 NA
2018 NA
2018 NA
2018 NA
2018 NA
2018 NA
2018 NA
2018 NA
2018 NA
2018 NA
2018 NA
2018 NA
2018 NA
2018 NA
2018 NA
2018 NA
2018 NA
2018 NA
2018 NA
2018 NA
2018 NA
2018 NA
2018 NA
2018 NA
2018 NA
2018 NA
2018 NA
2018 NA
2018 NA
2018 NA
2018 NA
2018 NA
2018 NA
2018 NA
2018 NA
2018 NA
2018 NA
2018 NA
2018 NA
2018 NA
2018 NA
2018 NA
2018 NA
2019 NA
2019 NA
2019 NA
2019 NA
2019 NA
2019 NA
2019 NA
2019 NA
2019 NA
2019 NA
2019 NA
2019 NA
2019 NA
2019 NA
2019 NA
2019 NA
2019 NA
2019 NA
2019 NA
2019 NA
2019 NA
2019 NA
2019 NA
2019 NA
2019 NA
2019 NA
2019 NA
2019 NA
2019 NA
2019 NA
2019 NA
2019 NA
2019 NA
2019 NA
2019 NA
2019 NA
2019 NA
2019 NA
2019 NA
2019 NA
2019 NA
2019 NA
2019 NA
2019 NA
2019 NA
2019 NA
2019 NA
2019 NA
2019 NA
2019 NA
2019 NA
2019 NA
2019 NA
2019 NA
2019 NA
2019 NA
2019 NA
2019 NA
2019 NA
2019 NA
2019 NA
2019 NA
2019 NA
2019 NA
2019 NA
2019 NA
2019 NA
2019 NA
2019 NA
2019 NA
2019 NA
2019 NA
2019 NA
2019 NA
2019 NA
2019 NA
2019 NA
2019 NA
2019 NA
2019 NA
2019 NA
2019 NA
2019 NA
2019 NA
2019 NA
2019 NA
2019 NA
2019 NA
2019 NA
2019 NA
2019 NA
2019 NA
2019 NA
2019 NA
2019 NA
2019 NA
2019 NA
2019 NA
2019 NA
2019 NA
2019 NA
2019 NA
2019 NA
2019 NA
2019 NA
2019 NA
2019 NA
2019 NA
2019 NA
2019 NA
2019 NA
2019 NA
2019 25
2019 25
2019 20
2019 20
2019 20
2019 20
2019 15
2019 15
2019 15
2019 10
2019 10
2019 10
2019 10
2019 10
2019 10
2019 10
2019 10
2019 10
2019 15
2019 23
2019 43
2019 43
2019 50
2019 55
2019 60
2019 60
2019 60
2019 70
2019 70
2019 70
2019 70
2019 70
2019 75
2019 82
2019 80
2019 80
2019 75
2019 99
2019 104
2019 114
2019 117
2019 127
2019 162
2019 202
2019 219
2019 219
2019 214
2019 214
2019 219
2019 214
2019 209
2019 221
2019 222
2019 215
2019 210
2019 205
2019 200
2019 195
2019 190
2019 185
2019 180
2019 175
2019 170
2019 165
2019 160
2019 155
2019 150
2019 145
2019 140
2019 135
2019 137
2019 139
2019 129
2019 130
2019 120
2019 127
2019 127
2019 125
2019 115
2019 117
2019 117
2019 122
2019 130
2019 163
2019 163
2019 160
2019 135
2019 135
2019 132
2019 125
2019 120
2019 115
2019 110
2019 105
2019 105
2019 105
2019 100
2019 95
2019 90
2019 85
2019 80
2019 80
2019 75
2019 115
2019 116
2019 116
2019 119
2019 NA
2019 NA
2019 NA
2019 NA
2019 NA
2019 NA
2019 NA
2019 NA
2019 NA
2019 NA
2019 NA
2019 NA
2019 NA
2019 NA
2019 NA
2019 NA
2019 NA
2019 NA
2019 NA
2019 NA
2019 NA
2019 NA
2019 NA
2019 NA
2019 NA
2019 NA
2019 NA
2019 NA
2019 NA
2019 NA
2019 NA
2019 NA
2019 NA
2019 NA
2019 NA
2019 NA
2019 NA
2019 NA
2019 NA
2019 NA
2019 NA
2019 NA
2019 NA
2019 NA
2019 NA
2019 NA
2019 NA
2019 NA
2019 NA
2019 NA
2019 NA
2019 NA
2019 NA
2019 NA
2019 NA
2019 NA
2019 NA
2019 NA
2019 NA
2019 NA
2019 NA
2019 NA
2019 NA
2019 NA
2019 NA
2019 NA
2019 NA
2019 NA
2019 NA
2019 NA
2019 NA
2019 NA
2019 NA
2019 NA
2019 NA
2019 NA
2019 NA
2019 NA
2019 NA
2019 NA
2019 NA
2019 NA
2019 NA
2019 NA
2019 NA
2019 NA
2019 NA
2019 NA
2019 NA
2019 NA
2019 NA
2019 NA
2019 NA
2019 NA
2019 NA
2019 NA
2019 NA
2019 NA
2019 NA
2019 NA
2019 NA
2019 NA
2019 NA
2019 NA
2019 NA
2019 NA
2019 NA
2019 NA
2019 NA
2019 NA
2019 NA
2019 NA
2019 NA
2019 NA
2019 NA
2019 NA
2019 NA
2019 NA
2019 NA
2019 NA
2019 NA
2019 NA
2019 NA
2019 NA
2019 NA
2019 NA
2019 NA
2019 NA
2019 NA
2019 NA
2019 NA
2019 NA
2019 NA
2019 NA
2019 NA
2019 NA
2019 NA
2019 NA
2019 NA
2019 NA
2019 NA
2019 NA
2019 NA
2019 NA
2019 NA
2019 NA
