1989 0
1989 0
1989 0
1989 0
1989 0
1989 0
1989 0
1989 0
1989 0
1989 0
1989 0
1989 0
1989 0
1989 0
1989 0
1989 0
1989 0
1989 0
1989 0
1989 0
1989 0
1989 0
1989 0
1989 0
1989 0
1989 0
1989 0
1989 0
1989 0
1989 0
1989 0
1989 0
1989 0
1989 0
1989 0
1989 0
1989 0
1989 0
1989 0
1989 0
1989 0
1989 0
1989 0
1989 0
1989 0
1989 0
1989 0
1989 0
1989 0
1989 0
1989 0
1989 0
1989 0
1989 0
1989 0
1989 0
1989 0
1989 0
1989 0
1989 0
1989 0
1989 0
1989 0
1989 0
1989 0
1989 0
1989 0
1989 0
1989 0
1989 0
1989 0
1989 0
1989 0
1989 0
1989 0
1989 0
1989 0
1989 0
1989 0
1989 0
1989 4
1989 16
1989 8
1989 9
1989 10
1989 8
1989 7
1989 10
1989 6
1989 8
1989 7
1989 6
1989 7
1989 20
1989 18
1989 13
1989 12
1989 12
1989 12
1989 11
1989 11
1989 8
1989 8
1989 9
1989 8
1989 6
1989 6
1989 6
1989 10
1989 10
1989 9
1989 9
1989 7
1989 6
1989 5
1989 4
1989 5
1989 6
1989 2
1989 1
1989 2
1989 2
1989 0
1989 0
1989 0
1989 0
1989 0
1989 0
1989 NA
1989 NA
1989 0
1989 0
1989 0
1989 0
1989 0
1989 0
1989 0
1989 0
1989 0
1989 0
1989 0
1989 0
1989 0
1989 0
1989 0
1989 0
1989 0
1989 0
1989 0
1989 0
1989 0
1989 0
1989 0
1989 0
1989 0
1989 0
1989 0
1989 0
1989 0
1989 0
1989 0
1989 0
1989 0
1989 0
1989 0
1989 0
1989 0
1989 0
1989 0
1989 0
1989 0
1989 0
1989 0
1989 0
1989 0
1989 1
1989 8
1989 27
1989 64
1989 65
1989 63
1989 63
1989 61
1989 65
1989 61
1989 59
1989 59
1989 57
1989 57
1989 57
1989 55
1989 55
1989 51
1989 49
1989 49
1989 48
1989 47
1989 45
1989 42
1989 41
1989 40
1989 37
1989 33
1989 32
1989 32
1989 29
1989 26
1989 22
1989 19
1989 16
1989 10
1989 4
1989 0
1989 0
1989 0
1989 1
1989 6
1989 14
1989 14
1989 10
1989 5
1989 0
1989 0
1989 0
1989 0
1989 0
1989 0
1989 4
1989 9
1989 13
1989 14
1989 13
1989 12
1989 16
1989 13
1989 7
1989 1
1989 0
1989 0
1989 0
1989 0
1989 0
1989 0
1989 0
1989 0
1989 0
1989 0
1989 0
1989 0
1989 0
1989 0
1989 0
1989 0
1989 0
1989 0
1989 0
1989 0
1989 0
1989 0
1989 0
1989 0
1989 0
1989 0
1989 0
1989 0
1989 0
1989 0
1989 0
1989 0
1989 0
1989 0
1989 0
1989 0
1989 0
1989 0
1989 0
1989 0
1989 0
1989 0
1989 0
1989 0
1989 0
1989 0
1989 0
1989 0
1989 0
1989 0
1989 0
1989 0
1989 0
1989 0
1989 0
1989 0
1989 0
1989 0
1989 0
1989 0
1989 0
1989 0
1989 0
1989 0
1989 0
1989 0
1989 0
1989 0
1989 0
1989 0
1989 0
1989 0
1989 0
1989 0
1989 0
1989 0
1989 0
1989 0
1989 0
1989 0
1989 0
1989 0
1989 0
1989 0
1989 0
1989 0
1989 0
1989 0
1989 0
1989 0
1989 0
1989 0
1989 0
1989 0
1989 0
1989 0
1989 0
1989 0
1989 0
1989 0
1989 0
1989 0
1989 0
1989 0
1989 0
1989 0
1989 0
1989 0
1989 0
1989 0
1989 0
1989 0
1989 0
1989 0
1989 0
1989 0
1989 0
1989 0
1989 0
1989 0
1989 0
1989 0
1989 0
1989 0
1989 0
1989 0
1989 0
1989 0
1990 0
1990 0
1990 0
1990 0
1990 0
1990 0
1990 0
1990 0
1990 0
1990 0
1990 0
1990 0
1990 0
1990 0
1990 0
1990 0
1990 0
1990 0
1990 0
1990 0
1990 0
1990 0
1990 0
1990 0
1990 0
1990 0
1990 0
1990 0
1990 0
1990 0
1990 0
1990 0
1990 0
1990 0
1990 0
1990 0
1990 0
1990 0
1990 0
1990 0
1990 0
1990 0
1990 0
1990 0
1990 0
1990 0
1990 0
1990 0
1990 0
1990 0
1990 0
1990 0
1990 0
1990 0
1990 0
1990 0
1990 0
1990 0
1990 0
1990 0
1990 0
1990 0
1990 0
1990 0
1990 1
1990 11
1990 16
1990 21
1990 19
1990 19
1990 19
1990 18
1990 18
1990 19
1990 18
1990 17
1990 17
1990 18
1990 18
1990 18
1990 17
1990 17
1990 13
1990 11
1990 10
1990 10
1990 10
1990 11
1990 11
1990 11
1990 11
1990 11
1990 11
1990 11
1990 9
1990 9
1990 7
1990 7
1990 7
1990 7
1990 7
1990 7
1990 9
1990 10
1990 8
1990 5
1990 1
1990 0
1990 0
1990 0
1990 0
1990 0
1990 0
1990 0
1990 0
1990 0
1990 0
1990 0
1990 0
1990 0
1990 0
1990 0
1990 0
1990 0
1990 0
1990 0
1990 0
1990 0
1990 0
1990 0
1990 0
1990 0
1990 0
1990 0
1990 0
1990 0
1990 0
1990 0
1990 0
1990 0
1990 0
1990 0
1990 0
1990 0
1990 0
1990 0
1990 0
1990 0
1990 0
1990 9
1990 11
1990 11
1990 9
1990 3
1990 0
1990 0
1990 0
1990 0
1990 0
1990 0
1990 0
1990 0
1990 0
1990 4
1990 13
1990 12
1990 12
1990 6
1990 0
1990 0
1990 0
1990 0
1990 0
1990 0
1990 0
1990 0
1990 0
1990 0
1990 0
1990 0
1990 0
1990 0
1990 0
1990 0
1990 0
1990 0
1990 0
1990 0
1990 0
1990 0
1990 0
1990 0
1990 0
1990 0
1990 0
1990 0
1990 0
1990 0
1990 0
1990 0
1990 0
1990 0
1990 0
1990 0
1990 0
1990 3
1990 28
1990 35
1990 31
1990 30
1990 25
1990 19
1990 12
1990 6
1990 5
1990 7
1990 7
1990 7
1990 8
1990 8
1990 16
1990 13
1990 5
1990 5
1990 5
1990 8
1990 12
1990 14
1990 9
1990 8
1990 10
1990 15
1990 16
1990 15
1990 25
1990 24
1990 20
1990 16
1990 11
1990 7
1990 6
1990 5
1990 2
1990 0
1990 0
1990 0
1990 0
1990 0
1990 0
1990 0
1990 0
1990 0
1990 0
1990 0
1990 0
1990 0
1990 0
1990 0
1990 0
1990 0
1990 0
1990 0
1990 0
1990 0
1990 0
1990 0
1990 0
1990 0
1990 0
1990 0
1990 0
1990 0
1990 0
1990 0
1990 0
1990 0
1990 0
1990 0
1990 0
1990 0
1990 0
1990 0
1990 0
1990 0
1990 0
1990 0
1990 0
1990 0
1990 0
1990 0
1990 0
1990 0
1990 0
1990 0
1990 0
1990 0
1990 0
1990 0
1990 0
1990 0
1990 0
1990 0
1990 0
1990 0
1990 0
1990 0
1990 0
1990 0
1990 0
1990 0
1990 0
1990 0
1990 0
1990 0
1990 0
1990 0
1990 0
1990 0
1990 0
1990 0
1990 0
1990 0
1990 0
1990 0
1990 0
1990 0
1990 0
1990 0
1990 0
1990 0
1990 0
1990 0
1990 0
1990 0
1990 0
1990 0
1990 0
1990 0
1990 0
1990 0
1990 0
1990 0
1990 0
1990 0
1990 0
1990 0
1990 0
1990 0
1990 0
1990 0
1990 0
1990 0
1990 0
1990 0
1990 0
1990 0
1990 0
1990 0
1990 0
1990 0
1990 0
1990 0
1990 0
1990 0
1990 0
1991 0
1991 0
1991 0
1991 0
1991 0
1991 0
1991 0
1991 0
1991 0
1991 0
1991 0
1991 0
1991 0
1991 0
1991 0
1991 0
1991 0
1991 0
1991 0
1991 0
1991 0
1991 0
1991 0
1991 0
1991 0
1991 0
1991 0
1991 0
1991 0
1991 0
1991 0
1991 0
1991 0
1991 0
1991 0
1991 0
1991 0
1991 0
1991 0
1991 0
1991 0
1991 0
1991 0
1991 0
1991 0
1991 0
1991 0
1991 0
1991 0
1991 0
1991 0
1991 0
1991 0
1991 0
1991 0
1991 NA
1991 NA
1991 NA
1991 NA
1991 0
1991 0
1991 0
1991 0
1991 10
1991 10
1991 13
1991 13
1991 12
1991 12
1991 12
1991 12
1991 12
1991 11
1991 9
1991 9
1991 9
1991 9
1991 6
1991 5
1991 4
1991 4
1991 0
1991 0
1991 0
1991 0
1991 5
1991 7
1991 11
1991 15
1991 13
1991 12
1991 7
1991 7
1991 8
1991 7
1991 6
1991 1
1991 0
1991 0
1991 8
1991 12
1991 15
1991 15
1991 13
1991 11
1991 10
1991 10
1991 11
1991 13
1991 12
1991 12
1991 13
1991 13
1991 13
1991 13
1991 14
1991 21
1991 21
1991 20
1991 20
1991 19
1991 19
1991 16
1991 16
1991 15
1991 16
1991 18
1991 17
1991 17
1991 17
1991 17
1991 17
1991 17
1991 18
1991 22
1991 35
1991 38
1991 36
1991 37
1991 36
1991 36
1991 36
1991 36
1991 36
1991 35
1991 35
1991 35
1991 35
1991 35
1991 35
1991 34
1991 34
1991 35
1991 35
1991 35
1991 35
1991 35
1991 37
1991 45
1991 38
1991 50
1991 49
1991 71
1991 79
1991 77
1991 75
1991 74
1991 73
1991 73
1991 72
1991 72
1991 71
1991 71
1991 70
1991 70
1991 68
1991 66
1991 63
1991 63
1991 62
1991 62
1991 61
1991 60
1991 60
1991 57
1991 54
1991 55
1991 52
1991 42
1991 31
1991 31
1991 30
1991 25
1991 21
1991 20
1991 17
1991 13
1991 10
1991 8
1991 3
1991 2
1991 4
1991 NA
1991 7
1991 7
1991 6
1991 6
1991 6
1991 10
1991 11
1991 11
1991 8
1991 7
1991 2
1991 0
1991 0
1991 16
1991 14
1991 11
1991 8
1991 1
1991 0
1991 0
1991 0
1991 0
1991 0
1991 0
1991 0
1991 8
1991 14
1991 11
1991 8
1991 NA
1991 10
1991 19
1991 25
1991 18
1991 16
1991 16
1991 15
1991 12
1991 9
1991 3
1991 0
1991 2
1991 17
1991 21
1991 29
1991 27
1991 20
1991 21
1991 22
1991 20
1991 13
1991 7
1991 0
1991 0
1991 0
1991 0
1991 0
1991 0
1991 0
1991 0
1991 0
1991 0
1991 0
1991 0
1991 0
1991 0
1991 0
1991 0
1991 0
1991 0
1991 0
1991 0
1991 0
1991 0
1991 0
1991 0
1991 0
1991 0
1991 0
1991 0
1991 0
1991 0
1991 0
1991 0
1991 0
1991 0
1991 0
1991 0
1991 0
1991 0
1991 0
1991 0
1991 0
1991 0
1991 0
1991 0
1991 0
1991 0
1991 0
1991 0
1991 0
1991 0
1991 0
1991 0
1991 0
1991 0
1991 0
1991 0
1991 0
1991 0
1991 0
1991 0
1991 0
1991 0
1991 0
1991 0
1991 0
1991 0
1991 0
1991 0
1991 0
1991 0
1991 0
1991 0
1991 0
1991 0
1991 0
1991 0
1991 0
1991 0
1991 NA
1991 0
1991 0
1991 0
1991 0
1991 0
1991 0
1991 0
1991 0
1991 0
1991 0
1991 0
1991 0
1991 0
1991 0
1991 0
1991 0
1991 0
1991 0
1991 0
1991 0
1991 0
1991 0
1991 0
1991 0
1991 0
1991 0
1991 0
1991 0
1991 0
1991 0
1991 0
1992 0
1992 0
1992 0
1992 0
1992 0
1992 0
1992 0
1992 0
1992 0
1992 0
1992 0
1992 0
1992 0
1992 0
1992 0
1992 0
1992 0
1992 0
1992 0
1992 0
1992 0
1992 0
1992 0
1992 0
1992 0
1992 0
1992 0
1992 0
1992 0
1992 0
1992 0
1992 0
1992 0
1992 0
1992 0
1992 0
1992 0
1992 0
1992 0
1992 0
1992 0
1992 0
1992 0
1992 0
1992 0
1992 0
1992 0
1992 0
1992 0
1992 0
1992 0
1992 0
1992 0
1992 0
1992 0
1992 0
1992 0
1992 0
1992 0
1992 0
1992 0
1992 0
1992 0
1992 0
1992 0
1992 0
1992 0
1992 0
1992 0
1992 0
1992 0
1992 0
1992 0
1992 0
1992 1
1992 10
1992 20
1992 16
1992 14
1992 15
1992 12
1992 15
1992 22
1992 23
1992 23
1992 19
1992 18
1992 19
1992 18
1992 18
1992 18
1992 18
1992 18
1992 19
1992 18
1992 17
1992 17
1992 17
1992 18
1992 18
1992 18
1992 18
1992 17
1992 16
1992 17
1992 18
1992 17
1992 18
1992 18
1992 17
1992 17
1992 16
1992 14
1992 9
1992 10
1992 12
1992 NA
1992 13
1992 11
1992 11
1992 10
1992 9
1992 10
1992 8
1992 8
1992 8
1992 8
1992 9
1992 10
1992 11
1992 11
1992 NA
1992 NA
1992 NA
1992 NA
1992 23
1992 22
1992 22
1992 20
1992 20
1992 20
1992 21
1992 22
1992 23
1992 26
1992 28
1992 29
1992 28
1992 27
1992 27
1992 26
1992 24
1992 25
1992 24
1992 25
1992 24
1992 24
1992 24
1992 24
1992 24
1992 23
1992 23
1992 26
1992 24
1992 23
1992 24
1992 28
1992 27
1992 26
1992 22
1992 22
1992 21
1992 22
1992 22
1992 21
1992 20
1992 20
1992 21
1992 21
1992 20
1992 20
1992 19
1992 18
1992 17
1992 17
1992 13
1992 10
1992 7
1992 5
1992 7
1992 8
1992 7
1992 7
1992 7
1992 6
1992 3
1992 0
1992 0
1992 0
1992 0
1992 0
1992 0
1992 0
1992 0
1992 0
1992 16
1992 22
1992 21
1992 23
1992 22
1992 20
1992 23
1992 35
1992 48
1992 61
1992 59
1992 49
1992 46
1992 51
1992 51
1992 50
1992 49
1992 47
1992 44
1992 43
1992 42
1992 42
1992 44
1992 54
1992 52
1992 49
1992 46
1992 41
1992 37
1992 35
1992 33
1992 29
1992 21
1992 12
1992 2
1992 0
1992 0
1992 0
1992 0
1992 0
1992 0
1992 0
1992 0
1992 0
1992 0
1992 0
1992 0
1992 0
1992 0
1992 0
1992 0
1992 0
1992 0
1992 0
1992 0
1992 0
1992 0
1992 0
1992 0
1992 0
1992 0
1992 0
1992 0
1992 0
1992 0
1992 0
1992 0
1992 0
1992 0
1992 0
1992 0
1992 0
1992 0
1992 0
1992 0
1992 0
1992 0
1992 0
1992 0
1992 0
1992 0
1992 0
1992 0
1992 0
1992 0
1992 0
1992 0
1992 0
1992 0
1992 0
1992 0
1992 0
1992 0
1992 0
1992 0
1992 0
1992 0
1992 0
1992 0
1992 0
1992 0
1992 0
1992 0
1992 0
1992 0
1992 0
1992 0
1992 0
1992 0
1992 0
1992 0
1992 0
1992 0
1992 0
1992 0
1992 0
1992 0
1992 0
1992 0
1992 0
1992 0
1992 0
1992 0
1992 0
1992 0
1992 0
1992 0
1992 0
1992 0
1992 0
1992 0
1992 0
1992 0
1992 0
1992 0
1992 0
1992 0
1992 0
1992 0
1992 0
1992 0
1992 0
1992 0
1992 0
1992 0
1992 0
1992 0
1992 0
1992 0
1992 0
1992 0
1992 0
1992 0
1992 0
1992 0
1992 0
1992 0
1992 0
1992 0
1992 0
1992 0
1993 0
1993 0
1993 0
1993 0
1993 0
1993 0
1993 0
1993 0
1993 0
1993 0
1993 0
1993 0
1993 0
1993 0
1993 0
1993 0
1993 0
1993 0
1993 0
1993 0
1993 0
1993 0
1993 0
1993 0
1993 0
1993 0
1993 0
1993 0
1993 0
1993 0
1993 0
1993 0
1993 0
1993 0
1993 0
1993 0
1993 0
1993 0
1993 0
1993 0
1993 0
1993 0
1993 0
1993 0
1993 0
1993 0
1993 0
1993 0
1993 0
1993 0
1993 0
1993 0
1993 0
1993 0
1993 0
1993 0
1993 0
1993 0
1993 0
1993 0
1993 0
1993 0
1993 0
1993 0
1993 0
1993 0
1993 0
1993 0
1993 0
1993 0
1993 0
1993 0
1993 0
1993 0
1993 0
1993 0
1993 0
1993 3
1993 4
1993 2
1993 0
1993 0
1993 0
1993 0
1993 0
1993 0
1993 0
1993 0
1993 0
1993 0
1993 0
1993 0
1993 0
1993 0
1993 0
1993 0
1993 4
1993 3
1993 41
1993 51
1993 53
1993 49
1993 47
1993 43
1993 42
1993 41
1993 41
1993 40
1993 40
1993 40
1993 40
1993 41
1993 41
1993 41
1993 41
1993 40
1993 40
1993 39
1993 39
1993 39
1993 40
1993 40
1993 40
1993 40
1993 NA
1993 40
1993 40
1993 39
1993 38
1993 38
1993 38
1993 38
1993 38
1993 39
1993 38
1993 39
1993 38
1993 38
1993 37
1993 37
1993 37
1993 37
1993 37
1993 35
1993 34
1993 35
1993 34
1993 34
1993 34
1993 34
1993 33
1993 34
1993 33
1993 33
1993 33
1993 31
1993 32
1993 32
1993 32
1993 33
1993 34
1993 35
1993 35
1993 34
1993 34
1993 33
1993 34
1993 34
1993 35
1993 34
1993 34
1993 34
1993 32
1993 32
1993 32
1993 32
1993 32
1993 31
1993 32
1993 32
1993 33
1993 32
1993 37
1993 37
1993 38
1993 35
1993 34
1993 31
1993 30
1993 30
1993 30
1993 29
1993 29
1993 30
1993 31
1993 30
1993 28
1993 26
1993 20
1993 16
1993 13
1993 9
1993 7
1993 9
1993 8
1993 16
1993 5
1993 5
1993 5
1993 5
1993 5
1993 2
1993 0
1993 0
1993 0
1993 0
1993 0
1993 0
1993 0
1993 0
1993 0
1993 3
1993 12
1993 27
1993 23
1993 23
1993 22
1993 17
1993 16
1993 13
1993 8
1993 2
1993 0
1993 0
1993 0
1993 0
1993 0
1993 0
1993 0
1993 0
1993 0
1993 0
1993 0
1993 0
1993 0
1993 0
1993 0
1993 0
1993 0
1993 0
1993 0
1993 0
1993 0
1993 0
1993 0
1993 0
1993 0
1993 0
1993 0
1993 0
1993 0
1993 0
1993 0
1993 0
1993 0
1993 0
1993 0
1993 0
1993 0
1993 0
1993 0
1993 0
1993 0
1993 0
1993 0
1993 0
1993 0
1993 0
1993 0
1993 0
1993 0
1993 0
1993 0
1993 0
1993 0
1993 0
1993 0
1993 0
1993 0
1993 0
1993 0
1993 0
1993 0
1993 0
1993 0
1993 0
1993 0
1993 0
1993 0
1993 0
1993 0
1993 0
1993 0
1993 0
1993 0
1993 0
1993 0
1993 0
1993 0
1993 0
1993 0
1993 0
1993 0
1993 0
1993 0
1993 0
1993 0
1993 0
1993 0
1993 0
1993 0
1993 0
1993 0
1993 0
1993 0
1993 0
1993 0
1993 0
1993 0
1993 0
1993 0
1993 0
1993 0
1993 0
1993 0
1993 0
1993 0
1993 0
1993 0
1993 0
1993 0
1993 0
1993 0
1993 0
1993 0
1993 0
1993 0
1993 0
1993 0
1993 0
1993 0
1993 0
1993 0
1993 0
1993 0
1993 0
1993 0
1993 0
1993 0
1993 0
1993 0
1993 0
1993 0
1993 0
1993 0
1994 0
1994 0
1994 0
1994 0
1994 0
1994 0
1994 0
1994 0
1994 0
1994 0
1994 0
1994 0
1994 0
1994 0
1994 0
1994 0
1994 0
1994 0
1994 0
1994 0
1994 0
1994 0
1994 0
1994 0
1994 0
1994 0
1994 0
1994 0
1994 NA
1994 NA
1994 0
1994 0
1994 0
1994 0
1994 0
1994 0
1994 0
1994 0
1994 0
1994 0
1994 0
1994 0
1994 0
1994 0
1994 0
1994 0
1994 0
1994 0
1994 0
1994 0
1994 0
1994 0
1994 0
1994 NA
1994 NA
1994 NA
1994 NA
1994 NA
1994 NA
1994 NA
1994 NA
1994 NA
1994 NA
1994 0
1994 0
1994 0
1994 0
1994 0
1994 5
1994 3
1994 0
1994 0
1994 1
1994 12
1994 8
1994 7
1994 8
1994 6
1994 6
1994 6
1994 5
1994 8
1994 10
1994 11
1994 10
1994 10
1994 9
1994 7
1994 9
1994 7
1994 8
1994 9
1994 8
1994 7
1994 6
1994 6
1994 4
1994 7
1994 7
1994 7
1994 6
1994 6
1994 6
1994 7
1994 9
1994 9
1994 6
1994 8
1994 9
1994 10
1994 10
1994 9
1994 5
1994 5
1994 20
1994 27
1994 31
1994 22
1994 21
1994 21
1994 21
1994 22
1994 28
1994 21
1994 21
1994 25
1994 29
1994 41
1994 51
1994 43
1994 42
1994 40
1994 46
1994 53
1994 51
1994 49
1994 54
1994 53
1994 52
1994 51
1994 51
1994 51
1994 46
1994 46
1994 47
1994 46
1994 45
1994 44
1994 37
1994 38
1994 39
1994 37
1994 37
1994 38
1994 38
1994 38
1994 40
1994 44
1994 57
1994 70
1994 70
1994 69
1994 67
1994 66
1994 65
1994 66
1994 65
1994 65
1994 65
1994 65
1994 65
1994 64
1994 64
1994 65
1994 65
1994 66
1994 66
1994 65
1994 65
1994 65
1994 65
1994 63
1994 59
1994 57
1994 55
1994 53
1994 52
1994 50
1994 49
1994 47
1994 45
1994 42
1994 38
1994 35
1994 31
1994 28
1994 26
1994 24
1994 23
1994 23
1994 23
1994 20
1994 17
1994 13
1994 6
1994 1
1994 0
1994 0
1994 0
1994 0
1994 0
1994 0
1994 0
1994 0
1994 0
1994 0
1994 14
1994 11
1994 6
1994 5
1994 8
1994 9
1994 10
1994 9
1994 7
1994 1
1994 14
1994 11
1994 5
1994 0
1994 0
1994 0
1994 0
1994 0
1994 0
1994 0
1994 0
1994 0
1994 0
1994 0
1994 0
1994 0
1994 0
1994 0
1994 0
1994 0
1994 0
1994 0
1994 0
1994 0
1994 0
1994 0
1994 0
1994 0
1994 0
1994 0
1994 0
1994 0
1994 0
1994 0
1994 0
1994 0
1994 0
1994 0
1994 0
1994 0
1994 0
1994 0
1994 0
1994 0
1994 0
1994 0
1994 0
1994 0
1994 0
1994 0
1994 0
1994 0
1994 0
1994 0
1994 0
1994 0
1994 0
1994 0
1994 0
1994 0
1994 0
1994 0
1994 0
1994 0
1994 0
1994 0
1994 0
1994 0
1994 0
1994 0
1994 0
1994 0
1994 0
1994 0
1994 0
1994 0
1994 0
1994 0
1994 0
1994 0
1994 0
1994 0
1994 0
1994 0
1994 0
1994 0
1994 0
1994 0
1994 0
1994 0
1994 0
1994 0
1994 0
1994 0
1994 0
1994 0
1994 0
1994 0
1994 0
1994 0
1994 0
1994 0
1994 0
1994 0
1994 0
1994 0
1994 0
1994 0
1994 0
1994 0
1994 0
1994 0
1994 0
1994 0
1994 0
1994 0
1994 0
1994 0
1994 0
1994 0
1994 0
1994 0
1994 0
1994 0
1994 0
1994 0
1994 0
1994 0
1994 0
1994 0
1994 0
1994 0
1994 0
1994 0
1994 0
1994 0
1994 0
1994 0
1994 0
1995 0
1995 0
1995 0
1995 0
1995 0
1995 0
1995 0
1995 0
1995 0
1995 0
1995 0
1995 0
1995 0
1995 0
1995 0
1995 0
1995 0
1995 0
1995 0
1995 0
1995 0
1995 0
1995 0
1995 0
1995 0
1995 0
1995 0
1995 0
1995 0
1995 0
1995 0
1995 0
1995 0
1995 0
1995 0
1995 0
1995 0
1995 0
1995 0
1995 0
1995 0
1995 0
1995 0
1995 0
1995 0
1995 0
1995 0
1995 0
1995 0
1995 0
1995 0
1995 0
1995 0
1995 0
1995 0
1995 0
1995 0
1995 0
1995 0
1995 0
1995 0
1995 0
1995 0
1995 0
1995 0
1995 0
1995 0
1995 0
1995 0
1995 0
1995 0
1995 0
1995 0
1995 0
1995 0
1995 0
1995 0
1995 0
1995 0
1995 0
1995 0
1995 0
1995 0
1995 0
1995 0
1995 0
1995 0
1995 0
1995 0
1995 0
1995 0
1995 0
1995 0
1995 0
1995 0
1995 0
1995 0
1995 0
1995 0
1995 0
1995 0
1995 0
1995 0
1995 0
1995 0
1995 0
1995 0
1995 0
1995 0
1995 3
1995 26
1995 34
1995 31
1995 30
1995 30
1995 31
1995 29
1995 27
1995 27
1995 24
1995 25
1995 22
1995 21
1995 20
1995 20
1995 19
1995 18
1995 18
1995 18
1995 19
1995 19
1995 19
1995 19
1995 18
1995 18
1995 19
1995 18
1995 18
1995 17
1995 17
1995 29
1995 33
1995 37
1995 41
1995 37
1995 35
1995 34
1995 35
1995 34
1995 35
1995 34
1995 35
1995 34
1995 33
1995 31
1995 32
1995 31
1995 32
1995 32
1995 30
1995 28
1995 30
1995 30
1995 34
1995 38
1995 38
1995 42
1995 42
1995 41
1995 38
1995 42
1995 38
1995 37
1995 37
1995 37
1995 49
1995 53
1995 53
1995 57
1995 52
1995 49
1995 48
1995 54
1995 54
1995 62
1995 65
1995 68
1995 66
1995 64
1995 87
1995 85
1995 81
1995 80
1995 78
1995 77
1995 76
1995 77
1995 76
1995 76
1995 74
1995 68
1995 66
1995 65
1995 65
1995 63
1995 59
1995 57
1995 55
1995 53
1995 53
1995 52
1995 51
1995 49
1995 47
1995 44
1995 39
1995 34
1995 28
1995 21
1995 14
1995 12
1995 11
1995 9
1995 6
1995 4
1995 2
1995 0
1995 0
1995 0
1995 0
1995 0
1995 0
1995 0
1995 0
1995 0
1995 0
1995 4
1995 10
1995 3
1995 0
1995 0
1995 0
1995 0
1995 0
1995 0
1995 0
1995 0
1995 0
1995 0
1995 0
1995 0
1995 0
1995 0
1995 0
1995 0
1995 0
1995 0
1995 0
1995 0
1995 0
1995 0
1995 5
1995 0
1995 0
1995 0
1995 0
1995 0
1995 0
1995 0
1995 0
1995 0
1995 0
1995 0
1995 0
1995 0
1995 0
1995 0
1995 0
1995 0
1995 0
1995 0
1995 0
1995 0
1995 0
1995 0
1995 0
1995 0
1995 0
1995 0
1995 0
1995 0
1995 0
1995 0
1995 0
1995 0
1995 0
1995 0
1995 0
1995 0
1995 0
1995 0
1995 0
1995 0
1995 0
1995 0
1995 0
1995 0
1995 0
1995 0
1995 0
1995 0
1995 0
1995 0
1995 0
1995 0
1995 0
1995 0
1995 0
1995 0
1995 0
1995 0
1995 0
1995 0
1995 0
1995 0
1995 0
1995 0
1995 0
1995 0
1995 0
1995 0
1995 0
1995 0
1995 0
1995 0
1995 0
1995 0
1995 0
1995 0
1995 0
1995 0
1995 0
1995 0
1995 0
1995 0
1995 0
1995 0
1995 0
1995 0
1995 0
1995 0
1995 0
1995 0
1995 0
1995 0
1995 0
1995 0
1995 0
1995 0
1995 0
1995 0
1995 0
1995 0
1995 0
1995 0
1996 0
1996 0
1996 0
1996 0
1996 0
1996 0
1996 0
1996 0
1996 0
1996 0
1996 0
1996 0
1996 0
1996 0
1996 0
1996 0
1996 0
1996 0
1996 0
1996 0
1996 0
1996 0
1996 0
1996 0
1996 0
1996 0
1996 0
1996 0
1996 0
1996 0
1996 0
1996 0
1996 0
1996 0
1996 0
1996 0
1996 0
1996 0
1996 0
1996 0
1996 0
1996 0
1996 0
1996 0
1996 0
1996 0
1996 0
1996 0
1996 0
1996 0
1996 0
1996 0
1996 0
1996 0
1996 0
1996 0
1996 0
1996 0
1996 0
1996 0
1996 0
1996 0
1996 0
1996 0
1996 0
1996 0
1996 0
1996 0
1996 0
1996 0
1996 0
1996 0
1996 0
1996 0
1996 0
1996 0
1996 0
1996 0
1996 0
1996 0
1996 0
1996 0
1996 0
1996 0
1996 0
1996 0
1996 0
1996 0
1996 0
1996 0
1996 0
1996 0
1996 0
1996 0
1996 0
1996 0
1996 0
1996 4
1996 2
1996 0
1996 0
1996 0
1996 4
1996 6
1996 27
1996 35
1996 35
1996 30
1996 24
1996 30
1996 25
1996 22
1996 23
1996 16
1996 14
1996 12
1996 13
1996 17
1996 15
1996 14
1996 15
1996 31
1996 39
1996 37
1996 37
1996 37
1996 36
1996 42
1996 62
1996 64
1996 59
1996 57
1996 48
1996 45
1996 41
1996 40
1996 40
1996 40
1996 40
1996 39
1996 40
1996 40
1996 40
1996 41
1996 43
1996 55
1996 60
1996 63
1996 62
1996 64
1996 64
1996 63
1996 63
1996 62
1996 62
1996 65
1996 66
1996 69
1996 68
1996 68
1996 66
1996 62
1996 62
1996 62
1996 62
1996 67
1996 66
1996 66
1996 66
1996 64
1996 61
1996 69
1996 78
1996 78
1996 77
1996 76
1996 75
1996 75
1996 75
1996 74
1996 74
1996 73
1996 74
1996 71
1996 70
1996 70
1996 70
1996 71
1996 71
1996 71
1996 70
1996 70
1996 71
1996 73
1996 74
1996 72
1996 71
1996 71
1996 73
1996 69
1996 67
1996 69
1996 68
1996 65
1996 64
1996 60
1996 56
1996 56
1996 53
1996 50
1996 48
1996 51
1996 52
1996 56
1996 76
1996 83
1996 87
1996 83
1996 74
1996 69
1996 65
1996 59
1996 58
1996 56
1996 55
1996 52
1996 50
1996 48
1996 46
1996 43
1996 40
1996 34
1996 29
1996 23
1996 16
1996 7
1996 1
1996 0
1996 0
1996 0
1996 0
1996 0
1996 0
1996 0
1996 0
1996 3
1996 3
1996 0
1996 0
1996 0
1996 1
1996 0
1996 0
1996 0
1996 0
1996 0
1996 0
1996 0
1996 0
1996 0
1996 0
1996 0
1996 0
1996 0
1996 0
1996 0
1996 0
1996 0
1996 0
1996 0
1996 0
1996 0
1996 0
1996 0
1996 0
1996 0
1996 0
1996 0
1996 0
1996 0
1996 0
1996 0
1996 0
1996 0
1996 0
1996 0
1996 0
1996 0
1996 0
1996 0
1996 0
1996 0
1996 0
1996 0
1996 0
1996 0
1996 1
1996 0
1996 0
1996 0
1996 0
1996 0
1996 0
1996 0
1996 0
1996 0
1996 0
1996 0
1996 0
1996 0
1996 0
1996 0
1996 0
1996 0
1996 0
1996 0
1996 0
1996 0
1996 0
1996 0
1996 0
1996 0
1996 0
1996 0
1996 0
1996 0
1996 0
1996 0
1996 0
1996 0
1996 0
1996 0
1996 0
1996 0
1996 0
1996 0
1996 0
1996 0
1996 0
1996 0
1996 0
1996 0
1996 0
1996 0
1996 0
1996 0
1996 0
1996 0
1996 0
1996 0
1996 0
1996 0
1996 0
1996 0
1996 0
1996 0
1996 0
1996 0
1996 0
1996 0
1996 0
1996 0
1996 0
1996 0
1996 0
1996 0
1997 0
1997 0
1997 0
1997 0
1997 0
1997 0
1997 0
1997 0
1997 0
1997 0
1997 0
1997 0
1997 0
1997 0
1997 0
1997 0
1997 0
1997 0
1997 0
1997 0
1997 0
1997 0
1997 0
1997 0
1997 0
1997 0
1997 0
1997 0
1997 0
1997 0
1997 0
1997 0
1997 0
1997 0
1997 0
1997 0
1997 0
1997 0
1997 0
1997 0
1997 0
1997 0
1997 0
1997 0
1997 0
1997 0
1997 0
1997 0
1997 0
1997 0
1997 0
1997 0
1997 0
1997 0
1997 0
1997 0
1997 0
1997 0
1997 0
1997 0
1997 0
1997 0
1997 0
1997 0
1997 0
1997 0
1997 0
1997 0
1997 0
1997 0
1997 0
1997 0
1997 0
1997 0
1997 0
1997 0
1997 0
1997 0
1997 1
1997 9
1997 21
1997 22
1997 23
1997 22
1997 15
1997 12
1997 15
1997 13
1997 14
1997 12
1997 14
1997 9
1997 9
1997 2
1997 0
1997 0
1997 0
1997 0
1997 0
1997 0
1997 6
1997 0
1997 0
1997 7
1997 25
1997 24
1997 23
1997 22
1997 18
1997 21
1997 26
1997 26
1997 24
1997 15
1997 13
1997 18
1997 18
1997 17
1997 17
1997 16
1997 16
1997 23
1997 47
1997 49
1997 60
1997 52
1997 50
1997 50
1997 52
1997 51
1997 53
1997 56
1997 55
1997 53
1997 52
1997 50
1997 50
1997 49
1997 48
1997 48
1997 49
1997 53
1997 51
1997 50
1997 49
1997 48
1997 47
1997 47
1997 46
1997 47
1997 47
1997 46
1997 46
1997 45
1997 46
1997 46
1997 46
1997 46
1997 45
1997 44
1997 44
1997 45
1997 45
1997 45
1997 46
1997 46
1997 45
1997 46
1997 43
1997 44
1997 43
1997 43
1997 43
1997 43
1997 42
1997 41
1997 42
1997 41
1997 38
1997 34
1997 33
1997 32
1997 30
1997 29
1997 27
1997 26
1997 28
1997 30
1997 29
1997 29
1997 28
1997 26
1997 24
1997 22
1997 20
1997 19
1997 18
1997 15
1997 14
1997 14
1997 12
1997 12
1997 12
1997 18
1997 21
1997 19
1997 18
1997 16
1997 10
1997 8
1997 6
1997 1
1997 0
1997 0
1997 0
1997 0
1997 0
1997 0
1997 0
1997 0
1997 0
1997 0
1997 0
1997 0
1997 0
1997 0
1997 0
1997 0
1997 0
1997 0
1997 0
1997 1
1997 2
1997 0
1997 0
1997 0
1997 0
1997 1
1997 0
1997 0
1997 0
1997 0
1997 0
1997 0
1997 0
1997 0
1997 0
1997 0
1997 0
1997 16
1997 11
1997 2
1997 0
1997 0
1997 0
1997 0
1997 0
1997 0
1997 0
1997 0
1997 0
1997 0
1997 NA
1997 NA
1997 NA
1997 NA
1997 NA
1997 NA
1997 NA
1997 0
1997 0
1997 0
1997 0
1997 0
1997 0
1997 0
1997 0
1997 0
1997 0
1997 0
1997 0
1997 0
1997 0
1997 0
1997 0
1997 0
1997 0
1997 0
1997 0
1997 0
1997 0
1997 0
1997 0
1997 0
1997 0
1997 0
1997 0
1997 0
1997 0
1997 0
1997 0
1997 0
1997 0
1997 0
1997 0
1997 0
1997 0
1997 0
1997 0
1997 0
1997 0
1997 0
1997 0
1997 0
1997 0
1997 0
1997 0
1997 0
1997 0
1997 0
1997 0
1997 0
1997 0
1997 0
1997 0
1997 0
1997 0
1997 0
1997 0
1997 0
1997 0
1997 0
1997 0
1997 0
1997 0
1997 0
1997 0
1997 0
1997 0
1997 0
1997 0
1997 0
1997 0
1997 0
1997 0
1997 0
1997 0
1997 0
1997 0
1997 0
1997 0
1997 0
1997 0
1997 0
1997 0
1997 0
1997 0
1997 0
1997 0
1997 0
1997 0
1997 0
1997 0
1997 0
1997 0
1998 0
1998 0
1998 0
1998 0
1998 0
1998 0
1998 0
1998 0
1998 0
1998 0
1998 0
1998 0
1998 0
1998 0
1998 0
1998 0
1998 0
1998 0
1998 0
1998 0
1998 0
1998 0
1998 0
1998 0
1998 0
1998 0
1998 0
1998 0
1998 0
1998 0
1998 0
1998 0
1998 0
1998 0
1998 0
1998 0
1998 0
1998 0
1998 0
1998 0
1998 0
1998 0
1998 0
1998 3
1998 0
1998 0
1998 0
1998 0
1998 0
1998 0
1998 0
1998 0
1998 0
1998 0
1998 0
1998 0
1998 0
1998 0
1998 0
1998 3
1998 6
1998 0
1998 0
1998 0
1998 0
1998 0
1998 0
1998 0
1998 0
1998 0
1998 3
1998 6
1998 2
1998 0
1998 0
1998 0
1998 0
1998 0
1998 0
1998 0
1998 0
1998 0
1998 0
1998 0
1998 0
1998 0
1998 0
1998 0
1998 0
1998 2
1998 14
1998 24
1998 19
1998 58
1998 62
1998 57
1998 55
1998 54
1998 53
1998 52
1998 51
1998 50
1998 47
1998 45
1998 47
1998 47
1998 49
1998 51
1998 60
1998 63
1998 47
1998 42
1998 43
1998 44
1998 43
1998 44
1998 41
1998 41
1998 41
1998 41
1998 41
1998 42
1998 42
1998 43
1998 51
1998 48
1998 48
1998 48
1998 47
1998 47
1998 46
1998 47
1998 46
1998 45
1998 46
1998 46
1998 42
1998 42
1998 44
1998 41
1998 48
1998 45
1998 40
1998 40
1998 40
1998 40
1998 41
1998 39
1998 39
1998 39
1998 40
1998 40
1998 41
1998 41
1998 40
1998 40
1998 40
1998 39
1998 39
1998 39
1998 40
1998 39
1998 38
1998 38
1998 38
1998 35
1998 33
1998 32
1998 29
1998 29
1998 28
1998 27
1998 27
1998 26
1998 28
1998 43
1998 42
1998 37
1998 33
1998 31
1998 33
1998 33
1998 31
1998 31
1998 30
1998 28
1998 26
1998 27
1998 26
1998 21
1998 23
1998 24
1998 24
1998 23
1998 23
1998 21
1998 21
1998 18
1998 17
1998 17
1998 16
1998 15
1998 15
1998 21
1998 24
1998 22
1998 20
1998 19
1998 17
1998 13
1998 10
1998 5
1998 0
1998 0
1998 0
1998 0
1998 0
1998 6
1998 12
1998 13
1998 13
1998 16
1998 30
1998 47
1998 50
1998 56
1998 56
1998 74
1998 73
1998 70
1998 70
1998 67
1998 60
1998 53
1998 47
1998 39
1998 35
1998 30
1998 23
1998 14
1998 10
1998 9
1998 7
1998 2
1998 0
1998 0
1998 0
1998 0
1998 0
1998 0
1998 0
1998 0
1998 0
1998 0
1998 0
1998 0
1998 0
1998 0
1998 0
1998 0
1998 0
1998 0
1998 0
1998 0
1998 0
1998 0
1998 0
1998 0
1998 0
1998 0
1998 0
1998 0
1998 0
1998 0
1998 0
1998 0
1998 0
1998 0
1998 0
1998 0
1998 0
1998 0
1998 0
1998 0
1998 0
1998 0
1998 0
1998 0
1998 0
1998 0
1998 0
1998 0
1998 0
1998 0
1998 0
1998 0
1998 0
1998 0
1998 0
1998 0
1998 0
1998 0
1998 0
1998 0
1998 0
1998 0
1998 0
1998 0
1998 0
1998 0
1998 0
1998 0
1998 0
1998 0
1998 0
1998 0
1998 0
1998 0
1998 0
1998 0
1998 0
1998 0
1998 0
1998 0
1998 0
1998 0
1998 0
1998 0
1998 0
1998 0
1998 0
1998 0
1998 0
1998 0
1998 0
1998 0
1998 0
1998 0
1998 0
1998 0
1998 0
1998 0
1998 0
1998 0
1998 0
1998 0
1998 0
1998 0
1998 0
1998 0
1998 0
1998 0
1998 0
1998 0
1998 0
1998 0
1998 0
1998 0
1998 0
1998 0
1998 0
1998 0
1998 0
1998 0
1998 0
1999 0
1999 0
1999 0
1999 0
1999 0
1999 0
1999 0
1999 0
1999 0
1999 0
1999 0
1999 0
1999 4
1999 8
1999 2
1999 0
1999 0
1999 0
1999 0
1999 0
1999 0
1999 0
1999 0
1999 0
1999 0
1999 0
1999 0
1999 0
1999 0
1999 0
1999 0
1999 0
1999 0
1999 0
1999 0
1999 0
1999 0
1999 0
1999 0
1999 0
1999 0
1999 0
1999 0
1999 0
1999 0
1999 0
1999 0
1999 0
1999 0
1999 0
1999 0
1999 0
1999 0
1999 0
1999 0
1999 0
1999 0
1999 0
1999 0
1999 0
1999 0
1999 0
1999 0
1999 0
1999 0
1999 0
1999 0
1999 0
1999 0
1999 0
1999 0
1999 0
1999 0
1999 0
1999 0
1999 0
1999 0
1999 0
1999 0
1999 0
1999 0
1999 0
1999 4
1999 8
1999 3
1999 8
1999 9
1999 8
1999 6
1999 8
1999 10
1999 10
1999 9
1999 14
1999 8
1999 4
1999 4
1999 5
1999 7
1999 7
1999 6
1999 6
1999 6
1999 3
1999 0
1999 0
1999 0
1999 0
1999 0
1999 0
1999 1
1999 8
1999 4
1999 2
1999 0
1999 0
1999 0
1999 0
1999 0
1999 0
1999 0
1999 0
1999 8
1999 11
1999 8
1999 9
1999 8
1999 6
1999 7
1999 8
1999 9
1999 11
1999 34
1999 41
1999 40
1999 39
1999 38
1999 38
1999 38
1999 37
1999 37
1999 37
1999 37
1999 38
1999 38
1999 38
1999 38
1999 37
1999 37
1999 37
1999 37
1999 37
1999 37
1999 36
1999 36
1999 36
1999 36
1999 36
1999 35
1999 34
1999 34
1999 40
1999 45
1999 37
1999 34
1999 34
1999 38
1999 38
1999 37
1999 36
1999 34
1999 35
1999 35
1999 35
1999 35
1999 34
1999 34
1999 34
1999 33
1999 33
1999 33
1999 33
1999 33
1999 33
1999 32
1999 45
1999 47
1999 57
1999 57
1999 56
1999 53
1999 50
1999 47
1999 44
1999 40
1999 38
1999 37
1999 36
1999 36
1999 36
1999 37
1999 36
1999 42
1999 41
1999 37
1999 35
1999 39
1999 44
1999 51
1999 47
1999 45
1999 42
1999 39
1999 35
1999 31
1999 27
1999 25
1999 21
1999 17
1999 26
1999 20
1999 15
1999 9
1999 6
1999 14
1999 12
1999 11
1999 4
1999 5
1999 8
1999 13
1999 8
1999 4
1999 2
1999 0
1999 0
1999 0
1999 0
1999 0
1999 0
1999 0
1999 0
1999 0
1999 0
1999 0
1999 0
1999 0
1999 0
1999 0
1999 0
1999 0
1999 0
1999 0
1999 0
1999 0
1999 0
1999 0
1999 0
1999 0
1999 0
1999 0
1999 0
1999 0
1999 0
1999 0
1999 0
1999 0
1999 0
1999 0
1999 0
1999 0
1999 0
1999 0
1999 0
1999 0
1999 0
1999 0
1999 0
1999 0
1999 0
1999 0
1999 0
1999 0
1999 0
1999 0
1999 0
1999 0
1999 0
1999 0
1999 0
1999 0
1999 0
1999 0
1999 0
1999 0
1999 0
1999 0
1999 0
1999 0
1999 0
1999 0
1999 0
1999 0
1999 0
1999 0
1999 0
1999 0
1999 0
1999 0
1999 0
1999 0
1999 0
1999 0
1999 0
1999 0
1999 0
1999 0
1999 0
1999 0
1999 0
1999 0
1999 0
1999 0
1999 0
1999 0
1999 0
1999 0
1999 0
1999 0
1999 0
1999 0
1999 0
1999 0
1999 0
1999 0
1999 0
1999 0
1999 0
1999 0
1999 0
1999 0
1999 0
1999 0
1999 0
1999 0
1999 0
1999 0
1999 0
1999 0
1999 0
1999 0
1999 0
1999 0
1999 0
1999 0
1999 0
1999 0
1999 0
1999 0
1999 0
1999 0
1999 0
1999 0
1999 0
1999 0
2000 0
2000 0
2000 0
2000 0
2000 0
2000 0
2000 0
2000 0
2000 0
2000 0
2000 0
2000 0
2000 0
2000 0
2000 0
2000 0
2000 0
2000 0
2000 0
2000 0
2000 0
2000 0
2000 0
2000 0
2000 0
2000 0
2000 0
2000 0
2000 0
2000 0
2000 0
2000 0
2000 0
2000 0
2000 0
2000 0
2000 0
2000 0
2000 0
2000 0
2000 0
2000 0
2000 0
2000 0
2000 0
2000 0
2000 0
2000 0
2000 0
2000 0
2000 0
2000 0
2000 0
2000 0
2000 0
2000 0
2000 0
2000 0
2000 0
2000 0
2000 0
2000 0
2000 0
2000 0
2000 0
2000 0
2000 0
2000 4
2000 4
2000 4
2000 4
2000 4
2000 1
2000 0
2000 0
2000 0
2000 0
2000 7
2000 5
2000 6
2000 5
2000 11
2000 15
2000 12
2000 11
2000 11
2000 11
2000 10
2000 11
2000 10
2000 11
2000 11
2000 10
2000 9
2000 11
2000 9
2000 6
2000 5
2000 6
2000 8
2000 19
2000 27
2000 26
2000 25
2000 23
2000 22
2000 22
2000 21
2000 23
2000 23
2000 17
2000 6
2000 5
2000 6
2000 5
2000 6
2000 10
2000 8
2000 18
2000 8
2000 7
2000 6
2000 6
2000 7
2000 6
2000 7
2000 7
2000 6
2000 6
2000 6
2000 7
2000 8
2000 8
2000 8
2000 8
2000 10
2000 10
2000 9
2000 9
2000 6
2000 6
2000 6
2000 6
2000 8
2000 6
2000 4
2000 3
2000 1
2000 0
2000 0
2000 0
2000 0
2000 0
2000 0
2000 0
2000 0
2000 0
2000 0
2000 0
2000 0
2000 0
2000 0
2000 0
2000 0
2000 0
2000 0
2000 0
2000 0
2000 3
2000 10
2000 3
2000 0
2000 0
2000 0
2000 0
2000 0
2000 0
2000 0
2000 0
2000 0
2000 0
2000 0
2000 11
2000 7
2000 2
2000 0
2000 0
2000 0
2000 0
2000 0
2000 0
2000 0
2000 0
2000 0
2000 0
2000 0
2000 0
2000 0
2000 0
2000 0
2000 0
2000 0
2000 0
2000 0
2000 0
2000 0
2000 0
2000 5
2000 17
2000 27
2000 32
2000 30
2000 28
2000 34
2000 31
2000 35
2000 30
2000 28
2000 26
2000 28
2000 27
2000 25
2000 27
2000 25
2000 26
2000 25
2000 22
2000 20
2000 13
2000 6
2000 0
2000 0
2000 0
2000 0
2000 0
2000 0
2000 0
2000 0
2000 0
2000 0
2000 0
2000 0
2000 0
2000 0
2000 0
2000 0
2000 0
2000 0
2000 0
2000 0
2000 0
2000 0
2000 0
2000 0
2000 0
2000 0
2000 0
2000 0
2000 0
2000 0
2000 0
2000 0
2000 0
2000 0
2000 0
2000 0
2000 0
2000 0
2000 0
2000 0
2000 0
2000 0
2000 0
2000 0
2000 0
2000 0
2000 0
2000 0
2000 0
2000 0
2000 0
2000 0
2000 0
2000 0
2000 0
2000 0
2000 0
2000 0
2000 0
2000 0
2000 0
2000 0
2000 0
2000 0
2000 0
2000 0
2000 0
2000 0
2000 0
2000 0
2000 0
2000 0
2000 0
2000 0
2000 0
2000 0
2000 0
2000 0
2000 0
2000 0
2000 0
2000 0
2000 0
2000 0
2000 0
2000 0
2000 0
2000 0
2000 0
2000 0
2000 0
2000 0
2000 0
2000 0
2000 0
2000 0
2000 0
2000 0
2000 0
2000 0
2000 0
2000 0
2000 0
2000 0
2000 0
2000 0
2000 0
2000 0
2000 0
2000 0
2000 0
2000 0
2000 0
2000 0
2000 0
2000 0
2000 0
2000 0
2000 0
2000 0
2000 0
2000 0
2000 0
2000 0
2000 0
2000 0
2000 0
2000 0
2000 0
2000 0
2000 0
2000 0
2000 0
2000 0
2000 0
2000 0
2001 0
2001 0
2001 0
2001 0
2001 0
2001 0
2001 0
2001 0
2001 0
2001 0
2001 0
2001 0
2001 0
2001 0
2001 0
2001 0
2001 0
2001 0
2001 0
2001 0
2001 0
2001 0
2001 0
2001 0
2001 0
2001 0
2001 0
2001 0
2001 0
2001 0
2001 0
2001 0
2001 0
2001 0
2001 0
2001 0
2001 0
2001 0
2001 0
2001 0
2001 0
2001 0
2001 0
2001 0
2001 0
2001 0
2001 0
2001 0
2001 0
2001 0
2001 0
2001 0
2001 0
2001 0
2001 0
2001 0
2001 0
2001 0
2001 0
2001 0
2001 0
2001 0
2001 0
2001 0
2001 0
2001 0
2001 1
2001 0
2001 1
2001 8
2001 8
2001 7
2001 8
2001 1
2001 0
2001 0
2001 0
2001 0
2001 0
2001 0
2001 4
2001 3
2001 0
2001 0
2001 0
2001 0
2001 0
2001 0
2001 0
2001 0
2001 0
2001 0
2001 0
2001 0
2001 0
2001 0
2001 0
2001 0
2001 0
2001 0
2001 0
2001 0
2001 0
2001 0
2001 0
2001 0
2001 0
2001 0
2001 0
2001 0
2001 0
2001 0
2001 0
2001 0
2001 1
2001 18
2001 NA
2001 NA
2001 20
2001 16
2001 15
2001 NA
2001 NA
2001 16
2001 25
2001 NA
2001 27
2001 NA
2001 NA
2001 5
2001 4
2001 7
2001 9
2001 8
2001 8
2001 7
2001 8
2001 8
2001 9
2001 25
2001 25
2001 24
2001 26
2001 25
2001 25
2001 23
2001 17
2001 11
2001 13
2001 15
2001 14
2001 22
2001 15
2001 14
2001 12
2001 12
2001 13
2001 14
2001 14
2001 11
2001 10
2001 16
2001 17
2001 17
2001 16
2001 16
2001 16
2001 16
2001 15
2001 16
2001 15
2001 15
2001 15
2001 15
2001 15
2001 15
2001 16
2001 14
2001 14
2001 15
2001 27
2001 32
2001 33
2001 40
2001 26
2001 16
2001 18
2001 18
2001 19
2001 29
2001 27
2001 27
2001 25
2001 22
2001 20
2001 19
2001 19
2001 20
2001 20
2001 19
2001 16
2001 12
2001 6
2001 4
2001 5
2001 5
2001 4
2001 6
2001 8
2001 11
2001 12
2001 10
2001 6
2001 6
2001 5
2001 6
2001 6
2001 5
2001 9
2001 13
2001 10
2001 6
2001 10
2001 6
2001 6
2001 5
2001 7
2001 6
2001 6
2001 6
2001 18
2001 NA
2001 NA
2001 NA
2001 34
2001 28
2001 23
2001 16
2001 12
2001 8
2001 5
2001 5
2001 5
2001 5
2001 2
2001 0
2001 0
2001 0
2001 0
2001 0
2001 0
2001 0
2001 0
2001 0
2001 0
2001 0
2001 0
2001 0
2001 0
2001 0
2001 0
2001 0
2001 0
2001 0
2001 0
2001 0
2001 0
2001 0
2001 0
2001 0
2001 0
2001 0
2001 0
2001 0
2001 0
2001 0
2001 0
2001 0
2001 0
2001 0
2001 0
2001 0
2001 0
2001 0
2001 0
2001 0
2001 0
2001 0
2001 0
2001 0
2001 0
2001 0
2001 0
2001 0
2001 0
2001 0
2001 0
2001 0
2001 0
2001 0
2001 0
2001 0
2001 0
2001 0
2001 0
2001 0
2001 0
2001 0
2001 0
2001 0
2001 0
2001 0
2001 0
2001 0
2001 0
2001 0
2001 0
2001 0
2001 0
2001 0
2001 0
2001 0
2001 0
2001 0
2001 0
2001 0
2001 0
2001 0
2001 0
2001 0
2001 0
2001 0
2001 0
2001 0
2001 0
2001 0
2001 0
2001 0
2001 0
2001 0
2001 0
2001 0
2001 0
2001 0
2001 0
2001 0
2001 0
2001 0
2001 0
2001 0
2001 0
2001 0
2001 0
2001 0
2001 0
2001 0
2001 0
2001 0
2001 0
2001 0
2001 0
2001 0
2001 0
2001 0
2001 0
2002 0
2002 0
2002 0
2002 0
2002 0
2002 0
2002 0
2002 0
2002 0
2002 0
2002 0
2002 0
2002 0
2002 0
2002 0
2002 0
2002 0
2002 0
2002 0
2002 0
2002 0
2002 0
2002 0
2002 0
2002 0
2002 0
2002 0
2002 0
2002 0
2002 0
2002 0
2002 0
2002 0
2002 0
2002 0
2002 0
2002 0
2002 0
2002 0
2002 0
2002 0
2002 0
2002 0
2002 0
2002 0
2002 0
2002 0
2002 0
2002 0
2002 0
2002 0
2002 0
2002 0
2002 0
2002 0
2002 0
2002 0
2002 0
2002 0
2002 0
2002 0
2002 0
2002 0
2002 0
2002 0
2002 0
2002 0
2002 0
2002 0
2002 6
2002 6
2002 2
2002 0
2002 0
2002 0
2002 0
2002 0
2002 0
2002 0
2002 7
2002 2
2002 0
2002 0
2002 0
2002 0
2002 0
2002 0
2002 6
2002 13
2002 8
2002 9
2002 10
2002 9
2002 9
2002 9
2002 8
2002 7
2002 5
2002 5
2002 3
2002 1
2002 0
2002 0
2002 4
2002 6
2002 2
2002 0
2002 0
2002 0
2002 0
2002 0
2002 0
2002 0
2002 0
2002 0
2002 0
2002 0
2002 0
2002 0
2002 0
2002 0
2002 0
2002 0
2002 0
2002 0
2002 0
2002 0
2002 0
2002 0
2002 0
2002 0
2002 0
2002 0
2002 0
2002 0
2002 0
2002 2
2002 4
2002 1
2002 0
2002 0
2002 0
2002 0
2002 0
2002 0
2002 11
2002 20
2002 18
2002 18
2002 14
2002 11
2002 11
2002 12
2002 12
2002 11
2002 11
2002 11
2002 11
2002 19
2002 54
2002 51
2002 48
2002 46
2002 43
2002 42
2002 41
2002 41
2002 44
2002 55
2002 60
2002 59
2002 56
2002 57
2002 55
2002 51
2002 51
2002 47
2002 42
2002 41
2002 43
2002 39
2002 40
2002 43
2002 41
2002 40
2002 38
2002 34
2002 32
2002 29
2002 27
2002 25
2002 22
2002 21
2002 19
2002 16
2002 16
2002 15
2002 13
2002 10
2002 7
2002 1
2002 0
2002 0
2002 0
2002 0
2002 0
2002 0
2002 0
2002 0
2002 0
2002 0
2002 0
2002 0
2002 0
2002 0
2002 0
2002 3
2002 5
2002 0
2002 2
2002 21
2002 21
2002 16
2002 3
2002 0
2002 0
2002 13
2002 12
2002 13
2002 10
2002 4
2002 3
2002 3
2002 0
2002 0
2002 0
2002 0
2002 0
2002 0
2002 0
2002 0
2002 0
2002 0
2002 0
2002 0
2002 0
2002 2
2002 0
2002 0
2002 0
2002 0
2002 0
2002 0
2002 0
2002 0
2002 0
2002 0
2002 0
2002 0
2002 0
2002 0
2002 0
2002 0
2002 0
2002 0
2002 0
2002 0
2002 0
2002 0
2002 0
2002 0
2002 0
2002 0
2002 0
2002 0
2002 0
2002 0
2002 0
2002 0
2002 0
2002 0
2002 0
2002 0
2002 0
2002 0
2002 0
2002 0
2002 0
2002 0
2002 0
2002 0
2002 0
2002 0
2002 0
2002 0
2002 0
2002 0
2002 0
2002 0
2002 0
2002 0
2002 0
2002 0
2002 0
2002 0
2002 0
2002 0
2002 0
2002 0
2002 0
2002 0
2002 0
2002 0
2002 0
2002 0
2002 0
2002 0
2002 0
2002 0
2002 0
2002 0
2002 0
2002 0
2002 0
2002 0
2002 0
2002 0
2002 0
2002 0
2002 0
2002 0
2002 0
2002 0
2002 0
2002 0
2002 0
2002 0
2002 0
2002 0
2002 0
2002 0
2002 0
2002 0
2002 0
2002 0
2002 0
2002 0
2002 0
2002 0
2002 0
2002 0
2002 0
2002 0
2002 0
2002 0
2002 0
2002 0
2002 0
2002 0
2002 0
2002 0
2002 0
2002 0
2002 0
2002 0
2003 0
2003 0
2003 0
2003 0
2003 0
2003 0
2003 0
2003 0
2003 0
2003 0
2003 0
2003 0
2003 0
2003 0
2003 0
2003 0
2003 0
2003 0
2003 0
2003 0
2003 0
2003 0
2003 0
2003 0
2003 0
2003 0
2003 0
2003 0
2003 0
2003 0
2003 0
2003 0
2003 0
2003 0
2003 0
2003 0
2003 0
2003 0
2003 0
2003 0
2003 0
2003 0
2003 0
2003 0
2003 0
2003 0
2003 0
2003 0
2003 0
2003 0
2003 0
2003 0
2003 0
2003 0
2003 0
2003 0
2003 0
2003 0
2003 0
2003 0
2003 0
2003 0
2003 0
2003 0
2003 0
2003 0
2003 0
2003 0
2003 0
2003 0
2003 0
2003 0
2003 0
2003 0
2003 0
2003 0
2003 0
2003 0
2003 0
2003 0
2003 0
2003 0
2003 0
2003 0
2003 0
2003 0
2003 0
2003 0
2003 0
2003 0
2003 0
2003 0
2003 0
2003 11
2003 14
2003 10
2003 8
2003 6
2003 6
2003 4
2003 2
2003 3
2003 6
2003 10
2003 10
2003 10
2003 12
2003 10
2003 11
2003 12
2003 12
2003 11
2003 11
2003 11
2003 11
2003 11
2003 11
2003 11
2003 6
2003 4
2003 1
2003 5
2003 4
2003 5
2003 3
2003 3
2003 11
2003 15
2003 13
2003 16
2003 14
2003 15
2003 14
2003 13
2003 12
2003 11
2003 9
2003 10
2003 10
2003 11
2003 10
2003 11
2003 18
2003 53
2003 54
2003 52
2003 50
2003 49
2003 48
2003 46
2003 45
2003 45
2003 46
2003 46
2003 45
2003 45
2003 47
2003 43
2003 42
2003 41
2003 40
2003 41
2003 41
2003 40
2003 41
2003 41
2003 40
2003 39
2003 41
2003 41
2003 41
2003 41
2003 41
2003 41
2003 39
2003 39
2003 39
2003 39
2003 39
2003 39
2003 39
2003 38
2003 38
2003 40
2003 38
2003 39
2003 40
2003 39
2003 38
2003 34
2003 36
2003 33
2003 30
2003 28
2003 29
2003 35
2003 32
2003 30
2003 29
2003 29
2003 28
2003 28
2003 26
2003 26
2003 24
2003 23
2003 20
2003 17
2003 14
2003 13
2003 9
2003 5
2003 0
2003 10
2003 54
2003 55
2003 48
2003 45
2003 43
2003 40
2003 41
2003 60
2003 60
2003 58
2003 54
2003 46
2003 40
2003 34
2003 26
2003 22
2003 24
2003 24
2003 NA
2003 18
2003 13
2003 7
2003 2
2003 0
2003 0
2003 0
2003 0
2003 0
2003 0
2003 0
2003 0
2003 0
2003 0
2003 0
2003 0
2003 0
2003 0
2003 0
2003 0
2003 0
2003 0
2003 0
2003 0
2003 0
2003 0
2003 0
2003 0
2003 0
2003 0
2003 0
2003 0
2003 0
2003 0
2003 0
2003 0
2003 0
2003 0
2003 0
2003 0
2003 0
2003 0
2003 0
2003 0
2003 0
2003 0
2003 0
2003 0
2003 0
2003 0
2003 0
2003 0
2003 0
2003 0
2003 0
2003 0
2003 0
2003 0
2003 0
2003 0
2003 0
2003 0
2003 0
2003 0
2003 0
2003 0
2003 0
2003 0
2003 0
2003 0
2003 0
2003 0
2003 0
2003 0
2003 0
2003 0
2003 0
2003 0
2003 0
2003 0
2003 0
2003 0
2003 0
2003 0
2003 0
2003 0
2003 0
2003 0
2003 0
2003 0
2003 0
2003 0
2003 0
2003 0
2003 0
2003 0
2003 0
2003 0
2003 0
2003 0
2003 0
2003 0
2003 0
2003 0
2003 0
2003 0
2003 0
2003 0
2003 0
2003 0
2003 0
2003 0
2003 0
2003 0
2003 0
2003 0
2003 0
2003 0
2003 0
2003 0
2003 0
2003 0
2003 0
2003 0
2003 0
2003 0
2003 0
2003 0
2003 0
2003 0
2003 0
2003 0
2004 0
2004 0
2004 0
2004 0
2004 0
2004 0
2004 0
2004 0
2004 0
2004 0
2004 0
2004 0
2004 0
2004 0
2004 0
2004 0
2004 0
2004 0
2004 0
2004 0
2004 0
2004 0
2004 0
2004 0
2004 0
2004 0
2004 0
2004 0
2004 0
2004 0
2004 0
2004 0
2004 0
2004 0
2004 0
2004 0
2004 0
2004 0
2004 0
2004 0
2004 0
2004 0
2004 0
2004 0
2004 0
2004 0
2004 0
2004 0
2004 0
2004 0
2004 0
2004 0
2004 6
2004 12
2004 11
2004 10
2004 9
2004 9
2004 11
2004 15
2004 9
2004 0
2004 0
2004 0
2004 0
2004 0
2004 0
2004 0
2004 7
2004 8
2004 8
2004 8
2004 8
2004 8
2004 7
2004 7
2004 7
2004 4
2004 2
2004 0
2004 0
2004 0
2004 0
2004 0
2004 0
2004 0
2004 0
2004 0
2004 6
2004 9
2004 8
2004 7
2004 2
2004 0
2004 0
2004 0
2004 0
2004 0
2004 0
2004 0
2004 3
2004 8
2004 1
2004 0
2004 0
2004 0
2004 0
2004 0
2004 0
2004 0
2004 0
2004 0
2004 0
2004 0
2004 0
2004 0
2004 0
2004 0
2004 8
2004 71
2004 101
2004 103
2004 99
2004 97
2004 95
2004 93
2004 91
2004 91
2004 90
2004 89
2004 91
2004 88
2004 87
2004 87
2004 86
2004 85
2004 79
2004 78
2004 79
2004 80
2004 78
2004 77
2004 75
2004 75
2004 75
2004 74
2004 74
2004 73
2004 76
2004 78
2004 76
2004 73
2004 74
2004 73
2004 72
2004 71
2004 71
2004 70
2004 69
2004 68
2004 67
2004 69
2004 69
2004 68
2004 66
2004 68
2004 67
2004 67
2004 67
2004 68
2004 68
2004 71
2004 NA
2004 99
2004 97
2004 96
2004 112
2004 105
2004 106
2004 115
2004 119
2004 128
2004 122
2004 117
2004 115
2004 114
2004 113
2004 112
2004 121
2004 124
2004 118
2004 124
2004 141
2004 113
2004 112
2004 109
2004 105
2004 99
2004 94
2004 92
2004 92
2004 88
2004 83
2004 83
2004 97
2004 95
2004 94
2004 94
2004 95
2004 93
2004 89
2004 85
2004 84
2004 82
2004 75
2004 74
2004 71
2004 66
2004 62
2004 74
2004 73
2004 74
2004 95
2004 88
2004 85
2004 90
2004 87
2004 85
2004 84
2004 81
2004 77
2004 74
2004 71
2004 67
2004 60
2004 53
2004 45
2004 39
2004 35
2004 31
2004 27
2004 19
2004 8
2004 1
2004 0
2004 0
2004 0
2004 0
2004 0
2004 1
2004 NA
2004 5
2004 2
2004 0
2004 0
2004 0
2004 0
2004 0
2004 0
2004 0
2004 0
2004 0
2004 0
2004 0
2004 0
2004 0
2004 0
2004 0
2004 0
2004 0
2004 0
2004 0
2004 0
2004 0
2004 0
2004 0
2004 0
2004 0
2004 0
2004 0
2004 0
2004 0
2004 0
2004 0
2004 0
2004 0
2004 0
2004 0
2004 0
2004 0
2004 0
2004 0
2004 0
2004 0
2004 0
2004 0
2004 0
2004 0
2004 0
2004 0
2004 0
2004 0
2004 0
2004 0
2004 0
2004 0
2004 0
2004 0
2004 0
2004 0
2004 0
2004 0
2004 0
2004 0
2004 0
2004 0
2004 0
2004 0
2004 0
2004 0
2004 0
2004 0
2004 0
2004 0
2004 0
2004 0
2004 0
2004 0
2004 0
2004 0
2004 0
2004 0
2004 0
2004 0
2004 0
2004 0
2004 0
2004 0
2004 0
2004 0
2004 0
2004 0
2004 0
2004 0
2004 0
2004 0
2004 0
2004 0
2004 0
2004 0
2004 0
2004 0
2004 0
2004 0
2004 0
2004 0
2004 0
2004 0
2004 0
2004 0
2004 0
2004 0
2004 0
2004 0
2004 0
2004 0
2005 0
2005 0
2005 0
2005 0
2005 0
2005 0
2005 0
2005 0
2005 0
2005 0
2005 0
2005 0
2005 0
2005 0
2005 0
2005 0
2005 0
2005 0
2005 0
2005 0
2005 0
2005 0
2005 0
2005 0
2005 0
2005 0
2005 0
2005 0
2005 0
2005 0
2005 0
2005 0
2005 0
2005 0
2005 0
2005 0
2005 0
2005 0
2005 0
2005 0
2005 0
2005 0
2005 0
2005 0
2005 0
2005 0
2005 0
2005 0
2005 0
2005 0
2005 0
2005 0
2005 0
2005 0
2005 0
2005 0
2005 0
2005 0
2005 0
2005 0
2005 0
2005 0
2005 0
2005 0
2005 0
2005 0
2005 0
2005 0
2005 0
2005 0
2005 12
2005 28
2005 19
2005 16
2005 12
2005 11
2005 11
2005 9
2005 10
2005 11
2005 11
2005 10
2005 11
2005 11
2005 12
2005 12
2005 11
2005 11
2005 11
2005 14
2005 19
2005 21
2005 20
2005 19
2005 18
2005 18
2005 17
2005 16
2005 16
2005 16
2005 16
2005 16
2005 16
2005 15
2005 16
2005 15
2005 16
2005 21
2005 17
2005 14
2005 14
2005 13
2005 13
2005 13
2005 13
2005 14
2005 35
2005 49
2005 57
2005 47
2005 40
2005 39
2005 37
2005 37
2005 37
2005 36
2005 35
2005 37
2005 37
2005 33
2005 34
2005 35
2005 36
2005 35
2005 35
2005 36
2005 34
2005 34
2005 35
2005 37
2005 38
2005 35
2005 34
2005 34
2005 34
2005 34
2005 35
2005 34
2005 34
2005 35
2005 35
2005 35
2005 34
2005 34
2005 33
2005 32
2005 33
2005 33
2005 33
2005 32
2005 32
2005 31
2005 31
2005 30
2005 31
2005 32
2005 32
2005 32
2005 33
2005 33
2005 34
2005 33
2005 35
2005 42
2005 51
2005 51
2005 50
2005 48
2005 47
2005 49
2005 55
2005 52
2005 49
2005 54
2005 66
2005 70
2005 68
2005 66
2005 63
2005 58
2005 55
2005 55
2005 54
2005 53
2005 52
2005 51
2005 47
2005 43
2005 40
2005 35
2005 31
2005 29
2005 28
2005 28
2005 26
2005 25
2005 22
2005 19
2005 16
2005 12
2005 8
2005 6
2005 2
2005 0
2005 0
2005 0
2005 0
2005 0
2005 0
2005 2
2005 11
2005 11
2005 13
2005 8
2005 5
2005 1
2005 0
2005 3
2005 8
2005 8
2005 3
2005 12
2005 10
2005 8
2005 6
2005 5
2005 3
2005 0
2005 0
2005 0
2005 0
2005 0
2005 0
2005 0
2005 0
2005 0
2005 0
2005 0
2005 0
2005 0
2005 0
2005 0
2005 0
2005 0
2005 0
2005 0
2005 0
2005 0
2005 0
2005 0
2005 0
2005 0
2005 0
2005 0
2005 0
2005 0
2005 0
2005 0
2005 0
2005 0
2005 0
2005 0
2005 0
2005 0
2005 0
2005 0
2005 0
2005 0
2005 0
2005 0
2005 0
2005 0
2005 0
2005 0
2005 0
2005 0
2005 0
2005 0
2005 0
2005 0
2005 0
2005 0
2005 0
2005 0
2005 0
2005 0
2005 0
2005 0
2005 0
2005 0
2005 0
2005 0
2005 0
2005 0
2005 0
2005 0
2005 0
2005 0
2005 0
2005 0
2005 0
2005 0
2005 0
2005 0
2005 0
2005 0
2005 0
2005 0
2005 0
2005 0
2005 0
2005 0
2005 0
2005 0
2005 0
2005 0
2005 0
2005 0
2005 0
2005 0
2005 0
2005 0
2005 0
2005 0
2005 0
2005 0
2005 0
2005 0
2005 0
2005 0
2005 0
2005 0
2005 0
2005 0
2005 0
2005 0
2005 0
2005 0
2005 0
2005 0
2005 0
2005 0
2005 0
2005 0
2005 0
2005 0
2005 0
2005 0
2005 0
2005 0
2005 0
2005 0
2005 0
2005 0
2005 0
2006 0
2006 0
2006 0
2006 0
2006 0
2006 0
2006 0
2006 0
2006 0
2006 0
2006 0
2006 0
2006 0
2006 0
2006 0
2006 0
2006 0
2006 0
2006 0
2006 0
2006 0
2006 0
2006 0
2006 0
2006 0
2006 0
2006 0
2006 0
2006 0
2006 0
2006 0
2006 0
2006 0
2006 0
2006 0
2006 0
2006 0
2006 0
2006 0
2006 0
2006 0
2006 0
2006 0
2006 0
2006 0
2006 0
2006 0
2006 0
2006 0
2006 0
2006 0
2006 0
2006 0
2006 0
2006 0
2006 0
2006 0
2006 0
2006 0
2006 0
2006 0
2006 0
2006 0
2006 0
2006 0
2006 0
2006 0
2006 0
2006 0
2006 0
2006 0
2006 0
2006 0
2006 0
2006 0
2006 0
2006 0
2006 0
2006 0
2006 0
2006 0
2006 0
2006 0
2006 0
2006 4
2006 8
2006 19
2006 29
2006 26
2006 31
2006 37
2006 36
2006 35
2006 40
2006 39
2006 51
2006 55
2006 52
2006 50
2006 49
2006 48
2006 47
2006 47
2006 53
2006 51
2006 50
2006 50
2006 49
2006 46
2006 44
2006 43
2006 45
2006 44
2006 45
2006 44
2006 45
2006 44
2006 48
2006 56
2006 71
2006 71
2006 68
2006 73
2006 72
2006 70
2006 68
2006 70
2006 70
2006 69
2006 67
2006 66
2006 66
2006 65
2006 65
2006 64
2006 64
2006 63
2006 63
2006 61
2006 62
2006 62
2006 62
2006 62
2006 62
2006 61
2006 61
2006 61
2006 66
2006 97
2006 119
2006 114
2006 111
2006 108
2006 106
2006 105
2006 105
2006 103
2006 102
2006 101
2006 101
2006 101
2006 100
2006 99
2006 98
2006 97
2006 96
2006 95
2006 97
2006 99
2006 97
2006 99
2006 102
2006 116
2006 127
2006 129
2006 129
2006 125
2006 122
2006 122
2006 124
2006 123
2006 122
2006 121
2006 121
2006 117
2006 120
2006 119
2006 118
2006 118
2006 118
2006 118
2006 121
2006 118
2006 113
2006 112
2006 112
2006 114
2006 114
2006 113
2006 113
2006 110
2006 114
2006 117
2006 113
2006 111
2006 110
2006 105
2006 102
2006 95
2006 93
2006 91
2006 90
2006 86
2006 82
2006 79
2006 78
2006 82
2006 93
2006 92
2006 87
2006 85
2006 81
2006 84
2006 83
2006 81
2006 77
2006 74
2006 68
2006 62
2006 57
2006 56
2006 52
2006 45
2006 37
2006 31
2006 24
2006 17
2006 6
2006 0
2006 0
2006 0
2006 3
2006 0
2006 0
2006 0
2006 0
2006 0
2006 0
2006 0
2006 0
2006 0
2006 0
2006 2
2006 0
2006 0
2006 0
2006 0
2006 0
2006 0
2006 0
2006 0
2006 0
2006 0
2006 0
2006 0
2006 0
2006 0
2006 0
2006 0
2006 0
2006 0
2006 0
2006 3
2006 1
2006 4
2006 0
2006 0
2006 0
2006 0
2006 0
2006 0
2006 0
2006 0
2006 0
2006 0
2006 0
2006 0
2006 0
2006 0
2006 0
2006 0
2006 0
2006 0
2006 0
2006 0
2006 0
2006 0
2006 0
2006 0
2006 0
2006 0
2006 0
2006 0
2006 0
2006 0
2006 0
2006 0
2006 0
2006 0
2006 0
2006 0
2006 0
2006 0
2006 0
2006 0
2006 0
2006 0
2006 0
2006 0
2006 0
2006 0
2006 0
2006 0
2006 0
2006 0
2006 0
2006 0
2006 0
2006 0
2006 0
2006 0
2006 0
2006 0
2006 0
2006 0
2006 0
2006 0
2006 0
2006 0
2006 0
2006 0
2006 0
2006 0
2006 0
2006 0
2006 0
2006 0
2006 0
2006 0
2006 0
2006 0
2006 0
2006 0
2006 0
2006 0
2006 0
2006 0
2006 0
2006 0
2006 0
2006 0
2006 0
2006 0
2006 0
2006 0
2007 0
2007 0
2007 0
2007 0
2007 0
2007 0
2007 0
2007 0
2007 0
2007 0
2007 0
2007 0
2007 0
2007 0
2007 0
2007 0
2007 0
2007 0
2007 0
2007 0
2007 0
2007 0
2007 0
2007 0
2007 0
2007 0
2007 0
2007 0
2007 0
2007 0
2007 0
2007 0
2007 0
2007 0
2007 0
2007 0
2007 0
2007 0
2007 0
2007 0
2007 0
2007 0
2007 0
2007 0
2007 0
2007 0
2007 0
2007 0
2007 0
2007 0
2007 0
2007 0
2007 0
2007 0
2007 0
2007 0
2007 0
2007 0
2007 0
2007 0
2007 0
2007 0
2007 0
2007 0
2007 0
2007 0
2007 0
2007 0
2007 0
2007 0
2007 0
2007 0
2007 0
2007 0
2007 0
2007 0
2007 0
2007 0
2007 0
2007 0
2007 0
2007 1
2007 7
2007 5
2007 3
2007 0
2007 0
2007 0
2007 0
2007 0
2007 0
2007 0
2007 0
2007 0
2007 0
2007 0
2007 0
2007 0
2007 0
2007 2
2007 7
2007 6
2007 6
2007 5
2007 6
2007 5
2007 5
2007 1
2007 27
2007 31
2007 27
2007 26
2007 23
2007 22
2007 21
2007 20
2007 19
2007 20
2007 18
2007 19
2007 20
2007 19
2007 17
2007 12
2007 12
2007 13
2007 13
2007 14
2007 13
2007 12
2007 11
2007 11
2007 13
2007 12
2007 10
2007 9
2007 10
2007 10
2007 10
2007 11
2007 4
2007 0
2007 0
2007 0
2007 6
2007 13
2007 13
2007 15
2007 13
2007 11
2007 10
2007 10
2007 10
2007 8
2007 7
2007 9
2007 10
2007 10
2007 11
2007 12
2007 13
2007 14
2007 13
2007 13
2007 15
2007 16
2007 13
2007 12
2007 13
2007 12
2007 12
2007 12
2007 12
2007 11
2007 11
2007 11
2007 11
2007 11
2007 15
2007 14
2007 15
2007 15
2007 12
2007 10
2007 9
2007 8
2007 5
2007 4
2007 8
2007 4
2007 0
2007 0
2007 0
2007 0
2007 0
2007 0
2007 0
2007 0
2007 0
2007 7
2007 15
2007 11
2007 10
2007 10
2007 17
2007 13
2007 8
2007 6
2007 5
2007 2
2007 6
2007 21
2007 21
2007 18
2007 14
2007 16
2007 11
2007 4
2007 0
2007 0
2007 0
2007 0
2007 0
2007 0
2007 0
2007 0
2007 0
2007 0
2007 0
2007 0
2007 0
2007 0
2007 0
2007 0
2007 0
2007 0
2007 0
2007 0
2007 0
2007 0
2007 0
2007 0
2007 0
2007 0
2007 0
2007 0
2007 0
2007 0
2007 0
2007 0
2007 0
2007 0
2007 0
2007 0
2007 0
2007 0
2007 0
2007 0
2007 0
2007 0
2007 0
2007 0
2007 0
2007 0
2007 0
2007 0
2007 0
2007 0
2007 0
2007 0
2007 0
2007 0
2007 0
2007 0
2007 0
2007 0
2007 0
2007 0
2007 0
2007 0
2007 0
2007 0
2007 0
2007 0
2007 0
2007 0
2007 0
2007 0
2007 0
2007 0
2007 0
2007 0
2007 0
2007 0
2007 0
2007 0
2007 0
2007 0
2007 0
2007 0
2007 0
2007 0
2007 0
2007 0
2007 0
2007 0
2007 0
2007 0
2007 0
2007 0
2007 0
2007 0
2007 0
2007 0
2007 0
2007 0
2007 0
2007 0
2007 0
2007 0
2007 0
2007 0
2007 0
2007 0
2007 0
2007 0
2007 0
2007 0
2007 0
2007 0
2007 0
2007 0
2007 0
2007 0
2007 0
2007 0
2007 0
2007 0
2007 0
2007 0
2007 0
2007 0
2007 0
2007 0
2007 0
2007 0
2007 0
2007 0
2007 0
2007 0
2007 0
2007 0
2007 0
2007 0
2007 0
2007 0
2007 0
2007 0
2007 0
2007 0
2007 0
2007 0
2007 0
2007 0
2007 0
2008 0
2008 0
2008 0
2008 0
2008 0
2008 0
2008 0
2008 0
2008 0
2008 0
2008 0
2008 0
2008 0
2008 0
2008 0
2008 0
2008 0
2008 0
2008 0
2008 0
2008 0
2008 0
2008 0
2008 0
2008 0
2008 0
2008 0
2008 7
2008 0
2008 0
2008 0
2008 0
2008 0
2008 0
2008 0
2008 0
2008 0
2008 0
2008 0
2008 0
2008 0
2008 0
2008 0
2008 0
2008 0
2008 0
2008 0
2008 0
2008 0
2008 0
2008 0
2008 0
2008 0
2008 16
2008 12
2008 5
2008 0
2008 0
2008 0
2008 2
2008 0
2008 0
2008 0
2008 0
2008 0
2008 0
2008 0
2008 0
2008 0
2008 0
2008 0
2008 0
2008 0
2008 0
2008 0
2008 0
2008 0
2008 0
2008 0
2008 0
2008 0
2008 0
2008 0
2008 0
2008 1
2008 4
2008 1
2008 0
2008 0
2008 0
2008 0
2008 0
2008 0
2008 4
2008 1
2008 0
2008 0
2008 0
2008 6
2008 8
2008 8
2008 10
2008 11
2008 6
2008 3
2008 0
2008 0
2008 0
2008 0
2008 0
2008 0
2008 0
2008 0
2008 0
2008 0
2008 0
2008 0
2008 0
2008 0
2008 0
2008 0
2008 0
2008 0
2008 0
2008 2
2008 17
2008 23
2008 26
2008 24
2008 24
2008 23
2008 22
2008 23
2008 21
2008 29
2008 30
2008 29
2008 37
2008 87
2008 92
2008 86
2008 81
2008 76
2008 75
2008 65
2008 62
2008 57
2008 57
2008 55
2008 46
2008 45
2008 45
2008 44
2008 43
2008 45
2008 46
2008 60
2008 84
2008 82
2008 67
2008 58
2008 58
2008 58
2008 58
2008 58
2008 58
2008 57
2008 57
2008 58
2008 58
2008 57
2008 57
2008 58
2008 57
2008 56
2008 55
2008 52
2008 51
2008 49
2008 49
2008 50
2008 47
2008 45
2008 41
2008 37
2008 47
2008 50
2008 43
2008 42
2008 41
2008 41
2008 47
2008 63
2008 61
2008 58
2008 57
2008 53
2008 52
2008 51
2008 51
2008 48
2008 49
2008 50
2008 53
2008 58
2008 63
2008 58
2008 54
2008 61
2008 65
2008 60
2008 58
2008 54
2008 51
2008 49
2008 47
2008 47
2008 48
2008 49
2008 52
2008 50
2008 48
2008 43
2008 36
2008 NA
2008 37
2008 37
2008 40
2008 41
2008 43
2008 40
2008 34
2008 28
2008 26
2008 28
2008 22
2008 19
2008 13
2008 6
2008 2
2008 0
2008 1
2008 0
2008 0
2008 0
2008 0
2008 0
2008 1
2008 0
2008 0
2008 0
2008 0
2008 0
2008 0
2008 0
2008 0
2008 0
2008 0
2008 0
2008 0
2008 0
2008 0
2008 0
2008 0
2008 0
2008 0
2008 0
2008 0
2008 0
2008 0
2008 0
2008 0
2008 0
2008 0
2008 0
2008 0
2008 0
2008 0
2008 0
2008 0
2008 0
2008 0
2008 0
2008 0
2008 0
2008 0
2008 0
2008 0
2008 0
2008 0
2008 0
2008 0
2008 0
2008 0
2008 0
2008 0
2008 0
2008 0
2008 0
2008 0
2008 0
2008 0
2008 0
2008 0
2008 0
2008 0
2008 0
2008 0
2008 0
2008 0
2008 0
2008 0
2008 0
2008 0
2008 0
2008 0
2008 0
2008 0
2008 0
2008 0
2008 0
2008 0
2008 0
2008 0
2008 0
2008 0
2008 0
2008 0
2008 0
2008 0
2008 0
2008 0
2008 0
2008 0
2008 0
2008 0
2008 0
2008 0
2008 0
2008 0
2008 0
2008 0
2008 0
2008 0
2008 0
2008 0
2008 0
2008 0
2008 0
2008 0
2008 0
2008 0
2008 0
2008 0
2008 0
2008 0
2008 0
2008 0
2008 0
2008 0
2008 0
2008 0
2008 0
2008 0
2008 0
2008 0
2009 0
2009 0
2009 0
2009 0
2009 0
2009 0
2009 0
2009 0
2009 0
2009 0
2009 0
2009 0
2009 0
2009 0
2009 0
2009 0
2009 0
2009 0
2009 0
2009 0
2009 0
2009 0
2009 0
2009 0
2009 0
2009 0
2009 0
2009 0
2009 0
2009 0
2009 0
2009 0
2009 0
2009 0
2009 0
2009 0
2009 0
2009 0
2009 0
2009 0
2009 0
2009 0
2009 0
2009 0
2009 0
2009 0
2009 0
2009 0
2009 0
2009 0
2009 0
2009 0
2009 0
2009 0
2009 0
2009 0
2009 0
2009 0
2009 0
2009 1
2009 5
2009 0
2009 0
2009 0
2009 0
2009 0
2009 0
2009 0
2009 0
2009 0
2009 0
2009 0
2009 0
2009 4
2009 2
2009 0
2009 0
2009 0
2009 0
2009 0
2009 0
2009 0
2009 0
2009 0
2009 16
2009 21
2009 18
2009 16
2009 20
2009 33
2009 44
2009 65
2009 63
2009 62
2009 62
2009 70
2009 75
2009 72
2009 71
2009 69
2009 79
2009 94
2009 89
2009 93
2009 104
2009 112
2009 108
2009 109
2009 103
2009 100
2009 98
2009 98
2009 98
2009 97
2009 97
2009 99
2009 NA
2009 106
2009 105
2009 104
2009 104
2009 104
2009 111
2009 111
2009 110
2009 109
2009 109
2009 109
2009 112
2009 113
2009 112
2009 112
2009 109
2009 109
2009 108
2009 111
2009 122
2009 124
2009 121
2009 120
2009 120
2009 137
2009 148
2009 149
2009 150
2009 151
2009 148
2009 147
2009 149
2009 149
2009 148
2009 147
2009 147
2009 152
2009 168
2009 184
2009 181
2009 180
2009 182
2009 192
2009 212
2009 210
2009 208
2009 194
2009 189
2009 188
2009 188
2009 188
2009 187
2009 187
2009 186
2009 186
2009 186
2009 186
2009 186
2009 186
2009 186
2009 186
2009 185
2009 185
2009 184
2009 185
2009 184
2009 185
2009 201
2009 212
2009 226
2009 219
2009 215
2009 214
2009 214
2009 212
2009 205
2009 204
2009 204
2009 204
2009 203
2009 201
2009 199
2009 199
2009 201
2009 198
2009 198
2009 197
2009 195
2009 194
2009 194
2009 195
2009 192
2009 191
2009 186
2009 183
2009 179
2009 172
2009 166
2009 161
2009 156
2009 150
2009 145
2009 140
2009 136
2009 132
2009 128
2009 123
2009 118
2009 113
2009 107
2009 103
2009 98
2009 96
2009 94
2009 90
2009 84
2009 77
2009 74
2009 74
2009 71
2009 66
2009 59
2009 46
2009 50
2009 52
2009 45
2009 39
2009 31
2009 27
2009 22
2009 16
2009 6
2009 0
2009 0
2009 0
2009 0
2009 0
2009 0
2009 0
2009 0
2009 0
2009 0
2009 0
2009 0
2009 0
2009 0
2009 0
2009 0
2009 0
2009 0
2009 0
2009 0
2009 0
2009 0
2009 0
2009 0
2009 0
2009 0
2009 0
2009 0
2009 0
2009 0
2009 0
2009 0
2009 0
2009 0
2009 0
2009 0
2009 0
2009 0
2009 0
2009 0
2009 0
2009 0
2009 0
2009 0
2009 0
2009 0
2009 0
2009 0
2009 0
2009 0
2009 0
2009 0
2009 0
2009 0
2009 0
2009 0
2009 0
2009 0
2009 0
2009 0
2009 0
2009 0
2009 0
2009 0
2009 0
2009 0
2009 0
2009 0
2009 0
2009 0
2009 0
2009 0
2009 0
2009 0
2009 0
2009 0
2009 0
2009 0
2009 0
2009 0
2009 0
2009 0
2009 0
2009 0
2009 0
2009 0
2009 0
2009 0
2009 0
2009 0
2009 0
2009 0
2009 0
2009 0
2009 0
2009 0
2009 0
2009 0
2009 0
2009 0
2009 0
2009 0
2009 0
2009 0
2009 0
2009 0
2009 0
2009 0
2009 0
2009 0
2009 0
2009 0
2009 0
2009 0
2009 0
2009 0
2010 0
2010 0
2010 0
2010 0
2010 0
2010 0
2010 0
2010 0
2010 0
2010 0
2010 0
2010 0
2010 0
2010 0
2010 0
2010 0
2010 0
2010 0
2010 0
2010 0
2010 0
2010 0
2010 0
2010 0
2010 0
2010 0
2010 0
2010 0
2010 0
2010 0
2010 0
2010 0
2010 0
2010 0
2010 0
2010 0
2010 0
2010 0
2010 0
2010 0
2010 0
2010 0
2010 0
2010 0
2010 0
2010 0
2010 0
2010 0
2010 0
2010 0
2010 0
2010 0
2010 0
2010 0
2010 0
2010 0
2010 0
2010 0
2010 0
2010 0
2010 0
2010 0
2010 3
2010 26
2010 23
2010 19
2010 36
2010 37
2010 36
2010 47
2010 45
2010 42
2010 40
2010 39
2010 35
2010 31
2010 22
2010 17
2010 15
2010 12
2010 10
2010 10
2010 8
2010 8
2010 7
2010 7
2010 5
2010 0
2010 0
2010 0
2010 0
2010 4
2010 7
2010 7
2010 18
2010 28
2010 28
2010 25
2010 18
2010 17
2010 17
2010 16
2010 16
2010 16
2010 16
2010 15
2010 15
2010 15
2010 15
2010 16
2010 16
2010 16
2010 30
2010 22
2010 14
2010 2
2010 6
2010 6
2010 7
2010 7
2010 4
2010 0
2010 0
2010 6
2010 6
2010 8
2010 9
2010 10
2010 11
2010 25
2010 38
2010 49
2010 50
2010 50
2010 49
2010 48
2010 47
2010 46
2010 47
2010 46
2010 46
2010 46
2010 46
2010 45
2010 45
2010 45
2010 45
2010 46
2010 45
2010 44
2010 44
2010 51
2010 49
2010 46
2010 46
2010 45
2010 45
2010 56
2010 77
2010 74
2010 72
2010 72
2010 74
2010 82
2010 82
2010 80
2010 78
2010 79
2010 79
2010 75
2010 77
2010 86
2010 90
2010 87
2010 88
2010 88
2010 87
2010 86
2010 92
2010 92
2010 91
2010 88
2010 89
2010 91
2010 94
2010 92
2010 90
2010 90
2010 89
2010 89
2010 98
2010 107
2010 106
2010 106
2010 105
2010 103
2010 102
2010 102
2010 101
2010 99
2010 97
2010 94
2010 89
2010 85
2010 80
2010 75
2010 71
2010 67
2010 64
2010 61
2010 58
2010 64
2010 67
2010 70
2010 70
2010 72
2010 71
2010 69
2010 66
2010 63
2010 60
2010 55
2010 53
2010 54
2010 51
2010 51
2010 51
2010 48
2010 42
2010 46
2010 41
2010 36
2010 29
2010 22
2010 16
2010 10
2010 2
2010 0
2010 0
2010 0
2010 0
2010 0
2010 0
2010 0
2010 0
2010 0
2010 0
2010 1
2010 3
2010 0
2010 0
2010 0
2010 0
2010 0
2010 0
2010 2
2010 4
2010 0
2010 0
2010 0
2010 0
2010 0
2010 0
2010 0
2010 0
2010 0
2010 0
2010 0
2010 0
2010 0
2010 0
2010 0
2010 0
2010 0
2010 0
2010 0
2010 0
2010 0
2010 0
2010 0
2010 0
2010 0
2010 0
2010 0
2010 0
2010 0
2010 0
2010 0
2010 0
2010 0
2010 0
2010 0
2010 0
2010 0
2010 0
2010 0
2010 0
2010 0
2010 0
2010 0
2010 0
2010 0
2010 0
2010 0
2010 0
2010 0
2010 0
2010 0
2010 0
2010 0
2010 0
2010 0
2010 0
2010 0
2010 0
2010 0
2010 0
2010 0
2010 0
2010 0
2010 0
2010 0
2010 0
2010 0
2010 0
2010 0
2010 0
2010 0
2010 0
2010 0
2010 0
2010 0
2010 0
2010 0
2010 0
2010 0
2010 0
2010 0
2010 0
2010 0
2010 0
2010 0
2010 0
2010 0
2010 0
2010 0
2010 0
2010 0
2010 0
2010 0
2010 0
2010 0
2010 0
2010 0
2010 0
2010 0
2010 0
2010 0
2010 0
2010 0
2010 0
2010 0
2010 0
2010 0
2010 0
2011 0
2011 0
2011 0
2011 0
2011 0
2011 0
2011 0
2011 0
2011 0
2011 0
2011 0
2011 0
2011 0
2011 0
2011 0
2011 0
2011 0
2011 0
2011 0
2011 0
2011 0
2011 0
2011 0
2011 0
2011 0
2011 0
2011 0
2011 0
2011 0
2011 0
2011 0
2011 0
2011 0
2011 0
2011 0
2011 0
2011 0
2011 0
2011 0
2011 0
2011 0
2011 0
2011 0
2011 0
2011 0
2011 0
2011 17
2011 18
2011 9
2011 5
2011 3
2011 1
2011 0
2011 0
2011 4
2011 15
2011 14
2011 11
2011 8
2011 8
2011 3
2011 0
2011 0
2011 0
2011 0
2011 0
2011 0
2011 0
2011 6
2011 15
2011 16
2011 23
2011 20
2011 19
2011 14
2011 6
2011 0
2011 0
2011 2
2011 12
2011 12
2011 13
2011 8
2011 8
2011 7
2011 8
2011 14
2011 9
2011 17
2011 16
2011 16
2011 25
2011 16
2011 20
2011 29
2011 28
2011 28
2011 21
2011 8
2011 0
2011 0
2011 0
2011 0
2011 0
2011 0
2011 0
2011 0
2011 4
2011 6
2011 6
2011 8
2011 8
2011 13
2011 3
2011 1
2011 12
2011 9
2011 6
2011 6
2011 5
2011 5
2011 5
2011 6
2011 7
2011 6
2011 7
2011 6
2011 5
2011 5
2011 2
2011 0
2011 6
2011 11
2011 10
2011 10
2011 10
2011 10
2011 5
2011 0
2011 0
2011 3
2011 9
2011 8
2011 5
2011 7
2011 8
2011 8
2011 8
2011 8
2011 9
2011 8
2011 8
2011 8
2011 7
2011 6
2011 4
2011 4
2011 5
2011 1
2011 0
2011 0
2011 0
2011 0
2011 0
2011 0
2011 0
2011 0
2011 0
2011 22
2011 51
2011 44
2011 46
2011 48
2011 49
2011 49
2011 44
2011 42
2011 41
2011 39
2011 38
2011 52
2011 50
2011 42
2011 44
2011 44
2011 43
2011 42
2011 42
2011 42
2011 42
2011 41
2011 40
2011 40
2011 42
2011 45
2011 41
2011 31
2011 27
2011 24
2011 21
2011 21
2011 23
2011 20
2011 20
2011 17
2011 14
2011 12
2011 11
2011 5
2011 0
2011 0
2011 0
2011 0
2011 0
2011 0
2011 0
2011 0
2011 0
2011 0
2011 0
2011 0
2011 0
2011 0
2011 0
2011 0
2011 0
2011 0
2011 0
2011 0
2011 0
2011 0
2011 0
2011 0
2011 0
2011 0
2011 0
2011 0
2011 0
2011 0
2011 0
2011 0
2011 0
2011 0
2011 0
2011 0
2011 0
2011 0
2011 0
2011 0
2011 0
2011 0
2011 0
2011 0
2011 0
2011 0
2011 0
2011 5
2011 4
2011 0
2011 0
2011 0
2011 0
2011 0
2011 0
2011 0
2011 0
2011 0
2011 0
2011 0
2011 0
2011 0
2011 0
2011 0
2011 0
2011 0
2011 0
2011 0
2011 0
2011 0
2011 0
2011 0
2011 0
2011 0
2011 0
2011 0
2011 0
2011 0
2011 0
2011 0
2011 0
2011 0
2011 0
2011 0
2011 0
2011 0
2011 0
2011 0
2011 0
2011 0
2011 0
2011 0
2011 0
2011 0
2011 0
2011 0
2011 0
2011 0
2011 0
2011 0
2011 0
2011 0
2011 0
2011 0
2011 0
2011 0
2011 0
2011 0
2011 0
2011 0
2011 0
2011 0
2011 0
2011 0
2011 0
2011 0
2011 0
2011 0
2011 0
2011 0
2011 0
2011 0
2011 0
2011 0
2011 0
2011 0
2011 0
2011 0
2011 0
2011 0
2011 0
2011 0
2011 0
2011 0
2011 0
2011 0
2011 0
2011 0
2011 0
2011 0
2011 0
2011 0
2011 0
2011 0
2011 0
2011 0
2011 0
2011 0
2011 0
2011 0
2011 0
2011 0
2011 0
2011 0
2011 0
2011 0
2012 0
2012 0
2012 0
2012 0
2012 0
2012 0
2012 0
2012 0
2012 0
2012 0
2012 0
2012 0
2012 0
2012 0
2012 0
2012 0
2012 0
2012 0
2012 0
2012 0
2012 0
2012 0
2012 0
2012 0
2012 0
2012 0
2012 0
2012 0
2012 0
2012 0
2012 0
2012 0
2012 0
2012 0
2012 0
2012 0
2012 0
2012 0
2012 0
2012 0
2012 0
2012 0
2012 0
2012 0
2012 0
2012 0
2012 0
2012 0
2012 0
2012 5
2012 5
2012 0
2012 0
2012 0
2012 0
2012 0
2012 0
2012 0
2012 0
2012 0
2012 0
2012 0
2012 0
2012 0
2012 0
2012 0
2012 0
2012 0
2012 0
2012 0
2012 0
2012 0
2012 0
2012 0
2012 0
2012 0
2012 0
2012 0
2012 0
2012 0
2012 0
2012 0
2012 0
2012 0
2012 0
2012 0
2012 0
2012 0
2012 0
2012 0
2012 0
2012 0
2012 0
2012 0
2012 0
2012 0
2012 0
2012 0
2012 0
2012 0
2012 0
2012 0
2012 2
2012 8
2012 7
2012 6
2012 8
2012 10
2012 10
2012 11
2012 9
2012 7
2012 7
2012 8
2012 8
2012 7
2012 7
2012 7
2012 7
2012 11
2012 13
2012 10
2012 10
2012 11
2012 13
2012 12
2012 12
2012 11
2012 10
2012 10
2012 10
2012 10
2012 10
2012 10
2012 9
2012 9
2012 9
2012 9
2012 9
2012 9
2012 8
2012 7
2012 6
2012 5
2012 6
2012 6
2012 7
2012 7
2012 7
2012 7
2012 7
2012 6
2012 5
2012 8
2012 10
2012 6
2012 7
2012 8
2012 6
2012 13
2012 11
2012 11
2012 8
2012 9
2012 13
2012 13
2012 12
2012 11
2012 8
2012 9
2012 8
2012 9
2012 29
2012 32
2012 28
2012 26
2012 22
2012 17
2012 15
2012 15
2012 14
2012 10
2012 7
2012 3
2012 1
2012 0
2012 3
2012 5
2012 1
2012 0
2012 0
2012 0
2012 0
2012 0
2012 0
2012 0
2012 0
2012 0
2012 0
2012 0
2012 4
2012 3
2012 0
2012 0
2012 0
2012 0
2012 0
2012 0
2012 0
2012 0
2012 0
2012 0
2012 0
2012 0
2012 0
2012 0
2012 0
2012 0
2012 0
2012 0
2012 2
2012 6
2012 3
2012 13
2012 20
2012 18
2012 16
2012 16
2012 15
2012 11
2012 9
2012 17
2012 27
2012 19
2012 18
2012 17
2012 24
2012 23
2012 19
2012 14
2012 5
2012 0
2012 0
2012 0
2012 0
2012 0
2012 0
2012 0
2012 0
2012 0
2012 0
2012 0
2012 0
2012 0
2012 0
2012 0
2012 0
2012 0
2012 6
2012 2
2012 0
2012 0
2012 0
2012 0
2012 0
2012 0
2012 0
2012 0
2012 0
2012 0
2012 0
2012 0
2012 0
2012 0
2012 0
2012 0
2012 0
2012 0
2012 0
2012 0
2012 0
2012 0
2012 0
2012 0
2012 0
2012 0
2012 0
2012 0
2012 0
2012 0
2012 0
2012 0
2012 0
2012 0
2012 0
2012 0
2012 0
2012 0
2012 0
2012 0
2012 0
2012 0
2012 0
2012 0
2012 0
2012 0
2012 0
2012 0
2012 0
2012 0
2012 0
2012 0
2012 0
2012 0
2012 0
2012 0
2012 0
2012 0
2012 0
2012 0
2012 0
2012 0
2012 0
2012 0
2012 0
2012 0
2012 0
2012 0
2012 0
2012 0
2012 0
2012 0
2012 0
2012 0
2012 0
2012 0
2012 0
2012 0
2012 0
2012 0
2012 0
2012 0
2012 0
2012 0
2012 0
2012 0
2012 0
2012 0
2012 0
2012 0
2012 0
2012 0
2012 0
2012 0
2012 0
2012 0
2012 0
2012 0
2012 0
2012 0
2012 0
2012 0
2012 0
2012 0
2012 0
2012 0
2013 0
2013 0
2013 0
2013 0
2013 0
2013 0
2013 0
2013 0
2013 0
2013 0
2013 0
2013 0
2013 0
2013 0
2013 0
2013 0
2013 0
2013 0
2013 0
2013 0
2013 0
2013 0
2013 0
2013 0
2013 0
2013 0
2013 0
2013 0
2013 0
2013 0
2013 0
2013 0
2013 0
2013 0
2013 0
2013 0
2013 0
2013 0
2013 0
2013 0
2013 0
2013 0
2013 0
2013 0
2013 0
2013 0
2013 0
2013 0
2013 0
2013 0
2013 0
2013 0
2013 0
2013 0
2013 0
2013 0
2013 0
2013 2
2013 7
2013 7
2013 5
2013 0
2013 0
2013 0
2013 0
2013 0
2013 0
2013 0
2013 0
2013 0
2013 0
2013 0
2013 0
2013 0
2013 0
2013 0
2013 0
2013 0
2013 0
2013 0
2013 0
2013 0
2013 0
2013 0
2013 0
2013 0
2013 0
2013 0
2013 0
2013 5
2013 7
2013 9
2013 12
2013 5
2013 5
2013 5
2013 5
2013 6
2013 5
2013 5
2013 5
2013 4
2013 2
2013 1
2013 12
2013 15
2013 13
2013 13
2013 12
2013 12
2013 12
2013 13
2013 12
2013 11
2013 11
2013 11
2013 4
2013 0
2013 0
2013 0
2013 0
2013 0
2013 0
2013 8
2013 10
2013 8
2013 6
2013 3
2013 1
2013 0
2013 0
2013 0
2013 0
2013 0
2013 9
2013 29
2013 36
2013 57
2013 83
2013 76
2013 74
2013 74
2013 74
2013 83
2013 83
2013 80
2013 77
2013 76
2013 75
2013 78
2013 79
2013 77
2013 74
2013 74
2013 77
2013 77
2013 75
2013 75
2013 76
2013 75
2013 73
2013 73
2013 73
2013 78
2013 100
2013 102
2013 100
2013 98
2013 97
2013 97
2013 96
2013 95
2013 94
2013 99
2013 102
2013 102
2013 108
2013 111
2013 108
2013 110
2013 107
2013 106
2013 105
2013 104
2013 104
2013 104
2013 108
2013 102
2013 98
2013 95
2013 97
2013 97
2013 103
2013 107
2013 103
2013 97
2013 97
2013 98
2013 121
2013 126
2013 125
2013 124
2013 122
2013 123
2013 130
2013 140
2013 141
2013 140
2013 142
2013 151
2013 146
2013 153
2013 159
2013 154
2013 150
2013 149
2013 158
2013 159
2013 153
2013 151
2013 152
2013 148
2013 145
2013 138
2013 132
2013 127
2013 123
2013 118
2013 112
2013 105
2013 95
2013 81
2013 72
2013 67
2013 62
2013 57
2013 51
2013 44
2013 37
2013 29
2013 22
2013 13
2013 3
2013 0
2013 0
2013 0
2013 0
2013 0
2013 0
2013 0
2013 0
2013 0
2013 0
2013 0
2013 0
2013 0
2013 0
2013 0
2013 0
2013 0
2013 0
2013 0
2013 0
2013 0
2013 0
2013 15
2013 17
2013 9
2013 2
2013 0
2013 0
2013 0
2013 0
2013 0
2013 0
2013 0
2013 0
2013 0
2013 0
2013 0
2013 0
2013 0
2013 0
2013 0
2013 0
2013 0
2013 0
2013 0
2013 0
2013 0
2013 0
2013 0
2013 0
2013 0
2013 0
2013 0
2013 0
2013 0
2013 0
2013 0
2013 0
2013 0
2013 0
2013 0
2013 0
2013 0
2013 0
2013 0
2013 0
2013 0
2013 0
2013 0
2013 0
2013 0
2013 0
2013 0
2013 0
2013 0
2013 0
2013 0
2013 0
2013 0
2013 0
2013 0
2013 0
2013 0
2013 0
2013 0
2013 0
2013 0
2013 0
2013 0
2013 0
2013 0
2013 0
2013 0
2013 0
2013 0
2013 0
2013 0
2013 0
2013 0
2013 0
2013 0
2013 0
2013 0
2013 0
2013 0
2013 0
2013 0
2013 0
2013 0
2013 0
2013 0
2013 0
2013 0
2013 0
2013 0
2013 0
2013 0
2013 0
2013 0
2013 0
2013 0
2013 0
2014 0
2014 0
2014 0
2014 0
2014 0
2014 0
2014 0
2014 0
2014 0
2014 0
2014 0
2014 0
2014 0
2014 0
2014 0
2014 0
2014 0
2014 0
2014 0
2014 0
2014 0
2014 0
2014 0
2014 0
2014 0
2014 0
2014 0
2014 0
2014 0
2014 0
2014 0
2014 0
2014 0
2014 0
2014 0
2014 0
2014 0
2014 0
2014 0
2014 0
2014 0
2014 0
2014 0
2014 0
2014 0
2014 0
2014 0
2014 0
2014 0
2014 0
2014 0
2014 0
2014 0
2014 0
2014 0
2014 0
2014 0
2014 0
2014 0
2014 0
2014 0
2014 0
2014 0
2014 0
2014 0
2014 0
2014 0
2014 0
2014 0
2014 0
2014 0
2014 0
2014 0
2014 0
2014 0
2014 12
2014 7
2014 2
2014 0
2014 1
2014 1
2014 9
2014 32
2014 32
2014 44
2014 23
2014 12
2014 10
2014 9
2014 9
2014 11
2014 10
2014 8
2014 8
2014 8
2014 7
2014 7
2014 7
2014 7
2014 6
2014 5
2014 6
2014 6
2014 6
2014 6
2014 6
2014 6
2014 6
2014 5
2014 6
2014 6
2014 6
2014 4
2014 2
2014 1
2014 2
2014 2
2014 0
2014 0
2014 4
2014 2
2014 4
2014 5
2014 7
2014 9
2014 7
2014 4
2014 4
2014 4
2014 3
2014 1
2014 0
2014 0
2014 0
2014 0
2014 21
2014 30
2014 29
2014 45
2014 54
2014 51
2014 50
2014 49
2014 48
2014 48
2014 57
2014 47
2014 47
2014 52
2014 69
2014 66
2014 81
2014 105
2014 95
2014 89
2014 95
2014 111
2014 121
2014 123
2014 124
2014 135
2014 143
2014 146
2014 148
2014 146
2014 146
2014 145
2014 142
2014 137
2014 131
2014 130
2014 125
2014 130
2014 130
2014 141
2014 140
2014 138
2014 137
2014 136
2014 139
2014 141
2014 139
2014 137
2014 136
2014 138
2014 136
2014 132
2014 130
2014 130
2014 129
2014 128
2014 127
2014 124
2014 124
2014 120
2014 117
2014 116
2014 110
2014 106
2014 103
2014 100
2014 96
2014 94
2014 94
2014 100
2014 102
2014 104
2014 105
2014 103
2014 99
2014 98
2014 95
2014 92
2014 89
2014 85
2014 81
2014 76
2014 71
2014 66
2014 60
2014 53
2014 51
2014 48
2014 46
2014 43
2014 39
2014 35
2014 33
2014 30
2014 26
2014 29
2014 27
2014 24
2014 19
2014 13
2014 7
2014 1
2014 0
2014 0
2014 0
2014 0
2014 0
2014 0
2014 0
2014 0
2014 0
2014 0
2014 0
2014 0
2014 0
2014 0
2014 0
2014 0
2014 0
2014 0
2014 0
2014 0
2014 0
2014 0
2014 0
2014 0
2014 0
2014 0
2014 0
2014 0
2014 0
2014 0
2014 0
2014 0
2014 0
2014 0
2014 0
2014 0
2014 0
2014 0
2014 0
2014 0
2014 0
2014 0
2014 0
2014 0
2014 0
2014 0
2014 0
2014 0
2014 0
2014 0
2014 0
2014 0
2014 0
2014 0
2014 0
2014 0
2014 0
2014 0
2014 0
2014 0
2014 0
2014 0
2014 0
2014 0
2014 0
2014 0
2014 0
2014 0
2014 0
2014 0
2014 0
2014 0
2014 0
2014 0
2014 0
2014 0
2014 0
2014 0
2014 0
2014 0
2014 0
2014 0
2014 0
2014 0
2014 0
2014 0
2014 0
2014 0
2014 0
2014 0
2014 0
2014 0
2014 0
2014 0
2014 0
2014 0
2014 0
2014 0
2014 0
2014 0
2014 0
2014 0
2014 0
2014 0
2014 0
2014 0
2014 0
2014 0
2014 0
2014 0
2014 0
2014 0
2014 0
2014 0
2014 0
2014 0
2014 0
2014 0
2014 0
2014 0
2014 0
2014 0
2014 0
2014 0
2014 0
2014 0
2014 0
2014 0
2015 0
2015 0
2015 0
2015 0
2015 0
2015 0
2015 0
2015 0
2015 0
2015 0
2015 0
2015 0
2015 0
2015 0
2015 0
2015 0
2015 0
2015 0
2015 0
2015 0
2015 0
2015 0
2015 0
2015 0
2015 0
2015 0
2015 0
2015 0
2015 0
2015 0
2015 0
2015 0
2015 0
2015 0
2015 0
2015 0
2015 0
2015 0
2015 0
2015 0
2015 0
2015 0
2015 0
2015 0
2015 0
2015 0
2015 0
2015 0
2015 0
2015 0
2015 0
2015 0
2015 0
2015 0
2015 0
2015 0
2015 0
2015 0
2015 0
2015 0
2015 0
2015 0
2015 0
2015 0
2015 0
2015 0
2015 0
2015 0
2015 0
2015 0
2015 0
2015 0
2015 0
2015 0
2015 0
2015 0
2015 0
2015 5
2015 11
2015 10
2015 11
2015 10
2015 10
2015 10
2015 9
2015 6
2015 4
2015 0
2015 0
2015 0
2015 0
2015 0
2015 0
2015 0
2015 0
2015 0
2015 0
2015 0
2015 0
2015 4
2015 0
2015 0
2015 0
2015 0
2015 0
2015 0
2015 6
2015 10
2015 9
2015 9
2015 10
2015 9
2015 8
2015 7
2015 8
2015 8
2015 8
2015 11
2015 15
2015 4
2015 2
2015 0
2015 0
2015 0
2015 0
2015 0
2015 0
2015 0
2015 0
2015 0
2015 0
2015 0
2015 0
2015 0
2015 0
2015 0
2015 0
2015 1
2015 11
2015 11
2015 11
2015 11
2015 12
2015 17
2015 15
2015 11
2015 12
2015 12
2015 11
2015 10
2015 10
2015 13
2015 10
2015 10
2015 9
2015 10
2015 10
2015 30
2015 44
2015 43
2015 36
2015 21
2015 20
2015 20
2015 20
2015 20
2015 21
2015 27
2015 29
2015 27
2015 27
2015 26
2015 25
2015 27
2015 42
2015 42
2015 43
2015 40
2015 40
2015 38
2015 38
2015 38
2015 39
2015 38
2015 39
2015 38
2015 37
2015 37
2015 37
2015 37
2015 36
2015 33
2015 33
2015 33
2015 33
2015 34
2015 44
2015 52
2015 48
2015 44
2015 42
2015 42
2015 44
2015 42
2015 43
2015 41
2015 37
2015 35
2015 34
2015 33
2015 29
2015 25
2015 22
2015 22
2015 21
2015 21
2015 22
2015 20
2015 19
2015 17
2015 13
2015 11
2015 8
2015 5
2015 0
2015 0
2015 0
2015 0
2015 0
2015 0
2015 0
2015 0
2015 0
2015 0
2015 0
2015 0
2015 0
2015 0
2015 0
2015 0
2015 0
2015 0
2015 0
2015 0
2015 0
2015 0
2015 0
2015 0
2015 0
2015 0
2015 0
2015 0
2015 0
2015 0
2015 0
2015 0
2015 0
2015 0
2015 0
2015 0
2015 0
2015 0
2015 0
2015 0
2015 0
2015 0
2015 0
2015 0
2015 0
2015 0
2015 0
2015 0
2015 0
2015 0
2015 0
2015 0
2015 0
2015 0
2015 0
2015 0
2015 0
2015 0
2015 0
2015 0
2015 0
2015 0
2015 0
2015 0
2015 0
2015 0
2015 0
2015 0
2015 0
2015 0
2015 0
2015 0
2015 0
2015 0
2015 0
2015 0
2015 0
2015 0
2015 0
2015 0
2015 0
2015 0
2015 0
2015 0
2015 0
2015 0
2015 0
2015 0
2015 0
2015 0
2015 0
2015 0
2015 0
2015 0
2015 0
2015 0
2015 0
2015 0
2015 0
2015 0
2015 0
2015 0
2015 0
2015 0
2015 0
2015 0
2015 0
2015 0
2015 0
2015 0
2015 0
2015 0
2015 0
2015 0
2015 0
2015 0
2015 0
2015 0
2015 0
2015 0
2015 0
2015 0
2015 0
2015 0
2015 0
2015 0
2015 0
2015 0
2015 0
2015 0
2015 0
2015 0
2015 0
2015 0
2015 0
2015 0
2015 0
2015 0
2015 0
2015 0
2015 0
2016 0
2016 0
2016 0
2016 0
2016 0
2016 0
2016 0
2016 0
2016 0
2016 0
2016 0
2016 0
2016 0
2016 0
2016 0
2016 0
2016 0
2016 0
2016 0
2016 0
2016 0
2016 0
2016 0
2016 0
2016 0
2016 0
2016 0
2016 0
2016 0
2016 0
2016 0
2016 0
2016 0
2016 0
2016 0
2016 0
2016 0
2016 0
2016 0
2016 0
2016 0
2016 0
2016 0
2016 0
2016 0
2016 3
2016 2
2016 0
2016 0
2016 0
2016 0
2016 0
2016 0
2016 0
2016 0
2016 0
2016 0
2016 0
2016 0
2016 0
2016 0
2016 0
2016 0
2016 0
2016 0
2016 0
2016 0
2016 0
2016 0
2016 0
2016 0
2016 0
2016 0
2016 0
2016 0
2016 0
2016 0
2016 0
2016 0
2016 0
2016 0
2016 3
2016 6
2016 9
2016 8
2016 8
2016 7
2016 0
2016 0
2016 0
2016 0
2016 0
2016 0
2016 0
2016 0
2016 0
2016 0
2016 0
2016 0
2016 0
2016 0
2016 0
2016 0
2016 0
2016 0
2016 0
2016 0
2016 0
2016 0
2016 0
2016 0
2016 0
2016 0
2016 0
2016 0
2016 0
2016 0
2016 0
2016 0
2016 0
2016 0
2016 0
2016 0
2016 2
2016 14
2016 13
2016 13
2016 10
2016 11
2016 12
2016 7
2016 0
2016 0
2016 0
2016 0
2016 0
2016 0
2016 0
2016 0
2016 0
2016 0
2016 0
2016 0
2016 0
2016 0
2016 0
2016 0
2016 0
2016 0
2016 0
2016 0
2016 0
2016 0
2016 0
2016 0
2016 1
2016 1
2016 0
2016 0
2016 11
2016 31
2016 29
2016 48
2016 45
2016 47
2016 49
2016 55
2016 61
2016 70
2016 95
2016 102
2016 102
2016 101
2016 97
2016 92
2016 87
2016 83
2016 85
2016 83
2016 86
2016 109
2016 110
2016 114
2016 111
2016 118
2016 108
2016 127
2016 162
2016 174
2016 179
2016 190
2016 187
2016 182
2016 177
2016 175
2016 174
2016 172
2016 182
2016 179
2016 176
2016 172
2016 169
2016 165
2016 159
2016 155
2016 152
2016 152
2016 150
2016 148
2016 146
2016 142
2016 136
2016 130
2016 126
2016 123
2016 121
2016 117
2016 111
2016 106
2016 101
2016 94
2016 89
2016 86
2016 79
2016 73
2016 65
2016 59
2016 54
2016 47
2016 40
2016 29
2016 21
2016 16
2016 12
2016 7
2016 2
2016 1
2016 0
2016 2
2016 1
2016 0
2016 0
2016 0
2016 3
2016 0
2016 0
2016 0
2016 6
2016 0
2016 0
2016 0
2016 0
2016 0
2016 0
2016 0
2016 0
2016 0
2016 0
2016 0
2016 0
2016 0
2016 0
2016 0
2016 0
2016 0
2016 0
2016 0
2016 0
2016 0
2016 0
2016 0
2016 0
2016 0
2016 0
2016 0
2016 0
2016 0
2016 0
2016 0
2016 0
2016 0
2016 0
2016 0
2016 0
2016 0
2016 0
2016 0
2016 0
2016 0
2016 0
2016 0
2016 0
2016 0
2016 0
2016 0
2016 0
2016 0
2016 0
2016 0
2016 0
2016 0
2016 0
2016 0
2016 0
2016 0
2016 0
2016 0
2016 0
2016 0
2016 0
2016 0
2016 0
2016 0
2016 0
2016 0
2016 0
2016 0
2016 0
2016 0
2016 0
2016 0
2016 0
2016 0
2016 0
2016 0
2016 0
2016 0
2016 0
2016 0
2016 0
2016 0
2016 0
2016 0
2016 0
2016 0
2016 0
2016 0
2016 0
2016 0
2016 0
2016 0
2016 0
2016 0
2016 0
2016 0
2016 0
2016 0
2016 0
2016 0
2016 0
2016 0
2016 0
2016 0
2016 0
2016 0
2016 0
2016 0
2016 0
2016 0
2016 0
2016 0
2016 0
2016 0
2016 0
2016 0
2016 0
2017 0
2017 0
2017 0
2017 0
2017 0
2017 0
2017 0
2017 0
2017 0
2017 0
2017 0
2017 0
2017 0
2017 0
2017 0
2017 0
2017 0
2017 0
2017 0
2017 0
2017 0
2017 0
2017 0
2017 0
2017 0
2017 0
2017 0
2017 0
2017 0
2017 0
2017 0
2017 0
2017 0
2017 0
2017 0
2017 0
2017 0
2017 0
2017 1
2017 1
2017 1
2017 0
2017 0
2017 0
2017 0
2017 0
2017 0
2017 0
2017 0
2017 0
2017 0
2017 0
2017 0
2017 0
2017 0
2017 0
2017 0
2017 0
2017 0
2017 0
2017 0
2017 0
2017 0
2017 0
2017 0
2017 0
2017 0
2017 0
2017 3
2017 8
2017 6
2017 5
2017 0
2017 0
2017 0
2017 0
2017 0
2017 0
2017 0
2017 0
2017 0
2017 0
2017 0
2017 0
2017 0
2017 0
2017 0
2017 0
2017 0
2017 0
2017 0
2017 0
2017 0
2017 0
2017 0
2017 0
2017 0
2017 0
2017 0
2017 0
2017 0
2017 0
2017 0
2017 0
2017 0
2017 0
2017 0
2017 0
2017 0
2017 0
2017 0
2017 0
2017 0
2017 0
2017 0
2017 0
2017 0
2017 0
2017 0
2017 0
2017 0
2017 0
2017 0
2017 0
2017 0
2017 0
2017 0
2017 0
2017 0
2017 0
2017 0
2017 0
2017 0
2017 0
2017 6
2017 2
2017 4
2017 2
2017 0
2017 0
2017 0
2017 0
2017 0
2017 0
2017 0
2017 0
2017 0
2017 0
2017 0
2017 0
2017 0
2017 0
2017 2
2017 5
2017 3
2017 3
2017 9
2017 23
2017 38
2017 37
2017 35
2017 34
2017 35
2017 39
2017 38
2017 37
2017 35
2017 35
2017 36
2017 35
2017 35
2017 35
2017 35
2017 35
2017 33
2017 31
2017 31
2017 29
2017 28
2017 29
2017 35
2017 45
2017 45
2017 45
2017 46
2017 51
2017 49
2017 49
2017 49
2017 48
2017 46
2017 46
2017 47
2017 46
2017 45
2017 44
2017 42
2017 39
2017 37
2017 34
2017 31
2017 30
2017 28
2017 25
2017 20
2017 16
2017 13
2017 10
2017 6
2017 2
2017 0
2017 0
2017 0
2017 0
2017 0
2017 0
2017 0
2017 0
2017 0
2017 0
2017 0
2017 0
2017 0
2017 0
2017 0
2017 0
2017 0
2017 0
2017 0
2017 0
2017 0
2017 0
2017 0
2017 0
2017 0
2017 0
2017 0
2017 0
2017 0
2017 0
2017 0
2017 0
2017 1
2017 3
2017 0
2017 0
2017 0
2017 0
2017 0
2017 0
2017 0
2017 0
2017 0
2017 0
2017 0
2017 0
2017 0
2017 0
2017 0
2017 0
2017 0
2017 0
2017 0
2017 0
2017 0
2017 0
2017 0
2017 0
2017 0
2017 0
2017 0
2017 0
2017 0
2017 0
2017 0
2017 0
2017 0
2017 0
2017 0
2017 0
2017 0
2017 0
2017 0
2017 0
2017 0
2017 0
2017 0
2017 0
2017 0
2017 0
2017 0
2017 0
2017 0
2017 0
2017 0
2017 0
2017 0
2017 0
2017 0
2017 0
2017 0
2017 0
2017 0
2017 0
2017 0
2017 0
2017 0
2017 0
2017 0
2017 0
2017 0
2017 0
2017 0
2017 0
2017 0
2017 0
2017 0
2017 0
2017 0
2017 0
2017 0
2017 0
2017 0
2017 0
2017 0
2017 0
2017 0
2017 0
2017 0
2017 0
2017 0
2017 0
2017 0
2017 0
2017 0
2017 0
2017 0
2017 0
2017 0
2017 0
2017 0
2017 0
2017 0
2017 0
2017 0
2017 0
2017 0
2017 0
2017 0
2017 0
2017 0
2017 0
2017 0
2017 0
2017 0
2017 0
2017 0
2017 0
2017 0
2017 0
2017 0
2017 0
2017 0
2017 0
2017 0
2018 0
2018 0
2018 0
2018 0
2018 0
2018 0
2018 0
2018 0
2018 0
2018 0
2018 0
2018 0
2018 0
2018 0
2018 0
2018 0
2018 0
2018 0
2018 0
2018 0
2018 0
2018 0
2018 0
2018 0
2018 0
2018 0
2018 0
2018 0
2018 0
2018 0
2018 0
2018 0
2018 0
2018 0
2018 0
2018 0
2018 0
2018 0
2018 0
2018 0
2018 0
2018 0
2018 0
2018 0
2018 0
2018 0
2018 0
2018 0
2018 0
2018 0
2018 0
2018 1
2018 1
2018 0
2018 0
2018 0
2018 0
2018 0
2018 0
2018 0
2018 0
2018 0
2018 0
2018 0
2018 0
2018 0
2018 0
2018 2
2018 5
2018 2
2018 0
2018 0
2018 0
2018 4
2018 5
2018 1
2018 0
2018 0
2018 0
2018 0
2018 0
2018 0
2018 0
2018 0
2018 0
2018 0
2018 0
2018 0
2018 0
2018 10
2018 13
2018 9
2018 8
2018 8
2018 8
2018 8
2018 7
2018 8
2018 9
2018 3
2018 5
2018 14
2018 0
2018 0
2018 0
2018 0
2018 4
2018 3
2018 0
2018 0
2018 0
2018 0
2018 0
2018 0
2018 0
2018 0
2018 2
2018 22
2018 51
2018 45
2018 45
2018 45
2018 47
2018 47
2018 46
2018 46
2018 46
2018 44
2018 43
2018 39
2018 29
2018 28
2018 28
2018 28
2018 28
2018 28
2018 28
2018 28
2018 28
2018 27
2018 27
2018 28
2018 27
2018 27
2018 27
2018 27
2018 27
2018 28
2018 27
2018 27
2018 27
2018 27
2018 28
2018 31
2018 40
2018 42
2018 47
2018 45
2018 45
2018 48
2018 47
2018 57
2018 56
2018 54
2018 56
2018 52
2018 50
2018 50
2018 49
2018 48
2018 50
2018 51
2018 51
2018 48
2018 49
2018 54
2018 55
2018 54
2018 54
2018 53
2018 53
2018 54
2018 53
2018 52
2018 52
2018 53
2018 59
2018 60
2018 58
2018 56
2018 55
2018 51
2018 44
2018 44
2018 42
2018 46
2018 59
2018 56
2018 64
2018 78
2018 77
2018 70
2018 69
2018 67
2018 67
2018 65
2018 63
2018 63
2018 64
2018 62
2018 57
2018 57
2018 59
2018 56
2018 57
2018 59
2018 52
2018 48
2018 46
2018 42
2018 38
2018 32
2018 27
2018 21
2018 21
2018 17
2018 12
2018 3
2018 0
2018 0
2018 0
2018 0
2018 0
2018 0
2018 0
2018 0
2018 0
2018 0
2018 0
2018 0
2018 0
2018 0
2018 0
2018 0
2018 0
2018 0
2018 0
2018 0
2018 0
2018 0
2018 0
2018 0
2018 0
2018 0
2018 0
2018 0
2018 0
2018 0
2018 0
2018 0
2018 0
2018 0
2018 0
2018 0
2018 0
2018 0
2018 0
2018 0
2018 0
2018 0
2018 0
2018 0
2018 0
2018 0
2018 0
2018 0
2018 0
2018 0
2018 0
2018 0
2018 0
2018 0
2018 0
2018 0
2018 0
2018 0
2018 0
2018 0
2018 0
2018 0
2018 0
2018 0
2018 0
2018 0
2018 0
2018 0
2018 0
2018 0
2018 0
2018 0
2018 0
2018 0
2018 0
2018 0
2018 0
2018 0
2018 0
2018 0
2018 0
2018 0
2018 0
2018 0
2018 0
2018 0
2018 0
2018 0
2018 0
2018 0
2018 0
2018 0
2018 0
2018 0
2018 0
2018 0
2018 0
2018 0
2018 0
2018 0
2018 0
2018 0
2018 0
2018 0
2018 0
2018 0
2018 0
2018 0
2018 0
2018 0
2018 0
2018 0
2018 0
2018 0
2018 0
2018 0
2018 0
2018 0
2018 0
2018 0
2018 0
2018 0
2018 0
2018 0
2018 0
2018 0
2018 0
2018 0
2018 0
2018 0
2018 0
2018 0
2018 0
2018 0
2018 0
2018 0
2018 0
2019 0
2019 0
2019 0
2019 0
2019 0
2019 0
2019 0
2019 0
2019 0
2019 0
2019 0
2019 0
2019 0
2019 0
2019 0
2019 0
2019 0
2019 0
2019 0
2019 0
2019 0
2019 0
2019 0
2019 0
2019 0
2019 0
2019 0
2019 0
2019 0
2019 0
2019 0
2019 0
2019 0
2019 0
2019 0
2019 0
2019 0
2019 0
2019 0
2019 0
2019 0
2019 0
2019 0
2019 0
2019 0
2019 0
2019 0
2019 0
2019 0
2019 0
2019 0
2019 0
2019 0
2019 0
2019 0
2019 0
2019 0
2019 0
2019 0
2019 2
2019 0
2019 0
2019 0
2019 0
2019 0
2019 0
2019 0
2019 0
2019 0
2019 0
2019 0
2019 0
2019 0
2019 0
2019 0
2019 0
2019 0
2019 0
2019 0
2019 1
2019 7
2019 3
2019 0
2019 1
2019 0
2019 0
2019 0
2019 0
2019 0
2019 0
2019 0
2019 0
2019 0
2019 0
2019 0
2019 0
2019 0
2019 0
2019 1
2019 0
2019 0
2019 0
2019 0
2019 0
2019 0
2019 0
2019 0
2019 0
2019 0
2019 1
2019 10
2019 9
2019 9
2019 7
2019 6
2019 5
2019 4
2019 3
2019 1
2019 0
2019 0
2019 0
2019 0
2019 0
2019 0
2019 0
2019 0
2019 0
2019 0
2019 0
2019 0
2019 0
2019 0
2019 0
2019 0
2019 0
2019 0
2019 0
2019 2
2019 9
2019 7
2019 5
2019 6
2019 5
2019 13
2019 9
2019 8
2019 8
2019 9
2019 14
2019 11
2019 12
2019 17
2019 26
2019 27
2019 50
2019 48
2019 46
2019 43
2019 42
2019 42
2019 42
2019 42
2019 41
2019 38
2019 38
2019 37
2019 36
2019 37
2019 35
2019 35
2019 35
2019 34
2019 33
2019 32
2019 32
2019 31
2019 30
2019 28
2019 26
2019 25
2019 25
2019 25
2019 24
2019 24
2019 24
2019 23
2019 23
2019 22
2019 21
2019 19
2019 18
2019 17
2019 18
2019 17
2019 17
2019 16
2019 16
2019 15
2019 14
2019 14
2019 14
2019 13
2019 10
2019 7
2019 5
2019 1
2019 0
2019 0
2019 0
2019 0
2019 0
2019 0
2019 0
2019 1
2019 2
2019 6
2019 2
2019 0
2019 0
2019 0
2019 0
2019 0
2019 0
2019 0
2019 7
2019 4
2019 0
2019 0
2019 0
2019 0
2019 0
2019 0
2019 0
2019 0
2019 0
2019 0
2019 0
2019 0
2019 20
2019 60
2019 50
2019 37
2019 28
2019 20
2019 15
2019 28
2019 12
2019 10
2019 6
2019 2
2019 0
2019 0
2019 1
2019 0
2019 0
2019 0
2019 0
2019 0
2019 0
2019 0
2019 0
2019 0
2019 0
2019 0
2019 0
2019 0
2019 0
2019 0
2019 0
2019 0
2019 0
2019 0
2019 0
2019 0
2019 0
2019 0
2019 0
2019 0
2019 0
2019 0
2019 0
2019 0
2019 0
2019 0
2019 0
2019 0
2019 0
2019 0
2019 0
2019 0
2019 0
2019 0
2019 0
2019 0
2019 0
2019 0
2019 0
2019 0
2019 0
2019 0
2019 0
2019 0
2019 0
2019 0
2019 0
2019 0
2019 0
2019 0
2019 0
2019 0
2019 0
2019 0
2019 0
2019 0
2019 0
2019 0
2019 0
2019 0
2019 0
2019 0
2019 0
2019 0
2019 0
2019 0
2019 0
2019 0
2019 0
2019 0
2019 0
2019 0
2019 0
2019 0
2019 0
2019 0
2019 0
2019 0
2019 0
2019 0
2019 0
2019 0
2019 0
2019 0
2019 0
2019 0
2019 0
2019 0
2019 0
2019 0
2019 0
2019 0
2019 0
2019 0
2019 0
2019 0
2019 0
2019 0
2019 0
2019 0
2019 0
2019 0
2019 0
2019 0
2019 0
2019 0
2020 0
2020 0
2020 0
2020 0
2020 0
2020 0
2020 0
2020 0
2020 0
2020 0
2020 0
2020 0
2020 0
2020 0
2020 0
2020 0
2020 0
2020 0
2020 0
2020 0
2020 0
2020 0
2020 0
2020 0
2020 0
2020 0
2020 0
2020 0
2020 0
2020 0
2020 0
2020 0
2020 0
2020 0
2020 0
2020 0
2020 0
2020 0
2020 0
2020 0
2020 0
2020 0
2020 0
2020 0
2020 0
2020 0
2020 0
2020 0
2020 0
2020 0
2020 0
2020 0
2020 0
2020 0
2020 0
2020 0
2020 0
2020 0
2020 0
2020 0
2020 0
2020 0
2020 0
2020 0
2020 0
2020 0
2020 0
2020 4
2020 9
2020 8
2020 5
2020 9
2020 7
2020 4
2020 5
2020 1
2020 0
2020 0
2020 1
2020 3
2020 0
2020 0
2020 0
2020 0
2020 0
2020 0
2020 0
2020 0
2020 0
2020 0
2020 0
2020 0
2020 4
2020 3
2020 3
2020 3
2020 3
2020 4
2020 4
2020 4
2020 4
2020 4
2020 4
2020 6
2020 4
2020 4
2020 0
2020 0
2020 0
2020 0
2020 0
2020 0
2020 4
2020 3
2020 3
2020 3
2020 0
2020 0
2020 0
2020 0
2020 0
2020 0
2020 0
2020 0
2020 0
2020 0
2020 0
2020 0
2020 0
2020 0
2020 0
2020 0
2020 0
2020 0
2020 0
2020 0
2020 0
2020 0
2020 0
2020 2
2020 5
2020 5
2020 5
2020 4
2020 0
2020 0
2020 0
2020 2
2020 0
2020 1
2020 1
2020 0
2020 0
2020 0
2020 0
2020 0
2020 0
2020 0
2020 0
2020 0
2020 0
2020 0
2020 0
2020 0
2020 0
2020 0
2020 4
2020 2
2020 0
2020 0
2020 0
2020 0
2020 0
2020 0
2020 0
2020 0
2020 0
2020 0
2020 2
2020 5
2020 6
2020 5
2020 10
2020 28
2020 44
2020 44
2020 43
2020 57
2020 55
2020 53
2020 52
2020 52
2020 49
2020 44
2020 42
2020 41
2020 42
2020 42
2020 39
2020 38
2020 35
2020 34
2020 34
2020 34
2020 33
2020 33
2020 33
2020 33
2020 33
2020 32
2020 30
2020 33
2020 38
2020 36
2020 34
2020 33
2020 31
2020 30
2020 27
2020 24
2020 21
2020 19
2020 15
2020 8
2020 2
2020 0
2020 0
2020 0
2020 0
2020 0
2020 0
2020 0
2020 0
2020 0
2020 0
2020 0
2020 0
2020 0
2020 0
2020 0
2020 0
2020 0
2020 0
2020 0
2020 0
2020 0
2020 0
2020 0
2020 0
2020 0
2020 0
2020 0
2020 0
2020 0
2020 0
2020 0
2020 0
2020 0
2020 0
2020 0
2020 0
2020 0
2020 0
2020 0
2020 0
2020 0
2020 0
2020 0
2020 0
2020 0
2020 0
2020 0
2020 0
2020 0
2020 0
2020 0
2020 0
2020 0
2020 0
2020 0
2020 0
2020 0
2020 0
2020 0
2020 0
2020 0
2020 0
2020 0
2020 0
2020 0
2020 0
2020 0
2020 0
2020 0
2020 0
2020 0
2020 0
2020 0
2020 0
2020 0
2020 0
2020 0
2020 0
2020 0
2020 0
2020 0
2020 0
2020 0
2020 0
2020 0
2020 0
2020 0
2020 0
2020 0
2020 0
2020 0
2020 0
2020 0
2020 0
2020 0
2020 0
2020 0
2020 0
2020 0
2020 0
2020 0
2020 0
2020 0
2020 0
2020 0
2020 0
2020 0
2020 0
2020 0
2020 0
2020 0
2020 0
2020 0
2020 0
2020 0
2020 0
2020 0
2020 0
2020 0
2020 0
2020 0
2020 0
2020 0
2020 0
2020 0
2020 0
2020 0
2020 0
2020 0
2020 0
2020 0
2020 0
2020 0
2020 0
2020 0
2020 0
2020 0
2020 0
2020 0
2020 0
2020 0
2021 0
2021 0
2021 0
2021 0
2021 0
2021 0
2021 0
2021 0
2021 0
2021 0
2021 0
2021 0
2021 0
2021 0
2021 0
2021 0
2021 0
2021 0
2021 0
2021 0
2021 0
2021 0
2021 0
2021 0
2021 0
2021 0
2021 0
2021 5
2021 2
2021 0
2021 0
2021 0
2021 0
2021 0
2021 0
2021 0
2021 0
2021 0
2021 0
2021 0
2021 6
2021 7
2021 2
2021 0
2021 0
2021 0
2021 0
2021 0
2021 0
2021 0
2021 0
2021 0
2021 0
2021 0
2021 0
2021 0
2021 0
2021 0
2021 0
2021 0
2021 0
2021 0
2021 0
2021 0
2021 0
2021 0
2021 0
2021 0
2021 0
2021 0
2021 0
2021 0
2021 0
2021 0
2021 0
2021 0
2021 0
2021 0
2021 0
2021 0
2021 6
2021 6
2021 3
2021 0
2021 0
2021 0
2021 0
2021 0
2021 0
2021 0
2021 0
2021 0
2021 9
2021 16
2021 20
2021 18
2021 8
2021 13
2021 41
2021 61
2021 62
2021 61
2021 58
2021 58
2021 57
2021 56
2021 56
2021 55
2021 54
2021 54
2021 54
2021 53
2021 52
2021 52
2021 49
2021 55
2021 62
2021 60
2021 80
2021 96
2021 96
2021 96
2021 100
2021 129
2021 138
2021 136
2021 132
2021 133
2021 128
2021 129
2021 127
2021 128
2021 127
2021 125
2021 123
2021 121
2021 117
2021 113
2021 113
2021 114
2021 115
2021 113
2021 113
2021 122
2021 134
2021 135
2021 128
2021 126
2021 126
2021 125
2021 125
2021 124
2021 137
2021 141
2021 141
2021 139
2021 135
2021 130
2021 126
2021 121
2021 120
2021 119
2021 129
2021 131
2021 132
2021 133
2021 131
2021 130
2021 129
2021 128
2021 127
2021 127
2021 126
2021 127
2021 127
2021 124
2021 122
2021 121
2021 119
2021 118
2021 118
2021 117
2021 117
2021 117
2021 117
2021 116
2021 113
2021 114
2021 114
2021 114
2021 113
2021 113
2021 113
2021 113
2021 114
2021 113
2021 113
2021 113
2021 113
2021 113
2021 114
2021 113
2021 113
2021 113
2021 112
2021 111
2021 109
2021 107
2021 104
2021 100
2021 96
2021 92
2021 86
2021 81
2021 78
2021 77
2021 77
2021 77
2021 76
2021 74
2021 74
2021 72
2021 73
2021 74
2021 86
2021 82
2021 80
2021 78
2021 80
2021 80
2021 79
2021 79
2021 78
2021 76
2021 73
2021 67
2021 62
2021 58
2021 57
2021 54
2021 49
2021 43
2021 34
2021 24
2021 22
2021 19
2021 15
2021 9
2021 2
2021 0
2021 0
2021 0
2021 0
2021 0
2021 0
2021 0
2021 0
2021 0
2021 0
2021 0
2021 1
2021 0
2021 0
2021 0
2021 0
2021 0
2021 0
2021 0
2021 0
2021 0
2021 0
2021 0
2021 0
2021 0
2021 0
2021 0
2021 0
2021 0
2021 0
2021 0
2021 0
2021 0
2021 0
2021 0
2021 0
2021 0
2021 0
2021 0
2021 0
2021 0
2021 0
2021 0
2021 0
2021 0
2021 0
2021 0
2021 0
2021 0
2021 0
2021 0
2021 0
2021 0
2021 0
2021 0
2021 0
2021 0
2021 0
2021 0
2021 0
2021 0
2021 0
2021 0
2021 0
2021 0
2021 0
2021 0
2021 0
2021 0
2021 0
2021 0
2021 0
2021 0
2021 0
2021 0
2021 0
2021 0
2021 0
2021 0
2021 0
2021 0
2021 0
2021 0
2021 0
2021 0
2021 0
2021 0
2021 0
2021 0
2021 0
2021 0
2021 0
2021 0
2021 0
2021 0
2021 0
2021 0
2021 0
2021 0
2021 0
2021 0
2021 0
2021 0
2021 0
2021 0
2021 0
2021 0
2021 0
2021 0
2021 0
2021 0
2021 0
2021 0
2021 0
2021 0
2021 0
2022 0
2022 0
2022 0
2022 0
2022 0
2022 0
2022 0
2022 0
2022 0
2022 0
2022 0
2022 0
2022 0
2022 0
2022 0
2022 0
2022 0
2022 0
2022 0
2022 0
2022 0
2022 0
2022 0
2022 0
2022 0
2022 0
2022 0
2022 0
2022 0
2022 0
2022 0
2022 0
2022 0
2022 0
2022 0
2022 0
2022 0
2022 0
2022 0
2022 0
2022 0
2022 0
2022 0
2022 0
2022 0
2022 0
2022 0
2022 0
2022 0
2022 0
2022 0
2022 0
2022 0
2022 0
2022 0
2022 0
2022 0
2022 0
2022 0
2022 0
2022 0
2022 0
2022 0
2022 0
2022 0
2022 0
2022 0
2022 0
2022 0
2022 0
2022 0
2022 0
2022 0
2022 0
2022 0
2022 0
2022 0
2022 0
2022 0
2022 0
2022 0
2022 0
2022 0
2022 0
2022 0
2022 0
2022 5
2022 12
2022 27
2022 30
2022 9
2022 8
2022 14
2022 21
2022 18
2022 19
2022 17
2022 16
2022 29
2022 66
2022 61
2022 56
2022 53
2022 51
2022 49
2022 47
2022 46
2022 45
2022 44
2022 42
2022 44
2022 43
2022 42
2022 42
2022 41
2022 41
2022 40
2022 39
2022 39
2022 39
2022 40
2022 38
2022 36
2022 36
2022 37
2022 36
2022 33
2022 32
2022 31
2022 31
2022 31
2022 31
2022 30
2022 31
2022 31
2022 31
2022 31
2022 30
2022 30
2022 31
2022 30
2022 29
2022 31
2022 31
2022 31
2022 31
2022 31
2022 31
2022 31
2022 30
2022 29
2022 27
2022 28
2022 28
2022 29
2022 29
2022 29
2022 29
2022 29
2022 28
2022 27
2022 26
2022 26
2022 26
2022 25
2022 25
2022 26
2022 43
2022 60
2022 56
2022 54
2022 53
2022 50
2022 50
2022 48
2022 48
2022 48
2022 48
2022 48
2022 48
2022 47
2022 45
2022 46
2022 47
2022 47
2022 48
2022 47
2022 48
2022 48
2022 46
2022 47
2022 48
2022 48
2022 47
2022 47
2022 48
2022 46
2022 43
2022 41
2022 38
2022 37
2022 38
2022 37
2022 38
2022 35
2022 34
2022 31
2022 29
2022 27
2022 25
2022 26
2022 27
2022 29
2022 42
2022 47
2022 46
2022 44
2022 38
2022 35
2022 31
2022 26
2022 25
2022 24
2022 20
2022 15
2022 10
2022 2
2022 0
2022 0
2022 0
2022 0
2022 0
2022 0
2022 0
2022 0
2022 2
2022 1
2022 0
2022 0
2022 0
2022 0
2022 0
2022 0
2022 0
2022 0
2022 0
2022 0
2022 0
2022 0
2022 0
2022 0
2022 0
2022 0
2022 0
2022 0
2022 0
2022 0
2022 0
2022 0
2022 0
2022 0
2022 0
2022 0
2022 0
2022 0
2022 0
2022 0
2022 0
2022 0
2022 0
2022 0
2022 0
2022 0
2022 0
2022 0
2022 0
2022 0
2022 0
2022 0
2022 0
2022 0
2022 0
2022 0
2022 0
2022 0
2022 0
2022 0
2022 0
2022 0
2022 0
2022 0
2022 0
2022 0
2022 0
2022 0
2022 0
2022 0
2022 0
2022 0
2022 0
2022 0
2022 0
2022 0
2022 0
2022 0
2022 0
2022 0
2022 0
2022 0
2022 0
2022 0
2022 0
2022 0
2022 0
2022 0
2022 0
2022 0
2022 0
2022 0
2022 0
2022 0
2022 0
2022 0
2022 0
2022 0
2022 0
2022 0
2022 0
2022 0
2022 0
2022 0
2022 0
2022 0
2022 0
2022 0
2022 0
2022 0
2022 0
2022 0
2022 0
2022 0
2022 0
2022 0
2022 0
2022 0
2022 0
2022 0
2022 0
2022 0
2022 0
2022 0
2022 0
2022 0
2022 0
2022 0
2022 0
2022 0
2022 0
2022 0
2022 0
2022 0
2022 0
2022 0
2022 0
2022 0
2023 0
2023 0
2023 0
2023 0
2023 0
2023 0
2023 0
2023 0
2023 0
2023 0
2023 0
2023 0
2023 0
2023 0
2023 0
2023 0
2023 0
2023 0
2023 0
2023 0
2023 0
2023 0
2023 0
2023 0
2023 0
2023 0
2023 0
2023 0
2023 0
2023 0
2023 0
2023 0
2023 0
2023 0
2023 0
2023 0
2023 0
2023 0
2023 0
2023 0
2023 0
2023 0
2023 0
2023 0
2023 0
2023 0
2023 0
2023 0
2023 0
2023 0
2023 0
2023 0
2023 0
2023 0
2023 0
2023 0
2023 0
2023 0
2023 0
2023 0
2023 0
2023 0
2023 0
2023 0
2023 0
2023 0
2023 0
2023 0
2023 0
2023 0
2023 0
2023 0
2023 0
2023 0
2023 0
2023 0
2023 0
2023 0
2023 0
2023 0
2023 0
2023 0
2023 10
2023 8
2023 7
2023 7
2023 8
2023 7
2023 9
2023 7
2023 8
2023 8
2023 15
2023 15
2023 10
2023 11
2023 12
2023 12
2023 11
2023 17
2023 16
2023 27
2023 27
2023 27
2023 27
2023 27
2023 27
2023 23
2023 22
2023 24
2023 24
2023 25
2023 24
2023 24
2023 23
2023 23
2023 23
2023 22
2023 23
2023 22
2023 22
2023 20
2023 19
2023 19
2023 17
2023 16
2023 17
2023 18
2023 18
2023 19
2023 21
2023 21
2023 21
2023 21
2023 21
2023 20
2023 21
2023 32
2023 35
2023 37
2023 41
2023 47
2023 28
2023 27
2023 32
2023 36
2023 34
2023 33
2023 33
2023 34
2023 34
2023 33
2023 24
2023 24
2023 23
2023 22
2023 20
2023 21
2023 20
2023 20
2023 20
2023 20
2023 20
2023 20
2023 19
2023 19
2023 19
2023 19
2023 18
2023 18
2023 16
2023 15
2023 14
2023 14
2023 13
2023 13
2023 13
2023 12
2023 13
2023 14
2023 13
2023 13
2023 14
2023 12
2023 10
2023 10
2023 11
2023 11
2023 12
2023 11
2023 9
2023 8
2023 4
2023 0
2023 0
2023 0
2023 0
2023 0
2023 0
2023 0
2023 0
2023 0
2023 0
2023 0
2023 0
2023 0
2023 1
2023 8
2023 6
2023 4
2023 0
2023 0
2023 0
2023 0
2023 0
2023 0
2023 0
2023 0
2023 0
2023 0
2023 1
2023 0
2023 0
2023 0
2023 4
2023 5
2023 0
2023 0
2023 0
2023 0
2023 0
2023 1
2023 0
2023 0
2023 0
2023 0
2023 1
2023 0
2023 0
2023 0
2023 0
2023 0
2023 0
2023 0
2023 0
2023 0
2023 0
2023 0
2023 0
2023 0
2023 0
2023 0
2023 0
2023 0
2023 0
2023 0
2023 0
2023 0
2023 0
2023 0
2023 0
2023 0
2023 0
2023 0
2023 0
2023 0
2023 0
2023 0
2023 0
2023 0
2023 0
2023 0
2023 0
2023 0
2023 0
2023 0
2023 0
2023 0
2023 0
2023 0
2023 0
2023 0
2023 0
2023 0
2023 0
2023 0
2023 0
2023 0
2023 0
2023 0
2023 0
2023 0
2023 0
2023 0
2023 0
2023 0
2023 0
2023 0
2023 0
2023 0
2023 0
2023 0
2023 0
2023 0
2023 0
2023 0
2023 0
2023 0
2023 0
2023 0
2023 0
2023 0
2023 0
2023 0
2023 0
2023 0
2023 0
2023 0
2023 0
2023 0
2023 0
2023 0
2023 0
2023 0
2023 0
2023 0
2023 0
2023 0
2023 0
2023 0
2023 0
2023 0
2023 0
2023 0
2023 0
2023 0
2023 0
2023 0
2023 0
2023 0
2023 0
2023 0
2023 0
2023 0
2023 0
2023 0
2023 0
2023 0
2023 0
2023 0
2023 0
2023 0
2023 0
2023 0
2023 0
2023 0
2023 0
2023 0
2023 0
2023 0
2023 0
2023 0
2023 0
2023 0
2023 0
2024 0
2024 0
2024 0
2024 0
2024 0
2024 0
2024 0
2024 0
2024 0
2024 0
2024 0
2024 0
2024 0
2024 0
2024 0
2024 0
2024 0
2024 0
2024 0
2024 0
2024 0
2024 0
2024 0
2024 0
2024 0
2024 0
2024 0
2024 0
2024 0
2024 0
2024 0
2024 0
2024 0
2024 0
2024 0
2024 0
2024 0
2024 0
2024 0
2024 0
2024 0
2024 0
2024 0
2024 0
2024 0
2024 0
2024 0
2024 0
2024 0
2024 0
2024 0
2024 0
2024 0
2024 0
2024 0
2024 0
2024 0
2024 0
2024 0
2024 0
2024 0
2024 0
2024 0
2024 3
2024 5
2024 3
2024 0
2024 0
2024 0
2024 0
2024 4
2024 0
2024 0
2024 0
2024 0
2024 0
2024 0
2024 0
2024 0
2024 0
2024 0
2024 0
2024 0
2024 0
2024 0
2024 0
2024 0
2024 0
2024 3
2024 3
2024 8
2024 1
2024 2
2024 4
2024 5
2024 5
2024 5
2024 4
2024 5
2024 5
2024 7
2024 7
2024 6
2024 5
2024 6
2024 6
2024 7
2024 7
2024 6
2024 5
2024 6
2024 6
2024 6
2024 5
2024 3
2024 0
2024 0
2024 0
2024 0
2024 0
2024 0
2024 0
2024 4
2024 5
2024 5
2024 5
2024 7
2024 11
2024 16
2024 13
2024 11
2024 12
2024 12
2024 12
2024 12
2024 11
2024 11
2024 11
2024 12
2024 9
2024 9
2024 9
2024 9
2024 9
2024 9
2024 8
2024 7
2024 6
2024 7
2024 8
2024 8
2024 8
2024 7
2024 4
2024 5
2024 3
2024 2
2024 3
2024 2
2024 2
2024 0
2024 4
2024 4
2024 4
2024 17
2024 17
2024 NA
2024 NA
2024 NA
2024 NA
2024 NA
2024 NA
2024 NA
2024 NA
2024 NA
2024 NA
2024 NA
2024 NA
2024 NA
2024 NA
2024 NA
2024 NA
2024 NA
2024 NA
2024 NA
2024 NA
2024 NA
2024 NA
2024 NA
2024 NA
2024 NA
2024 NA
2024 NA
2024 NA
2024 NA
2024 NA
2024 NA
2024 NA
2024 NA
2024 NA
2024 NA
2024 NA
2024 NA
2024 NA
2024 NA
2024 NA
2024 NA
2024 NA
2024 NA
2024 NA
2024 NA
2024 NA
2024 NA
2024 NA
2024 NA
2024 NA
2024 NA
2024 NA
2024 NA
2024 NA
2024 NA
2024 NA
2024 NA
2024 NA
2024 NA
2024 NA
2024 NA
2024 NA
2024 NA
2024 NA
2024 NA
2024 NA
2024 NA
2024 NA
2024 NA
2024 NA
2024 NA
2024 NA
2024 NA
2024 NA
2024 NA
2024 NA
2024 NA
2024 NA
2024 NA
2024 NA
2024 NA
2024 NA
2024 NA
2024 NA
2024 NA
2024 NA
2024 NA
2024 NA
2024 NA
2024 NA
2024 NA
2024 NA
2024 NA
2024 NA
2024 NA
2024 NA
2024 NA
2024 NA
2024 NA
2024 NA
2024 NA
2024 NA
2024 NA
2024 NA
2024 NA
2024 NA
2024 NA
2024 NA
2024 NA
2024 NA
2024 NA
2024 NA
2024 NA
2024 NA
2024 NA
2024 NA
2024 NA
2024 NA
2024 NA
2024 NA
2024 NA
2024 NA
2024 NA
2024 NA
2024 NA
2024 NA
2024 NA
2024 NA
2024 NA
2024 NA
2024 NA
2024 NA
2024 NA
2024 NA
2024 NA
2024 NA
2024 NA
2024 NA
2024 NA
2024 NA
2024 NA
2024 NA
2024 NA
2024 NA
2024 NA
2024 NA
2024 NA
2024 NA
2024 NA
2024 NA
2024 NA
2024 NA
2024 NA
2024 NA
2024 NA
2024 NA
2024 NA
2024 NA
2024 NA
2024 NA
2024 NA
2024 NA
2024 NA
2024 NA
2024 NA
2024 NA
2024 NA
2024 NA
2024 NA
2024 NA
2024 NA
2024 NA
2024 NA
2024 NA
2024 NA
2024 NA
2024 NA
2024 NA
2024 NA
2024 NA
2024 NA
2024 NA
2024 NA
2024 NA
2024 NA
2024 NA
2024 NA
2024 NA
2024 NA
2024 NA
2024 NA
2024 NA
2024 NA
2024 NA
2024 NA
2024 NA
2024 NA
2024 NA
2024 NA
2024 NA
