2005 NA
2005 NA
2005 NA
2005 NA
2005 NA
2005 NA
2005 NA
2005 NA
2005 NA
2005 NA
2005 NA
2005 NA
2005 NA
2005 NA
2005 NA
2005 NA
2005 NA
2005 NA
2005 NA
2005 NA
2005 NA
2005 NA
2005 NA
2005 NA
2005 NA
2005 NA
2005 NA
2005 NA
2005 NA
2005 NA
2005 NA
2005 NA
2005 NA
2005 NA
2005 NA
2005 NA
2005 NA
2005 NA
2005 NA
2005 NA
2005 NA
2005 NA
2005 NA
2005 NA
2005 NA
2005 NA
2005 NA
2005 NA
2005 NA
2005 NA
2005 NA
2005 NA
2005 NA
2005 NA
2005 NA
2005 NA
2005 NA
2005 NA
2005 NA
2005 NA
2005 NA
2005 NA
2005 NA
2005 NA
2005 NA
2005 NA
2005 NA
2005 NA
2005 NA
2005 NA
2005 NA
2005 NA
2005 NA
2005 NA
2005 NA
2005 NA
2005 NA
2005 NA
2005 NA
2005 NA
2005 NA
2005 NA
2005 NA
2005 NA
2005 NA
2005 NA
2005 NA
2005 NA
2005 NA
2005 NA
2005 NA
2005 NA
2005 68.8
2005 NA
2005 60.6
2005 60
2005 57.8
2005 54.9
2005 54.4
2005 52.5
2005 51.4
2005 49.4
2005 49.5
2005 47.9
2005 48.8
2005 48.3
2005 NA
2005 45.6
2005 46
2005 44.9
2005 41.9
2005 44.2
2005 43.6
2005 43.2
2005 43.8
2005 NA
2005 NA
2005 NA
2005 NA
2005 90.8
2005 84.1
2005 83.6
2005 80.3
2005 80.1
2005 76.8
2005 74.5
2005 73.3
2005 72.2
2005 69
2005 66.9
2005 66.5
2005 66.5
2005 65.5
2005 63.7
2005 62.8
2005 61.3
2005 60.5
2005 61.9
2005 61.3
2005 NA
2005 64.2
2005 59.6
2005 57
2005 54.4
2005 55.6
2005 56.3
2005 54.4
2005 53.7
2005 53.4
2005 52.8
2005 53.4
2005 53.6
2005 53.9
2005 54
2005 53.3
2005 53.3
2005 52
2005 NA
2005 51.7
2005 49.1
2005 NA
2005 51.2
2005 50.4
2005 51.6
2005 50.4
2005 49.3
2005 46.9
2005 45
2005 45.5
2005 45.8
2005 45.7
2005 45.9
2005 45.5
2005 39.5
2005 NA
2005 NA
2005 NA
2005 NA
2005 51.3
2005 51.2
2005 NA
2005 NA
2005 NA
2005 NA
2005 NA
2005 NA
2005 65.2
2005 61.2
2005 58.1
2005 53.5
2005 51.6
2005 50.6
2005 50.2
2005 49.9
2005 49.1
2005 47.1
2005 44.8
2005 41.7
2005 37.3
2005 30.2
2005 22.1
2005 17.4
2005 14.1
2005 10.1
2005 7.8
2005 5.1
2005 3.1
2005 3
2005 2.5
2005 1
2005 2.1
2005 1.7
2005 8
2005 5.4
2005 2.5
2005 2.9
2005 NA
2005 3.3
2005 2.2
2005 NA
2005 NA
2005 52.5
2005 42.7
2005 32.7
2005 26.4
2005 21.4
2005 19.1
2005 NA
2005 NA
2005 28.8
2005 NA
2005 31.9
2005 25.6
2005 20.2
2005 17.9
2005 20
2005 NA
2005 24.3
2005 19.1
2005 13.3
2005 NA
2005 NA
2005 NA
2005 NA
2005 NA
2005 NA
2005 NA
2005 NA
2005 NA
2005 NA
2005 NA
2005 NA
2005 NA
2005 NA
2005 NA
2005 NA
2005 NA
2005 NA
2005 NA
2005 NA
2005 NA
2005 NA
2005 NA
2005 NA
2005 NA
2005 NA
2005 NA
2005 NA
2005 NA
2005 NA
2005 NA
2005 NA
2005 NA
2005 NA
2005 NA
2005 NA
2005 NA
2005 NA
2005 NA
2005 NA
2005 NA
2005 NA
2005 NA
2005 NA
2005 NA
2005 NA
2005 NA
2005 NA
2005 NA
2005 NA
2005 NA
2005 NA
2005 NA
2005 NA
2005 NA
2005 NA
2005 NA
2005 NA
2005 NA
2005 NA
2005 NA
2005 NA
2005 NA
2005 NA
2005 NA
2005 NA
2005 NA
2005 NA
2005 NA
2005 NA
2005 NA
2005 NA
2005 NA
2005 NA
2005 NA
2005 NA
2005 NA
2005 NA
2005 NA
2005 NA
2005 NA
2005 NA
2005 NA
2005 NA
2005 NA
2005 NA
2005 NA
2005 NA
2005 NA
2005 NA
2005 NA
2005 NA
2005 NA
2005 NA
2005 NA
2005 NA
2005 NA
2005 NA
2005 NA
2005 NA
2005 NA
2005 NA
2005 NA
2005 NA
2005 NA
2005 NA
2005 NA
2005 NA
2005 NA
2005 NA
2005 NA
2005 NA
2005 NA
2005 NA
2005 NA
2005 NA
2005 NA
2005 NA
2005 NA
2005 NA
2005 NA
2005 NA
2005 NA
2005 NA
2005 NA
2007 NA
2007 NA
2007 NA
2007 NA
2007 NA
2007 NA
2007 NA
2007 NA
2007 NA
2007 NA
2007 NA
2007 NA
2007 NA
2007 NA
2007 NA
2007 NA
2007 NA
2007 NA
2007 NA
2007 NA
2007 NA
2007 NA
2007 NA
2007 NA
2007 NA
2007 NA
2007 NA
2007 NA
2007 NA
2007 NA
2007 NA
2007 NA
2007 NA
2007 NA
2007 NA
2007 NA
2007 NA
2007 NA
2007 NA
2007 NA
2007 NA
2007 NA
2007 NA
2007 NA
2007 NA
2007 NA
2007 NA
2007 NA
2007 NA
2007 NA
2007 NA
2007 NA
2007 NA
2007 NA
2007 NA
2007 NA
2007 NA
2007 NA
2007 NA
2007 NA
2007 NA
2007 NA
2007 NA
2007 NA
2007 NA
2007 NA
2007 NA
2007 NA
2007 NA
2007 NA
2007 NA
2007 NA
2007 NA
2007 NA
2007 NA
2007 NA
2007 NA
2007 NA
2007 NA
2007 NA
2007 NA
2007 NA
2007 NA
2007 NA
2007 NA
2007 NA
2007 NA
2007 NA
2007 NA
2007 NA
2007 NA
2007 NA
2007 NA
2007 NA
2007 NA
2007 NA
2007 NA
2007 NA
2007 NA
2007 14.4
2007 13.1
2007 9.1
2007 10.4
2007 11.2
2007 11.2
2007 11
2007 9.6
2007 7.5
2007 4.3
2007 4.7
2007 4.3
2007 3.9
2007 3.1
2007 7.6
2007 7.7
2007 8.5
2007 7.9
2007 5.9
2007 5.1
2007 6.3
2007 4.5
2007 6.3
2007 6.7
2007 2.9
2007 2.3
2007 4.1
2007 5.3
2007 5.4
2007 2.9
2007 3.1
2007 6.3
2007 6.1
2007 5.5
2007 7.5
2007 7.9
2007 5.1
2007 2
2007 NA
2007 NA
2007 NA
2007 NA
2007 NA
2007 NA
2007 NA
2007 27.2
2007 41.3
2007 NA
2007 NA
2007 NA
2007 32.6
2007 33.5
2007 31.4
2007 28.1
2007 28.3
2007 21.3
2007 21.6
2007 16.3
2007 16.2
2007 12.8
2007 12.2
2007 13.2
2007 19.2
2007 18.7
2007 19.6
2007 19.5
2007 19
2007 16.9
2007 18.1
2007 16.1
2007 11.6
2007 10.3
2007 11.7
2007 11.9
2007 11.3
2007 9
2007 7.5
2007 7
2007 10.2
2007 15.3
2007 11.3
2007 12.3
2007 10.5
2007 10.2
2007 9.4
2007 7.6
2007 5.4
2007 3.5
2007 16
2007 21.7
2007 20.1
2007 15.4
2007 14.4
2007 14.3
2007 13.8
2007 12.2
2007 9.3
2007 6.9
2007 5.4
2007 NA
2007 NA
2007 NA
2007 NA
2007 NA
2007 NA
2007 NA
2007 NA
2007 NA
2007 NA
2007 NA
2007 NA
2007 NA
2007 NA
2007 4.3
2007 5.4
2007 3
2007 NA
2007 2.4
2007 NA
2007 NA
2007 NA
2007 NA
2007 NA
2007 NA
2007 NA
2007 NA
2007 NA
2007 NA
2007 NA
2007 NA
2007 NA
2007 NA
2007 NA
2007 NA
2007 NA
2007 NA
2007 NA
2007 NA
2007 NA
2007 NA
2007 NA
2007 NA
2007 NA
2007 NA
2007 NA
2007 NA
2007 NA
2007 NA
2007 NA
2007 NA
2007 NA
2007 NA
2007 NA
2007 NA
2007 NA
2007 NA
2007 NA
2007 NA
2007 NA
2007 NA
2007 NA
2007 NA
2007 NA
2007 NA
2007 NA
2007 NA
2007 NA
2007 NA
2007 NA
2007 NA
2007 NA
2007 NA
2007 NA
2007 NA
2007 NA
2007 NA
2007 NA
2007 NA
2007 NA
2007 NA
2007 NA
2007 NA
2007 NA
2007 NA
2007 NA
2007 NA
2007 NA
2007 NA
2007 NA
2007 NA
2007 NA
2007 NA
2007 NA
2007 NA
2007 NA
2007 NA
2007 NA
2007 NA
2007 NA
2007 NA
2007 NA
2007 NA
2007 NA
2007 NA
2007 NA
2007 NA
2007 NA
2007 NA
2007 NA
2007 NA
2007 NA
2007 NA
2007 NA
2007 NA
2007 NA
2007 NA
2007 NA
2007 NA
2007 NA
2007 NA
2007 NA
2007 NA
2007 NA
2007 NA
2007 NA
2007 NA
2007 NA
2007 NA
2007 NA
2007 NA
2007 NA
2007 NA
2007 NA
2007 NA
2007 NA
2007 NA
2007 NA
2007 NA
2007 NA
2007 NA
2007 NA
2007 NA
2007 NA
2007 NA
2007 NA
2007 NA
2007 NA
2007 NA
2007 NA
2007 NA
2007 NA
2007 NA
2007 NA
2007 NA
2007 NA
2007 NA
2007 NA
2007 NA
2007 NA
2007 NA
2007 NA
2007 NA
2007 NA
2007 NA
2007 NA
2007 NA
2008 NA
2008 NA
2008 NA
2008 NA
2008 NA
2008 NA
2008 NA
2008 NA
2008 NA
2008 NA
2008 NA
2008 NA
2008 NA
2008 NA
2008 NA
2008 NA
2008 NA
2008 NA
2008 NA
2008 NA
2008 NA
2008 NA
2008 NA
2008 NA
2008 NA
2008 NA
2008 NA
2008 2.2
2008 NA
2008 NA
2008 NA
2008 NA
2008 NA
2008 NA
2008 NA
2008 NA
2008 NA
2008 NA
2008 NA
2008 NA
2008 NA
2008 NA
2008 NA
2008 NA
2008 NA
2008 NA
2008 NA
2008 NA
2008 NA
2008 NA
2008 NA
2008 NA
2008 NA
2008 NA
2008 NA
2008 NA
2008 NA
2008 NA
2008 NA
2008 NA
2008 NA
2008 NA
2008 NA
2008 NA
2008 NA
2008 NA
2008 NA
2008 NA
2008 NA
2008 NA
2008 NA
2008 NA
2008 NA
2008 NA
2008 NA
2008 NA
2008 NA
2008 NA
2008 NA
2008 NA
2008 NA
2008 NA
2008 2.8
2008 6.8
2008 11.7
2008 13.1
2008 10.6
2008 8.1
2008 6.3
2008 8.1
2008 12.1
2008 11.1
2008 10.2
2008 11.2
2008 11.6
2008 13.4
2008 14.2
2008 12.7
2008 10
2008 8
2008 8.1
2008 8.7
2008 8.4
2008 9.1
2008 8.8
2008 3.6
2008 2.7
2008 2.6
2008 5.1
2008 7.7
2008 8.9
2008 8.8
2008 7.2
2008 6.8
2008 7.7
2008 6.2
2008 5.3
2008 6.9
2008 6.9
2008 5.7
2008 5.4
2008 3.3
2008 1.1
2008 0.6
2008 7
2008 21.6
2008 31.6
2008 55.9
2008 55.2
2008 50.4
2008 47.9
2008 45.3
2008 52.4
2008 NA
2008 100.2
2008 91.3
2008 92.3
2008 107.3
2008 131.7
2008 123.5
2008 119.2
2008 115.1
2008 108.7
2008 102.4
2008 97.4
2008 98.7
2008 96.8
2008 95.9
2008 95.4
2008 89.5
2008 81.5
2008 77.2
2008 76.1
2008 74.6
2008 84.2
2008 86.3
2008 98.7
2008 134.2
2008 125.6
2008 118.2
2008 112.5
2008 109
2008 106.2
2008 104.7
2008 103.5
2008 101.6
2008 102.1
2008 101.2
2008 96.6
2008 94.9
2008 98.5
2008 97.9
2008 95.4
2008 97
2008 97
2008 95.6
2008 91.5
2008 87.3
2008 83.7
2008 82.2
2008 81
2008 80.3
2008 79.3
2008 78.3
2008 73.2
2008 67.6
2008 63
2008 63.7
2008 68.7
2008 65.9
2008 65.1
2008 83.2
2008 125.4
2008 118.2
2008 107.6
2008 99.1
2008 91.2
2008 89.4
2008 91.9
2008 89.3
2008 85
2008 84
2008 83.5
2008 84.4
2008 90.3
2008 93.2
2008 88.2
2008 88.5
2008 89.2
2008 92.1
2008 90.6
2008 88
2008 85.5
2008 82.9
2008 79.9
2008 76
2008 75
2008 73.2
2008 72.6
2008 94.5
2008 86.9
2008 89.2
2008 94.9
2008 93.1
2008 94.7
2008 99.9
2008 100.7
2008 124.8
2008 117.5
2008 111.5
2008 126.8
2008 140.7
2008 133.4
2008 128.9
2008 130.6
2008 126.2
2008 121
2008 118
2008 112.2
2008 108.2
2008 106.1
2008 102.1
2008 103.5
2008 106.7
2008 104.2
2008 99.7
2008 93.6
2008 87.1
2008 82.6
2008 77.4
2008 69.1
2008 59.5
2008 48.5
2008 39
2008 34.5
2008 29.7
2008 23.5
2008 17.8
2008 11.2
2008 7
2008 3.1
2008 NA
2008 NA
2008 NA
2008 NA
2008 NA
2008 NA
2008 NA
2008 NA
2008 NA
2008 NA
2008 NA
2008 NA
2008 NA
2008 NA
2008 NA
2008 NA
2008 NA
2008 NA
2008 NA
2008 NA
2008 NA
2008 NA
2008 NA
2008 NA
2008 NA
2008 NA
2008 NA
2008 NA
2008 NA
2008 NA
2008 NA
2008 NA
2008 NA
2008 NA
2008 NA
2008 NA
2008 NA
2008 NA
2008 NA
2008 NA
2008 NA
2008 NA
2008 NA
2008 NA
2008 NA
2008 NA
2008 NA
2008 NA
2008 NA
2008 NA
2008 NA
2008 NA
2008 NA
2008 NA
2008 NA
2008 NA
2008 NA
2008 NA
2008 NA
2008 NA
2008 NA
2008 NA
2008 NA
2008 NA
2008 NA
2008 NA
2008 NA
2008 NA
2008 NA
2008 NA
2008 NA
2008 NA
2008 NA
2008 NA
2008 NA
2008 NA
2008 NA
2008 NA
2008 NA
2008 NA
2008 NA
2008 NA
2008 NA
2008 NA
2008 NA
2008 NA
2008 NA
2008 NA
2008 NA
2008 NA
2008 NA
2008 NA
2008 NA
2008 NA
2008 NA
2008 NA
2008 NA
2008 NA
2008 NA
2008 NA
2008 NA
2008 NA
2008 NA
2008 NA
2008 NA
2009 NA
2009 NA
2009 NA
2009 NA
2009 NA
2009 NA
2009 NA
2009 NA
2009 NA
2009 NA
2009 NA
2009 NA
2009 NA
2009 NA
2009 NA
2009 NA
2009 NA
2009 NA
2009 NA
2009 NA
2009 NA
2009 NA
2009 NA
2009 NA
2009 NA
2009 NA
2009 NA
2009 NA
2009 NA
2009 NA
2009 NA
2009 NA
2009 NA
2009 NA
2009 NA
2009 NA
2009 NA
2009 NA
2009 NA
2009 NA
2009 NA
2009 NA
2009 NA
2009 NA
2009 NA
2009 NA
2009 NA
2009 NA
2009 NA
2009 NA
2009 NA
2009 NA
2009 NA
2009 NA
2009 NA
2009 NA
2009 NA
2009 NA
2009 NA
2009 7.1
2009 36.6
2009 35.3
2009 26.6
2009 19.4
2009 17.1
2009 10.4
2009 9.5
2009 7.2
2009 6.7
2009 5.3
2009 4.8
2009 3.8
2009 7.9
2009 18.4
2009 16.6
2009 14.1
2009 15.7
2009 13.3
2009 7.9
2009 11
2009 12.6
2009 13.1
2009 3.6
2009 2.5
2009 12.8
2009 15.5
2009 9
2009 10
2009 16.3
2009 40
2009 69.7
2009 126.8
2009 143.6
2009 132.3
2009 128
2009 115.6
2009 116.1
2009 113.9
2009 113
2009 123.9
2009 136
2009 189.2
2009 200.1
2009 198.8
2009 198.9
2009 193.9
2009 193.4
2009 202.4
2009 189.3
2009 187
2009 186.7
2009 186.2
2009 182.1
2009 177.1
2009 171.6
2009 168.2
2009 150.5
2009 147.4
2009 148.1
2009 152.5
2009 162
2009 165.7
2009 163.3
2009 162.6
2009 158.9
2009 167.1
2009 163.7
2009 174.9
2009 191.8
2009 188.7
2009 189.3
2009 183.5
2009 178.3
2009 175.8
2009 180.3
2009 179.7
2009 170.2
2009 171.7
2009 175.4
2009 176.3
2009 172.8
2009 214.4
2009 235.5
2009 226.1
2009 225.1
2009 225.2
2009 220.6
2009 217
2009 218.1
2009 213.8
2009 213.5
2009 210.4
2009 204.9
2009 209.1
2009 230
2009 256.9
2009 250
2009 246.8
2009 287
2009 331.6
2009 323.7
2009 308.6
2009 301.6
2009 286.9
2009 266.9
2009 249.6
2009 245.4
2009 241.9
2009 241.2
2009 240.5
2009 232.9
2009 232.2
2009 232.7
2009 230.8
2009 229.5
2009 228.3
2009 224.6
2009 224.3
2009 227.3
2009 226
2009 223.2
2009 219
2009 219.3
2009 228.9
2009 244.4
2009 279.4
2009 279.1
2009 267.6
2009 264.3
2009 258.5
2009 254.7
2009 254
2009 251.9
2009 249
2009 241.6
2009 238.9
2009 233.4
2009 231.6
2009 228.8
2009 223.9
2009 218
2009 215.6
2009 219.2
2009 218.6
2009 213.5
2009 211.4
2009 210.2
2009 211.8
2009 214.7
2009 249.5
2009 246.6
2009 236.7
2009 224.4
2009 216.5
2009 213
2009 208.7
2009 205.2
2009 200
2009 195.4
2009 190.1
2009 185.5
2009 181.3
2009 176.6
2009 172.2
2009 168.2
2009 161.2
2009 155.7
2009 152.7
2009 160.1
2009 161.9
2009 158.4
2009 156.9
2009 152.8
2009 146.7
2009 138.1
2009 126.3
2009 127.7
2009 126.7
2009 130.7
2009 126
2009 135.7
2009 136
2009 128.2
2009 122.1
2009 113.2
2009 107.7
2009 102.8
2009 98.7
2009 92.5
2009 84.5
2009 76.7
2009 67.6
2009 60.8
2009 53.3
2009 45.3
2009 37.7
2009 31.5
2009 27.5
2009 23.1
2009 13.8
2009 NA
2009 NA
2009 NA
2009 NA
2009 NA
2009 NA
2009 NA
2009 NA
2009 NA
2009 NA
2009 NA
2009 NA
2009 NA
2009 NA
2009 NA
2009 NA
2009 NA
2009 NA
2009 NA
2009 NA
2009 NA
2009 NA
2009 NA
2009 NA
2009 NA
2009 NA
2009 NA
2009 NA
2009 NA
2009 NA
2009 NA
2009 NA
2009 NA
2009 NA
2009 NA
2009 NA
2009 NA
2009 NA
2009 NA
2009 NA
2009 NA
2009 NA
2009 NA
2009 NA
2009 NA
2009 NA
2009 NA
2009 NA
2009 NA
2009 NA
2009 NA
2009 NA
2009 NA
2009 NA
2009 NA
2009 NA
2009 NA
2009 NA
2009 NA
2009 NA
2009 NA
2009 NA
2009 NA
2009 NA
2009 NA
2009 NA
2009 NA
2009 NA
2009 NA
2009 NA
2009 NA
2009 NA
2009 NA
2009 NA
2009 NA
2009 NA
2009 NA
2009 NA
2009 NA
2009 NA
2009 NA
2009 NA
2009 NA
2009 NA
2009 NA
2009 NA
2009 NA
2009 NA
2009 NA
2009 NA
2009 NA
2009 NA
2009 NA
2009 NA
2009 NA
2009 NA
2009 NA
2009 NA
2009 NA
2009 NA
2009 NA
2009 NA
2009 NA
2009 NA
2009 NA
2010 NA
2010 NA
2010 NA
2010 NA
2010 NA
2010 NA
2010 NA
2010 NA
2010 NA
2010 NA
2010 NA
2010 NA
2010 NA
2010 NA
2010 NA
2010 NA
2010 NA
2010 NA
2010 NA
2010 NA
2010 NA
2010 NA
2010 NA
2010 NA
2010 NA
2010 NA
2010 NA
2010 NA
2010 NA
2010 NA
2010 NA
2010 NA
2010 NA
2010 NA
2010 NA
2010 NA
2010 NA
2010 NA
2010 NA
2010 NA
2010 NA
2010 NA
2010 NA
2010 NA
2010 NA
2010 NA
2010 NA
2010 NA
2010 NA
2010 NA
2010 NA
2010 NA
2010 NA
2010 NA
2010 NA
2010 NA
2010 NA
2010 NA
2010 NA
2010 NA
2010 NA
2010 NA
2010 NA
2010 18.3
2010 NA
2010 13.7
2010 18
2010 22.8
2010 22.4
2010 NA
2010 NA
2010 20.3
2010 20.9
2010 20.4
2010 15.7
2010 11.7
2010 7.8
2010 4.5
2010 4.9
2010 8.2
2010 8.1
2010 8.5
2010 5.7
2010 4.7
2010 6.8
2010 6.5
2010 4.3
2010 NA
2010 NA
2010 4.8
2010 56.9
2010 NA
2010 NA
2010 66.4
2010 77.4
2010 85.1
2010 81.7
2010 79.2
2010 78
2010 76.9
2010 74
2010 72
2010 66.6
2010 65.1
2010 66.1
2010 65.6
2010 63.8
2010 62.2
2010 61.3
2010 61
2010 59.6
2010 66
2010 97.1
2010 122
2010 153.8
2010 131.9
2010 121.5
2010 122.7
2010 122.1
2010 118.7
2010 118.3
2010 108.2
2010 112.8
2010 111.4
2010 109.3
2010 110.5
2010 115.5
2010 116.1
2010 101.9
2010 124.6
2010 147
2010 157
2010 158.5
2010 158.9
2010 157
2010 151
2010 148.5
2010 153.9
2010 152.1
2010 150.2
2010 149.2
2010 146.3
2010 151.1
2010 146.9
2010 150.4
2010 146.9
2010 143.1
2010 142.6
2010 142.1
2010 143.4
2010 138.3
2010 128.5
2010 130.1
2010 130
2010 127.9
2010 130.9
2010 132
2010 138.3
2010 147.8
2010 140.2
2010 136.3
2010 134.9
2010 134.8
2010 134.1
2010 139.1
2010 137.9
2010 135.6
2010 135.1
2010 135.2
2010 140.1
2010 155.1
2010 166.7
2010 176.8
2010 170.1
2010 172
2010 174.6
2010 172
2010 169.5
2010 181.1
2010 181.6
2010 182.1
2010 182.4
2010 180.5
2010 178.1
2010 176.2
2010 171.5
2010 170.6
2010 169.7
2010 166.6
2010 170.8
2010 170.4
2010 171.5
2010 172.3
2010 171.6
2010 171.7
2010 168.7
2010 169.4
2010 168.6
2010 167.4
2010 165
2010 164.1
2010 163
2010 159.1
2010 153.8
2010 149.4
2010 146.5
2010 144.6
2010 140.8
2010 140.6
2010 136.6
2010 133.8
2010 135.4
2010 139.2
2010 139.6
2010 139.6
2010 188.3
2010 199.4
2010 190.2
2010 183.8
2010 176
2010 167.4
2010 158.5
2010 150.9
2010 154
2010 152.5
2010 150.8
2010 149.5
2010 146.6
2010 142.6
2010 147.1
2010 146.8
2010 139.6
2010 134.1
2010 127.9
2010 121.8
2010 117.5
2010 110.5
2010 101.1
2010 93.4
2010 89
2010 83.1
2010 76
2010 67.3
2010 60.6
2010 54.1
2010 48.3
2010 43.7
2010 NA
2010 NA
2010 NA
2010 NA
2010 NA
2010 NA
2010 NA
2010 NA
2010 NA
2010 NA
2010 24.8
2010 18.4
2010 12.3
2010 7.1
2010 NA
2010 NA
2010 NA
2010 NA
2010 NA
2010 NA
2010 NA
2010 NA
2010 NA
2010 NA
2010 NA
2010 NA
2010 NA
2010 NA
2010 NA
2010 NA
2010 NA
2010 NA
2010 NA
2010 NA
2010 NA
2010 NA
2010 NA
2010 NA
2010 NA
2010 NA
2010 NA
2010 NA
2010 NA
2010 NA
2010 NA
2010 NA
2010 NA
2010 NA
2010 NA
2010 NA
2010 NA
2010 NA
2010 NA
2010 NA
2010 NA
2010 NA
2010 NA
2010 NA
2010 NA
2010 NA
2010 NA
2010 NA
2010 NA
2010 NA
2010 NA
2010 NA
2010 NA
2010 NA
2010 NA
2010 NA
2010 NA
2010 NA
2010 NA
2010 NA
2010 NA
2010 NA
2010 NA
2010 NA
2010 NA
2010 NA
2010 NA
2010 NA
2010 NA
2010 NA
2010 NA
2010 NA
2010 NA
2010 NA
2010 NA
2010 NA
2010 NA
2010 NA
2010 NA
2010 NA
2010 NA
2010 NA
2010 NA
2010 NA
2010 NA
2010 NA
2010 NA
2010 NA
2010 NA
2010 NA
2010 NA
2010 NA
2010 NA
2010 NA
2010 NA
2010 NA
2010 NA
2010 NA
2010 NA
2010 NA
2010 NA
2010 NA
2010 NA
2010 NA
2011 NA
2011 NA
2011 NA
2011 NA
2011 NA
2011 NA
2011 NA
2011 NA
2011 NA
2011 NA
2011 NA
2011 NA
2011 NA
2011 NA
2011 NA
2011 NA
2011 NA
2011 NA
2011 NA
2011 NA
2011 NA
2011 NA
2011 NA
2011 NA
2011 NA
2011 NA
2011 NA
2011 NA
2011 NA
2011 NA
2011 NA
2011 NA
2011 NA
2011 NA
2011 NA
2011 NA
2011 NA
2011 NA
2011 NA
2011 NA
2011 NA
2011 NA
2011 NA
2011 NA
2011 NA
2011 NA
2011 NA
2011 NA
2011 NA
2011 NA
2011 NA
2011 NA
2011 NA
2011 NA
2011 NA
2011 NA
2011 20.8
2011 20.3
2011 17.7
2011 15.5
2011 NA
2011 12.2
2011 8.7
2011 5.9
2011 NA
2011 NA
2011 NA
2011 NA
2011 NA
2011 NA
2011 NA
2011 NA
2011 NA
2011 26.6
2011 20.3
2011 NA
2011 NA
2011 NA
2011 NA
2011 NA
2011 24
2011 NA
2011 NA
2011 NA
2011 NA
2011 67
2011 66.7
2011 NA
2011 NA
2011 102.5
2011 110.4
2011 104.1
2011 121.6
2011 116.7
2011 115.9
2011 115.2
2011 125.7
2011 124
2011 120.2
2011 103.9
2011 92.4
2011 99.9
2011 99
2011 86.2
2011 84.2
2011 82.3
2011 83.1
2011 NA
2011 NA
2011 NA
2011 109.1
2011 97.1
2011 120.1
2011 125.9
2011 116.6
2011 114.1
2011 116.3
2011 107.3
2011 111
2011 112.8
2011 112.7
2011 113.2
2011 113.1
2011 111.1
2011 107.7
2011 105.5
2011 104.1
2011 108.5
2011 119.2
2011 120.3
2011 119.9
2011 151.5
2011 162.8
2011 163.6
2011 161.2
2011 155.7
2011 149.4
2011 147.1
2011 143.6
2011 141.3
2011 137.7
2011 133.1
2011 131.1
2011 130.6
2011 131.7
2011 133.3
2011 131.2
2011 130.8
2011 130.3
2011 129.6
2011 128.5
2011 130.9
2011 130.8
2011 130.6
2011 132.7
2011 132.6
2011 131.7
2011 132.8
2011 131.2
2011 128.7
2011 126
2011 124.1
2011 122.6
2011 122.2
2011 122
2011 120.2
2011 118.8
2011 124.6
2011 167
2011 175.6
2011 173
2011 167.3
2011 163.5
2011 162.2
2011 157.9
2011 155.1
2011 154.4
2011 154.9
2011 152.6
2011 151.8
2011 152.9
2011 154.3
2011 150.6
2011 148.4
2011 153.9
2011 152.7
2011 151.8
2011 146.2
2011 146.7
2011 148.8
2011 149.8
2011 146.9
2011 143.4
2011 145.3
2011 157.5
2011 154.3
2011 152.4
2011 162.4
2011 162.4
2011 156.9
2011 152.3
2011 150.2
2011 150.5
2011 149.8
2011 147.5
2011 144.4
2011 141.2
2011 139
2011 141.3
2011 138.9
2011 137.8
2011 136.3
2011 134.7
2011 129.8
2011 124.5
2011 118.4
2011 113.8
2011 109.7
2011 102.2
2011 91.1
2011 82.1
2011 71.8
2011 64.8
2011 58.8
2011 51.2
2011 49.6
2011 45.4
2011 NA
2011 42
2011 37.2
2011 33.6
2011 28.8
2011 21.1
2011 14.6
2011 NA
2011 NA
2011 NA
2011 NA
2011 NA
2011 NA
2011 NA
2011 NA
2011 NA
2011 NA
2011 NA
2011 NA
2011 NA
2011 NA
2011 NA
2011 NA
2011 NA
2011 NA
2011 NA
2011 NA
2011 NA
2011 NA
2011 NA
2011 NA
2011 NA
2011 NA
2011 NA
2011 NA
2011 NA
2011 NA
2011 NA
2011 NA
2011 NA
2011 NA
2011 NA
2011 NA
2011 NA
2011 NA
2011 NA
2011 NA
2011 NA
2011 NA
2011 NA
2011 NA
2011 NA
2011 NA
2011 NA
2011 NA
2011 NA
2011 NA
2011 NA
2011 NA
2011 NA
2011 NA
2011 NA
2011 NA
2011 NA
2011 NA
2011 NA
2011 NA
2011 NA
2011 NA
2011 NA
2011 NA
2011 NA
2011 NA
2011 NA
2011 NA
2011 NA
2011 NA
2011 NA
2011 NA
2011 NA
2011 NA
2011 NA
2011 NA
2011 NA
2011 NA
2011 NA
2011 NA
2011 NA
2011 NA
2011 NA
2011 NA
2011 NA
2011 NA
2011 NA
2011 NA
2011 NA
2011 NA
2011 NA
2011 NA
2011 NA
2011 NA
2011 NA
2011 NA
2011 NA
2011 NA
2011 NA
2011 NA
2011 NA
2011 NA
2011 NA
2011 NA
2011 NA
2011 NA
2011 NA
2011 NA
2011 NA
2011 NA
2011 NA
2011 NA
2011 NA
2011 NA
2011 NA
2011 NA
2011 NA
2011 NA
2011 NA
2011 NA
2011 NA
2011 NA
2011 NA
2011 NA
2011 NA
2011 NA
2011 NA
2011 NA
2011 NA
2011 NA
2011 NA
2012 NA
2012 NA
2012 NA
2012 NA
2012 NA
2012 NA
2012 NA
2012 NA
2012 NA
2012 NA
2012 NA
2012 NA
2012 NA
2012 NA
2012 NA
2012 NA
2012 NA
2012 NA
2012 NA
2012 NA
2012 NA
2012 NA
2012 NA
2012 NA
2012 NA
2012 NA
2012 NA
2012 NA
2012 NA
2012 NA
2012 NA
2012 NA
2012 NA
2012 NA
2012 NA
2012 NA
2012 NA
2012 NA
2012 NA
2012 NA
2012 NA
2012 NA
2012 NA
2012 NA
2012 NA
2012 NA
2012 NA
2012 NA
2012 NA
2012 NA
2012 NA
2012 NA
2012 NA
2012 NA
2012 NA
2012 NA
2012 NA
2012 NA
2012 NA
2012 NA
2012 NA
2012 NA
2012 NA
2012 NA
2012 NA
2012 NA
2012 NA
2012 NA
2012 NA
2012 NA
2012 NA
2012 NA
2012 NA
2012 NA
2012 NA
2012 NA
2012 NA
2012 NA
2012 NA
2012 NA
2012 NA
2012 NA
2012 NA
2012 NA
2012 NA
2012 NA
2012 NA
2012 NA
2012 NA
2012 NA
2012 NA
2012 NA
2012 NA
2012 2.3
2012 NA
2012 NA
2012 NA
2012 NA
2012 NA
2012 NA
2012 NA
2012 NA
2012 NA
2012 16.6
2012 21.6
2012 24.6
2012 28.6
2012 35
2012 34
2012 32.1
2012 32.7
2012 30.3
2012 30
2012 27.1
2012 25.9
2012 24
2012 23.5
2012 22.7
2012 23.8
2012 24.6
2012 25.6
2012 27.1
2012 26.2
2012 34.7
2012 44.2
2012 38.4
2012 34.1
2012 42.4
2012 24.9
2012 26.2
2012 26.5
2012 24.1
2012 21.2
2012 19.8
2012 21.3
2012 22.6
2012 23.6
2012 23.7
2012 23.6
2012 21.4
2012 24.6
2012 23.8
2012 31.2
2012 29
2012 28.2
2012 28.2
2012 19.2
2012 19.4
2012 19
2012 26.2
2012 38.4
2012 36
2012 39
2012 40
2012 43.5
2012 41.9
2012 40.9
2012 43.6
2012 41.7
2012 36.5
2012 34.8
2012 35.4
2012 29.9
2012 29.9
2012 29.6
2012 30.9
2012 30.5
2012 27.5
2012 20.5
2012 19.7
2012 21
2012 21.2
2012 20.3
2012 20.6
2012 18.9
2012 17
2012 14.3
2012 11.5
2012 8.2
2012 10.1
2012 9.5
2012 NA
2012 NA
2012 NA
2012 NA
2012 NA
2012 5.3
2012 15.4
2012 12.3
2012 9.4
2012 9.4
2012 8.4
2012 NA
2012 NA
2012 NA
2012 NA
2012 NA
2012 NA
2012 NA
2012 NA
2012 30.3
2012 33.5
2012 26.1
2012 18.3
2012 12.9
2012 9.6
2012 5.7
2012 NA
2012 NA
2012 NA
2012 NA
2012 NA
2012 NA
2012 NA
2012 NA
2012 NA
2012 NA
2012 4.3
2012 2.6
2012 3.8
2012 NA
2012 NA
2012 NA
2012 38.1
2012 41.6
2012 34.3
2012 29.2
2012 30
2012 29.8
2012 21.3
2012 33.9
2012 53.1
2012 63
2012 54
2012 59.9
2012 70.3
2012 106.1
2012 101.9
2012 86.4
2012 69.6
2012 55
2012 44.7
2012 40.7
2012 33.1
2012 26.7
2012 21.6
2012 20.1
2012 17.9
2012 18.8
2012 16.7
2012 10.8
2012 NA
2012 NA
2012 NA
2012 NA
2012 NA
2012 NA
2012 NA
2012 NA
2012 NA
2012 NA
2012 NA
2012 NA
2012 NA
2012 NA
2012 NA
2012 NA
2012 NA
2012 NA
2012 NA
2012 NA
2012 NA
2012 NA
2012 NA
2012 NA
2012 NA
2012 NA
2012 NA
2012 NA
2012 NA
2012 NA
2012 NA
2012 NA
2012 NA
2012 NA
2012 NA
2012 NA
2012 NA
2012 NA
2012 NA
2012 NA
2012 NA
2012 NA
2012 NA
2012 NA
2012 NA
2012 NA
2012 NA
2012 NA
2012 NA
2012 NA
2012 NA
2012 NA
2012 NA
2012 NA
2012 NA
2012 NA
2012 NA
2012 NA
2012 NA
2012 NA
2012 NA
2012 NA
2012 NA
2012 NA
2012 NA
2012 NA
2012 NA
2012 NA
2012 NA
2012 NA
2012 NA
2012 NA
2012 NA
2012 NA
2012 NA
2012 NA
2012 NA
2012 NA
2012 NA
2012 NA
2012 NA
2012 NA
2012 NA
2012 NA
2012 NA
2012 NA
2012 NA
2012 NA
2012 NA
2012 NA
2012 NA
2012 NA
2012 NA
2012 NA
2012 NA
2012 NA
2012 NA
2012 NA
2012 NA
2012 NA
2012 NA
2012 NA
2012 NA
2012 NA
2012 NA
2012 NA
2012 NA
2012 NA
2012 NA
2012 NA
2012 NA
2012 NA
2012 NA
2012 NA
2012 NA
2013 NA
2013 NA
2013 NA
2013 NA
2013 NA
2013 NA
2013 NA
2013 NA
2013 NA
2013 NA
2013 NA
2013 NA
2013 NA
2013 NA
2013 NA
2013 NA
2013 NA
2013 NA
2013 NA
2013 NA
2013 NA
2013 NA
2013 NA
2013 NA
2013 NA
2013 NA
2013 NA
2013 NA
2013 NA
2013 NA
2013 NA
2013 NA
2013 NA
2013 NA
2013 NA
2013 NA
2013 NA
2013 NA
2013 NA
2013 NA
2013 NA
2013 NA
2013 NA
2013 NA
2013 NA
2013 8.9
2013 NA
2013 NA
2013 NA
2013 NA
2013 NA
2013 NA
2013 NA
2013 NA
2013 NA
2013 NA
2013 NA
2013 21.2
2013 22.4
2013 16
2013 12.6
2013 6.8
2013 4.3
2013 2.6
2013 NA
2013 NA
2013 NA
2013 NA
2013 NA
2013 NA
2013 NA
2013 NA
2013 NA
2013 NA
2013 NA
2013 NA
2013 NA
2013 NA
2013 NA
2013 NA
2013 NA
2013 NA
2013 NA
2013 NA
2013 NA
2013 NA
2013 NA
2013 NA
2013 14
2013 26.9
2013 20.3
2013 23.9
2013 25.6
2013 17.5
2013 17.7
2013 16.7
2013 16.8
2013 18.3
2013 15
2013 8.6
2013 9.4
2013 9.1
2013 9.4
2013 10.9
2013 30.1
2013 58.8
2013 57
2013 53.5
2013 51.5
2013 49.4
2013 48
2013 47.7
2013 44.1
2013 43.1
2013 41.9
2013 41.9
2013 44.9
2013 45.1
2013 45.4
2013 45.7
2013 45.3
2013 44.9
2013 44.9
2013 54.2
2013 51.8
2013 48.9
2013 44.4
2013 40.8
2013 38.4
2013 39.8
2013 38.2
2013 38.5
2013 37.8
2013 36.9
2013 42.5
2013 42.3
2013 50.4
2013 55
2013 42.3
2013 40.1
2013 41.9
2013 59.4
2013 81.3
2013 82.4
2013 78.4
2013 76.6
2013 74.4
2013 72.6
2013 71.7
2013 69.6
2013 66.2
2013 64.3
2013 63.4
2013 62.7
2013 65.5
2013 62.9
2013 62.2
2013 62.5
2013 63.9
2013 61.9
2013 61.6
2013 61.5
2013 61.4
2013 65.8
2013 75.1
2013 70.3
2013 61.7
2013 61.3
2013 62.2
2013 68.4
2013 72.9
2013 71
2013 69.7
2013 78.8
2013 87.3
2013 85.1
2013 99.6
2013 100.4
2013 93.7
2013 87.9
2013 84.3
2013 83
2013 81
2013 78.4
2013 76.2
2013 74
2013 82.3
2013 87.8
2013 83.1
2013 79.6
2013 77.6
2013 81.2
2013 85.1
2013 84.6
2013 81.5
2013 80.2
2013 78.7
2013 90.3
2013 128
2013 133.3
2013 127.5
2013 118.7
2013 114.7
2013 112.1
2013 117.3
2013 129
2013 120.4
2013 118.5
2013 122
2013 129.9
2013 130.3
2013 127
2013 124.6
2013 120.5
2013 117.6
2013 117.6
2013 123.2
2013 120.1
2013 115.1
2013 122.1
2013 124.9
2013 119.1
2013 115.3
2013 115.6
2013 111.9
2013 105.7
2013 101.5
2013 95.3
2013 90.6
2013 80.5
2013 73.3
2013 72.8
2013 70.5
2013 67.6
2013 62.6
2013 59.7
2013 50.7
2013 44.2
2013 37
2013 33.9
2013 26.8
2013 20.8
2013 15.1
2013 NA
2013 NA
2013 NA
2013 NA
2013 NA
2013 NA
2013 NA
2013 NA
2013 NA
2013 NA
2013 NA
2013 NA
2013 NA
2013 NA
2013 NA
2013 NA
2013 NA
2013 NA
2013 NA
2013 NA
2013 NA
2013 NA
2013 20
2013 13.8
2013 NA
2013 NA
2013 NA
2013 NA
2013 NA
2013 NA
2013 NA
2013 NA
2013 NA
2013 NA
2013 NA
2013 NA
2013 NA
2013 NA
2013 NA
2013 NA
2013 NA
2013 NA
2013 NA
2013 NA
2013 NA
2013 NA
2013 NA
2013 NA
2013 NA
2013 NA
2013 NA
2013 NA
2013 NA
2013 NA
2013 NA
2013 NA
2013 NA
2013 NA
2013 NA
2013 NA
2013 NA
2013 NA
2013 NA
2013 NA
2013 NA
2013 NA
2013 NA
2013 NA
2013 NA
2013 NA
2013 NA
2013 NA
2013 NA
2013 NA
2013 NA
2013 NA
2013 NA
2013 NA
2013 NA
2013 NA
2013 NA
2013 NA
2013 NA
2013 NA
2013 NA
2013 NA
2013 NA
2013 NA
2013 NA
2013 NA
2013 NA
2013 NA
2013 NA
2013 NA
2013 NA
2013 NA
2013 NA
2013 NA
2013 NA
2013 NA
2013 NA
2013 NA
2013 NA
2013 NA
2013 NA
2013 NA
2013 NA
2013 NA
2013 NA
2013 NA
2013 NA
2013 NA
2013 NA
2013 NA
2013 NA
2013 NA
2013 NA
2013 NA
2013 NA
2013 NA
2013 NA
2013 NA
2014 NA
2014 NA
2014 NA
2014 NA
2014 NA
2014 NA
2014 NA
2014 NA
2014 NA
2014 NA
2014 NA
2014 NA
2014 NA
2014 NA
2014 NA
2014 NA
2014 NA
2014 NA
2014 NA
2014 NA
2014 NA
2014 NA
2014 NA
2014 NA
2014 NA
2014 NA
2014 NA
2014 NA
2014 NA
2014 NA
2014 NA
2014 NA
2014 NA
2014 NA
2014 NA
2014 NA
2014 NA
2014 NA
2014 NA
2014 NA
2014 6.2
2014 19.6
2014 17.5
2014 10.3
2014 7.7
2014 NA
2014 NA
2014 NA
2014 NA
2014 NA
2014 NA
2014 NA
2014 NA
2014 NA
2014 NA
2014 NA
2014 NA
2014 NA
2014 NA
2014 NA
2014 NA
2014 NA
2014 NA
2014 NA
2014 NA
2014 NA
2014 NA
2014 NA
2014 NA
2014 NA
2014 NA
2014 NA
2014 NA
2014 NA
2014 NA
2014 10.2
2014 NA
2014 NA
2014 2.4
2014 NA
2014 12.3
2014 20.7
2014 49
2014 42.1
2014 36
2014 25
2014 16.7
2014 13
2014 12.6
2014 12.6
2014 12.8
2014 12.4
2014 12.3
2014 12
2014 11.5
2014 10.2
2014 10.5
2014 7.9
2014 8
2014 7.9
2014 7.8
2014 7.4
2014 6.5
2014 6
2014 5.2
2014 5.8
2014 6.1
2014 6
2014 6.5
2014 9.7
2014 31.4
2014 33.2
2014 32.1
2014 30.2
2014 35.8
2014 77.9
2014 135.4
2014 127.6
2014 123.2
2014 134.6
2014 128.9
2014 124.5
2014 121.5
2014 123.6
2014 124.5
2014 139.2
2014 166.6
2014 159.6
2014 154.9
2014 151.2
2014 148.7
2014 145
2014 140.9
2014 137.6
2014 139.6
2014 174.8
2014 180.1
2014 176.6
2014 214.7
2014 231
2014 252.5
2014 256.4
2014 244.6
2014 239.2
2014 234.2
2014 228.5
2014 222
2014 219.3
2014 214.4
2014 213
2014 210.6
2014 230.9
2014 269.2
2014 264.7
2014 266.9
2014 268.6
2014 289.8
2014 295.9
2014 300.8
2014 295.8
2014 300.1
2014 306.7
2014 312.1
2014 317.6
2014 304.6
2014 300.9
2014 307.5
2014 298.7
2014 299.1
2014 313
2014 308.1
2014 306
2014 299
2014 292.2
2014 300.2
2014 294.4
2014 290.1
2014 286.9
2014 292.9
2014 306.2
2014 305.1
2014 311.2
2014 307.9
2014 304.5
2014 302.5
2014 296.8
2014 292.8
2014 288.2
2014 283.5
2014 279.8
2014 275.5
2014 272.2
2014 269
2014 265.3
2014 259.8
2014 255.6
2014 251.5
2014 244.9
2014 239.6
2014 233.1
2014 227.1
2014 221.9
2014 225.3
2014 290.4
2014 287
2014 274.6
2014 279.2
2014 271
2014 264.7
2014 258.3
2014 250.7
2014 242.2
2014 236.5
2014 232
2014 230.1
2014 227.2
2014 223.2
2014 218.4
2014 215.8
2014 212.6
2014 209.2
2014 204.2
2014 197.8
2014 191.1
2014 187.7
2014 183.1
2014 178.1
2014 175.3
2014 168.9
2014 166.2
2014 177.4
2014 172
2014 171.9
2014 169.3
2014 164.8
2014 157.6
2014 153.1
2014 148.5
2014 146.3
2014 143.5
2014 137.8
2014 133.9
2014 131.6
2014 130
2014 121.4
2014 115.1
2014 110.3
2014 105.4
2014 103.2
2014 97.4
2014 91
2014 84.4
2014 77.9
2014 75.2
2014 69.5
2014 64.4
2014 62.3
2014 59
2014 51.1
2014 46.5
2014 43
2014 37.7
2014 31.2
2014 22.8
2014 NA
2014 NA
2014 NA
2014 NA
2014 NA
2014 NA
2014 NA
2014 NA
2014 NA
2014 NA
2014 NA
2014 NA
2014 NA
2014 NA
2014 NA
2014 NA
2014 NA
2014 NA
2014 NA
2014 NA
2014 NA
2014 NA
2014 NA
2014 NA
2014 NA
2014 NA
2014 NA
2014 NA
2014 NA
2014 NA
2014 NA
2014 NA
2014 NA
2014 NA
2014 NA
2014 NA
2014 NA
2014 NA
2014 NA
2014 NA
2014 NA
2014 NA
2014 NA
2014 NA
2014 NA
2014 NA
2014 NA
2014 NA
2014 NA
2014 NA
2014 NA
2014 NA
2014 NA
2014 NA
2014 NA
2014 NA
2014 NA
2014 NA
2014 NA
2014 NA
2014 NA
2014 NA
2014 NA
2014 NA
2014 NA
2014 NA
2014 NA
2014 NA
2014 NA
2014 NA
2014 NA
2014 NA
2014 NA
2014 NA
2014 NA
2014 NA
2014 NA
2014 NA
2014 NA
2014 NA
2014 NA
2014 NA
2014 NA
2014 NA
2014 NA
2014 NA
2014 NA
2014 NA
2014 NA
2014 NA
2014 NA
2014 NA
2014 NA
2014 NA
2014 NA
2014 NA
2014 NA
2014 NA
2014 NA
2014 NA
2014 NA
2015 NA
2015 NA
2015 NA
2015 NA
2015 NA
2015 NA
2015 NA
2015 NA
2015 NA
2015 NA
2015 NA
2015 NA
2015 NA
2015 NA
2015 NA
2015 NA
2015 NA
2015 NA
2015 NA
2015 NA
2015 NA
2015 NA
2015 NA
2015 NA
2015 NA
2015 NA
2015 NA
2015 NA
2015 NA
2015 NA
2015 NA
2015 NA
2015 NA
2015 NA
2015 NA
2015 NA
2015 NA
2015 NA
2015 NA
2015 NA
2015 NA
2015 NA
2015 NA
2015 NA
2015 NA
2015 NA
2015 NA
2015 NA
2015 NA
2015 NA
2015 NA
2015 NA
2015 NA
2015 NA
2015 NA
2015 NA
2015 NA
2015 NA
2015 NA
2015 NA
2015 NA
2015 NA
2015 NA
2015 NA
2015 3.8
2015 NA
2015 NA
2015 NA
2015 NA
2015 NA
2015 NA
2015 NA
2015 NA
2015 NA
2015 NA
2015 NA
2015 6.3
2015 19.4
2015 29.3
2015 24.4
2015 23.7
2015 21.6
2015 17.3
2015 15.2
2015 11.8
2015 7.4
2015 NA
2015 NA
2015 NA
2015 NA
2015 NA
2015 NA
2015 NA
2015 NA
2015 NA
2015 NA
2015 NA
2015 NA
2015 NA
2015 NA
2015 NA
2015 NA
2015 NA
2015 NA
2015 6
2015 7.3
2015 16.2
2015 16.1
2015 15.6
2015 14.4
2015 14
2015 9.2
2015 8
2015 6.1
2015 5.9
2015 6.1
2015 5.9
2015 16.3
2015 19.5
2015 5.6
2015 4.9
2015 5.9
2015 5.8
2015 4.6
2015 NA
2015 4.8
2015 3.4
2015 3.8
2015 5
2015 4.6
2015 4.5
2015 NA
2015 NA
2015 NA
2015 NA
2015 NA
2015 NA
2015 20.8
2015 63.4
2015 79.5
2015 74.3
2015 70.2
2015 72.1
2015 96.6
2015 92.1
2015 85.1
2015 60
2015 55.4
2015 54.2
2015 54.4
2015 55.7
2015 56.1
2015 52.6
2015 52
2015 52.7
2015 53.5
2015 53.1
2015 52.4
2015 49.8
2015 49.4
2015 45.1
2015 40.5
2015 42.3
2015 42.4
2015 NA
2015 43.5
2015 58.1
2015 93
2015 94.7
2015 86.9
2015 81.3
2015 77.9
2015 75.7
2015 85.4
2015 111.9
2015 100.4
2015 98
2015 87.8
2015 82.6
2015 80.7
2015 79.1
2015 76.6
2015 74.6
2015 73.2
2015 72.6
2015 71.1
2015 70.4
2015 69.4
2015 68.4
2015 67.4
2015 65
2015 59.2
2015 58.2
2015 58.7
2015 58.3
2015 57.7
2015 67.3
2015 71.2
2015 64.4
2015 60.1
2015 58.4
2015 57.9
2015 61.6
2015 57.5
2015 61
2015 62
2015 57.2
2015 53.8
2015 48
2015 44.4
2015 43.4
2015 40.2
2015 35.4
2015 32.9
2015 31.2
2015 35.2
2015 40.4
2015 35
2015 31.7
2015 30.1
2015 25.7
2015 20.4
2015 15.8
2015 NA
2015 NA
2015 NA
2015 NA
2015 NA
2015 NA
2015 NA
2015 NA
2015 NA
2015 NA
2015 NA
2015 NA
2015 NA
2015 NA
2015 NA
2015 NA
2015 NA
2015 NA
2015 NA
2015 NA
2015 NA
2015 NA
2015 NA
2015 NA
2015 NA
2015 NA
2015 NA
2015 NA
2015 NA
2015 NA
2015 NA
2015 NA
2015 NA
2015 NA
2015 NA
2015 NA
2015 NA
2015 NA
2015 NA
2015 NA
2015 NA
2015 NA
2015 NA
2015 NA
2015 NA
2015 NA
2015 NA
2015 NA
2015 NA
2015 NA
2015 NA
2015 NA
2015 NA
2015 NA
2015 NA
2015 NA
2015 NA
2015 NA
2015 NA
2015 NA
2015 NA
2015 NA
2015 NA
2015 NA
2015 NA
2015 NA
2015 NA
2015 NA
2015 NA
2015 NA
2015 NA
2015 NA
2015 NA
2015 NA
2015 NA
2015 NA
2015 NA
2015 NA
2015 NA
2015 NA
2015 NA
2015 NA
2015 NA
2015 NA
2015 NA
2015 NA
2015 NA
2015 NA
2015 NA
2015 NA
2015 NA
2015 NA
2015 NA
2015 NA
2015 NA
2015 NA
2015 NA
2015 NA
2015 NA
2015 NA
2015 NA
2015 NA
2015 NA
2015 NA
2015 NA
2015 NA
2015 NA
2015 NA
2015 NA
2015 NA
2015 NA
2015 NA
2015 NA
2015 NA
2015 NA
2015 NA
2015 NA
2015 NA
2015 NA
2015 NA
2015 NA
2015 NA
2015 NA
2015 NA
2015 NA
2015 NA
2015 NA
2015 NA
2015 NA
2015 NA
2015 NA
2015 NA
2015 NA
2015 NA
2015 NA
2015 NA
2015 NA
2015 NA
2015 NA
2015 NA
2015 NA
2015 NA
2016 NA
2016 NA
2016 NA
2016 NA
2016 NA
2016 NA
2016 NA
2016 NA
2016 NA
2016 NA
2016 NA
2016 NA
2016 NA
2016 NA
2016 NA
2016 NA
2016 NA
2016 NA
2016 NA
2016 NA
2016 NA
2016 NA
2016 NA
2016 NA
2016 NA
2016 NA
2016 NA
2016 NA
2016 NA
2016 NA
2016 NA
2016 NA
2016 NA
2016 NA
2016 NA
2016 NA
2016 NA
2016 NA
2016 NA
2016 NA
2016 NA
2016 NA
2016 NA
2016 NA
2016 NA
2016 18
2016 12.1
2016 7.6
2016 NA
2016 NA
2016 NA
2016 NA
2016 NA
2016 NA
2016 NA
2016 NA
2016 NA
2016 NA
2016 NA
2016 NA
2016 NA
2016 NA
2016 NA
2016 NA
2016 NA
2016 NA
2016 NA
2016 NA
2016 NA
2016 NA
2016 NA
2016 NA
2016 NA
2016 NA
2016 NA
2016 NA
2016 NA
2016 NA
2016 NA
2016 NA
2016 NA
2016 NA
2016 NA
2016 NA
2016 NA
2016 NA
2016 NA
2016 NA
2016 NA
2016 NA
2016 NA
2016 NA
2016 NA
2016 NA
2016 NA
2016 NA
2016 NA
2016 NA
2016 NA
2016 NA
2016 NA
2016 NA
2016 NA
2016 NA
2016 NA
2016 NA
2016 NA
2016 NA
2016 NA
2016 NA
2016 NA
2016 NA
2016 NA
2016 NA
2016 NA
2016 NA
2016 NA
2016 NA
2016 NA
2016 NA
2016 NA
2016 NA
2016 NA
2016 NA
2016 6
2016 11.2
2016 9.5
2016 10.5
2016 7.4
2016 4.9
2016 7.6
2016 12.6
2016 41.3
2016 50.3
2016 48.8
2016 47.3
2016 46.1
2016 44.5
2016 43.5
2016 44.3
2016 44.6
2016 43.5
2016 42.9
2016 43.2
2016 41.5
2016 35.9
2016 37
2016 36.7
2016 33.2
2016 32.8
2016 32.1
2016 31.9
2016 30.4
2016 29.1
2016 28.5
2016 30.9
2016 28.1
2016 28.8
2016 27.7
2016 59.1
2016 88.6
2016 90.2
2016 110.6
2016 96.8
2016 94.5
2016 93.2
2016 94
2016 95.2
2016 91.4
2016 91.4
2016 90.6
2016 87.6
2016 84.9
2016 79.2
2016 74.4
2016 70.5
2016 67.4
2016 73.8
2016 74.4
2016 83.6
2016 117.8
2016 112.2
2016 104.4
2016 104.4
2016 101.9
2016 94.4
2016 118.8
2016 138.9
2016 134.6
2016 130.5
2016 125.7
2016 122
2016 119.3
2016 116
2016 111.9
2016 107.3
2016 104.7
2016 127.7
2016 121.6
2016 116.3
2016 110.9
2016 107.6
2016 103.9
2016 100.8
2016 99.7
2016 96.9
2016 92.6
2016 88.8
2016 89.2
2016 91.8
2016 88.1
2016 84.4
2016 80.4
2016 76.5
2016 72.2
2016 68.2
2016 64.2
2016 59.2
2016 53.7
2016 47.6
2016 42.1
2016 NA
2016 38.7
2016 32
2016 24.7
2016 21.6
2016 14.5
2016 9.5
2016 NA
2016 NA
2016 NA
2016 NA
2016 NA
2016 NA
2016 NA
2016 NA
2016 NA
2016 NA
2016 NA
2016 NA
2016 NA
2016 NA
2016 NA
2016 NA
2016 NA
2016 NA
2016 NA
2016 NA
2016 NA
2016 NA
2016 NA
2016 NA
2016 NA
2016 NA
2016 NA
2016 NA
2016 NA
2016 NA
2016 NA
2016 NA
2016 NA
2016 NA
2016 NA
2016 NA
2016 NA
2016 NA
2016 NA
2016 NA
2016 NA
2016 NA
2016 NA
2016 NA
2016 NA
2016 NA
2016 NA
2016 NA
2016 NA
2016 NA
2016 NA
2016 NA
2016 NA
2016 NA
2016 NA
2016 NA
2016 NA
2016 NA
2016 NA
2016 NA
2016 NA
2016 NA
2016 NA
2016 NA
2016 NA
2016 NA
2016 NA
2016 NA
2016 NA
2016 NA
2016 NA
2016 NA
2016 NA
2016 NA
2016 NA
2016 NA
2016 NA
2016 NA
2016 NA
2016 NA
2016 NA
2016 NA
2016 NA
2016 NA
2016 NA
2016 NA
2016 NA
2016 NA
2016 NA
2016 NA
2016 NA
2016 NA
2016 NA
2016 NA
2016 NA
2016 NA
2016 NA
2016 NA
2016 NA
2016 NA
2016 NA
2016 NA
2016 NA
2016 NA
2016 NA
2016 NA
2016 NA
2016 NA
2016 NA
2016 NA
2016 NA
2016 NA
2016 NA
2016 NA
2016 NA
2016 NA
2016 NA
2016 NA
2016 NA
2016 NA
2016 NA
2016 NA
2016 NA
2016 NA
2016 NA
2016 NA
2016 NA
2016 NA
2016 NA
2016 NA
2016 NA
2016 NA
2016 NA
2016 NA
2016 NA
2016 NA
2016 NA
2016 NA
2017 NA
2017 NA
2017 NA
2017 NA
2017 NA
2017 NA
2017 NA
2017 NA
2017 NA
2017 NA
2017 NA
2017 NA
2017 NA
2017 NA
2017 NA
2017 NA
2017 NA
2017 NA
2017 NA
2017 NA
2017 NA
2017 NA
2017 NA
2017 NA
2017 NA
2017 NA
2017 NA
2017 NA
2017 NA
2017 NA
2017 NA
2017 NA
2017 NA
2017 NA
2017 NA
2017 NA
2017 NA
2017 NA
2017 NA
2017 NA
2017 NA
2017 NA
2017 NA
2017 NA
2017 NA
2017 NA
2017 NA
2017 NA
2017 NA
2017 NA
2017 NA
2017 NA
2017 NA
2017 NA
2017 NA
2017 NA
2017 NA
2017 NA
2017 NA
2017 NA
2017 NA
2017 NA
2017 NA
2017 NA
2017 NA
2017 NA
2017 NA
2017 NA
2017 NA
2017 NA
2017 NA
2017 NA
2017 NA
2017 NA
2017 NA
2017 NA
2017 NA
2017 NA
2017 NA
2017 3.9
2017 NA
2017 NA
2017 NA
2017 NA
2017 NA
2017 NA
2017 NA
2017 NA
2017 NA
2017 NA
2017 NA
2017 NA
2017 NA
2017 NA
2017 NA
2017 NA
2017 NA
2017 NA
2017 NA
2017 NA
2017 NA
2017 NA
2017 NA
2017 NA
2017 NA
2017 NA
2017 NA
2017 NA
2017 NA
2017 NA
2017 NA
2017 NA
2017 NA
2017 NA
2017 NA
2017 NA
2017 NA
2017 NA
2017 NA
2017 NA
2017 NA
2017 NA
2017 NA
2017 NA
2017 NA
2017 NA
2017 NA
2017 NA
2017 NA
2017 NA
2017 NA
2017 NA
2017 NA
2017 NA
2017 7.6
2017 3.1
2017 1.8
2017 2
2017 3.5
2017 3.6
2017 3.7
2017 3.6
2017 3.5
2017 3.2
2017 2.9
2017 1.4
2017 1.9
2017 NA
2017 NA
2017 NA
2017 NA
2017 NA
2017 NA
2017 2.2
2017 7.2
2017 42.6
2017 54.2
2017 58.7
2017 64.3
2017 59.3
2017 56.7
2017 54.5
2017 60.2
2017 68.9
2017 65.8
2017 62.2
2017 59.3
2017 57.8
2017 55.5
2017 53.7
2017 52.9
2017 53.2
2017 51.2
2017 47.9
2017 43.5
2017 41.4
2017 41.9
2017 39.1
2017 38.1
2017 39.1
2017 73.9
2017 98.1
2017 92.7
2017 91.2
2017 103.3
2017 124.7
2017 127.6
2017 115.4
2017 99.4
2017 95.3
2017 89.1
2017 87.6
2017 86.5
2017 84.5
2017 80.3
2017 76.6
2017 73.1
2017 69.4
2017 64.2
2017 56.2
2017 51.8
2017 52.6
2017 51.6
2017 51.8
2017 49.5
2017 46.4
2017 45.1
2017 38.1
2017 37.8
2017 35.3
2017 29.9
2017 23.8
2017 17.7
2017 14.7
2017 13.1
2017 11.2
2017 7.8
2017 NA
2017 NA
2017 NA
2017 NA
2017 NA
2017 NA
2017 NA
2017 NA
2017 NA
2017 NA
2017 NA
2017 NA
2017 NA
2017 NA
2017 NA
2017 NA
2017 NA
2017 NA
2017 NA
2017 NA
2017 14.3
2017 18.4
2017 23.5
2017 20.1
2017 16.1
2017 28.4
2017 39.2
2017 56.7
2017 53.5
2017 40.8
2017 34
2017 31.1
2017 24.5
2017 20.1
2017 16.3
2017 13
2017 7.3
2017 NA
2017 NA
2017 NA
2017 NA
2017 NA
2017 NA
2017 NA
2017 NA
2017 NA
2017 NA
2017 NA
2017 NA
2017 NA
2017 NA
2017 NA
2017 NA
2017 NA
2017 NA
2017 NA
2017 NA
2017 NA
2017 NA
2017 NA
2017 NA
2017 NA
2017 NA
2017 NA
2017 NA
2017 NA
2017 NA
2017 NA
2017 NA
2017 NA
2017 NA
2017 NA
2017 NA
2017 NA
2017 NA
2017 NA
2017 NA
2017 NA
2017 NA
2017 NA
2017 NA
2017 NA
2017 NA
2017 NA
2017 NA
2017 NA
2017 NA
2017 NA
2017 NA
2017 NA
2017 NA
2017 NA
2017 NA
2017 NA
2017 NA
2017 NA
2017 NA
2017 NA
2017 NA
2017 NA
2017 NA
2017 NA
2017 NA
2017 NA
2017 NA
2017 NA
2017 NA
2017 NA
2017 NA
2017 NA
2017 NA
2017 NA
2017 NA
2017 NA
2017 NA
2017 NA
2017 NA
2017 NA
2017 NA
2017 NA
2017 NA
2017 NA
2017 NA
2017 NA
2017 NA
2017 NA
2017 NA
2017 NA
2017 NA
2017 NA
2017 NA
2017 NA
2017 NA
2017 NA
2017 NA
2017 NA
2017 NA
2017 NA
2017 NA
2017 NA
2017 NA
2017 NA
2017 NA
2017 NA
2017 NA
2017 NA
2017 NA
2017 NA
2018 NA
2018 NA
2018 NA
2018 NA
2018 NA
2018 NA
2018 NA
2018 NA
2018 NA
2018 NA
2018 NA
2018 NA
2018 NA
2018 NA
2018 NA
2018 NA
2018 NA
2018 NA
2018 NA
2018 NA
2018 NA
2018 NA
2018 NA
2018 NA
2018 NA
2018 NA
2018 NA
2018 NA
2018 NA
2018 NA
2018 NA
2018 NA
2018 NA
2018 NA
2018 NA
2018 NA
2018 NA
2018 NA
2018 NA
2018 NA
2018 NA
2018 NA
2018 NA
2018 NA
2018 NA
2018 NA
2018 NA
2018 NA
2018 NA
2018 NA
2018 NA
2018 NA
2018 NA
2018 NA
2018 NA
2018 NA
2018 NA
2018 NA
2018 NA
2018 NA
2018 NA
2018 NA
2018 NA
2018 NA
2018 NA
2018 NA
2018 NA
2018 NA
2018 6.1
2018 NA
2018 NA
2018 NA
2018 NA
2018 NA
2018 NA
2018 NA
2018 NA
2018 NA
2018 NA
2018 NA
2018 NA
2018 NA
2018 NA
2018 NA
2018 NA
2018 6.9
2018 4.8
2018 7.7
2018 8.7
2018 9.3
2018 9.7
2018 9.8
2018 9.4
2018 8.4
2018 8
2018 4
2018 5
2018 5.7
2018 7.5
2018 8.7
2018 11.7
2018 41.7
2018 53.6
2018 53
2018 51
2018 50.1
2018 49.2
2018 48.6
2018 48.6
2018 48.7
2018 48.5
2018 48.3
2018 48.6
2018 48
2018 47.5
2018 46.6
2018 51.8
2018 92.4
2018 118.9
2018 90.2
2018 87.8
2018 85.3
2018 81.8
2018 76.9
2018 79.5
2018 82.1
2018 80.7
2018 85.6
2018 84.7
2018 80.6
2018 87.5
2018 91.1
2018 88.7
2018 87.7
2018 87.4
2018 87.2
2018 86.9
2018 88.7
2018 86.6
2018 85.8
2018 85.8
2018 85.2
2018 89.8
2018 83.1
2018 82.7
2018 82.6
2018 82.3
2018 84.3
2018 84.5
2018 81.5
2018 81.4
2018 80.5
2018 80.5
2018 97.3
2018 121.3
2018 116.1
2018 112.6
2018 116.9
2018 116.5
2018 116
2018 113.4
2018 114.8
2018 116.2
2018 113
2018 110.6
2018 101.2
2018 100.4
2018 99.8
2018 98.7
2018 97.6
2018 97
2018 96.4
2018 96.5
2018 96.5
2018 96.7
2018 96.2
2018 94.4
2018 95
2018 98.8
2018 101.9
2018 100.3
2018 105.8
2018 109.2
2018 110.1
2018 108.5
2018 107.9
2018 107.7
2018 121.3
2018 130.8
2018 124.4
2018 120.1
2018 125.7
2018 138.2
2018 134.8
2018 131.7
2018 136
2018 153.6
2018 150.9
2018 175.4
2018 171.5
2018 166.1
2018 163.8
2018 160.9
2018 156.9
2018 155.4
2018 153.7
2018 150
2018 147.5
2018 145.1
2018 148.2
2018 163.3
2018 165.8
2018 158.4
2018 153.5
2018 152.8
2018 164.5
2018 160.8
2018 154.7
2018 152.8
2018 151.4
2018 145.8
2018 148.5
2018 155.6
2018 164.2
2018 176.6
2018 168.9
2018 162.1
2018 155.2
2018 148.9
2018 145.1
2018 138.1
2018 129.2
2018 121.2
2018 112.6
2018 104.7
2018 95.4
2018 89.9
2018 80.9
2018 77.5
2018 71
2018 62.8
2018 55.1
2018 49.2
2018 45.2
2018 38.7
2018 26.5
2018 19.2
2018 NA
2018 NA
2018 NA
2018 NA
2018 NA
2018 NA
2018 NA
2018 NA
2018 NA
2018 NA
2018 NA
2018 NA
2018 NA
2018 NA
2018 NA
2018 NA
2018 NA
2018 NA
2018 NA
2018 NA
2018 NA
2018 NA
2018 NA
2018 NA
2018 NA
2018 NA
2018 NA
2018 NA
2018 NA
2018 NA
2018 NA
2018 NA
2018 NA
2018 NA
2018 NA
2018 NA
2018 NA
2018 NA
2018 NA
2018 NA
2018 NA
2018 NA
2018 NA
2018 NA
2018 NA
2018 NA
2018 NA
2018 NA
2018 NA
2018 NA
2018 NA
2018 NA
2018 NA
2018 NA
2018 NA
2018 NA
2018 NA
2018 NA
2018 NA
2018 NA
2018 NA
2018 NA
2018 NA
2018 NA
2018 NA
2018 NA
2018 NA
2018 NA
2018 NA
2018 NA
2018 NA
2018 NA
2018 NA
2018 NA
2018 NA
2018 NA
2018 NA
2018 NA
2018 NA
2018 NA
2018 NA
2018 NA
2018 NA
2018 NA
2018 NA
2018 NA
2018 NA
2018 NA
2018 NA
2018 NA
2018 NA
2018 NA
2018 NA
2018 NA
2018 NA
2018 NA
2018 NA
2018 NA
2018 NA
2018 NA
2018 NA
2018 NA
2018 NA
2018 NA
2018 NA
2018 NA
2018 NA
2018 NA
2018 NA
2018 NA
2018 NA
2018 NA
2018 NA
2018 NA
2018 NA
2018 NA
2018 NA
2018 NA
2019 NA
2019 NA
2019 NA
2019 NA
2019 NA
2019 NA
2019 NA
2019 NA
2019 NA
2019 NA
2019 NA
2019 NA
2019 NA
2019 NA
2019 NA
2019 NA
2019 NA
2019 NA
2019 NA
2019 NA
2019 NA
2019 NA
2019 NA
2019 NA
2019 NA
2019 NA
2019 NA
2019 NA
2019 NA
2019 NA
2019 NA
2019 NA
2019 NA
2019 NA
2019 NA
2019 NA
2019 NA
2019 NA
2019 NA
2019 NA
2019 NA
2019 NA
2019 NA
2019 NA
2019 NA
2019 NA
2019 NA
2019 NA
2019 NA
2019 NA
2019 NA
2019 NA
2019 NA
2019 NA
2019 NA
2019 NA
2019 NA
2019 NA
2019 NA
2019 13
2019 14.3
2019 9.3
2019 9.3
2019 6
2019 NA
2019 NA
2019 NA
2019 NA
2019 NA
2019 NA
2019 NA
2019 NA
2019 NA
2019 NA
2019 NA
2019 NA
2019 NA
2019 15.4
2019 13.5
2019 29.2
2019 34.9
2019 21.3
2019 20.3
2019 20.3
2019 35.4
2019 29.7
2019 26.6
2019 26.9
2019 26
2019 25.7
2019 26.7
2019 27.9
2019 27.7
2019 25.7
2019 24
2019 23.3
2019 23.7
2019 22.7
2019 21.7
2019 21.8
2019 21.5
2019 22.7
2019 21.5
2019 21.4
2019 21
2019 21.2
2019 21.5
2019 22.1
2019 22.5
2019 25
2019 35.2
2019 31.4
2019 29.3
2019 27.7
2019 26
2019 24.6
2019 23.5
2019 22.1
2019 21.9
2019 21.9
2019 22.9
2019 22.9
2019 23.3
2019 21
2019 23.3
2019 23.6
2019 22
2019 19.8
2019 20.7
2019 21
2019 20.6
2019 19.7
2019 20
2019 20.6
2019 21.1
2019 23
2019 22.5
2019 21.6
2019 22.1
2019 21.3
2019 21.2
2019 21
2019 21.2
2019 21.2
2019 21.9
2019 21
2019 19.6
2019 20.3
2019 23.3
2019 21.8
2019 20.3
2019 19.8
2019 22.7
2019 42.4
2019 83.8
2019 84.2
2019 78.2
2019 75.8
2019 73.4
2019 72.4
2019 70.3
2019 69.2
2019 75.6
2019 81.7
2019 61.2
2019 57.4
2019 56.5
2019 54.5
2019 52.5
2019 50
2019 49.4
2019 50.6
2019 51.5
2019 49.8
2019 47.9
2019 45.1
2019 44.9
2019 43.7
2019 39.2
2019 38.4
2019 36.8
2019 33.6
2019 32.3
2019 33.3
2019 37.2
2019 40.1
2019 40.5
2019 53.1
2019 58.7
2019 54.3
2019 51.3
2019 51
2019 49.6
2019 49.8
2019 50.8
2019 48.1
2019 44.6
2019 43.1
2019 52.1
2019 48.8
2019 48.1
2019 46.7
2019 43.6
2019 41.7
2019 37.9
2019 32.2
2019 30.3
2019 31.5
2019 28.3
2019 24.6
2019 20.9
2019 17.8
2019 13.2
2019 10.3
2019 25.9
2019 82.5
2019 100
2019 82.7
2019 72.1
2019 66.5
2019 59.6
2019 56.6
2019 52.1
2019 48.7
2019 46.2
2019 69.2
2019 59.6
2019 51.5
2019 48.6
2019 46.7
2019 43.1
2019 37.9
2019 33.1
2019 28.9
2019 25.7
2019 21.3
2019 19.4
2019 17.9
2019 15.3
2019 12.3
2019 8.3
2019 NA
2019 NA
2019 NA
2019 NA
2019 3.4
2019 23.6
2019 13.7
2019 5.9
2019 7.1
2019 13
2019 4.3
2019 4.1
2019 9.8
2019 NA
2019 NA
2019 NA
2019 NA
2019 NA
2019 NA
2019 NA
2019 NA
2019 NA
2019 NA
2019 NA
2019 NA
2019 NA
2019 NA
2019 NA
2019 NA
2019 NA
2019 NA
2019 NA
2019 NA
2019 NA
2019 NA
2019 NA
2019 NA
2019 NA
2019 NA
2019 NA
2019 NA
2019 NA
2019 NA
2019 NA
2019 NA
2019 NA
2019 NA
2019 NA
2019 NA
2019 NA
2019 NA
2019 NA
2019 NA
2019 NA
2019 NA
2019 NA
2019 NA
2019 NA
2019 NA
2019 NA
2019 NA
2019 NA
2019 NA
2019 NA
2019 NA
2019 NA
2019 NA
2019 NA
2019 NA
2019 NA
2019 NA
2019 NA
2019 NA
2019 NA
2019 NA
2019 NA
2019 NA
2019 NA
2019 NA
2019 NA
2019 NA
2019 NA
2019 NA
2019 NA
2019 NA
2019 NA
2019 NA
2019 NA
2019 NA
2019 NA
2019 NA
2019 NA
2019 NA
2019 NA
2019 NA
2019 NA
2019 NA
2019 NA
2019 NA
2019 NA
2019 NA
2019 NA
2019 NA
2019 NA
2019 NA
2019 NA
2019 NA
2019 NA
2019 NA
2019 NA
2019 NA
2019 NA
2019 NA
2019 NA
2019 NA
2019 NA
2019 NA
2019 NA
2019 NA
2019 NA
2019 NA
2019 NA
2019 NA
2019 NA
2020 NA
2020 NA
2020 NA
2020 NA
2020 NA
2020 NA
2020 NA
2020 NA
2020 NA
2020 NA
2020 NA
2020 NA
2020 NA
2020 NA
2020 NA
2020 NA
2020 NA
2020 NA
2020 NA
2020 NA
2020 NA
2020 NA
2020 NA
2020 NA
2020 NA
2020 NA
2020 NA
2020 NA
2020 NA
2020 NA
2020 NA
2020 NA
2020 NA
2020 NA
2020 NA
2020 NA
2020 NA
2020 NA
2020 NA
2020 NA
2020 NA
2020 NA
2020 NA
2020 NA
2020 NA
2020 NA
2020 NA
2020 NA
2020 NA
2020 NA
2020 NA
2020 NA
2020 NA
2020 NA
2020 NA
2020 NA
2020 NA
2020 NA
2020 NA
2020 NA
2020 NA
2020 NA
2020 NA
2020 NA
2020 NA
2020 NA
2020 10.4
2020 10.2
2020 45
2020 43.7
2020 38.4
2020 39.9
2020 58.8
2020 53
2020 49.9
2020 73.5
2020 88.4
2020 85.4
2020 87.6
2020 105
2020 98.2
2020 93.5
2020 100.6
2020 118.4
2020 111.2
2020 101.7
2020 98.4
2020 102.1
2020 104.6
2020 100.8
2020 96.7
2020 100.3
2020 116.9
2020 112.7
2020 109.5
2020 108.5
2020 105.6
2020 100.7
2020 99.5
2020 101.2
2020 93.3
2020 90
2020 100.2
2020 108.2
2020 99.9
2020 98.2
2020 96.9
2020 94.9
2020 91.6
2020 89.9
2020 105
2020 131.4
2020 131.8
2020 125.2
2020 122.9
2020 119.9
2020 118.4
2020 116.9
2020 112.6
2020 110.4
2020 110.2
2020 109.5
2020 108.3
2020 108.9
2020 107.9
2020 106.3
2020 106.8
2020 107
2020 105.3
2020 103.9
2020 104.2
2020 105.2
2020 104.8
2020 104.4
2020 104.3
2020 104.5
2020 104.1
2020 103.4
2020 103.3
2020 114.2
2020 110.9
2020 108.8
2020 108.9
2020 107.3
2020 107
2020 106.7
2020 107.5
2020 110
2020 108.5
2020 117
2020 117.4
2020 116.5
2020 114.5
2020 113.3
2020 112.2
2020 109.3
2020 109.6
2020 109.9
2020 108.7
2020 107.1
2020 105.8
2020 105.9
2020 106.6
2020 104.7
2020 104.4
2020 104.3
2020 105
2020 103.8
2020 104.2
2020 103.3
2020 100.4
2020 101.6
2020 102.6
2020 100.7
2020 98.2
2020 95.7
2020 93.4
2020 92.4
2020 92.3
2020 93.5
2020 93.1
2020 92.6
2020 98.1
2020 117.8
2020 160.9
2020 151.9
2020 150.3
2020 158.7
2020 151.8
2020 148.1
2020 146.1
2020 143.8
2020 138
2020 131.6
2020 126.5
2020 129.8
2020 131.5
2020 125.2
2020 121
2020 118.1
2020 117.2
2020 115
2020 112.9
2020 111.4
2020 110.4
2020 110.1
2020 116.3
2020 121.3
2020 111.2
2020 111.8
2020 113.9
2020 133.7
2020 136.7
2020 135
2020 129.6
2020 122.4
2020 117.6
2020 113.6
2020 108.8
2020 104.6
2020 99.7
2020 94.5
2020 89.8
2020 81.8
2020 73.7
2020 66.7
2020 63.2
2020 57.7
2020 53.6
2020 47.5
2020 39.1
2020 32.7
2020 24.9
2020 22.1
2020 17.4
2020 11.5
2020 4
2020 NA
2020 NA
2020 NA
2020 NA
2020 2.5
2020 3
2020 2.4
2020 1.7
2020 NA
2020 NA
2020 NA
2020 NA
2020 NA
2020 NA
2020 NA
2020 NA
2020 NA
2020 NA
2020 NA
2020 NA
2020 NA
2020 NA
2020 NA
2020 NA
2020 NA
2020 NA
2020 NA
2020 NA
2020 NA
2020 NA
2020 NA
2020 NA
2020 NA
2020 NA
2020 NA
2020 NA
2020 NA
2020 NA
2020 NA
2020 NA
2020 NA
2020 NA
2020 NA
2020 NA
2020 NA
2020 NA
2020 NA
2020 NA
2020 NA
2020 NA
2020 NA
2020 NA
2020 NA
2020 NA
2020 NA
2020 NA
2020 NA
2020 NA
2020 NA
2020 NA
2020 NA
2020 NA
2020 NA
2020 NA
2020 NA
2020 NA
2020 NA
2020 NA
2020 NA
2020 NA
2020 NA
2020 NA
2020 NA
2020 NA
2020 NA
2020 NA
2020 NA
2020 NA
2020 NA
2020 NA
2020 NA
2020 NA
2020 NA
2020 NA
2020 NA
2020 NA
2020 NA
2020 NA
2020 NA
2020 NA
2020 NA
2020 NA
2020 NA
2020 NA
2020 NA
2020 NA
2020 NA
2020 NA
2020 NA
2020 NA
2020 NA
2020 NA
2020 NA
2020 NA
2020 NA
2020 NA
2020 NA
2020 NA
2020 NA
2020 NA
2020 NA
2020 NA
2020 NA
2020 NA
2020 NA
2020 NA
2020 NA
2020 NA
2020 NA
2020 NA
2020 NA
2020 NA
2020 NA
2020 NA
2020 NA
2020 NA
2020 NA
2020 NA
2020 NA
2021 NA
2021 NA
2021 NA
2021 NA
2021 NA
2021 NA
2021 NA
2021 NA
2021 NA
2021 NA
2021 NA
2021 NA
2021 NA
2021 NA
2021 NA
2021 NA
2021 NA
2021 NA
2021 NA
2021 NA
2021 NA
2021 NA
2021 NA
2021 NA
2021 NA
2021 12
2021 NA
2021 NA
2021 NA
2021 NA
2021 NA
2021 NA
2021 NA
2021 NA
2021 NA
2021 NA
2021 NA
2021 NA
2021 NA
2021 NA
2021 NA
2021 NA
2021 NA
2021 NA
2021 NA
2021 NA
2021 NA
2021 NA
2021 NA
2021 NA
2021 NA
2021 NA
2021 NA
2021 NA
2021 NA
2021 NA
2021 9.7
2021 NA
2021 NA
2021 NA
2021 NA
2021 NA
2021 NA
2021 NA
2021 NA
2021 NA
2021 NA
2021 NA
2021 NA
2021 NA
2021 NA
2021 NA
2021 NA
2021 NA
2021 NA
2021 NA
2021 NA
2021 NA
2021 NA
2021 NA
2021 NA
2021 NA
2021 NA
2021 NA
2021 NA
2021 NA
2021 NA
2021 NA
2021 NA
2021 NA
2021 NA
2021 NA
2021 15.4
2021 14.9
2021 37.3
2021 82.9
2021 101.5
2021 128.3
2021 145.1
2021 143.7
2021 134
2021 127
2021 121
2021 116.3
2021 111.9
2021 108
2021 109.8
2021 105.5
2021 104.5
2021 104.6
2021 102
2021 100.5
2021 99
2021 97.9
2021 97.3
2021 96
2021 93
2021 93
2021 127.6
2021 142
2021 142.7
2021 136.8
2021 141.9
2021 163.6
2021 177.4
2021 173.4
2021 164.5
2021 161.9
2021 156.4
2021 152.1
2021 148.5
2021 144.6
2021 141.6
2021 139.6
2021 135.5
2021 131.2
2021 133.7
2021 129.9
2021 127.6
2021 124.8
2021 122.4
2021 121.3
2021 133.8
2021 172.7
2021 196.1
2021 183.5
2021 176.7
2021 171.7
2021 164.5
2021 160.5
2021 158.7
2021 157
2021 161.5
2021 158.1
2021 155.3
2021 154.3
2021 151.9
2021 148
2021 144.7
2021 160.9
2021 189.2
2021 180.6
2021 193.6
2021 187
2021 183.7
2021 178.2
2021 176.1
2021 173
2021 170.1
2021 166
2021 164.9
2021 162.4
2021 158.3
2021 154.9
2021 155.1
2021 153.6
2021 152.1
2021 148.8
2021 143.6
2021 141.1
2021 140.5
2021 138.3
2021 134.6
2021 132.6
2021 132.4
2021 133.7
2021 136.1
2021 136.1
2021 135.6
2021 139.4
2021 139.4
2021 137.3
2021 135.3
2021 133.9
2021 133.7
2021 130.8
2021 132
2021 131.7
2021 131.5
2021 133.8
2021 132.6
2021 130.8
2021 128
2021 128.9
2021 125.1
2021 120.5
2021 114
2021 115.2
2021 117.1
2021 113.6
2021 110.3
2021 104.2
2021 98.2
2021 91.2
2021 87.6
2021 85.3
2021 81.1
2021 81.7
2021 82.3
2021 79.2
2021 79.3
2021 79.4
2021 91.3
2021 95.5
2021 96.5
2021 93
2021 101.6
2021 95.1
2021 91.6
2021 91.4
2021 88.5
2021 84.8
2021 82.9
2021 83.3
2021 82.7
2021 78.4
2021 72.9
2021 69
2021 67.8
2021 64.4
2021 61.4
2021 60.6
2021 55.9
2021 52.4
2021 49
2021 47
2021 41.1
2021 38.6
2021 35.2
2021 30.8
2021 24
2021 15.8
2021 8.2
2021 NA
2021 NA
2021 NA
2021 NA
2021 NA
2021 NA
2021 NA
2021 NA
2021 NA
2021 NA
2021 NA
2021 NA
2021 NA
2021 NA
2021 NA
2021 NA
2021 NA
2021 NA
2021 NA
2021 NA
2021 NA
2021 NA
2021 NA
2021 NA
2021 NA
2021 NA
2021 NA
2021 NA
2021 NA
2021 NA
2021 NA
2021 NA
2021 NA
2021 NA
2021 NA
2021 NA
2021 NA
2021 NA
2021 NA
2021 NA
2021 NA
2021 NA
2021 NA
2021 NA
2021 NA
2021 NA
2021 NA
2021 NA
2021 NA
2021 NA
2021 NA
2021 NA
2021 NA
2021 NA
2021 NA
2021 NA
2021 NA
2021 NA
2021 NA
2021 NA
2021 NA
2021 NA
2021 NA
2021 NA
2021 NA
2021 NA
2021 NA
2021 NA
2021 NA
2021 NA
2021 NA
2021 NA
2021 NA
2021 NA
2021 NA
2021 NA
2021 NA
2021 NA
2021 NA
2021 NA
2021 NA
2021 NA
2021 NA
2021 NA
2021 NA
2021 NA
2021 NA
2021 NA
2021 NA
2021 NA
2021 NA
2021 NA
2021 NA
2021 NA
2021 NA
2021 NA
2021 NA
2021 NA
2021 NA
2021 NA
2021 NA
2021 NA
2021 NA
2021 NA
2021 NA
2021 NA
2021 NA
2021 NA
2021 NA
2021 NA
2021 NA
2021 NA
2022 NA
2022 NA
2022 NA
2022 NA
2022 NA
2022 NA
2022 NA
2022 NA
2022 NA
2022 NA
2022 NA
2022 NA
2022 NA
2022 NA
2022 NA
2022 NA
2022 NA
2022 NA
2022 NA
2022 NA
2022 NA
2022 NA
2022 NA
2022 NA
2022 NA
2022 NA
2022 NA
2022 NA
2022 NA
2022 NA
2022 NA
2022 NA
2022 NA
2022 NA
2022 NA
2022 NA
2022 NA
2022 NA
2022 NA
2022 NA
2022 NA
2022 NA
2022 NA
2022 NA
2022 NA
2022 NA
2022 NA
2022 NA
2022 NA
2022 NA
2022 NA
2022 NA
2022 NA
2022 NA
2022 NA
2022 NA
2022 NA
2022 NA
2022 NA
2022 NA
2022 NA
2022 NA
2022 NA
2022 19.9
2022 32.6
2022 26.1
2022 23.5
2022 21.5
2022 19.2
2022 17
2022 14.3
2022 12.5
2022 10.6
2022 7.9
2022 8.3
2022 7.6
2022 6
2022 4.8
2022 3.8
2022 NA
2022 NA
2022 NA
2022 NA
2022 NA
2022 NA
2022 NA
2022 19.3
2022 18.8
2022 32.5
2022 25.5
2022 15.9
2022 14.8
2022 13.9
2022 13.7
2022 13.3
2022 15.3
2022 15.9
2022 15.3
2022 26.7
2022 44.8
2022 39.8
2022 23
2022 16.6
2022 16.1
2022 15.2
2022 14.2
2022 14
2022 13.9
2022 13.7
2022 13.4
2022 12.7
2022 15.1
2022 14.8
2022 14
2022 14.4
2022 14.7
2022 14.4
2022 14.6
2022 11.4
2022 11.8
2022 4
2022 NA
2022 NA
2022 NA
2022 NA
2022 NA
2022 13.2
2022 11.2
2022 11.1
2022 10.9
2022 11
2022 11.2
2022 9.7
2022 9.6
2022 10.3
2022 9.4
2022 9
2022 6.9
2022 5
2022 7.9
2022 8.7
2022 7.7
2022 4.8
2022 3.9
2022 NA
2022 NA
2022 NA
2022 NA
2022 NA
2022 NA
2022 NA
2022 NA
2022 NA
2022 4
2022 NA
2022 NA
2022 NA
2022 NA
2022 NA
2022 8.7
2022 3.3
2022 NA
2022 NA
2022 NA
2022 NA
2022 NA
2022 NA
2022 47.4
2022 44.3
2022 38.9
2022 33.1
2022 31.3
2022 28.5
2022 27.3
2022 25.9
2022 22.8
2022 20
2022 20.7
2022 19.5
2022 18.1
2022 17.4
2022 17
2022 16.8
2022 18.4
2022 17.2
2022 15.9
2022 17.7
2022 17.9
2022 18.2
2022 17.2
2022 15.3
2022 14.9
2022 15.1
2022 14.6
2022 9.3
2022 4.9
2022 8.9
2022 5.7
2022 5.4
2022 3.1
2022 3
2022 NA
2022 NA
2022 NA
2022 NA
2022 NA
2022 NA
2022 NA
2022 NA
2022 NA
2022 NA
2022 5.3
2022 19.1
2022 45.2
2022 46.1
2022 39.2
2022 31.3
2022 25.5
2022 19.9
2022 13.4
2022 10.7
2022 6.2
2022 NA
2022 NA
2022 NA
2022 NA
2022 NA
2022 NA
2022 NA
2022 NA
2022 NA
2022 NA
2022 NA
2022 NA
2022 NA
2022 18.2
2022 13.8
2022 10.1
2022 6.4
2022 NA
2022 NA
2022 NA
2022 NA
2022 NA
2022 NA
2022 NA
2022 NA
2022 NA
2022 NA
2022 NA
2022 NA
2022 NA
2022 NA
2022 NA
2022 NA
2022 NA
2022 NA
2022 NA
2022 NA
2022 NA
2022 NA
2022 NA
2022 NA
2022 NA
2022 NA
2022 NA
2022 NA
2022 NA
2022 NA
2022 NA
2022 NA
2022 NA
2022 NA
2022 NA
2022 NA
2022 NA
2022 NA
2022 NA
2022 NA
2022 NA
2022 NA
2022 NA
2022 NA
2022 NA
2022 NA
2022 NA
2022 NA
2022 NA
2022 NA
2022 NA
2022 NA
2022 NA
2022 NA
2022 NA
2022 NA
2022 NA
2022 NA
2022 NA
2022 NA
2022 NA
2022 NA
2022 NA
2022 NA
2022 NA
2022 NA
2022 NA
2022 NA
2022 NA
2022 NA
2022 NA
2022 NA
2022 NA
2022 NA
2022 NA
2022 NA
2022 NA
2022 NA
2022 NA
2022 NA
2022 NA
2022 NA
2022 NA
2022 NA
2022 NA
2022 NA
2022 NA
2022 NA
2022 NA
2022 NA
2022 NA
2022 NA
2022 NA
2022 NA
2022 NA
2022 NA
2022 NA
2022 NA
2022 NA
2022 NA
2022 NA
2022 NA
2022 NA
2022 NA
2022 NA
2022 NA
2022 NA
2022 NA
2022 NA
2022 NA
2022 NA
2022 NA
2022 NA
2022 NA
2022 NA
2022 NA
2022 NA
2022 NA
2022 NA
2022 NA
2022 NA
2022 NA
2022 NA
2022 NA
2022 NA
2022 NA
2023 NA
2023 NA
2023 NA
2023 NA
2023 NA
2023 NA
2023 NA
2023 NA
2023 NA
2023 NA
2023 NA
2023 NA
2023 NA
2023 NA
2023 NA
2023 NA
2023 NA
2023 NA
2023 NA
2023 NA
2023 NA
2023 NA
2023 NA
2023 NA
2023 NA
2023 NA
2023 NA
2023 NA
2023 NA
2023 NA
2023 NA
2023 NA
2023 NA
2023 NA
2023 NA
2023 NA
2023 NA
2023 NA
2023 NA
2023 NA
2023 NA
2023 NA
2023 NA
2023 NA
2023 NA
2023 NA
2023 NA
2023 NA
2023 NA
2023 NA
2023 NA
2023 NA
2023 NA
2023 NA
2023 NA
2023 NA
2023 NA
2023 NA
2023 NA
2023 NA
2023 NA
2023 NA
2023 NA
2023 NA
2023 9.8
2023 NA
2023 NA
2023 NA
2023 NA
2023 NA
2023 NA
2023 NA
2023 NA
2023 NA
2023 10.8
2023 6.9
2023 NA
2023 NA
2023 NA
2023 NA
2023 NA
2023 NA
2023 13.3
2023 9.6
2023 6
2023 4.4
2023 4
2023 NA
2023 NA
2023 4.9
2023 5.2
2023 5.6
2023 5.5
2023 12.1
2023 28.8
2023 50
2023 48.3
2023 43.3
2023 40
2023 52.2
2023 56.4
2023 51.6
2023 48.7
2023 47
2023 45.1
2023 51.1
2023 71.4
2023 63.1
2023 59
2023 56.3
2023 57.9
2023 59.7
2023 56.3
2023 53.6
2023 54.6
2023 53.3
2023 51.5
2023 52
2023 51.6
2023 49.9
2023 53
2023 51.9
2023 49.5
2023 43.4
2023 42.4
2023 42.2
2023 38.5
2023 35.2
2023 35.3
2023 46.3
2023 71.8
2023 62.8
2023 59.8
2023 57.1
2023 48.8
2023 51.9
2023 57.8
2023 65.2
2023 69.2
2023 69.2
2023 64.2
2023 60.5
2023 56.3
2023 53.9
2023 53.9
2023 52.7
2023 52.5
2023 51.5
2023 51.1
2023 50.8
2023 50.5
2023 51.2
2023 49.7
2023 50.5
2023 49.1
2023 42.8
2023 39.3
2023 35.5
2023 38.5
2023 49.1
2023 49.4
2023 47.9
2023 47
2023 42.7
2023 39.8
2023 39.2
2023 35.4
2023 37
2023 36
2023 36
2023 33.9
2023 32
2023 27.9
2023 29.4
2023 28.3
2023 27.7
2023 25.8
2023 25.3
2023 27.5
2023 30
2023 33.1
2023 31.5
2023 30.9
2023 29.4
2023 26.1
2023 26.5
2023 24.8
2023 23.4
2023 23.3
2023 26.9
2023 25.2
2023 20.6
2023 16.3
2023 14.5
2023 22.8
2023 23.5
2023 23.2
2023 22.4
2023 19.8
2023 19.7
2023 19.8
2023 15.7
2023 11.9
2023 6.7
2023 3.4
2023 NA
2023 NA
2023 4
2023 2.8
2023 NA
2023 NA
2023 NA
2023 NA
2023 NA
2023 NA
2023 NA
2023 NA
2023 NA
2023 NA
2023 NA
2023 NA
2023 NA
2023 NA
2023 NA
2023 17.7
2023 7.8
2023 NA
2023 NA
2023 NA
2023 NA
2023 NA
2023 13
2023 26.5
2023 16.1
2023 11.2
2023 8
2023 NA
2023 NA
2023 NA
2023 NA
2023 NA
2023 NA
2023 NA
2023 NA
2023 NA
2023 NA
2023 NA
2023 NA
2023 NA
2023 NA
2023 NA
2023 NA
2023 NA
2023 NA
2023 NA
2023 NA
2023 NA
2023 NA
2023 NA
2023 NA
2023 NA
2023 NA
2023 NA
2023 NA
2023 NA
2023 NA
2023 NA
2023 NA
2023 NA
2023 NA
2023 NA
2023 NA
2023 NA
2023 NA
2023 NA
2023 NA
2023 NA
2023 NA
2023 NA
2023 NA
2023 NA
2023 NA
2023 NA
2023 NA
2023 NA
2023 NA
2023 NA
2023 NA
2023 NA
2023 NA
2023 NA
2023 NA
2023 NA
2023 NA
2023 NA
2023 NA
2023 NA
2023 NA
2023 NA
2023 NA
2023 NA
2023 NA
2023 NA
2023 NA
2023 NA
2023 NA
2023 NA
2023 NA
2023 NA
2023 NA
2023 NA
2023 NA
2023 NA
2023 NA
2023 NA
2023 NA
2023 NA
2023 NA
2023 NA
2023 NA
2023 NA
2023 NA
2023 NA
2023 NA
2023 NA
2023 NA
2023 NA
2023 NA
2023 NA
2023 NA
2023 NA
2023 NA
2023 NA
2023 NA
2023 NA
2023 NA
2023 NA
2023 NA
2023 NA
2023 NA
2023 NA
2023 NA
2023 NA
2023 NA
2023 NA
2023 NA
2023 NA
2023 NA
2023 NA
2023 NA
2023 NA
2023 NA
2023 NA
2023 NA
2023 NA
2023 NA
2023 NA
2023 NA
2023 NA
2023 NA
2023 NA
2023 NA
2023 NA
2023 NA
2023 NA
2024 NA
2024 NA
2024 NA
2024 NA
2024 NA
2024 NA
2024 NA
2024 NA
2024 NA
2024 NA
2024 NA
2024 NA
2024 NA
2024 NA
2024 NA
2024 NA
2024 NA
2024 NA
2024 NA
2024 NA
2024 NA
2024 NA
2024 NA
2024 NA
2024 NA
2024 NA
2024 NA
2024 NA
2024 NA
2024 NA
2024 NA
2024 NA
2024 NA
2024 NA
2024 NA
2024 NA
2024 NA
2024 NA
2024 NA
2024 NA
2024 NA
2024 NA
2024 NA
2024 NA
2024 NA
2024 NA
2024 NA
2024 NA
2024 NA
2024 NA
2024 NA
2024 NA
2024 NA
2024 NA
2024 NA
2024 NA
2024 NA
2024 NA
2024 NA
2024 NA
2024 NA
2024 NA
2024 NA
2024 18.5
2024 24.2
2024 34.1
2024 27.4
2024 32.7
2024 29.7
2024 32.1
2024 39.3
2024 36.8
2024 35
2024 30.2
2024 25.1
2024 24.9
2024 24.7
2024 24.9
2024 23.2
2024 23.2
2024 22
2024 20.1
2024 19
2024 17.8
2024 18.6
2024 20.6
2024 18.7
2024 19.2
2024 20.3
2024 20.5
2024 29.6
2024 22.7
2024 15.3
2024 13.7
2024 15
2024 17.4
2024 16.8
2024 16.6
2024 18
2024 19.4
2024 19.2
2024 16.6
2024 15.6
2024 16
2024 15.1
2024 15.1
2024 15.2
2024 14.2
2024 14.1
2024 14.4
2024 13.7
2024 13.3
2024 13.2
2024 12
2024 10.9
2024 11.1
2024 10.7
2024 9.8
2024 9.9
2024 9.7
2024 10.8
2024 17.8
2024 32.2
2024 31
2024 26.3
2024 28.5
2024 36.4
2024 65.6
2024 55.2
2024 51.8
2024 50.2
2024 49.2
2024 45.7
2024 44.4
2024 43
2024 42.6
2024 42.6
2024 41
2024 41.9
2024 44
2024 43.2
2024 40.5
2024 39.6
2024 40.7
2024 39.4
2024 37.7
2024 33
2024 28.7
2024 29.4
2024 27.7
2024 28.4
2024 28.6
2024 29.1
2024 27.2
2024 25
2024 23.2
2024 21.5
2024 20.1
2024 14.7
2024 15.5
2024 16.8
2024 40.9
2024 80
2024 90
2024 84
2024 81.2
2024 77.4
2024 74.7
2024 72.5
2024 68.5
2024 65.3
2024 61
2024 59
2024 59.4
2024 65.2
2024 119.3
2024 131.8
2024 149.1
2024 153.9
2024 171.5
2024 158
2024 147.3
2024 136.1
2024 136.6
2024 145
2024 139.3
2024 138.5
2024 149.6
2024 139.9
2024 142.7
2024 146.6
2024 166.3
2024 170.9
2024 164.4
2024 157.6
2024 153
2024 148.6
2024 143.6
2024 138
2024 136.8
2024 132.8
2024 128.1
2024 126.7
2024 121.9
2024 120.4
2024 121.4
2024 120.9
2024 120.9
2024 137.6
2024 155.2
2024 155.8
2024 149.4
2024 150.5
2024 152.9
2024 150.7
2024 148.1
2024 147.1
2024 142.6
2024 136.9
2024 128.7
2024 117.5
2024 113.8
2024 112.8
2024 105.4
2024 97.7
2024 88.4
2024 77
2024 69.7
2024 62.8
2024 59
2024 59.6
2024 58.5
2024 57.5
2024 56.6
2024 63.7
2024 61.7
2024 58.5
2024 56.3
2024 55.5
2024 58.3
2024 58.6
2024 49.5
2024 41
2024 36.7
2024 31.9
2024 27.3
2024 20.8
2024 14.1
2024 9.3
2024 9.7
2024 NA
2024 NA
2024 NA
2024 NA
2024 NA
2024 NA
2024 NA
2024 NA
2024 NA
2024 3.8
2024 NA
2024 NA
2024 NA
2024 NA
2024 NA
2024 NA
2024 NA
2024 NA
2024 NA
2024 NA
2024 NA
2024 NA
2024 NA
2024 NA
2024 NA
2024 NA
2024 NA
2024 NA
2024 NA
2024 NA
2024 NA
2024 NA
2024 NA
2024 NA
2024 NA
2024 NA
2024 NA
2024 NA
2024 NA
2024 NA
2024 NA
2024 NA
2024 NA
2024 NA
2024 NA
2024 NA
2024 NA
2024 NA
2024 NA
2024 NA
2024 NA
2024 NA
2024 NA
2024 NA
2024 NA
2024 NA
2024 NA
2024 NA
2024 NA
2024 NA
2024 NA
2024 NA
2024 NA
2024 NA
2024 NA
2024 NA
2024 NA
2024 NA
2024 NA
2024 NA
2024 NA
2024 NA
2024 NA
2024 NA
2024 NA
2024 NA
2024 NA
2024 NA
2024 NA
2024 NA
2024 NA
2024 NA
2024 NA
2024 NA
2024 NA
2024 NA
2024 NA
2024 NA
2024 NA
2024 NA
2024 NA
2024 NA
2024 NA
2024 NA
2024 NA
2024 NA
2024 NA
2024 NA
2024 NA
2024 NA
2024 NA
2024 NA
2024 NA
2024 NA
2024 NA
2024 NA
2024 NA
2024 NA
2024 NA
2024 NA
2024 NA
2024 NA
2024 NA
2024 NA
2024 NA
2024 NA
