1982 0
1982 0
1982 0
1982 0
1982 0
1982 0
1982 0
1982 0
1982 0
1982 0
1982 0
1982 0
1982 0
1982 0
1982 0
1982 0
1982 0
1982 0
1982 0
1982 0
1982 0
1982 0
1982 0
1982 0
1982 0
1982 0
1982 6
1982 26
1982 35
1982 15
1982 8
1982 8
1982 6
1982 3
1982 0
1982 0
1982 0
1982 0
1982 0
1982 0
1982 0
1982 20
1982 23
1982 20
1982 10
1982 10
1982 7
1982 0
1982 0
1982 0
1982 10
1982 75
1982 80
1982 85
1982 70
1982 90
1982 120
1982 125
1982 120
1982 115
1982 90
1982 60
1982 40
1982 35
1982 30
1982 30
1982 30
1982 30
1982 25
1982 25
1982 22
1982 22
1982 20
1982 20
1982 50
1982 45
1982 40
1982 38
1982 35
1982 35
1982 35
1982 30
1982 30
1982 30
1982 30
1982 40
1982 40
1982 40
1982 75
1982 110
1982 140
1982 145
1982 145
1982 140
1982 140
1982 150
1982 140
1982 150
1982 150
1982 170
1982 180
1982 170
1982 180
1982 185
1982 190
1982 195
1982 240
1982 245
1982 240
1982 245
1982 240
1982 240
1982 240
1982 240
1982 240
1982 270
1982 280
1982 275
1982 275
1982 275
1982 270
1982 270
1982 265
1982 260
1982 253
1982 250
1982 250
1982 330
1982 330
1982 345
1982 350
1982 345
1982 345
1982 345
1982 340
1982 340
1982 340
1982 338
1982 330
1982 325
1982 320
1982 310
1982 300
1982 299
1982 298
1982 298
1982 299
1982 294
1982 303
1982 307
1982 350
1982 350
1982 345
1982 345
1982 342
1982 332
1982 325
1982 320
1982 311
1982 308
1982 310
1982 308
1982 305
1982 304
1982 303
1982 303
1982 303
1982 307
1982 305
1982 300
1982 297
1982 299
1982 299
1982 300
1982 300
1982 305
1982 305
1982 305
1982 304
1982 300
1982 300
1982 290
1982 317
1982 317
1982 327
1982 338
1982 340
1982 338
1982 340
1982 336
1982 333
1982 355
1982 360
1982 405
1982 418
1982 410
1982 410
1982 410
1982 440
1982 450
1982 445
1982 440
1982 440
1982 440
1982 435
1982 435
1982 430
1982 427
1982 421
1982 416
1982 422
1982 445
1982 440
1982 430
1982 420
1982 410
1982 405
1982 400
1982 398
1982 395
1982 410
1982 408
1982 405
1982 405
1982 402
1982 410
1982 403
1982 398
1982 398
1982 397
1982 394
1982 394
1982 391
1982 390
1982 388
1982 405
1982 405
1982 400
1982 398
1982 395
1982 395
1982 415
1982 410
1982 400
1982 398
1982 400
1982 400
1982 405
1982 430
1982 430
1982 440
1982 460
1982 445
1982 430
1982 425
1982 420
1982 415
1982 408
1982 400
1982 390
1982 382
1982 376
1982 360
1982 354
1982 349
1982 350
1982 342
1982 330
1982 318
1982 310
1982 295
1982 277
1982 263
1982 240
1982 230
1982 225
1982 220
1982 210
1982 200
1982 180
1982 160
1982 140
1982 120
1982 100
1982 90
1982 90
1982 95
1982 90
1982 84
1982 70
1982 65
1982 60
1982 55
1982 50
1982 38
1982 25
1982 10
1982 0
1982 0
1982 0
1982 0
1982 0
1982 0
1982 0
1982 0
1982 0
1982 0
1982 0
1982 0
1982 0
1982 0
1982 0
1982 0
1982 0
1982 0
1982 0
1982 0
1982 0
1982 0
1982 0
1982 0
1982 0
1982 0
1982 0
1982 0
1982 0
1982 0
1982 0
1982 0
1982 0
1982 0
1982 0
1982 0
1982 0
1982 0
1982 0
1982 0
1982 0
1982 0
1982 0
1982 0
1982 0
1982 0
1982 0
1982 0
1982 0
1982 0
1982 0
1982 0
1982 0
1982 0
1982 0
1982 0
1982 0
1982 0
1982 0
1982 0
1982 0
1982 0
1982 0
1982 0
1982 0
1982 0
1982 0
1982 0
1983 0
1983 0
1983 0
1983 0
1983 0
1983 1
1983 5
1983 0
1983 0
1983 0
1983 0
1983 0
1983 0
1983 0
1983 0
1983 0
1983 0
1983 0
1983 0
1983 0
1983 0
1983 0
1983 0
1983 0
1983 0
1983 0
1983 0
1983 0
1983 0
1983 0
1983 0
1983 0
1983 0
1983 0
1983 7
1983 30
1983 20
1983 20
1983 15
1983 10
1983 10
1983 10
1983 10
1983 10
1983 20
1983 17
1983 15
1983 13
1983 13
1983 10
1983 8
1983 7
1983 13
1983 22
1983 20
1983 20
1983 16
1983 12
1983 8
1983 5
1983 3
1983 0
1983 0
1983 0
1983 0
1983 0
1983 0
1983 0
1983 0
1983 10
1983 9
1983 7
1983 7
1983 11
1983 10
1983 30
1983 25
1983 45
1983 70
1983 55
1983 45
1983 35
1983 29
1983 27
1983 27
1983 26
1983 25
1983 35
1983 38
1983 44
1983 42
1983 40
1983 39
1983 38
1983 37
1983 36
1983 37
1983 41
1983 40
1983 41
1983 50
1983 67
1983 85
1983 85
1983 85
1983 90
1983 85
1983 85
1983 150
1983 150
1983 150
1983 145
1983 143
1983 145
1983 150
1983 145
1983 143
1983 140
1983 140
1983 145
1983 140
1983 138
1983 135
1983 137
1983 138
1983 133
1983 142
1983 130
1983 125
1983 127
1983 125
1983 125
1983 120
1983 120
1983 120
1983 130
1983 165
1983 200
1983 210
1983 200
1983 210
1983 240
1983 245
1983 232
1983 225
1983 220
1983 215
1983 218
1983 210
1983 210
1983 210
1983 215
1983 230
1983 240
1983 250
1983 247
1983 265
1983 260
1983 265
1983 265
1983 260
1983 265
1983 262
1983 260
1983 255
1983 247
1983 240
1983 233
1983 225
1983 220
1983 215
1983 215
1983 210
1983 210
1983 210
1983 210
1983 210
1983 214
1983 210
1983 215
1983 235
1983 235
1983 240
1983 240
1983 235
1983 230
1983 230
1983 225
1983 220
1983 215
1983 210
1983 205
1983 200
1983 190
1983 185
1983 187
1983 205
1983 195
1983 190
1983 200
1983 197
1983 195
1983 195
1983 195
1983 195
1983 205
1983 205
1983 200
1983 200
1983 200
1983 195
1983 195
1983 192
1983 195
1983 215
1983 220
1983 220
1983 225
1983 230
1983 225
1983 220
1983 215
1983 210
1983 238
1983 250
1983 240
1983 250
1983 245
1983 242
1983 242
1983 240
1983 243
1983 252
1983 250
1983 235
1983 270
1983 285
1983 280
1983 280
1983 280
1983 275
1983 270
1983 274
1983 270
1983 260
1983 265
1983 254
1983 249
1983 240
1983 242
1983 235
1983 235
1983 245
1983 235
1983 225
1983 220
1983 214
1983 230
1983 220
1983 235
1983 235
1983 230
1983 230
1983 265
1983 270
1983 275
1983 275
1983 270
1983 265
1983 260
1983 253
1983 247
1983 236
1983 226
1983 213
1983 205
1983 196
1983 187
1983 173
1983 165
1983 158
1983 147
1983 138
1983 131
1983 124
1983 120
1983 116
1983 114
1983 118
1983 114
1983 113
1983 104
1983 98
1983 94
1983 80
1983 70
1983 60
1983 50
1983 45
1983 40
1983 34
1983 28
1983 16
1983 4
1983 0
1983 0
1983 0
1983 0
1983 0
1983 0
1983 0
1983 0
1983 0
1983 0
1983 0
1983 0
1983 0
1983 0
1983 0
1983 0
1983 0
1983 0
1983 0
1983 0
1983 0
1983 0
1983 0
1983 0
1983 0
1983 0
1983 0
1983 0
1983 0
1983 0
1983 0
1983 0
1983 0
1983 0
1983 0
1983 0
1983 0
1983 0
1983 0
1983 0
1983 0
1983 0
1983 0
1983 0
1983 0
1983 0
1983 0
1983 0
1983 0
1983 0
1983 0
1983 0
1983 0
1983 0
1983 0
1983 0
1983 0
1983 0
1983 0
1983 0
1983 0
1984 0
1984 0
1984 0
1984 0
1984 0
1984 0
1984 0
1984 0
1984 0
1984 0
1984 5
1984 2
1984 0
1984 0
1984 0
1984 1
1984 0
1984 0
1984 0
1984 0
1984 0
1984 0
1984 0
1984 0
1984 0
1984 0
1984 0
1984 0
1984 0
1984 0
1984 0
1984 0
1984 0
1984 0
1984 0
1984 0
1984 0
1984 0
1984 0
1984 0
1984 1
1984 4
1984 0
1984 0
1984 0
1984 0
1984 7
1984 5
1984 0
1984 0
1984 0
1984 0
1984 0
1984 0
1984 0
1984 0
1984 0
1984 0
1984 0
1984 0
1984 0
1984 0
1984 0
1984 0
1984 0
1984 0
1984 0
1984 0
1984 0
1984 0
1984 0
1984 0
1984 0
1984 0
1984 1
1984 0
1984 0
1984 0
1984 0
1984 0
1984 0
1984 0
1984 0
1984 0
1984 0
1984 2
1984 20
1984 60
1984 75
1984 90
1984 90
1984 90
1984 88
1984 85
1984 80
1984 75
1984 75
1984 80
1984 79
1984 70
1984 66
1984 75
1984 70
1984 68
1984 65
1984 65
1984 65
1984 70
1984 75
1984 75
1984 70
1984 70
1984 70
1984 78
1984 85
1984 80
1984 80
1984 95
1984 85
1984 80
1984 77
1984 77
1984 75
1984 75
1984 75
1984 85
1984 85
1984 85
1984 85
1984 90
1984 92
1984 90
1984 82
1984 85
1984 94
1984 95
1984 110
1984 118
1984 118
1984 120
1984 115
1984 120
1984 120
1984 120
1984 123
1984 150
1984 210
1984 195
1984 190
1984 185
1984 182
1984 175
1984 175
1984 173
1984 178
1984 172
1984 175
1984 170
1984 190
1984 270
1984 325
1984 360
1984 370
1984 385
1984 375
1984 360
1984 350
1984 345
1984 340
1984 335
1984 332
1984 320
1984 318
1984 313
1984 310
1984 305
1984 302
1984 302
1984 310
1984 310
1984 310
1984 305
1984 304
1984 302
1984 315
1984 318
1984 305
1984 302
1984 299
1984 304
1984 305
1984 300
1984 297
1984 295
1984 294
1984 292
1984 290
1984 290
1984 290
1984 291
1984 288
1984 285
1984 285
1984 285
1984 283
1984 282
1984 290
1984 290
1984 293
1984 295
1984 315
1984 315
1984 315
1984 310
1984 330
1984 335
1984 330
1984 330
1984 334
1984 330
1984 330
1984 327
1984 325
1984 332
1984 320
1984 322
1984 319
1984 311
1984 315
1984 340
1984 335
1984 328
1984 313
1984 305
1984 300
1984 295
1984 290
1984 285
1984 280
1984 275
1984 270
1984 270
1984 270
1984 268
1984 265
1984 263
1984 261
1984 247
1984 240
1984 235
1984 235
1984 230
1984 228
1984 227
1984 239
1984 230
1984 225
1984 220
1984 222
1984 217
1984 215
1984 216
1984 225
1984 235
1984 230
1984 228
1984 225
1984 225
1984 223
1984 270
1984 280
1984 278
1984 270
1984 260
1984 248
1984 240
1984 237
1984 250
1984 252
1984 250
1984 245
1984 240
1984 235
1984 227
1984 218
1984 210
1984 200
1984 190
1984 182
1984 172
1984 164
1984 155
1984 140
1984 130
1984 120
1984 110
1984 100
1984 95
1984 88
1984 80
1984 70
1984 62
1984 55
1984 45
1984 34
1984 24
1984 20
1984 19
1984 16
1984 13
1984 4
1984 0
1984 0
1984 0
1984 0
1984 0
1984 0
1984 0
1984 0
1984 0
1984 0
1984 0
1984 0
1984 0
1984 0
1984 0
1984 0
1984 0
1984 0
1984 0
1984 0
1984 0
1984 0
1984 0
1984 0
1984 0
1984 0
1984 0
1984 0
1984 0
1984 0
1984 0
1984 0
1984 0
1984 0
1984 0
1984 0
1984 0
1984 0
1984 0
1984 0
1984 0
1984 0
1984 0
1984 0
1984 0
1984 0
1984 0
1984 0
1984 0
1984 0
1984 0
1984 0
1984 0
1984 0
1984 0
1985 0
1985 0
1985 0
1985 0
1985 8
1985 40
1985 30
1985 20
1985 10
1985 5
1985 0
1985 0
1985 0
1985 0
1985 13
1985 17
1985 6
1985 4
1985 0
1985 0
1985 0
1985 10
1985 10
1985 5
1985 8
1985 14
1985 20
1985 10
1985 0
1985 0
1985 0
1985 17
1985 19
1985 20
1985 34
1985 37
1985 42
1985 35
1985 30
1985 25
1985 20
1985 15
1985 15
1985 12
1985 8
1985 0
1985 0
1985 0
1985 0
1985 0
1985 0
1985 0
1985 0
1985 0
1985 0
1985 3
1985 3
1985 0
1985 0
1985 0
1985 0
1985 0
1985 0
1985 0
1985 0
1985 0
1985 2
1985 2
1985 0
1985 0
1985 0
1985 0
1985 0
1985 0
1985 0
1985 1
1985 6
1985 35
1985 28
1985 26
1985 34
1985 46
1985 58
1985 51
1985 48
1985 46
1985 50
1985 78
1985 76
1985 76
1985 75
1985 76
1985 83
1985 80
1985 75
1985 74
1985 71
1985 69
1985 65
1985 65
1985 65
1985 63
1985 60
1985 60
1985 65
1985 63
1985 63
1985 68
1985 68
1985 95
1985 93
1985 101
1985 100
1985 98
1985 100
1985 105
1985 105
1985 107
1985 110
1985 108
1985 108
1985 105
1985 107
1985 115
1985 115
1985 125
1985 125
1985 125
1985 125
1985 125
1985 125
1985 125
1985 125
1985 125
1985 123
1985 125
1985 125
1985 160
1985 160
1985 150
1985 152
1985 150
1985 147
1985 145
1985 142
1985 157
1985 147
1985 145
1985 150
1985 145
1985 145
1985 150
1985 145
1985 170
1985 167
1985 174
1985 170
1985 165
1985 165
1985 165
1985 166
1985 150
1985 148
1985 148
1985 145
1985 150
1985 155
1985 180
1985 180
1985 175
1985 170
1985 165
1985 160
1985 155
1985 155
1985 153
1985 153
1985 148
1985 145
1985 145
1985 145
1985 145
1985 160
1985 155
1985 155
1985 160
1985 165
1985 175
1985 170
1985 165
1985 163
1985 163
1985 163
1985 160
1985 160
1985 163
1985 170
1985 170
1985 180
1985 175
1985 170
1985 165
1985 165
1985 163
1985 160
1985 158
1985 160
1985 160
1985 170
1985 165
1985 162
1985 160
1985 158
1985 158
1985 155
1985 153
1985 153
1985 155
1985 150
1985 154
1985 150
1985 160
1985 155
1985 170
1985 170
1985 170
1985 170
1985 170
1985 175
1985 170
1985 165
1985 162
1985 158
1985 156
1985 158
1985 158
1985 154
1985 153
1985 151
1985 155
1985 165
1985 165
1985 158
1985 165
1985 164
1985 162
1985 160
1985 160
1985 164
1985 170
1985 178
1985 170
1985 168
1985 174
1985 180
1985 175
1985 170
1985 165
1985 155
1985 152
1985 148
1985 145
1985 145
1985 145
1985 140
1985 135
1985 130
1985 122
1985 110
1985 102
1985 98
1985 90
1985 81
1985 73
1985 66
1985 58
1985 NA
1985 41
1985 33
1985 28
1985 25
1985 25
1985 26
1985 30
1985 25
1985 20
1985 15
1985 10
1985 5
1985 5
1985 0
1985 0
1985 0
1985 0
1985 0
1985 0
1985 0
1985 0
1985 0
1985 0
1985 0
1985 0
1985 0
1985 0
1985 0
1985 0
1985 0
1985 0
1985 0
1985 0
1985 0
1985 0
1985 0
1985 0
1985 0
1985 0
1985 0
1985 0
1985 0
1985 0
1985 0
1985 0
1985 NA
1985 NA
1985 0
1985 0
1985 0
1985 0
1985 0
1985 0
1985 0
1985 0
1985 0
1985 0
1985 0
1985 0
1985 0
1985 0
1985 0
1985 4
1985 4
1985 0
1985 0
1985 0
1985 0
1985 0
1985 0
1985 0
1985 0
1985 0
1985 0
1985 0
1985 NA
1985 0
1985 0
1985 NA
1985 0
1985 0
1985 0
1985 5
1985 0
1985 0
1985 0
1985 0
1985 0
1986 0
1986 0
1986 0
1986 0
1986 0
1986 0
1986 0
1986 0
1986 0
1986 0
1986 0
1986 0
1986 0
1986 0
1986 0
1986 0
1986 0
1986 0
1986 0
1986 0
1986 0
1986 0
1986 0
1986 0
1986 0
1986 0
1986 0
1986 0
1986 0
1986 0
1986 0
1986 0
1986 0
1986 0
1986 0
1986 0
1986 0
1986 0
1986 0
1986 0
1986 0
1986 0
1986 0
1986 0
1986 0
1986 0
1986 0
1986 0
1986 0
1986 0
1986 0
1986 0
1986 0
1986 0
1986 0
1986 0
1986 0
1986 0
1986 0
1986 0
1986 0
1986 2
1986 4
1986 4
1986 3
1986 2
1986 15
1986 13
1986 19
1986 10
1986 7
1986 8
1986 8
1986 21
1986 26
1986 25
1986 20
1986 20
1986 18
1986 18
1986 20
1986 19
1986 20
1986 20
1986 22
1986 22
1986 22
1986 22
1986 24
1986 32
1986 32
1986 27
1986 27
1986 25
1986 25
1986 25
1986 23
1986 23
1986 23
1986 23
1986 32
1986 30
1986 30
1986 30
1986 30
1986 30
1986 29
1986 28
1986 28
1986 29
1986 28
1986 28
1986 28
1986 28
1986 28
1986 28
1986 28
1986 30
1986 30
1986 30
1986 30
1986 30
1986 30
1986 30
1986 30
1986 32
1986 32
1986 35
1986 35
1986 35
1986 37
1986 42
1986 55
1986 85
1986 110
1986 110
1986 125
1986 140
1986 140
1986 142
1986 143
1986 145
1986 140
1986 135
1986 135
1986 178
1986 198
1986 196
1986 190
1986 190
1986 190
1986 200
1986 220
1986 240
1986 225
1986 215
1986 210
1986 210
1986 210
1986 210
1986 205
1986 205
1986 205
1986 200
1986 200
1986 200
1986 200
1986 200
1986 200
1986 198
1986 198
1986 198
1986 198
1986 197
1986 197
1986 207
1986 225
1986 220
1986 220
1986 218
1986 218
1986 218
1986 214
1986 215
1986 212
1986 208
1986 208
1986 208
1986 205
1986 205
1986 203
1986 201
1986 203
1986 203
1986 200
1986 199
1986 197
1986 194
1986 192
1986 192
1986 192
1986 205
1986 203
1986 205
1986 213
1986 227
1986 218
1986 211
1986 209
1986 208
1986 208
1986 214
1986 214
1986 212
1986 210
1986 240
1986 245
1986 257
1986 275
1986 290
1986 290
1986 310
1986 310
1986 318
1986 322
1986 322
1986 318
1986 314
1986 320
1986 328
1986 330
1986 354
1986 360
1986 360
1986 365
1986 390
1986 390
1986 390
1986 390
1986 398
1986 395
1986 388
1986 378
1986 368
1986 364
1986 364
1986 350
1986 345
1986 340
1986 350
1986 340
1986 338
1986 334
1986 326
1986 318
1986 312
1986 310
1986 302
1986 294
1986 285
1986 276
1986 268
1986 260
1986 254
1986 244
1986 238
1986 234
1986 228
1986 220
1986 212
1986 212
1986 235
1986 234
1986 225
1986 230
1986 230
1986 238
1986 240
1986 238
1986 236
1986 233
1986 226
1986 218
1986 210
1986 211
1986 207
1986 198
1986 188
1986 176
1986 166
1986 155
1986 144
1986 133
1986 120
1986 112
1986 100
1986 86
1986 74
1986 60
1986 46
1986 30
1986 15
1986 0
1986 0
1986 0
1986 0
1986 0
1986 0
1986 0
1986 0
1986 0
1986 0
1986 0
1986 0
1986 0
1986 0
1986 0
1986 0
1986 0
1986 0
1986 0
1986 0
1986 0
1986 0
1986 0
1986 0
1986 0
1986 0
1986 0
1986 0
1986 NA
1986 0
1986 0
1986 0
1986 0
1986 0
1986 0
1986 0
1986 0
1986 0
1986 0
1986 0
1986 0
1986 0
1986 0
1986 0
1986 0
1986 0
1986 0
1986 0
1986 0
1986 0
1986 0
1986 0
1986 0
1986 0
1986 0
1986 0
1986 0
1986 0
1986 0
1986 4
1986 0
1986 0
1986 0
1987 0
1987 0
1987 0
1987 0
1987 0
1987 0
1987 0
1987 0
1987 0
1987 0
1987 0
1987 0
1987 0
1987 0
1987 0
1987 0
1987 0
1987 0
1987 0
1987 0
1987 0
1987 0
1987 0
1987 0
1987 0
1987 0
1987 0
1987 0
1987 0
1987 0
1987 0
1987 0
1987 0
1987 0
1987 0
1987 0
1987 0
1987 0
1987 0
1987 0
1987 0
1987 0
1987 0
1987 0
1987 0
1987 0
1987 0
1987 0
1987 0
1987 4
1987 2
1987 0
1987 0
1987 3
1987 3
1987 8
1987 8
1987 6
1987 5
1987 5
1987 5
1987 3
1987 10
1987 12
1987 11
1987 10
1987 9
1987 7
1987 6
1987 5
1987 4
1987 4
1987 4
1987 3
1987 3
1987 3
1987 3
1987 2
1987 2
1987 1
1987 1
1987 16
1987 18
1987 39
1987 45
1987 40
1987 35
1987 35
1987 35
1987 30
1987 30
1987 29
1987 28
1987 26
1987 24
1987 22
1987 21
1987 20
1987 20
1987 19
1987 19
1987 19
1987 19
1987 19
1987 19
1987 22
1987 32
1987 65
1987 75
1987 120
1987 130
1987 150
1987 150
1987 140
1987 130
1987 130
1987 139
1987 205
1987 210
1987 200
1987 190
1987 180
1987 170
1987 179
1987 230
1987 230
1987 226
1987 235
1987 235
1987 230
1987 225
1987 223
1987 220
1987 220
1987 218
1987 215
1987 215
1987 213
1987 212
1987 210
1987 207
1987 206
1987 204
1987 198
1987 193
1987 190
1987 188
1987 188
1987 186
1987 202
1987 196
1987 196
1987 196
1987 193
1987 188
1987 185
1987 183
1987 180
1987 177
1987 178
1987 177
1987 175
1987 175
1987 175
1987 175
1987 170
1987 169
1987 170
1987 175
1987 190
1987 204
1987 213
1987 210
1987 205
1987 200
1987 200
1987 195
1987 193
1987 193
1987 198
1987 250
1987 253
1987 260
1987 268
1987 255
1987 248
1987 248
1987 248
1987 245
1987 240
1987 238
1987 235
1987 233
1987 232
1987 232
1987 232
1987 240
1987 241
1987 241
1987 260
1987 265
1987 260
1987 261
1987 257
1987 252
1987 250
1987 250
1987 248
1987 253
1987 259
1987 269
1987 270
1987 259
1987 256
1987 255
1987 275
1987 280
1987 260
1987 240
1987 230
1987 225
1987 230
1987 220
1987 220
1987 222
1987 216
1987 211
1987 206
1987 197
1987 187
1987 180
1987 176
1987 178
1987 170
1987 164
1987 158
1987 154
1987 150
1987 145
1987 141
1987 138
1987 134
1987 127
1987 120
1987 150
1987 160
1987 160
1987 158
1987 155
1987 150
1987 145
1987 139
1987 134
1987 132
1987 140
1987 139
1987 137
1987 149
1987 142
1987 140
1987 143
1987 142
1987 174
1987 175
1987 165
1987 155
1987 148
1987 144
1987 137
1987 134
1987 137
1987 130
1987 124
1987 122
1987 116
1987 110
1987 110
1987 105
1987 102
1987 95
1987 93
1987 116
1987 118
1987 104
1987 94
1987 88
1987 80
1987 80
1987 86
1987 82
1987 80
1987 80
1987 78
1987 79
1987 75
1987 69
1987 62
1987 51
1987 43
1987 36
1987 30
1987 25
1987 20
1987 15
1987 8
1987 0
1987 0
1987 0
1987 0
1987 0
1987 0
1987 0
1987 0
1987 0
1987 0
1987 0
1987 0
1987 0
1987 0
1987 0
1987 0
1987 0
1987 0
1987 0
1987 0
1987 0
1987 0
1987 0
1987 0
1987 0
1987 0
1987 0
1987 0
1987 0
1987 0
1987 0
1987 0
1987 0
1987 0
1987 0
1987 0
1987 0
1987 0
1987 0
1987 0
1987 0
1987 0
1987 0
1987 0
1987 0
1987 0
1987 0
1987 0
1987 0
1987 0
1987 0
1987 0
1987 0
1987 0
1987 0
1987 0
1987 0
1987 0
1987 0
1987 0
1988 0
1988 0
1988 0
1988 0
1988 0
1988 0
1988 0
1988 0
1988 0
1988 0
1988 0
1988 0
1988 0
1988 0
1988 0
1988 0
1988 0
1988 0
1988 0
1988 0
1988 0
1988 0
1988 0
1988 0
1988 0
1988 0
1988 0
1988 0
1988 0
1988 0
1988 0
1988 0
1988 0
1988 0
1988 0
1988 0
1988 0
1988 0
1988 0
1988 0
1988 0
1988 6
1988 3
1988 3
1988 3
1988 0
1988 0
1988 0
1988 0
1988 0
1988 0
1988 10
1988 5
1988 2
1988 0
1988 0
1988 0
1988 0
1988 0
1988 0
1988 0
1988 0
1988 0
1988 0
1988 0
1988 0
1988 0
1988 0
1988 0
1988 0
1988 1
1988 2
1988 7
1988 11
1988 13
1988 13
1988 14
1988 18
1988 18
1988 18
1988 38
1988 90
1988 98
1988 93
1988 101
1988 108
1988 100
1988 98
1988 98
1988 98
1988 95
1988 93
1988 90
1988 88
1988 85
1988 82
1988 85
1988 80
1988 78
1988 79
1988 78
1988 78
1988 75
1988 74
1988 74
1988 73
1988 77
1988 80
1988 60
1988 53
1988 51
1988 46
1988 44
1988 43
1988 43
1988 42
1988 42
1988 42
1988 40
1988 40
1988 35
1988 35
1988 35
1988 35
1988 37
1988 46
1988 46
1988 47
1988 70
1988 70
1988 68
1988 65
1988 66
1988 64
1988 62
1988 62
1988 64
1988 64
1988 64
1988 65
1988 65
1988 65
1988 92
1988 83
1988 105
1988 105
1988 100
1988 95
1988 90
1988 87
1988 102
1988 115
1988 123
1988 120
1988 121
1988 118
1988 119
1988 121
1988 125
1988 145
1988 150
1988 158
1988 158
1988 164
1988 168
1988 168
1988 165
1988 163
1988 160
1988 157
1988 156
1988 163
1988 160
1988 158
1988 154
1988 150
1988 163
1988 175
1988 174
1988 173
1988 171
1988 183
1988 207
1988 219
1988 215
1988 213
1988 210
1988 210
1988 233
1988 250
1988 250
1988 240
1988 246
1988 276
1988 279
1988 273
1988 268
1988 272
1988 182
1988 303
1988 290
1988 285
1988 288
1988 290
1988 292
1988 332
1988 350
1988 356
1988 360
1988 371
1988 360
1988 349
1988 362
1988 359
1988 350
1988 347
1988 342
1988 337
1988 333
1988 325
1988 325
1988 325
1988 328
1988 324
1988 321
1988 320
1988 318
1988 310
1988 300
1988 295
1988 290
1988 285
1988 285
1988 280
1988 273
1988 269
1988 265
1988 261
1988 255
1988 255
1988 253
1988 248
1988 240
1988 242
1988 240
1988 240
1988 240
1988 235
1988 230
1988 222
1988 212
1988 202
1988 188
1988 179
1988 168
1988 158
1988 150
1988 145
1988 138
1988 130
1988 128
1988 126
1988 128
1988 126
1988 118
1988 110
1988 100
1988 91
1988 77
1988 65
1988 62
1988 60
1988 60
1988 60
1988 56
1988 54
1988 45
1988 40
1988 61
1988 93
1988 97
1988 85
1988 60
1988 45
1988 40
1988 35
1988 33
1988 30
1988 27
1988 20
1988 8
1988 0
1988 0
1988 0
1988 0
1988 0
1988 0
1988 0
1988 0
1988 0
1988 0
1988 0
1988 0
1988 0
1988 0
1988 0
1988 2
1988 0
1988 0
1988 0
1988 0
1988 0
1988 0
1988 0
1988 0
1988 0
1988 0
1988 0
1988 0
1988 0
1988 0
1988 0
1988 0
1988 0
1988 0
1988 0
1988 0
1988 0
1988 0
1988 0
1988 0
1988 0
1988 0
1988 0
1988 0
1988 0
1988 0
1988 0
1988 0
1988 0
1988 0
1988 0
1988 0
1988 0
1988 0
1988 0
1988 0
1988 0
1988 0
1988 0
1988 0
1988 0
1988 0
1988 0
1988 0
1988 0
1988 0
1988 0
1988 0
1988 0
1988 0
1988 0
1988 0
1988 0
1988 0
1988 0
1989 0
1989 0
1989 0
1989 0
1989 0
1989 0
1989 0
1989 0
1989 0
1989 0
1989 0
1989 0
1989 1
1989 0
1989 0
1989 3
1989 0
1989 0
1989 0
1989 0
1989 0
1989 0
1989 0
1989 0
1989 0
1989 0
1989 0
1989 0
1989 0
1989 0
1989 0
1989 0
1989 0
1989 0
1989 0
1989 0
1989 0
1989 1
1989 0
1989 0
1989 0
1989 0
1989 4
1989 0
1989 0
1989 0
1989 0
1989 0
1989 0
1989 11
1989 4
1989 0
1989 0
1989 0
1989 0
1989 0
1989 0
1989 0
1989 0
1989 0
1989 0
1989 0
1989 1
1989 6
1989 5
1989 3
1989 2
1989 2
1989 1
1989 0
1989 0
1989 0
1989 0
1989 2
1989 0
1989 0
1989 0
1989 0
1989 3
1989 14
1989 8
1989 20
1989 20
1989 22
1989 19
1989 17
1989 16
1989 15
1989 14
1989 19
1989 23
1989 24
1989 28
1989 28
1989 38
1989 68
1989 120
1989 135
1989 132
1989 135
1989 134
1989 139
1989 140
1989 135
1989 133
1989 137
1989 135
1989 135
1989 135
1989 136
1989 156
1989 162
1989 162
1989 155
1989 155
1989 154
1989 152
1989 150
1989 148
1989 145
1989 140
1989 133
1989 131
1989 130
1989 128
1989 125
1989 126
1989 130
1989 132
1989 132
1989 130
1989 124
1989 118
1989 116
1989 114
1989 113
1989 111
1989 109
1989 108
1989 107
1989 107
1989 106
1989 104
1989 105
1989 103
1989 101
1989 99
1989 97
1989 95
1989 94
1989 92
1989 91
1989 90
1989 87
1989 84
1989 82
1989 80
1989 78
1989 76
1989 72
1989 68
1989 66
1989 66
1989 65
1989 63
1989 68
1989 90
1989 90
1989 100
1989 101
1989 106
1989 110
1989 110
1989 110
1989 106
1989 106
1989 108
1989 135
1989 141
1989 144
1989 152
1989 150
1989 144
1989 148
1989 172
1989 160
1989 150
1989 144
1989 143
1989 142
1989 138
1989 135
1989 129
1989 123
1989 120
1989 133
1989 130
1989 130
1989 158
1989 148
1989 145
1989 140
1989 132
1989 139
1989 138
1989 133
1989 127
1989 122
1989 118
1989 114
1989 109
1989 105
1989 102
1989 102
1989 103
1989 105
1989 142
1989 170
1989 170
1989 168
1989 166
1989 164
1989 163
1989 162
1989 220
1989 214
1989 215
1989 200
1989 220
1989 200
1989 192
1989 188
1989 190
1989 195
1989 190
1989 187
1989 189
1989 194
1989 226
1989 228
1989 218
1989 212
1989 207
1989 200
1989 192
1989 182
1989 174
1989 170
1989 166
1989 164
1989 160
1989 150
1989 148
1989 143
1989 140
1989 143
1989 142
1989 136
1989 132
1989 128
1989 122
1989 118
1989 110
1989 102
1989 94
1989 87
1989 80
1989 71
1989 65
1989 52
1989 45
1989 40
1989 38
1989 36
1989 34
1989 40
1989 44
1989 50
1989 48
1989 49
1989 45
1989 40
1989 38
1989 36
1989 34
1989 30
1989 25
1989 20
1989 15
1989 11
1989 5
1989 0
1989 0
1989 0
1989 0
1989 0
1989 0
1989 0
1989 0
1989 0
1989 0
1989 0
1989 0
1989 0
1989 0
1989 0
1989 0
1989 0
1989 0
1989 0
1989 0
1989 0
1989 0
1989 0
1989 0
1989 0
1989 0
1989 0
1989 0
1989 0
1989 0
1989 0
1989 0
1989 0
1989 0
1989 0
1989 0
1989 0
1989 0
1989 0
1989 0
1989 0
1989 0
1989 0
1989 2
1989 0
1989 0
1989 0
1989 0
1989 0
1989 0
1989 0
1989 0
1989 0
1989 0
1989 0
1989 0
1989 0
1989 0
1989 0
1989 0
1989 0
1989 0
1989 0
1989 0
1989 0
1989 0
1989 0
1989 0
1989 0
1989 0
1989 3
1989 5
1989 0
1989 0
1990 0
1990 0
1990 0
1990 2
1990 0
1990 0
1990 0
1990 0
1990 0
1990 0
1990 0
1990 0
1990 0
1990 0
1990 0
1990 0
1990 0
1990 0
1990 0
1990 0
1990 0
1990 0
1990 0
1990 0
1990 0
1990 0
1990 0
1990 0
1990 0
1990 0
1990 0
1990 0
1990 0
1990 0
1990 0
1990 0
1990 13
1990 40
1990 38
1990 35
1990 28
1990 19
1990 14
1990 10
1990 20
1990 15
1990 10
1990 5
1990 0
1990 0
1990 0
1990 0
1990 0
1990 0
1990 0
1990 0
1990 0
1990 0
1990 2
1990 0
1990 0
1990 0
1990 0
1990 0
1990 32
1990 30
1990 54
1990 53
1990 51
1990 47
1990 44
1990 40
1990 35
1990 31
1990 28
1990 25
1990 22
1990 20
1990 20
1990 19
1990 18
1990 17
1990 17
1990 20
1990 20
1990 22
1990 22
1990 22
1990 22
1990 22
1990 22
1990 22
1990 22
1990 22
1990 22
1990 22
1990 22
1990 22
1990 21
1990 21
1990 21
1990 21
1990 21
1990 22
1990 22
1990 25
1990 26
1990 33
1990 36
1990 43
1990 44
1990 44
1990 45
1990 52
1990 55
1990 52
1990 52
1990 50
1990 50
1990 48
1990 48
1990 48
1990 48
1990 48
1990 48
1990 48
1990 48
1990 47
1990 46
1990 46
1990 45
1990 45
1990 40
1990 39
1990 39
1990 38
1990 38
1990 37
1990 36
1990 36
1990 36
1990 36
1990 37
1990 35
1990 33
1990 35
1990 35
1990 55
1990 54
1990 50
1990 56
1990 57
1990 56
1990 55
1990 59
1990 50
1990 48
1990 46
1990 43
1990 42
1990 42
1990 42
1990 42
1990 55
1990 56
1990 89
1990 170
1990 190
1990 189
1990 190
1990 180
1990 170
1990 160
1990 150
1990 130
1990 120
1990 118
1990 116
1990 120
1990 135
1990 185
1990 228
1990 255
1990 240
1990 210
1990 190
1990 180
1990 175
1990 160
1990 155
1990 150
1990 145
1990 142
1990 140
1990 139
1990 136
1990 132
1990 129
1990 127
1990 122
1990 122
1990 120
1990 115
1990 110
1990 109
1990 110
1990 140
1990 145
1990 152
1990 150
1990 148
1990 144
1990 144
1990 120
1990 110
1990 110
1990 112
1990 110
1990 110
1990 110
1990 110
1990 113
1990 143
1990 186
1990 172
1990 165
1990 164
1990 160
1990 155
1990 166
1990 165
1990 167
1990 165
1990 163
1990 164
1990 162
1990 161
1990 159
1990 158
1990 150
1990 144
1990 138
1990 135
1990 130
1990 121
1990 100
1990 95
1990 94
1990 93
1990 90
1990 87
1990 84
1990 85
1990 81
1990 75
1990 70
1990 62
1990 55
1990 47
1990 43
1990 34
1990 22
1990 15
1990 10
1990 4
1990 0
1990 0
1990 0
1990 0
1990 0
1990 0
1990 0
1990 0
1990 0
1990 0
1990 0
1990 0
1990 0
1990 0
1990 0
1990 0
1990 0
1990 8
1990 0
1990 0
1990 0
1990 0
1990 0
1990 0
1990 0
1990 0
1990 0
1990 0
1990 0
1990 0
1990 0
1990 0
1990 0
1990 0
1990 0
1990 0
1990 0
1990 0
1990 0
1990 0
1990 0
1990 0
1990 0
1990 0
1990 0
1990 0
1990 0
1990 0
1990 0
1990 0
1990 0
1990 0
1990 0
1990 0
1990 0
1990 0
1990 0
1990 0
1990 0
1990 0
1990 0
1990 0
1990 0
1990 0
1990 0
1990 0
1990 0
1990 0
1990 0
1990 0
1990 0
1990 0
1990 0
1990 0
1990 0
1990 0
1990 0
1990 0
1990 0
1990 0
1990 0
1990 0
1990 0
1990 0
1990 0
1990 0
1990 0
1990 0
1990 0
1990 0
1990 0
1990 0
1990 0
1990 0
1990 0
1990 0
1990 0
1990 0
1990 0
1990 0
1991 0
1991 0
1991 0
1991 0
1991 0
1991 0
1991 0
1991 0
1991 0
1991 0
1991 0
1991 0
1991 0
1991 0
1991 0
1991 0
1991 0
1991 0
1991 0
1991 0
1991 0
1991 0
1991 0
1991 0
1991 0
1991 0
1991 0
1991 0
1991 0
1991 0
1991 0
1991 0
1991 0
1991 1
1991 1
1991 0
1991 0
1991 0
1991 0
1991 0
1991 0
1991 0
1991 0
1991 0
1991 0
1991 0
1991 0
1991 0
1991 0
1991 0
1991 0
1991 0
1991 0
1991 0
1991 0
1991 0
1991 6
1991 4
1991 17
1991 30
1991 32
1991 32
1991 32
1991 35
1991 45
1991 57
1991 51
1991 46
1991 43
1991 38
1991 35
1991 40
1991 50
1991 48
1991 52
1991 60
1991 60
1991 55
1991 53
1991 50
1991 52
1991 62
1991 82
1991 150
1991 145
1991 148
1991 143
1991 140
1991 135
1991 130
1991 132
1991 130
1991 130
1991 130
1991 129
1991 142
1991 135
1991 130
1991 127
1991 135
1991 175
1991 175
1991 184
1991 200
1991 195
1991 194
1991 193
1991 193
1991 188
1991 190
1991 195
1991 197
1991 190
1991 180
1991 176
1991 173
1991 171
1991 171
1991 175
1991 174
1991 172
1991 170
1991 189
1991 200
1991 193
1991 188
1991 185
1991 190
1991 190
1991 185
1991 175
1991 170
1991 170
1991 179
1991 210
1991 220
1991 216
1991 210
1991 208
1991 206
1991 200
1991 195
1991 190
1991 185
1991 180
1991 175
1991 170
1991 169
1991 169
1991 169
1991 168
1991 167
1991 167
1991 167
1991 167
1991 165
1991 165
1991 165
1991 165
1991 165
1991 165
1991 165
1991 168
1991 174
1991 176
1991 176
1991 176
1991 177
1991 197
1991 195
1991 195
1991 195
1991 193
1991 190
1991 190
1991 190
1991 188
1991 186
1991 184
1991 182
1991 186
1991 186
1991 185
1991 185
1991 185
1991 184
1991 184
1991 184
1991 184
1991 194
1991 201
1991 199
1991 200
1991 197
1991 195
1991 193
1991 190
1991 188
1991 188
1991 186
1991 186
1991 185
1991 195
1991 210
1991 208
1991 204
1991 203
1991 203
1991 203
1991 204
1991 203
1991 200
1991 195
1991 190
1991 188
1991 203
1991 235
1991 277
1991 255
1991 235
1991 207
1991 201
1991 196
1991 192
1991 191
1991 190
1991 185
1991 180
1991 190
1991 195
1991 197
1991 202
1991 197
1991 195
1991 208
1991 200
1991 198
1991 196
1991 194
1991 194
1991 195
1991 195
1991 195
1991 203
1991 205
1991 211
1991 214
1991 210
1991 221
1991 214
1991 212
1991 210
1991 225
1991 240
1991 235
1991 227
1991 227
1991 230
1991 235
1991 243
1991 238
1991 230
1991 222
1991 217
1991 210
1991 207
1991 205
1991 208
1991 200
1991 195
1991 190
1991 183
1991 178
1991 170
1991 160
1991 149
1991 142
1991 139
1991 136
1991 135
1991 135
1991 130
1991 118
1991 110
1991 100
1991 88
1991 78
1991 63
1991 50
1991 70
1991 75
1991 60
1991 55
1991 46
1991 40
1991 30
1991 20
1991 7
1991 0
1991 0
1991 3
1991 3
1991 0
1991 0
1991 0
1991 0
1991 0
1991 0
1991 0
1991 0
1991 0
1991 0
1991 0
1991 0
1991 0
1991 0
1991 0
1991 0
1991 0
1991 0
1991 0
1991 0
1991 0
1991 0
1991 0
1991 0
1991 0
1991 0
1991 0
1991 0
1991 0
1991 0
1991 0
1991 0
1991 0
1991 0
1991 0
1991 0
1991 0
1991 0
1991 0
1991 0
1991 0
1991 0
1991 0
1991 0
1991 0
1991 0
1991 0
1991 0
1991 0
1991 0
1991 0
1991 0
1991 0
1991 0
1991 0
1991 0
1991 0
1991 0
1991 0
1991 0
1991 0
1991 0
1991 0
1992 0
1992 0
1992 0
1992 0
1992 0
1992 0
1992 0
1992 0
1992 0
1992 0
1992 0
1992 0
1992 0
1992 0
1992 0
1992 0
1992 0
1992 0
1992 0
1992 0
1992 0
1992 0
1992 0
1992 0
1992 0
1992 0
1992 2
1992 5
1992 1
1992 5
1992 1
1992 0
1992 0
1992 0
1992 0
1992 3
1992 8
1992 2
1992 0
1992 0
1992 0
1992 0
1992 2
1992 1
1992 0
1992 0
1992 0
1992 5
1992 8
1992 15
1992 17
1992 15
1992 12
1992 7
1992 5
1992 3
1992 3
1992 1
1992 1
1992 0
1992 3
1992 1
1992 0
1992 0
1992 5
1992 7
1992 14
1992 14
1992 12
1992 13
1992 17
1992 17
1992 14
1992 14
1992 28
1992 25
1992 28
1992 37
1992 37
1992 35
1992 47
1992 46
1992 40
1992 38
1992 37
1992 35
1992 35
1992 30
1992 30
1992 30
1992 28
1992 27
1992 27
1992 26
1992 26
1992 26
1992 25
1992 25
1992 23
1992 23
1992 22
1992 22
1992 22
1992 22
1992 22
1992 22
1992 22
1992 35
1992 35
1992 80
1992 105
1992 120
1992 160
1992 150
1992 155
1992 150
1992 150
1992 170
1992 170
1992 169
1992 168
1992 167
1992 165
1992 164
1992 163
1992 162
1992 161
1992 160
1992 158
1992 156
1992 154
1992 170
1992 170
1992 165
1992 165
1992 165
1992 164
1992 164
1992 163
1992 163
1992 162
1992 163
1992 163
1992 162
1992 162
1992 161
1992 161
1992 161
1992 161
1992 160
1992 159
1992 158
1992 157
1992 157
1992 156
1992 156
1992 187
1992 235
1992 235
1992 235
1992 233
1992 230
1992 231
1992 229
1992 225
1992 227
1992 233
1992 231
1992 240
1992 272
1992 275
1992 270
1992 260
1992 255
1992 252
1992 250
1992 243
1992 237
1992 233
1992 231
1992 230
1992 228
1992 225
1992 225
1992 225
1992 220
1992 210
1992 210
1992 205
1992 205
1992 205
1992 205
1992 218
1992 214
1992 213
1992 220
1992 250
1992 260
1992 260
1992 260
1992 255
1992 250
1992 248
1992 271
1992 268
1992 296
1992 285
1992 283
1992 283
1992 290
1992 290
1992 285
1992 300
1992 365
1992 340
1992 330
1992 324
1992 323
1992 317
1992 312
1992 309
1992 303
1992 295
1992 290
1992 287
1992 285
1992 280
1992 285
1992 290
1992 290
1992 307
1992 302
1992 296
1992 289
1992 282
1992 283
1992 277
1992 270
1992 263
1992 258
1992 265
1992 280
1992 275
1992 265
1992 264
1992 258
1992 250
1992 245
1992 239
1992 235
1992 230
1992 223
1992 215
1992 213
1992 208
1992 200
1992 190
1992 183
1992 172
1992 160
1992 154
1992 147
1992 145
1992 144
1992 142
1992 141
1992 128
1992 125
1992 120
1992 113
1992 100
1992 90
1992 81
1992 73
1992 65
1992 55
1992 50
1992 45
1992 42
1992 40
1992 40
1992 35
1992 30
1992 25
1992 20
1992 17
1992 13
1992 5
1992 0
1992 0
1992 0
1992 0
1992 1
1992 5
1992 0
1992 0
1992 0
1992 0
1992 0
1992 0
1992 0
1992 0
1992 0
1992 0
1992 0
1992 0
1992 0
1992 0
1992 0
1992 0
1992 0
1992 0
1992 0
1992 0
1992 0
1992 0
1992 0
1992 0
1992 0
1992 0
1992 0
1992 0
1992 0
1992 0
1992 0
1992 0
1992 0
1992 0
1992 0
1992 0
1992 0
1992 0
1992 0
1992 0
1992 0
1992 0
1992 0
1992 0
1992 0
1992 0
1992 0
1992 0
1992 0
1992 0
1992 0
1992 0
1992 0
1992 0
1992 0
1992 0
1992 0
1992 0
1992 0
1992 0
1992 0
1992 0
1992 0
1992 0
1992 0
1992 0
1992 0
1992 0
1992 0
1992 0
1992 0
1992 0
1993 0
1993 2
1993 0
1993 5
1993 5
1993 0
1993 0
1993 0
1993 0
1993 0
1993 0
1993 0
1993 0
1993 0
1993 0
1993 0
1993 0
1993 0
1993 0
1993 0
1993 0
1993 0
1993 0
1993 0
1993 0
1993 0
1993 0
1993 0
1993 3
1993 0
1993 0
1993 0
1993 0
1993 0
1993 0
1993 0
1993 0
1993 0
1993 0
1993 0
1993 0
1993 0
1993 0
1993 0
1993 0
1993 0
1993 7
1993 9
1993 5
1993 10
1993 15
1993 15
1993 17
1993 20
1993 42
1993 51
1993 47
1993 45
1993 47
1993 45
1993 43
1993 39
1993 38
1993 44
1993 39
1993 33
1993 29
1993 26
1993 25
1993 23
1993 24
1993 24
1993 40
1993 54
1993 62
1993 66
1993 67
1993 77
1993 78
1993 94
1993 89
1993 96
1993 115
1993 105
1993 95
1993 93
1993 93
1993 93
1993 93
1993 97
1993 95
1993 95
1993 95
1993 120
1993 120
1993 125
1993 132
1993 130
1993 135
1993 132
1993 127
1993 123
1993 135
1993 130
1993 130
1993 125
1993 125
1993 125
1993 125
1993 125
1993 120
1993 120
1993 120
1993 120
1993 120
1993 120
1993 120
1993 119
1993 117
1993 116
1993 115
1993 115
1993 114
1993 113
1993 113
1993 113
1993 112
1993 110
1993 110
1993 110
1993 109
1993 109
1993 110
1993 116
1993 117
1993 119
1993 119
1993 115
1993 113
1993 113
1993 113
1993 113
1993 113
1993 113
1993 113
1993 113
1993 121
1993 127
1993 144
1993 158
1993 154
1993 152
1993 150
1993 148
1993 145
1993 143
1993 140
1993 138
1993 138
1993 136
1993 134
1993 133
1993 133
1993 132
1993 132
1993 132
1993 132
1993 132
1993 133
1993 135
1993 134
1993 140
1993 157
1993 202
1993 232
1993 220
1993 219
1993 207
1993 203
1993 202
1993 202
1993 202
1993 200
1993 200
1993 200
1993 200
1993 200
1993 199
1993 197
1993 194
1993 193
1993 193
1993 192
1993 190
1993 190
1993 187
1993 185
1993 183
1993 175
1993 170
1993 165
1993 165
1993 165
1993 166
1993 175
1993 190
1993 198
1993 195
1993 195
1993 195
1993 190
1993 185
1993 185
1993 185
1993 184
1993 190
1993 192
1993 219
1993 246
1993 242
1993 233
1993 232
1993 228
1993 225
1993 225
1993 225
1993 225
1993 225
1993 223
1993 221
1993 215
1993 210
1993 202
1993 195
1993 191
1993 185
1993 185
1993 190
1993 185
1993 185
1993 180
1993 180
1993 174
1993 168
1993 165
1993 157
1993 151
1993 155
1993 150
1993 145
1993 140
1993 135
1993 130
1993 125
1993 120
1993 115
1993 111
1993 103
1993 98
1993 95
1993 89
1993 82
1993 102
1993 90
1993 80
1993 70
1993 60
1993 48
1993 28
1993 23
1993 15
1993 6
1993 0
1993 0
1993 0
1993 0
1993 0
1993 0
1993 0
1993 0
1993 0
1993 0
1993 0
1993 2
1993 4
1993 2
1993 0
1993 0
1993 0
1993 0
1993 0
1993 0
1993 0
1993 0
1993 0
1993 0
1993 0
1993 0
1993 0
1993 0
1993 0
1993 0
1993 0
1993 0
1993 0
1993 0
1993 0
1993 0
1993 0
1993 0
1993 0
1993 0
1993 0
1993 22
1993 15
1993 12
1993 10
1993 0
1993 0
1993 0
1993 0
1993 0
1993 0
1993 0
1993 0
1993 0
1993 0
1993 0
1993 0
1993 0
1993 0
1993 0
1993 0
1993 0
1993 0
1993 0
1993 0
1993 0
1993 0
1993 0
1993 0
1993 0
1993 0
1993 0
1993 0
1993 0
1993 0
1993 0
1993 0
1993 0
1993 0
1993 0
1993 0
1993 0
1993 0
1993 0
1993 0
1993 0
1993 0
1993 0
1993 0
1993 0
1993 0
1993 0
1993 0
1994 0
1994 0
1994 0
1994 2
1994 2
1994 0
1994 0
1994 0
1994 0
1994 0
1994 0
1994 0
1994 0
1994 0
1994 0
1994 0
1994 0
1994 0
1994 0
1994 0
1994 0
1994 0
1994 0
1994 0
1994 0
1994 2
1994 0
1994 20
1994 15
1994 10
1994 5
1994 50
1994 56
1994 48
1994 38
1994 30
1994 25
1994 25
1994 30
1994 28
1994 24
1994 20
1994 8
1994 5
1994 10
1994 6
1994 0
1994 0
1994 0
1994 0
1994 1
1994 25
1994 25
1994 28
1994 25
1994 23
1994 23
1994 20
1994 17
1994 16
1994 15
1994 13
1994 12
1994 9
1994 6
1994 0
1994 5
1994 6
1994 3
1994 0
1994 0
1994 2
1994 6
1994 6
1994 6
1994 38
1994 40
1994 29
1994 26
1994 27
1994 27
1994 27
1994 27
1994 27
1994 25
1994 25
1994 20
1994 19
1994 19
1994 19
1994 19
1994 19
1994 19
1994 19
1994 19
1994 19
1994 19
1994 19
1994 40
1994 33
1994 30
1994 50
1994 60
1994 57
1994 55
1994 54
1994 65
1994 80
1994 78
1994 78
1994 68
1994 70
1994 70
1994 74
1994 87
1994 110
1994 115
1994 109
1994 105
1994 103
1994 102
1994 104
1994 125
1994 130
1994 134
1994 133
1994 134
1994 170
1994 223
1994 235
1994 260
1994 240
1994 245
1994 240
1994 237
1994 233
1994 233
1994 228
1994 228
1994 225
1994 223
1994 220
1994 220
1994 219
1994 219
1994 227
1994 246
1994 260
1994 227
1994 240
1994 245
1994 240
1994 237
1994 232
1994 228
1994 228
1994 233
1994 233
1994 233
1994 241
1994 256
1994 260
1994 270
1994 269
1994 264
1994 258
1994 258
1994 258
1994 255
1994 255
1994 255
1994 255
1994 255
1994 254
1994 250
1994 249
1994 249
1994 247
1994 245
1994 245
1994 250
1994 255
1994 252
1994 253
1994 260
1994 259
1994 263
1994 259
1994 256
1994 249
1994 244
1994 239
1994 237
1994 236
1994 234
1994 230
1994 230
1994 228
1994 226
1994 226
1994 228
1994 224
1994 222
1994 218
1994 214
1994 211
1994 223
1994 220
1994 215
1994 210
1994 207
1994 207
1994 218
1994 222
1994 229
1994 233
1994 236
1994 242
1994 242
1994 242
1994 242
1994 244
1994 242
1994 247
1994 254
1994 258
1994 285
1994 288
1994 280
1994 263
1994 258
1994 256
1994 254
1994 249
1994 247
1994 247
1994 247
1994 248
1994 246
1994 240
1994 233
1994 227
1994 220
1994 216
1994 211
1994 207
1994 209
1994 211
1994 204
1994 202
1994 198
1994 195
1994 190
1994 185
1994 183
1994 180
1994 174
1994 164
1994 162
1994 172
1994 184
1994 181
1994 175
1994 170
1994 158
1994 148
1994 140
1994 140
1994 140
1994 130
1994 124
1994 120
1994 111
1994 105
1994 92
1994 82
1994 80
1994 102
1994 98
1994 80
1994 73
1994 70
1994 68
1994 72
1994 72
1994 64
1994 56
1994 47
1994 38
1994 27
1994 20
1994 18
1994 12
1994 0
1994 0
1994 0
1994 0
1994 0
1994 0
1994 0
1994 0
1994 0
1994 0
1994 0
1994 0
1994 0
1994 0
1994 0
1994 0
1994 0
1994 0
1994 0
1994 0
1994 0
1994 0
1994 0
1994 0
1994 0
1994 0
1994 0
1994 0
1994 0
1994 0
1994 0
1994 0
1994 0
1994 0
1994 0
1994 0
1994 0
1994 0
1994 0
1994 0
1994 0
1994 0
1994 0
1994 0
1994 0
1994 0
1994 0
1994 0
1994 0
1994 0
1994 0
1994 0
1994 0
1994 0
1994 0
1994 0
1994 0
1994 0
1994 0
1994 0
1994 0
1994 0
1994 0
1994 0
1994 0
1994 0
1994 0
1994 0
1994 0
1994 0
1994 0
1994 0
1995 0
1995 0
1995 0
1995 0
1995 0
1995 0
1995 0
1995 0
1995 0
1995 0
1995 0
1995 0
1995 0
1995 0
1995 5
1995 8
1995 10
1995 9
1995 7
1995 5
1995 5
1995 1
1995 0
1995 0
1995 0
1995 0
1995 0
1995 0
1995 0
1995 0
1995 0
1995 0
1995 0
1995 0
1995 0
1995 0
1995 0
1995 0
1995 0
1995 0
1995 0
1995 0
1995 0
1995 0
1995 0
1995 0
1995 0
1995 0
1995 0
1995 0
1995 0
1995 0
1995 9
1995 5
1995 3
1995 5
1995 0
1995 5
1995 5
1995 0
1995 0
1995 0
1995 0
1995 0
1995 0
1995 0
1995 2
1995 0
1995 0
1995 0
1995 5
1995 12
1995 11
1995 10
1995 9
1995 8
1995 4
1995 3
1995 19
1995 18
1995 3
1995 3
1995 2
1995 2
1995 2
1995 1
1995 1
1995 0
1995 0
1995 0
1995 0
1995 0
1995 0
1995 0
1995 0
1995 0
1995 3
1995 3
1995 3
1995 6
1995 16
1995 16
1995 15
1995 15
1995 16
1995 16
1995 16
1995 15
1995 15
1995 17
1995 25
1995 27
1995 30
1995 28
1995 28
1995 28
1995 28
1995 33
1995 44
1995 42
1995 60
1995 71
1995 92
1995 95
1995 115
1995 101
1995 97
1995 93
1995 92
1995 90
1995 87
1995 103
1995 173
1995 192
1995 192
1995 185
1995 180
1995 170
1995 170
1995 170
1995 175
1995 172
1995 169
1995 177
1995 189
1995 196
1995 221
1995 219
1995 235
1995 227
1995 232
1995 240
1995 240
1995 238
1995 235
1995 230
1995 238
1995 230
1995 227
1995 220
1995 218
1995 231
1995 230
1995 230
1995 228
1995 228
1995 228
1995 228
1995 230
1995 231
1995 246
1995 245
1995 245
1995 236
1995 235
1995 236
1995 255
1995 280
1995 275
1995 270
1995 251
1995 250
1995 245
1995 245
1995 252
1995 249
1995 259
1995 256
1995 256
1995 256
1995 256
1995 255
1995 250
1995 250
1995 246
1995 247
1995 255
1995 250
1995 270
1995 260
1995 281
1995 280
1995 278
1995 272
1995 263
1995 260
1995 262
1995 264
1995 274
1995 295
1995 310
1995 310
1995 320
1995 305
1995 300
1995 290
1995 275
1995 265
1995 255
1995 272
1995 270
1995 265
1995 264
1995 260
1995 265
1995 260
1995 259
1995 262
1995 262
1995 259
1995 264
1995 301
1995 350
1995 358
1995 344
1995 338
1995 336
1995 331
1995 337
1995 315
1995 303
1995 302
1995 296
1995 290
1995 284
1995 279
1995 274
1995 265
1995 259
1995 254
1995 250
1995 240
1995 235
1995 235
1995 267
1995 282
1995 275
1995 273
1995 269
1995 265
1995 265
1995 269
1995 270
1995 267
1995 260
1995 250
1995 243
1995 235
1995 228
1995 216
1995 208
1995 202
1995 205
1995 201
1995 201
1995 198
1995 195
1995 192
1995 190
1995 190
1995 180
1995 175
1995 174
1995 215
1995 214
1995 202
1995 196
1995 186
1995 182
1995 176
1995 173
1995 158
1995 144
1995 131
1995 123
1995 120
1995 127
1995 119
1995 107
1995 94
1995 79
1995 70
1995 52
1995 39
1995 24
1995 15
1995 10
1995 0
1995 0
1995 0
1995 0
1995 0
1995 0
1995 0
1995 0
1995 0
1995 0
1995 0
1995 0
1995 0
1995 0
1995 0
1995 0
1995 0
1995 0
1995 0
1995 0
1995 0
1995 0
1995 0
1995 0
1995 0
1995 0
1995 0
1995 0
1995 0
1995 0
1995 0
1995 0
1995 0
1995 0
1995 0
1995 0
1995 0
1995 0
1995 0
1995 0
1995 0
1995 0
1995 0
1995 0
1995 0
1995 0
1995 0
1995 0
1995 0
1995 0
1995 0
1995 0
1995 0
1995 0
1995 15
1995 35
1995 0
1995 0
1996 0
1996 22
1996 16
1996 12
1996 9
1996 0
1996 3
1996 0
1996 0
1996 0
1996 0
1996 0
1996 10
1996 4
1996 3
1996 0
1996 0
1996 0
1996 0
1996 5
1996 0
1996 0
1996 0
1996 0
1996 3
1996 0
1996 0
1996 0
1996 0
1996 0
1996 0
1996 0
1996 0
1996 0
1996 0
1996 0
1996 0
1996 0
1996 0
1996 0
1996 0
1996 0
1996 0
1996 0
1996 0
1996 0
1996 0
1996 0
1996 0
1996 0
1996 0
1996 0
1996 0
1996 0
1996 0
1996 0
1996 0
1996 0
1996 0
1996 0
1996 0
1996 0
1996 18
1996 10
1996 42
1996 45
1996 30
1996 18
1996 15
1996 13
1996 12
1996 10
1996 8
1996 5
1996 5
1996 5
1996 5
1996 15
1996 58
1996 45
1996 57
1996 45
1996 38
1996 35
1996 33
1996 33
1996 33
1996 34
1996 44
1996 44
1996 44
1996 44
1996 40
1996 41
1996 45
1996 42
1996 40
1996 38
1996 38
1996 38
1996 38
1996 38
1996 38
1996 44
1996 46
1996 44
1996 41
1996 41
1996 45
1996 44
1996 44
1996 66
1996 65
1996 67
1996 66
1996 84
1996 105
1996 100
1996 93
1996 96
1996 91
1996 91
1996 94
1996 92
1996 88
1996 87
1996 86
1996 86
1996 86
1996 87
1996 86
1996 86
1996 90
1996 100
1996 100
1996 100
1996 99
1996 98
1996 98
1996 96
1996 93
1996 93
1996 90
1996 90
1996 90
1996 90
1996 90
1996 90
1996 87
1996 85
1996 85
1996 82
1996 80
1996 80
1996 70
1996 71
1996 71
1996 72
1996 72
1996 74
1996 81
1996 91
1996 88
1996 88
1996 88
1996 105
1996 112
1996 110
1996 130
1996 135
1996 135
1996 135
1996 142
1996 140
1996 140
1996 141
1996 138
1996 135
1996 135
1996 135
1996 134
1996 132
1996 132
1996 132
1996 130
1996 130
1996 130
1996 130
1996 131
1996 131
1996 130
1996 130
1996 130
1996 133
1996 131
1996 131
1996 130
1996 124
1996 126
1996 122
1996 121
1996 120
1996 119
1996 157
1996 145
1996 132
1996 127
1996 121
1996 124
1996 121
1996 120
1996 132
1996 136
1996 129
1996 130
1996 133
1996 130
1996 130
1996 126
1996 122
1996 122
1996 120
1996 118
1996 118
1996 116
1996 126
1996 120
1996 118
1996 115
1996 113
1996 110
1996 108
1996 105
1996 100
1996 95
1996 95
1996 94
1996 92
1996 90
1996 88
1996 80
1996 72
1996 70
1996 68
1996 90
1996 140
1996 140
1996 120
1996 110
1996 97
1996 91
1996 87
1996 84
1996 80
1996 75
1996 80
1996 80
1996 74
1996 70
1996 60
1996 50
1996 56
1996 80
1996 82
1996 75
1996 70
1996 65
1996 50
1996 41
1996 39
1996 42
1996 40
1996 29
1996 20
1996 8
1996 0
1996 0
1996 0
1996 0
1996 0
1996 0
1996 0
1996 0
1996 0
1996 0
1996 0
1996 0
1996 0
1996 0
1996 0
1996 0
1996 0
1996 0
1996 0
1996 0
1996 3
1996 6
1996 3
1996 0
1996 0
1996 0
1996 0
1996 0
1996 0
1996 0
1996 0
1996 0
1996 0
1996 0
1996 0
1996 0
1996 15
1996 16
1996 2
1996 0
1996 0
1996 0
1996 0
1996 0
1996 0
1996 0
1996 0
1996 0
1996 0
1996 0
1996 0
1996 0
1996 0
1996 0
1996 0
1996 0
1996 0
1996 0
1996 0
1996 0
1996 0
1996 0
1996 0
1996 0
1996 0
1996 0
1996 0
1996 0
1996 0
1996 0
1996 0
1996 0
1996 0
1996 0
1996 0
1996 0
1996 0
1996 0
1996 0
1996 0
1996 0
1996 0
1996 0
1996 0
1996 0
1996 0
1996 0
1996 0
1996 0
1996 0
1996 0
1997 0
1997 0
1997 0
1997 0
1997 0
1997 0
1997 0
1997 0
1997 0
1997 0
1997 0
1997 0
1997 4
1997 5
1997 2
1997 0
1997 0
1997 0
1997 0
1997 1
1997 0
1997 0
1997 0
1997 0
1997 0
1997 0
1997 0
1997 0
1997 0
1997 0
1997 0
1997 10
1997 5
1997 2
1997 2
1997 1
1997 0
1997 0
1997 0
1997 4
1997 0
1997 0
1997 0
1997 0
1997 0
1997 9
1997 30
1997 20
1997 22
1997 25
1997 20
1997 10
1997 2
1997 2
1997 0
1997 0
1997 0
1997 0
1997 3
1997 10
1997 8
1997 5
1997 3
1997 0
1997 0
1997 5
1997 0
1997 0
1997 0
1997 0
1997 0
1997 18
1997 25
1997 35
1997 62
1997 50
1997 45
1997 43
1997 60
1997 55
1997 79
1997 74
1997 78
1997 70
1997 90
1997 92
1997 110
1997 110
1997 132
1997 139
1997 215
1997 190
1997 198
1997 189
1997 182
1997 175
1997 168
1997 162
1997 159
1997 158
1997 158
1997 155
1997 150
1997 150
1997 160
1997 150
1997 149
1997 147
1997 142
1997 139
1997 140
1997 140
1997 140
1997 140
1997 143
1997 140
1997 137
1997 132
1997 132
1997 130
1997 130
1997 130
1997 131
1997 131
1997 130
1997 138
1997 138
1997 149
1997 148
1997 145
1997 143
1997 143
1997 143
1997 140
1997 140
1997 138
1997 136
1997 135
1997 135
1997 135
1997 134
1997 135
1997 136
1997 135
1997 135
1997 135
1997 135
1997 135
1997 135
1997 135
1997 135
1997 135
1997 130
1997 130
1997 129
1997 129
1997 129
1997 133
1997 151
1997 147
1997 145
1997 140
1997 135
1997 130
1997 136
1997 154
1997 160
1997 172
1997 178
1997 178
1997 175
1997 198
1997 190
1997 185
1997 180
1997 170
1997 170
1997 170
1997 177
1997 194
1997 190
1997 185
1997 180
1997 180
1997 180
1997 175
1997 180
1997 175
1997 165
1997 160
1997 150
1997 145
1997 140
1997 135
1997 132
1997 132
1997 133
1997 133
1997 125
1997 135
1997 155
1997 159
1997 159
1997 157
1997 170
1997 171
1997 170
1997 164
1997 172
1997 197
1997 205
1997 205
1997 198
1997 184
1997 178
1997 180
1997 183
1997 185
1997 190
1997 184
1997 180
1997 175
1997 170
1997 180
1997 178
1997 178
1997 175
1997 172
1997 170
1997 170
1997 165
1997 168
1997 170
1997 170
1997 170
1997 165
1997 160
1997 166
1997 169
1997 167
1997 170
1997 180
1997 170
1997 168
1997 165
1997 160
1997 150
1997 170
1997 170
1997 180
1997 182
1997 182
1997 168
1997 169
1997 165
1997 145
1997 130
1997 127
1997 120
1997 110
1997 100
1997 82
1997 81
1997 70
1997 52
1997 45
1997 40
1997 30
1997 24
1997 15
1997 10
1997 7
1997 0
1997 0
1997 0
1997 0
1997 0
1997 0
1997 0
1997 0
1997 0
1997 0
1997 0
1997 0
1997 0
1997 0
1997 0
1997 0
1997 0
1997 0
1997 0
1997 0
1997 0
1997 0
1997 6
1997 0
1997 0
1997 0
1997 0
1997 0
1997 0
1997 0
1997 0
1997 0
1997 0
1997 0
1997 0
1997 10
1997 7
1997 2
1997 0
1997 0
1997 0
1997 0
1997 0
1997 0
1997 0
1997 0
1997 0
1997 0
1997 0
1997 0
1997 0
1997 0
1997 0
1997 0
1997 0
1997 0
1997 0
1997 0
1997 0
1997 0
1997 0
1997 0
1997 0
1997 0
1997 0
1997 0
1997 0
1997 0
1997 0
1997 0
1997 0
1997 0
1997 0
1997 0
1997 0
1997 0
1997 0
1997 0
1997 0
1997 0
1997 0
1997 0
1997 0
1997 0
1997 0
1997 0
1997 0
1997 0
1997 0
1997 3
1997 0
1997 0
1997 0
1998 0
1998 0
1998 0
1998 0
1998 0
1998 0
1998 0
1998 0
1998 0
1998 0
1998 0
1998 0
1998 0
1998 0
1998 0
1998 0
1998 0
1998 0
1998 0
1998 0
1998 0
1998 0
1998 0
1998 0
1998 0
1998 0
1998 0
1998 0
1998 0
1998 0
1998 0
1998 0
1998 0
1998 0
1998 0
1998 0
1998 0
1998 0
1998 0
1998 0
1998 0
1998 5
1998 20
1998 30
1998 32
1998 34
1998 25
1998 10
1998 10
1998 10
1998 5
1998 0
1998 0
1998 0
1998 0
1998 0
1998 0
1998 0
1998 0
1998 0
1998 0
1998 0
1998 0
1998 0
1998 0
1998 0
1998 0
1998 0
1998 5
1998 10
1998 10
1998 13
1998 34
1998 36
1998 36
1998 35
1998 35
1998 25
1998 23
1998 23
1998 24
1998 25
1998 25
1998 25
1998 25
1998 24
1998 20
1998 18
1998 17
1998 17
1998 20
1998 33
1998 36
1998 56
1998 52
1998 48
1998 48
1998 45
1998 45
1998 45
1998 45
1998 48
1998 62
1998 110
1998 95
1998 102
1998 90
1998 85
1998 60
1998 60
1998 88
1998 89
1998 95
1998 95
1998 90
1998 82
1998 85
1998 92
1998 100
1998 87
1998 80
1998 78
1998 78
1998 79
1998 87
1998 89
1998 89
1998 90
1998 90
1998 90
1998 87
1998 86
1998 84
1998 82
1998 80
1998 82
1998 81
1998 80
1998 85
1998 83
1998 83
1998 102
1998 117
1998 117
1998 117
1998 117
1998 118
1998 118
1998 115
1998 112
1998 110
1998 108
1998 108
1998 102
1998 102
1998 101
1998 100
1998 99
1998 99
1998 99
1998 99
1998 99
1998 98
1998 97
1998 95
1998 92
1998 86
1998 81
1998 80
1998 80
1998 78
1998 73
1998 68
1998 60
1998 59
1998 69
1998 67
1998 64
1998 62
1998 60
1998 60
1998 62
1998 62
1998 62
1998 61
1998 63
1998 64
1998 67
1998 75
1998 82
1998 82
1998 80
1998 82
1998 82
1998 82
1998 83
1998 85
1998 85
1998 80
1998 78
1998 78
1998 88
1998 86
1998 87
1998 89
1998 88
1998 87
1998 85
1998 83
1998 80
1998 75
1998 73
1998 70
1998 70
1998 70
1998 73
1998 84
1998 85
1998 88
1998 87
1998 86
1998 145
1998 185
1998 190
1998 195
1998 200
1998 202
1998 200
1998 197
1998 195
1998 195
1998 190
1998 180
1998 170
1998 160
1998 160
1998 130
1998 130
1998 132
1998 147
1998 140
1998 138
1998 143
1998 149
1998 147
1998 150
1998 139
1998 132
1998 123
1998 116
1998 103
1998 89
1998 80
1998 69
1998 59
1998 47
1998 40
1998 38
1998 35
1998 30
1998 30
1998 28
1998 20
1998 18
1998 15
1998 15
1998 10
1998 8
1998 5
1998 0
1998 0
1998 0
1998 0
1998 0
1998 0
1998 0
1998 0
1998 0
1998 0
1998 0
1998 0
1998 0
1998 0
1998 0
1998 12
1998 10
1998 5
1998 5
1998 0
1998 0
1998 0
1998 0
1998 0
1998 0
1998 0
1998 0
1998 0
1998 0
1998 0
1998 0
1998 0
1998 0
1998 0
1998 0
1998 0
1998 0
1998 0
1998 0
1998 0
1998 0
1998 0
1998 0
1998 0
1998 0
1998 0
1998 0
1998 0
1998 0
1998 0
1998 0
1998 0
1998 0
1998 0
1998 0
1998 0
1998 0
1998 0
1998 0
1998 0
1998 0
1998 0
1998 0
1998 0
1998 0
1998 0
1998 0
1998 0
1998 0
1998 0
1998 0
1998 0
1998 0
1998 0
1998 0
1998 0
1998 0
1998 0
1998 0
1998 0
1998 0
1998 0
1998 0
1998 0
1998 0
1998 0
1998 0
1998 0
1998 0
1998 0
1998 0
1998 0
1998 0
1998 0
1998 0
1998 0
1999 0
1999 0
1999 0
1999 0
1999 0
1999 0
1999 0
1999 0
1999 0
1999 0
1999 0
1999 10
1999 10
1999 10
1999 10
1999 3
1999 2
1999 2
1999 0
1999 0
1999 0
1999 0
1999 0
1999 0
1999 0
1999 0
1999 0
1999 0
1999 0
1999 0
1999 26
1999 20
1999 20
1999 16
1999 14
1999 12
1999 12
1999 12
1999 8
1999 7
1999 5
1999 0
1999 6
1999 0
1999 0
1999 0
1999 0
1999 0
1999 1
1999 3
1999 2
1999 0
1999 0
1999 0
1999 15
1999 14
1999 30
1999 20
1999 25
1999 40
1999 40
1999 60
1999 55
1999 45
1999 47
1999 48
1999 40
1999 38
1999 35
1999 28
1999 27
1999 45
1999 38
1999 34
1999 33
1999 42
1999 52
1999 60
1999 60
1999 60
1999 60
1999 58
1999 50
1999 47
1999 46
1999 43
1999 46
1999 54
1999 52
1999 52
1999 56
1999 56
1999 54
1999 54
1999 56
1999 69
1999 102
1999 120
1999 125
1999 115
1999 105
1999 104
1999 100
1999 95
1999 85
1999 78
1999 70
1999 63
1999 60
1999 57
1999 56
1999 58
1999 58
1999 55
1999 54
1999 52
1999 50
1999 48
1999 47
1999 46
1999 46
1999 45
1999 44
1999 44
1999 47
1999 50
1999 47
1999 46
1999 44
1999 45
1999 50
1999 51
1999 56
1999 67
1999 92
1999 100
1999 96
1999 91
1999 88
1999 87
1999 86
1999 80
1999 80
1999 80
1999 79
1999 76
1999 76
1999 76
1999 110
1999 160
1999 195
1999 195
1999 218
1999 195
1999 175
1999 160
1999 151
1999 155
1999 185
1999 214
1999 225
1999 238
1999 230
1999 230
1999 220
1999 220
1999 220
1999 218
1999 220
1999 230
1999 285
1999 288
1999 350
1999 360
1999 378
1999 399
1999 407
1999 390
1999 370
1999 355
1999 338
1999 360
1999 365
1999 345
1999 370
1999 385
1999 388
1999 380
1999 370
1999 364
1999 353
1999 350
1999 335
1999 324
1999 313
1999 300
1999 290
1999 285
1999 280
1999 280
1999 285
1999 275
1999 280
1999 299
1999 295
1999 290
1999 285
1999 286
1999 283
1999 281
1999 275
1999 270
1999 268
1999 265
1999 257
1999 254
1999 250
1999 240
1999 240
1999 255
1999 251
1999 238
1999 234
1999 234
1999 227
1999 225
1999 260
1999 370
1999 380
1999 382
1999 378
1999 370
1999 365
1999 360
1999 358
1999 358
1999 340
1999 325
1999 320
1999 312
1999 295
1999 292
1999 290
1999 285
1999 280
1999 270
1999 270
1999 250
1999 240
1999 230
1999 225
1999 220
1999 207
1999 198
1999 190
1999 181
1999 175
1999 170
1999 155
1999 145
1999 143
1999 147
1999 157
1999 165
1999 153
1999 145
1999 137
1999 125
1999 112
1999 110
1999 108
1999 97
1999 90
1999 82
1999 70
1999 62
1999 50
1999 45
1999 40
1999 40
1999 40
1999 30
1999 26
1999 20
1999 15
1999 12
1999 0
1999 0
1999 0
1999 0
1999 0
1999 0
1999 0
1999 2
1999 4
1999 0
1999 0
1999 0
1999 0
1999 0
1999 0
1999 0
1999 0
1999 0
1999 0
1999 0
1999 0
1999 0
1999 0
1999 0
1999 0
1999 0
1999 0
1999 0
1999 0
1999 0
1999 0
1999 0
1999 0
1999 0
1999 0
1999 0
1999 0
1999 0
1999 0
1999 0
1999 0
1999 0
1999 0
1999 0
1999 0
1999 0
1999 0
1999 0
1999 0
1999 0
1999 0
1999 0
1999 0
1999 0
1999 0
1999 0
1999 0
1999 0
1999 0
1999 0
1999 0
1999 0
1999 0
1999 0
1999 0
1999 0
1999 0
1999 0
1999 0
1999 0
1999 0
1999 0
1999 0
1999 0
1999 0
1999 0
1999 0
1999 0
1999 0
2000 0
2000 0
2000 0
2000 0
2000 0
2000 0
2000 0
2000 0
2000 0
2000 0
2000 0
2000 0
2000 0
2000 0
2000 0
2000 0
2000 0
2000 0
2000 0
2000 0
2000 5
2000 0
2000 0
2000 0
2000 0
2000 0
2000 0
2000 0
2000 0
2000 2
2000 0
2000 0
2000 4
2000 10
2000 15
2000 12
2000 9
2000 5
2000 0
2000 0
2000 0
2000 0
2000 0
2000 0
2000 0
2000 0
2000 0
2000 0
2000 0
2000 0
2000 0
2000 0
2000 10
2000 4
2000 0
2000 0
2000 0
2000 0
2000 0
2000 0
2000 0
2000 0
2000 0
2000 2
2000 2
2000 0
2000 15
2000 16
2000 14
2000 20
2000 26
2000 20
2000 18
2000 15
2000 15
2000 16
2000 16
2000 20
2000 21
2000 32
2000 24
2000 24
2000 27
2000 32
2000 29
2000 26
2000 25
2000 24
2000 22
2000 22
2000 20
2000 17
2000 16
2000 15
2000 15
2000 25
2000 25
2000 18
2000 17
2000 17
2000 19
2000 22
2000 35
2000 47
2000 52
2000 58
2000 65
2000 60
2000 60
2000 71
2000 99
2000 100
2000 99
2000 95
2000 85
2000 83
2000 73
2000 88
2000 100
2000 112
2000 105
2000 105
2000 103
2000 98
2000 95
2000 92
2000 91
2000 90
2000 89
2000 88
2000 87
2000 87
2000 85
2000 84
2000 84
2000 84
2000 84
2000 83
2000 83
2000 83
2000 85
2000 85
2000 85
2000 88
2000 97
2000 110
2000 110
2000 110
2000 105
2000 103
2000 104
2000 138
2000 125
2000 120
2000 120
2000 123
2000 120
2000 115
2000 111
2000 108
2000 113
2000 128
2000 130
2000 132
2000 133
2000 140
2000 138
2000 140
2000 150
2000 173
2000 185
2000 190
2000 206
2000 200
2000 187
2000 185
2000 178
2000 179
2000 178
2000 175
2000 170
2000 170
2000 175
2000 185
2000 181
2000 186
2000 185
2000 180
2000 175
2000 172
2000 175
2000 173
2000 170
2000 166
2000 162
2000 160
2000 177
2000 169
2000 173
2000 175
2000 175
2000 174
2000 170
2000 168
2000 162
2000 161
2000 159
2000 182
2000 188
2000 195
2000 215
2000 217
2000 210
2000 211
2000 205
2000 200
2000 200
2000 200
2000 201
2000 197
2000 192
2000 192
2000 189
2000 185
2000 182
2000 188
2000 185
2000 192
2000 193
2000 202
2000 231
2000 225
2000 215
2000 205
2000 197
2000 187
2000 200
2000 190
2000 182
2000 178
2000 175
2000 170
2000 166
2000 162
2000 150
2000 140
2000 135
2000 130
2000 125
2000 122
2000 120
2000 105
2000 100
2000 90
2000 87
2000 81
2000 70
2000 65
2000 52
2000 44
2000 40
2000 40
2000 36
2000 30
2000 30
2000 25
2000 24
2000 20
2000 20
2000 18
2000 8
2000 0
2000 0
2000 0
2000 0
2000 0
2000 0
2000 0
2000 0
2000 0
2000 0
2000 0
2000 0
2000 0
2000 0
2000 0
2000 0
2000 0
2000 0
2000 0
2000 0
2000 0
2000 0
2000 0
2000 0
2000 0
2000 0
2000 0
2000 0
2000 0
2000 0
2000 0
2000 0
2000 0
2000 0
2000 0
2000 0
2000 0
2000 0
2000 0
2000 0
2000 0
2000 0
2000 0
2000 2
2000 0
2000 0
2000 2
2000 0
2000 0
2000 0
2000 0
2000 0
2000 0
2000 0
2000 0
2000 0
2000 0
2000 0
2000 0
2000 0
2000 0
2000 0
2000 0
2000 0
2000 0
2000 0
2000 0
2000 0
2000 0
2000 0
2000 0
2000 0
2000 0
2000 0
2000 0
2000 0
2000 0
2000 0
2000 0
2000 0
2000 0
2000 0
2000 0
2000 0
2000 0
2000 0
2000 0
2000 0
2000 0
2000 0
2000 0
2000 0
2000 0
2000 0
2000 0
2001 0
2001 0
2001 0
2001 0
2001 0
2001 0
2001 0
2001 0
2001 0
2001 0
2001 0
2001 0
2001 0
2001 0
2001 0
2001 0
2001 0
2001 0
2001 0
2001 0
2001 9
2001 3
2001 0
2001 0
2001 0
2001 0
2001 0
2001 0
2001 0
2001 0
2001 0
2001 5
2001 3
2001 0
2001 0
2001 1
2001 1
2001 0
2001 0
2001 1
2001 9
2001 2
2001 0
2001 0
2001 0
2001 0
2001 1
2001 0
2001 0
2001 0
2001 0
2001 0
2001 0
2001 0
2001 0
2001 0
2001 0
2001 0
2001 0
2001 0
2001 18
2001 13
2001 13
2001 15
2001 25
2001 22
2001 24
2001 20
2001 21
2001 17
2001 15
2001 15
2001 15
2001 15
2001 25
2001 30
2001 30
2001 78
2001 72
2001 65
2001 60
2001 55
2001 54
2001 54
2001 65
2001 60
2001 60
2001 64
2001 50
2001 48
2001 47
2001 46
2001 46
2001 44
2001 41
2001 40
2001 39
2001 39
2001 39
2001 40
2001 40
2001 39
2001 38
2001 38
2001 40
2001 48
2001 48
2001 48
2001 47
2001 42
2001 42
2001 42
2001 41
2001 40
2001 40
2001 40
2001 40
2001 40
2001 42
2001 43
2001 43
2001 41
2001 41
2001 41
2001 46
2001 47
2001 45
2001 45
2001 52
2001 78
2001 80
2001 74
2001 74
2001 70
2001 68
2001 66
2001 65
2001 63
2001 61
2001 62
2001 62
2001 62
2001 60
2001 60
2001 61
2001 61
2001 61
2001 70
2001 67
2001 65
2001 65
2001 67
2001 67
2001 65
2001 66
2001 90
2001 120
2001 107
2001 103
2001 102
2001 106
2001 110
2001 110
2001 105
2001 102
2001 92
2001 90
2001 88
2001 85
2001 84
2001 82
2001 82
2001 82
2001 81
2001 92
2001 100
2001 112
2001 110
2001 110
2001 102
2001 103
2001 103
2001 107
2001 102
2001 106
2001 108
2001 103
2001 100
2001 100
2001 107
2001 108
2001 109
2001 114
2001 117
2001 128
2001 124
2001 122
2001 120
2001 120
2001 120
2001 120
2001 135
2001 140
2001 130
2001 125
2001 131
2001 125
2001 124
2001 120
2001 125
2001 140
2001 135
2001 125
2001 120
2001 115
2001 114
2001 120
2001 118
2001 130
2001 131
2001 148
2001 149
2001 155
2001 156
2001 166
2001 155
2001 160
2001 175
2001 173
2001 173
2001 174
2001 175
2001 178
2001 193
2001 178
2001 173
2001 173
2001 170
2001 168
2001 162
2001 158
2001 162
2001 155
2001 145
2001 140
2001 141
2001 138
2001 135
2001 127
2001 120
2001 110
2001 103
2001 102
2001 95
2001 86
2001 80
2001 75
2001 70
2001 68
2001 64
2001 60
2001 55
2001 51
2001 48
2001 42
2001 38
2001 34
2001 31
2001 20
2001 10
2001 0
2001 0
2001 0
2001 0
2001 0
2001 17
2001 20
2001 6
2001 3
2001 0
2001 0
2001 0
2001 0
2001 0
2001 0
2001 0
2001 0
2001 0
2001 1
2001 0
2001 0
2001 0
2001 0
2001 0
2001 0
2001 0
2001 0
2001 0
2001 0
2001 0
2001 0
2001 0
2001 0
2001 0
2001 0
2001 0
2001 0
2001 0
2001 0
2001 0
2001 0
2001 0
2001 0
2001 0
2001 0
2001 0
2001 0
2001 0
2001 0
2001 0
2001 0
2001 0
2001 0
2001 0
2001 0
2001 0
2001 0
2001 0
2001 0
2001 0
2001 0
2001 0
2001 0
2001 0
2001 0
2001 0
2001 0
2001 0
2001 0
2001 0
2001 0
2001 0
2001 0
2001 0
2001 0
2001 0
2001 0
2001 0
2001 0
2001 0
2001 0
2001 0
2001 0
2001 0
2001 0
2001 0
2001 0
2001 0
2001 0
2001 0
2001 0
2001 0
2001 0
2001 0
2001 0
2002 0
2002 0
2002 0
2002 0
2002 0
2002 0
2002 0
2002 0
2002 7
2002 8
2002 5
2002 3
2002 0
2002 3
2002 0
2002 4
2002 12
2002 10
2002 7
2002 5
2002 0
2002 0
2002 0
2002 0
2002 10
2002 7
2002 0
2002 0
2002 0
2002 0
2002 0
2002 0
2002 0
2002 0
2002 0
2002 0
2002 0
2002 0
2002 0
2002 0
2002 0
2002 0
2002 0
2002 0
2002 0
2002 0
2002 0
2002 0
2002 0
2002 0
2002 3
2002 1
2002 0
2002 0
2002 0
2002 0
2002 0
2002 0
2002 0
2002 0
2002 0
2002 1
2002 1
2002 0
2002 0
2002 0
2002 0
2002 4
2002 13
2002 25
2002 19
2002 10
2002 5
2002 5
2002 5
2002 5
2002 5
2002 4
2002 4
2002 3
2002 3
2002 3
2002 3
2002 22
2002 20
2002 29
2002 30
2002 32
2002 34
2002 30
2002 29
2002 23
2002 21
2002 16
2002 16
2002 20
2002 22
2002 20
2002 19
2002 19
2002 19
2002 19
2002 19
2002 19
2002 23
2002 23
2002 23
2002 20
2002 19
2002 18
2002 18
2002 18
2002 21
2002 23
2002 22
2002 21
2002 25
2002 27
2002 30
2002 37
2002 57
2002 57
2002 57
2002 55
2002 54
2002 50
2002 50
2002 49
2002 45
2002 45
2002 44
2002 43
2002 43
2002 42
2002 42
2002 42
2002 42
2002 42
2002 42
2002 40
2002 40
2002 40
2002 40
2002 40
2002 40
2002 41
2002 41
2002 41
2002 49
2002 49
2002 49
2002 48
2002 48
2002 47
2002 47
2002 47
2002 47
2002 47
2002 60
2002 66
2002 68
2002 68
2002 70
2002 70
2002 69
2002 68
2002 68
2002 72
2002 75
2002 75
2002 75
2002 83
2002 85
2002 107
2002 102
2002 101
2002 119
2002 125
2002 126
2002 130
2002 135
2002 130
2002 134
2002 147
2002 140
2002 130
2002 125
2002 117
2002 115
2002 113
2002 115
2002 108
2002 106
2002 103
2002 103
2002 100
2002 100
2002 98
2002 97
2002 124
2002 120
2002 110
2002 135
2002 169
2002 160
2002 154
2002 150
2002 149
2002 148
2002 148
2002 147
2002 144
2002 140
2002 135
2002 135
2002 132
2002 130
2002 128
2002 128
2002 132
2002 130
2002 125
2002 124
2002 124
2002 126
2002 126
2002 130
2002 127
2002 125
2002 125
2002 125
2002 127
2002 125
2002 115
2002 112
2002 113
2002 114
2002 113
2002 116
2002 114
2002 112
2002 105
2002 103
2002 110
2002 225
2002 250
2002 250
2002 235
2002 218
2002 205
2002 178
2002 170
2002 165
2002 160
2002 150
2002 139
2002 136
2002 130
2002 117
2002 112
2002 104
2002 100
2002 96
2002 90
2002 93
2002 104
2002 95
2002 92
2002 173
2002 175
2002 135
2002 115
2002 100
2002 94
2002 80
2002 74
2002 65
2002 53
2002 45
2002 42
2002 38
2002 36
2002 34
2002 30
2002 28
2002 20
2002 10
2002 0
2002 0
2002 0
2002 0
2002 0
2002 0
2002 0
2002 0
2002 0
2002 0
2002 0
2002 0
2002 0
2002 0
2002 0
2002 0
2002 0
2002 0
2002 0
2002 0
2002 0
2002 0
2002 0
2002 0
2002 0
2002 0
2002 0
2002 0
2002 0
2002 0
2002 0
2002 0
2002 0
2002 0
2002 0
2002 0
2002 0
2002 0
2002 0
2002 0
2002 0
2002 0
2002 0
2002 0
2002 0
2002 0
2002 0
2002 0
2002 0
2002 0
2002 0
2002 0
2002 0
2002 0
2002 0
2002 0
2002 2
2002 0
2002 0
2002 0
2002 0
2002 0
2002 0
2002 0
2002 0
2002 0
2002 0
2002 0
2002 0
2002 0
2002 0
2002 0
2002 0
2002 0
2002 0
2002 0
2002 0
2002 0
2003 0
2003 0
2003 0
2003 0
2003 0
2003 0
2003 0
2003 0
2003 0
2003 0
2003 0
2003 0
2003 0
2003 0
2003 0
2003 0
2003 0
2003 0
2003 0
2003 0
2003 0
2003 0
2003 5
2003 20
2003 22
2003 25
2003 20
2003 10
2003 5
2003 2
2003 0
2003 0
2003 0
2003 0
2003 0
2003 3
2003 0
2003 0
2003 0
2003 0
2003 0
2003 0
2003 0
2003 0
2003 0
2003 0
2003 13
2003 12
2003 15
2003 12
2003 8
2003 4
2003 5
2003 6
2003 7
2003 4
2003 3
2003 2
2003 1
2003 1
2003 1
2003 0
2003 15
2003 6
2003 14
2003 35
2003 33
2003 38
2003 45
2003 40
2003 44
2003 42
2003 40
2003 35
2003 41
2003 55
2003 100
2003 120
2003 120
2003 127
2003 125
2003 122
2003 132
2003 126
2003 122
2003 137
2003 174
2003 157
2003 150
2003 168
2003 170
2003 165
2003 162
2003 169
2003 163
2003 163
2003 161
2003 152
2003 152
2003 150
2003 150
2003 150
2003 150
2003 150
2003 148
2003 150
2003 152
2003 165
2003 168
2003 165
2003 162
2003 164
2003 169
2003 171
2003 164
2003 164
2003 164
2003 164
2003 168
2003 170
2003 160
2003 168
2003 167
2003 173
2003 173
2003 176
2003 190
2003 185
2003 186
2003 180
2003 175
2003 175
2003 173
2003 173
2003 175
2003 176
2003 172
2003 170
2003 167
2003 167
2003 165
2003 165
2003 165
2003 167
2003 179
2003 200
2003 192
2003 183
2003 184
2003 185
2003 195
2003 205
2003 204
2003 200
2003 198
2003 201
2003 253
2003 288
2003 335
2003 320
2003 290
2003 270
2003 260
2003 252
2003 248
2003 246
2003 238
2003 237
2003 236
2003 234
2003 234
2003 230
2003 230
2003 225
2003 225
2003 225
2003 224
2003 224
2003 223
2003 223
2003 222
2003 222
2003 223
2003 225
2003 220
2003 218
2003 216
2003 217
2003 215
2003 214
2003 212
2003 209
2003 210
2003 211
2003 208
2003 207
2003 206
2003 205
2003 204
2003 204
2003 202
2003 201
2003 200
2003 198
2003 195
2003 194
2003 190
2003 185
2003 182
2003 178
2003 175
2003 174
2003 170
2003 178
2003 204
2003 195
2003 194
2003 200
2003 202
2003 200
2003 200
2003 202
2003 200
2003 200
2003 199
2003 196
2003 195
2003 185
2003 180
2003 175
2003 174
2003 170
2003 174
2003 172
2003 170
2003 166
2003 164
2003 156
2003 150
2003 149
2003 141
2003 135
2003 133
2003 130
2003 129
2003 120
2003 118
2003 110
2003 90
2003 80
2003 70
2003 67
2003 61
2003 60
2003 57
2003 55
2003 55
2003 50
2003 48
2003 45
2003 41
2003 42
2003 44
2003 43
2003 30
2003 25
2003 15
2003 0
2003 0
2003 0
2003 0
2003 0
2003 0
2003 0
2003 0
2003 0
2003 0
2003 0
2003 0
2003 0
2003 0
2003 0
2003 0
2003 0
2003 0
2003 0
2003 0
2003 0
2003 0
2003 0
2003 0
2003 0
2003 0
2003 0
2003 0
2003 0
2003 0
2003 0
2003 0
2003 0
2003 0
2003 0
2003 NA
2003 NA
2003 NA
2003 NA
2003 NA
2003 NA
2003 NA
2003 NA
2003 NA
2003 NA
2003 NA
2003 NA
2003 NA
2003 NA
2003 NA
2003 NA
2003 NA
2003 NA
2003 NA
2003 NA
2003 NA
2003 NA
2003 NA
2003 NA
2003 NA
2003 NA
2003 NA
2003 NA
2003 NA
2003 NA
2003 NA
2003 NA
2003 NA
2003 NA
2003 NA
2003 NA
2003 NA
2003 NA
2003 NA
2003 NA
2003 NA
2003 NA
2003 NA
2003 NA
2003 NA
2003 NA
2003 NA
2003 NA
2003 NA
2003 NA
2003 NA
2003 NA
2003 NA
2003 NA
2003 NA
2003 NA
2003 NA
2003 NA
2003 NA
2003 NA
2003 NA
2003 0
2003 0
