1986 NA
1986 NA
1986 NA
1986 NA
1986 NA
1986 NA
1986 NA
1986 NA
1986 NA
1986 NA
1986 NA
1986 NA
1986 NA
1986 NA
1986 NA
1986 NA
1986 NA
1986 NA
1986 NA
1986 NA
1986 NA
1986 NA
1986 NA
1986 NA
1986 NA
1986 NA
1986 NA
1986 NA
1986 NA
1986 NA
1986 0
1986 0
1986 0
1986 0
1986 0
1986 0
1986 0
1986 0
1986 0
1986 0
1986 0
1986 0
1986 0
1986 0
1986 0
1986 0
1986 0
1986 0
1986 0
1986 0
1986 0
1986 0
1986 0
1986 0
1986 0
1986 0
1986 0
1986 0
1986 0
1986 0
1986 0
1986 0
1986 0
1986 0
1986 0
1986 0
1986 0
1986 0
1986 0
1986 0
1986 0
1986 0
1986 0
1986 28
1986 30
1986 25
1986 23
1986 20
1986 20
1986 20
1986 20
1986 20
1986 20
1986 20
1986 20
1986 20
1986 20
1986 20
1986 20
1986 20
1986 20
1986 20
1986 15
1986 10
1986 0
1986 0
1986 0
1986 0
1986 0
1986 0
1986 7
1986 5
1986 5
1986 0
1986 0
1986 0
1986 0
1986 0
1986 0
1986 0
1986 0
1986 0
1986 0
1986 0
1986 0
1986 0
1986 0
1986 5
1986 3
1986 6
1986 3
1986 0
1986 3
1986 5
1986 10
1986 35
1986 30
1986 45
1986 50
1986 45
1986 55
1986 50
1986 45
1986 60
1986 70
1986 70
1986 65
1986 100
1986 110
1986 100
1986 90
1986 80
1986 60
1986 65
1986 90
1986 100
1986 120
1986 125
1986 110
1986 105
1986 100
1986 94
1986 100
1986 95
1986 90
1986 90
1986 90
1986 90
1986 90
1986 90
1986 90
1986 90
1986 90
1986 88
1986 85
1986 82
1986 80
1986 76
1986 80
1986 82
1986 80
1986 85
1986 80
1986 80
1986 80
1986 95
1986 80
1986 80
1986 75
1986 73
1986 72
1986 70
1986 70
1986 70
1986 68
1986 65
1986 60
1986 60
1986 57
1986 55
1986 50
1986 50
1986 60
1986 55
1986 52
1986 50
1986 40
1986 30
1986 30
1986 30
1986 25
1986 25
1986 25
1986 20
1986 16
1986 12
1986 16
1986 13
1986 10
1986 8
1986 15
1986 18
1986 15
1986 10
1986 6
1986 4
1986 0
1986 0
1986 0
1986 0
1986 0
1986 0
1986 1
1986 1
1986 0
1986 0
1986 0
1986 0
1986 5
1986 10
1986 15
1986 10
1986 6
1986 0
1986 0
1986 0
1986 0
1986 0
1986 0
1986 0
1986 0
1986 0
1986 0
1986 0
1986 0
1986 0
1986 0
1986 0
1986 0
1986 0
1986 0
1986 0
1986 0
1986 0
1986 0
1986 0
1986 0
1986 0
1986 0
1986 0
1986 0
1986 0
1986 0
1986 0
1986 0
1986 0
1986 0
1986 0
1986 0
1986 0
1986 0
1986 0
1986 0
1986 NA
1986 NA
1986 NA
1986 NA
1986 NA
1986 NA
1986 NA
1986 NA
1986 NA
1986 NA
1986 NA
1986 NA
1986 NA
1986 NA
1986 NA
1986 NA
1986 NA
1986 NA
1986 NA
1986 NA
1986 NA
1986 NA
1986 NA
1986 NA
1986 NA
1986 NA
1986 NA
1986 NA
1986 NA
1986 NA
1986 NA
1986 NA
1986 NA
1986 NA
1986 NA
1986 NA
1986 NA
1986 NA
1986 NA
1986 NA
1986 NA
1986 NA
1986 NA
1986 NA
1986 NA
1986 NA
1986 NA
1986 NA
1986 NA
1986 NA
1986 NA
1986 NA
1986 NA
1986 NA
1986 NA
1986 NA
1986 NA
1986 NA
1986 NA
1986 NA
1986 NA
1986 NA
1986 NA
1986 NA
1986 NA
1986 NA
1986 NA
1986 NA
1986 NA
1986 NA
1986 NA
1986 NA
1986 NA
1986 NA
1986 NA
1986 NA
1986 NA
1986 NA
1986 NA
1986 NA
1986 NA
1986 NA
1986 NA
1986 NA
1986 NA
1986 NA
1986 NA
1986 NA
1986 NA
1986 NA
1986 NA
1986 NA
1987 NA
1987 NA
1987 NA
1987 NA
1987 NA
1987 NA
1987 NA
1987 NA
1987 NA
1987 NA
1987 NA
1987 NA
1987 NA
1987 NA
1987 NA
1987 NA
1987 NA
1987 NA
1987 NA
1987 NA
1987 NA
1987 NA
1987 NA
1987 NA
1987 NA
1987 NA
1987 NA
1987 NA
1987 NA
1987 NA
1987 0
1987 0
1987 0
1987 0
1987 0
1987 0
1987 0
1987 0
1987 0
1987 0
1987 0
1987 0
1987 0
1987 0
1987 0
1987 0
1987 0
1987 0
1987 0
1987 0
1987 0
1987 0
1987 0
1987 0
1987 0
1987 1
1987 0
1987 0
1987 0
1987 0
1987 0
1987 0
1987 0
1987 0
1987 0
1987 0
1987 0
1987 0
1987 0
1987 0
1987 0
1987 0
1987 0
1987 0
1987 0
1987 0
1987 0
1987 0
1987 0
1987 0
1987 0
1987 0
1987 0
1987 0
1987 10
1987 8
1987 6
1987 4
1987 2
1987 0
1987 0
1987 0
1987 0
1987 0
1987 0
1987 0
1987 0
1987 0
1987 0
1987 0
1987 0
1987 0
1987 0
1987 0
1987 0
1987 0
1987 0
1987 20
1987 38
1987 35
1987 60
1987 70
1987 70
1987 70
1987 60
1987 60
1987 65
1987 80
1987 75
1987 60
1987 60
1987 60
1987 60
1987 50
1987 80
1987 70
1987 70
1987 72
1987 80
1987 80
1987 75
1987 75
1987 80
1987 80
1987 100
1987 100
1987 100
1987 90
1987 85
1987 80
1987 80
1987 80
1987 80
1987 75
1987 74
1987 72
1987 70
1987 68
1987 65
1987 63
1987 60
1987 60
1987 60
1987 60
1987 58
1987 55
1987 52
1987 50
1987 50
1987 48
1987 45
1987 45
1987 43
1987 40
1987 40
1987 42
1987 40
1987 40
1987 42
1987 42
1987 43
1987 48
1987 48
1987 43
1987 43
1987 42
1987 40
1987 40
1987 40
1987 38
1987 35
1987 30
1987 30
1987 35
1987 40
1987 45
1987 45
1987 40
1987 40
1987 38
1987 36
1987 35
1987 40
1987 40
1987 45
1987 40
1987 40
1987 38
1987 35
1987 40
1987 45
1987 40
1987 45
1987 38
1987 35
1987 30
1987 28
1987 25
1987 20
1987 25
1987 20
1987 20
1987 15
1987 10
1987 10
1987 10
1987 10
1987 10
1987 10
1987 10
1987 10
1987 10
1987 10
1987 0
1987 0
1987 0
1987 0
1987 0
1987 0
1987 0
1987 0
1987 0
1987 0
1987 0
1987 0
1987 0
1987 0
1987 0
1987 0
1987 0
1987 0
1987 0
1987 0
1987 0
1987 0
1987 21
1987 10
1987 0
1987 0
1987 0
1987 0
1987 0
1987 0
1987 0
1987 4
1987 0
1987 0
1987 0
1987 0
1987 0
1987 0
1987 0
1987 0
1987 0
1987 0
1987 0
1987 0
1987 0
1987 0
1987 0
1987 0
1987 0
1987 0
1987 NA
1987 NA
1987 NA
1987 NA
1987 NA
1987 NA
1987 NA
1987 NA
1987 NA
1987 NA
1987 NA
1987 NA
1987 NA
1987 NA
1987 NA
1987 NA
1987 NA
1987 NA
1987 NA
1987 NA
1987 NA
1987 NA
1987 NA
1987 NA
1987 NA
1987 NA
1987 NA
1987 NA
1987 NA
1987 NA
1987 NA
1987 NA
1987 NA
1987 NA
1987 NA
1987 NA
1987 NA
1987 NA
1987 NA
1987 NA
1987 NA
1987 NA
1987 NA
1987 NA
1987 NA
1987 NA
1987 NA
1987 NA
1987 NA
1987 NA
1987 NA
1987 NA
1987 NA
1987 NA
1987 NA
1987 NA
1987 NA
1987 NA
1987 NA
1987 NA
1987 NA
1987 NA
1987 NA
1987 NA
1987 NA
1987 NA
1987 NA
1987 NA
1987 NA
1987 NA
1987 NA
1987 NA
1987 NA
1987 NA
1987 NA
1987 NA
1987 NA
1987 NA
1987 NA
1987 NA
1987 NA
1987 NA
1987 NA
1987 NA
1987 NA
1987 NA
1987 NA
1987 NA
1987 NA
1987 NA
1987 NA
1987 NA
1988 NA
1988 NA
1988 NA
1988 NA
1988 NA
1988 NA
1988 NA
1988 NA
1988 NA
1988 NA
1988 NA
1988 NA
1988 NA
1988 NA
1988 NA
1988 NA
1988 NA
1988 NA
1988 NA
1988 NA
1988 NA
1988 NA
1988 NA
1988 NA
1988 NA
1988 NA
1988 NA
1988 NA
1988 NA
1988 NA
1988 0
1988 0
1988 0
1988 0
1988 0
1988 0
1988 0
1988 0
1988 0
1988 0
1988 0
1988 5
1988 0
1988 0
1988 0
1988 0
1988 0
1988 0
1988 0
1988 0
1988 0
1988 0
1988 0
1988 0
1988 0
1988 0
1988 0
1988 0
1988 0
1988 0
1988 0
1988 0
1988 0
1988 0
1988 0
1988 0
1988 0
1988 0
1988 0
1988 0
1988 0
1988 0
1988 0
1988 0
1988 0
1988 0
1988 0
1988 0
1988 0
1988 0
1988 0
1988 13
1988 10
1988 10
1988 7
1988 7
1988 4
1988 3
1988 0
1988 5
1988 3
1988 0
1988 0
1988 0
1988 0
1988 0
1988 0
1988 0
1988 0
1988 0
1988 2
1988 0
1988 0
1988 0
1988 0
1988 0
1988 0
1988 0
1988 0
1988 0
1988 0
1988 0
1988 0
1988 0
1988 0
1988 0
1988 0
1988 0
1988 0
1988 0
1988 0
1988 0
1988 0
1988 0
1988 0
1988 5
1988 10
1988 8
1988 5
1988 25
1988 16
1988 14
1988 10
1988 8
1988 6
1988 5
1988 5
1988 3
1988 0
1988 0
1988 0
1988 0
1988 5
1988 10
1988 20
1988 15
1988 15
1988 13
1988 10
1988 10
1988 15
1988 22
1988 40
1988 45
1988 50
1988 40
1988 35
1988 33
1988 30
1988 40
1988 40
1988 50
1988 60
1988 80
1988 90
1988 100
1988 90
1988 85
1988 80
1988 75
1988 70
1988 68
1988 60
1988 50
1988 40
1988 40
1988 46
1988 62
1988 60
1988 55
1988 50
1988 56
1988 70
1988 65
1988 60
1988 56
1988 58
1988 58
1988 73
1988 80
1988 70
1988 65
1988 60
1988 50
1988 45
1988 40
1988 35
1988 30
1988 30
1988 30
1988 28
1988 25
1988 20
1988 18
1988 17
1988 15
1988 10
1988 12
1988 16
1988 26
1988 19
1988 15
1988 20
1988 20
1988 15
1988 10
1988 5
1988 0
1988 0
1988 0
1988 0
1988 0
1988 0
1988 0
1988 0
1988 0
1988 0
1988 0
1988 0
1988 0
1988 0
1988 0
1988 0
1988 0
1988 0
1988 0
1988 0
1988 0
1988 0
1988 0
1988 0
1988 0
1988 0
1988 0
1988 0
1988 0
1988 0
1988 0
1988 0
1988 0
1988 0
1988 0
1988 0
1988 0
1988 0
1988 0
1988 0
1988 0
1988 0
1988 0
1988 0
1988 0
1988 0
1988 0
1988 0
1988 0
1988 0
1988 0
1988 0
1988 0
1988 0
1988 0
1988 0
1988 0
1988 NA
1988 NA
1988 NA
1988 NA
1988 NA
1988 NA
1988 NA
1988 NA
1988 NA
1988 NA
1988 NA
1988 NA
1988 NA
1988 NA
1988 NA
1988 NA
1988 NA
1988 NA
1988 NA
1988 NA
1988 NA
1988 NA
1988 NA
1988 NA
1988 NA
1988 NA
1988 NA
1988 NA
1988 NA
1988 NA
1988 NA
1988 NA
1988 NA
1988 NA
1988 NA
1988 NA
1988 NA
1988 NA
1988 NA
1988 NA
1988 NA
1988 NA
1988 NA
1988 NA
1988 NA
1988 NA
1988 NA
1988 NA
1988 NA
1988 NA
1988 NA
1988 NA
1988 NA
1988 NA
1988 NA
1988 NA
1988 NA
1988 NA
1988 NA
1988 NA
1988 NA
1988 NA
1988 NA
1988 NA
1988 NA
1988 NA
1988 NA
1988 NA
1988 NA
1988 NA
1988 NA
1988 NA
1988 NA
1988 NA
1988 NA
1988 NA
1988 NA
1988 NA
1988 NA
1988 NA
1988 NA
1988 NA
1988 NA
1988 NA
1988 NA
1988 NA
1988 NA
1988 NA
1988 NA
1988 NA
1988 NA
1988 NA
1989 NA
1989 NA
1989 NA
1989 NA
1989 NA
1989 NA
1989 NA
1989 NA
1989 NA
1989 NA
1989 NA
1989 NA
1989 NA
1989 NA
1989 NA
1989 NA
1989 NA
1989 NA
1989 NA
1989 NA
1989 NA
1989 NA
1989 NA
1989 NA
1989 NA
1989 NA
1989 NA
1989 NA
1989 NA
1989 NA
1989 0
1989 0
1989 0
1989 0
1989 0
1989 0
1989 0
1989 0
1989 0
1989 0
1989 0
1989 0
1989 0
1989 0
1989 0
1989 0
1989 0
1989 0
1989 0
1989 0
1989 0
1989 0
1989 0
1989 0
1989 0
1989 0
1989 0
1989 0
1989 0
1989 0
1989 0
1989 0
1989 0
1989 0
1989 0
1989 0
1989 0
1989 0
1989 0
1989 0
1989 0
1989 0
1989 0
1989 0
1989 0
1989 0
1989 0
1989 0
1989 0
1989 0
1989 0
1989 35
1989 30
1989 26
1989 22
1989 20
1989 16
1989 15
1989 12
1989 10
1989 6
1989 3
1989 0
1989 0
1989 0
1989 0
1989 5
1989 23
1989 20
1989 16
1989 12
1989 10
1989 8
1989 8
1989 6
1989 5
1989 5
1989 3
1989 0
1989 0
1989 16
1989 13
1989 10
1989 9
1989 7
1989 5
1989 4
1989 2
1989 0
1989 0
1989 0
1989 0
1989 0
1989 0
1989 0
1989 0
1989 0
1989 2
1989 0
1989 0
1989 0
1989 0
1989 0
1989 0
1989 0
1989 0
1989 0
1989 0
1989 0
1989 0
1989 0
1989 0
1989 0
1989 25
1989 20
1989 16
1989 11
1989 7
1989 3
1989 0
1989 0
1989 0
1989 0
1989 0
1989 0
1989 0
1989 0
1989 0
1989 0
1989 0
1989 0
1989 0
1989 0
1989 0
1989 0
1989 0
1989 10
1989 0
1989 0
1989 0
1989 0
1989 0
1989 0
1989 0
1989 0
1989 0
1989 0
1989 5
1989 9
1989 25
1989 25
1989 30
1989 25
1989 25
1989 35
1989 30
1989 25
1989 20
1989 15
1989 12
1989 9
1989 6
1989 0
1989 0
1989 0
1989 0
1989 0
1989 0
1989 7
1989 2
1989 0
1989 0
1989 0
1989 0
1989 0
1989 0
1989 0
1989 0
1989 0
1989 0
1989 0
1989 0
1989 0
1989 0
1989 0
1989 0
1989 10
1989 0
1989 0
1989 0
1989 0
1989 0
1989 0
1989 0
1989 15
1989 20
1989 15
1989 10
1989 5
1989 0
1989 0
1989 0
1989 0
1989 0
1989 0
1989 0
1989 0
1989 0
1989 4
1989 5
1989 0
1989 0
1989 0
1989 0
1989 0
1989 0
1989 0
1989 0
1989 0
1989 0
1989 0
1989 0
1989 0
1989 0
1989 0
1989 0
1989 0
1989 0
1989 0
1989 0
1989 0
1989 0
1989 0
1989 0
1989 0
1989 0
1989 0
1989 0
1989 0
1989 0
1989 0
1989 0
1989 0
1989 NA
1989 NA
1989 NA
1989 NA
1989 NA
1989 NA
1989 NA
1989 NA
1989 NA
1989 NA
1989 NA
1989 NA
1989 NA
1989 NA
1989 NA
1989 NA
1989 NA
1989 NA
1989 NA
1989 NA
1989 NA
1989 NA
1989 NA
1989 NA
1989 NA
1989 NA
1989 NA
1989 NA
1989 NA
1989 NA
1989 NA
1989 NA
1989 NA
1989 NA
1989 NA
1989 NA
1989 NA
1989 NA
1989 NA
1989 NA
1989 NA
1989 NA
1989 NA
1989 NA
1989 NA
1989 NA
1989 NA
1989 NA
1989 NA
1989 NA
1989 NA
1989 NA
1989 NA
1989 NA
1989 NA
1989 NA
1989 NA
1989 NA
1989 NA
1989 NA
1989 NA
1989 NA
1989 NA
1989 NA
1989 NA
1989 NA
1989 NA
1989 NA
1989 NA
1989 NA
1989 NA
1989 NA
1989 NA
1989 NA
1989 NA
1989 NA
1989 NA
1989 NA
1989 NA
1989 NA
1989 NA
1989 NA
1989 NA
1989 NA
1989 NA
1989 NA
1989 NA
1989 NA
1989 NA
1989 NA
1989 NA
1989 NA
1990 NA
1990 NA
1990 NA
1990 NA
1990 NA
1990 NA
1990 NA
1990 NA
1990 NA
1990 NA
1990 NA
1990 NA
1990 NA
1990 NA
1990 NA
1990 NA
1990 NA
1990 NA
1990 NA
1990 NA
1990 NA
1990 NA
1990 NA
1990 NA
1990 NA
1990 NA
1990 NA
1990 NA
1990 NA
1990 NA
1990 0
1990 0
1990 0
1990 0
1990 0
1990 0
1990 0
1990 0
1990 0
1990 0
1990 0
1990 0
1990 0
1990 0
1990 0
1990 0
1990 0
1990 0
1990 0
1990 0
1990 0
1990 0
1990 0
1990 0
1990 0
1990 0
1990 0
1990 0
1990 0
1990 0
1990 0
1990 0
1990 0
1990 0
1990 3
1990 5
1990 2
1990 0
1990 0
1990 0
1990 0
1990 0
1990 0
1990 0
1990 0
1990 0
1990 0
1990 0
1990 0
1990 0
1990 0
1990 0
1990 0
1990 0
1990 0
1990 0
1990 0
1990 0
1990 0
1990 0
1990 0
1990 0
1990 0
1990 0
1990 0
1990 0
1990 0
1990 0
1990 0
1990 0
1990 0
1990 0
1990 0
1990 0
1990 0
1990 0
1990 0
1990 0
1990 0
1990 0
1990 0
1990 0
1990 0
1990 0
1990 0
1990 0
1990 0
1990 0
1990 0
1990 0
1990 0
1990 0
1990 0
1990 0
1990 0
1990 0
1990 0
1990 0
1990 0
1990 0
1990 0
1990 0
1990 0
1990 0
1990 0
1990 0
1990 0
1990 0
1990 0
1990 0
1990 0
1990 0
1990 0
1990 0
1990 0
1990 0
1990 0
1990 0
1990 1
1990 0
1990 18
1990 15
1990 10
1990 0
1990 0
1990 0
1990 0
1990 0
1990 0
1990 0
1990 0
1990 0
1990 0
1990 15
1990 30
1990 40
1990 50
1990 45
1990 40
1990 35
1990 30
1990 26
1990 22
1990 18
1990 15
1990 12
1990 9
1990 5
1990 3
1990 0
1990 10
1990 5
1990 25
1990 30
1990 20
1990 15
1990 10
1990 10
1990 8
1990 5
1990 2
1990 0
1990 0
1990 0
1990 0
1990 0
1990 0
1990 0
1990 0
1990 0
1990 0
1990 0
1990 0
1990 0
1990 0
1990 0
1990 0
1990 0
1990 1
1990 0
1990 0
1990 0
1990 0
1990 0
1990 0
1990 0
1990 0
1990 0
1990 0
1990 0
1990 0
1990 0
1990 0
1990 0
1990 0
1990 0
1990 5
1990 10
1990 0
1990 0
1990 1
1990 5
1990 5
1990 0
1990 0
1990 0
1990 0
1990 0
1990 0
1990 0
1990 0
1990 0
1990 0
1990 0
1990 0
1990 0
1990 0
1990 0
1990 0
1990 0
1990 0
1990 0
1990 0
1990 0
1990 0
1990 0
1990 0
1990 0
1990 0
1990 0
1990 0
1990 0
1990 0
1990 0
1990 0
1990 0
1990 0
1990 0
1990 0
1990 0
1990 0
1990 0
1990 0
1990 NA
1990 NA
1990 NA
1990 NA
1990 NA
1990 NA
1990 NA
1990 NA
1990 NA
1990 NA
1990 NA
1990 NA
1990 NA
1990 NA
1990 NA
1990 NA
1990 NA
1990 NA
1990 NA
1990 NA
1990 NA
1990 NA
1990 NA
1990 NA
1990 NA
1990 NA
1990 NA
1990 NA
1990 NA
1990 NA
1990 NA
1990 NA
1990 NA
1990 NA
1990 NA
1990 NA
1990 NA
1990 NA
1990 NA
1990 NA
1990 NA
1990 NA
1990 NA
1990 NA
1990 NA
1990 NA
1990 NA
1990 NA
1990 NA
1990 NA
1990 NA
1990 NA
1990 NA
1990 NA
1990 NA
1990 NA
1990 NA
1990 NA
1990 NA
1990 NA
1990 NA
1990 NA
1990 NA
1990 NA
1990 NA
1990 NA
1990 NA
1990 NA
1990 NA
1990 NA
1990 NA
1990 NA
1990 NA
1990 NA
1990 NA
1990 NA
1990 NA
1990 NA
1990 NA
1990 NA
1990 NA
1990 NA
1990 NA
1990 NA
1990 NA
1990 NA
1990 NA
1990 NA
1990 NA
1990 NA
1990 NA
1990 NA
1991 NA
1991 NA
1991 NA
1991 NA
1991 NA
1991 NA
1991 NA
1991 NA
1991 NA
1991 NA
1991 NA
1991 NA
1991 NA
1991 NA
1991 NA
1991 NA
1991 NA
1991 NA
1991 NA
1991 NA
1991 NA
1991 NA
1991 NA
1991 NA
1991 NA
1991 NA
1991 NA
1991 NA
1991 NA
1991 NA
1991 0
1991 0
1991 0
1991 0
1991 0
1991 0
1991 0
1991 0
1991 0
1991 0
1991 0
1991 0
1991 0
1991 0
1991 0
1991 0
1991 0
1991 0
1991 0
1991 0
1991 0
1991 0
1991 0
1991 0
1991 0
1991 0
1991 0
1991 0
1991 0
1991 0
1991 0
1991 0
1991 0
1991 19
1991 15
1991 10
1991 8
1991 5
1991 2
1991 0
1991 0
1991 0
1991 0
1991 0
1991 0
1991 0
1991 0
1991 0
1991 0
1991 0
1991 0
1991 0
1991 10
1991 35
1991 35
1991 30
1991 32
1991 26
1991 20
1991 18
1991 15
1991 10
1991 6
1991 2
1991 0
1991 0
1991 0
1991 0
1991 0
1991 5
1991 15
1991 20
1991 18
1991 36
1991 40
1991 38
1991 35
1991 34
1991 32
1991 40
1991 36
1991 33
1991 28
1991 25
1991 22
1991 20
1991 30
1991 35
1991 30
1991 26
1991 20
1991 20
1991 20
1991 15
1991 15
1991 12
1991 15
1991 10
1991 10
1991 8
1991 7
1991 5
1991 3
1991 0
1991 10
1991 13
1991 12
1991 10
1991 10
1991 10
1991 10
1991 10
1991 10
1991 10
1991 10
1991 10
1991 10
1991 10
1991 10
1991 10
1991 10
1991 10
1991 10
1991 10
1991 10
1991 10
1991 10
1991 10
1991 10
1991 10
1991 70
1991 75
1991 90
1991 85
1991 78
1991 70
1991 65
1991 63
1991 75
1991 80
1991 75
1991 69
1991 63
1991 55
1991 53
1991 46
1991 40
1991 35
1991 30
1991 25
1991 20
1991 15
1991 8
1991 4
1991 0
1991 0
1991 0
1991 0
1991 0
1991 0
1991 0
1991 0
1991 0
1991 0
1991 0
1991 0
1991 0
1991 0
1991 0
1991 0
1991 0
1991 0
1991 0
1991 5
1991 0
1991 0
1991 0
1991 0
1991 0
1991 0
1991 0
1991 0
1991 0
1991 0
1991 0
1991 0
1991 2
1991 4
1991 0
1991 0
1991 0
1991 0
1991 0
1991 0
1991 0
1991 0
1991 0
1991 0
1991 0
1991 0
1991 2
1991 4
1991 7
1991 0
1991 3
1991 1
1991 0
1991 0
1991 0
1991 0
1991 0
1991 0
1991 0
1991 0
1991 0
1991 0
1991 0
1991 2
1991 0
1991 0
1991 0
1991 0
1991 0
1991 0
1991 0
1991 0
1991 0
1991 0
1991 2
1991 0
1991 0
1991 0
1991 0
1991 0
1991 0
1991 0
1991 0
1991 0
1991 0
1991 0
1991 0
1991 0
1991 0
1991 NA
1991 NA
1991 NA
1991 NA
1991 NA
1991 NA
1991 NA
1991 NA
1991 NA
1991 NA
1991 NA
1991 NA
1991 NA
1991 NA
1991 NA
1991 NA
1991 NA
1991 NA
1991 NA
1991 NA
1991 NA
1991 NA
1991 NA
1991 NA
1991 NA
1991 NA
1991 NA
1991 NA
1991 NA
1991 NA
1991 NA
1991 NA
1991 NA
1991 NA
1991 NA
1991 NA
1991 NA
1991 NA
1991 NA
1991 NA
1991 NA
1991 NA
1991 NA
1991 NA
1991 NA
1991 NA
1991 NA
1991 NA
1991 NA
1991 NA
1991 NA
1991 NA
1991 NA
1991 NA
1991 NA
1991 NA
1991 NA
1991 NA
1991 NA
1991 NA
1991 NA
1991 NA
1991 NA
1991 NA
1991 NA
1991 NA
1991 NA
1991 NA
1991 NA
1991 NA
1991 NA
1991 NA
1991 NA
1991 NA
1991 NA
1991 NA
1991 NA
1991 NA
1991 NA
1991 NA
1991 NA
1991 NA
1991 NA
1991 NA
1991 NA
1991 NA
1991 NA
1991 NA
1991 NA
1991 NA
1991 NA
1991 NA
1992 NA
1992 NA
1992 NA
1992 NA
1992 NA
1992 NA
1992 NA
1992 NA
1992 NA
1992 NA
1992 NA
1992 NA
1992 NA
1992 NA
1992 NA
1992 NA
1992 NA
1992 NA
1992 NA
1992 NA
1992 NA
1992 NA
1992 NA
1992 NA
1992 NA
1992 NA
1992 NA
1992 NA
1992 NA
1992 NA
1992 0
1992 0
1992 0
1992 0
1992 0
1992 0
1992 0
1992 0
1992 0
1992 0
1992 0
1992 0
1992 0
1992 0
1992 0
1992 0
1992 0
1992 0
1992 0
1992 4
1992 0
1992 0
1992 0
1992 0
1992 0
1992 0
1992 0
1992 0
1992 0
1992 0
1992 0
1992 0
1992 0
1992 0
1992 0
1992 2
1992 14
1992 7
1992 0
1992 0
1992 0
1992 0
1992 0
1992 0
1992 6
1992 5
1992 5
1992 5
1992 0
1992 0
1992 0
1992 0
1992 0
1992 0
1992 0
1992 0
1992 0
1992 0
1992 0
1992 0
1992 0
1992 0
1992 0
1992 0
1992 0
1992 0
1992 0
1992 0
1992 0
1992 0
1992 0
1992 0
1992 0
1992 0
1992 0
1992 0
1992 0
1992 0
1992 0
1992 28
1992 20
1992 50
1992 90
1992 70
1992 60
1992 58
1992 56
1992 54
1992 52
1992 50
1992 46
1992 43
1992 40
1992 37
1992 34
1992 31
1992 28
1992 25
1992 24
1992 23
1992 22
1992 35
1992 35
1992 35
1992 35
1992 35
1992 35
1992 35
1992 35
1992 35
1992 35
1992 33
1992 32
1992 31
1992 30
1992 28
1992 27
1992 25
1992 24
1992 23
1992 22
1992 21
1992 20
1992 20
1992 20
1992 20
1992 20
1992 35
1992 30
1992 25
1992 20
1992 20
1992 25
1992 20
1992 20
1992 20
1992 35
1992 25
1992 20
1992 30
1992 25
1992 25
1992 20
1992 20
1992 20
1992 20
1992 20
1992 20
1992 20
1992 20
1992 20
1992 20
1992 20
1992 17
1992 15
1992 12
1992 10
1992 7
1992 4
1992 0
1992 0
1992 0
1992 0
1992 0
1992 0
1992 0
1992 0
1992 0
1992 0
1992 0
1992 0
1992 0
1992 0
1992 0
1992 0
1992 7
1992 9
1992 4
1992 0
1992 0
1992 0
1992 0
1992 0
1992 16
1992 10
1992 5
1992 0
1992 0
1992 2
1992 0
1992 0
1992 0
1992 0
1992 0
1992 0
1992 0
1992 0
1992 0
1992 27
1992 20
1992 15
1992 5
1992 0
1992 0
1992 0
1992 0
1992 0
1992 0
1992 0
1992 0
1992 0
1992 0
1992 0
1992 0
1992 0
1992 0
1992 0
1992 0
1992 0
1992 0
1992 0
1992 0
1992 0
1992 0
1992 0
1992 0
1992 0
1992 0
1992 0
1992 0
1992 0
1992 0
1992 0
1992 0
1992 0
1992 0
1992 0
1992 0
1992 0
1992 0
1992 0
1992 0
1992 0
1992 0
1992 NA
1992 NA
1992 NA
1992 NA
1992 NA
1992 NA
1992 NA
1992 NA
1992 NA
1992 NA
1992 NA
1992 NA
1992 NA
1992 NA
1992 NA
1992 NA
1992 NA
1992 NA
1992 NA
1992 NA
1992 NA
1992 NA
1992 NA
1992 NA
1992 NA
1992 NA
1992 NA
1992 NA
1992 NA
1992 NA
1992 NA
1992 NA
1992 NA
1992 NA
1992 NA
1992 NA
1992 NA
1992 NA
1992 NA
1992 NA
1992 NA
1992 NA
1992 NA
1992 NA
1992 NA
1992 NA
1992 NA
1992 NA
1992 NA
1992 NA
1992 NA
1992 NA
1992 NA
1992 NA
1992 NA
1992 NA
1992 NA
1992 NA
1992 NA
1992 NA
1992 NA
1992 NA
1992 NA
1992 NA
1992 NA
1992 NA
1992 NA
1992 NA
1992 NA
1992 NA
1992 NA
1992 NA
1992 NA
1992 NA
1992 NA
1992 NA
1992 NA
1992 NA
1992 NA
1992 NA
1992 NA
1992 NA
1992 NA
1992 NA
1992 NA
1992 NA
1992 NA
1992 NA
1992 NA
1992 NA
1992 NA
1992 NA
