2011 6
2011 0
2011 0
2011 0
2011 NA
2011 5
2011 0
2011 1
2011 0
2011 0
2011 0
2011 0
2011 0
2011 0
2011 0
2011 0
2011 0
2011 0
2011 0
2011 0
2011 0
2011 0
2011 0
2011 0
2011 29
2011 29
2011 25
2011 19
2011 17
2011 11
2011 7
2011 0
2011 0
2011 0
2011 0
2011 0
2011 0
2011 0
2011 0
2011 0
2011 0
2011 0
2011 0
2011 0
2011 0
2011 NA
2011 2
2011 0
2011 6
2011 16
2011 33
2011 24
2011 13
2011 19
2011 54
2011 47
2011 44
2011 38
2011 34
2011 31
2011 28
2011 26
2011 23
2011 23
2011 21
2011 21
2011 20
2011 13
2011 36
2011 22
2011 21
2011 28
2011 20
2011 19
2011 16
2011 13
2011 34
2011 30
2011 27
2011 38
2011 31
2011 27
2011 37
2011 47
2011 56
2011 51
2011 71
2011 54
2011 45
2011 56
2011 50
2011 46
2011 49
2011 47
2011 46
2011 39
2011 38
2011 36
2011 34
2011 46
2011 64
2011 64
2011 67
2011 83
2011 76
2011 77
2011 73
2011 78
2011 75
2011 56
2011 59
2011 58
2011 55
2011 55
2011 62
2011 64
2011 60
2011 62
2011 63
2011 63
2011 64
2011 64
2011 63
2011 57
2011 60
2011 60
2011 61
2011 52
2011 52
2011 52
2011 52
2011 53
2011 57
2011 63
2011 64
2011 64
2011 66
2011 63
2011 63
2011 63
2011 61
2011 79
2011 76
2011 74
2011 73
2011 69
2011 71
2011 79
2011 75
2011 74
2011 70
2011 63
2011 63
2011 63
2011 63
2011 64
2011 65
2011 66
2011 67
2011 67
2011 67
2011 67
2011 67
2011 68
2011 68
2011 67
2011 67
2011 67
2011 67
2011 67
2011 68
2011 67
2011 69
2011 77
2011 86
2011 89
2011 84
2011 97
2011 95
2011 101
2011 107
2011 105
2011 103
2011 97
2011 96
2011 96
2011 96
2011 95
2011 94
2011 93
2011 93
2011 93
2011 NA
2011 85
2011 NA
2011 NA
2011 85
2011 97
2011 115
2011 121
2011 124
2011 122
2011 120
2011 118
2011 117
2011 113
2011 111
2011 112
2011 109
2011 107
2011 109
2011 107
2011 100
2011 97
2011 94
2011 94
2011 100
2011 93
2011 91
2011 NA
2011 80
2011 78
2011 76
2011 79
2011 88
2011 82
2011 82
2011 82
2011 80
2011 76
2011 80
2011 75
2011 73
2011 71
2011 70
2011 65
2011 62
2011 62
2011 61
2011 60
2011 57
2011 52
2011 54
2011 47
2011 47
2011 47
2011 49
2011 42
2011 35
2011 29
2011 22
2011 13
2011 6
2011 1
2011 NA
2011 0
2011 0
2011 15
2011 1
2011 0
2011 0
2011 0
2011 0
2011 0
2011 0
2011 0
2011 0
2011 0
2011 NA
2011 0
2011 0
2011 0
2011 0
2011 0
2011 0
2011 0
2011 0
2011 0
2011 0
2011 0
2011 0
2011 1
2011 0
2011 0
2011 0
2011 0
2011 0
2011 0
2011 0
2011 0
2011 0
2011 0
2011 0
2011 0
2011 0
2011 0
2011 16
2011 0
2011 0
2011 0
2011 0
2011 0
2011 0
2011 1
2011 3
2011 0
2011 0
2011 0
2011 0
2011 0
2011 0
2011 0
2011 0
2011 0
2011 0
2011 0
2011 1
2011 0
2011 0
2011 1
2011 1
2011 0
2011 0
2011 0
2011 0
2011 14
2011 16
2011 0
2011 0
2011 1
2011 0
2011 0
2011 NA
2011 0
2011 0
2011 NA
2011 0
2011 NA
2011 0
2011 0
2011 0
2011 0
2011 0
2011 0
2011 0
2011 0
2011 NA
2011 0
2011 0
2011 0
2011 0
2011 NA
2011 0
2011 0
2011 0
2011 0
2011 0
2011 0
2011 0
2011 0
2011 2
2011 0
2011 0
2011 NA
2011 NA
2012 NA
2012 0
2012 0
2012 NA
2012 0
2012 0
2012 0
2012 0
2012 NA
2012 0
2012 0
2012 0
2012 0
2012 NA
2012 0
2012 0
2012 0
2012 2
2012 14
2012 2
2012 0
2012 0
2012 0
2012 0
2012 0
2012 0
2012 0
2012 0
2012 0
2012 0
2012 0
2012 0
2012 0
2012 0
2012 0
2012 0
2012 10
2012 35
2012 45
2012 8
2012 2
2012 0
2012 0
2012 0
2012 1
2012 0
2012 0
2012 0
2012 1
2012 NA
2012 6
2012 7
2012 8
2012 1
2012 0
2012 0
2012 0
2012 0
2012 0
2012 1
2012 0
2012 0
2012 0
2012 0
2012 0
2012 0
2012 0
2012 0
2012 0
2012 0
2012 0
2012 0
2012 0
2012 1
2012 0
2012 1
2012 0
2012 0
2012 0
2012 0
2012 0
2012 0
2012 0
2012 0
2012 0
2012 0
2012 0
2012 1
2012 0
2012 0
2012 0
2012 0
2012 1
2012 NA
2012 1
2012 9
2012 23
2012 45
2012 41
2012 37
2012 34
2012 29
2012 36
2012 32
2012 34
2012 37
2012 54
2012 68
2012 79
2012 87
2012 106
2012 108
2012 130
2012 129
2012 135
2012 128
2012 123
2012 119
2012 115
2012 112
2012 141
2012 154
2012 150
2012 151
2012 148
2012 149
2012 164
2012 207
2012 202
2012 217
2012 219
2012 214
2012 206
2012 202
2012 201
2012 195
2012 194
2012 191
2012 188
2012 185
2012 185
2012 206
2012 221
2012 221
2012 219
2012 238
2012 238
2012 231
2012 226
2012 231
2012 228
2012 216
2012 215
2012 214
2012 214
2012 213
2012 208
2012 208
2012 209
2012 207
2012 206
2012 206
2012 207
2012 205
2012 204
2012 204
2012 214
2012 219
2012 229
2012 226
2012 223
2012 226
2012 228
2012 227
2012 222
2012 221
2012 216
2012 213
2012 215
2012 218
2012 217
2012 213
2012 209
2012 207
2012 206
2012 205
2012 218
2012 213
2012 217
2012 223
2012 226
2012 222
2012 219
2012 218
2012 218
2012 216
2012 214
2012 212
2012 210
2012 205
2012 235
2012 230
2012 224
2012 221
2012 219
2012 217
2012 214
2012 214
2012 213
2012 210
2012 206
2012 209
2012 208
2012 205
2012 206
2012 203
2012 200
2012 199
2012 196
2012 203
2012 218
2012 209
2012 205
2012 220
2012 213
2012 210
2012 211
2012 211
2012 222
2012 216
2012 225
2012 217
2012 230
2012 224
2012 228
2012 226
2012 248
2012 239
2012 229
2012 216
2012 201
2012 183
2012 176
2012 173
2012 168
2012 164
2012 160
2012 159
2012 159
2012 162
2012 159
2012 150
2012 143
2012 134
2012 129
2012 126
2012 127
2012 127
2012 147
2012 147
2012 134
2012 125
2012 114
2012 109
2012 106
2012 99
2012 90
2012 87
2012 NA
2012 78
2012 73
2012 67
2012 61
2012 56
2012 46
2012 35
2012 25
2012 23
2012 17
2012 13
2012 0
2012 0
2012 0
2012 0
2012 0
2012 6
2012 0
2012 0
2012 0
2012 0
2012 NA
2012 0
2012 NA
2012 0
2012 0
2012 0
2012 0
2012 0
2012 0
2012 0
2012 NA
2012 NA
2012 NA
2012 0
2012 0
2012 0
2012 0
2012 0
2012 NA
2012 0
2012 0
2012 0
2012 0
2012 0
2012 0
2012 0
2012 0
2012 0
2012 0
2012 0
2012 0
2012 0
2012 0
2012 0
2012 0
2012 0
2012 0
2012 0
2012 NA
2012 0
2012 1
2012 4
2012 0
2012 0
2012 1
2012 0
2012 0
2012 0
2012 0
2012 0
2012 0
2012 0
2012 0
2012 NA
2012 0
2012 0
2012 0
2012 0
2012 0
2012 0
2012 2
2012 0
2012 0
2012 0
2012 NA
2012 1
2012 NA
2012 0
2012 0
2012 0
2012 0
2012 1
2012 1
2012 0
2012 0
2012 0
2013 3
2013 0
2013 0
2013 NA
2013 0
2013 0
2013 0
2013 0
2013 0
2013 0
2013 0
2013 0
2013 0
2013 1
2013 0
2013 0
2013 0
2013 0
2013 0
2013 0
2013 2
2013 NA
2013 0
2013 0
2013 0
2013 0
2013 0
2013 0
2013 NA
2013 0
2013 0
2013 0
2013 0
2013 0
2013 0
2013 0
2013 0
2013 0
2013 1
2013 0
2013 0
2013 0
2013 0
2013 0
2013 31
2013 24
2013 1
2013 0
2013 0
2013 0
2013 0
2013 0
2013 0
2013 0
2013 0
2013 0
2013 5
2013 19
2013 28
2013 17
2013 17
2013 12
2013 15
2013 10
2013 0
2013 17
2013 22
2013 26
2013 23
2013 20
2013 1
2013 12
2013 11
2013 10
2013 10
2013 11
2013 11
2013 11
2013 11
2013 11
2013 12
2013 11
2013 11
2013 12
2013 10
2013 9
2013 2
2013 2
2013 0
2013 28
2013 33
2013 31
2013 33
2013 48
2013 65
2013 71
2013 80
2013 75
2013 75
2013 79
2013 103
2013 111
2013 109
2013 89
2013 61
2013 54
2013 54
2013 60
2013 76
2013 82
2013 81
2013 74
2013 81
2013 75
2013 70
2013 68
2013 74
2013 78
2013 89
2013 NA
2013 83
2013 74
2013 73
2013 75
2013 74
2013 77
2013 77
2013 79
2013 78
2013 78
2013 77
2013 77
2013 101
2013 105
2013 98
2013 96
2013 88
2013 107
2013 112
2013 109
2013 83
2013 77
2013 73
2013 78
2013 75
2013 75
2013 74
2013 75
2013 76
2013 82
2013 85
2013 84
2013 85
2013 91
2013 124
2013 136
2013 149
2013 142
2013 143
2013 164
2013 180
2013 177
2013 160
2013 139
2013 149
2013 148
2013 144
2013 146
2013 146
2013 145
2013 144
2013 141
2013 144
2013 144
2013 137
2013 143
2013 143
2013 143
2013 142
2013 140
2013 137
2013 137
2013 136
2013 135
2013 132
2013 125
2013 121
2013 124
2013 123
2013 124
2013 124
2013 120
2013 121
2013 126
2013 137
2013 139
2013 129
2013 131
2013 135
2013 140
2013 141
2013 143
2013 141
2013 139
2013 138
2013 134
2013 148
2013 148
2013 145
2013 148
2013 147
2013 160
2013 155
2013 148
2013 147
2013 146
2013 134
2013 144
2013 145
2013 143
2013 150
2013 148
2013 143
2013 140
2013 148
2013 144
2013 140
2013 136
2013 131
2013 124
2013 126
2013 145
2013 132
2013 133
2013 124
2013 124
2013 119
2013 110
2013 105
2013 103
2013 94
2013 85
2013 73
2013 70
2013 66
2013 65
2013 61
2013 57
2013 53
2013 47
2013 40
2013 37
2013 39
2013 32
2013 41
2013 34
2013 27
2013 22
2013 17
2013 12
2013 8
2013 4
2013 0
2013 5
2013 8
2013 15
2013 21
2013 32
2013 24
2013 14
2013 22
2013 35
2013 51
2013 41
2013 40
2013 37
2013 31
2013 26
2013 19
2013 13
2013 7
2013 0
2013 0
2013 0
2013 0
2013 0
2013 0
2013 0
2013 0
2013 NA
2013 0
2013 NA
2013 0
2013 0
2013 NA
2013 0
2013 0
2013 0
2013 0
2013 1
2013 0
2013 0
2013 NA
2013 0
2013 NA
2013 0
2013 1
2013 0
2013 0
2013 0
2013 NA
2013 0
2013 0
2013 NA
2013 0
2013 0
2013 NA
2013 NA
2013 NA
2013 NA
2013 4
2013 0
2013 0
2013 NA
2013 0
2013 NA
2013 0
2013 NA
2013 0
2013 0
2013 0
2013 0
2013 0
2013 0
2013 0
2013 3
2013 0
2013 NA
2013 NA
2013 0
2013 3
2013 2
2013 4
2013 4
2013 1
2013 1
2013 5
2013 3
2013 0
2013 0
2013 0
2013 NA
2013 3
2013 0
2013 2
2013 2
2013 0
2013 1
2013 17
2013 0
2013 0
2013 3
2013 0
2013 0
2013 0
2014 1
2014 24
2014 0
2014 0
2014 NA
2014 0
2014 NA
2014 0
2014 0
2014 0
2014 0
2014 2
2014 0
2014 NA
2014 0
2014 0
2014 1
2014 0
2014 0
2014 0
2014 0
2014 0
2014 0
2014 0
2014 0
2014 0
2014 0
2014 0
2014 NA
2014 0
2014 NA
2014 0
2014 0
2014 0
2014 0
2014 NA
2014 NA
2014 NA
2014 2
2014 37
2014 45
2014 24
2014 25
2014 17
2014 14
2014 17
2014 14
2014 12
2014 6
2014 0
2014 0
2014 0
2014 0
2014 0
2014 0
2014 0
2014 NA
2014 0
2014 0
2014 0
2014 0
2014 0
2014 0
2014 1
2014 2
2014 6
2014 8
2014 8
2014 6
2014 21
2014 27
2014 52
2014 43
2014 40
2014 37
2014 37
2014 34
2014 30
2014 30
2014 26
2014 28
2014 24
2014 32
2014 36
2014 35
2014 38
2014 40
2014 45
2014 41
2014 39
2014 42
2014 42
2014 40
2014 37
2014 37
2014 37
2014 42
2014 40
2014 39
2014 38
2014 38
2014 37
2014 37
2014 37
2014 35
2014 37
2014 36
2014 35
2014 34
2014 32
2014 28
2014 28
2014 27
2014 27
2014 26
2014 10
2014 28
2014 35
2014 16
2014 34
2014 31
2014 30
2014 29
2014 30
2014 28
2014 22
2014 38
2014 37
2014 35
2014 35
2014 33
2014 39
2014 33
2014 37
2014 35
2014 61
2014 65
2014 54
2014 49
2014 43
2014 41
2014 42
2014 54
2014 52
2014 51
2014 56
2014 57
2014 67
2014 76
2014 77
2014 67
2014 63
2014 62
2014 39
2014 40
2014 50
2014 48
2014 37
2014 36
2014 38
2014 36
2014 38
2014 35
2014 35
2014 34
2014 35
2014 42
2014 34
2014 51
2014 62
2014 50
2014 53
2014 51
2014 64
2014 64
2014 66
2014 59
2014 59
2014 63
2014 64
2014 61
2014 60
2014 64
2014 57
2014 62
2014 62
2014 67
2014 68
2014 67
2014 66
2014 66
2014 65
2014 63
2014 62
2014 62
2014 62
2014 62
2014 61
2014 60
2014 59
2014 58
2014 54
2014 56
2014 100
2014 117
2014 108
2014 103
2014 98
2014 94
2014 88
2014 NA
2014 81
2014 77
2014 71
2014 69
2014 68
2014 66
2014 64
2014 60
2014 60
2014 60
2014 58
2014 57
2014 54
2014 53
2014 52
2014 49
2014 54
2014 54
2014 52
2014 59
2014 56
2014 52
2014 50
2014 47
2014 45
2014 40
2014 35
2014 35
2014 44
2014 41
2014 42
2014 43
2014 44
2014 49
2014 47
2014 45
2014 43
2014 40
2014 38
2014 29
2014 25
2014 22
2014 24
2014 33
2014 45
2014 55
2014 53
2014 48
2014 40
2014 29
2014 19
2014 3
2014 0
2014 0
2014 NA
2014 0
2014 NA
2014 0
2014 0
2014 0
2014 0
2014 0
2014 0
2014 0
2014 0
2014 1
2014 0
2014 NA
2014 0
2014 0
2014 0
2014 0
2014 NA
2014 0
2014 0
2014 0
2014 0
2014 0
2014 0
2014 0
2014 0
2014 1
2014 0
2014 0
2014 0
2014 0
2014 0
2014 0
2014 NA
2014 1
2014 3
2014 1
2014 0
2014 2
2014 0
2014 0
2014 3
2014 0
2014 0
2014 1
2014 2
2014 2
2014 0
2014 2
2014 1
2014 0
2014 0
2014 3
2014 0
2014 0
2014 3
2014 0
2014 3
2014 4
2014 0
2014 2
2014 2
2014 0
2014 6
2014 0
2014 0
2014 0
2014 0
2014 0
2014 0
2014 0
2014 5
2014 3
2014 0
2014 4
2014 0
2014 2
2014 0
2014 5
2014 0
2014 1
2014 5
2014 6
2014 0
2014 1
2014 0
2014 6
2014 5
2014 1
2014 0
2014 2
2014 4
2014 2
2014 0
2014 0
2014 0
2014 0
2014 0
2014 2
