 1990  1  -90.0  -90.0  -90.0  -90.0  -90.0  -90.0  -90.0  -90.0  -90.0  -90.0  -90.0  -90.0  -90.0  -90.0  -90.0  -90.0  -90.0  -90.0  -90.0  -90.0  -90.0  -90.0  -90.0  -90.0  -90.0  -90.0  -90.0  -90.0   11.0    5.0    3.0
 1990  2    2.0    0.0  -90.0  -90.0    0.0  -90.0  -90.0  -90.0  -90.0  -90.0    0.0   10.0    5.0  -90.0    0.0  -90.0  -90.0  -90.0  -90.0  -90.0  -90.0  -90.0  -90.0  -90.0  -90.0  -90.0  -90.0  -90.0
 1990  3  -90.0  -90.0  -90.0  -90.0  -90.0  -90.0  -90.0  -90.0  -90.0  -90.0  -90.0  -90.0  -90.0  -90.0  -90.0  -90.0  -90.0    0.0    0.0  -90.0  -90.0  -90.0  -90.0  -90.0  -90.0    0.0  -90.0    5.0    0.0  -90.0  -90.0
 1990  4  -90.0  -90.0  -90.0  -90.0  -90.0  -90.0  -90.0  -90.0  -90.0  -90.0  -90.0  -90.0  -90.0  -90.0  -90.0  -90.0  -90.0  -90.0    0.0  -90.0   47.0   24.0   20.0    8.0  -90.0  -90.0  -90.0  -90.0  -90.0  -90.0
 1990  5  -90.0  -90.0  -90.0  -90.0  -90.0  -90.0  -90.0  -90.0  -90.0  -90.0  -90.0  -90.0  -90.0  -90.0  -90.0  -90.0  -90.0  -90.0  -90.0  -90.0  -90.0  -90.0  -90.0  -90.0  -90.0  -90.0  -90.0  -90.0  -90.0  -90.0  -90.0
 1990  6  -90.0  -90.0  -90.0  -90.0  -90.0  -90.0  -90.0  -90.0  -90.0  -90.0  -90.0  -90.0  -90.0  -90.0  -90.0  -90.0  -90.0  -90.0  -90.0  -90.0  -90.0  -90.0  -90.0  -90.0  -90.0  -90.0  -90.0  -90.0  -90.0  -90.0
 1990  7  -90.0  -90.0  -90.0  -90.0  -90.0  -90.0  -90.0  -90.0  -90.0  -90.0  -90.0  -90.0  -90.0  -90.0  -90.0  -90.0  -90.0  -90.0  -90.0  -90.0  -90.0  -90.0  -90.0  -90.0  -90.0  -90.0  -90.0  -90.0  -90.0  -90.0  -90.0
 1990  8  -90.0  -90.0  -90.0  -90.0  -90.0  -90.0  -90.0  -90.0  -90.0  -90.0  -90.0  -90.0  -90.0  -90.0  -90.0  -90.0  -90.0  -90.0  -90.0  -90.0  -90.0  -90.0  -90.0  -90.0  -90.0  -90.0  -90.0  -90.0  -90.0  -90.0  -90.0
 1990  9  -90.0  -90.0  -90.0  -90.0  -90.0  -90.0  -90.0  -90.0  -90.0  -90.0  -90.0  -90.0  -90.0  -90.0  -90.0  -90.0  -90.0  -90.0  -90.0  -90.0  -90.0  -90.0  -90.0  -90.0  -90.0  -90.0  -90.0  -90.0  -90.0  -90.0
 1990 10  -90.0  -90.0  -90.0  -90.0  -90.0  -90.0  -90.0  -90.0  -90.0  -90.0  -90.0  -90.0  -90.0  -90.0  -90.0  -90.0  -90.0  -90.0  -90.0  -90.0  -90.0  -90.0  -90.0  -90.0  -90.0  -90.0  -90.0  -90.0  -90.0  -90.0  -90.0
 1990 11  -90.0  -90.0  -90.0  -90.0  -90.0  -90.0  -90.0  -90.0  -90.0  -90.0  -90.0  -90.0  -90.0  -90.0  -90.0  -90.0  -90.0  -90.0  -90.0  -90.0  -90.0  -90.0  -90.0  -90.0  -90.0  -90.0  -90.0  -90.0  -90.0  -90.0
 1990 12   29.0   29.0   28.0   28.0   27.0   25.0   25.0  -90.0  -90.0  -90.0  103.0   94.0   89.0   81.0   72.0   68.0   65.0   65.0   63.0   61.0   60.0   60.0   58.0   58.0   55.0   48.0   48.0   48.0   45.0   45.0   44.0
 1991  1   36.0   36.0   34.0   34.0   31.0   31.0   28.0   27.0   27.0   26.0   25.0   25.0   28.0   46.0   55.0   75.0   73.0   70.0   63.0   60.0   57.0   55.0   54.0   52.0   50.0  -90.0  -90.0  -90.0   45.0   44.0   42.0
 1991  2   40.0   40.0   39.0   39.0   38.0   40.0   40.0   75.0   65.0   60.0   58.0   53.0   51.0   46.0   44.0   40.0   38.0   36.0   35.0   32.0   32.0   30.0   29.0   27.0   26.0   25.0   24.0   22.0
 1991  3   20.0   19.0   18.0   16.0   14.0   13.0   30.0   32.0  -90.0  -90.0  -90.0   28.0   21.0   15.0   11.0    7.0    5.0    3.0    0.0  -90.0  -90.0    0.0  -90.0  -90.0  -90.0   10.0    0.0    0.0  -90.0  -90.0  -90.0
 1991  4  -90.0  -90.0    0.0  -90.0  -90.0  -90.0  -90.0  -90.0  -90.0    0.0    0.0  -90.0  -90.0  -90.0  -90.0  -90.0    0.0   26.0   12.0    3.0  -90.0  -90.0  -90.0  -90.0  -90.0   31.0   38.0   20.0   12.0    0.0
 1991  5  -90.0  -90.0  -90.0  -90.0  -90.0  -90.0  -90.0  -90.0  -90.0  -90.0  -90.0  -90.0  -90.0  -90.0  -90.0  -90.0  -90.0  -90.0  -90.0  -90.0  -90.0  -90.0  -90.0  -90.0  -90.0  -90.0  -90.0  -90.0  -90.0  -90.0  -90.0
 1991  6  -90.0  -90.0  -90.0  -90.0  -90.0  -90.0  -90.0  -90.0  -90.0  -90.0  -90.0  -90.0  -90.0  -90.0  -90.0  -90.0  -90.0  -90.0  -90.0  -90.0  -90.0  -90.0  -90.0  -90.0  -90.0  -90.0  -90.0  -90.0  -90.0  -90.0
 1991  7  -90.0  -90.0  -90.0  -90.0  -90.0  -90.0  -90.0  -90.0  -90.0  -90.0  -90.0  -90.0  -90.0  -90.0  -90.0  -90.0  -90.0  -90.0  -90.0  -90.0  -90.0  -90.0  -90.0  -90.0  -90.0  -90.0  -90.0  -90.0  -90.0  -90.0  -90.0
 1991  8  -90.0  -90.0  -90.0  -90.0  -90.0  -90.0  -90.0  -90.0  -90.0  -90.0  -90.0  -90.0  -90.0  -90.0  -90.0  -90.0  -90.0  -90.0  -90.0  -90.0  -90.0  -90.0  -90.0  -90.0  -90.0  -90.0  -90.0  -90.0  -90.0  -90.0  -90.0
 1991  9  -90.0  -90.0  -90.0  -90.0  -90.0  -90.0  -90.0  -90.0  -90.0  -90.0  -90.0  -90.0  -90.0  -90.0  -90.0  -90.0  -90.0  -90.0  -90.0  -90.0  -90.0  -90.0  -90.0  -90.0  -90.0  -90.0  -90.0  -90.0  -90.0  -90.0
 1991 10  -90.0  -90.0  -90.0  -90.0  -90.0  -90.0  -90.0  -90.0  -90.0  -90.0  -90.0  -90.0  -90.0  -90.0  -90.0  -90.0  -90.0  -90.0  -90.0  -90.0  -90.0  -90.0  -90.0  -90.0  -90.0  -90.0  -90.0  -90.0  -90.0  -90.0  -90.0
 1991 11  -90.0  -90.0  -90.0  -90.0  -90.0  -90.0  -90.0  -90.0  -90.0  -90.0  -90.0  -90.0  -90.0  -90.0  -90.0  -90.0  -90.0  -90.0  -90.0  -90.0  -90.0  -90.0  -90.0  -90.0  -90.0  -90.0  -90.0  -90.0  -90.0  -90.0
 1991 12    9.0    9.0    8.0    8.0    8.0    7.0    7.0    7.0    7.0    7.0    7.0    6.0    6.0    6.0    6.0    5.0    5.0    5.0    3.0    2.0    2.0  -90.0  -90.0  -90.0  -90.0  -90.0  -90.0  -90.0  -90.0  -90.0  -90.0
 1992  1  -90.0  -90.0  -90.0  -90.0  -90.0  -90.0  -90.0  -90.0    0.0   25.0   27.0   24.0   21.0   19.0   18.0   15.0   13.0   12.0   11.0   10.0   32.0   42.0   47.0   56.0   69.0   61.0   58.0   55.0   53.0   48.0   45.0
 1992  2   40.0   36.0   31.0   26.0   21.0   19.0   18.0   18.0   17.0   17.0   15.0   14.0   12.0   30.0   26.0   23.0   19.0   15.0   13.0   13.0   13.0   12.0    9.0    6.0    4.0    3.0    3.0    3.0    2.0
 1992  3    2.0    1.0  -90.0  -90.0  -90.0  -90.0  -90.0  -90.0  -90.0  -90.0  -90.0  -90.0  -90.0  -90.0  -90.0  -90.0  -90.0  -90.0  -90.0  -90.0  -90.0  -90.0  -90.0  -90.0    0.0    0.0  -90.0  -90.0  -90.0  -90.0   12.0
 1992  4   51.0   25.0    9.0  -90.0  -90.0  -90.0  -90.0  -90.0  -90.0  -90.0  -90.0  -90.0  -90.0  -90.0  -90.0  -90.0   14.0  -90.0  -90.0  -90.0  -90.0  -90.0  -90.0  -90.0  -90.0  -90.0  -90.0  -90.0  -90.0  -90.0
 1992  5  -90.0  -90.0  -90.0  -90.0  -90.0  -90.0  -90.0  -90.0  -90.0  -90.0  -90.0  -90.0  -90.0  -90.0  -90.0  -90.0  -90.0  -90.0  -90.0  -90.0  -90.0  -90.0  -90.0  -90.0  -90.0  -90.0  -90.0  -90.0  -90.0  -90.0  -90.0
 1992  6  -90.0  -90.0  -90.0  -90.0  -90.0  -90.0  -90.0  -90.0  -90.0  -90.0  -90.0  -90.0  -90.0  -90.0  -90.0  -90.0  -90.0  -90.0  -90.0  -90.0  -90.0  -90.0  -90.0  -90.0  -90.0  -90.0  -90.0  -90.0  -90.0  -90.0
 1992  7  -90.0  -90.0  -90.0  -90.0  -90.0  -90.0  -90.0  -90.0  -90.0  -90.0  -90.0  -90.0  -90.0  -90.0  -90.0  -90.0  -90.0  -90.0  -90.0  -90.0  -90.0  -90.0  -90.0  -90.0  -90.0  -90.0  -90.0  -90.0  -90.0  -90.0  -90.0
 1992  8  -90.0  -90.0  -90.0  -90.0  -90.0  -90.0  -90.0  -90.0  -90.0  -90.0  -90.0  -90.0  -90.0  -90.0  -90.0  -90.0  -90.0  -90.0  -90.0  -90.0  -90.0  -90.0  -90.0  -90.0  -90.0  -90.0  -90.0  -90.0  -90.0  -90.0  -90.0
 1992  9  -90.0  -90.0  -90.0  -90.0  -90.0  -90.0  -90.0  -90.0  -90.0  -90.0  -90.0  -90.0  -90.0  -90.0  -90.0  -90.0  -90.0  -90.0  -90.0  -90.0  -90.0  -90.0  -90.0  -90.0  -90.0  -90.0  -90.0  -90.0  -90.0  -90.0
 1992 10  -90.0  -90.0  -90.0  -90.0  -90.0  -90.0  -90.0  -90.0  -90.0  -90.0  -90.0  -90.0  -90.0  -90.0  -90.0  -90.0  -90.0  -90.0  -90.0  -90.0  -90.0  -90.0  -90.0  -90.0  -90.0  -90.0  -90.0  -90.0  -90.0  -90.0  -90.0
 1992 11  -90.0  -90.0  -90.0  -90.0  -90.0  -90.0  -90.0  -90.0  -90.0  -90.0  -90.0  -90.0  -90.0  -90.0  -90.0  -90.0  -90.0  -90.0  -90.0  -90.0  -90.0  -90.0  -90.0  -90.0  -90.0  -90.0  -90.0  -90.0  -90.0  -90.0
 1992 12  -90.0  -90.0  -90.0  -90.0  -90.0  -90.0  -90.0   16.0   20.0   15.0    8.0    8.0    8.0    8.0    6.0  -90.0    5.0    5.0    5.0    5.0    5.0    5.0    5.0    6.0    6.0    6.0    5.0    5.0    5.0    5.0    5.0
 1993  1    5.0    5.0    6.0    6.0    6.0    6.0    5.0    5.0    5.0    5.0    5.0    5.0    4.0    4.0    4.0    4.0    4.0    4.0    4.0    4.0    4.0    4.0    3.0    3.0    3.0    3.0    3.0    3.0    3.0    2.0    2.0
 1993  2    2.0    2.0    2.0    2.0  -90.0  -90.0  -90.0  -90.0  -90.0  -90.0  -90.0  -90.0  -90.0  -90.0  -90.0  -90.0  -90.0  -90.0  -90.0  -90.0  -90.0  -90.0  -90.0  -90.0  -90.0  -90.0  -90.0   10.0
 1993  3   25.0   75.0   68.0   50.0   42.0   38.0   25.0   15.0   15.0   12.0   10.0    8.0  -90.0  -90.0    5.0    2.0  -90.0  -90.0  -90.0  -90.0  -90.0  -90.0  -90.0  -90.0  -90.0    9.0  -90.0  -90.0  -90.0  -90.0  -90.0
 1993  4  -90.0    3.0   30.0   18.0   13.0    9.0  -90.0  -90.0  -90.0  -90.0  -90.0  -90.0  -90.0  -90.0  -90.0  -90.0  -90.0  -90.0  -90.0  -90.0  -90.0  -90.0  -90.0    2.0    7.0   18.0   10.0    4.0    3.0    3.0
 1993  5    2.0  -90.0  -90.0  -90.0  -90.0  -90.0  -90.0  -90.0  -90.0  -90.0  -90.0  -90.0  -90.0  -90.0  -90.0  -90.0  -90.0  -90.0  -90.0  -90.0  -90.0  -90.0  -90.0  -90.0  -90.0  -90.0  -90.0  -90.0  -90.0  -90.0  -90.0
 1993  6  -90.0  -90.0  -90.0  -90.0  -90.0  -90.0  -90.0  -90.0  -90.0  -90.0  -90.0  -90.0  -90.0  -90.0  -90.0  -90.0  -90.0  -90.0  -90.0  -90.0  -90.0  -90.0  -90.0  -90.0  -90.0  -90.0  -90.0  -90.0  -90.0  -90.0
 1993  7  -90.0  -90.0  -90.0  -90.0  -90.0  -90.0  -90.0  -90.0  -90.0  -90.0  -90.0  -90.0  -90.0  -90.0  -90.0  -90.0  -90.0  -90.0  -90.0  -90.0  -90.0  -90.0  -90.0  -90.0  -90.0  -90.0  -90.0  -90.0  -90.0  -90.0  -90.0
 1993  8  -90.0  -90.0  -90.0  -90.0  -90.0  -90.0  -90.0  -90.0  -90.0  -90.0  -90.0  -90.0  -90.0  -90.0  -90.0  -90.0  -90.0  -90.0  -90.0  -90.0  -90.0  -90.0  -90.0  -90.0  -90.0  -90.0  -90.0  -90.0  -90.0  -90.0  -90.0
 1993  9  -90.0  -90.0  -90.0  -90.0  -90.0  -90.0  -90.0  -90.0  -90.0  -90.0  -90.0  -90.0  -90.0  -90.0  -90.0  -90.0  -90.0  -90.0  -90.0  -90.0  -90.0  -90.0  -90.0  -90.0  -90.0  -90.0  -90.0  -90.0  -90.0  -90.0
 1993 10  -90.0  -90.0  -90.0  -90.0  -90.0  -90.0  -90.0  -90.0  -90.0  -90.0  -90.0  -90.0  -90.0  -90.0  -90.0  -90.0  -90.0  -90.0  -90.0  -90.0  -90.0  -90.0  -90.0  -90.0  -90.0  -90.0  -90.0  -90.0  -90.0  -90.0  -90.0
 1993 11  -90.0  -90.0  -90.0  -90.0  -90.0  -90.0  -90.0  -90.0  -90.0  -90.0  -90.0  -90.0  -90.0  -90.0  -90.0  -90.0  -90.0  -90.0  -90.0  -90.0  -90.0  -90.0  -90.0  -90.0  -90.0  -90.0  -90.0  -90.0  -90.0  -90.0
 1993 12   10.0   10.0   10.0    6.0    5.0    5.0    5.0    5.0  -90.0  -90.0  -90.0  -90.0  -90.0  -90.0  -90.0  -90.0  -90.0  -90.0  -90.0  -90.0  -90.0  -90.0  -90.0   18.0  -90.0  -90.0  -90.0   13.0   10.0   10.0   10.0
 1994  1    8.0    8.0    8.0    8.0    8.0   19.0   77.0   92.0   85.0   80.0   90.0   90.0   88.0   82.0   80.0   80.0   76.0   78.0   78.0   75.0   75.0   70.0   68.0   65.0   60.0   55.0   55.0   53.0   53.0   52.0   50.0
 1994  2   50.0   45.0   48.0   60.0   90.0  120.0  100.0   95.0  105.0   93.0   90.0   90.0   88.0   90.0  100.0   98.0   98.0   93.0   85.0   83.0   80.0   80.0   77.0   80.0   76.0  -90.0  -90.0   90.0
 1994  3   86.0   75.0   68.0   65.0   63.0   60.0   52.0   47.0   44.0   40.0   35.0   25.0   23.0   20.0   17.0   16.0   12.0    9.0    8.0    7.0    4.0  -90.0  -90.0  -90.0  -90.0  -90.0  -90.0  -90.0  -90.0  -90.0  -90.0
 1994  4  -90.0  -90.0  -90.0  -90.0  -90.0  -90.0  -90.0  -90.0  -90.0  -90.0  -90.0  -90.0  -90.0  -90.0  -90.0  -90.0  -90.0  -90.0  -90.0  -90.0  -90.0  -90.0  -90.0  -90.0  -90.0  -90.0  -90.0  -90.0  -90.0  -90.0
 1994  5  -90.0  -90.0  -90.0  -90.0  -90.0  -90.0  -90.0  -90.0  -90.0  -90.0  -90.0  -90.0  -90.0  -90.0  -90.0  -90.0  -90.0  -90.0  -90.0  -90.0  -90.0  -90.0  -90.0  -90.0  -90.0  -90.0  -90.0  -90.0  -90.0  -90.0  -90.0
 1994  6  -90.0  -90.0  -90.0  -90.0  -90.0  -90.0  -90.0  -90.0  -90.0  -90.0  -90.0  -90.0  -90.0  -90.0  -90.0  -90.0  -90.0  -90.0  -90.0  -90.0  -90.0  -90.0  -90.0  -90.0  -90.0  -90.0  -90.0  -90.0  -90.0  -90.0
 1994  7  -90.0  -90.0  -90.0  -90.0  -90.0  -90.0  -90.0  -90.0  -90.0  -90.0  -90.0  -90.0  -90.0  -90.0  -90.0  -90.0  -90.0  -90.0  -90.0  -90.0  -90.0  -90.0  -90.0  -90.0  -90.0  -90.0  -90.0  -90.0  -90.0  -90.0  -90.0
 1994  8  -90.0  -90.0  -90.0  -90.0  -90.0  -90.0  -90.0  -90.0  -90.0  -90.0  -90.0  -90.0  -90.0  -90.0  -90.0  -90.0  -90.0  -90.0  -90.0  -90.0  -90.0  -90.0  -90.0  -90.0  -90.0  -90.0  -90.0  -90.0  -90.0  -90.0  -90.0
 1994  9  -90.0  -90.0  -90.0  -90.0  -90.0  -90.0  -90.0  -90.0  -90.0  -90.0  -90.0  -90.0  -90.0  -90.0  -90.0  -90.0  -90.0  -90.0  -90.0  -90.0  -90.0  -90.0  -90.0  -90.0  -90.0  -90.0  -90.0  -90.0  -90.0  -90.0
 1994 10  -90.0  -90.0  -90.0  -90.0  -90.0  -90.0  -90.0  -90.0  -90.0  -90.0  -90.0  -90.0  -90.0  -90.0  -90.0  -90.0  -90.0  -90.0  -90.0  -90.0  -90.0  -90.0  -90.0  -90.0  -90.0  -90.0  -90.0  -90.0  -90.0  -90.0  -90.0
 1994 11  -90.0  -90.0  -90.0  -90.0  -90.0  -90.0  -90.0  -90.0  -90.0  -90.0  -90.0  -90.0  -90.0  -90.0  -90.0  -90.0  -90.0  -90.0  -90.0  -90.0  -90.0  -90.0  -90.0  -90.0  -90.0  -90.0  -90.0  -90.0  -90.0  -90.0
 1994 12    0.0    0.0  -90.0  -90.0  -90.0    0.0    0.0    0.0    0.0    0.0    0.0    0.0    0.0    0.0  -90.0    0.0    0.0    0.0    0.0    4.0    2.0    2.0    2.0    2.0    0.0    0.0    0.0    0.0    0.0    0.0    0.0
 1995  1    0.0    0.0    0.0    0.0    0.0    0.0    0.0    0.0    0.0    0.0    0.0    0.0    0.0    0.0    0.0    0.0    0.0    0.0   26.0   22.0   22.0   18.0   16.0    9.0    5.0    3.0    0.0    0.0    0.0    0.0  -90.0
 1995  2    0.0    0.0    0.0    0.0    0.0    0.0    0.0    0.0    0.0    0.0    2.0    0.0    0.0   14.0    5.0    2.0    0.0    0.0    0.0    0.0    0.0    0.0    4.0    0.0    0.0    0.0    0.0    0.0
 1995  3    0.0    0.0    0.0    0.0    0.0    0.0    0.0    0.0    5.0    0.0    0.0    0.0    0.0    3.0    0.0    0.0    0.0    0.0    0.0    0.0    0.0    0.0    0.0    0.0    0.0    0.0    0.0    0.0    0.0    0.0    0.0
 1995  4    0.0    0.0    0.0    0.0    0.0    0.0    0.0    0.0    0.0    0.0  -90.0    0.0    0.0    0.0    0.0    0.0    0.0    0.0    0.0    0.0    0.0    0.0    0.0    0.0    0.0    0.0    0.0    0.0    0.0    0.0
 1995  5    0.0    0.0    0.0    0.0    0.0  -90.0  -90.0  -90.0  -90.0  -90.0  -90.0  -90.0  -90.0  -90.0  -90.0  -90.0  -90.0  -90.0  -90.0  -90.0  -90.0  -90.0  -90.0  -90.0  -90.0  -90.0  -90.0  -90.0  -90.0  -90.0  -90.0
 1995  6  -90.0  -90.0  -90.0  -90.0  -90.0  -90.0  -90.0  -90.0  -90.0  -90.0  -90.0  -90.0  -90.0  -90.0  -90.0  -90.0  -90.0  -90.0  -90.0  -90.0  -90.0  -90.0  -90.0  -90.0  -90.0  -90.0  -90.0  -90.0  -90.0  -90.0
 1995  7  -90.0  -90.0  -90.0  -90.0  -90.0  -90.0  -90.0  -90.0  -90.0  -90.0  -90.0  -90.0  -90.0  -90.0  -90.0  -90.0  -90.0  -90.0  -90.0  -90.0  -90.0  -90.0  -90.0  -90.0  -90.0  -90.0  -90.0  -90.0  -90.0  -90.0  -90.0
 1995  8  -90.0  -90.0  -90.0  -90.0  -90.0  -90.0  -90.0  -90.0  -90.0  -90.0  -90.0  -90.0  -90.0  -90.0  -90.0  -90.0  -90.0  -90.0  -90.0  -90.0  -90.0  -90.0  -90.0  -90.0  -90.0  -90.0  -90.0  -90.0  -90.0  -90.0  -90.0
 1995  9  -90.0  -90.0  -90.0  -90.0  -90.0  -90.0  -90.0  -90.0  -90.0  -90.0  -90.0  -90.0  -90.0  -90.0  -90.0  -90.0  -90.0  -90.0  -90.0  -90.0  -90.0  -90.0  -90.0  -90.0  -90.0  -90.0  -90.0  -90.0  -90.0  -90.0
 1995 10  -90.0  -90.0  -90.0  -90.0  -90.0  -90.0  -90.0  -90.0  -90.0  -90.0  -90.0  -90.0  -90.0  -90.0  -90.0  -90.0  -90.0  -90.0  -90.0  -90.0  -90.0  -90.0  -90.0  -90.0  -90.0  -90.0  -90.0  -90.0  -90.0  -90.0  -90.0
 1995 11  -90.0  -90.0  -90.0  -90.0  -90.0  -90.0  -90.0  -90.0  -90.0  -90.0  -90.0  -90.0  -90.0  -90.0  -90.0  -90.0  -90.0  -90.0  -90.0  -90.0  -90.0  -90.0  -90.0  -90.0  -90.0  -90.0  -90.0  -90.0  -90.0  -90.0
 1995 12    0.0    0.0    0.0    0.0    0.0    4.0    5.0   25.0   22.0   21.0   20.0   18.0   26.0   28.0   38.0   42.0   40.0   30.0   30.0   30.0   29.0   28.0   25.0   20.0   15.0    9.0    9.0    9.0   10.0   10.0   20.0
 1996  1   20.0   18.0   17.0  -90.0   16.0   25.0   34.0   35.0   33.0   36.0   66.0   80.0   72.0   60.0   58.0   58.0   58.0   58.0   57.0   57.0   57.0   56.0   65.0   85.0   82.0   95.0   90.0   87.0   90.0   88.0   85.0
 1996  2   85.0   95.0   98.0   90.0   90.0   90.0   90.0   90.0   88.0   87.0   85.0   85.0   90.0   85.0   84.0   83.0   80.0   75.0   73.0   70.0   85.0   95.0   85.0   80.0   77.0   75.0   80.0   80.0   76.0
 1996  3   74.0   70.0   70.0   70.0   68.0   65.0   60.0   70.0   64.0   62.0   60.0   60.0   58.0   60.0   68.0  -90.0  -90.0   62.0   60.0   55.0   51.0   50.0   42.0   33.0   28.0   24.0   19.0   17.0   14.0    0.0    0.0
 1996  4    0.0   10.0    5.0    9.0    0.0    0.0    0.0    0.0    0.0  -90.0    0.0    0.0    0.0    0.0    0.0    0.0    0.0    0.0    0.0    0.0    0.0    0.0    0.0    0.0    0.0    0.0    0.0    0.0    0.0    0.0
 1996  5    0.0    0.0    0.0  -90.0  -90.0  -90.0  -90.0  -90.0  -90.0  -90.0  -90.0  -90.0  -90.0  -90.0  -90.0  -90.0  -90.0  -90.0  -90.0  -90.0  -90.0  -90.0  -90.0  -90.0  -90.0  -90.0  -90.0  -90.0  -90.0  -90.0  -90.0
 1996  6  -90.0  -90.0  -90.0  -90.0  -90.0  -90.0  -90.0  -90.0  -90.0  -90.0  -90.0  -90.0  -90.0  -90.0  -90.0  -90.0  -90.0  -90.0  -90.0  -90.0  -90.0  -90.0  -90.0  -90.0  -90.0  -90.0  -90.0  -90.0  -90.0  -90.0
 1996  7  -90.0  -90.0  -90.0  -90.0  -90.0  -90.0  -90.0  -90.0  -90.0  -90.0  -90.0  -90.0  -90.0  -90.0  -90.0  -90.0  -90.0  -90.0  -90.0  -90.0  -90.0  -90.0  -90.0  -90.0  -90.0  -90.0  -90.0  -90.0  -90.0  -90.0  -90.0
 1996  8  -90.0  -90.0  -90.0  -90.0  -90.0  -90.0  -90.0  -90.0  -90.0  -90.0  -90.0  -90.0  -90.0  -90.0  -90.0  -90.0  -90.0  -90.0  -90.0  -90.0  -90.0  -90.0  -90.0  -90.0  -90.0  -90.0  -90.0  -90.0  -90.0  -90.0  -90.0
 1996  9  -90.0  -90.0  -90.0  -90.0  -90.0  -90.0  -90.0  -90.0  -90.0  -90.0  -90.0  -90.0  -90.0  -90.0  -90.0  -90.0  -90.0  -90.0  -90.0  -90.0  -90.0  -90.0  -90.0  -90.0  -90.0  -90.0  -90.0  -90.0  -90.0  -90.0
 1996 10  -90.0  -90.0  -90.0  -90.0  -90.0  -90.0  -90.0  -90.0  -90.0  -90.0  -90.0  -90.0  -90.0  -90.0  -90.0  -90.0  -90.0  -90.0  -90.0  -90.0  -90.0  -90.0  -90.0  -90.0  -90.0  -90.0  -90.0  -90.0  -90.0  -90.0  -90.0
 1996 11  -90.0  -90.0  -90.0  -90.0  -90.0  -90.0  -90.0  -90.0  -90.0  -90.0  -90.0  -90.0  -90.0  -90.0  -90.0  -90.0  -90.0  -90.0  -90.0  -90.0  -90.0  -90.0  -90.0  -90.0  -90.0  -90.0  -90.0  -90.0  -90.0  -90.0
 1996 12    5.0    5.0    5.0    5.0    5.0    5.0    6.0    7.0   32.0   54.0   50.0   40.0   40.0   51.0   48.0   46.0   46.0   46.0   46.0   62.0   60.0   57.0   54.0   50.0   50.0   51.0   50.0   50.0   51.0   50.0   51.0
 1997  1   90.0   86.0  115.0  122.0  120.0  112.0  117.0  113.0  118.0  112.0  110.0  105.0  105.0  105.0  103.0  100.0  100.0   98.0  101.0  112.0  100.0   95.0   90.0   86.0   84.0   81.0   81.0   80.0   80.0   80.0   79.0
 1997  2   79.0   79.0   79.0   78.0   78.0   78.0   78.0   77.0   76.0   75.0   69.0   65.0   63.0   60.0   55.0   53.0   52.0   48.0   45.0   44.0   43.0   40.0   36.0   32.0   28.0   26.0   23.0   20.0
 1997  3   18.0   16.0   10.0    4.0    0.0    0.0    0.0    0.0    0.0    0.0    0.0    0.0    0.0    0.0    0.0    0.0    0.0    0.0    0.0    0.0    0.0    0.0    0.0    0.0    0.0    0.0    0.0    0.0    0.0    0.0    0.0
 1997  4    0.0    0.0    0.0    0.0    0.0    0.0    0.0    0.0    0.0    0.0    0.0    0.0    0.0    0.0    0.0    0.0    1.0    0.0    0.0    0.0    0.0    0.0    0.0    0.0    0.0    0.0    0.0    0.0    0.0    0.0
 1997  5    0.0    0.0  -90.0  -90.0  -90.0  -90.0  -90.0  -90.0  -90.0  -90.0  -90.0  -90.0  -90.0  -90.0  -90.0  -90.0  -90.0  -90.0  -90.0  -90.0  -90.0  -90.0  -90.0  -90.0  -90.0  -90.0  -90.0  -90.0  -90.0  -90.0  -90.0
 1997  6  -90.0  -90.0  -90.0  -90.0  -90.0  -90.0  -90.0  -90.0  -90.0  -90.0  -90.0  -90.0  -90.0  -90.0  -90.0  -90.0  -90.0  -90.0  -90.0  -90.0  -90.0  -90.0  -90.0  -90.0  -90.0  -90.0  -90.0  -90.0  -90.0  -90.0
 1997  7  -90.0  -90.0  -90.0  -90.0  -90.0  -90.0  -90.0  -90.0  -90.0  -90.0  -90.0  -90.0  -90.0  -90.0  -90.0  -90.0  -90.0  -90.0  -90.0  -90.0  -90.0  -90.0  -90.0  -90.0  -90.0  -90.0  -90.0  -90.0  -90.0  -90.0  -90.0
 1997  8  -90.0  -90.0  -90.0  -90.0  -90.0  -90.0  -90.0  -90.0  -90.0  -90.0  -90.0  -90.0  -90.0  -90.0  -90.0  -90.0  -90.0  -90.0  -90.0  -90.0  -90.0  -90.0  -90.0  -90.0  -90.0  -90.0  -90.0  -90.0  -90.0  -90.0  -90.0
 1997  9  -90.0  -90.0  -90.0  -90.0  -90.0  -90.0  -90.0  -90.0  -90.0  -90.0  -90.0  -90.0  -90.0  -90.0  -90.0  -90.0  -90.0  -90.0  -90.0  -90.0  -90.0  -90.0  -90.0  -90.0  -90.0  -90.0  -90.0  -90.0  -90.0  -90.0
 1997 10  -90.0  -90.0  -90.0  -90.0  -90.0  -90.0  -90.0  -90.0  -90.0  -90.0  -90.0  -90.0  -90.0  -90.0  -90.0  -90.0  -90.0  -90.0  -90.0  -90.0  -90.0  -90.0  -90.0  -90.0  -90.0  -90.0  -90.0  -90.0  -90.0  -90.0  -90.0
 1997 11  -90.0  -90.0  -90.0  -90.0  -90.0  -90.0  -90.0  -90.0  -90.0  -90.0  -90.0  -90.0  -90.0  -90.0  -90.0  -90.0  -90.0  -90.0  -90.0  -90.0  -90.0  -90.0  -90.0  -90.0  -90.0  -90.0  -90.0  -90.0  -90.0  -90.0
 1997 12    0.0    0.0    5.0    5.0    4.0    4.0    4.0    4.0    4.0    4.0    4.0    0.0  -90.0  -90.0  -90.0   20.0   43.0   50.0   70.0   90.0   80.0   77.0   72.0   66.0  -90.0  -90.0  -90.0  -90.0  -90.0   55.0   54.0
 1998  1   52.0   50.0   53.0   45.0   40.0   39.0   39.0   39.0   39.0   39.0   38.0   38.0   38.0   42.0   47.0   45.0   44.0   44.0   47.0  -90.0   45.0  -90.0   44.0   44.0   47.0   47.0   46.0   46.0   45.0   45.0   45.0
 1998  2   45.0   45.0   45.0   44.0   44.0   44.0   40.0   40.0   40.0   40.0   36.0   35.0  -90.0   30.0   28.0   25.0   23.0   22.0   20.0   18.0   14.0   11.0   18.0   20.0   15.0   10.0    7.0  -90.0
 1998  3    0.0    0.0    0.0    0.0    0.0    0.0    0.0    0.0    0.0  -90.0  -90.0    0.0    0.0    0.0    0.0    0.0    0.0    0.0  -90.0    0.0    0.0    0.0    0.0  -90.0    0.0    0.0    0.0    0.0    0.0    0.0  -90.0
 1998  4    0.0    0.0    0.0    0.0    0.0    0.0    0.0    0.0    0.0    8.0    9.0    9.0    6.0    0.0    0.0   35.0   13.0    0.0    0.0    0.0    0.0    0.0    0.0    0.0  -90.0  -90.0  -90.0    0.0    0.0    0.0
 1998  5  -90.0  -90.0  -90.0  -90.0  -90.0  -90.0  -90.0  -90.0  -90.0  -90.0  -90.0  -90.0  -90.0  -90.0  -90.0  -90.0  -90.0  -90.0  -90.0  -90.0  -90.0  -90.0  -90.0  -90.0  -90.0  -90.0  -90.0  -90.0  -90.0  -90.0  -90.0
 1998  6  -90.0  -90.0  -90.0  -90.0  -90.0  -90.0  -90.0  -90.0  -90.0  -90.0  -90.0  -90.0  -90.0  -90.0  -90.0  -90.0  -90.0  -90.0  -90.0  -90.0  -90.0  -90.0  -90.0  -90.0  -90.0  -90.0  -90.0  -90.0  -90.0  -90.0
 1998  7  -90.0  -90.0  -90.0  -90.0  -90.0  -90.0  -90.0  -90.0  -90.0  -90.0  -90.0  -90.0  -90.0  -90.0  -90.0  -90.0  -90.0  -90.0  -90.0  -90.0  -90.0  -90.0  -90.0  -90.0  -90.0  -90.0  -90.0  -90.0  -90.0  -90.0  -90.0
 1998  8  -90.0  -90.0  -90.0  -90.0  -90.0  -90.0  -90.0  -90.0  -90.0  -90.0  -90.0  -90.0  -90.0  -90.0  -90.0  -90.0  -90.0  -90.0  -90.0  -90.0  -90.0  -90.0  -90.0  -90.0  -90.0  -90.0  -90.0  -90.0  -90.0  -90.0  -90.0
 1998  9  -90.0  -90.0  -90.0  -90.0  -90.0  -90.0  -90.0  -90.0  -90.0  -90.0  -90.0  -90.0  -90.0  -90.0  -90.0  -90.0  -90.0  -90.0  -90.0  -90.0  -90.0  -90.0  -90.0  -90.0  -90.0  -90.0  -90.0  -90.0  -90.0  -90.0
 1998 10  -90.0  -90.0  -90.0  -90.0  -90.0  -90.0  -90.0  -90.0  -90.0  -90.0  -90.0  -90.0  -90.0  -90.0  -90.0  -90.0  -90.0  -90.0  -90.0  -90.0  -90.0  -90.0  -90.0  -90.0  -90.0  -90.0  -90.0  -90.0  -90.0  -90.0  -90.0
 1998 11  -90.0  -90.0  -90.0  -90.0  -90.0  -90.0  -90.0  -90.0  -90.0  -90.0  -90.0  -90.0  -90.0  -90.0  -90.0  -90.0  -90.0  -90.0  -90.0  -90.0  -90.0  -90.0  -90.0  -90.0  -90.0  -90.0  -90.0  -90.0  -90.0  -90.0
 1998 12   31.0   29.0   27.0   26.0   26.0   23.0   22.0   20.0   20.0  -90.0   20.0   19.0   15.0   14.0   14.0   13.0   13.0   13.0   13.0   13.0   22.0   20.0   20.0   19.0  -90.0  -90.0  -90.0   17.0   17.0   17.0   21.0
 1999  1   40.0   41.0   38.0   34.0   33.0   32.0   30.0   30.0   30.0   35.0   60.0   56.0   52.0   51.0   49.0   48.0   46.0   60.0   56.0   56.0   51.0   50.0   50.0   48.0   47.0   46.0   45.0  -90.0   43.0   43.0   43.0
 1999  2   43.0   42.0   40.0   38.0   37.0   34.0   32.0   29.0   29.0   36.0   33.0   33.0   32.0   32.0   31.0   30.0   28.0   26.0   23.0  -90.0   20.0   18.0   16.0   13.0   11.0   10.0    6.0    0.0
 1999  3    0.0    0.0    0.0   11.0   12.0   10.0    5.0    0.0    0.0    0.0    0.0    0.0    0.0    0.0    0.0    0.0    0.0    0.0    0.0  -90.0  -90.0    0.0    0.0    0.0    0.0   20.0   46.0   25.0   10.0    5.0    0.0
 1999  4    0.0    0.0    0.0    0.0    0.0    0.0    0.0    0.0    0.0    0.0    0.0    0.0    0.0  -90.0    0.0    0.0    0.0    0.0    0.0    0.0    0.0    0.0    0.0    0.0    0.0    0.0    0.0    0.0    0.0    0.0
 1999  5  -90.0  -90.0  -90.0  -90.0  -90.0  -90.0  -90.0  -90.0  -90.0  -90.0  -90.0  -90.0  -90.0  -90.0  -90.0  -90.0  -90.0  -90.0  -90.0  -90.0  -90.0  -90.0  -90.0  -90.0  -90.0  -90.0  -90.0  -90.0  -90.0  -90.0  -90.0
 1999  6  -90.0  -90.0  -90.0  -90.0  -90.0  -90.0  -90.0  -90.0  -90.0  -90.0  -90.0  -90.0  -90.0  -90.0  -90.0  -90.0  -90.0  -90.0  -90.0  -90.0  -90.0  -90.0  -90.0  -90.0  -90.0  -90.0  -90.0  -90.0  -90.0  -90.0
 1999  7  -90.0  -90.0  -90.0  -90.0  -90.0  -90.0  -90.0  -90.0  -90.0  -90.0  -90.0  -90.0  -90.0  -90.0  -90.0  -90.0  -90.0  -90.0  -90.0  -90.0  -90.0  -90.0  -90.0  -90.0  -90.0  -90.0  -90.0  -90.0  -90.0  -90.0  -90.0
 1999  8  -90.0  -90.0  -90.0  -90.0  -90.0  -90.0  -90.0  -90.0  -90.0  -90.0  -90.0  -90.0  -90.0  -90.0  -90.0  -90.0  -90.0  -90.0  -90.0  -90.0  -90.0  -90.0  -90.0  -90.0  -90.0  -90.0  -90.0  -90.0  -90.0  -90.0  -90.0
 1999  9  -90.0  -90.0  -90.0  -90.0  -90.0  -90.0  -90.0  -90.0  -90.0  -90.0  -90.0  -90.0  -90.0  -90.0  -90.0  -90.0  -90.0  -90.0  -90.0  -90.0  -90.0  -90.0  -90.0  -90.0  -90.0  -90.0  -90.0  -90.0  -90.0  -90.0
 1999 10  -90.0  -90.0  -90.0  -90.0  -90.0  -90.0  -90.0  -90.0  -90.0  -90.0  -90.0  -90.0  -90.0  -90.0  -90.0  -90.0  -90.0  -90.0  -90.0  -90.0  -90.0  -90.0  -90.0  -90.0  -90.0  -90.0  -90.0  -90.0  -90.0  -90.0  -90.0
 1999 11  -90.0  -90.0  -90.0  -90.0  -90.0  -90.0  -90.0  -90.0  -90.0  -90.0  -90.0  -90.0  -90.0  -90.0  -90.0  -90.0  -90.0  -90.0  -90.0  -90.0  -90.0  -90.0  -90.0  -90.0  -90.0  -90.0  -90.0  -90.0  -90.0  -90.0
 1999 12  -90.0  -90.0  -90.0  -90.0  -90.0  -90.0  -90.0  -90.0  -90.0    0.0  -90.0  -90.0  -90.0  -90.0  -90.0   28.0   26.0   24.0   23.0   20.0   20.0   19.0   19.0  -90.0  -90.0  -90.0  -90.0    5.0    0.0    0.0    0.0
 2000  1    0.0    0.0    0.0    0.0    0.0    0.0    0.0    0.0    0.0    0.0    0.0    0.0    0.0    0.0    5.0    5.0    0.0  -90.0    0.0    0.0    0.0    0.0    0.0    0.0    0.0    0.0    0.0    0.0    0.0    0.0    0.0
 2000  2    0.0    0.0    0.0    0.0    0.0  -90.0    0.0    0.0    0.0    0.0  -90.0    0.0    0.0    0.0    0.0    0.0    0.0    0.0    0.0    0.0    0.0    0.0    0.0    0.0    0.0    0.0    0.0    0.0    0.0
 2000  3    0.0    0.0    0.0    0.0    0.0    0.0    0.0    0.0    0.0    0.0    0.0    0.0    0.0  -90.0    0.0  -90.0    0.0    0.0    0.0    5.0  -90.0    0.0  -90.0    0.0    0.0    0.0    0.0    0.0    5.0    0.0    0.0
 2000  4    0.0    0.0    8.0   16.0    8.0    0.0    0.0    0.0    0.0   16.0    8.0    0.0    0.0    0.0    0.0    0.0   17.0    5.0    0.0    0.0    0.0    0.0    0.0    0.0    0.0    0.0    0.0    0.0    0.0    0.0
 2000  5    0.0    0.0  -90.0  -90.0  -90.0  -90.0  -90.0  -90.0  -90.0  -90.0  -90.0  -90.0  -90.0  -90.0  -90.0  -90.0  -90.0  -90.0  -90.0  -90.0  -90.0  -90.0  -90.0  -90.0  -90.0  -90.0  -90.0  -90.0  -90.0  -90.0  -90.0
 2000  6  -90.0  -90.0  -90.0  -90.0  -90.0  -90.0  -90.0  -90.0  -90.0  -90.0  -90.0  -90.0  -90.0  -90.0  -90.0  -90.0  -90.0  -90.0  -90.0  -90.0  -90.0  -90.0  -90.0  -90.0  -90.0  -90.0  -90.0  -90.0  -90.0  -90.0
 2000  7  -90.0  -90.0  -90.0  -90.0  -90.0  -90.0  -90.0  -90.0  -90.0  -90.0  -90.0  -90.0  -90.0  -90.0  -90.0  -90.0  -90.0  -90.0  -90.0  -90.0  -90.0  -90.0  -90.0  -90.0  -90.0  -90.0  -90.0  -90.0  -90.0  -90.0  -90.0
 2000  8  -90.0  -90.0  -90.0  -90.0  -90.0  -90.0  -90.0  -90.0  -90.0  -90.0  -90.0  -90.0  -90.0  -90.0  -90.0  -90.0  -90.0  -90.0  -90.0  -90.0  -90.0  -90.0  -90.0  -90.0  -90.0  -90.0  -90.0  -90.0  -90.0  -90.0  -90.0
 2000  9  -90.0  -90.0  -90.0  -90.0  -90.0  -90.0  -90.0  -90.0  -90.0  -90.0  -90.0  -90.0  -90.0  -90.0  -90.0  -90.0  -90.0  -90.0  -90.0  -90.0  -90.0  -90.0  -90.0  -90.0  -90.0  -90.0  -90.0  -90.0  -90.0  -90.0
 2000 10  -90.0  -90.0  -90.0  -90.0  -90.0  -90.0  -90.0  -90.0  -90.0  -90.0  -90.0  -90.0  -90.0  -90.0  -90.0  -90.0  -90.0  -90.0  -90.0  -90.0  -90.0  -90.0  -90.0  -90.0  -90.0  -90.0  -90.0  -90.0  -90.0  -90.0  -90.0
 2000 11  -90.0  -90.0  -90.0  -90.0  -90.0  -90.0  -90.0  -90.0  -90.0  -90.0  -90.0  -90.0  -90.0  -90.0  -90.0  -90.0  -90.0  -90.0  -90.0  -90.0  -90.0  -90.0  -90.0  -90.0  -90.0  -90.0  -90.0  -90.0  -90.0  -90.0
 2000 12   43.0   41.0   40.0   35.0   34.0   33.0   31.0   30.0   28.0   27.0   26.0   25.0   25.0   24.0   20.0   20.0   20.0   20.0   20.0   20.0   20.0   20.0   20.0   20.0   66.0   64.0   63.0   58.0   55.0   53.0   52.0
 2001  1   51.0   53.0   55.0   55.0   54.0   53.0   48.0   47.0   47.0   47.0   46.0   46.0   45.0   45.0   45.0   45.0   45.0   50.0   51.0   50.0   49.0   49.0   50.0   49.0   52.0   47.0   47.0   47.0   48.0   47.0   47.0
 2001  2   47.0   47.0   47.0   46.0   46.0   46.0   45.0   44.0   44.0  -90.0  -90.0  -90.0   41.0   40.0   40.0   39.0   37.0   47.0   38.0   35.0   35.0   32.0   28.0   26.0   32.0   30.0   26.0   46.0
 2001  3   39.0   35.0   66.0   50.0   35.0   29.0   27.0   30.0   54.0   35.0   31.0   27.0   20.0   20.0   17.0   15.0   19.0   15.0   12.0    0.0    0.0    0.0    0.0    0.0    0.0    0.0    0.0    0.0    0.0    0.0    0.0
 2001  4    0.0    0.0    0.0    0.0    0.0    0.0    0.0    0.0    0.0    0.0    0.0    0.0    0.0    0.0    0.0    0.0    0.0    0.0    0.0    0.0    8.0    0.0    0.0    0.0    0.0    0.0    0.0    0.0    0.0    0.0
 2001  5    0.0    0.0  -90.0  -90.0  -90.0  -90.0  -90.0  -90.0  -90.0  -90.0  -90.0  -90.0  -90.0  -90.0  -90.0  -90.0  -90.0  -90.0  -90.0  -90.0  -90.0  -90.0  -90.0  -90.0  -90.0  -90.0  -90.0  -90.0  -90.0  -90.0  -90.0
 2001  6  -90.0  -90.0  -90.0  -90.0  -90.0  -90.0  -90.0  -90.0  -90.0  -90.0  -90.0  -90.0  -90.0  -90.0  -90.0  -90.0  -90.0  -90.0  -90.0  -90.0  -90.0  -90.0  -90.0  -90.0  -90.0  -90.0  -90.0  -90.0  -90.0  -90.0
 2001  7  -90.0  -90.0  -90.0  -90.0  -90.0  -90.0  -90.0  -90.0  -90.0  -90.0  -90.0  -90.0  -90.0  -90.0  -90.0  -90.0  -90.0  -90.0  -90.0  -90.0  -90.0  -90.0  -90.0  -90.0  -90.0  -90.0  -90.0  -90.0  -90.0  -90.0  -90.0
 2001  8  -90.0  -90.0  -90.0  -90.0  -90.0  -90.0  -90.0  -90.0  -90.0  -90.0  -90.0  -90.0  -90.0  -90.0  -90.0  -90.0  -90.0  -90.0  -90.0  -90.0  -90.0  -90.0  -90.0  -90.0  -90.0  -90.0  -90.0  -90.0  -90.0  -90.0  -90.0
 2001  9  -90.0  -90.0  -90.0  -90.0  -90.0  -90.0  -90.0  -90.0  -90.0  -90.0  -90.0  -90.0  -90.0  -90.0  -90.0  -90.0  -90.0  -90.0  -90.0  -90.0  -90.0  -90.0  -90.0  -90.0  -90.0  -90.0  -90.0  -90.0  -90.0  -90.0
 2001 10  -90.0  -90.0  -90.0  -90.0  -90.0  -90.0  -90.0  -90.0  -90.0  -90.0  -90.0  -90.0  -90.0  -90.0  -90.0  -90.0  -90.0  -90.0  -90.0  -90.0  -90.0  -90.0  -90.0  -90.0  -90.0  -90.0  -90.0  -90.0  -90.0  -90.0  -90.0
 2001 11  -90.0  -90.0  -90.0  -90.0  -90.0  -90.0  -90.0  -90.0  -90.0  -90.0  -90.0  -90.0  -90.0  -90.0  -90.0  -90.0  -90.0  -90.0  -90.0  -90.0  -90.0  -90.0  -90.0  -90.0  -90.0  -90.0  -90.0  -90.0  -90.0  -90.0
 2001 12    0.0    0.0    0.0    0.0    0.0    0.0    0.0    0.0    0.0    0.0    0.0    0.0    0.0    7.0   12.0   10.0    9.0    8.0    8.0    8.0    8.0    8.0    8.0    8.0    8.0    8.0    8.0    8.0    0.0    0.0    0.0
 2002  1    0.0    0.0    0.0    0.0    0.0    0.0    0.0    0.0    0.0    0.0    0.0    0.0    0.0    0.0    0.0    0.0    0.0    0.0    0.0    0.0    0.0    0.0    0.0   20.0   19.0   17.0   16.0    0.0    0.0    0.0    0.0
 2002  2    0.0    0.0    0.0    0.0    0.0   19.0   44.0   32.0   22.0   20.0   15.0   12.0    6.0    0.0   29.0   58.0   55.0   44.0   35.0   32.0   31.0   30.0   28.0   22.0   12.0   10.0    8.0    0.0
 2002  3    0.0    0.0    0.0    0.0    0.0   20.0   12.0    8.0    5.0    0.0    0.0    0.0    0.0    0.0    0.0    0.0    0.0    0.0    0.0    0.0    0.0    0.0    0.0    0.0    0.0    0.0    0.0    0.0    0.0    0.0    0.0
 2002  4    0.0    0.0    0.0    0.0    0.0    0.0    0.0    0.0    0.0    0.0   15.0    8.0    0.0    0.0    0.0    0.0    0.0    0.0    0.0    0.0    0.0    0.0    0.0    0.0    0.0    0.0    0.0    0.0    0.0    0.0
 2002  5  -90.0  -90.0  -90.0  -90.0  -90.0  -90.0  -90.0  -90.0  -90.0  -90.0  -90.0  -90.0  -90.0  -90.0  -90.0  -90.0  -90.0  -90.0  -90.0  -90.0  -90.0  -90.0  -90.0  -90.0  -90.0  -90.0  -90.0  -90.0  -90.0  -90.0  -90.0
 2002  6  -90.0  -90.0  -90.0  -90.0  -90.0  -90.0  -90.0  -90.0  -90.0  -90.0  -90.0  -90.0  -90.0  -90.0  -90.0  -90.0  -90.0  -90.0  -90.0  -90.0  -90.0  -90.0  -90.0  -90.0  -90.0  -90.0  -90.0  -90.0  -90.0  -90.0
 2002  7  -90.0  -90.0  -90.0  -90.0  -90.0  -90.0  -90.0  -90.0  -90.0  -90.0  -90.0  -90.0  -90.0  -90.0  -90.0  -90.0  -90.0  -90.0  -90.0  -90.0  -90.0  -90.0  -90.0  -90.0  -90.0  -90.0  -90.0  -90.0  -90.0  -90.0  -90.0
 2002  8  -90.0  -90.0  -90.0  -90.0  -90.0  -90.0  -90.0  -90.0  -90.0  -90.0  -90.0  -90.0  -90.0  -90.0  -90.0  -90.0  -90.0  -90.0  -90.0  -90.0  -90.0  -90.0  -90.0  -90.0  -90.0  -90.0  -90.0  -90.0  -90.0  -90.0  -90.0
 2002  9  -90.0  -90.0  -90.0  -90.0  -90.0  -90.0  -90.0  -90.0  -90.0  -90.0  -90.0  -90.0  -90.0  -90.0  -90.0  -90.0  -90.0  -90.0  -90.0  -90.0  -90.0  -90.0  -90.0  -90.0  -90.0  -90.0  -90.0  -90.0  -90.0  -90.0
 2002 10  -90.0  -90.0  -90.0  -90.0  -90.0  -90.0  -90.0  -90.0  -90.0  -90.0  -90.0  -90.0  -90.0  -90.0  -90.0  -90.0  -90.0  -90.0  -90.0  -90.0  -90.0  -90.0  -90.0  -90.0  -90.0  -90.0  -90.0  -90.0  -90.0  -90.0  -90.0
 2002 11  -90.0  -90.0  -90.0  -90.0  -90.0  -90.0  -90.0  -90.0  -90.0  -90.0  -90.0  -90.0  -90.0  -90.0  -90.0  -90.0  -90.0  -90.0  -90.0  -90.0  -90.0  -90.0  -90.0  -90.0  -90.0  -90.0  -90.0  -90.0  -90.0  -90.0
 2002 12    0.0    0.0    0.0    0.0    0.0   25.0   31.0   27.0   25.0   26.0   28.0   37.0   42.0   40.0   39.0   39.0   37.0   37.0   37.0   37.0   37.0   36.0   35.0   33.0   33.0   33.0   32.0   65.0   61.0   56.0   50.0
 2003  1   50.0   48.0   40.0   40.0   38.0   38.0   48.0   46.0   46.0   46.0   46.0   46.0   45.0   45.0   44.0   44.0   44.0   44.0   44.0   44.0   48.0   66.0   62.0   60.0   58.0   56.0   56.0   55.0   53.0   53.0   52.0
 2003  2   52.0   52.0   52.0   51.0   50.0   50.0   50.0   50.0   49.0   48.0   48.0   48.0   48.0   46.0   46.0   47.0   56.0   51.0   50.0   50.0   49.0   48.0   48.0   47.0   46.0   45.0   45.0   45.0
 2003  3   43.0   40.0   38.0   35.0   30.0   28.0   27.0   25.0   22.0   18.0   10.0    0.0    0.0    0.0    9.0    1.0    0.0    0.0    0.0    0.0    0.0    0.0    0.0    0.0    0.0    0.0    0.0    0.0    0.0    0.0    0.0
 2003  4    0.0    0.0    0.0    0.0    0.0    0.0    0.0    1.0    0.0   10.0    1.0    5.0    0.0    0.0    0.0    0.0    0.0    0.0    0.0    1.0    0.0    0.0    0.0    0.0    0.0    0.0    0.0    0.0    0.0    0.0
 2003  5  -90.0  -90.0  -90.0  -90.0  -90.0  -90.0  -90.0  -90.0  -90.0  -90.0  -90.0  -90.0  -90.0  -90.0  -90.0  -90.0  -90.0  -90.0  -90.0  -90.0  -90.0  -90.0  -90.0  -90.0  -90.0  -90.0  -90.0  -90.0  -90.0  -90.0  -90.0
 2003  6  -90.0  -90.0  -90.0  -90.0  -90.0  -90.0  -90.0  -90.0  -90.0  -90.0  -90.0  -90.0  -90.0  -90.0  -90.0  -90.0  -90.0  -90.0  -90.0  -90.0  -90.0  -90.0  -90.0  -90.0  -90.0  -90.0  -90.0  -90.0  -90.0  -90.0
 2003  7  -90.0  -90.0  -90.0  -90.0  -90.0  -90.0  -90.0  -90.0  -90.0  -90.0  -90.0  -90.0  -90.0  -90.0  -90.0  -90.0  -90.0  -90.0  -90.0  -90.0  -90.0  -90.0  -90.0  -90.0  -90.0  -90.0  -90.0  -90.0  -90.0  -90.0  -90.0
 2003  8  -90.0  -90.0  -90.0  -90.0  -90.0  -90.0  -90.0  -90.0  -90.0  -90.0  -90.0  -90.0  -90.0  -90.0  -90.0  -90.0  -90.0  -90.0  -90.0  -90.0  -90.0  -90.0  -90.0  -90.0  -90.0  -90.0  -90.0  -90.0  -90.0  -90.0  -90.0
 2003  9  -90.0  -90.0  -90.0  -90.0  -90.0  -90.0  -90.0  -90.0  -90.0  -90.0  -90.0  -90.0  -90.0  -90.0  -90.0  -90.0  -90.0  -90.0  -90.0  -90.0  -90.0  -90.0  -90.0  -90.0  -90.0  -90.0  -90.0  -90.0  -90.0  -90.0
 2003 10  -90.0  -90.0  -90.0  -90.0  -90.0  -90.0  -90.0  -90.0  -90.0  -90.0  -90.0  -90.0  -90.0  -90.0  -90.0  -90.0  -90.0  -90.0  -90.0  -90.0  -90.0  -90.0  -90.0  -90.0  -90.0  -90.0  -90.0  -90.0  -90.0  -90.0  -90.0
 2003 11  -90.0  -90.0  -90.0  -90.0  -90.0  -90.0  -90.0  -90.0  -90.0  -90.0  -90.0  -90.0  -90.0  -90.0  -90.0  -90.0  -90.0  -90.0  -90.0  -90.0  -90.0  -90.0  -90.0  -90.0  -90.0  -90.0  -90.0  -90.0  -90.0  -90.0
 2003 12   25.0   50.0   45.0   32.0   30.0   30.0   30.0   31.0   31.0   31.0   30.0   30.0   30.0   29.0   29.0   29.0   29.0   29.0   29.0   29.0   29.0   29.0   29.0   29.0   29.0   29.0   29.0   37.0   58.0   55.0   56.0
 2004  1   67.0   68.0   69.0   67.0   66.0   64.0   63.0   61.0   59.0   57.0   57.0   55.0   45.0   32.0   29.0   29.0   29.0   30.0   67.0   60.0   55.0   53.0   50.0   50.0   48.0   47.0   60.0   58.0   55.0   54.0   52.0
 2004  2   52.0   48.0   45.0   43.0   41.0   39.0   36.0   33.0   30.0   28.0   28.0   27.0   26.0   25.0   23.0   20.0   19.0   17.0   24.0   29.0   70.0   96.0   70.0   58.0   55.0   54.0   54.0   54.0   53.0
 2004  3   53.0   52.0   46.0   43.0  -90.0   38.0   39.0   40.0   37.0   32.0   30.0   28.0   28.0   27.0   20.0   15.0    8.0    0.0    0.0    0.0    0.0    0.0    0.0    0.0    0.0   15.0    0.0    0.0    0.0    0.0    0.0
 2004  4    0.0    0.0    0.0    0.0    0.0    0.0    0.0    0.0    1.0    6.0    0.0    0.0    0.0    0.0    0.0    0.0    0.0    0.0    0.0    0.0    0.0    0.0    0.0    0.0    0.0    0.0    0.0    0.0    0.0    0.0
 2004  5  -90.0  -90.0  -90.0  -90.0  -90.0  -90.0  -90.0  -90.0  -90.0  -90.0  -90.0  -90.0  -90.0  -90.0  -90.0  -90.0  -90.0  -90.0  -90.0  -90.0  -90.0  -90.0  -90.0  -90.0  -90.0  -90.0  -90.0  -90.0  -90.0  -90.0  -90.0
 2004  6  -90.0  -90.0  -90.0  -90.0  -90.0  -90.0  -90.0  -90.0  -90.0  -90.0  -90.0  -90.0  -90.0  -90.0  -90.0  -90.0  -90.0  -90.0  -90.0  -90.0  -90.0  -90.0  -90.0  -90.0  -90.0  -90.0  -90.0  -90.0  -90.0  -90.0
 2004  7  -90.0  -90.0  -90.0  -90.0  -90.0  -90.0  -90.0  -90.0  -90.0  -90.0  -90.0  -90.0  -90.0  -90.0  -90.0  -90.0  -90.0  -90.0  -90.0  -90.0  -90.0  -90.0  -90.0  -90.0  -90.0  -90.0  -90.0  -90.0  -90.0  -90.0  -90.0
 2004  8  -90.0  -90.0  -90.0  -90.0  -90.0  -90.0  -90.0  -90.0  -90.0  -90.0  -90.0  -90.0  -90.0  -90.0  -90.0  -90.0  -90.0  -90.0  -90.0  -90.0  -90.0  -90.0  -90.0  -90.0  -90.0  -90.0  -90.0  -90.0  -90.0  -90.0  -90.0
 2004  9  -90.0  -90.0  -90.0  -90.0  -90.0  -90.0  -90.0  -90.0  -90.0  -90.0  -90.0  -90.0  -90.0  -90.0  -90.0  -90.0  -90.0  -90.0  -90.0  -90.0  -90.0  -90.0  -90.0  -90.0  -90.0  -90.0  -90.0  -90.0  -90.0  -90.0
 2004 10  -90.0  -90.0  -90.0  -90.0  -90.0  -90.0  -90.0  -90.0  -90.0  -90.0  -90.0  -90.0  -90.0  -90.0  -90.0  -90.0  -90.0  -90.0  -90.0  -90.0  -90.0  -90.0  -90.0  -90.0  -90.0  -90.0  -90.0  -90.0  -90.0  -90.0  -90.0
 2004 11  -90.0  -90.0  -90.0  -90.0  -90.0  -90.0  -90.0  -90.0  -90.0  -90.0  -90.0  -90.0  -90.0  -90.0  -90.0  -90.0  -90.0  -90.0  -90.0  -90.0  -90.0  -90.0  -90.0  -90.0  -90.0  -90.0  -90.0  -90.0  -90.0  -90.0
 2004 12   23.0   25.0   28.0   23.0   21.0   20.0   14.0    9.0    5.0    4.0    4.0    4.0    4.0    4.0    4.0    4.0    4.0    4.0    4.0    4.0    4.0    4.0    4.0    4.0    4.0   23.0   30.0   25.0   25.0   25.0   24.0
 2005  1   23.0   23.0   22.0   20.0   20.0   19.0   19.0   18.0   18.0   18.0   18.0   18.0   18.0   18.0   18.0   18.0   18.0   18.0   19.0   19.0   18.0   17.0   17.0   16.0   18.0   18.0   17.0   17.0   17.0   17.0   16.0
 2005  2   15.0   14.0   13.0   10.0   10.0   10.0   10.0   10.0   10.0    9.0    8.0    5.0    0.0    0.0    0.0    0.0    0.0    0.0    0.0    0.0   12.0   10.0   10.0    7.0    8.0    6.0    5.0   10.0
 2005  3    8.0    7.0   12.0   13.0    9.0    9.0    8.0    7.0    0.0    0.0    0.0    0.0    0.0    0.0    0.0    0.0    0.0    0.0    0.0    0.0    0.0    0.0    0.0    0.0    0.0    0.0    0.0    0.0    0.0    0.0    0.0
 2005  4    0.0    0.0    0.0    0.0    0.0    0.0    0.0    0.0    0.0   15.0    5.0    0.0    0.0    0.0    0.0    7.0   18.0    5.0    0.0    0.0    0.0    0.0    0.0    0.0    5.0    0.0    0.0    0.0    0.0    0.0
 2005  5    0.0    0.0  -90.0  -90.0  -90.0  -90.0  -90.0  -90.0  -90.0  -90.0  -90.0  -90.0  -90.0  -90.0  -90.0  -90.0  -90.0  -90.0  -90.0  -90.0  -90.0  -90.0  -90.0  -90.0  -90.0  -90.0  -90.0  -90.0  -90.0  -90.0  -90.0
 2005  6  -90.0  -90.0  -90.0  -90.0  -90.0  -90.0  -90.0  -90.0  -90.0  -90.0  -90.0  -90.0  -90.0  -90.0  -90.0  -90.0  -90.0  -90.0  -90.0  -90.0  -90.0  -90.0  -90.0  -90.0  -90.0  -90.0  -90.0  -90.0  -90.0  -90.0
 2005  7  -90.0  -90.0  -90.0  -90.0  -90.0  -90.0  -90.0  -90.0  -90.0  -90.0  -90.0  -90.0  -90.0  -90.0  -90.0  -90.0  -90.0  -90.0  -90.0  -90.0  -90.0  -90.0  -90.0  -90.0  -90.0  -90.0  -90.0  -90.0  -90.0  -90.0  -90.0
 2005  8  -90.0  -90.0  -90.0  -90.0  -90.0  -90.0  -90.0  -90.0  -90.0  -90.0  -90.0  -90.0  -90.0  -90.0  -90.0  -90.0  -90.0  -90.0  -90.0  -90.0  -90.0  -90.0  -90.0  -90.0  -90.0  -90.0  -90.0  -90.0  -90.0  -90.0  -90.0
 2005  9  -90.0  -90.0  -90.0  -90.0  -90.0  -90.0  -90.0  -90.0  -90.0  -90.0  -90.0  -90.0  -90.0  -90.0  -90.0  -90.0  -90.0  -90.0  -90.0  -90.0  -90.0  -90.0  -90.0  -90.0  -90.0  -90.0  -90.0  -90.0  -90.0  -90.0
 2005 10  -90.0  -90.0  -90.0  -90.0  -90.0  -90.0  -90.0  -90.0  -90.0  -90.0  -90.0  -90.0  -90.0  -90.0  -90.0  -90.0  -90.0  -90.0  -90.0  -90.0  -90.0  -90.0  -90.0  -90.0  -90.0  -90.0  -90.0  -90.0  -90.0  -90.0  -90.0
 2005 11  -90.0  -90.0  -90.0  -90.0  -90.0  -90.0  -90.0  -90.0  -90.0  -90.0  -90.0  -90.0  -90.0  -90.0  -90.0  -90.0  -90.0  -90.0  -90.0  -90.0  -90.0  -90.0  -90.0  -90.0  -90.0  -90.0  -90.0  -90.0  -90.0  -90.0
 2005 12    1.0    0.0   45.0   38.0   33.0   30.0   28.0   25.0   25.0   23.0   23.0   25.0   50.0   45.0   45.0   43.0   33.0   30.0   30.0   30.0   29.0   29.0   29.0   29.0   29.0   29.0   29.0   29.0   29.0   29.0   29.0
 2006  1   29.0   29.0   29.0   29.0   29.0   29.0   29.0   29.0   29.0   29.0   29.0   29.0   29.0   29.0   29.0   29.0   29.0   29.0   29.0   29.0   29.0   30.0   30.0   29.0   29.0   29.0   45.0   63.0   70.0   76.0   71.0
 2006  2   65.0   65.0   61.0   60.0   60.0   60.0   60.0   57.0   56.0   56.0   55.0   54.0   53.0   53.0   53.0   53.0   45.0   44.0   44.0   83.0   70.0   68.0   68.0   72.0   77.0   70.0   68.0   66.0
 2006  3   63.0   60.0   63.0   53.0   43.0   40.0   36.0   34.0   32.0   32.0   28.0   25.0   24.0   18.0   10.0    5.0    0.0  -90.0    5.0    0.0    0.0    0.0    0.0    0.0    0.0    0.0    0.0    0.0    0.0    0.0    0.0
 2006  4    0.0    0.0    0.0    0.0    0.0    0.0    0.0    0.0    0.0    0.0    0.0    0.0    0.0    0.0    0.0    0.0    0.0    0.0    0.0    0.0    0.0    0.0    0.0    0.0    0.0    0.0    0.0    0.0    0.0    0.0
 2006  5  -90.0  -90.0  -90.0  -90.0  -90.0  -90.0  -90.0  -90.0  -90.0  -90.0  -90.0  -90.0  -90.0  -90.0  -90.0  -90.0  -90.0  -90.0  -90.0  -90.0  -90.0  -90.0  -90.0  -90.0  -90.0  -90.0  -90.0  -90.0  -90.0  -90.0  -90.0
 2006  6  -90.0  -90.0  -90.0  -90.0  -90.0  -90.0  -90.0  -90.0  -90.0  -90.0  -90.0  -90.0  -90.0  -90.0  -90.0  -90.0  -90.0  -90.0  -90.0  -90.0  -90.0  -90.0  -90.0  -90.0  -90.0  -90.0  -90.0  -90.0  -90.0  -90.0
 2006  7  -90.0  -90.0  -90.0  -90.0  -90.0  -90.0  -90.0  -90.0  -90.0  -90.0  -90.0  -90.0  -90.0  -90.0  -90.0  -90.0  -90.0  -90.0  -90.0  -90.0  -90.0  -90.0  -90.0  -90.0  -90.0  -90.0  -90.0  -90.0  -90.0  -90.0  -90.0
 2006  8  -90.0  -90.0  -90.0  -90.0  -90.0  -90.0  -90.0  -90.0  -90.0  -90.0  -90.0  -90.0  -90.0  -90.0  -90.0  -90.0  -90.0  -90.0  -90.0  -90.0  -90.0  -90.0  -90.0  -90.0  -90.0  -90.0  -90.0  -90.0  -90.0  -90.0  -90.0
 2006  9  -90.0  -90.0  -90.0  -90.0  -90.0  -90.0  -90.0  -90.0  -90.0  -90.0  -90.0  -90.0  -90.0  -90.0  -90.0  -90.0  -90.0  -90.0  -90.0  -90.0  -90.0  -90.0  -90.0  -90.0  -90.0  -90.0  -90.0  -90.0  -90.0  -90.0
 2006 10  -90.0  -90.0  -90.0  -90.0  -90.0  -90.0  -90.0  -90.0  -90.0  -90.0  -90.0  -90.0  -90.0  -90.0  -90.0  -90.0  -90.0  -90.0  -90.0  -90.0  -90.0  -90.0  -90.0  -90.0  -90.0  -90.0  -90.0  -90.0  -90.0  -90.0  -90.0
 2006 11  -90.0  -90.0  -90.0  -90.0  -90.0  -90.0  -90.0  -90.0  -90.0  -90.0  -90.0  -90.0  -90.0  -90.0  -90.0  -90.0  -90.0  -90.0  -90.0  -90.0  -90.0  -90.0  -90.0  -90.0  -90.0  -90.0  -90.0  -90.0  -90.0  -90.0
 2006 12    0.0    0.0    0.0    0.0    0.0    0.0    0.0    0.0    5.0    5.0    5.0    5.0    5.0    5.0    5.0    5.0    5.0    8.0   10.0   10.0   10.0   15.0   15.0   15.0   15.0   14.0   14.0   12.0   10.0   10.0    9.0
 2007  1    4.0    5.0    5.0    5.0    5.0    5.0    5.0    5.0    5.0    5.0    5.0    0.0    0.0    0.0    0.0    0.0    0.0    0.0    0.0    0.0    0.0    0.0    5.0   17.0   22.0   20.0   20.0   18.0   15.0   15.0   14.0
 2007  2   14.0   10.0    8.0    5.0    3.0    0.0    0.0    0.0    0.0    0.0    0.0    0.0    0.0    0.0    0.0    0.0    0.0    0.0    0.0    0.0    0.0    0.0    0.0    0.0    0.0    0.0    0.0    0.0
 2007  3    0.0    0.0    0.0    0.0    0.0    0.0    0.0    0.0    0.0    0.0    0.0    0.0    0.0    0.0    0.0    0.0    0.0    0.0    0.0    0.0    1.0    0.0    0.0    0.0   10.0   35.0   27.0   12.0    6.0    0.0    1.0
 2007  4    1.0    0.0    0.0    0.0    0.0    0.0    0.0    0.0    0.0    0.0    0.0    0.0    0.0    0.0    0.0    0.0    0.0    0.0    0.0    0.0    0.0    0.0    0.0    0.0    0.0    0.0    0.0    0.0    0.0    0.0
 2007  5  -90.0  -90.0  -90.0  -90.0  -90.0  -90.0  -90.0  -90.0  -90.0  -90.0  -90.0  -90.0  -90.0  -90.0  -90.0  -90.0  -90.0  -90.0  -90.0  -90.0  -90.0  -90.0  -90.0  -90.0  -90.0  -90.0  -90.0  -90.0  -90.0  -90.0  -90.0
 2007  6  -90.0  -90.0  -90.0  -90.0  -90.0  -90.0  -90.0  -90.0  -90.0  -90.0  -90.0  -90.0  -90.0  -90.0  -90.0  -90.0  -90.0  -90.0  -90.0  -90.0  -90.0  -90.0  -90.0  -90.0  -90.0  -90.0  -90.0  -90.0  -90.0  -90.0
 2007  7  -90.0  -90.0  -90.0  -90.0  -90.0  -90.0  -90.0  -90.0  -90.0  -90.0  -90.0  -90.0  -90.0  -90.0  -90.0  -90.0  -90.0  -90.0  -90.0  -90.0  -90.0  -90.0  -90.0  -90.0  -90.0  -90.0  -90.0  -90.0  -90.0  -90.0  -90.0
 2007  8  -90.0  -90.0  -90.0  -90.0  -90.0  -90.0  -90.0  -90.0  -90.0  -90.0  -90.0  -90.0  -90.0  -90.0  -90.0  -90.0  -90.0  -90.0  -90.0  -90.0  -90.0  -90.0  -90.0  -90.0  -90.0  -90.0  -90.0  -90.0  -90.0  -90.0  -90.0
 2007  9  -90.0  -90.0  -90.0  -90.0  -90.0  -90.0  -90.0  -90.0  -90.0  -90.0  -90.0  -90.0  -90.0  -90.0  -90.0  -90.0  -90.0  -90.0  -90.0  -90.0  -90.0  -90.0  -90.0  -90.0  -90.0  -90.0  -90.0  -90.0  -90.0  -90.0
 2007 10  -90.0  -90.0  -90.0  -90.0  -90.0  -90.0  -90.0  -90.0  -90.0  -90.0  -90.0  -90.0  -90.0  -90.0  -90.0  -90.0  -90.0  -90.0  -90.0  -90.0  -90.0  -90.0  -90.0  -90.0  -90.0  -90.0  -90.0  -90.0  -90.0  -90.0  -90.0
 2007 11  -90.0  -90.0  -90.0  -90.0  -90.0  -90.0  -90.0  -90.0  -90.0  -90.0  -90.0  -90.0  -90.0  -90.0  -90.0  -90.0  -90.0  -90.0  -90.0  -90.0  -90.0  -90.0  -90.0  -90.0  -90.0  -90.0  -90.0  -90.0  -90.0  -90.0
 2007 12   30.0   30.0   25.0   25.0   25.0   25.0   25.0   24.0   24.0   25.0   25.0   25.0   25.0   25.0   28.0   26.0   38.0   34.0   30.0   29.0   29.0   29.0   34.0   33.0   33.0   33.0   33.0   33.0   33.0   33.0   33.0
 2008  1   33.0   33.0   40.0   55.0   55.0   53.0   50.0   50.0   50.0   48.0   48.0  105.0  125.0  110.0  120.0  110.0  110.0  109.0  105.0  102.0  100.0   93.0   90.0   90.0   89.0   87.0   87.0   80.0   75.0   74.0   74.0
 2008  2   74.0   75.0   75.0   80.0  100.0   93.0   80.0   79.0   77.0   76.0   75.0   75.0   75.0   73.0   70.0   70.0   69.0   69.0   65.0   64.0   61.0   60.0   55.0   50.0   48.0   45.0   40.0   38.0   35.0
 2008  3   30.0   20.0   15.0    5.0   15.0   15.0   32.0   22.0   15.0   12.0   10.0    8.0    0.0    0.0    0.0    0.0    0.0    0.0    0.0    1.0    0.0    0.0    0.0    0.0    0.0    0.0    0.0    0.0    0.0    0.0    0.0
 2008  4    0.0    0.0    0.0    0.0    0.0    0.0    0.0    0.0    0.0    0.0    0.0    0.0    0.0    0.0    0.0    0.0    0.0    0.0    0.0    0.0    0.0    0.0    0.0    0.0    0.0    0.0    0.0    0.0    0.0    0.0
 2008  5  -90.0  -90.0  -90.0  -90.0  -90.0  -90.0  -90.0  -90.0  -90.0  -90.0  -90.0  -90.0  -90.0  -90.0  -90.0  -90.0  -90.0  -90.0  -90.0  -90.0  -90.0  -90.0  -90.0  -90.0  -90.0  -90.0  -90.0  -90.0  -90.0  -90.0  -90.0
 2008  6  -90.0  -90.0  -90.0  -90.0  -90.0  -90.0  -90.0  -90.0  -90.0  -90.0  -90.0  -90.0  -90.0  -90.0  -90.0  -90.0  -90.0  -90.0  -90.0  -90.0  -90.0  -90.0  -90.0  -90.0  -90.0  -90.0  -90.0  -90.0  -90.0  -90.0
 2008  7  -90.0  -90.0  -90.0  -90.0  -90.0  -90.0  -90.0  -90.0  -90.0  -90.0  -90.0  -90.0  -90.0  -90.0  -90.0  -90.0  -90.0  -90.0  -90.0  -90.0  -90.0  -90.0  -90.0  -90.0  -90.0  -90.0  -90.0  -90.0  -90.0  -90.0  -90.0
 2008  8  -90.0  -90.0  -90.0  -90.0  -90.0  -90.0  -90.0  -90.0  -90.0  -90.0  -90.0  -90.0  -90.0  -90.0  -90.0  -90.0  -90.0  -90.0  -90.0  -90.0  -90.0  -90.0  -90.0  -90.0  -90.0  -90.0  -90.0  -90.0  -90.0  -90.0  -90.0
 2008  9  -90.0  -90.0  -90.0  -90.0  -90.0  -90.0  -90.0  -90.0  -90.0  -90.0  -90.0  -90.0  -90.0  -90.0  -90.0  -90.0  -90.0  -90.0  -90.0  -90.0  -90.0  -90.0  -90.0  -90.0  -90.0  -90.0  -90.0  -90.0  -90.0  -90.0
 2008 10  -90.0  -90.0  -90.0  -90.0  -90.0  -90.0  -90.0  -90.0  -90.0  -90.0  -90.0  -90.0  -90.0  -90.0  -90.0  -90.0  -90.0  -90.0  -90.0  -90.0  -90.0  -90.0  -90.0  -90.0  -90.0  -90.0  -90.0  -90.0  -90.0  -90.0  -90.0
 2008 11  -90.0  -90.0  -90.0  -90.0  -90.0  -90.0  -90.0  -90.0  -90.0  -90.0  -90.0  -90.0  -90.0  -90.0  -90.0  -90.0  -90.0  -90.0  -90.0  -90.0  -90.0  -90.0  -90.0  -90.0  -90.0  -90.0  -90.0  -90.0  -90.0  -90.0
 2008 12  -90.0  -90.0  -90.0  -90.0  -90.0  -90.0  -90.0  -90.0  -90.0  -90.0  -90.0  -90.0  -90.0  -90.0  -90.0  -90.0  -90.0  -90.0  -90.0  -90.0  -90.0  -90.0  -90.0  -90.0  -90.0  -90.0  -90.0  -90.0  -90.0  -90.0  -90.0
