 1992  1  -90.0  -90.0  -90.0  -90.0  -90.0  -90.0  -90.0  -90.0  -90.0  -90.0  -90.0  -90.0  -90.0  -90.0  -90.0  -90.0  -90.0  -90.0  -90.0  -90.0  -90.0  -90.0  -90.0  -90.0  -90.0  -90.0  -90.0  -90.0  -90.0  -90.0  -90.0
 1992  2  -90.0  -90.0  -90.0  -90.0  -90.0  -90.0  -90.0  -90.0  -90.0  -90.0  -90.0  -90.0  -90.0  -90.0  -90.0  -90.0  -90.0  -90.0  -90.0  -90.0  -90.0  -90.0  -90.0  -90.0  -90.0  -90.0  -90.0  -90.0  -90.0
 1992  3  -90.0  -90.0  -90.0  -90.0  -90.0  -90.0  -90.0  -90.0  -90.0  -90.0  -90.0  -90.0  -90.0  -90.0  -90.0  -90.0  -90.0  -90.0  -90.0  -90.0  -90.0  -90.0  -90.0  -90.0  -90.0  -90.0  -90.0  -90.0  -90.0  -90.0  -90.0
 1992  4  -90.0  -90.0  -90.0  -90.0  -90.0  -90.0  -90.0  -90.0  -90.0  -90.0  -90.0  -90.0  -90.0  -90.0  -90.0  -90.0  -90.0  -90.0  -90.0  -90.0  -90.0  -90.0  -90.0  -90.0  -90.0  -90.0  -90.0  -90.0  -90.0  -90.0
 1992  5  -90.0  -90.0  -90.0  -90.0  -90.0  -90.0  -90.0  -90.0  -90.0  -90.0  -90.0  -90.0  -90.0  -90.0  -90.0  -90.0  -90.0  -90.0  -90.0  -90.0  -90.0  -90.0  -90.0  -90.0  -90.0  -90.0  -90.0  -90.0  -90.0  -90.0  -90.0
 1992  6  -90.0  -90.0  -90.0  -90.0  -90.0  -90.0  -90.0  -90.0  -90.0  -90.0  -90.0  -90.0  -90.0  -90.0  -90.0  -90.0  -90.0  -90.0  -90.0  -90.0  -90.0  -90.0  -90.0  -90.0  -90.0  -90.0  -90.0  -90.0  -90.0  -90.0
 1992  7  -90.0  -90.0  -90.0  -90.0  -90.0  -90.0  -90.0  -90.0  -90.0  -90.0  -90.0  -90.0  -90.0  -90.0  -90.0  -90.0  -90.0  -90.0  -90.0  -90.0  -90.0  -90.0  -90.0  -90.0  -90.0  -90.0  -90.0  -90.0  -90.0  -90.0  -90.0
 1992  8  -90.0  -90.0  -90.0  -90.0  -90.0  -90.0  -90.0  -90.0  -90.0  -90.0  -90.0  -90.0  -90.0  -90.0  -90.0  -90.0  -90.0  -90.0  -90.0  -90.0  -90.0  -90.0  -90.0  -90.0  -90.0  -90.0  -90.0  -90.0  -90.0  -90.0  -90.0
 1992  9  -90.0  -90.0  -90.0  -90.0  -90.0  -90.0  -90.0  -90.0  -90.0  -90.0  -90.0  -90.0  -90.0  -90.0  -90.0  -90.0  -90.0  -90.0  -90.0  -90.0  -90.0  -90.0  -90.0  -90.0  -90.0  -90.0  -90.0  -90.0  -90.0  -90.0
 1992 10  -90.0  -90.0  -90.0  -90.0  -90.0  -90.0  -90.0  -90.0  -90.0  -90.0  -90.0  -90.0  -90.0  -90.0  -90.0  -90.0  -90.0  -90.0  -90.0  -90.0  -90.0  -90.0  -90.0  -90.0  -90.0  -90.0  -90.0  -90.0  -90.0  -90.0  -90.0
 1992 11  -90.0  -90.0  -90.0  -90.0  -90.0  -90.0  -90.0  -90.0  -90.0  -90.0  -90.0  -90.0  -90.0  -90.0  -90.0  -90.0  -90.0  -90.0  -90.0  -90.0  -90.0  -90.0  -90.0  -90.0  -90.0  -90.0  -90.0  -90.0  -90.0  -90.0
 1992 12  -90.0  -90.0  -90.0  -90.0   12.0    6.0    6.0   16.0   28.0   30.0   27.0   25.0   21.0   20.0   18.0   18.0   18.0   17.0   17.0   17.0   17.0   16.0   16.0   18.0   18.0   18.0   18.0   17.0   20.0   19.0   18.0
 1993  1   18.0   18.0   21.0   21.0   20.0   19.0   18.0   15.0   15.0   15.0   14.0   13.0   12.0   10.0    8.0    7.0    5.0    4.0    2.0  -90.0  -90.0  -90.0  -90.0  -90.0  -90.0  -90.0  -90.0  -90.0  -90.0  -90.0  -90.0
 1993  2  -90.0  -90.0  -90.0  -90.0  -90.0  -90.0  -90.0  -90.0    2.0  -90.0  -90.0  -90.0  -90.0  -90.0  -90.0  -90.0  -90.0  -90.0  -90.0  -90.0  -90.0  -90.0  -90.0  -90.0  -90.0  -90.0  -90.0  -90.0
 1993  3   31.0  120.0  120.0   90.0   83.0   75.0   65.0   40.0   37.0   35.0   33.0   25.0  -90.0  -90.0   20.0   17.0   10.0    5.0  -90.0  -90.0  -90.0  -90.0  -90.0  -90.0    2.0   20.0   14.0    7.0  -90.0  -90.0  -90.0
 1993  4  -90.0    5.0  -90.0  -90.0  -90.0   15.0  -90.0  -90.0  -90.0  -90.0  -90.0  -90.0  -90.0  -90.0  -90.0  -90.0  -90.0  -90.0  -90.0  -90.0  -90.0  -90.0  -90.0  -90.0   15.0   34.0   18.0   12.0    8.0    5.0
 1993  5    3.0  -90.0  -90.0  -90.0  -90.0  -90.0  -90.0  -90.0  -90.0  -90.0  -90.0  -90.0  -90.0  -90.0  -90.0  -90.0  -90.0  -90.0  -90.0  -90.0  -90.0  -90.0  -90.0  -90.0  -90.0  -90.0  -90.0  -90.0  -90.0  -90.0  -90.0
 1993  6  -90.0  -90.0  -90.0  -90.0  -90.0  -90.0  -90.0  -90.0  -90.0  -90.0  -90.0  -90.0  -90.0  -90.0  -90.0  -90.0  -90.0  -90.0  -90.0  -90.0  -90.0  -90.0  -90.0  -90.0  -90.0  -90.0  -90.0  -90.0  -90.0  -90.0
 1993  7  -90.0  -90.0  -90.0  -90.0  -90.0  -90.0  -90.0  -90.0  -90.0  -90.0  -90.0  -90.0  -90.0  -90.0  -90.0  -90.0  -90.0  -90.0  -90.0  -90.0  -90.0  -90.0  -90.0  -90.0  -90.0  -90.0  -90.0  -90.0  -90.0  -90.0  -90.0
 1993  8  -90.0  -90.0  -90.0  -90.0  -90.0  -90.0  -90.0  -90.0  -90.0  -90.0  -90.0  -90.0  -90.0  -90.0  -90.0  -90.0  -90.0  -90.0  -90.0  -90.0  -90.0  -90.0  -90.0  -90.0  -90.0  -90.0  -90.0  -90.0  -90.0  -90.0  -90.0
 1993  9  -90.0  -90.0  -90.0  -90.0  -90.0  -90.0  -90.0  -90.0  -90.0  -90.0  -90.0  -90.0  -90.0  -90.0  -90.0  -90.0  -90.0  -90.0  -90.0  -90.0  -90.0  -90.0  -90.0  -90.0  -90.0  -90.0  -90.0  -90.0  -90.0  -90.0
 1993 10  -90.0  -90.0  -90.0  -90.0  -90.0  -90.0  -90.0  -90.0  -90.0  -90.0  -90.0  -90.0  -90.0  -90.0  -90.0  -90.0  -90.0  -90.0  -90.0  -90.0  -90.0  -90.0  -90.0  -90.0  -90.0  -90.0  -90.0  -90.0  -90.0  -90.0  -90.0
 1993 11  -90.0  -90.0  -90.0  -90.0  -90.0  -90.0  -90.0  -90.0  -90.0  -90.0  -90.0  -90.0  -90.0  -90.0  -90.0  -90.0  -90.0  -90.0  -90.0  -90.0  -90.0  -90.0  -90.0  -90.0  -90.0  -90.0  -90.0  -90.0  -90.0  -90.0
 1993 12    5.0    5.0    5.0    4.0    3.0    3.0    3.0    2.0  -90.0  -90.0  -90.0  -90.0  -90.0    2.0    2.0    3.0  -90.0  -90.0  -90.0  -90.0  -90.0  -90.0  -90.0   10.0  -90.0  -90.0  -90.0   12.0   11.0   11.0    9.0
 1994  1    9.0    9.0    7.0    6.0    6.0    9.0   59.0   70.0   70.0   60.0   80.0   72.0   70.0   65.0   58.0   55.0   55.0   55.0   55.0   55.0   50.0   50.0   45.0   45.0  -90.0  -90.0   37.0   35.0   30.0   30.0   28.0
 1994  2   28.0   25.0   25.0   35.0   85.0  105.0   80.0   68.0   70.0   68.0   65.0   60.0   68.0   73.0   73.0   70.0   68.0   65.0   65.0   60.0   58.0   55.0   55.0   57.0   55.0  -90.0  -90.0   75.0
 1994  3   75.0   60.0   55.0   50.0   45.0   40.0   35.0   28.0   25.0   22.0   18.0  -90.0  -90.0  -90.0  -90.0  -90.0  -90.0  -90.0  -90.0  -90.0  -90.0  -90.0  -90.0  -90.0  -90.0  -90.0  -90.0  -90.0  -90.0  -90.0  -90.0
 1994  4  -90.0  -90.0  -90.0  -90.0  -90.0  -90.0  -90.0  -90.0  -90.0  -90.0  -90.0  -90.0  -90.0  -90.0  -90.0    8.0   10.0  -90.0  -90.0  -90.0  -90.0  -90.0  -90.0  -90.0  -90.0  -90.0  -90.0  -90.0  -90.0  -90.0
 1994  5  -90.0  -90.0  -90.0  -90.0  -90.0  -90.0  -90.0  -90.0  -90.0  -90.0  -90.0  -90.0  -90.0  -90.0  -90.0  -90.0  -90.0  -90.0  -90.0  -90.0  -90.0  -90.0  -90.0  -90.0  -90.0  -90.0  -90.0  -90.0  -90.0  -90.0  -90.0
 1994  6  -90.0  -90.0  -90.0  -90.0  -90.0  -90.0  -90.0  -90.0  -90.0  -90.0  -90.0  -90.0  -90.0  -90.0  -90.0  -90.0  -90.0  -90.0  -90.0  -90.0  -90.0  -90.0  -90.0  -90.0  -90.0  -90.0  -90.0  -90.0  -90.0  -90.0
 1994  7  -90.0  -90.0  -90.0  -90.0  -90.0  -90.0  -90.0  -90.0  -90.0  -90.0  -90.0  -90.0  -90.0  -90.0  -90.0  -90.0  -90.0  -90.0  -90.0  -90.0  -90.0  -90.0  -90.0  -90.0  -90.0  -90.0  -90.0  -90.0  -90.0  -90.0  -90.0
 1994  8  -90.0  -90.0  -90.0  -90.0  -90.0  -90.0  -90.0  -90.0  -90.0  -90.0  -90.0  -90.0  -90.0  -90.0  -90.0  -90.0  -90.0  -90.0  -90.0  -90.0  -90.0  -90.0  -90.0  -90.0  -90.0  -90.0  -90.0  -90.0  -90.0  -90.0  -90.0
 1994  9  -90.0  -90.0  -90.0  -90.0  -90.0  -90.0  -90.0  -90.0  -90.0  -90.0  -90.0  -90.0  -90.0  -90.0  -90.0  -90.0  -90.0  -90.0  -90.0  -90.0  -90.0  -90.0  -90.0  -90.0  -90.0  -90.0  -90.0  -90.0  -90.0  -90.0
 1994 10  -90.0  -90.0  -90.0  -90.0  -90.0  -90.0  -90.0  -90.0  -90.0  -90.0  -90.0  -90.0  -90.0  -90.0  -90.0  -90.0  -90.0  -90.0  -90.0  -90.0  -90.0  -90.0  -90.0  -90.0  -90.0  -90.0  -90.0  -90.0  -90.0  -90.0  -90.0
 1994 11  -90.0  -90.0  -90.0  -90.0  -90.0  -90.0  -90.0  -90.0  -90.0  -90.0  -90.0  -90.0  -90.0  -90.0  -90.0  -90.0  -90.0  -90.0  -90.0  -90.0  -90.0  -90.0  -90.0  -90.0  -90.0  -90.0  -90.0  -90.0  -90.0  -90.0
 1994 12    0.0    0.0    0.0    0.0    0.0    0.0    0.0    0.0    0.0    0.0    0.0    0.0    0.0    0.0    0.0    0.0    0.0    0.0    0.0    4.0    2.0    1.0    1.0    1.0    1.0    0.0    0.0    0.0    0.0    0.0    0.0
 1995  1    0.0    0.0    0.0    0.0    0.0    0.0    0.0    0.0    0.0    0.0    0.0    0.0    0.0    0.0    0.0    0.0    0.0    0.0   15.0   14.0   13.0   10.0    8.0    3.0    0.0    0.0    1.0    0.0    0.0    0.0    0.0
 1995  2    0.0    0.0    0.0    0.0    0.0    0.0    0.0    0.0    0.0    0.0   15.0    5.0    3.0   12.0    5.0    3.0    0.0  -90.0    0.0    0.0    0.0    0.0    5.0    0.0    0.0    0.0    0.0    0.0
 1995  3    0.0    0.0    0.0    0.0    0.0    0.0    0.0    0.0    9.0    5.0    0.0    0.0    0.0    3.0    0.0    0.0    0.0    0.0    0.0    0.0    0.0    0.0    0.0  -90.0    0.0    0.0    0.0    0.0    0.0    0.0    0.0
 1995  4    0.0    0.0    0.0    0.0    0.0    0.0    0.0    0.0    0.0    0.0    0.0    0.0    1.0    0.0    0.0    0.0    0.0    0.0    0.0    0.0    0.0    0.0    4.0    3.0   11.0    3.0    0.0    0.0    0.0    0.0
 1995  5    0.0    0.0    0.0    0.0    0.0  -90.0  -90.0  -90.0  -90.0  -90.0  -90.0  -90.0  -90.0  -90.0  -90.0  -90.0  -90.0  -90.0  -90.0  -90.0  -90.0  -90.0  -90.0  -90.0  -90.0  -90.0  -90.0  -90.0  -90.0  -90.0  -90.0
 1995  6  -90.0  -90.0  -90.0  -90.0  -90.0  -90.0  -90.0  -90.0  -90.0  -90.0  -90.0  -90.0  -90.0  -90.0  -90.0  -90.0  -90.0  -90.0  -90.0  -90.0  -90.0  -90.0  -90.0  -90.0  -90.0  -90.0  -90.0  -90.0  -90.0  -90.0
 1995  7  -90.0  -90.0  -90.0  -90.0  -90.0  -90.0  -90.0  -90.0  -90.0  -90.0  -90.0  -90.0  -90.0  -90.0  -90.0  -90.0  -90.0  -90.0  -90.0  -90.0  -90.0  -90.0  -90.0  -90.0  -90.0  -90.0  -90.0  -90.0  -90.0  -90.0  -90.0
 1995  8  -90.0  -90.0  -90.0  -90.0  -90.0  -90.0  -90.0  -90.0  -90.0  -90.0  -90.0  -90.0  -90.0  -90.0  -90.0  -90.0  -90.0  -90.0  -90.0  -90.0  -90.0  -90.0  -90.0  -90.0  -90.0  -90.0  -90.0  -90.0  -90.0  -90.0  -90.0
 1995  9  -90.0  -90.0  -90.0  -90.0  -90.0  -90.0  -90.0  -90.0  -90.0  -90.0  -90.0  -90.0  -90.0  -90.0  -90.0  -90.0  -90.0  -90.0  -90.0  -90.0  -90.0  -90.0  -90.0  -90.0  -90.0  -90.0  -90.0  -90.0  -90.0  -90.0
 1995 10  -90.0  -90.0  -90.0  -90.0  -90.0  -90.0  -90.0  -90.0  -90.0  -90.0  -90.0  -90.0  -90.0  -90.0  -90.0  -90.0  -90.0  -90.0  -90.0  -90.0  -90.0  -90.0  -90.0  -90.0  -90.0  -90.0  -90.0  -90.0  -90.0  -90.0  -90.0
 1995 11  -90.0  -90.0  -90.0  -90.0  -90.0  -90.0  -90.0  -90.0  -90.0  -90.0  -90.0  -90.0  -90.0  -90.0  -90.0  -90.0  -90.0  -90.0  -90.0  -90.0  -90.0  -90.0  -90.0  -90.0  -90.0  -90.0  -90.0  -90.0  -90.0  -90.0
 1995 12    4.0    4.0    4.0    4.0    4.0    6.0    8.0   13.0   11.0   10.0   10.0    9.0  -90.0   17.0   31.0   30.0   28.0   24.0   20.0   18.0   18.0   16.0   14.0    7.0    0.0    0.0    0.0    0.0    3.0    4.0   13.0
 1996  1   12.0   10.0    9.0    8.0    8.0   20.0   27.0   26.0   22.0   25.0   39.0   80.0   70.0   50.0   41.0   39.0   37.0   35.0   35.0   34.0   33.0   32.0   43.0   57.0   59.0   62.0   53.0   52.0   57.0   55.0   53.0
 1996  2   55.0   65.0   66.0   60.0   61.0   60.0   60.0   59.0   58.0   55.0   54.0   54.0   70.0   67.0   65.0   60.0   55.0   53.0   54.0   50.0   75.0  100.0   87.0   76.0   72.0   67.0   71.0   65.0   62.0
 1996  3   60.0   57.0   57.0   55.0   53.0   51.0  -90.0   60.0   58.0   55.0   55.0   50.0   48.0   48.0   55.0  -90.0  -90.0   50.0   47.0   45.0   42.0   36.0   32.0   27.0   18.0   12.0    8.0    0.0    0.0    0.0    0.0
 1996  4    0.0   14.0    7.0   11.0    3.0    0.0    0.0    0.0    0.0    0.0    0.0    0.0    0.0    0.0    0.0    0.0    0.0    0.0    0.0    0.0    0.0    0.0    0.0    0.0    0.0    0.0    0.0    0.0    0.0    0.0
 1996  5    0.0    0.0    0.0  -90.0  -90.0  -90.0  -90.0  -90.0  -90.0  -90.0  -90.0  -90.0  -90.0  -90.0  -90.0  -90.0  -90.0  -90.0  -90.0  -90.0  -90.0  -90.0  -90.0  -90.0  -90.0  -90.0  -90.0  -90.0  -90.0  -90.0  -90.0
 1996  6  -90.0  -90.0  -90.0  -90.0  -90.0  -90.0  -90.0  -90.0  -90.0  -90.0  -90.0  -90.0  -90.0  -90.0  -90.0  -90.0  -90.0  -90.0  -90.0  -90.0  -90.0  -90.0  -90.0  -90.0  -90.0  -90.0  -90.0  -90.0  -90.0  -90.0
 1996  7  -90.0  -90.0  -90.0  -90.0  -90.0  -90.0  -90.0  -90.0  -90.0  -90.0  -90.0  -90.0  -90.0  -90.0  -90.0  -90.0  -90.0  -90.0  -90.0  -90.0  -90.0  -90.0  -90.0  -90.0  -90.0  -90.0  -90.0  -90.0  -90.0  -90.0  -90.0
 1996  8  -90.0  -90.0  -90.0  -90.0  -90.0  -90.0  -90.0  -90.0  -90.0  -90.0  -90.0  -90.0  -90.0  -90.0  -90.0  -90.0  -90.0  -90.0  -90.0  -90.0  -90.0  -90.0  -90.0  -90.0  -90.0  -90.0  -90.0  -90.0  -90.0  -90.0  -90.0
 1996  9  -90.0  -90.0  -90.0  -90.0  -90.0  -90.0  -90.0  -90.0  -90.0  -90.0  -90.0  -90.0  -90.0  -90.0  -90.0  -90.0  -90.0  -90.0  -90.0  -90.0  -90.0  -90.0  -90.0  -90.0  -90.0  -90.0  -90.0  -90.0  -90.0  -90.0
 1996 10  -90.0  -90.0  -90.0  -90.0  -90.0  -90.0  -90.0  -90.0  -90.0  -90.0  -90.0  -90.0  -90.0  -90.0  -90.0  -90.0  -90.0  -90.0  -90.0  -90.0  -90.0  -90.0  -90.0  -90.0  -90.0  -90.0  -90.0  -90.0  -90.0  -90.0  -90.0
 1996 11  -90.0  -90.0  -90.0  -90.0  -90.0  -90.0  -90.0  -90.0  -90.0  -90.0  -90.0  -90.0  -90.0  -90.0  -90.0  -90.0  -90.0  -90.0  -90.0  -90.0  -90.0  -90.0  -90.0  -90.0  -90.0  -90.0  -90.0  -90.0  -90.0  -90.0
 1996 12    5.0    5.0    3.0    3.0    3.0    3.0    4.0    5.0   15.0   43.0   55.0   50.0   48.0   65.0   60.0   50.0   48.0   47.0   49.0   64.0   60.0   50.0   52.0   48.0   45.0   46.0   47.0   45.0   46.0   44.0   45.0
 1997  1   75.0   73.0  105.0  110.0  110.0  105.0  108.0  105.0  115.0  108.0  105.0  100.0   94.0   90.0   86.0   84.0   80.0   78.0   76.0   90.0   88.0   80.0   77.0   73.0   70.0   68.0   68.0   65.0   74.0   69.0   59.0
 1997  2   57.0   55.0   54.0   53.0   52.0   53.0   50.0   50.0   45.0   40.0   36.0   30.0   20.0   15.0   10.0    5.0    0.0    0.0  -90.0    0.0    0.0    0.0    0.0    0.0    0.0    0.0    1.0    0.0
 1997  3    0.0    0.0    0.0    0.0    0.0    0.0    1.0    0.0    0.0    0.0    0.0    0.0    0.0    0.0    1.0    0.0    0.0    0.0    0.0    0.0    0.0    0.0    0.0    0.0    0.0    0.0    0.0    0.0    0.0    0.0    0.0
 1997  4    0.0    0.0    0.0    0.0    0.0    0.0    0.0    0.0    0.0    0.0    0.0    0.0    0.0    0.0    0.0    0.0    1.0    0.0    0.0    0.0    2.0    0.0    0.0    0.0    0.0    0.0    0.0    0.0    0.0    0.0
 1997  5    0.0    0.0  -90.0  -90.0  -90.0  -90.0  -90.0  -90.0  -90.0  -90.0  -90.0  -90.0  -90.0  -90.0  -90.0  -90.0  -90.0  -90.0  -90.0  -90.0  -90.0  -90.0  -90.0  -90.0  -90.0  -90.0  -90.0  -90.0  -90.0  -90.0  -90.0
 1997  6  -90.0  -90.0  -90.0  -90.0  -90.0  -90.0  -90.0  -90.0  -90.0  -90.0  -90.0  -90.0  -90.0  -90.0  -90.0  -90.0  -90.0  -90.0  -90.0  -90.0  -90.0  -90.0  -90.0  -90.0  -90.0  -90.0  -90.0  -90.0  -90.0  -90.0
 1997  7  -90.0  -90.0  -90.0  -90.0  -90.0  -90.0  -90.0  -90.0  -90.0  -90.0  -90.0  -90.0  -90.0  -90.0  -90.0  -90.0  -90.0  -90.0  -90.0  -90.0  -90.0  -90.0  -90.0  -90.0  -90.0  -90.0  -90.0  -90.0  -90.0  -90.0  -90.0
 1997  8  -90.0  -90.0  -90.0  -90.0  -90.0  -90.0  -90.0  -90.0  -90.0  -90.0  -90.0  -90.0  -90.0  -90.0  -90.0  -90.0  -90.0  -90.0  -90.0  -90.0  -90.0  -90.0  -90.0  -90.0  -90.0  -90.0  -90.0  -90.0  -90.0  -90.0  -90.0
 1997  9  -90.0  -90.0  -90.0  -90.0  -90.0  -90.0  -90.0  -90.0  -90.0  -90.0  -90.0  -90.0  -90.0  -90.0  -90.0  -90.0  -90.0  -90.0  -90.0  -90.0  -90.0  -90.0  -90.0  -90.0  -90.0  -90.0  -90.0  -90.0  -90.0  -90.0
 1997 10  -90.0  -90.0  -90.0  -90.0  -90.0  -90.0  -90.0  -90.0  -90.0  -90.0  -90.0  -90.0  -90.0  -90.0  -90.0  -90.0  -90.0  -90.0  -90.0  -90.0  -90.0  -90.0  -90.0  -90.0  -90.0  -90.0  -90.0  -90.0  -90.0  -90.0  -90.0
 1997 11  -90.0  -90.0  -90.0  -90.0  -90.0  -90.0  -90.0  -90.0  -90.0  -90.0  -90.0  -90.0  -90.0  -90.0  -90.0  -90.0  -90.0  -90.0  -90.0  -90.0  -90.0  -90.0  -90.0  -90.0  -90.0  -90.0  -90.0  -90.0  -90.0  -90.0
 1997 12  -90.0    0.0    8.0    6.0    5.0    5.0    4.0    4.0    3.0    3.0    0.0    0.0    0.0    0.0    0.0   15.0   38.0   37.0   58.0   70.0   60.0   53.0   52.0   48.0  -90.0  -90.0  -90.0  -90.0  -90.0   38.0   38.0
 1998  1   38.0   37.0   39.0   36.0   34.0   31.0   30.0   28.0   28.0   28.0   27.0   25.0   25.0   28.0   34.0   31.0   30.0   29.0   35.0  -90.0   31.0   28.0   28.0   28.0   32.0   34.0   34.0   34.0   33.0   33.0   32.0
 1998  2   32.0   32.0   32.0   31.0   31.0   30.0   30.0   29.0   28.0   28.0   24.0   22.0   18.0   12.0    8.0    6.0    4.0    2.0    2.0    1.0    1.0    1.0   35.0   42.0   30.0   12.0  -90.0  -90.0
 1998  3    0.0    0.0    0.0    0.0    0.0    0.0    0.0    0.0    0.0  -90.0  -90.0    0.0    0.0    0.0    0.0    0.0    0.0    0.0  -90.0    0.0    0.0    0.0    0.0    3.0    0.0    0.0    0.0    0.0    0.0    0.0    0.0
 1998  4    0.0    0.0    0.0  -90.0  -90.0  -90.0    0.0    0.0    0.0    2.0    7.0   15.0    8.0    3.0    2.0   34.0    8.0  -90.0  -90.0  -90.0    0.0    0.0    0.0    0.0    0.0    0.0    0.0    0.0    0.0   11.0
 1998  5    6.0    0.0    0.0    0.0  -90.0  -90.0  -90.0  -90.0  -90.0  -90.0  -90.0  -90.0  -90.0  -90.0  -90.0  -90.0  -90.0  -90.0  -90.0  -90.0  -90.0  -90.0  -90.0  -90.0  -90.0  -90.0  -90.0  -90.0  -90.0  -90.0  -90.0
 1998  6  -90.0  -90.0  -90.0  -90.0  -90.0  -90.0  -90.0  -90.0  -90.0  -90.0  -90.0  -90.0  -90.0  -90.0  -90.0  -90.0  -90.0  -90.0  -90.0  -90.0  -90.0  -90.0  -90.0  -90.0  -90.0  -90.0  -90.0  -90.0  -90.0  -90.0
 1998  7  -90.0  -90.0  -90.0  -90.0  -90.0  -90.0  -90.0  -90.0  -90.0  -90.0  -90.0  -90.0  -90.0  -90.0  -90.0  -90.0  -90.0  -90.0  -90.0  -90.0  -90.0  -90.0  -90.0  -90.0  -90.0  -90.0  -90.0  -90.0  -90.0  -90.0  -90.0
 1998  8  -90.0  -90.0  -90.0  -90.0  -90.0  -90.0  -90.0  -90.0  -90.0  -90.0  -90.0  -90.0  -90.0  -90.0  -90.0  -90.0  -90.0  -90.0  -90.0  -90.0  -90.0  -90.0  -90.0  -90.0  -90.0  -90.0  -90.0  -90.0  -90.0  -90.0  -90.0
 1998  9  -90.0  -90.0  -90.0  -90.0  -90.0  -90.0  -90.0  -90.0  -90.0  -90.0  -90.0  -90.0  -90.0  -90.0  -90.0  -90.0  -90.0  -90.0  -90.0  -90.0  -90.0  -90.0  -90.0  -90.0  -90.0  -90.0  -90.0  -90.0  -90.0  -90.0
 1998 10  -90.0  -90.0  -90.0  -90.0  -90.0  -90.0  -90.0  -90.0  -90.0  -90.0  -90.0  -90.0  -90.0  -90.0  -90.0  -90.0  -90.0  -90.0  -90.0  -90.0  -90.0  -90.0  -90.0  -90.0  -90.0  -90.0  -90.0  -90.0  -90.0  -90.0  -90.0
 1998 11  -90.0  -90.0  -90.0  -90.0  -90.0  -90.0  -90.0  -90.0  -90.0  -90.0  -90.0  -90.0  -90.0  -90.0  -90.0  -90.0  -90.0  -90.0  -90.0  -90.0  -90.0  -90.0  -90.0  -90.0  -90.0  -90.0  -90.0  -90.0  -90.0  -90.0
 1998 12   18.0  -90.0   19.0   17.0   15.0   13.0   12.0   10.0    9.0  -90.0    7.0    6.0    4.0    2.0    0.0    0.0    0.0    0.0    0.0    0.0    5.0    4.0    3.0    3.0  -90.0  -90.0  -90.0    2.0    2.0    2.0    4.0
 1999  1  -90.0  -90.0   18.0    9.0    8.0    8.0    7.0    6.0  -90.0  -90.0  -90.0   37.0   34.0   32.0   29.0   26.0   23.0   35.0   30.0   28.0   25.0   24.0   22.0   21.0   20.0   20.0  -90.0   18.0   16.0   15.0   15.0
 1999  2   15.0   14.0   13.0   11.0    4.0    0.0    0.0    0.0    0.0   18.0   16.0   15.0   14.0   12.0   11.0   10.0    9.0    4.0    0.0  -90.0  -90.0  -90.0    3.0    0.0    0.0    0.0    0.0    0.0
 1999  3    0.0    0.0    0.0    9.0   18.0   14.0   14.0   13.0   12.0    7.0    4.0    0.0    0.0    0.0    0.0    0.0    0.0    0.0    0.0  -90.0  -90.0    0.0    0.0  -90.0    0.0   15.0   38.0   34.0   22.0   12.0    0.0
 1999  4    0.0    0.0    0.0    0.0    0.0    0.0    0.0    0.0    0.0    0.0    0.0    0.0    0.0    0.0    0.0    0.0    0.0    0.0    0.0    0.0    0.0    0.0    0.0  -90.0  -90.0  -90.0    3.0    0.0    0.0    0.0
 1999  5  -90.0  -90.0  -90.0  -90.0  -90.0  -90.0  -90.0  -90.0  -90.0  -90.0  -90.0  -90.0  -90.0  -90.0  -90.0  -90.0  -90.0  -90.0  -90.0  -90.0  -90.0  -90.0  -90.0  -90.0  -90.0  -90.0  -90.0  -90.0  -90.0  -90.0  -90.0
 1999  6  -90.0  -90.0  -90.0  -90.0  -90.0  -90.0  -90.0  -90.0  -90.0  -90.0  -90.0  -90.0  -90.0  -90.0  -90.0  -90.0  -90.0  -90.0  -90.0  -90.0  -90.0  -90.0  -90.0  -90.0  -90.0  -90.0  -90.0  -90.0  -90.0  -90.0
 1999  7  -90.0  -90.0  -90.0  -90.0  -90.0  -90.0  -90.0  -90.0  -90.0  -90.0  -90.0  -90.0  -90.0  -90.0  -90.0  -90.0  -90.0  -90.0  -90.0  -90.0  -90.0  -90.0  -90.0  -90.0  -90.0  -90.0  -90.0  -90.0  -90.0  -90.0  -90.0
 1999  8  -90.0  -90.0  -90.0  -90.0  -90.0  -90.0  -90.0  -90.0  -90.0  -90.0  -90.0  -90.0  -90.0  -90.0  -90.0  -90.0  -90.0  -90.0  -90.0  -90.0  -90.0  -90.0  -90.0  -90.0  -90.0  -90.0  -90.0  -90.0  -90.0  -90.0  -90.0
 1999  9  -90.0  -90.0  -90.0  -90.0  -90.0  -90.0  -90.0  -90.0  -90.0  -90.0  -90.0  -90.0  -90.0  -90.0  -90.0  -90.0  -90.0  -90.0  -90.0  -90.0  -90.0  -90.0  -90.0  -90.0  -90.0  -90.0  -90.0  -90.0  -90.0  -90.0
 1999 10  -90.0  -90.0  -90.0  -90.0  -90.0  -90.0  -90.0  -90.0  -90.0  -90.0  -90.0  -90.0  -90.0  -90.0  -90.0  -90.0  -90.0  -90.0  -90.0  -90.0  -90.0  -90.0  -90.0  -90.0  -90.0  -90.0  -90.0  -90.0  -90.0  -90.0  -90.0
 1999 11  -90.0  -90.0  -90.0  -90.0  -90.0  -90.0  -90.0  -90.0  -90.0  -90.0  -90.0  -90.0  -90.0  -90.0  -90.0  -90.0  -90.0  -90.0  -90.0  -90.0  -90.0  -90.0  -90.0  -90.0  -90.0  -90.0  -90.0  -90.0  -90.0  -90.0
 1999 12  -90.0  -90.0  -90.0  -90.0  -90.0  -90.0  -90.0  -90.0  -90.0    3.0  -90.0  -90.0  -90.0  -90.0  -90.0   16.0   18.0   16.0   13.0   11.0   16.0   15.0   14.0   14.0   13.0    9.0    5.0   13.0    9.0    9.0    8.0
 2000  1    8.0    8.0    7.0    7.0    6.0    6.0    6.0    5.0    5.0    5.0    5.0    5.0    5.0    5.0   11.0   11.0   10.0  -90.0    5.0    5.0    5.0    4.0    4.0    4.0    4.0    4.0    4.0    3.0    3.0    0.0    0.0
 2000  2    0.0  -90.0    0.0    0.0    0.0  -90.0    0.0    0.0    0.0    0.0  -90.0    0.0    0.0    0.0    0.0    0.0    0.0    0.0    0.0    0.0    0.0    0.0    0.0    0.0    0.0    0.0    0.0    0.0    0.0
 2000  3    0.0    0.0    0.0    0.0    0.0    0.0    0.0    0.0    0.0    0.0    0.0    0.0    0.0  -90.0    0.0  -90.0    0.0    0.0    5.0    8.0  -90.0    0.0  -90.0    0.0    0.0    0.0    0.0    0.0    7.0    0.0    0.0
 2000  4    3.0    0.0   12.0   19.0   13.0    0.0    0.0    0.0    0.0    7.0    0.0    0.0    0.0    0.0    0.0    0.0   22.0   12.0    0.0    0.0    0.0    0.0    0.0    0.0    0.0    0.0    0.0    0.0    0.0    0.0
 2000  5    0.0    0.0  -90.0  -90.0  -90.0  -90.0  -90.0  -90.0  -90.0  -90.0  -90.0  -90.0  -90.0  -90.0  -90.0  -90.0  -90.0  -90.0  -90.0  -90.0  -90.0  -90.0  -90.0  -90.0  -90.0  -90.0  -90.0  -90.0  -90.0  -90.0  -90.0
 2000  6  -90.0  -90.0  -90.0  -90.0  -90.0  -90.0  -90.0  -90.0  -90.0  -90.0  -90.0  -90.0  -90.0  -90.0  -90.0  -90.0  -90.0  -90.0  -90.0  -90.0  -90.0  -90.0  -90.0  -90.0  -90.0  -90.0  -90.0  -90.0  -90.0  -90.0
 2000  7  -90.0  -90.0  -90.0  -90.0  -90.0  -90.0  -90.0  -90.0  -90.0  -90.0  -90.0  -90.0  -90.0  -90.0  -90.0  -90.0  -90.0  -90.0  -90.0  -90.0  -90.0  -90.0  -90.0  -90.0  -90.0  -90.0  -90.0  -90.0  -90.0  -90.0  -90.0
 2000  8  -90.0  -90.0  -90.0  -90.0  -90.0  -90.0  -90.0  -90.0  -90.0  -90.0  -90.0  -90.0  -90.0  -90.0  -90.0  -90.0  -90.0  -90.0  -90.0  -90.0  -90.0  -90.0  -90.0  -90.0  -90.0  -90.0  -90.0  -90.0  -90.0  -90.0  -90.0
 2000  9  -90.0  -90.0  -90.0  -90.0  -90.0  -90.0  -90.0  -90.0  -90.0  -90.0  -90.0  -90.0  -90.0  -90.0  -90.0  -90.0  -90.0  -90.0  -90.0  -90.0  -90.0  -90.0  -90.0  -90.0  -90.0  -90.0  -90.0  -90.0  -90.0  -90.0
 2000 10  -90.0  -90.0  -90.0  -90.0  -90.0  -90.0  -90.0  -90.0  -90.0  -90.0  -90.0  -90.0  -90.0  -90.0  -90.0  -90.0  -90.0  -90.0  -90.0  -90.0  -90.0  -90.0  -90.0  -90.0  -90.0  -90.0  -90.0  -90.0  -90.0  -90.0  -90.0
 2000 11  -90.0  -90.0  -90.0  -90.0  -90.0  -90.0  -90.0  -90.0  -90.0  -90.0  -90.0  -90.0  -90.0  -90.0  -90.0  -90.0  -90.0  -90.0  -90.0  -90.0  -90.0  -90.0  -90.0  -90.0  -90.0  -90.0  -90.0  -90.0  -90.0  -90.0
 2000 12   59.0   58.0   61.0   56.0   53.0   53.0   52.0   51.0   47.0   45.0   44.0   42.0   40.0   39.0   33.0   32.0   32.0   32.0   32.0   31.0   31.0   31.0   31.0   31.0   60.0   57.0   59.0   58.0   57.0   56.0   55.0
 2001  1   55.0   59.0   62.0   60.0   63.0   62.0   59.0   56.0   55.0   55.0   55.0   54.0   58.0   58.0   57.0   56.0   55.0   58.0   57.0   56.0   56.0   55.0   55.0   54.0   60.0   59.0   59.0   59.0   59.0   59.0   59.0
 2001  2   58.0   58.0   57.0   57.0   53.0   52.0   52.0   51.0   52.0   55.0   53.0   52.0   52.0   52.0   54.0   52.0   50.0   60.0   55.0   51.0   49.0   44.0   43.0   40.0   46.0   49.0   45.0   57.0
 2001  3   55.0   51.0   88.0   75.0   60.0   51.0   49.0   59.0   75.0   60.0   54.0   45.0   40.0   35.0   28.0   24.0   27.0   22.0   17.0    9.0    0.0    0.0    0.0    0.0    0.0    0.0    0.0    0.0    0.0    2.0    0.0
 2001  4    0.0    0.0    0.0    0.0    0.0    0.0    0.0    0.0    0.0    0.0    0.0    0.0    0.0    0.0    0.0    0.0    0.0    0.0    0.0    0.0    0.0    0.0    2.0    0.0    0.0    0.0    0.0    0.0    0.0    0.0
 2001  5    0.0    0.0  -90.0  -90.0  -90.0  -90.0  -90.0  -90.0  -90.0  -90.0  -90.0  -90.0  -90.0  -90.0  -90.0  -90.0  -90.0  -90.0  -90.0  -90.0  -90.0  -90.0  -90.0  -90.0  -90.0  -90.0  -90.0  -90.0  -90.0  -90.0  -90.0
 2001  6  -90.0  -90.0  -90.0  -90.0  -90.0  -90.0  -90.0  -90.0  -90.0  -90.0  -90.0  -90.0  -90.0  -90.0  -90.0  -90.0  -90.0  -90.0  -90.0  -90.0  -90.0  -90.0  -90.0  -90.0  -90.0  -90.0  -90.0  -90.0  -90.0  -90.0
 2001  7  -90.0  -90.0  -90.0  -90.0  -90.0  -90.0  -90.0  -90.0  -90.0  -90.0  -90.0  -90.0  -90.0  -90.0  -90.0  -90.0  -90.0  -90.0  -90.0  -90.0  -90.0  -90.0  -90.0  -90.0  -90.0  -90.0  -90.0  -90.0  -90.0  -90.0  -90.0
 2001  8  -90.0  -90.0  -90.0  -90.0  -90.0  -90.0  -90.0  -90.0  -90.0  -90.0  -90.0  -90.0  -90.0  -90.0  -90.0  -90.0  -90.0  -90.0  -90.0  -90.0  -90.0  -90.0  -90.0  -90.0  -90.0  -90.0  -90.0  -90.0  -90.0  -90.0  -90.0
 2001  9  -90.0  -90.0  -90.0  -90.0  -90.0  -90.0  -90.0  -90.0  -90.0  -90.0  -90.0  -90.0  -90.0  -90.0  -90.0  -90.0  -90.0  -90.0  -90.0  -90.0  -90.0  -90.0  -90.0  -90.0  -90.0  -90.0  -90.0  -90.0  -90.0  -90.0
 2001 10  -90.0  -90.0  -90.0  -90.0  -90.0  -90.0  -90.0  -90.0  -90.0  -90.0  -90.0  -90.0  -90.0  -90.0  -90.0  -90.0  -90.0  -90.0  -90.0  -90.0  -90.0  -90.0  -90.0  -90.0  -90.0  -90.0  -90.0  -90.0  -90.0  -90.0  -90.0
 2001 11  -90.0  -90.0  -90.0  -90.0  -90.0  -90.0  -90.0  -90.0  -90.0  -90.0  -90.0  -90.0  -90.0  -90.0  -90.0  -90.0  -90.0  -90.0  -90.0  -90.0  -90.0  -90.0  -90.0  -90.0  -90.0  -90.0  -90.0  -90.0  -90.0  -90.0
 2001 12    0.0    0.0    0.0    0.0    0.0    0.0    0.0    0.0    0.0    0.0    0.0    0.0    0.0    5.0   12.0    9.0    8.0    8.0    7.0    7.0    6.0    6.0    5.0    5.0    5.0    5.0    4.0    3.0    3.0    0.0    0.0
 2002  1    0.0    0.0    0.0    0.0    0.0    0.0    0.0    0.0    0.0    0.0    0.0    0.0    0.0    0.0    0.0    0.0    0.0    0.0    0.0    0.0    0.0    0.0    0.0   10.0   10.0    8.0    3.0    0.0    0.0    0.0    0.0
 2002  2    0.0    0.0    0.0    0.0    0.0   15.0   28.0   25.0   18.0   14.0   10.0    6.0    3.0    0.0   52.0   80.0   71.0   66.0   52.0   45.0   40.0   38.0   35.0   29.0   27.0   24.0   15.0    5.0
 2002  3    0.0    2.0    3.0    0.0    0.0   42.0   26.0   19.0    9.0    5.0    0.0    0.0    0.0    0.0    0.0    0.0    0.0    0.0    0.0    0.0    0.0    0.0    0.0    0.0    0.0    0.0    0.0    0.0    0.0    0.0    0.0
 2002  4    0.0    0.0    0.0    0.0    0.0    0.0    0.0    0.0    0.0    4.0   21.0   24.0   10.0    8.0    0.0    0.0    0.0    0.0    0.0    0.0    5.0    0.0    0.0    0.0    0.0    0.0    0.0    0.0    0.0    0.0
 2002  5  -90.0  -90.0  -90.0  -90.0  -90.0  -90.0  -90.0  -90.0  -90.0  -90.0  -90.0  -90.0  -90.0  -90.0  -90.0  -90.0  -90.0  -90.0  -90.0  -90.0  -90.0  -90.0  -90.0  -90.0  -90.0  -90.0  -90.0  -90.0  -90.0  -90.0  -90.0
 2002  6  -90.0  -90.0  -90.0  -90.0  -90.0  -90.0  -90.0  -90.0  -90.0  -90.0  -90.0  -90.0  -90.0  -90.0  -90.0  -90.0  -90.0  -90.0  -90.0  -90.0  -90.0  -90.0  -90.0  -90.0  -90.0  -90.0  -90.0  -90.0  -90.0  -90.0
 2002  7  -90.0  -90.0  -90.0  -90.0  -90.0  -90.0  -90.0  -90.0  -90.0  -90.0  -90.0  -90.0  -90.0  -90.0  -90.0  -90.0  -90.0  -90.0  -90.0  -90.0  -90.0  -90.0  -90.0  -90.0  -90.0  -90.0  -90.0  -90.0  -90.0  -90.0  -90.0
 2002  8  -90.0  -90.0  -90.0  -90.0  -90.0  -90.0  -90.0  -90.0  -90.0  -90.0  -90.0  -90.0  -90.0  -90.0  -90.0  -90.0  -90.0  -90.0  -90.0  -90.0  -90.0  -90.0  -90.0  -90.0  -90.0  -90.0  -90.0  -90.0  -90.0  -90.0  -90.0
 2002  9  -90.0  -90.0  -90.0  -90.0  -90.0  -90.0  -90.0  -90.0  -90.0  -90.0  -90.0  -90.0  -90.0  -90.0  -90.0  -90.0  -90.0  -90.0  -90.0  -90.0  -90.0  -90.0  -90.0  -90.0  -90.0  -90.0  -90.0  -90.0  -90.0  -90.0
 2002 10  -90.0  -90.0  -90.0  -90.0  -90.0  -90.0  -90.0  -90.0  -90.0  -90.0  -90.0  -90.0  -90.0  -90.0  -90.0  -90.0  -90.0  -90.0  -90.0  -90.0  -90.0  -90.0  -90.0  -90.0  -90.0  -90.0  -90.0  -90.0  -90.0  -90.0  -90.0
 2002 11  -90.0  -90.0  -90.0  -90.0  -90.0  -90.0  -90.0  -90.0  -90.0  -90.0  -90.0  -90.0  -90.0  -90.0  -90.0  -90.0  -90.0  -90.0  -90.0  -90.0  -90.0  -90.0  -90.0  -90.0  -90.0  -90.0  -90.0  -90.0  -90.0  -90.0
 2002 12    4.0    3.0    3.0    6.0    4.0   50.0   52.0   43.0   42.0   40.0   39.0   45.0   58.0   49.0   46.0   42.0   40.0   42.0   40.0   40.0   39.0   37.0   36.0   31.0   31.0   31.0   30.0   52.0   51.0   47.0   38.0
 2003  1   37.0   35.0   30.0   29.0   28.0   28.0   37.0   37.0   36.0   35.0   35.0   35.0   35.0   34.0   34.0   33.0   33.0   33.0   33.0   32.0   36.0   50.0   48.0   47.0   45.0   44.0   44.0   41.0   38.0   37.0   36.0
 2003  2   35.0   35.0   34.0   46.0   43.0   42.0   40.0   39.0   38.0   38.0   38.0   37.0   37.0   37.0   37.0   42.0   52.0   51.0   49.0   48.0   46.0   44.0   43.0   41.0   39.0   38.0   39.0   39.0
 2003  3   36.0   35.0   30.0   28.0   23.0   20.0   18.0   15.0    6.0    0.0    0.0    0.0    0.0    0.0    5.0    5.0    0.0    0.0    0.0    0.0    0.0    1.0    0.0    0.0    0.0    0.0    0.0    0.0    0.0    0.0    0.0
 2003  4    0.0    0.0    0.0    1.0    0.0    0.0    0.0    2.0    0.0   22.0   15.0   22.0    3.0    0.0    0.0    0.0    0.0    0.0    0.0    5.0    4.0    0.0    0.0    0.0    0.0    0.0    0.0    0.0    0.0  -90.0
 2003  5  -90.0  -90.0  -90.0  -90.0  -90.0  -90.0  -90.0  -90.0  -90.0  -90.0  -90.0  -90.0  -90.0  -90.0  -90.0  -90.0  -90.0  -90.0  -90.0  -90.0  -90.0  -90.0  -90.0  -90.0  -90.0  -90.0  -90.0  -90.0  -90.0  -90.0  -90.0
 2003  6  -90.0  -90.0  -90.0  -90.0  -90.0  -90.0  -90.0  -90.0  -90.0  -90.0  -90.0  -90.0  -90.0  -90.0  -90.0  -90.0  -90.0  -90.0  -90.0  -90.0  -90.0  -90.0  -90.0  -90.0  -90.0  -90.0  -90.0  -90.0  -90.0  -90.0
 2003  7  -90.0  -90.0  -90.0  -90.0  -90.0  -90.0  -90.0  -90.0  -90.0  -90.0  -90.0  -90.0  -90.0  -90.0  -90.0  -90.0  -90.0  -90.0  -90.0  -90.0  -90.0  -90.0  -90.0  -90.0  -90.0  -90.0  -90.0  -90.0  -90.0  -90.0  -90.0
 2003  8  -90.0  -90.0  -90.0  -90.0  -90.0  -90.0  -90.0  -90.0  -90.0  -90.0  -90.0  -90.0  -90.0  -90.0  -90.0  -90.0  -90.0  -90.0  -90.0  -90.0  -90.0  -90.0  -90.0  -90.0  -90.0  -90.0  -90.0  -90.0  -90.0  -90.0  -90.0
 2003  9  -90.0  -90.0  -90.0  -90.0  -90.0  -90.0  -90.0  -90.0  -90.0  -90.0  -90.0  -90.0  -90.0  -90.0  -90.0  -90.0  -90.0  -90.0  -90.0  -90.0  -90.0  -90.0  -90.0  -90.0  -90.0  -90.0  -90.0  -90.0  -90.0  -90.0
 2003 10  -90.0  -90.0  -90.0  -90.0  -90.0  -90.0  -90.0  -90.0  -90.0  -90.0  -90.0  -90.0  -90.0  -90.0  -90.0  -90.0  -90.0  -90.0  -90.0  -90.0  -90.0  -90.0  -90.0  -90.0  -90.0  -90.0  -90.0  -90.0  -90.0  -90.0  -90.0
 2003 11  -90.0  -90.0  -90.0  -90.0  -90.0  -90.0  -90.0  -90.0  -90.0  -90.0  -90.0  -90.0  -90.0  -90.0  -90.0  -90.0  -90.0  -90.0  -90.0  -90.0  -90.0  -90.0  -90.0  -90.0  -90.0  -90.0  -90.0  -90.0  -90.0  -90.0
 2003 12   29.0   54.0   55.0   40.0   40.0   39.0   39.0   39.0   39.0   38.0   38.0   38.0   38.0   37.0   36.0   35.0   34.0   32.0   32.0   31.0   31.0   31.0   30.0   30.0   30.0   30.0   30.0   34.0   45.0   44.0   45.0
 2004  1   62.0   62.0   64.0   62.0   59.0   59.0   58.0   58.0   57.0   54.0   52.0   50.0   45.0   36.0   35.0   34.0   35.0   46.0   95.0   85.0   76.0   74.0   72.0   70.0   69.0   68.0   78.0   75.0   70.0   66.0   65.0
 2004  2   62.0   60.0   59.0   56.0   53.0   48.0   44.0   40.0   37.0   36.0   35.0   30.0   30.0   29.0   28.0   27.0   25.0   24.0   28.0   34.0   76.0   90.0   65.0   53.0   52.0   51.0   50.0   50.0   50.0
 2004  3   50.0   49.0   49.0   42.0   39.0   38.0   38.0   37.0   37.0   35.0   35.0   33.0   33.0   32.0   32.0   26.0   15.0   12.0    0.0    0.0    0.0    0.0    1.0    0.0    0.0   11.0    3.0    6.0    0.0    0.0    1.0
 2004  4    0.0    0.0    0.0    0.0    0.0    0.0    0.0    0.0    9.0   15.0    7.0    0.0    0.0    0.0    4.0    2.0    3.0    0.0    0.0    0.0    0.0    0.0    0.0    0.0    0.0    0.0    0.0    0.0    0.0    1.0
 2004  5  -90.0  -90.0  -90.0  -90.0  -90.0  -90.0  -90.0  -90.0  -90.0  -90.0  -90.0  -90.0  -90.0  -90.0  -90.0  -90.0  -90.0  -90.0  -90.0  -90.0  -90.0  -90.0  -90.0  -90.0  -90.0  -90.0  -90.0  -90.0  -90.0  -90.0  -90.0
 2004  6  -90.0  -90.0  -90.0  -90.0  -90.0  -90.0  -90.0  -90.0  -90.0  -90.0  -90.0  -90.0  -90.0  -90.0  -90.0  -90.0  -90.0  -90.0  -90.0  -90.0  -90.0  -90.0  -90.0  -90.0  -90.0  -90.0  -90.0  -90.0  -90.0  -90.0
 2004  7  -90.0  -90.0  -90.0  -90.0  -90.0  -90.0  -90.0  -90.0  -90.0  -90.0  -90.0  -90.0  -90.0  -90.0  -90.0  -90.0  -90.0  -90.0  -90.0  -90.0  -90.0  -90.0  -90.0  -90.0  -90.0  -90.0  -90.0  -90.0  -90.0  -90.0  -90.0
 2004  8  -90.0  -90.0  -90.0  -90.0  -90.0  -90.0  -90.0  -90.0  -90.0  -90.0  -90.0  -90.0  -90.0  -90.0  -90.0  -90.0  -90.0  -90.0  -90.0  -90.0  -90.0  -90.0  -90.0  -90.0  -90.0  -90.0  -90.0  -90.0  -90.0  -90.0  -90.0
 2004  9  -90.0  -90.0  -90.0  -90.0  -90.0  -90.0  -90.0  -90.0  -90.0  -90.0  -90.0  -90.0  -90.0  -90.0  -90.0  -90.0  -90.0  -90.0  -90.0  -90.0  -90.0  -90.0  -90.0  -90.0  -90.0  -90.0  -90.0  -90.0  -90.0  -90.0
 2004 10  -90.0  -90.0  -90.0  -90.0  -90.0  -90.0  -90.0  -90.0  -90.0  -90.0  -90.0  -90.0  -90.0  -90.0  -90.0  -90.0  -90.0  -90.0  -90.0  -90.0  -90.0  -90.0  -90.0  -90.0  -90.0  -90.0  -90.0  -90.0  -90.0  -90.0  -90.0
 2004 11  -90.0  -90.0  -90.0  -90.0  -90.0  -90.0  -90.0  -90.0  -90.0  -90.0  -90.0  -90.0  -90.0  -90.0  -90.0  -90.0  -90.0  -90.0  -90.0  -90.0  -90.0  -90.0  -90.0  -90.0  -90.0  -90.0  -90.0  -90.0  -90.0  -90.0
 2004 12   26.0   21.0   23.0   21.0   21.0   18.0   10.0    7.0    3.0    2.0    2.0    1.0    1.0    1.0    1.0    1.0    1.0    1.0    1.0    2.0    2.0    2.0    2.0    1.0    1.0   14.0   29.0   27.0   20.0   20.0   20.0
 2005  1   19.0   18.0   17.0   17.0   16.0   15.0   14.0   14.0   13.0   13.0   12.0   12.0   11.0   11.0   10.0   10.0    9.0    8.0    8.0    7.0    3.0    0.0    0.0    0.0    3.0    2.0    1.0    0.0    0.0    0.0    0.0
 2005  2    0.0    0.0    0.0    0.0    0.0    0.0    0.0    0.0    0.0    0.0    0.0    0.0    0.0    0.0    0.0    0.0    0.0    0.0    0.0    3.0    9.0   12.0   16.0   14.0   16.0   14.0   12.0   25.0
 2005  3   23.0   20.0   24.0   23.0   21.0   20.0   21.0   20.0   18.0   10.0    5.0    2.0    0.0    0.0    0.0    0.0    0.0    0.0    0.0    0.0    0.0    0.0    0.0    0.0    0.0    0.0    0.0    0.0    0.0    0.0    0.0
 2005  4    0.0    0.0    0.0    0.0    0.0    0.0    0.0    0.0    0.0   37.0   27.0   24.0   17.0    5.0    0.0    8.0   25.0   10.0    3.0    0.0    0.0    1.0    0.0    1.0    6.0    0.0    0.0    0.0    0.0    0.0
 2005  5    0.0    0.0  -90.0  -90.0  -90.0  -90.0  -90.0  -90.0  -90.0  -90.0  -90.0  -90.0  -90.0  -90.0  -90.0  -90.0  -90.0  -90.0  -90.0  -90.0  -90.0  -90.0  -90.0  -90.0  -90.0  -90.0  -90.0  -90.0  -90.0  -90.0  -90.0
 2005  6  -90.0  -90.0  -90.0  -90.0  -90.0  -90.0  -90.0  -90.0  -90.0  -90.0  -90.0  -90.0  -90.0  -90.0  -90.0  -90.0  -90.0  -90.0  -90.0  -90.0  -90.0  -90.0  -90.0  -90.0  -90.0  -90.0  -90.0  -90.0  -90.0  -90.0
 2005  7  -90.0  -90.0  -90.0  -90.0  -90.0  -90.0  -90.0  -90.0  -90.0  -90.0  -90.0  -90.0  -90.0  -90.0  -90.0  -90.0  -90.0  -90.0  -90.0  -90.0  -90.0  -90.0  -90.0  -90.0  -90.0  -90.0  -90.0  -90.0  -90.0  -90.0  -90.0
 2005  8  -90.0  -90.0  -90.0  -90.0  -90.0  -90.0  -90.0  -90.0  -90.0  -90.0  -90.0  -90.0  -90.0  -90.0  -90.0  -90.0  -90.0  -90.0  -90.0  -90.0  -90.0  -90.0  -90.0  -90.0  -90.0  -90.0  -90.0  -90.0  -90.0  -90.0  -90.0
 2005  9  -90.0  -90.0  -90.0  -90.0  -90.0  -90.0  -90.0  -90.0  -90.0  -90.0  -90.0  -90.0  -90.0  -90.0  -90.0  -90.0  -90.0  -90.0  -90.0  -90.0  -90.0  -90.0  -90.0  -90.0  -90.0  -90.0  -90.0  -90.0  -90.0  -90.0
 2005 10  -90.0  -90.0  -90.0  -90.0  -90.0  -90.0  -90.0  -90.0  -90.0  -90.0  -90.0  -90.0  -90.0  -90.0  -90.0  -90.0  -90.0  -90.0  -90.0  -90.0  -90.0  -90.0  -90.0  -90.0  -90.0  -90.0  -90.0  -90.0  -90.0  -90.0  -90.0
 2005 11  -90.0  -90.0  -90.0  -90.0  -90.0  -90.0  -90.0  -90.0  -90.0  -90.0  -90.0  -90.0  -90.0  -90.0  -90.0  -90.0  -90.0  -90.0  -90.0  -90.0  -90.0  -90.0  -90.0  -90.0  -90.0  -90.0  -90.0  -90.0  -90.0  -90.0
 2005 12    7.0    6.0   37.0   34.0   31.0   29.0   27.0   26.0   25.0   24.0   23.0   27.0   46.0   42.0   40.0   38.0   24.0   23.0   22.0   22.0   22.0   22.0   22.0   22.0   22.0   22.0   22.0   22.0   22.0   22.0   22.0
 2006  1   22.0   21.0   21.0   21.0   21.0   21.0   21.0   21.0   21.0   21.0   21.0   21.0   21.0   20.0   20.0   20.0   21.0   21.0   19.0   18.0   17.0   17.0   17.0   17.0   16.0   16.0   24.0   38.0   50.0   51.0   53.0
 2006  2   48.0   46.0   42.0   42.0   41.0   41.0   40.0   39.0   39.0   38.0   38.0   38.0   37.0   37.0   36.0   36.0   33.0   32.0   32.0   80.0   60.0   58.0   57.0   58.0   68.0   65.0   63.0   61.0
 2006  3   60.0   59.0   60.0   57.0   50.0   47.0   45.0   44.0   40.0   35.0   33.0   32.0   31.0   30.0   29.0   27.0   25.0   23.0   24.0   22.0   20.0   20.0   15.0    8.0    0.0    0.0    0.0    0.0    0.0    0.0    0.0
 2006  4    0.0    0.0    0.0    0.0    1.0    0.0    0.0    0.0    0.0    0.0    0.0    0.0    0.0    0.0    0.0    0.0    0.0    0.0    0.0    0.0    0.0    0.0    0.0    0.0    0.0    0.0    0.0    0.0    0.0    0.0
 2006  5  -90.0  -90.0  -90.0  -90.0  -90.0  -90.0  -90.0  -90.0  -90.0  -90.0  -90.0  -90.0  -90.0  -90.0  -90.0  -90.0  -90.0  -90.0  -90.0  -90.0  -90.0  -90.0  -90.0  -90.0  -90.0  -90.0  -90.0  -90.0  -90.0  -90.0  -90.0
 2006  6  -90.0  -90.0  -90.0  -90.0  -90.0  -90.0  -90.0  -90.0  -90.0  -90.0  -90.0  -90.0  -90.0  -90.0  -90.0  -90.0  -90.0  -90.0  -90.0  -90.0  -90.0  -90.0  -90.0  -90.0  -90.0  -90.0  -90.0  -90.0  -90.0  -90.0
 2006  7  -90.0  -90.0  -90.0  -90.0  -90.0  -90.0  -90.0  -90.0  -90.0  -90.0  -90.0  -90.0  -90.0  -90.0  -90.0  -90.0  -90.0  -90.0  -90.0  -90.0  -90.0  -90.0  -90.0  -90.0  -90.0  -90.0  -90.0  -90.0  -90.0  -90.0  -90.0
 2006  8  -90.0  -90.0  -90.0  -90.0  -90.0  -90.0  -90.0  -90.0  -90.0  -90.0  -90.0  -90.0  -90.0  -90.0  -90.0  -90.0  -90.0  -90.0  -90.0  -90.0  -90.0  -90.0  -90.0  -90.0  -90.0  -90.0  -90.0  -90.0  -90.0  -90.0  -90.0
 2006  9  -90.0  -90.0  -90.0  -90.0  -90.0  -90.0  -90.0  -90.0  -90.0  -90.0  -90.0  -90.0  -90.0  -90.0  -90.0  -90.0  -90.0  -90.0  -90.0  -90.0  -90.0  -90.0  -90.0  -90.0  -90.0  -90.0  -90.0  -90.0  -90.0  -90.0
 2006 10  -90.0  -90.0  -90.0  -90.0  -90.0  -90.0  -90.0  -90.0  -90.0  -90.0  -90.0  -90.0  -90.0  -90.0  -90.0  -90.0  -90.0  -90.0  -90.0  -90.0  -90.0  -90.0  -90.0  -90.0  -90.0  -90.0  -90.0  -90.0  -90.0  -90.0  -90.0
 2006 11  -90.0  -90.0  -90.0  -90.0  -90.0  -90.0  -90.0  -90.0  -90.0  -90.0  -90.0  -90.0  -90.0  -90.0  -90.0  -90.0  -90.0  -90.0  -90.0  -90.0  -90.0  -90.0  -90.0  -90.0  -90.0  -90.0  -90.0  -90.0  -90.0  -90.0
 2006 12    0.0    0.0    0.0    0.0    0.0    0.0    1.0    0.0    9.0    8.0    8.0    8.0    8.0    8.0    8.0    8.0    7.0    7.0   10.0    9.0    8.0   12.0   11.0   10.0   10.0   10.0   10.0    9.0    9.0    9.0    8.0
 2007  1    7.0    4.0    2.0    2.0    1.0    1.0    0.0    0.0    0.0    0.0    0.0    0.0    0.0    0.0    0.0    0.0    0.0    0.0    0.0    0.0    0.0    0.0    9.0   21.0   23.0   22.0   21.0   20.0   17.0   15.0   13.0
 2007  2  -90.0    9.0    8.0    6.0    5.0    3.0    2.0    2.0    0.0    0.0    0.0    0.0    2.0    0.0    2.0    0.0    0.0    1.0    1.0    0.0    0.0    0.0    0.0    0.0    0.0    0.0    0.0    0.0
 2007  3    0.0    0.0    0.0    0.0    0.0    0.0    0.0    1.0    0.0    0.0    0.0    0.0    0.0    0.0    0.0    0.0    0.0    0.0    0.0    0.0    1.0    0.0    0.0    0.0    7.0   40.0   58.0   45.0   30.0   22.0   29.0
 2007  4   29.0   25.0   15.0    5.0    9.0    0.0    0.0    0.0    0.0    0.0    0.0    0.0    0.0    0.0    0.0    0.0    0.0    0.0    0.0    0.0    0.0    0.0    0.0    0.0    0.0    0.0    0.0    0.0    0.0    0.0
 2007  5  -90.0  -90.0  -90.0  -90.0  -90.0  -90.0  -90.0  -90.0  -90.0  -90.0  -90.0  -90.0  -90.0  -90.0  -90.0  -90.0  -90.0  -90.0  -90.0  -90.0  -90.0  -90.0  -90.0  -90.0  -90.0  -90.0  -90.0  -90.0  -90.0  -90.0  -90.0
 2007  6  -90.0  -90.0  -90.0  -90.0  -90.0  -90.0  -90.0  -90.0  -90.0  -90.0  -90.0  -90.0  -90.0  -90.0  -90.0  -90.0  -90.0  -90.0  -90.0  -90.0  -90.0  -90.0  -90.0  -90.0  -90.0  -90.0  -90.0  -90.0  -90.0  -90.0
 2007  7  -90.0  -90.0  -90.0  -90.0  -90.0  -90.0  -90.0  -90.0  -90.0  -90.0  -90.0  -90.0  -90.0  -90.0  -90.0  -90.0  -90.0  -90.0  -90.0  -90.0  -90.0  -90.0  -90.0  -90.0  -90.0  -90.0  -90.0  -90.0  -90.0  -90.0  -90.0
 2007  8  -90.0  -90.0  -90.0  -90.0  -90.0  -90.0  -90.0  -90.0  -90.0  -90.0  -90.0  -90.0  -90.0  -90.0  -90.0  -90.0  -90.0  -90.0  -90.0  -90.0  -90.0  -90.0  -90.0  -90.0  -90.0  -90.0  -90.0  -90.0  -90.0  -90.0  -90.0
 2007  9  -90.0  -90.0  -90.0  -90.0  -90.0  -90.0  -90.0  -90.0  -90.0  -90.0  -90.0  -90.0  -90.0  -90.0  -90.0  -90.0  -90.0  -90.0  -90.0  -90.0  -90.0  -90.0  -90.0  -90.0  -90.0  -90.0  -90.0  -90.0  -90.0  -90.0
 2007 10  -90.0  -90.0  -90.0  -90.0  -90.0  -90.0  -90.0  -90.0  -90.0  -90.0  -90.0  -90.0  -90.0  -90.0  -90.0  -90.0  -90.0  -90.0  -90.0  -90.0  -90.0  -90.0  -90.0  -90.0  -90.0  -90.0  -90.0  -90.0  -90.0  -90.0  -90.0
 2007 11  -90.0  -90.0  -90.0  -90.0  -90.0  -90.0  -90.0  -90.0  -90.0  -90.0  -90.0  -90.0  -90.0  -90.0  -90.0  -90.0  -90.0  -90.0  -90.0  -90.0  -90.0  -90.0  -90.0  -90.0  -90.0  -90.0  -90.0  -90.0  -90.0  -90.0
 2007 12  -90.0  -90.0  -90.0  -90.0  -90.0  -90.0  -90.0  -90.0  -90.0  -90.0  -90.0  -90.0  -90.0  -90.0  -90.0  -90.0  -90.0  -90.0  -90.0  -90.0  -90.0  -90.0  -90.0  -90.0  -90.0  -90.0  -90.0  -90.0  -90.0  -90.0  -90.0
