 1987  1  -90.0  -90.0  -90.0  -90.0  -90.0  -90.0  -90.0  -90.0  -90.0  -90.0  -90.0  -90.0  -90.0  -90.0  -90.0  -90.0  -90.0  -90.0  -90.0  -90.0  -90.0  -90.0  -90.0  -90.0  -90.0  -90.0  -90.0  -90.0  -90.0  -90.0  -90.0
 1987  2  -90.0  -90.0  -90.0  -90.0  -90.0  -90.0  -90.0  -90.0  -90.0  -90.0  -90.0  -90.0  -90.0  -90.0  -90.0  -90.0  -90.0  -90.0  -90.0  -90.0  -90.0  -90.0  -90.0  -90.0  -90.0  -90.0  -90.0  -90.0
 1987  3  -90.0  -90.0  -90.0  -90.0  -90.0  -90.0  -90.0  -90.0  -90.0  -90.0  -90.0  -90.0  -90.0  -90.0  -90.0  -90.0  -90.0  -90.0  -90.0  -90.0  -90.0  -90.0  -90.0  -90.0  -90.0  -90.0  -90.0  -90.0  -90.0  -90.0  -90.0
 1987  4  -90.0  -90.0  -90.0  -90.0  -90.0  -90.0  -90.0  -90.0  -90.0  -90.0  -90.0  -90.0  -90.0  -90.0  -90.0  -90.0  -90.0  -90.0  -90.0  -90.0  -90.0  -90.0  -90.0  -90.0  -90.0  -90.0  -90.0  -90.0  -90.0  -90.0
 1987  5  -90.0  -90.0  -90.0  -90.0  -90.0  -90.0  -90.0  -90.0  -90.0  -90.0  -90.0  -90.0  -90.0  -90.0  -90.0  -90.0  -90.0  -90.0  -90.0  -90.0  -90.0  -90.0  -90.0  -90.0  -90.0  -90.0  -90.0  -90.0  -90.0  -90.0  -90.0
 1987  6  -90.0  -90.0  -90.0  -90.0  -90.0  -90.0  -90.0  -90.0  -90.0  -90.0  -90.0  -90.0  -90.0  -90.0  -90.0  -90.0  -90.0  -90.0  -90.0  -90.0  -90.0  -90.0  -90.0  -90.0  -90.0  -90.0  -90.0  -90.0  -90.0  -90.0
 1987  7  -90.0  -90.0  -90.0  -90.0  -90.0  -90.0  -90.0  -90.0  -90.0  -90.0  -90.0  -90.0  -90.0  -90.0  -90.0  -90.0  -90.0  -90.0  -90.0  -90.0  -90.0  -90.0  -90.0  -90.0  -90.0  -90.0  -90.0  -90.0  -90.0  -90.0  -90.0
 1987  8  -90.0  -90.0  -90.0  -90.0  -90.0  -90.0  -90.0  -90.0  -90.0  -90.0  -90.0  -90.0  -90.0  -90.0  -90.0  -90.0  -90.0  -90.0  -90.0  -90.0  -90.0  -90.0  -90.0  -90.0  -90.0  -90.0  -90.0  -90.0  -90.0  -90.0  -90.0
 1987  9  -90.0  -90.0  -90.0  -90.0  -90.0  -90.0  -90.0  -90.0  -90.0  -90.0  -90.0  -90.0  -90.0  -90.0  -90.0  -90.0  -90.0  -90.0  -90.0  -90.0  -90.0  -90.0  -90.0  -90.0  -90.0  -90.0  -90.0  -90.0  -90.0  -90.0
 1987 10  -90.0  -90.0  -90.0  -90.0  -90.0  -90.0  -90.0  -90.0  -90.0  -90.0  -90.0  -90.0  -90.0  -90.0  -90.0  -90.0  -90.0  -90.0  -90.0  -90.0  -90.0  -90.0  -90.0  -90.0  -90.0  -90.0  -90.0  -90.0  -90.0  -90.0  -90.0
 1987 11  -90.0  -90.0  -90.0  -90.0  -90.0  -90.0  -90.0  -90.0  -90.0  -90.0  -90.0  -90.0  -90.0  -90.0  -90.0  -90.0  -90.0  -90.0  -90.0  -90.0  -90.0  -90.0  -90.0  -90.0  -90.0  -90.0  -90.0  -90.0  -90.0  -90.0
 1987 12  -90.0  -90.0  -90.0  -90.0  -90.0  -90.0  -90.0  -90.0  -90.0  -90.0  -90.0  -90.0  -90.0  -90.0  -90.0  -90.0  -90.0  -90.0  -90.0  -90.0  -90.0  -90.0  -90.0   10.0   20.0   20.0   20.0   30.0   20.0   30.0   30.0
 1988  1   30.0   30.0   30.0   30.0   80.0   20.0   30.0   40.0   40.0   40.0   40.0   40.0   40.0   40.0   50.0   60.0   60.0   60.0   50.0   50.0   60.0   70.0   80.0   70.0   80.0   80.0   80.0   70.0  100.0  110.0  100.0
 1988  2   90.0   90.0  100.0   90.0   90.0  100.0  140.0  130.0  120.0  110.0  110.0  110.0  100.0  100.0  100.0  100.0   90.0   90.0   80.0   80.0   80.0   80.0   60.0   70.0   80.0   80.0   70.0   80.0   70.0
 1988  3   70.0   70.0   70.0  -90.0  -90.0  -90.0  -90.0  -90.0  -90.0  -90.0  -90.0  -90.0  -90.0  -90.0  -90.0  -90.0  -90.0  -90.0  -90.0  -90.0  -90.0  -90.0  -90.0  -90.0  -90.0  -90.0  -90.0  -90.0  -90.0  -90.0  -90.0
 1988  4  -90.0  -90.0  -90.0  -90.0  -90.0  -90.0  -90.0  -90.0  -90.0  -90.0  -90.0  -90.0  -90.0  -90.0  -90.0  -90.0  -90.0  -90.0  -90.0  -90.0  -90.0  -90.0  -90.0  -90.0  -90.0  -90.0  -90.0  -90.0  -90.0  -90.0
 1988  5  -90.0  -90.0  -90.0  -90.0  -90.0  -90.0  -90.0  -90.0  -90.0  -90.0  -90.0  -90.0  -90.0  -90.0  -90.0  -90.0  -90.0  -90.0  -90.0  -90.0  -90.0  -90.0  -90.0  -90.0  -90.0  -90.0  -90.0  -90.0  -90.0  -90.0  -90.0
 1988  6  -90.0  -90.0  -90.0  -90.0  -90.0  -90.0  -90.0  -90.0  -90.0  -90.0  -90.0  -90.0  -90.0  -90.0  -90.0  -90.0  -90.0  -90.0  -90.0  -90.0  -90.0  -90.0  -90.0  -90.0  -90.0  -90.0  -90.0  -90.0  -90.0  -90.0
 1988  7  -90.0  -90.0  -90.0  -90.0  -90.0  -90.0  -90.0  -90.0  -90.0  -90.0  -90.0  -90.0  -90.0  -90.0  -90.0  -90.0  -90.0  -90.0  -90.0  -90.0  -90.0  -90.0  -90.0  -90.0  -90.0  -90.0  -90.0  -90.0  -90.0  -90.0  -90.0
 1988  8  -90.0  -90.0  -90.0  -90.0  -90.0  -90.0  -90.0  -90.0  -90.0  -90.0  -90.0  -90.0  -90.0  -90.0  -90.0  -90.0  -90.0  -90.0  -90.0  -90.0  -90.0  -90.0  -90.0  -90.0  -90.0  -90.0  -90.0  -90.0  -90.0  -90.0  -90.0
 1988  9  -90.0  -90.0  -90.0  -90.0  -90.0  -90.0  -90.0  -90.0  -90.0  -90.0  -90.0  -90.0  -90.0  -90.0  -90.0  -90.0  -90.0  -90.0  -90.0  -90.0  -90.0  -90.0  -90.0  -90.0  -90.0  -90.0  -90.0  -90.0  -90.0  -90.0
 1988 10  -90.0  -90.0  -90.0  -90.0  -90.0  -90.0  -90.0  -90.0  -90.0  -90.0  -90.0  -90.0  -90.0  -90.0  -90.0  -90.0  -90.0  -90.0  -90.0  -90.0  -90.0  -90.0  -90.0  -90.0  -90.0  -90.0  -90.0  -90.0  -90.0  -90.0  -90.0
 1988 11  -90.0  -90.0  -90.0  -90.0  -90.0  -90.0  -90.0  -90.0  -90.0  -90.0  -90.0  -90.0  -90.0  -90.0  -90.0  -90.0  -90.0  -90.0  -90.0  -90.0  -90.0  -90.0  -90.0  -90.0    0.0  -90.0    0.0  -90.0    0.0  -90.0
 1988 12    0.0   30.0   30.0   30.0   40.0   40.0   40.0   40.0   40.0   40.0   40.0   30.0   30.0   30.0   30.0   30.0   30.0   30.0   30.0   30.0   30.0   20.0   20.0   20.0   20.0   20.0   20.0   20.0   20.0   20.0   20.0
 1989  1   20.0   10.0   10.0   20.0   20.0   20.0   10.0   20.0   20.0   20.0  -90.0   10.0   20.0   20.0   20.0   20.0   20.0  -90.0  -90.0  -90.0  -90.0  -90.0  -90.0  -90.0  -90.0  -90.0  -90.0  -90.0  -90.0  -90.0  -90.0
 1989  2  -90.0  -90.0  -90.0  -90.0  -90.0  -90.0  -90.0  -90.0  -90.0  -90.0  -90.0  -90.0  -90.0  -90.0  -90.0  -90.0  -90.0  -90.0  -90.0  -90.0  -90.0  -90.0  -90.0  -90.0  -90.0  -90.0  -90.0  -90.0
 1989  3  -90.0  -90.0  -90.0  -90.0  -90.0  -90.0  -90.0  -90.0  -90.0  -90.0  -90.0  -90.0  -90.0  -90.0  -90.0  -90.0  -90.0  -90.0  -90.0  -90.0  -90.0  -90.0  -90.0  -90.0  -90.0  -90.0  -90.0  -90.0  -90.0  -90.0  -90.0
 1989  4  -90.0  -90.0  -90.0  -90.0  -90.0  -90.0  -90.0  -90.0  -90.0  -90.0  -90.0  -90.0  -90.0  -90.0  -90.0  -90.0  -90.0  -90.0  -90.0  -90.0  -90.0  -90.0  -90.0  -90.0  -90.0  -90.0  -90.0  -90.0  -90.0  -90.0
 1989  5  -90.0  -90.0  -90.0  -90.0  -90.0  -90.0  -90.0  -90.0  -90.0  -90.0  -90.0  -90.0  -90.0  -90.0  -90.0  -90.0  -90.0  -90.0  -90.0  -90.0  -90.0  -90.0  -90.0  -90.0  -90.0  -90.0  -90.0  -90.0  -90.0  -90.0  -90.0
 1989  6  -90.0  -90.0  -90.0  -90.0  -90.0  -90.0  -90.0  -90.0  -90.0  -90.0  -90.0  -90.0  -90.0  -90.0  -90.0  -90.0  -90.0  -90.0  -90.0  -90.0  -90.0  -90.0  -90.0  -90.0  -90.0  -90.0  -90.0  -90.0  -90.0  -90.0
 1989  7  -90.0  -90.0  -90.0  -90.0  -90.0  -90.0  -90.0  -90.0  -90.0  -90.0  -90.0  -90.0  -90.0  -90.0  -90.0  -90.0  -90.0  -90.0  -90.0  -90.0  -90.0  -90.0  -90.0  -90.0  -90.0  -90.0  -90.0  -90.0  -90.0  -90.0  -90.0
 1989  8  -90.0  -90.0  -90.0  -90.0  -90.0  -90.0  -90.0  -90.0  -90.0  -90.0  -90.0  -90.0  -90.0  -90.0  -90.0  -90.0  -90.0  -90.0  -90.0  -90.0  -90.0  -90.0  -90.0  -90.0  -90.0  -90.0  -90.0  -90.0  -90.0  -90.0  -90.0
 1989  9  -90.0  -90.0  -90.0  -90.0  -90.0  -90.0  -90.0  -90.0  -90.0  -90.0  -90.0  -90.0  -90.0  -90.0  -90.0  -90.0  -90.0  -90.0  -90.0  -90.0  -90.0  -90.0  -90.0  -90.0  -90.0  -90.0  -90.0  -90.0  -90.0  -90.0
 1989 10  -90.0  -90.0  -90.0  -90.0  -90.0  -90.0  -90.0  -90.0  -90.0  -90.0  -90.0  -90.0  -90.0  -90.0  -90.0  -90.0  -90.0  -90.0  -90.0  -90.0  -90.0  -90.0  -90.0  -90.0  -90.0  -90.0  -90.0  -90.0  -90.0  -90.0  -90.0
 1989 11  -90.0  -90.0  -90.0  -90.0  -90.0  -90.0  -90.0  -90.0  -90.0  -90.0  -90.0  -90.0  -90.0  -90.0  -90.0  -90.0  -90.0  -90.0  -90.0  -90.0  -90.0  -90.0  -90.0  -90.0  -90.0  -90.0  -90.0  -90.0  -90.0  -90.0
 1989 12  -90.0  -90.0  -90.0  -90.0  -90.0  -90.0  -90.0  -90.0  -90.0  -90.0  -90.0  -90.0  -90.0  -90.0  -90.0  -90.0  -90.0  -90.0  -90.0  -90.0  -90.0  -90.0  -90.0  -90.0  -90.0  -90.0  -90.0  -90.0  -90.0  -90.0  -90.0
 1990  1  200.0  200.0  180.0  190.0  180.0  170.0  190.0  170.0  190.0  180.0  170.0  150.0  160.0  170.0  170.0  170.0  140.0  130.0  130.0   60.0  110.0  100.0  -90.0  -90.0  -90.0  -90.0  -90.0  -90.0  -90.0  -90.0  -90.0
 1990  2  -90.0  -90.0  -90.0  -90.0  -90.0  -90.0  -90.0  -90.0  -90.0  -90.0  -90.0  -90.0  -90.0  -90.0  -90.0  -90.0  -90.0  -90.0  -90.0  -90.0  -90.0  -90.0  -90.0  -90.0  -90.0  -90.0  -90.0  -90.0
 1990  3  -90.0  -90.0  -90.0  -90.0  -90.0  -90.0  -90.0  -90.0  -90.0  -90.0  -90.0  -90.0  -90.0  -90.0  120.0  120.0  -90.0  -90.0  -90.0  -90.0  -90.0  -90.0  -90.0  -90.0  -90.0  -90.0  -90.0  -90.0  -90.0  -90.0  -90.0
 1990  4  -90.0  -90.0   80.0  120.0  -90.0  120.0  -90.0  -90.0  -90.0  -90.0  -90.0  120.0  120.0  -90.0  -90.0  -90.0  -90.0  -90.0  -90.0  -90.0  -90.0  -90.0  990.0  -90.0  -90.0  -90.0  -90.0  -90.0  -90.0  -90.0
 1990  5  -90.0  -90.0  -90.0   50.0   50.0   60.0   50.0   50.0   40.0   50.0   40.0   20.0   50.0   50.0   30.0   60.0   20.0    0.0   50.0   40.0   40.0   10.0   30.0   50.0   20.0   70.0   30.0   40.0   40.0   50.0   40.0
 1990  6   60.0   60.0   40.0   50.0   70.0   30.0   80.0   70.0   60.0   70.0   60.0   50.0   40.0   40.0   60.0   50.0   70.0   60.0   80.0   30.0   50.0   40.0   40.0   20.0    0.0  -90.0  -90.0  -90.0  -90.0  -90.0
 1990  7  -90.0    0.0    0.0  -90.0  -90.0  -90.0    0.0    0.0  -90.0  -90.0  -90.0  -90.0  -90.0  -90.0  -90.0  -90.0    0.0    0.0  -90.0  -90.0  -90.0  -90.0  -90.0  -90.0  -90.0  -90.0  -90.0  -90.0  -90.0  -90.0  -90.0
 1990  8  -90.0  -90.0  -90.0  -90.0  -90.0    0.0  -90.0  -90.0  -90.0  -90.0  -90.0  -90.0  -90.0  -90.0  -90.0  -90.0  -90.0  -90.0  -90.0  -90.0  -90.0  -90.0  -90.0  -90.0  -90.0  -90.0  -90.0  -90.0  -90.0  -90.0  -90.0
 1990  9  -90.0  -90.0  -90.0  -90.0  -90.0  -90.0  -90.0  -90.0  -90.0  -90.0  -90.0  -90.0  -90.0  -90.0  -90.0  -90.0  -90.0  -90.0  -90.0  -90.0  -90.0  -90.0  -90.0  -90.0  -90.0  -90.0  -90.0    0.0  -90.0  -90.0
 1990 10  -90.0  -90.0  -90.0  -90.0  -90.0  -90.0  -90.0  -90.0  -90.0    0.0  -90.0    0.0  -90.0  -90.0  -90.0    0.0  -90.0  -90.0  -90.0  -90.0  -90.0  -90.0  -90.0  -90.0  -90.0  -90.0  -90.0  -90.0  -90.0  -90.0  -90.0
 1990 11  -90.0  -90.0  -90.0  -90.0  -90.0  -90.0  -90.0  -90.0  -90.0  -90.0  -90.0  -90.0  -90.0  -90.0  -90.0  -90.0  -90.0  -90.0  -90.0  -90.0  -90.0  -90.0  -90.0  -90.0  -90.0  -90.0  -90.0  -90.0  -90.0  -90.0
 1990 12  -90.0  -90.0  -90.0  -90.0    0.0  -90.0  -90.0  -90.0  -90.0  -90.0  -90.0  -90.0  -90.0  -90.0  -90.0  -90.0  -90.0  -90.0  -90.0  -90.0  -90.0  -90.0  -90.0  -90.0  -90.0  -90.0  -90.0  -90.0  -90.0  -90.0  -90.0
 1991  1  -90.0  -90.0  -90.0  -90.0  -90.0  -90.0  -90.0  -90.0  -90.0  -90.0  -90.0  -90.0  -90.0  -90.0  -90.0  -90.0  -90.0  -90.0  -90.0  -90.0  -90.0  -90.0  -90.0  -90.0  -90.0  -90.0  -90.0  -90.0  -90.0  -90.0  -90.0
 1991  2  -90.0  -90.0  -90.0  -90.0  -90.0  -90.0  -90.0  -90.0  -90.0  -90.0  -90.0  -90.0  -90.0  -90.0  -90.0  -90.0  -90.0  -90.0  -90.0  -90.0  -90.0  -90.0  -90.0  -90.0  -90.0  -90.0  -90.0  -90.0
 1991  3  -90.0  -90.0  -90.0  -90.0  -90.0  -90.0  -90.0  -90.0  -90.0  -90.0  -90.0  -90.0  -90.0  -90.0  -90.0  -90.0  -90.0  -90.0  -90.0  -90.0  -90.0  -90.0  -90.0  -90.0  -90.0  -90.0  -90.0  -90.0  -90.0  -90.0  -90.0
 1991  4  -90.0  -90.0  -90.0  -90.0  -90.0  -90.0  -90.0  -90.0  -90.0  -90.0  -90.0  -90.0  -90.0  -90.0  -90.0  -90.0  -90.0  -90.0  -90.0  -90.0  -90.0  -90.0  -90.0  -90.0  -90.0  -90.0  -90.0  -90.0  -90.0  -90.0
 1991  5  -90.0  -90.0  -90.0  -90.0  -90.0  -90.0  -90.0  -90.0  -90.0  -90.0  -90.0  -90.0  -90.0  -90.0  -90.0  -90.0  -90.0  -90.0  -90.0  -90.0  -90.0  -90.0  -90.0  -90.0  -90.0  -90.0  -90.0  -90.0  -90.0  -90.0  -90.0
 1991  6  -90.0  -90.0  -90.0  -90.0  -90.0  -90.0  -90.0  -90.0  -90.0  -90.0  -90.0  -90.0  -90.0  -90.0  -90.0  -90.0  -90.0  -90.0  -90.0  -90.0  -90.0  -90.0  -90.0  -90.0  -90.0  -90.0  -90.0  -90.0  -90.0  -90.0
 1991  7  -90.0  -90.0  -90.0  -90.0  -90.0  -90.0  -90.0  -90.0  -90.0  -90.0  -90.0  -90.0  -90.0  -90.0  -90.0  -90.0  -90.0  -90.0  -90.0  -90.0  -90.0  -90.0  -90.0  -90.0  -90.0  -90.0  -90.0  -90.0  -90.0  -90.0  -90.0
 1991  8  -90.0  -90.0  -90.0  -90.0  -90.0  -90.0  -90.0  -90.0  -90.0  -90.0  -90.0  -90.0  -90.0  -90.0  -90.0  -90.0  -90.0  -90.0  -90.0  -90.0  -90.0  -90.0  -90.0  -90.0  -90.0  -90.0  -90.0  -90.0  -90.0  -90.0  -90.0
 1991  9  -90.0  -90.0  -90.0  -90.0  -90.0  -90.0  -90.0  -90.0  -90.0  -90.0  -90.0  -90.0  -90.0  -90.0  -90.0  -90.0  -90.0  -90.0  -90.0  -90.0  -90.0  -90.0  -90.0  -90.0  -90.0  -90.0  -90.0  -90.0  -90.0  -90.0
 1991 10  -90.0  -90.0  -90.0  -90.0  -90.0  -90.0  -90.0  -90.0  -90.0  -90.0  -90.0  -90.0  -90.0  -90.0  -90.0  -90.0  -90.0  -90.0  -90.0  -90.0  -90.0  -90.0  -90.0  -90.0  -90.0  -90.0  -90.0  -90.0  -90.0  -90.0  -90.0
 1991 11  -90.0  -90.0  -90.0  -90.0  -90.0  -90.0  -90.0  -90.0  -90.0  -90.0  -90.0  -90.0  -90.0  -90.0  -90.0  -90.0  -90.0  -90.0  -90.0  -90.0  -90.0  -90.0  -90.0  -90.0  -90.0  -90.0  -90.0  -90.0  -90.0  -90.0
 1991 12  -90.0  -90.0  -90.0  -90.0  -90.0  -90.0  -90.0  -90.0  -90.0  -90.0  -90.0  -90.0  -90.0  -90.0  -90.0  -90.0  -90.0  -90.0  -90.0  -90.0  -90.0  -90.0  -90.0  -90.0  -90.0  -90.0  -90.0  -90.0  -90.0  -90.0  -90.0
 1992  1   60.0   60.0   60.0   60.0   60.0   60.0   60.0   60.0   60.0   90.0   90.0   80.0   80.0   80.0   70.0   70.0   70.0   70.0  -90.0  -90.0   70.0   80.0   90.0   90.0   90.0   90.0   80.0   80.0   80.0   80.0   80.0
 1992  2   80.0   80.0   70.0   60.0   50.0   50.0   50.0   50.0  -90.0  -90.0  -90.0  -90.0  -90.0  -90.0  -90.0  -90.0  -90.0  -90.0  -90.0  -90.0  -90.0  -90.0  -90.0  -90.0  -90.0  -90.0  -90.0  -90.0  -90.0
 1992  3  -90.0  -90.0  -90.0  -90.0  -90.0  -90.0  -90.0  -90.0  -90.0  -90.0  -90.0  -90.0  -90.0  -90.0  -90.0  -90.0  -90.0  -90.0  -90.0  -90.0  -90.0  -90.0  -90.0  -90.0  -90.0  -90.0  -90.0  -90.0  -90.0  -90.0  -90.0
 1992  4  -90.0  -90.0  -90.0  -90.0  -90.0  -90.0  -90.0  -90.0  -90.0  -90.0  -90.0  -90.0  -90.0  -90.0  -90.0  -90.0  -90.0  -90.0  -90.0  -90.0  -90.0  -90.0  -90.0  -90.0  -90.0  -90.0  -90.0  -90.0  -90.0  -90.0
 1992  5  -90.0  -90.0  -90.0  -90.0  -90.0  -90.0  -90.0  -90.0  -90.0  -90.0  -90.0  -90.0  -90.0  -90.0  -90.0  -90.0  -90.0  -90.0  -90.0  -90.0  -90.0  -90.0  -90.0  -90.0  -90.0  -90.0  -90.0  -90.0  -90.0  -90.0  -90.0
 1992  6  -90.0  -90.0  -90.0  -90.0  -90.0  -90.0  -90.0  -90.0  -90.0  -90.0  -90.0  -90.0  -90.0  -90.0  -90.0  -90.0  -90.0  -90.0  -90.0  -90.0  -90.0  -90.0  -90.0  -90.0  -90.0  -90.0  -90.0  -90.0  -90.0  -90.0
 1992  7  -90.0  -90.0  -90.0  -90.0  -90.0  -90.0  -90.0  -90.0  -90.0  -90.0  -90.0  -90.0  -90.0  -90.0  -90.0  -90.0  -90.0  -90.0  -90.0  -90.0  -90.0  -90.0  -90.0  -90.0  -90.0  -90.0  -90.0  -90.0  -90.0  -90.0  -90.0
 1992  8  -90.0  -90.0  -90.0  -90.0  -90.0  -90.0  -90.0  -90.0  -90.0  -90.0  -90.0  -90.0  -90.0  -90.0  -90.0  -90.0  -90.0  -90.0  -90.0  -90.0  -90.0  -90.0  -90.0  -90.0  -90.0  -90.0  -90.0  -90.0  -90.0  -90.0  -90.0
 1992  9  -90.0  -90.0  -90.0  -90.0  -90.0  -90.0  -90.0  -90.0  -90.0  -90.0  -90.0  -90.0  -90.0  -90.0  -90.0  -90.0  -90.0  -90.0  -90.0  -90.0  -90.0  -90.0  -90.0  -90.0  -90.0  -90.0  -90.0  -90.0  -90.0  -90.0
 1992 10  -90.0  -90.0  -90.0  -90.0  -90.0  -90.0  -90.0  -90.0  -90.0  -90.0  -90.0  -90.0  -90.0  -90.0  -90.0  -90.0  -90.0  -90.0  -90.0  -90.0  -90.0  -90.0  -90.0  -90.0  -90.0  -90.0  -90.0   30.0   10.0   10.0   20.0
 1992 11   20.0   20.0   10.0   20.0  -90.0  -90.0  -90.0  -90.0  -90.0  -90.0  -90.0  -90.0  -90.0  -90.0  -90.0  -90.0  -90.0  -90.0  -90.0   40.0   40.0   30.0   30.0   30.0  -90.0   20.0   20.0   20.0   20.0   10.0
 1992 12   10.0   30.0   50.0   60.0  110.0  100.0  100.0  130.0  130.0  120.0  110.0  100.0   80.0   80.0   80.0   80.0   80.0   80.0   80.0   80.0   70.0   60.0   70.0   70.0   70.0   70.0   70.0   70.0   70.0   70.0   70.0
 1993  1   70.0   70.0   70.0   70.0   70.0   70.0   70.0   70.0   70.0   60.0   60.0  -90.0  -90.0  -90.0  -90.0  -90.0  -90.0  -90.0  -90.0  -90.0  -90.0  -90.0  -90.0  -90.0  -90.0  -90.0  -90.0  -90.0  -90.0  -90.0  -90.0
 1993  2  -90.0  -90.0  -90.0  -90.0  -90.0  -90.0  -90.0  -90.0  -90.0  -90.0  -90.0  -90.0  -90.0  -90.0  -90.0  -90.0  -90.0  -90.0  -90.0  -90.0  -90.0  -90.0  -90.0  -90.0  -90.0  -90.0  -90.0  -90.0
 1993  3  -90.0  -90.0  -90.0  -90.0  -90.0  -90.0  -90.0  -90.0  -90.0  -90.0  -90.0  -90.0  -90.0  -90.0  -90.0  -90.0  -90.0  -90.0  -90.0  -90.0  -90.0  -90.0  -90.0  120.0  160.0  140.0  130.0  130.0  130.0  120.0  100.0
 1993  4  100.0   80.0   50.0  120.0  110.0  110.0   80.0   50.0   30.0   60.0  150.0  110.0  100.0   60.0   80.0   70.0   50.0    0.0   30.0   20.0   20.0   20.0   20.0   20.0   10.0   20.0   10.0   50.0  -90.0  -90.0
 1993  5  -90.0  -90.0  -90.0  -90.0  -90.0  -90.0  -90.0  -90.0  -90.0  -90.0  -90.0  -90.0  -90.0  -90.0  -90.0  -90.0  -90.0  -90.0  -90.0  -90.0  -90.0  -90.0  -90.0  -90.0  -90.0  -90.0  -90.0  -90.0  -90.0  -90.0  -90.0
 1993  6  -90.0  -90.0  -90.0  -90.0  -90.0  -90.0  -90.0  -90.0  -90.0  -90.0  -90.0  -90.0  -90.0  -90.0  -90.0  -90.0  -90.0  -90.0  -90.0  -90.0  -90.0  -90.0  -90.0  -90.0  -90.0  -90.0  -90.0  -90.0  -90.0  -90.0
 1993  7  -90.0  -90.0  -90.0  -90.0  -90.0  -90.0  -90.0  -90.0  -90.0  100.0  -90.0  -90.0  -90.0  -90.0  -90.0  -90.0  -90.0  -90.0  -90.0  -90.0  -90.0  -90.0  -90.0  -90.0  -90.0  -90.0  -90.0  -90.0  -90.0  -90.0  -90.0
 1993  8  -90.0  -90.0  -90.0  -90.0  -90.0  -90.0  -90.0  -90.0  -90.0  -90.0  -90.0  -90.0  -90.0  -90.0  -90.0  -90.0  -90.0  -90.0  -90.0  -90.0  -90.0  -90.0  -90.0  -90.0  -90.0  -90.0  -90.0  -90.0  -90.0  -90.0  -90.0
 1993  9  -90.0  -90.0  -90.0  -90.0  -90.0  -90.0  -90.0  -90.0  -90.0  -90.0  -90.0  -90.0  -90.0  -90.0  -90.0  -90.0  -90.0  -90.0  -90.0  -90.0  -90.0  -90.0  -90.0  -90.0  -90.0  -90.0  -90.0  -90.0  -90.0  -90.0
 1993 10  -90.0  -90.0  -90.0  -90.0  -90.0  -90.0  -90.0  -90.0  -90.0  -90.0  -90.0  -90.0  -90.0  -90.0  -90.0  -90.0  -90.0  -90.0  -90.0  -90.0  -90.0  -90.0  -90.0  -90.0  -90.0  -90.0  -90.0  -90.0  -90.0  -90.0  -90.0
 1993 11  -90.0  -90.0  -90.0  -90.0  -90.0  -90.0  -90.0  -90.0  -90.0  -90.0  -90.0  -90.0  -90.0  -90.0  -90.0  -90.0  -90.0  -90.0  -90.0  -90.0  -90.0  -90.0  -90.0  -90.0  -90.0  -90.0  -90.0  -90.0  -90.0  -90.0
 1993 12  -90.0  -90.0  -90.0  -90.0  -90.0  -90.0  -90.0  -90.0  -90.0  -90.0  -90.0  -90.0  -90.0   20.0   20.0   30.0   30.0   30.0   30.0   20.0   20.0   30.0   20.0   20.0  -90.0  -90.0  -90.0   40.0   40.0   40.0   30.0
 1994  1   50.0   50.0   40.0   60.0   60.0  100.0  110.0  130.0  110.0  110.0  120.0  120.0  110.0  110.0  110.0  100.0  100.0  100.0  100.0  100.0  100.0  100.0  100.0   90.0   80.0   80.0   80.0   80.0   80.0   80.0   70.0
 1994  2   80.0   70.0   70.0   60.0   90.0  100.0  110.0  110.0  110.0  110.0  100.0  100.0  100.0   90.0   90.0  100.0  100.0  100.0  100.0   90.0  100.0  100.0  100.0   90.0   90.0   90.0   90.0  100.0
 1994  3  110.0  100.0   90.0  100.0  100.0   90.0   90.0   80.0   80.0   70.0   70.0   70.0   60.0   50.0   50.0   40.0   50.0   50.0   50.0   40.0   40.0   40.0   40.0   30.0   20.0   20.0   20.0  -90.0  -90.0  -90.0  -90.0
 1994  4  -90.0  -90.0  -90.0  -90.0  -90.0  -90.0  -90.0  -90.0  -90.0  -90.0  -90.0  -90.0  -90.0  -90.0  -90.0  -90.0  -90.0  -90.0  -90.0  -90.0  -90.0  -90.0  -90.0  -90.0  -90.0  -90.0  -90.0  -90.0  -90.0  -90.0
 1994  5  -90.0  -90.0  -90.0  -90.0  -90.0  -90.0  -90.0  -90.0  -90.0  -90.0  -90.0  -90.0  -90.0  -90.0  -90.0  -90.0  -90.0  -90.0  -90.0  -90.0  -90.0  -90.0  -90.0  -90.0  -90.0  -90.0  -90.0  -90.0  -90.0  -90.0  -90.0
 1994  6  -90.0  -90.0  -90.0  -90.0  -90.0  -90.0  -90.0  -90.0  -90.0  -90.0  -90.0  -90.0  -90.0  -90.0  -90.0  -90.0  -90.0  -90.0  -90.0  -90.0  -90.0  -90.0  -90.0  -90.0  -90.0  -90.0  -90.0  -90.0  -90.0  -90.0
 1994  7  -90.0  -90.0  -90.0  -90.0  -90.0  -90.0  -90.0  -90.0  -90.0  -90.0  -90.0  -90.0  -90.0  -90.0  -90.0  -90.0  -90.0  -90.0  -90.0  -90.0  -90.0  -90.0  -90.0  -90.0  -90.0  -90.0  -90.0  -90.0  -90.0  -90.0  -90.0
 1994  8  -90.0  -90.0  -90.0  -90.0  -90.0  -90.0  -90.0  -90.0  -90.0  -90.0  -90.0  -90.0  -90.0  -90.0  -90.0  -90.0  -90.0  -90.0  -90.0  -90.0  -90.0  -90.0  -90.0  -90.0  -90.0  -90.0  -90.0  -90.0  -90.0  -90.0  -90.0
 1994  9  -90.0  -90.0  -90.0  -90.0  -90.0  -90.0  -90.0  -90.0  -90.0  -90.0  -90.0  -90.0  -90.0  -90.0  -90.0  -90.0  -90.0  -90.0  -90.0  -90.0  -90.0  -90.0  -90.0  -90.0  -90.0  -90.0  -90.0  -90.0  -90.0  -90.0
 1994 10  -90.0  -90.0  -90.0  -90.0  -90.0  -90.0  -90.0  -90.0  -90.0  -90.0  -90.0  -90.0  -90.0  -90.0  -90.0  -90.0  -90.0  -90.0  -90.0  -90.0  -90.0  -90.0  -90.0  -90.0  -90.0  -90.0  -90.0  -90.0  -90.0  -90.0  -90.0
 1994 11  -90.0  -90.0  -90.0   60.0   60.0   70.0  140.0   90.0   30.0  250.0  200.0  270.0  220.0  110.0  180.0  180.0  160.0  170.0  110.0   50.0   10.0   40.0    0.0    0.0   20.0   40.0    0.0   20.0   10.0   20.0
 1994 12   20.0  -90.0  -90.0  -90.0  -90.0  -90.0  -90.0  -90.0  -90.0  -90.0  -90.0  -90.0  -90.0  -90.0  -90.0  -90.0  -90.0  -90.0  -90.0  -90.0  -90.0  -90.0  -90.0  -90.0  -90.0  -90.0  -90.0  -90.0  -90.0  -90.0  -90.0
 1995  1  -90.0  -90.0  -90.0  -90.0  -90.0  -90.0  -90.0  -90.0  -90.0  -90.0  -90.0  -90.0  -90.0  -90.0  -90.0  -90.0  -90.0  -90.0  -90.0  -90.0  -90.0  -90.0  -90.0  -90.0  -90.0  -90.0  -90.0  -90.0  -90.0  -90.0  -90.0
 1995  2  -90.0  -90.0  -90.0  -90.0  -90.0  -90.0  -90.0  -90.0  -90.0  -90.0  -90.0  -90.0  -90.0  -90.0  -90.0  -90.0  -90.0  -90.0  -90.0  -90.0  -90.0  -90.0  -90.0  -90.0  -90.0  -90.0  -90.0  -90.0
 1995  3  -90.0  -90.0  -90.0  -90.0  -90.0  -90.0  -90.0  -90.0  -90.0  -90.0  -90.0  -90.0  -90.0  -90.0  -90.0  -90.0  -90.0  -90.0  -90.0  -90.0  -90.0  -90.0  -90.0  -90.0  -90.0  -90.0  -90.0  -90.0  -90.0  -90.0  -90.0
 1995  4  -90.0  -90.0  -90.0  -90.0  -90.0  -90.0  -90.0  -90.0  -90.0  -90.0  -90.0  -90.0  -90.0  -90.0  -90.0  -90.0  -90.0  -90.0  -90.0  -90.0  -90.0  -90.0  -90.0  -90.0  -90.0  -90.0  -90.0  -90.0  -90.0  -90.0
 1995  5  -90.0  -90.0  -90.0  -90.0  -90.0  -90.0  -90.0  -90.0  -90.0  -90.0  -90.0  -90.0  -90.0  -90.0  -90.0  -90.0  -90.0  -90.0  -90.0  -90.0  -90.0  -90.0  -90.0  -90.0  -90.0  -90.0  -90.0  -90.0  -90.0  -90.0  -90.0
 1995  6  -90.0  -90.0  -90.0  -90.0  -90.0  -90.0  -90.0  -90.0  -90.0  -90.0  -90.0  -90.0  -90.0  -90.0  -90.0  -90.0  -90.0  -90.0  -90.0  -90.0  -90.0  -90.0  -90.0  -90.0  -90.0  -90.0  -90.0  -90.0  -90.0  -90.0
 1995  7  -90.0  -90.0  -90.0  -90.0  -90.0  -90.0  -90.0  -90.0  -90.0  -90.0  -90.0  -90.0  -90.0  -90.0  -90.0  -90.0  -90.0  -90.0  -90.0  -90.0  -90.0  -90.0  -90.0  -90.0  -90.0  -90.0  -90.0  -90.0  -90.0  -90.0  -90.0
 1995  8  -90.0  -90.0  -90.0  -90.0  -90.0  -90.0  -90.0  -90.0  -90.0  -90.0  -90.0  -90.0  -90.0  -90.0  -90.0  -90.0  -90.0  -90.0  -90.0  -90.0  -90.0  -90.0  -90.0  -90.0  -90.0  -90.0  -90.0  -90.0  -90.0  -90.0  -90.0
 1995  9  -90.0  -90.0  -90.0  -90.0  -90.0  -90.0  -90.0  -90.0  -90.0  -90.0  -90.0  -90.0  -90.0  -90.0  -90.0  -90.0  -90.0  -90.0  -90.0  -90.0  -90.0  -90.0  -90.0  -90.0  -90.0  -90.0  -90.0  -90.0  -90.0  -90.0
 1995 10  -90.0  -90.0  -90.0  -90.0  -90.0  -90.0  -90.0  -90.0  -90.0  -90.0  -90.0  -90.0  -90.0  -90.0  -90.0  -90.0  -90.0  -90.0  -90.0  -90.0  -90.0  -90.0  -90.0  -90.0  -90.0  -90.0  -90.0  -90.0  -90.0  -90.0  -90.0
 1995 11  -90.0  -90.0  -90.0  -90.0  -90.0  -90.0  -90.0  -90.0  -90.0  -90.0  -90.0  -90.0  -90.0  -90.0  -90.0  -90.0  -90.0  -90.0  -90.0  -90.0  -90.0  -90.0  -90.0  -90.0  -90.0  -90.0  -90.0  -90.0  -90.0  -90.0
 1995 12  -90.0  -90.0  -90.0  -90.0  -90.0  -90.0  -90.0  -90.0  -90.0  -90.0  -90.0  -90.0  -90.0  -90.0  -90.0  -90.0  -90.0  -90.0  -90.0  -90.0  -90.0  -90.0  -90.0  -90.0  -90.0  -90.0  -90.0  -90.0  -90.0  -90.0  -90.0
 1996  1  -90.0  -90.0  -90.0  -90.0  -90.0  -90.0  -90.0  -90.0  -90.0  -90.0  -90.0  -90.0  -90.0  -90.0  -90.0  -90.0  -90.0  -90.0  -90.0  -90.0  -90.0  -90.0  -90.0  -90.0  -90.0  -90.0  -90.0  -90.0  -90.0  -90.0  -90.0
 1996  2  -90.0  -90.0  -90.0  -90.0  -90.0  -90.0  -90.0  -90.0  -90.0  -90.0  -90.0  -90.0  -90.0  -90.0  -90.0  -90.0  -90.0  -90.0  -90.0  -90.0  -90.0  -90.0  -90.0  -90.0  -90.0  -90.0  -90.0  -90.0  -90.0
 1996  3  -90.0  -90.0  -90.0  -90.0  -90.0  -90.0  -90.0  -90.0  -90.0  -90.0  -90.0  -90.0  -90.0  -90.0  -90.0  -90.0  -90.0  -90.0  -90.0  -90.0  -90.0  -90.0  -90.0  -90.0  -90.0  -90.0  -90.0  -90.0  -90.0  -90.0  -90.0
 1996  4  -90.0  -90.0  -90.0  -90.0  -90.0  -90.0  -90.0  -90.0  -90.0  -90.0  -90.0  -90.0  -90.0  -90.0  -90.0  -90.0  -90.0  -90.0  -90.0  -90.0  -90.0  -90.0  -90.0  -90.0  -90.0  -90.0  -90.0  -90.0  -90.0  -90.0
 1996  5  -90.0  -90.0  -90.0  -90.0  -90.0  -90.0  -90.0  -90.0  -90.0  -90.0  -90.0  -90.0  -90.0  -90.0  -90.0  -90.0  -90.0  -90.0  -90.0  -90.0  -90.0  -90.0  -90.0  -90.0  -90.0  -90.0  -90.0  -90.0  -90.0  -90.0  -90.0
 1996  6  -90.0  -90.0  -90.0  -90.0  -90.0  -90.0  -90.0  -90.0  -90.0  -90.0  -90.0  -90.0  -90.0  -90.0  -90.0  -90.0  -90.0  -90.0  -90.0  -90.0  -90.0  -90.0  -90.0  -90.0  -90.0  -90.0  -90.0  -90.0  -90.0  -90.0
 1996  7  -90.0  -90.0  -90.0  -90.0  -90.0  -90.0  -90.0  -90.0  -90.0  -90.0  -90.0  -90.0  -90.0  -90.0  -90.0  -90.0  -90.0  -90.0  -90.0  -90.0  -90.0  -90.0  -90.0  -90.0  -90.0  -90.0  -90.0  -90.0  -90.0  -90.0  -90.0
 1996  8  -90.0  -90.0  -90.0  -90.0  -90.0  -90.0  -90.0  -90.0  -90.0  -90.0  -90.0  -90.0  -90.0  -90.0  -90.0  -90.0  -90.0  -90.0  -90.0  -90.0  -90.0  -90.0  -90.0  -90.0  -90.0  -90.0  -90.0  -90.0  -90.0  -90.0  -90.0
 1996  9  -90.0  -90.0  -90.0  -90.0  -90.0  -90.0  -90.0  -90.0  -90.0  -90.0  -90.0  -90.0  -90.0  -90.0  -90.0  -90.0  -90.0  -90.0  -90.0  -90.0  -90.0  -90.0  -90.0  -90.0  -90.0  -90.0  -90.0  -90.0  -90.0  -90.0
 1996 10  -90.0  -90.0  -90.0  -90.0  -90.0  -90.0  -90.0  -90.0  -90.0  -90.0  -90.0  -90.0  -90.0  -90.0  -90.0  -90.0  -90.0  -90.0  -90.0  -90.0  -90.0  -90.0  -90.0  -90.0  -90.0  -90.0  -90.0  -90.0  -90.0  -90.0  -90.0
 1996 11  -90.0  -90.0  -90.0  -90.0    0.0    0.0   40.0   30.0   30.0   10.0   40.0   10.0   60.0   80.0   40.0   30.0   30.0   60.0   50.0   70.0   80.0   70.0   70.0   70.0   70.0   70.0   70.0   70.0   60.0   70.0
 1996 12   70.0   60.0   60.0   60.0   60.0   60.0   60.0   60.0   60.0   60.0   60.0   60.0   80.0   80.0   70.0   70.0   70.0   70.0   70.0   80.0   80.0   80.0   90.0   90.0   90.0   80.0   80.0   90.0   90.0   90.0   90.0
 1997  1  110.0  130.0  120.0  150.0  140.0  130.0  140.0  130.0  130.0  130.0  130.0  120.0  120.0  120.0  120.0  110.0  110.0  110.0  120.0  130.0  130.0  130.0  120.0  120.0  120.0  120.0  120.0  120.0  120.0  110.0  110.0
 1997  2  110.0  110.0  110.0  110.0  110.0  110.0  110.0  110.0  110.0  110.0  100.0  100.0  100.0  100.0  100.0  100.0  100.0  100.0  100.0  100.0   90.0  100.0   90.0   90.0   90.0   90.0   90.0   90.0
 1997  3   90.0   90.0   80.0   80.0   80.0   80.0   80.0   80.0   80.0   60.0   60.0   60.0   60.0   60.0   60.0   50.0   50.0   50.0   50.0   50.0   40.0   50.0   40.0   40.0   40.0   40.0   30.0   30.0   30.0   20.0   20.0
 1997  4   20.0   10.0  -90.0  -90.0  -90.0  -90.0  -90.0  -90.0  -90.0  -90.0  -90.0  -90.0  -90.0  -90.0  -90.0  -90.0  -90.0  -90.0  -90.0  -90.0  -90.0  -90.0  -90.0  -90.0  -90.0  -90.0  -90.0  -90.0  -90.0  -90.0
 1997  5  -90.0  -90.0  -90.0  -90.0  -90.0  -90.0  -90.0  -90.0  -90.0  -90.0  -90.0  -90.0  -90.0  -90.0  -90.0  -90.0  -90.0  -90.0  -90.0  -90.0  -90.0  -90.0  -90.0  -90.0  -90.0  -90.0  -90.0  -90.0  -90.0  -90.0  -90.0
 1997  6  -90.0  -90.0  -90.0  -90.0  -90.0  -90.0  -90.0  -90.0  -90.0  -90.0  -90.0  -90.0  -90.0  -90.0  -90.0  -90.0  -90.0  -90.0  -90.0  -90.0  -90.0  -90.0  -90.0  -90.0  -90.0  -90.0  -90.0  -90.0  -90.0  -90.0
 1997  7  -90.0  -90.0  -90.0  -90.0  -90.0  -90.0  -90.0  -90.0  -90.0  -90.0  -90.0  -90.0  -90.0  -90.0  -90.0  -90.0  -90.0  -90.0  -90.0  -90.0  -90.0  -90.0  -90.0  -90.0  -90.0  -90.0  -90.0  -90.0  -90.0  -90.0  -90.0
 1997  8  -90.0  -90.0  -90.0  -90.0  -90.0  -90.0  -90.0  -90.0  -90.0  -90.0  -90.0  -90.0  -90.0  -90.0  -90.0  -90.0  -90.0  -90.0  -90.0  -90.0  -90.0  -90.0  -90.0  -90.0  -90.0  -90.0  -90.0  -90.0  -90.0  -90.0  -90.0
 1997  9  -90.0  -90.0  -90.0  -90.0  -90.0  -90.0  -90.0  -90.0  -90.0  -90.0  -90.0  -90.0  -90.0  -90.0  -90.0  -90.0  -90.0  -90.0  -90.0  -90.0  -90.0  -90.0  -90.0  -90.0  -90.0  -90.0  -90.0  -90.0  -90.0  -90.0
 1997 10  -90.0  -90.0  -90.0  -90.0  -90.0  -90.0  -90.0  -90.0  -90.0  -90.0  -90.0  -90.0  -90.0  -90.0  -90.0  -90.0  -90.0  -90.0  -90.0  -90.0  -90.0  -90.0  -90.0  -90.0  -90.0  -90.0  -90.0  -90.0  -90.0  -90.0  -90.0
 1997 11  -90.0  -90.0  -90.0  -90.0  -90.0  -90.0  -90.0  -90.0  -90.0  -90.0   20.0   60.0   50.0   50.0   40.0   40.0   40.0   40.0   40.0   30.0   30.0   30.0   30.0   30.0   30.0   20.0   30.0   30.0   30.0   30.0
 1997 12   30.0   40.0   80.0   70.0   60.0   60.0   50.0   50.0   50.0   50.0   50.0   50.0   50.0   50.0   50.0   50.0   60.0   60.0   80.0  110.0  110.0  110.0  100.0  100.0   90.0  110.0  100.0  100.0  100.0  100.0  100.0
 1998  1  -90.0  -90.0  -90.0  -90.0  -90.0  -90.0  -90.0  -90.0  -90.0  -90.0  -90.0  -90.0  -90.0  -90.0  -90.0  -90.0  -90.0  -90.0  -90.0  -90.0  -90.0  -90.0  -90.0  -90.0  -90.0  -90.0  -90.0  -90.0  -90.0  -90.0  -90.0
 1998  2  -90.0  -90.0  -90.0  -90.0  -90.0  -90.0  -90.0  -90.0  -90.0  -90.0  -90.0  -90.0  -90.0  -90.0  -90.0  -90.0  -90.0  -90.0  -90.0  -90.0  -90.0  -90.0  -90.0  -90.0  -90.0  -90.0  -90.0  -90.0
 1998  3  -90.0  -90.0  -90.0  -90.0  -90.0  -90.0  -90.0  -90.0  -90.0  -90.0  -90.0  -90.0  -90.0  -90.0  -90.0  -90.0  -90.0  -90.0  -90.0  -90.0  -90.0  -90.0  -90.0  -90.0  -90.0  -90.0  -90.0  -90.0  -90.0  -90.0  -90.0
 1998  4  -90.0  -90.0  -90.0  -90.0  -90.0  -90.0  -90.0  -90.0  -90.0  -90.0  -90.0  -90.0  -90.0  -90.0  -90.0  -90.0  -90.0  -90.0  -90.0  -90.0  -90.0  -90.0  -90.0  -90.0  -90.0  -90.0  -90.0  -90.0  -90.0  -90.0
 1998  5  -90.0  -90.0  -90.0  -90.0  -90.0  -90.0  -90.0  -90.0  -90.0  -90.0  -90.0  -90.0  -90.0  -90.0  -90.0  -90.0  -90.0  -90.0  -90.0  -90.0  -90.0  -90.0  -90.0  -90.0  -90.0  -90.0  -90.0  -90.0  -90.0  -90.0  -90.0
 1998  6  -90.0  -90.0  -90.0  -90.0    0.0    0.0  -90.0  -90.0    0.0  -90.0  -90.0  -90.0  -90.0  -90.0  -90.0  -90.0  -90.0    0.0    0.0    0.0  -90.0  -90.0  -90.0  -90.0  -90.0  -90.0  -90.0  -90.0  -90.0    0.0
 1998  7  -90.0  -90.0  -90.0  -90.0  -90.0  -90.0    0.0  -90.0  -90.0  -90.0  -90.0  -90.0  -90.0  -90.0  -90.0  -90.0  -90.0  -90.0  -90.0  -90.0  -90.0    0.0  -90.0  -90.0  -90.0  -90.0  -90.0  -90.0  -90.0  -90.0  -90.0
 1998  8  -90.0  -90.0  -90.0  -90.0  -90.0  -90.0  -90.0  -90.0  -90.0  -90.0  -90.0  -90.0  -90.0  -90.0  -90.0  -90.0  -90.0  -90.0  -90.0  -90.0  -90.0  -90.0  -90.0  -90.0  -90.0  -90.0  -90.0  -90.0  -90.0  -90.0  -90.0
 1998  9  -90.0  -90.0  -90.0  -90.0  -90.0  -90.0  -90.0  -90.0  -90.0  -90.0  -90.0  -90.0  -90.0  -90.0  -90.0  -90.0  -90.0  -90.0  -90.0  -90.0  -90.0  -90.0  -90.0  -90.0  -90.0  -90.0  -90.0  -90.0  -90.0  -90.0
 1998 10  -90.0  -90.0  -90.0  -90.0  -90.0  -90.0  -90.0  -90.0  -90.0  -90.0  -90.0  -90.0  -90.0  -90.0  -90.0  -90.0  -90.0  -90.0  -90.0  -90.0  -90.0  -90.0  -90.0  -90.0  -90.0  -90.0  -90.0  -90.0  -90.0  -90.0  -90.0
 1998 11  -90.0  -90.0  -90.0  -90.0  -90.0  -90.0  -90.0  -90.0  -90.0  -90.0  -90.0  -90.0  -90.0  -90.0  -90.0  -90.0  -90.0  -90.0  -90.0  -90.0  -90.0  -90.0  -90.0  -90.0  -90.0  -90.0  -90.0  -90.0  -90.0  -90.0
 1998 12  -90.0  -90.0  -90.0  -90.0  -90.0  -90.0  -90.0  -90.0  -90.0  -90.0  -90.0  -90.0  -90.0  -90.0  -90.0  -90.0  -90.0  -90.0  -90.0  -90.0  -90.0  -90.0  -90.0  -90.0  -90.0  -90.0  -90.0  -90.0  -90.0  -90.0  -90.0
 1999  1  -90.0  -90.0  -90.0  -90.0  -90.0  -90.0  -90.0  -90.0  -90.0  -90.0  -90.0  -90.0  -90.0    0.0  -90.0  -90.0  -90.0  -90.0  -90.0  -90.0  -90.0  -90.0  -90.0  -90.0  -90.0  -90.0  -90.0  -90.0  -90.0  -90.0  -90.0
 1999  2  -90.0  -90.0  -90.0  -90.0  -90.0  -90.0  -90.0  -90.0  -90.0  -90.0  -90.0  -90.0  -90.0  -90.0  -90.0  -90.0   70.0   60.0   60.0   60.0   60.0   50.0   70.0   60.0   60.0   60.0   50.0   60.0
 1999  3   60.0   60.0   60.0  110.0  110.0  110.0  110.0  100.0  100.0  100.0   90.0   90.0   80.0   80.0   80.0   70.0   70.0   70.0   70.0   70.0   70.0   70.0   70.0   70.0   70.0   80.0  100.0   90.0   80.0   80.0   80.0
 1999  4   70.0   70.0   60.0   60.0   60.0   60.0   60.0   60.0   50.0   50.0   40.0   50.0   40.0   40.0   80.0  100.0   80.0   80.0   70.0   70.0   70.0   70.0   60.0   50.0   50.0   50.0   40.0   30.0   30.0   10.0
 1999  5  -90.0  -90.0  -90.0  -90.0  -90.0  -90.0  -90.0  -90.0  -90.0  -90.0  -90.0  -90.0  -90.0  -90.0  -90.0  -90.0  -90.0  -90.0  -90.0  -90.0  210.0  300.0  -90.0  -90.0  -90.0  -90.0  -90.0  -90.0  -90.0  -90.0  -90.0
 1999  6  -90.0  -90.0  -90.0  -90.0  -90.0  -90.0  -90.0  -90.0  -90.0  -90.0  -90.0  -90.0  -90.0  -90.0  -90.0  -90.0  -90.0  -90.0  -90.0  -90.0  -90.0  -90.0  -90.0  -90.0  -90.0  -90.0  -90.0  -90.0  240.0  -90.0
 1999  7  -90.0  -90.0  -90.0  -90.0  -90.0  -90.0  -90.0  -90.0  310.0  -90.0  -90.0  -90.0  -90.0  -90.0  -90.0  -90.0  -90.0  -90.0  -90.0  -90.0  -90.0  -90.0  -90.0  -90.0  -90.0  -90.0  -90.0  -90.0  -90.0  -90.0  -90.0
 1999  8  -90.0  -90.0  -90.0  -90.0  -90.0  -90.0  -90.0  -90.0  -90.0  -90.0  -90.0  -90.0  -90.0  -90.0  -90.0  -90.0  -90.0  -90.0  -90.0  -90.0  -90.0  -90.0  -90.0  -90.0  -90.0  -90.0  -90.0  -90.0  -90.0  -90.0  -90.0
 1999  9  -90.0  -90.0  -90.0  -90.0  -90.0  -90.0  -90.0  -90.0  -90.0  -90.0  -90.0  -90.0  -90.0  -90.0  -90.0  -90.0  -90.0  -90.0  -90.0  -90.0  -90.0  -90.0  -90.0  -90.0  -90.0  -90.0  -90.0  -90.0  -90.0  -90.0
 1999 10  -90.0  -90.0  -90.0  -90.0  -90.0  -90.0  -90.0  -90.0  -90.0  -90.0  -90.0  -90.0  -90.0  -90.0  -90.0  -90.0  -90.0  -90.0  -90.0  -90.0  -90.0  -90.0  -90.0  -90.0  -90.0  -90.0  -90.0  -90.0  -90.0  -90.0  -90.0
 1999 11  -90.0  -90.0    0.0    0.0    0.0   20.0   30.0   30.0   20.0   20.0   30.0   20.0   20.0   20.0   20.0   20.0   30.0   30.0   30.0   30.0   30.0   40.0   40.0   30.0   30.0   30.0   30.0   30.0   30.0   30.0
 1999 12   30.0   30.0   30.0   30.0   30.0   30.0   30.0   30.0   40.0   60.0   50.0   60.0   50.0   50.0   60.0   50.0   50.0   50.0   50.0   40.0   40.0   40.0   40.0   40.0   50.0   70.0   70.0   70.0   60.0   60.0   60.0
 2000  1   60.0   60.0   60.0   60.0   60.0   60.0   60.0   60.0   50.0   50.0   50.0   50.0   50.0   50.0   50.0   50.0   50.0   50.0   50.0   50.0   50.0   60.0   60.0   60.0   60.0   60.0   50.0   50.0   50.0   60.0   50.0
 2000  2   50.0   50.0   50.0   50.0   50.0   50.0   50.0   50.0   50.0   50.0   50.0   50.0   50.0   50.0   50.0   50.0   50.0   50.0   50.0   50.0   50.0   50.0   50.0   50.0   50.0   40.0   40.0   40.0   50.0
 2000  3   70.0   60.0   60.0   50.0   50.0   50.0   50.0   50.0   40.0   30.0   20.0   20.0   20.0  -90.0  -90.0  -90.0  -90.0  -90.0  -90.0  -90.0  -90.0  -90.0  -90.0  -90.0  -90.0   20.0   50.0   50.0   90.0   80.0   70.0
 2000  4   60.0   60.0   70.0   60.0   70.0   50.0   60.0   50.0   50.0   40.0   40.0   40.0   50.0   40.0   50.0   40.0   50.0   50.0   40.0   30.0   30.0   10.0   10.0  -90.0  -90.0  -90.0  -90.0  -90.0  -90.0  -90.0
 2000  5  -90.0  -90.0  -90.0  -90.0  -90.0  -90.0  -90.0  -90.0  -90.0  -90.0  -90.0  -90.0  -90.0  -90.0  -90.0  -90.0  -90.0  -90.0  -90.0  -90.0  -90.0  -90.0  -90.0  -90.0  -90.0  -90.0  -90.0  -90.0  -90.0  -90.0  -90.0
 2000  6  -90.0  -90.0  -90.0  -90.0  -90.0  -90.0  -90.0  -90.0  -90.0  -90.0  -90.0  -90.0  -90.0  -90.0  -90.0  -90.0  -90.0  -90.0  -90.0  -90.0  -90.0  -90.0  -90.0  -90.0  -90.0  -90.0  -90.0  -90.0  -90.0  -90.0
 2000  7  -90.0  -90.0  -90.0  -90.0  -90.0  -90.0  -90.0  -90.0  -90.0  -90.0  -90.0  -90.0  -90.0  -90.0  -90.0  -90.0  -90.0  -90.0  -90.0  -90.0  -90.0  -90.0  -90.0  -90.0  -90.0  -90.0  -90.0  -90.0  -90.0  -90.0  -90.0
 2000  8  -90.0  -90.0  -90.0  -90.0  -90.0  -90.0  -90.0  -90.0  -90.0  -90.0  -90.0  -90.0  -90.0  -90.0  -90.0  -90.0  -90.0  -90.0  -90.0  -90.0  -90.0  -90.0  -90.0  -90.0  -90.0  -90.0  -90.0  -90.0  -90.0  -90.0  -90.0
 2000  9  -90.0  -90.0  -90.0  -90.0  -90.0  -90.0  -90.0  -90.0  -90.0  -90.0  -90.0  -90.0  -90.0  -90.0  -90.0  -90.0  -90.0  -90.0  -90.0  -90.0  -90.0  -90.0  -90.0  -90.0  -90.0  -90.0  -90.0  -90.0  -90.0  -90.0
 2000 10  -90.0  -90.0  -90.0  -90.0  -90.0  -90.0  -90.0  -90.0  -90.0  -90.0  -90.0  -90.0  -90.0  -90.0  -90.0  -90.0  -90.0  -90.0  -90.0  -90.0  -90.0  -90.0  -90.0  -90.0  -90.0  -90.0  -90.0  -90.0  -90.0  -90.0  -90.0
 2000 11  -90.0   20.0   30.0   30.0   30.0   70.0   80.0   80.0   80.0   70.0   60.0   60.0   50.0   40.0   50.0   50.0   90.0  110.0  100.0   90.0  110.0  110.0  100.0  110.0  130.0  110.0  110.0  120.0  110.0  110.0
 2000 12  110.0  110.0  100.0  100.0   90.0   90.0  100.0   80.0   90.0   90.0   80.0   80.0   80.0   80.0   90.0   90.0   90.0   90.0   90.0   90.0   90.0   90.0   90.0   90.0  110.0  120.0  120.0  110.0  130.0  120.0  120.0
 2001  1  110.0  120.0  130.0  -90.0  -90.0  -90.0  -90.0  -90.0  -90.0  130.0  130.0  120.0  130.0  130.0  130.0  120.0  130.0  130.0  130.0  130.0  130.0  130.0  140.0  150.0  150.0  160.0  160.0  160.0  160.0  150.0  150.0
 2001  2  150.0  150.0  150.0  150.0  150.0  150.0  150.0  170.0  160.0  160.0  160.0  150.0  150.0  150.0  150.0  150.0  150.0  150.0  150.0  150.0  150.0  140.0  140.0  140.0  140.0  140.0  140.0  150.0
 2001  3  150.0  160.0  170.0  180.0  170.0  160.0  170.0  180.0  180.0  180.0  180.0  170.0  180.0  -90.0  -90.0  -90.0  -90.0  -90.0  -90.0  -90.0  -90.0  -90.0  -90.0  -90.0  -90.0  -90.0  -90.0  -90.0  -90.0  -90.0  -90.0
 2001  4  -90.0  -90.0  -90.0  -90.0  -90.0  150.0  160.0  -90.0  -90.0  -90.0  -90.0  150.0  140.0  150.0  150.0  140.0  -90.0  -90.0  -90.0  -90.0  -90.0  -90.0  160.0  150.0  150.0  140.0  130.0  130.0  120.0  110.0
 2001  5  110.0  110.0   90.0  100.0  100.0   80.0  -90.0  -90.0  -90.0  -90.0  -90.0  -90.0  -90.0  -90.0  -90.0  -90.0  -90.0  -90.0  -90.0  -90.0  -90.0  -90.0  -90.0  -90.0  -90.0  -90.0  -90.0  -90.0  -90.0  -90.0  -90.0
 2001  6  -90.0  -90.0  -90.0  -90.0  -90.0  -90.0  -90.0  -90.0  -90.0  -90.0  -90.0  -90.0  -90.0  -90.0  -90.0  -90.0  -90.0  -90.0  -90.0  -90.0  -90.0  -90.0  -90.0  -90.0  -90.0  -90.0  -90.0  -90.0  -90.0  -90.0
 2001  7  -90.0  -90.0  -90.0  -90.0  -90.0  -90.0  -90.0  -90.0  -90.0  -90.0  -90.0  -90.0    0.0  -90.0  -90.0  -90.0  -90.0  -90.0  -90.0  -90.0  -90.0  -90.0  -90.0  -90.0  -90.0  -90.0  -90.0  -90.0  -90.0  -90.0  -90.0
 2001  8  -90.0  -90.0  -90.0  -90.0  -90.0  -90.0  -90.0  -90.0  -90.0  -90.0  -90.0  -90.0  -90.0  -90.0  -90.0  -90.0  -90.0  -90.0  -90.0  -90.0  -90.0  -90.0  -90.0  -90.0  -90.0  -90.0  -90.0  -90.0  -90.0  -90.0  -90.0
 2001  9  -90.0    0.0  -90.0  -90.0  -90.0  -90.0  -90.0  -90.0  -90.0  -90.0  -90.0  -90.0  -90.0  -90.0  -90.0  -90.0  -90.0  -90.0    0.0  -90.0  -90.0  -90.0  -90.0  -90.0  -90.0  -90.0  -90.0  -90.0  -90.0  -90.0
 2001 10  -90.0  -90.0  -90.0  -90.0  -90.0  -90.0  -90.0  -90.0  -90.0  -90.0  -90.0  -90.0  -90.0  -90.0  -90.0  -90.0  -90.0  -90.0  -90.0  -90.0  -90.0  -90.0  -90.0  -90.0  -90.0  -90.0  -90.0  -90.0  -90.0  -90.0  -90.0
 2001 11  -90.0  -90.0  -90.0  -90.0  -90.0  -90.0  -90.0  -90.0  -90.0  -90.0  -90.0  -90.0  -90.0  -90.0  -90.0  -90.0  -90.0  -90.0  -90.0  -90.0  -90.0  -90.0  -90.0  -90.0  -90.0  -90.0  -90.0  -90.0  -90.0  -90.0
 2001 12  -90.0  -90.0  -90.0  -90.0  -90.0  -90.0  -90.0  -90.0  -90.0  -90.0  -90.0  -90.0  -90.0  -90.0  -90.0  -90.0  -90.0  -90.0  -90.0  -90.0  -90.0  -90.0  -90.0  -90.0  -90.0  -90.0  -90.0  -90.0  -90.0  -90.0  -90.0
 2002  1  -90.0  -90.0  -90.0  -90.0  -90.0  -90.0  -90.0  -90.0  -90.0  -90.0  -90.0  -90.0  -90.0  -90.0  -90.0  -90.0  -90.0  -90.0  -90.0  -90.0    0.0    0.0  -90.0  -90.0  -90.0  -90.0  -90.0  -90.0  -90.0  -90.0  -90.0
 2002  2  -90.0  -90.0  -90.0  -90.0  -90.0   40.0   60.0   50.0   40.0   40.0   40.0   40.0   30.0   30.0   70.0   90.0   90.0   80.0   80.0   70.0   70.0   60.0   60.0   60.0   60.0   60.0   60.0   60.0
 2002  3   60.0   80.0   80.0   80.0   70.0   70.0   70.0   60.0   60.0   60.0   50.0   50.0   50.0   50.0   50.0   40.0   40.0   40.0   40.0   30.0   20.0   30.0   30.0   30.0   30.0   30.0   30.0   30.0   20.0   20.0   20.0
 2002  4   10.0   10.0   10.0  -90.0  -90.0  -90.0  -90.0  -90.0  -90.0  -90.0  -90.0  -90.0  -90.0  -90.0  -90.0   40.0   30.0   30.0   20.0   30.0   30.0   20.0   20.0   10.0   10.0   10.0   10.0   10.0   10.0   10.0
 2002  5   10.0   10.0   20.0   40.0   40.0   30.0   20.0   20.0   10.0  -90.0  -90.0  -90.0  -90.0  -90.0  -90.0  -90.0  -90.0  -90.0  -90.0  -90.0  -90.0  -90.0  -90.0  -90.0  -90.0  -90.0  -90.0  -90.0  -90.0  -90.0  -90.0
 2002  6  -90.0  -90.0  -90.0  -90.0  -90.0  -90.0  -90.0  -90.0  -90.0  -90.0  -90.0  -90.0  -90.0  -90.0  -90.0  -90.0  -90.0  -90.0  -90.0  -90.0  -90.0  -90.0  -90.0  -90.0  -90.0  -90.0  -90.0  -90.0  -90.0  -90.0
 2002  7  -90.0  -90.0  -90.0  -90.0  -90.0  -90.0  -90.0  -90.0  -90.0  -90.0  -90.0  -90.0  -90.0  -90.0  -90.0  -90.0  -90.0  -90.0  -90.0  -90.0  -90.0  -90.0  -90.0  -90.0  -90.0  -90.0  -90.0  -90.0  -90.0  -90.0  -90.0
 2002  8  -90.0  -90.0  -90.0  -90.0  -90.0  -90.0  -90.0  -90.0  -90.0  -90.0  -90.0  -90.0  -90.0  -90.0  -90.0  -90.0  -90.0  -90.0  -90.0  -90.0  -90.0  -90.0  -90.0  -90.0  -90.0  -90.0  -90.0  -90.0  -90.0  -90.0  -90.0
 2002  9  -90.0  -90.0  -90.0  -90.0  -90.0  -90.0  -90.0  -90.0  -90.0  -90.0  -90.0  -90.0  -90.0  -90.0  -90.0  -90.0  -90.0  -90.0  -90.0  -90.0  -90.0  -90.0  -90.0  -90.0  -90.0  -90.0  -90.0  -90.0  -90.0  -90.0
 2002 10  -90.0  -90.0  -90.0  -90.0  -90.0  -90.0  -90.0  -90.0  -90.0  -90.0  -90.0  -90.0  -90.0  -90.0  -90.0  -90.0  -90.0  -90.0  -90.0  -90.0  -90.0  -90.0  -90.0  -90.0  -90.0  -90.0  -90.0  -90.0  -90.0  -90.0  -90.0
 2002 11  -90.0  -90.0  -90.0  -90.0  -90.0  -90.0  -90.0  -90.0  -90.0  -90.0  -90.0  -90.0  -90.0   20.0   40.0   40.0   40.0   80.0   80.0   80.0   70.0   90.0   90.0  100.0  100.0   90.0   90.0   70.0   90.0   90.0
 2002 12   80.0   80.0  100.0  100.0  110.0  100.0  100.0  100.0  100.0  100.0   90.0   90.0  100.0  100.0  100.0  100.0   90.0  100.0  100.0  100.0   90.0   90.0   90.0   90.0   90.0   90.0   90.0  110.0  110.0  100.0  100.0
 2003  1  100.0  100.0  100.0  100.0  120.0  110.0  110.0  110.0  110.0  110.0  110.0  110.0  110.0  100.0  100.0  100.0  100.0  100.0  100.0  100.0  130.0  130.0  130.0  130.0  130.0  120.0  120.0  120.0  110.0  110.0  120.0
 2003  2  110.0  110.0  120.0  120.0  120.0  110.0  110.0  110.0  110.0  110.0  110.0  110.0  110.0  110.0  110.0  120.0  110.0  110.0  110.0  110.0  110.0  110.0  110.0  110.0  110.0  110.0  110.0  110.0
 2003  3  110.0  110.0  100.0  100.0  100.0  100.0  100.0  100.0  100.0   90.0   80.0   80.0   80.0   80.0   80.0   80.0   80.0   80.0   70.0   70.0   70.0   70.0   60.0   60.0   60.0   50.0   50.0   50.0   40.0   40.0   40.0
 2003  4   30.0   50.0   60.0   50.0   50.0   40.0   40.0   40.0   40.0   50.0   40.0   50.0   40.0   40.0   30.0   20.0   20.0   20.0  -90.0  -90.0  -90.0  -90.0  -90.0  -90.0  -90.0  -90.0  -90.0  -90.0  -90.0  -90.0
 2003  5  -90.0  -90.0  -90.0  -90.0  -90.0  -90.0  -90.0  -90.0  -90.0  -90.0  -90.0  -90.0  -90.0  -90.0  -90.0  -90.0  -90.0  -90.0  -90.0  -90.0  -90.0  -90.0  -90.0  -90.0  -90.0  -90.0  -90.0  -90.0  -90.0  -90.0  -90.0
 2003  6  -90.0  -90.0  -90.0  -90.0  -90.0  -90.0  -90.0  -90.0  -90.0  -90.0  -90.0  -90.0  -90.0  -90.0  -90.0  -90.0  -90.0  -90.0  -90.0  -90.0  -90.0  -90.0  -90.0  -90.0  -90.0  -90.0  -90.0  -90.0  -90.0  -90.0
 2003  7  -90.0  -90.0  -90.0  -90.0  -90.0  -90.0  -90.0  -90.0  -90.0  -90.0  -90.0  -90.0  -90.0  -90.0  -90.0  -90.0  -90.0  -90.0  -90.0  -90.0  -90.0  -90.0  -90.0  -90.0  -90.0  -90.0  -90.0  -90.0  -90.0  -90.0  -90.0
 2003  8  -90.0  -90.0  -90.0  -90.0  -90.0  -90.0  -90.0  -90.0  -90.0  -90.0  -90.0  -90.0  -90.0  -90.0  -90.0  -90.0  -90.0  -90.0  -90.0  -90.0  -90.0  -90.0  -90.0  -90.0  -90.0  -90.0  -90.0  -90.0  -90.0  -90.0  -90.0
 2003  9  -90.0  -90.0  -90.0  -90.0  -90.0  -90.0  -90.0  -90.0  -90.0  -90.0  -90.0  -90.0  -90.0  -90.0  -90.0  -90.0  -90.0  -90.0  -90.0  -90.0  -90.0  -90.0  -90.0  -90.0  -90.0  -90.0  -90.0  -90.0  -90.0  -90.0
 2003 10  -90.0  -90.0  -90.0  -90.0  -90.0  -90.0  -90.0  -90.0  -90.0  -90.0  -90.0  -90.0  -90.0  -90.0  -90.0  -90.0  -90.0  -90.0  -90.0  -90.0  -90.0  -90.0   30.0   30.0   30.0   20.0   20.0   20.0   30.0   20.0   40.0
 2003 11   50.0   50.0   50.0   40.0   40.0   40.0   50.0  100.0   90.0   80.0   80.0   80.0  -90.0  -90.0  -90.0   70.0   70.0   70.0   60.0   60.0   60.0   50.0   50.0   40.0   40.0   50.0   90.0  130.0  120.0  110.0
 2003 12  110.0  110.0  110.0  100.0  100.0  100.0   90.0   90.0   90.0  100.0  100.0  100.0  100.0   90.0   80.0   80.0   80.0   80.0   80.0   80.0   80.0   80.0   80.0   80.0   80.0   80.0   80.0  110.0  140.0  140.0  150.0
 2004  1  140.0  140.0  130.0  130.0  120.0  120.0  110.0  110.0  110.0  110.0  110.0  110.0  110.0  110.0  100.0  100.0  100.0  110.0  110.0  110.0  100.0  100.0  100.0  100.0  100.0  100.0  100.0  100.0  100.0  100.0  100.0
 2004  2  100.0  100.0  100.0  100.0  100.0   90.0   90.0   90.0   90.0   90.0   90.0   90.0   90.0   90.0   90.0   90.0   90.0   90.0  100.0  130.0  130.0  130.0  140.0  150.0  140.0  130.0  150.0  150.0  150.0
 2004  3  140.0  140.0  140.0  140.0  140.0  140.0  140.0  140.0  140.0  140.0  180.0  180.0  170.0  170.0  160.0  150.0  150.0  140.0  130.0  130.0  120.0  120.0  130.0  130.0  130.0  140.0  130.0  130.0  120.0  120.0  120.0
 2004  4  120.0  110.0  110.0  100.0  100.0  100.0  100.0  100.0  110.0  110.0  100.0  100.0  100.0  100.0  110.0  100.0  100.0  100.0  140.0  120.0  100.0  100.0   90.0   80.0   80.0   70.0   70.0   60.0   50.0   50.0
 2004  5   40.0   30.0   30.0   30.0   50.0   60.0   70.0   50.0   50.0   40.0   40.0   30.0   30.0   20.0   10.0  -90.0  -90.0  -90.0  -90.0  -90.0  -90.0  -90.0  -90.0  -90.0  -90.0  -90.0  -90.0  -90.0  -90.0  -90.0  -90.0
 2004  6  -90.0  -90.0  -90.0  -90.0  -90.0  -90.0  -90.0  -90.0  -90.0  -90.0  -90.0  -90.0  -90.0  -90.0  -90.0  -90.0  -90.0  -90.0  -90.0  -90.0  -90.0  -90.0  -90.0  -90.0  -90.0  -90.0  -90.0  -90.0  -90.0  -90.0
 2004  7  -90.0  -90.0  -90.0  -90.0  -90.0  -90.0  -90.0  -90.0  -90.0  -90.0  -90.0  -90.0  -90.0  -90.0  -90.0  -90.0  -90.0  -90.0  -90.0  -90.0  -90.0  -90.0  -90.0  -90.0  -90.0  -90.0  -90.0  -90.0  -90.0  -90.0  -90.0
 2004  8  -90.0  -90.0  -90.0  -90.0  -90.0  -90.0  -90.0  -90.0  -90.0  -90.0  -90.0  -90.0  -90.0  -90.0  -90.0  -90.0  -90.0  -90.0  -90.0  -90.0  -90.0  -90.0  -90.0  -90.0  -90.0  -90.0  -90.0  -90.0  -90.0  -90.0  -90.0
 2004  9  -90.0  -90.0  -90.0  -90.0  -90.0  -90.0  -90.0  -90.0  -90.0  -90.0  -90.0  -90.0  -90.0  -90.0  -90.0  -90.0  -90.0  -90.0  -90.0  -90.0  -90.0  -90.0  -90.0  -90.0  -90.0  -90.0  -90.0  -90.0  -90.0  -90.0
 2004 10  -90.0  -90.0  -90.0  -90.0  -90.0  -90.0  -90.0  -90.0  -90.0  -90.0  -90.0  -90.0  -90.0  -90.0  -90.0  -90.0  -90.0  -90.0  -90.0  -90.0  -90.0  -90.0  -90.0  -90.0  -90.0  -90.0  -90.0  -90.0  -90.0  -90.0  -90.0
 2004 11  -90.0  -90.0  -90.0  -90.0  -90.0  -90.0  -90.0  -90.0  -90.0  -90.0  -90.0   40.0   40.0   40.0   40.0   30.0   30.0   30.0   30.0   30.0   20.0   20.0   20.0   20.0   20.0   20.0   20.0   20.0   40.0   90.0
 2004 12  100.0   90.0   90.0   80.0   80.0   80.0   70.0   70.0   70.0   70.0   60.0   60.0   60.0   60.0   60.0   60.0   60.0   60.0   60.0   60.0   60.0   60.0   60.0   50.0   60.0  120.0  110.0  110.0  100.0  100.0   90.0
 2005  1   90.0   90.0   80.0   80.0   80.0   80.0   80.0   70.0   70.0   70.0   70.0   70.0   70.0   60.0   60.0   60.0   60.0   60.0   70.0   70.0   60.0   60.0   60.0   60.0   60.0   60.0   60.0   60.0   60.0   60.0   60.0
 2005  2   60.0   60.0   60.0   60.0   60.0   60.0   60.0   60.0   60.0   60.0   60.0   60.0   60.0   60.0   60.0   60.0   60.0   60.0   60.0   60.0   60.0   70.0   70.0   60.0   70.0   60.0   60.0   60.0
 2005  3   70.0   70.0   80.0   70.0   70.0   70.0   70.0   70.0   70.0   70.0   70.0   70.0   70.0   70.0   60.0   60.0   50.0   40.0   40.0   30.0   30.0   20.0   20.0   10.0  -90.0  -90.0  -90.0  -90.0  -90.0  -90.0  -90.0
 2005  4  -90.0  -90.0  -90.0  -90.0  -90.0  -90.0  -90.0  -90.0  -90.0  -90.0  -90.0  -90.0  -90.0  -90.0  -90.0  -90.0  -90.0  -90.0  -90.0  -90.0  -90.0  -90.0  -90.0  -90.0  -90.0  -90.0  -90.0  -90.0  -90.0  -90.0
 2005  5  -90.0  -90.0  -90.0  -90.0  -90.0  -90.0  -90.0  -90.0  -90.0  -90.0  -90.0  -90.0  -90.0  -90.0  -90.0  -90.0  -90.0  -90.0  -90.0  -90.0  -90.0  -90.0  -90.0  -90.0  -90.0  -90.0  -90.0  -90.0  -90.0  -90.0  -90.0
 2005  6  -90.0  -90.0  -90.0  -90.0  -90.0  -90.0  -90.0  -90.0  -90.0  -90.0  -90.0  -90.0  -90.0  -90.0  -90.0  -90.0  -90.0  -90.0  -90.0  -90.0  -90.0  -90.0  -90.0  -90.0  -90.0  -90.0  -90.0  -90.0  -90.0  -90.0
 2005  7  -90.0  -90.0  -90.0  -90.0  -90.0  -90.0  -90.0  -90.0  -90.0  -90.0  -90.0  -90.0  -90.0  -90.0  -90.0  -90.0  -90.0  -90.0  -90.0  -90.0  -90.0  -90.0  -90.0  -90.0  -90.0  -90.0  -90.0  -90.0  -90.0  -90.0  -90.0
 2005  8  -90.0  -90.0  -90.0  -90.0  -90.0  -90.0  -90.0  -90.0  -90.0  -90.0  -90.0  -90.0  -90.0  -90.0  -90.0  -90.0  -90.0  -90.0  -90.0  -90.0  -90.0  -90.0  -90.0  -90.0  -90.0  -90.0  -90.0  -90.0  -90.0  -90.0  -90.0
 2005  9  -90.0  -90.0  -90.0  -90.0  -90.0  -90.0  -90.0  -90.0  -90.0  -90.0  -90.0  -90.0  -90.0  -90.0  -90.0  -90.0  -90.0  -90.0  -90.0  -90.0  -90.0  -90.0  -90.0  -90.0  -90.0    0.0  -90.0  -90.0  -90.0  -90.0
 2005 10  -90.0  -90.0  -90.0  -90.0  -90.0  -90.0  -90.0  -90.0  -90.0  -90.0  -90.0  -90.0  -90.0  -90.0  -90.0    0.0    0.0    0.0    0.0    0.0    0.0    0.0    0.0    0.0    0.0    0.0    0.0    0.0    0.0    0.0    0.0
 2005 11    0.0    0.0    0.0    0.0    0.0    0.0   10.0   10.0    0.0    0.0    0.0    0.0    0.0    0.0    0.0    0.0    0.0    0.0    0.0    0.0    0.0    0.0    0.0    0.0   20.0   20.0   20.0   20.0   20.0   20.0
 2005 12   20.0   30.0   60.0   60.0   60.0   60.0   50.0   50.0   50.0   50.0   40.0   40.0   40.0   50.0   50.0   50.0   40.0   50.0   50.0   50.0   50.0   40.0   40.0   50.0   40.0   40.0   50.0   60.0   60.0   60.0   60.0
 2006  1   60.0   60.0   60.0   60.0   60.0   60.0   60.0   50.0   50.0   50.0   50.0   50.0   50.0   60.0   60.0   60.0   60.0   40.0   50.0   50.0   50.0   40.0   40.0   50.0   50.0   50.0  100.0  110.0  100.0   90.0   90.0
 2006  2   80.0   80.0   80.0   80.0   80.0   70.0   80.0   70.0   70.0   70.0   70.0   70.0   70.0   70.0   70.0   70.0   70.0   90.0  110.0  130.0  130.0  130.0  120.0  140.0  140.0  130.0  120.0  120.0
 2006  3  120.0  120.0  120.0  140.0  150.0  140.0  140.0  130.0  130.0  130.0  120.0  120.0  130.0  120.0  120.0  120.0  110.0  110.0  110.0  110.0  110.0  100.0  100.0  100.0  100.0   90.0   80.0  100.0  100.0   90.0   80.0
 2006  4   80.0   80.0   80.0   70.0   90.0   90.0   80.0   80.0   80.0   90.0  120.0  110.0  100.0   90.0   80.0   70.0   70.0   60.0   60.0   50.0   50.0   40.0   40.0   20.0   10.0    0.0  -90.0  -90.0  -90.0  -90.0
 2006  5  -90.0  -90.0  -90.0  -90.0  -90.0  -90.0  -90.0  -90.0  -90.0  -90.0  -90.0  -90.0  -90.0  -90.0  -90.0  -90.0  -90.0  -90.0  -90.0  -90.0  -90.0  -90.0  -90.0  -90.0  -90.0  -90.0  -90.0  -90.0  -90.0  -90.0  -90.0
 2006  6  -90.0  -90.0  -90.0  -90.0  -90.0  -90.0  -90.0  -90.0  -90.0  -90.0  -90.0  -90.0  -90.0  -90.0  -90.0  -90.0  -90.0  -90.0  -90.0  -90.0  -90.0  -90.0  -90.0  -90.0  -90.0  -90.0  -90.0  -90.0  -90.0  -90.0
 2006  7  -90.0  -90.0  -90.0  -90.0  -90.0  -90.0  -90.0  -90.0  -90.0  -90.0  -90.0  -90.0  -90.0  -90.0  -90.0  -90.0  -90.0  -90.0  -90.0  -90.0  -90.0  -90.0  -90.0  -90.0  -90.0  -90.0  -90.0  -90.0  -90.0  -90.0  -90.0
 2006  8  -90.0  -90.0  -90.0  -90.0  -90.0  -90.0  -90.0  -90.0  -90.0  -90.0  -90.0  -90.0  -90.0  -90.0  -90.0  -90.0  -90.0  -90.0  -90.0  -90.0  -90.0  -90.0  -90.0  -90.0  -90.0  -90.0  -90.0  -90.0  -90.0  -90.0  -90.0
 2006  9  -90.0  -90.0  -90.0  -90.0  -90.0  -90.0  -90.0  -90.0  -90.0  -90.0  -90.0  -90.0  -90.0  -90.0  -90.0  -90.0  -90.0  -90.0  -90.0  -90.0   10.0   10.0  -90.0  -90.0  -90.0  -90.0  -90.0  -90.0  -90.0  -90.0
 2006 10  -90.0  -90.0   10.0  -90.0   10.0   10.0   10.0   10.0   10.0   10.0   10.0   10.0   10.0   10.0   10.0   10.0   10.0   10.0   10.0   10.0   10.0   10.0   10.0   10.0   10.0   10.0   10.0   10.0   10.0   10.0   10.0
 2006 11   10.0   10.0   10.0   10.0   10.0   10.0   10.0   10.0   10.0   10.0   10.0   10.0   10.0   10.0   10.0   10.0   10.0   10.0   10.0   10.0   10.0   10.0   10.0   10.0   10.0    0.0    0.0    0.0    0.0    0.0
 2006 12    0.0    0.0   10.0    0.0    0.0    0.0    0.0   10.0   40.0   30.0   30.0   30.0   30.0   30.0   20.0   20.0   20.0   30.0   20.0   20.0   20.0   20.0   20.0   20.0   20.0   20.0   20.0   20.0   20.0   20.0   20.0
 2007  1   30.0   30.0   30.0   30.0   30.0   30.0   30.0   30.0   30.0   20.0   20.0   20.0   20.0   20.0   20.0   20.0   20.0   20.0   10.0   10.0   10.0   20.0   60.0   60.0   50.0   70.0   40.0   40.0   30.0   30.0   30.0
 2007  2   30.0   30.0   20.0   20.0   20.0   30.0   30.0   30.0   30.0   30.0   30.0   50.0   30.0   30.0   30.0   30.0   30.0   30.0   30.0   30.0   30.0   20.0   20.0   30.0   30.0   30.0   30.0   20.0
 2007  3   20.0   20.0   20.0   20.0   20.0   10.0   40.0   30.0   20.0   20.0   20.0   20.0   20.0   10.0   10.0    0.0    0.0    0.0   20.0   20.0   20.0   10.0   10.0   20.0   40.0   40.0   40.0   30.0   30.0   30.0   30.0
 2007  4   30.0   20.0   20.0   20.0   20.0   10.0   10.0    0.0    0.0    0.0    0.0    0.0    0.0    0.0    0.0    0.0    0.0    0.0    0.0    0.0    0.0    0.0    0.0    0.0    0.0    0.0    0.0    0.0    0.0    0.0
 2007  5    0.0    0.0    0.0    0.0    0.0    0.0    0.0    0.0    0.0    0.0    0.0    0.0    0.0    0.0    0.0    0.0    0.0    0.0    0.0    0.0    0.0    0.0    0.0    0.0    0.0    0.0    0.0    0.0    0.0    0.0   10.0
 2007  6    0.0   10.0    0.0   10.0   10.0   10.0    0.0   10.0   10.0    0.0   10.0    0.0   10.0   10.0   10.0   10.0   10.0   10.0   10.0   20.0   10.0   10.0   20.0   20.0   10.0   10.0   10.0   10.0   10.0   10.0
 2007  7   10.0    0.0   10.0    0.0    0.0    0.0   10.0    0.0    0.0   10.0   10.0    0.0    0.0    0.0    0.0    0.0    0.0    0.0    0.0    0.0    0.0    0.0    0.0    0.0    0.0    0.0    0.0    0.0    0.0    0.0    0.0
 2007  8    0.0   10.0    0.0    0.0    0.0    0.0   10.0    0.0    0.0    0.0   10.0    0.0   10.0    0.0    0.0    0.0    0.0    0.0    0.0    0.0   10.0    0.0    0.0    0.0    0.0    0.0   10.0   10.0   10.0    0.0    0.0
 2007  9    0.0    0.0    0.0    0.0   10.0   10.0    0.0    0.0    0.0    0.0    0.0   10.0    0.0    0.0    0.0    0.0    0.0    0.0    0.0   10.0    0.0    0.0    0.0    0.0    0.0   10.0   10.0   20.0   10.0   10.0
 2007 10    0.0    0.0    0.0    0.0    0.0    0.0    0.0    0.0    0.0    0.0    0.0    0.0    0.0    0.0    0.0    0.0    0.0    0.0    0.0    0.0    0.0    0.0    0.0   10.0    0.0    0.0    0.0    0.0    0.0   10.0    0.0
 2007 11    0.0    0.0    0.0    0.0    0.0    0.0    0.0    0.0    0.0   20.0   10.0   10.0   10.0   10.0   10.0   10.0   10.0   10.0   10.0   10.0   10.0   20.0   60.0   90.0   80.0   70.0   70.0   70.0   70.0   60.0
 2007 12   60.0   60.0   70.0   70.0   70.0   60.0   60.0   60.0   60.0   60.0   60.0   60.0   60.0   60.0  -90.0  -90.0  -90.0  -90.0  -90.0   60.0   50.0   60.0   50.0   50.0   50.0   50.0   50.0   50.0   50.0   50.0   50.0
 2008  1   50.0   60.0  -90.0  -90.0  -90.0  -90.0  -90.0  -90.0  -90.0   80.0   90.0  140.0  130.0  130.0  130.0  150.0  140.0  140.0  130.0  120.0  120.0  120.0  110.0  110.0  110.0  110.0  100.0  100.0  100.0  100.0  100.0
 2008  2   90.0  110.0  110.0  130.0  130.0  130.0  120.0  120.0  120.0  110.0  110.0  110.0  110.0  100.0  100.0  100.0  100.0  100.0  100.0  100.0  100.0   90.0   90.0   90.0   90.0   80.0   80.0   80.0   80.0
 2008  3   80.0   70.0   70.0   80.0   80.0   80.0   70.0   70.0   70.0  100.0   90.0   80.0   80.0   70.0   70.0   70.0   70.0   70.0   70.0   70.0   80.0   80.0   80.0   80.0   80.0   80.0   80.0   70.0   70.0   70.0   70.0
 2008  4   60.0   60.0   60.0   60.0   60.0   60.0   70.0   70.0   80.0   70.0   60.0   70.0   70.0   80.0   80.0   70.0   80.0   80.0   80.0   70.0   90.0   90.0   80.0   70.0   70.0   60.0   60.0   50.0   50.0   50.0
 2008  5   40.0   40.0   30.0   20.0   10.0    0.0  -90.0  -90.0  -90.0  -90.0  -90.0  -90.0  -90.0  -90.0  -90.0  -90.0  -90.0  -90.0  -90.0  -90.0  -90.0  -90.0  -90.0  -90.0  -90.0  -90.0  -90.0  -90.0  -90.0  -90.0  -90.0
 2008  6  -90.0  -90.0  -90.0  -90.0  -90.0  -90.0  -90.0  -90.0  -90.0  -90.0  -90.0  -90.0  -90.0  -90.0  -90.0  -90.0  -90.0  -90.0  -90.0  -90.0  -90.0  -90.0  -90.0  -90.0  -90.0  -90.0  -90.0  -90.0  -90.0  -90.0
 2008  7  -90.0  -90.0  -90.0  -90.0  -90.0  -90.0  -90.0  -90.0  -90.0  -90.0  -90.0  -90.0  -90.0  -90.0  -90.0  -90.0  -90.0  -90.0  -90.0  -90.0  -90.0  -90.0  -90.0  -90.0  -90.0  -90.0  -90.0  -90.0  -90.0  -90.0  -90.0
 2008  8  -90.0  -90.0  -90.0  -90.0  -90.0  -90.0  -90.0  -90.0  -90.0  -90.0  -90.0  -90.0  -90.0  -90.0  -90.0  -90.0  -90.0  -90.0  -90.0  -90.0  -90.0  -90.0  -90.0  -90.0  -90.0  -90.0  -90.0  -90.0  -90.0  -90.0  -90.0
 2008  9  -90.0  -90.0  -90.0  -90.0  -90.0  -90.0  -90.0  -90.0  -90.0  -90.0  -90.0  -90.0  -90.0  -90.0  -90.0  -90.0  -90.0  -90.0  -90.0  -90.0  -90.0  -90.0  -90.0  -90.0  -90.0  -90.0  -90.0  -90.0  -90.0  -90.0
 2008 10  -90.0  -90.0  -90.0  -90.0  -90.0  -90.0  -90.0  -90.0  -90.0  -90.0  -90.0  -90.0  -90.0  -90.0  -90.0  -90.0  -90.0  -90.0  -90.0  -90.0  -90.0  -90.0  -90.0  -90.0  -90.0  -90.0  -90.0  -90.0    0.0   20.0   40.0
 2008 11   20.0   10.0    0.0   10.0    0.0    0.0    0.0    0.0    0.0    0.0    0.0   20.0   40.0   30.0   30.0   30.0   30.0   30.0   30.0   20.0   20.0   20.0   20.0   30.0   30.0   30.0   30.0   70.0   80.0  110.0
 2008 12  150.0  130.0  120.0  120.0  120.0  110.0  110.0  110.0  100.0  140.0  170.0  160.0  170.0  170.0  160.0  170.0  180.0  160.0  170.0  160.0  150.0  150.0  140.0  140.0  140.0  140.0  -90.0  -90.0  -90.0  140.0  150.0
 2009  1  150.0  150.0  140.0  140.0  140.0  140.0  140.0  140.0  130.0  130.0  130.0  130.0  130.0  130.0  130.0  130.0  130.0  140.0  140.0  180.0  170.0  170.0  160.0  160.0  160.0  150.0  160.0  160.0  160.0  150.0  150.0
 2009  2  150.0  190.0  190.0  180.0  200.0  230.0  250.0  240.0  230.0  220.0  220.0  220.0  210.0  210.0  210.0  200.0  200.0  200.0  190.0  190.0  190.0  190.0  190.0  180.0  180.0  180.0  170.0  170.0
 2009  3  160.0  160.0  160.0  190.0  220.0  210.0  210.0  200.0  200.0  200.0  190.0  190.0  180.0  180.0  170.0  170.0  170.0  170.0  170.0  160.0  160.0  160.0  160.0  160.0  160.0  160.0  160.0  170.0  190.0  170.0  160.0
 2009  4  160.0  150.0  150.0  150.0  140.0  140.0  130.0  130.0  120.0  120.0  110.0  110.0  100.0  100.0   90.0  110.0  100.0  100.0   90.0   90.0   80.0   80.0   80.0   80.0   70.0   80.0  110.0  100.0  110.0  100.0
 2009  5   90.0   90.0   80.0   80.0   70.0   60.0   60.0   40.0   40.0   20.0   10.0    0.0  -90.0  -90.0  -90.0  -90.0  -90.0  -90.0  -90.0  -90.0  -90.0  -90.0  -90.0  -90.0  -90.0  -90.0  -90.0  -90.0  -90.0  -90.0  -90.0
 2009  6  -90.0  -90.0  -90.0  -90.0  -90.0  -90.0  -90.0  -90.0  -90.0  -90.0  -90.0  -90.0  -90.0  -90.0  -90.0  -90.0  -90.0  -90.0  -90.0  -90.0  -90.0  -90.0  -90.0  -90.0  -90.0  -90.0  -90.0  -90.0  -90.0  -90.0
 2009  7  -90.0  -90.0  -90.0  -90.0  -90.0  -90.0  -90.0  -90.0  -90.0  -90.0  -90.0  -90.0  -90.0  -90.0  -90.0  -90.0  -90.0  -90.0  -90.0  -90.0  -90.0  -90.0  -90.0  -90.0  -90.0  -90.0  -90.0  -90.0  -90.0  -90.0  -90.0
 2009  8  -90.0  -90.0  -90.0  -90.0  -90.0  -90.0  -90.0  -90.0  -90.0  -90.0  -90.0  -90.0  -90.0  -90.0  -90.0  -90.0  -90.0  -90.0  -90.0  -90.0  -90.0  -90.0  -90.0  -90.0  -90.0  -90.0  -90.0  -90.0  -90.0  -90.0  -90.0
 2009  9  -90.0  -90.0  -90.0  -90.0  -90.0  -90.0  -90.0  -90.0  -90.0  -90.0  -90.0  -90.0  -90.0  -90.0  -90.0  -90.0  -90.0  -90.0  -90.0  -90.0  -90.0  -90.0  -90.0  -90.0  -90.0  -90.0  -90.0  -90.0  -90.0  -90.0
 2009 10  -90.0  -90.0  -90.0  -90.0  -90.0  -90.0  -90.0  -90.0  -90.0  -90.0  -90.0  -90.0  -90.0  -90.0  -90.0  -90.0  -90.0  -90.0  -90.0  -90.0  -90.0  -90.0  -90.0  -90.0  -90.0  -90.0  -90.0  -90.0  -90.0  -90.0  -90.0
 2009 11  -90.0   20.0   30.0   30.0   30.0   40.0   40.0   60.0   60.0   50.0   50.0   40.0   40.0   30.0   30.0   20.0   10.0   10.0   10.0   10.0   10.0   10.0   10.0   10.0   10.0   10.0   10.0   10.0   30.0  100.0
 2009 12   90.0   80.0   70.0   90.0   80.0   80.0   80.0   80.0   80.0   70.0   70.0   70.0   80.0   80.0   70.0   70.0   70.0   70.0   70.0   70.0   80.0  100.0  120.0  140.0  110.0  110.0  110.0  110.0  100.0  110.0  110.0
 2010  1  110.0  110.0  110.0  110.0  100.0  100.0  110.0  140.0  160.0  150.0  140.0  140.0  140.0  140.0  130.0  130.0  130.0  130.0  130.0  120.0  120.0  120.0  120.0  120.0  120.0  120.0  120.0  110.0  110.0  120.0  120.0
 2010  2  120.0  110.0  110.0  110.0  130.0  130.0  130.0  130.0  120.0  130.0  130.0  130.0  130.0  120.0  120.0  120.0  110.0  120.0  160.0  -90.0  -90.0  -90.0  -90.0  150.0  140.0  150.0  150.0  150.0
 2010  3  150.0  140.0  140.0  140.0  140.0  140.0  140.0  140.0  140.0  150.0  150.0  150.0  150.0  140.0  140.0  140.0  140.0  140.0  130.0  130.0  130.0  120.0  110.0  110.0  110.0  120.0  110.0  110.0  100.0  120.0  120.0
 2010  4  130.0  120.0  130.0  140.0  130.0  120.0  120.0  110.0  110.0  100.0  100.0  100.0  100.0  100.0   90.0   90.0   90.0   90.0   90.0   80.0   80.0   70.0   70.0   60.0   50.0   40.0   40.0   30.0   10.0   10.0
 2010  5  -90.0  -90.0  -90.0  -90.0  -90.0  -90.0  -90.0  -90.0  -90.0  -90.0  -90.0  -90.0  -90.0  -90.0  -90.0  -90.0  -90.0  -90.0  -90.0  -90.0  -90.0  -90.0  -90.0  -90.0  -90.0  -90.0  -90.0  -90.0  -90.0  -90.0  -90.0
 2010  6  -90.0  -90.0  -90.0  -90.0  -90.0  -90.0  -90.0  -90.0  -90.0  -90.0  -90.0  -90.0  -90.0  -90.0  -90.0  -90.0  -90.0  -90.0  -90.0  -90.0  -90.0  -90.0  -90.0  -90.0  -90.0  -90.0  -90.0  -90.0  -90.0  -90.0
 2010  7  -90.0  -90.0  -90.0  -90.0  -90.0  -90.0  -90.0  -90.0  -90.0  -90.0  -90.0  -90.0  -90.0  -90.0  -90.0  -90.0  -90.0  -90.0  -90.0  -90.0  -90.0  -90.0  -90.0  -90.0  -90.0  -90.0  -90.0  -90.0  -90.0  -90.0  -90.0
 2010  8  -90.0  -90.0  -90.0  -90.0  -90.0  -90.0  -90.0  -90.0  -90.0  -90.0  -90.0  -90.0  -90.0  -90.0  -90.0  -90.0  -90.0  -90.0  -90.0  -90.0  -90.0  -90.0  -90.0  -90.0  -90.0  -90.0  -90.0  -90.0  -90.0  -90.0  -90.0
 2010  9  -90.0  -90.0  -90.0  -90.0  -90.0  -90.0  -90.0  -90.0  -90.0  -90.0  -90.0  -90.0  -90.0  -90.0  -90.0  -90.0  -90.0  -90.0  -90.0  -90.0  -90.0  -90.0  -90.0  -90.0  -90.0  -90.0  -90.0  -90.0  -90.0  -90.0
 2010 10  -90.0  -90.0  -90.0  -90.0  -90.0  -90.0  -90.0  -90.0  -90.0  -90.0  -90.0  -90.0  -90.0  -90.0  -90.0  -90.0  -90.0  -90.0  -90.0  -90.0  -90.0  -90.0  -90.0   20.0   80.0   70.0   60.0   50.0   50.0   40.0   70.0
 2010 11   60.0   50.0   40.0   40.0   30.0   30.0   30.0   40.0   40.0   40.0   40.0   40.0   30.0   30.0   20.0   80.0   60.0   70.0   80.0   80.0  120.0  120.0  110.0  110.0  100.0  110.0  110.0  120.0  110.0  120.0
 2010 12  140.0  130.0  130.0  130.0  120.0  130.0  120.0  110.0  100.0  100.0  100.0  100.0  100.0  100.0  100.0  100.0  100.0  100.0  110.0  100.0  110.0  120.0  150.0  160.0  170.0  170.0  170.0  160.0  160.0  150.0  150.0
 2011  1  150.0  150.0  150.0  140.0  140.0  150.0  150.0  150.0  160.0  160.0  160.0  160.0  150.0  150.0  150.0  140.0  140.0  140.0  140.0  140.0  140.0  140.0  140.0  140.0  140.0  140.0  140.0  140.0  140.0  130.0  130.0
 2011  2  -90.0  130.0  130.0  130.0  130.0  130.0  130.0  130.0  130.0  130.0  130.0  130.0  130.0  130.0  140.0  160.0  160.0  160.0  160.0  160.0  150.0  150.0  150.0  150.0  150.0  140.0  160.0  170.0
 2011  3  160.0  160.0  180.0  160.0  160.0  160.0  160.0  150.0  160.0  150.0  150.0  150.0  160.0  150.0  150.0  190.0  200.0  190.0  190.0  180.0  180.0  180.0  170.0  170.0  160.0  160.0  160.0  150.0  150.0  140.0  140.0
 2011  4  130.0  130.0  120.0  120.0  110.0  110.0  100.0   80.0   80.0   70.0   60.0   60.0   60.0   60.0   60.0   50.0   50.0   40.0   30.0   30.0   20.0   10.0   10.0   10.0  -90.0  -90.0  -90.0  -90.0  -90.0  -90.0
 2011  5  -90.0  -90.0  -90.0  -90.0  -90.0  -90.0  -90.0  -90.0  -90.0  -90.0  -90.0  -90.0  -90.0  -90.0  -90.0  -90.0  -90.0  -90.0  -90.0  -90.0  -90.0  -90.0  -90.0  -90.0  -90.0  -90.0  -90.0  -90.0  -90.0  -90.0  -90.0
 2011  6  -90.0  -90.0  -90.0  -90.0  -90.0  -90.0  -90.0  -90.0  -90.0  -90.0  -90.0  -90.0  -90.0  -90.0  -90.0  -90.0  -90.0  -90.0  -90.0  -90.0  -90.0  -90.0  -90.0  -90.0  -90.0  -90.0  -90.0  -90.0  -90.0  -90.0
 2011  7  -90.0  -90.0  -90.0  -90.0  -90.0  -90.0  -90.0  -90.0  -90.0  -90.0  -90.0  -90.0  -90.0  -90.0  -90.0  -90.0  -90.0  -90.0  -90.0  -90.0  -90.0  -90.0  -90.0  -90.0  -90.0  -90.0  -90.0  -90.0  -90.0  -90.0  -90.0
 2011  8  -90.0  -90.0  -90.0  -90.0  -90.0  -90.0  -90.0  -90.0  -90.0  -90.0  -90.0  -90.0  -90.0  -90.0  -90.0  -90.0  -90.0  -90.0  -90.0  -90.0  -90.0  -90.0  -90.0  -90.0  -90.0  -90.0  -90.0  -90.0  -90.0  -90.0  -90.0
 2011  9  -90.0  -90.0  -90.0  -90.0  -90.0  -90.0  -90.0  -90.0  -90.0  -90.0  -90.0  -90.0  -90.0  -90.0  -90.0  -90.0  -90.0  -90.0  -90.0  -90.0  -90.0  -90.0  -90.0  -90.0  -90.0  -90.0  -90.0  -90.0  -90.0  -90.0
 2011 10  -90.0  -90.0  -90.0  -90.0  -90.0  -90.0  -90.0  -90.0  -90.0  -90.0  -90.0  -90.0  -90.0  -90.0  -90.0  -90.0  -90.0  -90.0  -90.0  -90.0  -90.0  -90.0  -90.0  -90.0  -90.0  -90.0  -90.0  -90.0  -90.0  -90.0  -90.0
 2011 11  -90.0  -90.0  -90.0  -90.0  -90.0  -90.0  -90.0  -90.0  -90.0  -90.0  -90.0  -90.0  -90.0  -90.0  -90.0  -90.0  -90.0  -90.0  -90.0  -90.0  -90.0  -90.0  -90.0  -90.0  -90.0  -90.0  -90.0  -90.0  -90.0  -90.0
 2011 12  -90.0  -90.0  -90.0  -90.0  -90.0  -90.0  -90.0  -90.0  -90.0  -90.0  -90.0  -90.0  -90.0  -90.0  -90.0  -90.0  -90.0  -90.0  -90.0  -90.0  -90.0  -90.0  -90.0  -90.0  -90.0  -90.0  -90.0  -90.0  -90.0  -90.0  -90.0
