1971 14.35
1971 15.15
1971 15.1
1971 15.5
1971 12.95
1971 14.9
1971 15.6
1971 17.3
1971 17.35
1971 16.7
1971 16.85
1971 12.65
1971 13.25
1971 12.85
1971 14
1971 11.45
1971 9.95
1971 9.7
1971 11.6
1971 13.35
1971 14.75
1971 14.25
1971 12.45
1971 10.25
1971 10.05
1971 11.3
1971 12.1
1971 12.1
1971 10.75
1971 10.55
1971 8.6
1971 7.45
1971 6.1
1971 5.25
1971 8.3
1971 11
1971 11.75
1971 12.65
1971 13.6
1971 14.25
1971 13.2
1971 12.2
1971 11
1971 9.15
1971 8.5
1971 6.95
1971 4.55
1971 4.9
1971 6.4
1971 4.2
1971 1.9
1971 2.45
1971 0.05
1971 0.8
1971 3.55
1971 3.4
1971 4.9
1971 4.85
1971 4.05
1971 6.5
1971 4.45
1971 5.95
1971 7.45
1971 10.9
1971 7.75
1971 4.05
1971 3.7
1971 0.75
1971 2.25
1971 3.5
1971 3.7
1971 1.15
1971 3.05
1971 4.3
1971 3.95
1971 2.25
1971 -0.35
1971 -1.5
1971 1.7
1971 5.6
1971 3.7
1971 2.55
1971 0.95
1971 0.05
1971 -1.55
1971 -0.3
1971 -0.1
1971 -0.15
1971 0.25
1971 1.8
1971 3.65
1971 3.15
1971 2.95
1971 2.05
1971 2.55
1971 1.5
1971 0.2
1971 -1.85
1971 -0.75
1971 -1.45
1971 -2.25
1971 -2.5
1971 -1.7
1971 -1.65
1971 -2
1971 -2.65
1971 -3.1
1971 -5.25
1971 -4.85
1971 -4.95
1971 -6.05
1971 -5.5
1971 -4.45
1971 -7.3
1971 -9.7
1971 -12.85
1971 -12.9
1971 -8.8
1971 -1.8
1971 -4.3
1971 -2.55
1971 -5.15
1971 -9.4
1971 -12.8
1971 -10.45
1971 -12.05
1971 -12.85
1971 -11.4
1971 -8.85
1971 -8.05
1971 -3.85
1971 -2.35
1971 -0.6
1971 -1.85
1971 -2.65
1971 -1.55
1971 0.1
1971 -3.75
1971 -3.95
1971 -3.2
1971 -3.3
1971 -2.2
1971 0.2
1971 1.1
1971 -0.25
1971 -0.1
1971 -0.5
1971 -2.35
1971 -0.6
1971 -1.4
1971 -1.9
1971 -1.5
1971 0
1971 1.5
1971 -2.95
1971 -7.35
1971 -2.45
1971 -5.4
1971 -2.5
1971 -2.35
1971 -1
1971 -0.65
1971 -2
1971 -2.25
1971 -1.7
1971 -2.1
1971 -0.45
1971 1.4
1971 1.9
1971 -0.4
1971 -2.75
1971 -0.45
1971 -0.85
1971 -1.5
1971 -0.45
1971 -2.1
1971 -2.1
1971 -0.75
1971 -1.75
1971 -6.2
1971 -9.55
1971 -7.8
1971 -9.5
1971 -9.15
1971 -9.95
1971 -13.1
1971 -14.2
1971 -11.3
1971 -8.7
1971 -7.4
1971 -4.55
1971 -5.05
1971 -3.3
1971 -1.6
1971 0.2
1971 1.6
1971 0.25
1971 1.45
1971 2.35
1971 2.6
1971 3
1971 6.25
1971 6.7
1971 2.95
1971 2.6
1971 4.15
1971 2.7
1971 -0.0999999999999999
1971 1.3
1971 1.9
1971 2.35
1971 4.35
1971 5.15
1971 6.55
1971 5.3
1971 5.6
1971 6.2
1971 6.85
1971 6.9
1971 8.25
1971 10
1971 8.15
1971 8.2
1971 8.15
1971 7.45
1971 7.5
1971 8.4
1971 9.9
1971 9.3
1971 7.3
1971 9.25
1971 9.55
1971 10.45
1971 11.7
1971 11.45
1971 10.55
1971 5.6
1971 7.2
1971 8.25
1971 4.15
1971 5.9
1971 6.45
1971 8
1971 7.4
1971 7.45
1971 8.1
1971 8.6
1971 9.45
1971 11.2
1971 12.35
1971 13.65
1971 13.05
1971 11.7
1971 13.05
1971 13.45
1971 11.35
1971 13.5
1971 13.65
1971 15.4
1971 17.35
1971 16.4
1971 15.55
1971 15.25
1971 12.6
1971 11.35
1971 11.85
1971 11.65
1971 11.7
1971 11.5
1971 9.35
1971 8.45
1971 6.7
1971 6.9
1971 10.75
1971 13.25
1971 13.75
1971 14.25
1971 15.65
1971 14.15
1971 12.7
1971 12.7
1971 12.4
1971 12.2
1971 11.1
1971 9.95
1971 9.8
1971 10.55
1971 11.15
1971 9.4
1971 10.6
1971 8.65
1971 8.75
1971 11.75
1971 14.3
1971 15.6
1971 15.7
1971 13.8
1971 14.8
1971 15.85
1971 14.8
1971 15.5
1971 12.2
1971 10.55
1971 7.6
1971 11.6
1971 13.05
1971 14.8
1971 16.1
1971 16.2
1971 17.15
1971 18.05
1971 19.4
1971 19.85
1971 20.45
1971 20.25
1971 18.2
1971 16.9
1971 17.7
1971 17.9
1971 16.7
1971 14.45
1971 13.5
1971 12.65
1971 13.1
1971 13.9
1971 14.7
1971 16.9
1971 17.3
1971 18.75
1971 21.05
1971 20.15
1971 17.9
1971 18.4
1971 19.7
1971 19.5
1971 19.5
1971 18.45
1971 16.4
1971 17.95
1971 17.95
1971 19.05
1971 18.1
1971 16.35
1971 17
1971 18.8
1971 16.25
1971 16.6
1971 18.95
1971 19.3
1971 18.6
1971 18.2
1971 18.5
1971 20.45
1971 20
1971 18.4
1971 16.45
1971 15.85
1971 15.05
1971 14.55
1971 15.4
1971 15
1971 15.2
1971 14.9
1971 16.55
1971 14.5
