1990 0
1990 0
1990 0
1990 0
1990 0
1990 0
1990 0
1990 0
1990 0
1990 0
1990 0
1990 0
1990 0
1990 0
1990 0
1990 0
1990 0
1990 0
1990 0
1990 0
1990 0
1990 0
1990 0
1990 0
1990 0
1990 0
1990 0
1990 0
1990 0
1990 0
1990 0
1990 0
1990 0
1990 0
1990 0
1990 0
1990 0
1990 0.23
1990 0
1990 0
1990 0
1990 0
1990 0
1990 0
1990 0
1990 0
1990 0
1990 0
1990 0
1990 0
1990 0
1990 0
1990 0
1990 0
1990 0
1990 0
1990 0
1990 0
1990 0
1990 0
1990 0
1990 0
1990 0
1990 0
1990 0
1990 1.50166666666667
1990 4.66666666666667
1990 0
1990 1.8
1990 0.405
1990 0
1990 0
1990 0
1990 0
1990 0
1990 0
1990 0
1990 0
1990 0
1990 0
1990 0
1990 0
1990 0
1990 0
1990 0
1990 0.2
1990 0
1990 0
1990 0
1990 0
1990 0
1990 0
1990 0
1990 0
1990 0
1990 0
1990 0
1990 0
1990 0
1990 0
1990 0
1990 0
1990 1.2
1990 1.45
1990 0
1990 0
1990 0
1990 0
1990 0
1990 0
1990 0
1990 0
1990 0
1990 7.4
1990 2.4
1990 0
1990 0
1990 0
1990 0
1990 0
1990 0
1990 0
1990 0
1990 0
1990 0
1990 0
1990 5.9
1990 1.5
1990 0
1990 0
1990 0
1990 0
1990 0
1990 0
1990 0
1990 0
1990 0
1990 0
1990 0
1990 0.4
1990 0
1990 1.1
1990 0
1990 0
1990 0
1990 0.43
1990 0.733333333333333
1990 0.513333333333334
1990 0
1990 0
1990 0
1990 0
1990 0
1990 0
1990 1.30666666666667
1990 0.8
1990 0
1990 0
1990 0
1990 0
1990 0
1990 0
1990 1.3
1990 2.4
1990 7.9
1990 39.3
1990 74.8
1990 13.0333333333333
1990 4.6
1990 0
1990 0
1990 0
1990 0
1990 0
1990 0
1990 0
1990 0
1990 0
1990 0
1990 5.135
1990 32
1990 4.2
1990 10
1990 0
1990 0
1990 0
1990 0
1990 0
1990 0
1990 0
1990 0
1990 0
1990 0
1990 0
1990 0
1990 0
1990 0
1990 0
1990 0
1990 0
1990 0
1990 0
1990 0
1990 0
1990 0
1990 0
1990 3.1
1990 1.9
1990 0.783333333333333
1990 1.43333333333333
1990 0
1990 0
1990 0
1990 0
1990 0
1990 0
1990 0
1990 0
1990 0
1990 0.788333333333333
1990 0.04
1990 0.42
1990 17.8
1990 1.33
1990 0
1990 0
1990 2.035
1990 0.173333333333333
1990 0.42
1990 1.4
1990 0.13
1990 0
1990 0
1990 0
1990 0
1990 0
1990 0
1990 0
1990 0
1990 0
1990 0
1990 0
1990 0
1990 0
1990 0
1990 0
1990 0
1990 0
1990 0
1990 0
1990 0
1990 0
1990 0
1990 0
1990 0
1990 0
1990 0
1990 0
1990 0
1990 0
1990 0
1990 0
1990 0
1990 0
1990 0
1990 0
1990 0
1990 0
1990 0
1990 0
1990 0
1990 0
1990 0
1990 0
1990 0
1990 0
1990 0
1990 0
1990 0
1990 0
1990 0
1990 0
1990 0
1990 0
1990 0
1990 0
1990 0
1990 0
1990 0
1990 0
1990 0
1990 0
1990 0
1990 0
1990 0
1990 0
1990 0
1990 0
1990 0
1990 0
1990 0
1990 0
1990 0
1990 0
1990 0
1990 0
1990 0
1990 0
1990 0
1990 0
1990 0
1990 0
1990 0
1990 0
1990 0
1990 0
1990 0
1990 0
1990 0
1990 0
1990 0
1990 0
1990 0
1990 0
1990 0
1990 0
1990 0
1990 0
1990 0
1990 0
1990 0
1990 0
1990 0
1990 0
1990 0
1990 0
1990 0
1990 0
1990 0
1990 0
1990 0
1990 0
1990 0
1990 0
1990 0
1990 0
1990 0
1990 0
1990 0
1990 0
1990 0
1990 0
1990 0
1990 0
1990 0
1990 0
1990 0
1990 0
1990 0
1990 0
1990 0
1990 0
1990 0
1990 0
1990 0
1991 0
1991 0
1991 0
1991 0
1991 0
1991 0
1991 0
1991 0
1991 0
1991 0
1991 0
1991 0
1991 0
1991 0
1991 0
1991 0
1991 0
1991 0
1991 0
1991 0
1991 0
1991 0
1991 0
1991 0
1991 0
1991 0
1991 0
1991 0
1991 0
1991 0
1991 0
1991 0
1991 0
1991 0
1991 0
1991 0
1991 0
1991 0
1991 0
1991 0
1991 0
1991 0
1991 0
1991 0
1991 0
1991 0
1991 0
1991 0
1991 0
1991 0
1991 0
1991 0
1991 0
1991 0
1991 0
1991 0
1991 0
1991 0
1991 0
1991 0
1991 0
1991 0
1991 2.02666666666667
1991 3.8
1991 7
1991 3.5
1991 0
1991 0
1991 0
1991 0
1991 0.77
1991 0
1991 0
1991 0
1991 1.82
1991 1.03333333333333
1991 0
1991 0
1991 0
1991 0
1991 0
1991 0
1991 1.2
1991 0.9
1991 0
1991 1.75666666666667
1991 0
1991 1.9
1991 0
1991 0.2
1991 2.6
1991 0
1991 0
1991 0
1991 5
1991 3.1
1991 0
1991 0
1991 0
1991 0.2
1991 4.3
1991 0
1991 6.5
1991 0.8
1991 0.1
1991 0
1991 0.1
1991 0
1991 0
1991 1.1
1991 0
1991 4.9
1991 0
1991 0
1991 0
1991 0
1991 2.6
1991 4.5
1991 0.1
1991 0.7
1991 0
1991 4.62166666666667
1991 3.83833333333333
1991 20.4
1991 0
1991 3.41666666666667
1991 0.9
1991 0.9
1991 3.145
1991 0
1991 0
1991 0
1991 0
1991 3.25
1991 4.2
1991 0
1991 0
1991 0
1991 0
1991 0
1991 0
1991 0
1991 0
1991 0
1991 0
1991 0
1991 0
1991 0
1991 0
1991 0
1991 0
1991 0
1991 0
1991 0
1991 0
1991 0
1991 0.1
1991 1
1991 0
1991 0
1991 2
1991 3.4
1991 3.6
1991 0
1991 0.3
1991 0
1991 0.3
1991 8.7
1991 5.8
1991 0
1991 0
1991 0
1991 0
1991 0
1991 0.095
1991 0
1991 0
1991 0
1991 0
1991 0
1991 0
1991 0
1991 0
1991 0
1991 0
1991 0
1991 0
1991 0
1991 0
1991 0
1991 0
1991 0
1991 0
1991 0
1991 0
1991 0
1991 0
1991 0
1991 0
1991 0
1991 0
1991 0
1991 0
1991 0
1991 0
1991 0
1991 0
1991 0.99
1991 1.9
1991 0
1991 0
1991 0
1991 0
1991 0
1991 0
1991 0
1991 0
1991 0
1991 0
1991 0
1991 0
1991 0
1991 0
1991 0
1991 0
1991 0
1991 0
1991 0
1991 0.4
1991 3.6
1991 0.7
1991 2.7
1991 0.2
1991 0.6
1991 2.6
1991 0
1991 0
1991 0
1991 0
1991 0
1991 0
1991 0
1991 0
1991 0
1991 2.03
1991 3.7
1991 1.59
1991 1.17
1991 0
1991 0
1991 0
1991 0
1991 0
1991 0
1991 0
1991 0
1991 0
1991 1.11166666666667
1991 3.34333333333333
1991 0.85
1991 0
1991 0
1991 0
1991 0
1991 0
1991 0
1991 0
1991 0
1991 0
1991 0
1991 0
1991 0
1991 0
1991 0
1991 0
1991 0
1991 0
1991 0
1991 0
1991 0
1991 0
1991 0
1991 0
1991 0
1991 0
1991 0
1991 0
1991 0
1991 0
1991 0
1991 0
1991 0
1991 0
1991 0
1991 0
1991 0
1991 0
1991 0
1991 0
1991 0
1991 0
1991 0
1991 0
1991 0
1991 0
1991 0
1991 0
1991 0
1991 0
1991 0
1991 0
1991 0
1991 0
1991 0
1991 0
1991 0
1991 0
1991 0
1991 0
1991 0
1991 0
1991 0
1991 0
1991 0
1991 0
1991 0
1991 0
1991 0
1991 0
1991 0
1991 0
1991 0
1991 0
1991 0
1991 0
1991 0
1991 0
1991 0
1991 0
1991 0
1991 0
1991 0
1991 0
1991 0
1991 0
1991 0
1991 0
1991 0
1991 0
1991 0
1991 0
1991 0
1991 0
1991 0
1991 0
1991 0
1991 0
1991 0
1991 0
1991 0
1991 0
1991 0
1991 0
1991 0
1991 0
1992 0
1992 0
1992 0
1992 0
1992 0
1992 0
1992 0
1992 0
1992 0
1992 0
1992 0
1992 0
1992 0
1992 0
1992 0
1992 0
1992 0
1992 0
1992 0
1992 0
1992 0
1992 0
1992 0
1992 0
1992 0
1992 0
1992 0
1992 0
1992 0
1992 0
1992 0
1992 0
1992 0
1992 0
1992 0
1992 0
1992 0
1992 0
1992 0
1992 0
1992 0
1992 0
1992 0
1992 0
1992 0
1992 0
1992 0
1992 0
1992 2.91333333333333
1992 1.235
1992 0.08
1992 0
1992 0
1992 0
1992 0
1992 0
1992 0
1992 0
1992 0
1992 0
1992 0
1992 0
1992 0
1992 0
1992 0
1992 0.283333333333333
1992 1.375
1992 5
1992 0
1992 2.41666666666667
1992 0
1992 0
1992 0
1992 0
1992 0.54
1992 0.2
1992 6.3
1992 0.5
1992 0.5
1992 0.12
1992 1.41
1992 1.2
1992 0
1992 0
1992 0
1992 0
1992 0
1992 0
1992 0
1992 0
1992 0
1992 0
1992 0
1992 0
1992 0
1992 0.3
1992 0.1
1992 0
1992 0
1992 0
1992 0
1992 0
1992 0
1992 0
1992 0
1992 0
1992 0
1992 9.2
1992 21.7
1992 16.6
1992 11.5
1992 52.6
1992 29.8133333333333
1992 0.183333333333333
1992 5.12333333333333
1992 1.1
1992 6.9
1992 8
1992 0
1992 0
1992 0
1992 0
1992 0
1992 0
1992 0
1992 0
1992 0
1992 0
1992 0
1992 0
1992 0
1992 0.408333333333333
1992 0
1992 0
1992 0
1992 0
1992 0
1992 0
1992 0
1992 0
1992 2.2
1992 0.3
1992 0
1992 0
1992 0
1992 0
1992 0
1992 0
1992 0
1992 0
1992 0
1992 0
1992 0
1992 0
1992 0
1992 6.785
1992 27.4
1992 12.5
1992 0
1992 0
1992 0
1992 0.34
1992 0.5
1992 10.9
1992 0
1992 0.16
1992 0
1992 7.3
1992 3.93333333333333
1992 9.8
1992 0
1992 0
1992 0
1992 0
1992 0
1992 0
1992 0
1992 0
1992 0
1992 0
1992 0
1992 0
1992 0
1992 2.07833333333333
1992 0
1992 0
1992 0
1992 0
1992 0
1992 0
1992 0
1992 0
1992 0.613333333333333
1992 0
1992 0
1992 0.444999999999998
1992 29.82
1992 0.843333333333333
1992 0
1992 0
1992 0.41
1992 0
1992 0
1992 8.49
1992 0
1992 3.8
1992 0
1992 0
1992 0
1992 6.3
1992 0.8
1992 0
1992 0
1992 0.0950000000000002
1992 0
1992 0
1992 0
1992 1.14
1992 0
1992 0
1992 0
1992 0
1992 0
1992 0
1992 0
1992 0
1992 0
1992 0
1992 0.57
1992 1.2
1992 3.825
1992 0
1992 0
1992 0
1992 0
1992 0
1992 0
1992 0
1992 0
1992 0
1992 0
1992 0
1992 0.0233333333333333
1992 0
1992 0
1992 0
1992 0
1992 0
1992 0
1992 0
1992 0
1992 0
1992 0
1992 0
1992 0
1992 0
1992 0
1992 0
1992 0
1992 0
1992 0
1992 0
1992 0
1992 0
1992 0
1992 0
1992 0
1992 0
1992 0
1992 0
1992 0
1992 0
1992 0
1992 0
1992 0
1992 0
1992 0
1992 0
1992 0
1992 0
1992 0
1992 0
1992 0
1992 0
1992 0
1992 0
1992 0
1992 0
1992 0
1992 0
1992 0
1992 0
1992 0
1992 0
1992 0
1992 0
1992 0
1992 0
1992 0
1992 0
1992 0
1992 0
1992 0
1992 0
1992 0
1992 0
1992 0
1992 0
1992 0
1992 0
1992 0
1992 0
1992 0
1992 0
1992 0
1992 0
1992 0
1992 0
1992 0
1992 0
1992 0
1992 0
1992 0
1992 0
1992 0
1992 0
1992 0
1992 0
1992 0
1992 0
1992 0
1992 0
1992 0
1992 0
1992 0
1992 0
1992 0
1992 0
1992 0
1992 0
1992 0
1992 0
1992 0
1992 0
1992 0
1992 0
1992 0
1992 0
1992 0
1992 0
1992 0
1992 0
1992 0
1992 0
1992 0
1992 0
1992 0
1992 0
1992 0
1992 0
1992 0
1992 0
1992 0
1992 0
1992 0
1992 0
1993 0
1993 0
1993 0
1993 0
1993 0
1993 0
1993 0
1993 0
1993 0
1993 0
1993 0
1993 0
1993 0
1993 0
1993 0
1993 0
1993 0
1993 0
1993 0
1993 0
1993 0
1993 0
1993 0
1993 0
1993 0
1993 0
1993 0
1993 0
1993 0
1993 0
1993 0
1993 0
1993 0
1993 0
1993 0
1993 0
1993 0
1993 0
1993 0
1993 0
1993 0
1993 0
1993 0
1993 0
1993 0
1993 0
1993 1.045
1993 1
1993 0
1993 0
1993 4.175
1993 0.193333333333333
1993 4.64666666666667
1993 8.25
1993 11.375
1993 0.16
1993 1.41833333333333
1993 0
1993 0.00666666666666666
1993 0
1993 0
1993 0
1993 0
1993 0
1993 0
1993 0
1993 0
1993 0
1993 0
1993 0
1993 0
1993 0
1993 1.68666666666667
1993 7.4
1993 5.6
1993 3.12
1993 5.16666666666667
1993 5.1
1993 8.5
1993 9.3
1993 0.88
1993 31.8083333333333
1993 0
1993 0
1993 0
1993 0
1993 0
1993 0.0383333333333333
1993 1.28333333333333
1993 0
1993 0
1993 0
1993 0
1993 0
1993 6.1
1993 10.4966666666667
1993 0.6
1993 1.8
1993 3.7
1993 0.8
1993 0
1993 0
1993 15.3
1993 0
1993 0
1993 0
1993 0
1993 0
1993 0
1993 0
1993 0
1993 0
1993 0
1993 0
1993 0
1993 0
1993 0
1993 0
1993 0
1993 0
1993 0
1993 0
1993 0
1993 0
1993 0
1993 0
1993 0
1993 0
1993 0.73
1993 0.285
1993 0
1993 0
1993 0
1993 0
1993 0
1993 0
1993 0
1993 0
1993 0
1993 0
1993 0
1993 0
1993 0
1993 0
1993 0
1993 0
1993 2.1
1993 7.1
1993 7.7
1993 1.68
1993 0.3
1993 0
1993 0
1993 0
1993 0
1993 0
1993 0
1993 0
1993 0
1993 0
1993 0
1993 0
1993 0
1993 0
1993 0
1993 0
1993 0
1993 0
1993 0.4
1993 3.3
1993 0
1993 14.9
1993 9.9
1993 19.2
1993 0.5
1993 0.8
1993 0
1993 0
1993 0
1993 0
1993 0
1993 0
1993 0.886666666666667
1993 0.8
1993 0.5
1993 0.3
1993 5.3
1993 1.4
1993 0
1993 0
1993 0
1993 0
1993 0
1993 0
1993 0
1993 0
1993 0
1993 0
1993 0
1993 0
1993 0
1993 0
1993 0
1993 0
1993 4.03
1993 7
1993 3.8
1993 0.9
1993 0
1993 0
1993 0
1993 0
1993 0
1993 0.085
1993 0
1993 0.766666666666667
1993 2.86
1993 4.375
1993 0.203333333333333
1993 0
1993 0
1993 0
1993 0
1993 0
1993 0.0199999999999999
1993 0
1993 0
1993 0
1993 0
1993 0
1993 0
1993 0
1993 0
1993 0
1993 0
1993 0
1993 0
1993 0
1993 0
1993 0
1993 0
1993 0
1993 0
1993 0
1993 0
1993 0
1993 0
1993 0
1993 0
1993 0
1993 0
1993 0
1993 0
1993 0
1993 0
1993 0
1993 0
1993 0
1993 0
1993 0
1993 0
1993 0
1993 0
1993 0
1993 0
1993 0
1993 0
1993 0
1993 0
1993 0
1993 0
1993 0
1993 0
1993 0
1993 0
1993 0
1993 0
1993 0
1993 0
1993 0
1993 0
1993 0
1993 0
1993 0
1993 0
1993 0
1993 0
1993 0
1993 0
1993 0
1993 0
1993 0
1993 0
1993 0
1993 0
1993 0
1993 0
1993 0
1993 0
1993 0
1993 0
1993 0
1993 0
1993 0
1993 0
1993 0
1993 0
1993 0
1993 0
1993 0
1993 0
1993 0
1993 0
1993 0
1993 0
1993 0
1993 0
1993 0
1993 0
1993 0
1993 0
1993 0
1993 0
1993 0
1993 0
1993 0
1993 0
1993 0
1993 0
1993 0
1993 0
1993 0
1993 0
1993 0
1993 0
1993 0
1993 0
1993 0
1993 0
1993 0
1993 0
1993 0
1993 0
1993 0
1993 0
1993 0
1993 0
1993 0
1993 0
1993 0
1993 0
1993 0
1993 0
1993 0
1993 0
1993 0
1993 0
1993 0
1993 0
1993 0
1993 0
1993 0
1993 0
1993 0
1993 0
1994 0
1994 0
1994 0
1994 0
1994 0
1994 0
1994 0
1994 0
1994 0
1994 0
1994 0
1994 0
1994 0
1994 0
1994 0
1994 0
1994 0
1994 0
1994 0
1994 0
1994 0
1994 0
1994 0
1994 0
1994 0
1994 0
1994 0
1994 0
1994 0
1994 0
1994 0
1994 0
1994 0
1994 0
1994 0
1994 0
1994 0
1994 0
1994 0
1994 0
1994 0
1994 0
1994 0
1994 0
1994 0
1994 0
1994 0
1994 0
1994 0
1994 0
1994 3.65
1994 1.8
1994 3.06
1994 2.32333333333333
1994 0
1994 0
1994 0
1994 0
1994 0
1994 0
1994 0
1994 0
1994 0
1994 0
1994 0
1994 0
1994 0
1994 0
1994 0
1994 0
1994 0
1994 0
1994 0.5
1994 0.8
1994 0
1994 4.46666666666667
1994 0.3
1994 0
1994 0
1994 0
1994 0
1994 0
1994 0
1994 0
1994 0
1994 0
1994 0
1994 0
1994 0
1994 0
1994 0
1994 0
1994 0
1994 0
1994 0
1994 0
1994 0
1994 9
1994 6.97666666666667
1994 0
1994 3
1994 13
1994 3.1
1994 0
1994 2.8
1994 3.8
1994 9.5
1994 18
1994 0
1994 19.5
1994 0
1994 0
1994 2.6
1994 0
1994 10.6
1994 5.5
1994 0.2
1994 0
1994 0
1994 2.5
1994 0.2
1994 0.800000000000001
1994 2.55
1994 13.9
1994 0.6
1994 2.53333333333333
1994 0
1994 0
1994 0
1994 0
1994 0
1994 0
1994 0.52
1994 0
1994 0
1994 1.05
1994 0
1994 0
1994 1.3
1994 0
1994 0
1994 0
1994 0
1994 0
1994 5.4
1994 7.97333333333333
1994 0.660000000000001
1994 11.395
1994 3.7
1994 11.7
1994 0.5
1994 1.4
1994 0
1994 0
1994 0
1994 0
1994 0
1994 0
1994 0
1994 3.2
1994 2.2
1994 0
1994 16
1994 3.5
1994 0.3
1994 0
1994 0
1994 0
1994 0.1
1994 0
1994 0
1994 0
1994 0
1994 0
1994 0
1994 0.09
1994 2.86
1994 0
1994 0
1994 0
1994 0
1994 0.450000000000001
1994 0
1994 0
1994 0
1994 0
1994 0
1994 0
1994 0
1994 0
1994 0
1994 0
1994 0
1994 0
1994 0
1994 0
1994 0
1994 4.73
1994 0.375
1994 0
1994 0
1994 0
1994 0
1994 0
1994 0
1994 0
1994 0
1994 0
1994 0
1994 0
1994 0
1994 0
1994 0
1994 2.03
1994 0
1994 2.61
1994 0.1
1994 0.4
1994 0.373333333333333
1994 0
1994 1.1
1994 1.2
1994 1.8
1994 18.1
1994 12.3733333333333
1994 0
1994 0
1994 0
1994 0
1994 0
1994 0
1994 0
1994 0
1994 0
1994 0
1994 0
1994 0
1994 0
1994 0
1994 0
1994 0
1994 0
1994 0
1994 0
1994 0
1994 0
1994 0
1994 0
1994 0
1994 0
1994 0
1994 0
1994 0
1994 0
1994 0
1994 0
1994 0
1994 0
1994 0
1994 0
1994 0
1994 0
1994 0
1994 0
1994 0
1994 0
1994 0
1994 0
1994 0
1994 0
1994 0
1994 0
1994 0
1994 0
1994 0
1994 0
1994 0
1994 0
1994 0
1994 0
1994 0
1994 0
1994 0
1994 0
1994 0
1994 0
1994 0
1994 0
1994 0
1994 0
1994 0
1994 0
1994 0
1994 0
1994 0
1994 0
1994 0
1994 0
1994 0
1994 0
1994 0
1994 0
1994 0
1994 0
1994 0
1994 0
1994 0
1994 0
1994 0
1994 0
1994 0
1994 0
1994 0
1994 0
1994 0
1994 0
1994 0
1994 0
1994 0
1994 0
1994 0
1994 0
1994 0
1994 0
1994 0
1994 0
1994 0
1994 0
1994 0
1994 0
1994 0
1994 0
1994 0
1994 0
1994 0
1994 0
1994 0
1994 0
1994 0
1994 0
1994 0
1994 0
1994 0
1994 0
1994 0
1994 0
1994 0
1994 0
1994 0
1994 0
1994 0
1994 0
1994 0
1994 0
1994 0
1994 0
1994 0
1994 0
1994 0
1994 0
1994 0
1994 0
1994 0
1994 0
1994 0
1995 0
1995 0
1995 0
1995 0
1995 0
1995 0
1995 0
1995 0
1995 0
1995 0
1995 0
1995 0
1995 0
1995 0
1995 0
1995 0
1995 0
1995 0
1995 0
1995 0
1995 0
1995 0
1995 0
1995 0
1995 0
1995 0
1995 0
1995 0
1995 0
1995 0
1995 0
1995 0
1995 0
1995 0
1995 0
1995 0
1995 0.11
1995 0
1995 0
1995 0
1995 0
1995 0
1995 0
1995 0
1995 0
1995 0
1995 0
1995 0
1995 0
1995 0
1995 0
1995 0
1995 0
1995 0
1995 0
1995 0
1995 0
1995 0
1995 0
1995 0
1995 0
1995 0
1995 0
1995 0
1995 0
1995 0
1995 0
1995 0
1995 0
1995 0
1995 0
1995 1.24
1995 0
1995 0.373333333333333
1995 0
1995 0
1995 0
1995 0
1995 0.706666666666667
1995 0
1995 0
1995 0
1995 0
1995 0
1995 0
1995 0
1995 0.106666666666667
1995 0
1995 0
1995 0
1995 0
1995 0
1995 0
1995 0
1995 0.0500000000000001
1995 0
1995 0.458333333333333
1995 0
1995 0
1995 8.54833333333333
1995 0
1995 0
1995 0
1995 0
1995 1.17
1995 0
1995 0
1995 0
1995 0
1995 1.9
1995 7.3
1995 2.1
1995 1
1995 0
1995 0
1995 0
1995 0
1995 8.4
1995 0.355
1995 0.0583333333333333
1995 0.839999999999999
1995 3.9
1995 6.9
1995 12.9
1995 1
1995 0
1995 0
1995 0
1995 0.1
1995 0
1995 5.4
1995 27.3
1995 18.5
1995 10.5
1995 0
1995 0
1995 0
1995 0
1995 0
1995 1.9
1995 0.9
1995 2.1
1995 2.6
1995 3
1995 0
1995 9.6
1995 27.9
1995 1.04
1995 4
1995 3.3
1995 5.4
1995 10.275
1995 0
1995 0
1995 0
1995 0
1995 1.36166666666667
1995 0
1995 0
1995 0
1995 0.0633333333333331
1995 1.56
1995 0
1995 0.37
1995 0
1995 0.15
1995 0.173333333333333
1995 2.21666666666667
1995 0.17
1995 0
1995 2.51333333333333
1995 0
1995 0
1995 0
1995 0
1995 3.8
1995 8.7
1995 9.675
1995 6.5
1995 0.5
1995 0
1995 0
1995 0.12
1995 7.4
1995 3
1995 1.3
1995 2
1995 0.3
1995 0.1
1995 0
1995 0
1995 0
1995 0
1995 0
1995 0
1995 2.32333333333333
1995 0.1
1995 6.6
1995 2.21333333333333
1995 0
1995 10.4
1995 5.8
1995 0
1995 0
1995 0
1995 0
1995 0
1995 6.8
1995 13.9
1995 10.5
1995 0
1995 5.6
1995 16.6
1995 0
1995 0
1995 0
1995 0
1995 0
1995 0
1995 0
1995 0
1995 0.13
1995 0
1995 0
1995 0.16
1995 2.21
1995 0
1995 0.806666666666667
1995 0
1995 0
1995 0
1995 0
1995 0
1995 0
1995 0
1995 0
1995 0
1995 0
1995 0
1995 0
1995 0
1995 0
1995 0
1995 0
1995 0
1995 0
1995 0
1995 0
1995 0
1995 0
1995 0
1995 0
1995 0
1995 0
1995 0
1995 0.106666666666667
1995 0
1995 0
1995 0
1995 0
1995 0
1995 0
1995 0
1995 0
1995 0
1995 0
1995 0
1995 0
1995 0
1995 0
1995 0
1995 0
1995 0
1995 0
1995 0
1995 0
1995 0
1995 0
1995 0
1995 0
1995 0
1995 0
1995 0
1995 0
1995 0
1995 0
1995 0
1995 0
1995 0
1995 0
1995 0
1995 0
1995 0
1995 0
1995 0
1995 0
1995 0
1995 0
1995 0
1995 0
1995 0
1995 0
1995 0
1995 0
1995 0
1995 0
1995 0
1995 0
1995 0
1995 0
1995 0
1995 0
1995 0
1995 0
1995 0
1995 0
1995 0
1995 0
1995 0
1995 0
1995 0
1995 0
1995 0
1995 0
1995 0
1995 0
1995 0
1995 0
1995 0
1995 0
1995 0
1995 0
1995 0
1995 0
1995 0
1995 0
1995 0
1995 0
1995 0
1995 0
1995 0
1995 0
1995 0
1995 0
1995 0
1995 0
1995 0
1995 0
1995 0
1995 0
1995 0
1995 0
1995 0
1995 0
1995 0
1995 0
1995 0
1995 0
1995 0
1995 0
1995 0
1995 0
1995 0
1995 0
1995 0
1996 0
1996 0
1996 0
1996 0
1996 0
1996 0
1996 0
1996 0
1996 0
1996 0
1996 0
1996 0
1996 0
1996 0
1996 0
1996 0
1996 0
1996 0
1996 0
1996 0
1996 0
1996 0
1996 0
1996 0
1996 0
1996 0
1996 0
1996 0
1996 0
1996 0
1996 0
1996 0
1996 0
1996 0
1996 0
1996 0
1996 0
1996 0
1996 0
1996 0
1996 0
1996 0
1996 0
1996 0
1996 0
1996 0
1996 0
1996 0
1996 0
1996 0
1996 0
1996 0
1996 0
1996 0
1996 0
1996 0
1996 0
1996 0
1996 0
1996 0
1996 0
1996 0
1996 0
1996 7.97333333333333
1996 2.4
1996 0
1996 0.1
1996 0
1996 0
1996 0
1996 0
1996 0
1996 0
1996 0
1996 0
1996 0
1996 0
1996 0
1996 3.1
1996 12.2
1996 0.6
1996 0
1996 0
1996 0
1996 0
1996 0
1996 0
1996 0
1996 5.5
1996 0
1996 0
1996 0
1996 0
1996 2
1996 0
1996 0
1996 0
1996 0
1996 0
1996 0
1996 0
1996 0
1996 2.4
1996 1.4
1996 0
1996 0
1996 0
1996 0.676666666666667
1996 5.60666666666667
1996 0
1996 18.4
1996 3.99
1996 0.05
1996 0
1996 0
1996 4.15
1996 8.3
1996 0.4
1996 0
1996 2.9
1996 0
1996 5.6
1996 0
1996 0
1996 0
1996 0
1996 0
1996 0
1996 1.71
1996 0
1996 0
1996 0
1996 0
1996 0
1996 0
1996 0
1996 0
1996 0
1996 0
1996 0
1996 0
1996 0
1996 0
1996 0
1996 0
1996 0
1996 0
1996 0
1996 0
1996 0
1996 0
1996 0
1996 0
1996 0
1996 0
1996 0.163333333333333
1996 0.7
1996 0
1996 0
1996 0
1996 1.4
1996 0
1996 0
1996 0.4
1996 1.4
1996 4.2
1996 1.1
1996 0
1996 3.4
1996 10.3
1996 6.1
1996 1.9
1996 1.1
1996 0.5
1996 0
1996 0
1996 0
1996 0
1996 0
1996 0
1996 0
1996 0
1996 1.3
1996 0
1996 0
1996 0
1996 0
1996 0
1996 0
1996 0
1996 0
1996 0
1996 1.9
1996 0
1996 0
1996 0
1996 0
1996 0
1996 0
1996 0
1996 0
1996 0
1996 0
1996 0
1996 0
1996 0
1996 0
1996 0
1996 0.293333333333334
1996 0.7
1996 1.8
1996 2.8
1996 0
1996 3.4
1996 1.6
1996 0.5
1996 0
1996 0
1996 0
1996 0
1996 0
1996 0
1996 0
1996 0
1996 0
1996 0.666666666666667
1996 0
1996 0
1996 0
1996 0
1996 0
1996 0
1996 0
1996 0
1996 0
1996 0
1996 0
1996 0
1996 0
1996 0
1996 0
1996 0
1996 0
1996 0
1996 0
1996 0
1996 0
1996 0
1996 0
1996 0
1996 0
1996 0
1996 0
1996 0
1996 0
1996 0
1996 0
1996 0
1996 0
1996 0
1996 0
1996 0
1996 0
1996 0
1996 0
1996 0
1996 0
1996 0
1996 0
1996 0
1996 0
1996 0
1996 0
1996 0
1996 0
1996 0
1996 0
1996 0
1996 0
1996 0
1996 0
1996 0
1996 0
1996 0
1996 0
1996 0
1996 0
1996 0
1996 0
1996 0
1996 0
1996 0
1996 0
1996 0
1996 0
1996 0
1996 0
1996 0
1996 0
1996 0
1996 0
1996 0
1996 0
1996 0
1996 0
1996 0
1996 0
1996 0
1996 0
1996 0
1996 0
1996 0
1996 0
1996 0
1996 0
1996 0
1996 0
1996 0
1996 0
1996 0
1996 0
1996 0
1996 0
1996 0
1996 0
1996 0
1996 0
1996 0
1996 0
1996 0
1996 0
1996 0
1996 0
1996 0
1996 0
1996 0
1996 0
1996 0
1996 0
1996 0
1996 0
1996 0
1996 0
1996 0
1996 0
1996 0
1996 0
1996 0
1996 0
1996 0
1996 0
1996 0
1996 0
1996 0
1996 0
1996 0
1996 0
1996 0
1996 0
1996 0
1996 0
1996 0
1996 0
1996 0
1996 0
1996 0
1997 0
1997 0
1997 0
1997 0
1997 0
1997 0
1997 0
1997 0
1997 0
1997 0
1997 0
1997 0
1997 0
1997 0
1997 0
1997 0
1997 0
1997 0
1997 0
1997 0
1997 0
1997 0
1997 0
1997 0
1997 0
1997 0
1997 0
1997 0
1997 0
1997 0
1997 0
1997 0
1997 0
1997 0
1997 0
1997 0
1997 0
1997 0
1997 0
1997 0
1997 0
1997 0
1997 0
1997 0
1997 0
1997 0
1997 0
1997 0
1997 0.373333333333332
1997 0.160000000000001
1997 0
1997 0
1997 0
1997 0
1997 0
1997 0
1997 0
1997 0
1997 0
1997 0
1997 0
1997 0
1997 0
1997 0
1997 0
1997 0
1997 0
1997 0
1997 0
1997 0
1997 0
1997 0
1997 0
1997 0
1997 11.4333333333333
1997 1.3
1997 0
1997 0
1997 0.466666666666667
1997 0
1997 1.9
1997 2.4
1997 0.3
1997 4.8
1997 0.4
1997 5.2
1997 5.6
1997 4
1997 1.1
1997 23.9
1997 10.5
1997 0.9
1997 13.8
1997 0
1997 0
1997 0
1997 0
1997 0
1997 0
1997 0
1997 0
1997 0
1997 0
1997 2.7
1997 0.153333333333333
1997 0
1997 0
1997 1.2
1997 0.268333333333333
1997 0
1997 0.958333333333333
1997 2.5
1997 0.42
1997 0.746666666666666
1997 0
1997 0.6
1997 0
1997 0
1997 0
1997 0
1997 0
1997 0
1997 0
1997 0
1997 0
1997 1.3
1997 0
1997 0
1997 0
1997 0
1997 0
1997 0
1997 0
1997 0
1997 0
1997 0
1997 0
1997 0
1997 0
1997 0
1997 0.9
1997 4.24666666666667
1997 0
1997 0
1997 0
1997 0
1997 0
1997 0
1997 0
1997 0
1997 0
1997 0
1997 0
1997 0
1997 0
1997 0
1997 0
1997 4.02333333333333
1997 0
1997 0
1997 0
1997 0
1997 0
1997 0
1997 0
1997 0
1997 13.2
1997 4.5
1997 0
1997 0
1997 9.7
1997 1.2
1997 0
1997 0
1997 0
1997 0
1997 0
1997 0
1997 0
1997 3
1997 0
1997 0
1997 0
1997 0
1997 0
1997 0
1997 0
1997 0
1997 0
1997 0
1997 0
1997 0
1997 0
1997 0
1997 0
1997 0
1997 0
1997 0
1997 0
1997 0
1997 2.97
1997 2.6
1997 0
1997 1.93166666666667
1997 0.133333333333333
1997 0.9
1997 0
1997 0
1997 0
1997 12.2
1997 0.3
1997 0
1997 0
1997 0
1997 0
1997 0
1997 19.2
1997 3.735
1997 0
1997 0
1997 0
1997 0
1997 0
1997 0
1997 0
1997 0
1997 0.1
1997 1.3
1997 0
1997 0
1997 0
1997 1.2
1997 0
1997 0
1997 0
1997 0
1997 0
1997 0
1997 0
1997 0
1997 0
1997 0
1997 0
1997 0
1997 0
1997 0
1997 0
1997 0
1997 0.21
1997 0.35
1997 0
1997 0
1997 0
1997 0
1997 0
1997 0
1997 0
1997 0
1997 0
1997 0
1997 0
1997 0
1997 0
1997 0
1997 0
1997 0
1997 0
1997 0
1997 0
1997 0
1997 0
1997 0
1997 0
1997 0
1997 0
1997 0
1997 0
1997 0
1997 0
1997 0
1997 0
1997 0
1997 0
1997 0
1997 0
1997 0
1997 0
1997 0
1997 0
1997 0
1997 0
1997 0
1997 0
1997 0
1997 0
1997 0
1997 0
1997 0
1997 0
1997 0
1997 0
1997 0
1997 0
1997 0
1997 0
1997 0
1997 0
1997 0
1997 0
1997 0
1997 0
1997 0
1997 0
1997 0
1997 0
1997 0
1997 0
1997 0
1997 0
1997 0
1997 0
1997 0
1997 0
1997 0
1997 0
1997 0
1997 0
1997 0
1997 0
1997 0
1997 0
1997 0
1997 0
1997 0
1997 0
1997 0
1997 0
1997 0
1997 0
1997 0
1997 0
1997 0
1997 0
1997 0
1997 0
1997 0
1997 0
1997 0
1997 0
1997 0
1997 0
1997 0
1997 0
1997 0
1997 0
1997 0
1997 0
1997 0
1997 0
1997 0
1997 0
1997 0
1997 0
1997 0
1997 0
1998 0
1998 0
1998 0
1998 0
1998 0
1998 0
1998 0
1998 0
1998 0
1998 0
1998 0
1998 0
1998 0
1998 0
1998 0
1998 0
1998 0
1998 0
1998 0
1998 0
1998 0
1998 0
1998 0
1998 0
1998 0
1998 0
1998 0
1998 0
1998 0
1998 0
1998 0
1998 0
1998 0
1998 0
1998 0
1998 0
1998 0
1998 0
1998 0
1998 0
1998 0
1998 0
1998 0
1998 3.06
1998 1.035
1998 0
1998 0
1998 0
1998 0
1998 0
1998 0
1998 0
1998 0
1998 0
1998 0
1998 0
1998 0
1998 0
1998 0
1998 0
1998 0
1998 0
1998 0
1998 0
1998 0
1998 0
1998 0
1998 0
1998 0
1998 0
1998 1.04833333333333
1998 0
1998 0
1998 0
1998 0
1998 1.6
1998 0
1998 0
1998 0
1998 0
1998 1.1
1998 0
1998 0
1998 0
1998 0
1998 0
1998 0
1998 0
1998 0.163333333333333
1998 0
1998 0.981666666666667
1998 1.93333333333333
1998 4.6
1998 1.8
1998 0
1998 0
1998 0
1998 0
1998 0
1998 0
1998 1.44
1998 0
1998 4.11666666666667
1998 2.7
1998 3.8
1998 0
1998 0
1998 0
1998 0
1998 0
1998 0
1998 7.905
1998 0
1998 0
1998 0.0733333333333333
1998 0
1998 0.326666666666667
1998 3.1
1998 2.5
1998 0
1998 0
1998 0
1998 0
1998 0
1998 5.36666666666667
1998 2.2
1998 4.32833333333333
1998 5.37333333333333
1998 0
1998 0
1998 0
1998 0
1998 0
1998 0
1998 0
1998 0.19
1998 0
1998 7.03
1998 2
1998 1
1998 6.075
1998 6.2
1998 1.2
1998 0
1998 0
1998 0.4
1998 0
1998 0
1998 0
1998 0
1998 0
1998 0
1998 0
1998 0
1998 0
1998 0
1998 0
1998 0
1998 0
1998 0.5
1998 0
1998 0
1998 0
1998 0
1998 0
1998 0
1998 0
1998 0
1998 0
1998 0
1998 0
1998 0
1998 0
1998 0
1998 0
1998 0
1998 0
1998 0
1998 0
1998 0
1998 0
1998 0.405
1998 0
1998 0
1998 0
1998 0
1998 4.875
1998 0
1998 0
1998 0.6
1998 0
1998 0.1
1998 1.3
1998 0
1998 3.7
1998 11.13
1998 1.47333333333333
1998 0
1998 0
1998 1.38
1998 7.9
1998 0.6
1998 0.4
1998 5.2
1998 0
1998 0
1998 0
1998 0
1998 0
1998 0
1998 0
1998 0
1998 0
1998 0
1998 0
1998 0
1998 0
1998 0
1998 0
1998 0
1998 0
1998 0
1998 0
1998 0.45
1998 3
1998 0
1998 0.396666666666667
1998 0
1998 0
1998 0.36
1998 0.22
1998 0
1998 0
1998 0
1998 0
1998 0
1998 0
1998 0
1998 0
1998 0
1998 0
1998 0
1998 0
1998 0
1998 0
1998 0
1998 0
1998 0
1998 0
1998 0
1998 0
1998 0
1998 0
1998 0
1998 0
1998 0
1998 0
1998 0
1998 0
1998 0
1998 0
1998 0
1998 0
1998 0
1998 0
1998 0
1998 0
1998 0
1998 0
1998 0
1998 0
1998 0
1998 0
1998 0
1998 0
1998 0
1998 0
1998 0
1998 0
1998 0
1998 0
1998 0
1998 0
1998 0
1998 0
1998 0
1998 0
1998 0
1998 0
1998 0
1998 0
1998 0
1998 0
1998 0
1998 0
1998 0
1998 0
1998 0
1998 0
1998 0
1998 0
1998 0
1998 0
1998 0
1998 0
1998 0
1998 0
1998 0
1998 0
1998 0
1998 0
1998 0
1998 0
1998 0
1998 0
1998 0
1998 0
1998 0
1998 0
1998 0
1998 0
1998 0
1998 0
1998 0
1998 0
1998 0
1998 0
1998 0
1998 0
1998 0
1998 0
1998 0
1998 0
1998 0
1998 0
1998 0
1998 0
1998 0
1998 0
1998 0
1998 0
1998 0
1998 0
1998 0
1998 0
1998 0
1998 0
1998 0
1998 0
1998 0
1998 0
1998 0
1998 0
1998 0
1998 0
1998 0
1998 0
1998 0
1998 0
1998 0
1998 0
1998 0
1998 0
1998 0
1998 0
1999 0
1999 0
1999 0
1999 0
1999 0
1999 0
1999 0
1999 0
1999 0
1999 0
1999 0
1999 0
1999 0
1999 0
1999 0
1999 0
1999 0
1999 0
1999 0
1999 0
1999 0
1999 0
1999 0
1999 0
1999 0
1999 0
1999 0
1999 0
1999 0
1999 0
1999 0
1999 0
1999 0
1999 0
1999 0
1999 0
1999 0
1999 0
1999 0
1999 0
1999 0
1999 0
1999 0
1999 0
1999 0
1999 0
1999 0
1999 0
1999 0
1999 0
1999 0
1999 0
1999 0
1999 0
1999 0
1999 1.54
1999 0.025
1999 0
1999 0
1999 6.3
1999 2.115
1999 0
1999 0
1999 0
1999 0.11
1999 0
1999 0
1999 0
1999 0.0833333333333333
1999 0
1999 0
1999 0.125
1999 0
1999 0
1999 4.51
1999 10.3
1999 9.6
1999 0.1
1999 0
1999 0.9
1999 0.3
1999 0
1999 0
1999 0
1999 0
1999 1.7
1999 0.3
1999 2.6
1999 0
1999 1
1999 0
1999 0
1999 0
1999 0
1999 0.7
1999 11.6
1999 6
1999 4.7
1999 0
1999 0.1
1999 3.8
1999 2
1999 7.9
1999 0
1999 0.03
1999 0
1999 0
1999 0
1999 0
1999 0.416666666666667
1999 1.8
1999 0.4
1999 0
1999 0
1999 0
1999 0
1999 0
1999 0
1999 0
1999 0
1999 0
1999 0
1999 0
1999 0.84
1999 2.175
1999 1.06166666666667
1999 0
1999 0
1999 0.0533333333333333
1999 0.625
1999 0.5
1999 0
1999 0.9
1999 1
1999 3.2
1999 3.1
1999 0
1999 0
1999 0
1999 0
1999 0
1999 0
1999 0
1999 0
1999 0
1999 0
1999 0
1999 1.36
1999 17.2
1999 25.4
1999 3.1
1999 1.1
1999 0
1999 0
1999 0
1999 3.1
1999 1.08333333333333
1999 11
1999 16.8
1999 14
1999 9.1
1999 9.8
1999 0.3
1999 0.6
1999 0
1999 0.5
1999 2.7
1999 0
1999 5.3
1999 19.5
1999 13.9
1999 24.4
1999 11.46
1999 23.865
1999 26.2
1999 17.1
1999 12.7
1999 0
1999 0
1999 0
1999 0
1999 2.035
1999 0
1999 0
1999 0
1999 1.56
1999 5.6
1999 0.3
1999 3.7
1999 0
1999 0
1999 0
1999 0
1999 0
1999 0
1999 0
1999 0
1999 0
1999 0
1999 5.3
1999 0.7
1999 0.78
1999 2.72
1999 5.6
1999 0
1999 0
1999 0
1999 0
1999 0
1999 0
1999 0
1999 0
1999 0
1999 0
1999 0
1999 0
1999 0
1999 0
1999 0
1999 0.506666666666666
1999 0
1999 0
1999 0
1999 0
1999 0
1999 0
1999 0
1999 10.5
1999 0.346666666666667
1999 0.773333333333333
1999 0.966666666666667
1999 0.0416666666666667
1999 0
1999 0
1999 0
1999 0
1999 0
1999 0
1999 0
1999 0
1999 0
1999 0
1999 0
1999 0
1999 0
1999 0
1999 0
1999 0
1999 0
1999 0
1999 0
1999 0
1999 0
1999 0
1999 0
1999 0
1999 0
1999 0
1999 0
1999 0
1999 0
1999 0
1999 0
1999 0
1999 0
1999 0
1999 0
1999 0
1999 0
1999 0
1999 0
1999 0
1999 0
1999 0
1999 0
1999 0
1999 0
1999 0
1999 0
1999 0
1999 0
1999 0
1999 0
1999 0
1999 0
1999 0
1999 0
1999 0
1999 0
1999 0
1999 0
1999 0
1999 0
1999 0
1999 0
1999 0
1999 0
1999 0
1999 0
1999 0
1999 0
1999 0
1999 0
1999 0
1999 0
1999 0
1999 0
1999 0
1999 0
1999 0
1999 0
1999 0
1999 0
1999 0
1999 0
1999 0
1999 0
1999 0
1999 0
1999 0
1999 0
1999 0
1999 0
1999 0
1999 0
1999 0
1999 0
1999 0
1999 0
1999 0
1999 0
1999 0
1999 0
1999 0
1999 0
1999 0
1999 0
1999 0
1999 0
1999 0
1999 0
1999 0
1999 0
1999 0
1999 0
1999 0
1999 0
1999 0
1999 0
1999 0
1999 0
1999 0
1999 0
1999 0
1999 0
1999 0
1999 0
1999 0
1999 0
1999 0
1999 0
1999 0
1999 0
1999 0
1999 0
2000 0
2000 0
2000 0
2000 0
2000 0
2000 0
2000 0
2000 0
2000 0
2000 0
2000 0
2000 0
2000 0
2000 0
2000 0
2000 0
2000 0
2000 0
2000 0
2000 0
2000 0
2000 0
2000 0
2000 0
2000 0
2000 0
2000 0
2000 0
2000 0
2000 0
2000 0
2000 0
2000 0
2000 0
2000 0
2000 0
2000 0
2000 0
2000 0
2000 0
2000 0
2000 0
2000 0
2000 0
2000 0
2000 0
2000 0
2000 0
2000 0
2000 0
2000 0
2000 0
2000 0
2000 0
2000 0
2000 0
2000 0
2000 0
2000 0
2000 0
2000 0
2000 0
2000 0
2000 0
2000 0
2000 0
2000 0
2000 0
2000 2.55
2000 9.4
2000 4.4
2000 0
2000 0
2000 0
2000 1.1
2000 0
2000 1
2000 2.7
2000 4.5
2000 0.4
2000 0
2000 1.4
2000 7
2000 5.6
2000 0.4
2000 0
2000 0
2000 0
2000 0
2000 0
2000 0
2000 0
2000 0
2000 0
2000 0.733333333333333
2000 2.1
2000 0
2000 0
2000 0
2000 0
2000 6
2000 2.6
2000 0.28
2000 2.4
2000 5.5
2000 1.5
2000 0.2
2000 0
2000 10.8
2000 4.95833333333333
2000 0.2
2000 0
2000 0
2000 0
2000 0
2000 9.57
2000 19.78
2000 5.8
2000 9.5
2000 5.6
2000 0
2000 0.9
2000 0.9
2000 0
2000 0
2000 1.1
2000 0
2000 0
2000 0
2000 0
2000 0.5
2000 0
2000 0
2000 0
2000 0
2000 0
2000 0
2000 0
2000 0
2000 4.35
2000 0.3
2000 0
2000 2.2
2000 5.1
2000 9
2000 0
2000 0
2000 0
2000 0
2000 0
2000 20.3
2000 7.43333333333333
2000 0
2000 0
2000 2.22333333333333
2000 0
2000 0
2000 0.455
2000 0
2000 0.76
2000 0
2000 8.09833333333333
2000 0
2000 2.1
2000 0
2000 12.2
2000 0.678333333333333
2000 3.245
2000 8
2000 5.7
2000 18.8
2000 13.4
2000 4.4
2000 0
2000 0
2000 0
2000 1
2000 0
2000 0
2000 0
2000 0
2000 0.04
2000 0
2000 1.5
2000 4.38666666666667
2000 3.57
2000 0
2000 0
2000 0
2000 1.69
2000 0
2000 0
2000 0
2000 0
2000 0
2000 2.33333333333333
2000 0.825
2000 17
2000 14.44
2000 3.055
2000 0.886666666666667
2000 0
2000 0
2000 0
2000 0
2000 0
2000 0
2000 1.48166666666667
2000 4.655
2000 0
2000 0.608333333333333
2000 0.75
2000 0.15
2000 0.11
2000 0
2000 0
2000 0
2000 0
2000 0.12
2000 0
2000 0
2000 0
2000 0
2000 0
2000 0
2000 0
2000 0
2000 0
2000 0
2000 0
2000 0
2000 0
2000 0
2000 0
2000 0
2000 0
2000 0
2000 0
2000 0
2000 0
2000 0
2000 0
2000 0
2000 0
2000 0
2000 0
2000 0
2000 0
2000 0
2000 0
2000 0
2000 0
2000 0
2000 0
2000 0
2000 0
2000 0
2000 0
2000 0
2000 0
2000 0
2000 0
2000 0
2000 0
2000 0
2000 0
2000 0
2000 0
2000 0
2000 0
2000 0
2000 0
2000 0
2000 0
2000 0
2000 0
2000 0
2000 0
2000 0
2000 0
2000 0
2000 0
2000 0
2000 0
2000 0
2000 0
2000 0
2000 0
2000 0
2000 0
2000 0
2000 0
2000 0
2000 0
2000 0
2000 0
2000 0
2000 0
2000 0
2000 0
2000 0
2000 0
2000 0
2000 0
2000 0
2000 0
2000 0
2000 0
2000 0
2000 0
2000 0
2000 0
2000 0
2000 0
2000 0
2000 0
2000 0
2000 0
2000 0
2000 0
2000 0
2000 0
2000 0
2000 0
2000 0
2000 0
2000 0
2000 0
2000 0
2000 0
2000 0
2000 0
2000 0
2000 0
2000 0
2000 0
2000 0
2000 0
2000 0
2000 0
2000 0
2000 0
2000 0
2000 0
2000 0
2000 0
2000 0
2000 0
2000 0
2000 0
2000 0
2000 0
2000 0
2000 0
2000 0
2000 0
2000 0
2000 0
2000 0
2000 0
2000 0
2000 0
2000 0
2000 0
2000 0
2000 0
2001 0
2001 0
2001 0
2001 0
2001 0
2001 0
2001 0
2001 0
2001 0
2001 0
2001 0
2001 0
2001 0
2001 0
2001 0
2001 0
2001 0
2001 0
2001 0
2001 0
2001 0
2001 0
2001 0
2001 0
2001 0
2001 0
2001 0
2001 0
2001 0
2001 0
2001 0
2001 0
2001 0
2001 0
2001 0
2001 0
2001 3.04
2001 0
2001 0
2001 0
2001 0
2001 0
2001 0
2001 0
2001 0
2001 0
2001 0
2001 0
2001 0
2001 0
2001 0
2001 0
2001 0
2001 0
2001 0
2001 0
2001 0
2001 0
2001 0
2001 0
2001 0
2001 0
2001 0
2001 0
2001 0
2001 0
2001 0
2001 0
2001 0
2001 0.07
2001 0
2001 0
2001 0
2001 0
2001 0
2001 0
2001 0.446666666666667
2001 3.03333333333333
2001 0.2
2001 0
2001 2.34
2001 0.953333333333333
2001 0
2001 0
2001 0
2001 2.03
2001 1.86833333333333
2001 4.59
2001 0.095
2001 0
2001 0
2001 0
2001 0
2001 0
2001 0
2001 0
2001 0
2001 0
2001 0
2001 0
2001 0
2001 0
2001 0
2001 0
2001 3.39166666666667
2001 3.895
2001 1.1
2001 0.9
2001 0.7
2001 1.80166666666667
2001 0
2001 0
2001 0
2001 0
2001 0
2001 0.0766666666666667
2001 0.0733333333333333
2001 0.3
2001 2.5
2001 4
2001 0.5
2001 0
2001 0
2001 2.8
2001 0
2001 1.2
2001 0.0566666666666667
2001 0
2001 13.1883333333333
2001 4.1
2001 0
2001 0.4
2001 0.43
2001 0
2001 0
2001 0
2001 0
2001 0
2001 0
2001 0
2001 0
2001 0.3
2001 0.3
2001 1.1
2001 0.82
2001 0
2001 2.33333333333333
2001 0
2001 2
2001 0
2001 0
2001 0.6
2001 0.5
2001 0.7
2001 11
2001 23.4
2001 0.996666666666666
2001 0
2001 0
2001 0
2001 0
2001 4.73333333333333
2001 0
2001 0
2001 0
2001 0
2001 0
2001 0
2001 0
2001 4.8
2001 0
2001 0
2001 0.7
2001 9.8
2001 26.5
2001 8.1
2001 0.8
2001 0
2001 0
2001 0
2001 0
2001 1.6
2001 0.6
2001 0
2001 0
2001 0
2001 0
2001 0
2001 0
2001 0
2001 0
2001 0
2001 0
2001 0
2001 3.255
2001 0
2001 0
2001 0
2001 0
2001 0
2001 0
2001 0
2001 0
2001 0
2001 0
2001 0
2001 0
2001 0
2001 0
2001 0
2001 0.75
2001 0
2001 0
2001 0
2001 0
2001 0
2001 0
2001 0
2001 0
2001 1.62666666666667
2001 0.696666666666666
2001 0
2001 0.291666666666667
2001 0.0283333333333332
2001 1.54
2001 1.8
2001 15.6
2001 0.64
2001 0
2001 1.085
2001 3.41333333333333
2001 6.9
2001 5.7
2001 0.29
2001 0
2001 0
2001 0
2001 0
2001 0
2001 0
2001 0
2001 0
2001 0
2001 0
2001 0
2001 0
2001 0
2001 0
2001 0
2001 0
2001 0
2001 0
2001 0
2001 0
2001 0
2001 0
2001 0
2001 0
2001 0
2001 0
2001 0
2001 0
2001 0
2001 0
2001 0
2001 0
2001 0
2001 0
2001 0
2001 0
2001 0
2001 0
2001 0
2001 0
2001 0
2001 0
2001 0
2001 0
2001 0
2001 0
2001 0
2001 0
2001 0
2001 0
2001 0
2001 0
2001 0
2001 0
2001 0
2001 0
2001 0
2001 0
2001 0
2001 0
2001 0
2001 0
2001 0
2001 0
2001 0
2001 0
2001 0
2001 0
2001 0
2001 0
2001 0
2001 0
2001 0
2001 0
2001 0
2001 0
2001 0
2001 0
2001 0
2001 0
2001 0
2001 0
2001 0
2001 0
2001 0
2001 0
2001 0
2001 0
2001 0
2001 0
2001 0
2001 0
2001 0
2001 0
2001 0
2001 0
2001 0
2001 0
2001 0
2001 0
2001 0
2001 0
2001 0
2001 0
2001 0
2001 0
2001 0
2001 0
2001 0
2001 0
2001 0
2001 0
2001 0
2001 0
2001 0
2001 0
2001 0
2001 0
2001 0
2001 0
2001 0
2001 0
2001 0
2001 0
2001 0
2001 0
2001 0
2001 0
2001 0
2001 0
2001 0
2002 0
2002 0
2002 0
2002 0
2002 0
2002 0
2002 0
2002 0
2002 0
2002 0
2002 0
2002 0
2002 0
2002 0
2002 0
2002 0
2002 0
2002 0
2002 0
2002 0
2002 0
2002 0
2002 0
2002 0
2002 0
2002 0
2002 0
2002 0
2002 0
2002 0
2002 0
2002 0
2002 0
2002 0
2002 0
2002 0
2002 0
2002 0
2002 0
2002 0
2002 0
2002 0
2002 0
2002 0
2002 0
2002 0
2002 0
2002 0
2002 0
2002 0
2002 0
2002 0
2002 0
2002 0
2002 0
2002 0
2002 0
2002 0
2002 0
2002 0
2002 0
2002 0
2002 0
2002 0
2002 0
2002 0
2002 0
2002 0
2002 0
2002 1.47333333333333
2002 0
2002 0
2002 6.375
2002 3.3
2002 0.5
2002 0
2002 0
2002 0
2002 0
2002 0
2002 0
2002 0
2002 8.7
2002 5.8
2002 3
2002 5.9
2002 0
2002 1.75
2002 1.2
2002 8.5
2002 2.775
2002 0
2002 0
2002 0
2002 0.11
2002 0
2002 0
2002 0
2002 0
2002 0
2002 0
2002 0.8
2002 0.7
2002 1.9
2002 0
2002 0
2002 0
2002 0
2002 0
2002 0
2002 0.1
2002 1.3
2002 3.6
2002 1.3
2002 0.4
2002 0.8
2002 3.3
2002 4.6
2002 4.7
2002 5.85666666666666
2002 0.3
2002 1.2
2002 0
2002 0
2002 0
2002 0
2002 0
2002 0
2002 0
2002 0
2002 0
2002 0
2002 0
2002 0
2002 0
2002 0
2002 0
2002 0
2002 0
2002 0
2002 0.6
2002 0.466666666666667
2002 0.475
2002 0
2002 0
2002 0.0533333333333334
2002 0
2002 0
2002 0
2002 0
2002 0
2002 0
2002 0
2002 0
2002 0
2002 0
2002 0
2002 0
2002 1.48
2002 0.085
2002 3.54
2002 0
2002 2.02666666666667
2002 0
2002 0
2002 0
2002 0
2002 0
2002 0
2002 0
2002 1.2
2002 3.76
2002 5.09166666666667
2002 1.9
2002 3.5
2002 1.785
2002 13.9
2002 4.2
2002 0
2002 0
2002 0.346666666666667
2002 0
2002 3.25
2002 0.64
2002 0
2002 0
2002 0
2002 0
2002 0
2002 0
2002 0
2002 0
2002 0
2002 0
2002 0
2002 0
2002 0
2002 0
2002 0
2002 0
2002 0
2002 0
2002 0
2002 8.2
2002 1.8
2002 0
2002 0
2002 0
2002 0
2002 0
2002 0
2002 0
2002 0
2002 0
2002 0
2002 0
2002 0
2002 0
2002 0.0933333333333334
2002 0
2002 0
2002 0
2002 0
2002 0
2002 0
2002 0
2002 0.333333333333333
2002 0.025
2002 0
2002 0
2002 0
2002 0.625
2002 0
2002 0
2002 0
2002 0
2002 0
2002 0
2002 0
2002 0
2002 0
2002 0
2002 0
2002 0
2002 0
2002 0
2002 0
2002 0
2002 0
2002 0
2002 0
2002 0
2002 0
2002 0
2002 0
2002 0
2002 0
2002 0
2002 0
2002 0
2002 0
2002 0
2002 0
2002 0
2002 0
2002 0
2002 0
2002 0
2002 0
2002 0
2002 0
2002 0
2002 0
2002 0
2002 0
2002 0
2002 0
2002 0
2002 0
2002 0
2002 0
2002 0
2002 0
2002 0
2002 0
2002 0
2002 0
2002 0
2002 0
2002 0
2002 0
2002 0
2002 0
2002 0
2002 0
2002 0
2002 0
2002 0
2002 0
2002 0
2002 0
2002 0
2002 0
2002 0
2002 0
2002 0
2002 0
2002 0
2002 0
2002 0
2002 0
2002 0
2002 0
2002 0
2002 0
2002 0
2002 0
2002 0
2002 0
2002 0
2002 0
2002 0
2002 0
2002 0
2002 0
2002 0
2002 0
2002 0
2002 0
2002 0
2002 0
2002 0
2002 0
2002 0
2002 0
2002 0
2002 0
2002 0
2002 0
2002 0
2002 0
2002 0
2002 0
2002 0
2002 0
2002 0
2002 0
2002 0
2002 0
2002 0
2002 0
2002 0
2002 0
2002 0
2002 0
2002 0
2002 0
2002 0
2002 0
2002 0
2002 0
2002 0
2002 0
2002 0
2002 0
2003 0
2003 0
2003 0
2003 0
2003 0
2003 0
2003 0
2003 0
2003 0
2003 0
2003 0
2003 0
2003 0
2003 0
2003 0
2003 0
2003 0
2003 0
2003 0
2003 0
2003 0
2003 0
2003 0
2003 0.77
2003 0.311666666666667
2003 0.206666666666666
2003 0
2003 0
2003 0
2003 0
2003 0
2003 0
2003 0
2003 0
2003 0
2003 0
2003 0
2003 0
2003 0
2003 0
2003 0
2003 0
2003 0
2003 0
2003 0
2003 0
2003 0
2003 0
2003 0.453333333333333
2003 0
2003 0
2003 0
2003 0
2003 0
2003 0
2003 0
2003 0
2003 0
2003 0
2003 0
2003 0
2003 0
2003 0
2003 0
2003 0
2003 2.1
2003 0
2003 5.8
2003 1.2
2003 9
2003 4.635
2003 0
2003 0
2003 0
2003 0
2003 0
2003 0
2003 0
2003 4.805
2003 0.04
2003 0
2003 0
2003 0.185
2003 0
2003 0
2003 0
2003 0
2003 0
2003 0
2003 1.83333333333333
2003 0.45
2003 0.7
2003 4.6
2003 0.5
2003 0
2003 0.3
2003 0
2003 0
2003 0
2003 0
2003 0
2003 0
2003 0
2003 0
2003 0
2003 0.55
2003 10.83
2003 1.54
2003 0
2003 0
2003 1
2003 2.565
2003 1.74
2003 0
2003 0
2003 0
2003 0
2003 0
2003 0
2003 1.5
2003 0
2003 0.793333333333333
2003 0.155
2003 0
2003 0
2003 1.42
2003 0.3
2003 0.8
2003 0.5
2003 0
2003 0
2003 0
2003 0
2003 0
2003 4.8
2003 0
2003 0
2003 0.1
2003 0
2003 0
2003 0
2003 0
2003 1.2
2003 1.14
2003 7.4
2003 2.5
2003 0
2003 1.1
2003 4.5
2003 2.66666666666667
2003 10.1
2003 2.3
2003 1.3
2003 0.1
2003 0.7
2003 11
2003 6.9
2003 10.5
2003 4.6
2003 2.1
2003 2.5
2003 0
2003 0
2003 0
2003 0
2003 0
2003 0
2003 0
2003 0
2003 0
2003 0
2003 0
2003 0
2003 0
2003 0
2003 0
2003 0
2003 0
2003 0
2003 0
2003 0
2003 0
2003 0
2003 0.146666666666667
2003 0
2003 0
2003 0
2003 0
2003 0
2003 0
2003 0
2003 0
2003 0
2003 0
2003 0
2003 0
2003 0
2003 0
2003 0
2003 0
2003 0
2003 0
2003 0
2003 0
2003 0
2003 0
2003 0
2003 0
2003 0
2003 0
2003 0
2003 0
2003 0
2003 0
2003 1.7
2003 0
2003 2.66666666666667
2003 3
2003 0.1
2003 0.5
2003 0.3
2003 0.283333333333333
2003 0
2003 0.33
2003 0
2003 0
2003 0
2003 0
2003 0
2003 0
2003 0
2003 0
2003 0
2003 0
2003 0
2003 0
2003 0
2003 0
2003 0
2003 0
2003 0
2003 0
2003 0
2003 0
2003 0
2003 0
2003 0
2003 0
2003 0
2003 0
2003 0
2003 0
2003 0
2003 0
2003 0
2003 0
2003 0
2003 0
2003 0
2003 0
2003 0
2003 0
2003 0
2003 0
2003 0
2003 0
2003 0
2003 0
2003 0
2003 0
2003 0
2003 0
2003 0
2003 0
2003 0
2003 0
2003 0
2003 0
2003 0
2003 0
2003 0
2003 0
2003 0
2003 0
2003 0
2003 0
2003 0
2003 0
2003 0
2003 0
2003 0
2003 0
2003 0
2003 0
2003 0
2003 0
2003 0
2003 0
2003 0
2003 0
2003 0
2003 0
2003 0
2003 0
2003 0
2003 0
2003 0
2003 0
2003 0
2003 0
2003 0
2003 0
2003 0
2003 0
2003 0
2003 0
2003 0
2003 0
2003 0
2003 0
2003 0
2003 0
2003 0
2003 0
2003 0
2003 0
2003 0
2003 0
2003 0
2003 0
2003 0
2003 0
2003 0
2003 0
2003 0
2003 0
2003 0
2003 0
2003 0
2003 0
2003 0
2003 0
2003 0
2003 0
2003 0
2003 0
2003 0
2003 0
2003 0
2003 0
2003 0
2003 0
2003 0
2003 0
2003 0
2003 0
2003 0
2003 0
2003 0
2003 0
2003 0
2003 0
2003 0
2003 0
2003 0
2004 0
2004 0
2004 0
2004 0
2004 0
2004 0
2004 0
2004 0
2004 0
2004 0
2004 0
2004 0
2004 0
2004 0
2004 0
2004 0
2004 0
2004 0
2004 0
2004 0
2004 0
2004 0
2004 0
2004 0
2004 0
2004 0
2004 0
2004 0
2004 0
2004 0
2004 0
2004 0
2004 0
2004 0
2004 0
2004 0
2004 0
2004 8.49
2004 0
2004 0
2004 0
2004 0
2004 0
2004 0
2004 0
2004 0
2004 0
2004 0
2004 0
2004 0
2004 0
2004 0.125
2004 4.59333333333333
2004 0.3
2004 0
2004 0
2004 0
2004 0
2004 0
2004 1.68
2004 0.0899999999999997
2004 0
2004 0
2004 0
2004 0
2004 0
2004 0
2004 0
2004 0
2004 0
2004 0
2004 0
2004 0.153333333333334
2004 0.36
2004 0
2004 0
2004 0
2004 0
2004 0.108333333333333
2004 0
2004 0
2004 0
2004 0
2004 0
2004 0
2004 0
2004 0
2004 0
2004 0
2004 0
2004 0
2004 0
2004 0
2004 0
2004 0
2004 0
2004 0
2004 0
2004 0
2004 0
2004 0
2004 0.0766666666666667
2004 0
2004 1.2
2004 0
2004 16.2
2004 3.2
2004 0
2004 0
2004 0
2004 0
2004 2.11833333333333
2004 7.8
2004 0
2004 0
2004 0
2004 0
2004 0
2004 2.08
2004 0.4
2004 1.2
2004 1.9
2004 1.7
2004 0.2
2004 0
2004 2.2
2004 0.5
2004 6.6
2004 1.53333333333333
2004 2.2
2004 17.7
2004 2.5
2004 11
2004 5.805
2004 1.24666666666667
2004 1.4
2004 10.5
2004 1.1
2004 2.7
2004 1.6
2004 5.7
2004 10.3
2004 0.9
2004 0
2004 0
2004 3.6
2004 0.4
2004 0.1
2004 2.7
2004 1.9
2004 2
2004 0
2004 0
2004 0
2004 0
2004 0
2004 0
2004 0
2004 0
2004 0
2004 17.7
2004 1.2
2004 6.2
2004 5.1
2004 1.4
2004 0
2004 0
2004 0
2004 0
2004 0
2004 1.4
2004 0
2004 0
2004 0
2004 0
2004 7.1
2004 0.4
2004 0
2004 1.2
2004 0.7
2004 0
2004 0.5
2004 0
2004 0
2004 0
2004 0
2004 0
2004 0.715
2004 2.7
2004 1.9
2004 0
2004 0.7
2004 1.6
2004 0
2004 0
2004 0
2004 0
2004 0
2004 0
2004 0
2004 0
2004 0
2004 0
2004 0
2004 6.81333333333333
2004 9.2
2004 1.6
2004 1
2004 0
2004 0
2004 0
2004 0
2004 0
2004 0
2004 0
2004 0
2004 0
2004 0
2004 0
2004 1.44
2004 0
2004 1.86333333333333
2004 1.66666666666667
2004 0.04
2004 0.0583333333333333
2004 0.035
2004 0
2004 0
2004 0
2004 0
2004 0
2004 0
2004 0
2004 0
2004 0
2004 0
2004 0
2004 0
2004 0
2004 0
2004 0
2004 0
2004 0
2004 0
2004 0
2004 0
2004 0
2004 0
2004 0
2004 0
2004 0
2004 0
2004 0
2004 0
2004 0
2004 0
2004 0
2004 0
2004 0
2004 0
2004 0
2004 0
2004 0
2004 0
2004 0
2004 0
2004 0
2004 0
2004 0
2004 0
2004 0
2004 0
2004 0
2004 0
2004 0
2004 0
2004 0
2004 0
2004 0
2004 0
2004 0
2004 0
2004 0
2004 0
2004 0
2004 0
2004 0
2004 0
2004 0
2004 0
2004 0
2004 0
2004 0
2004 0
2004 0
2004 0
2004 0
2004 0
2004 0
2004 0
2004 0
2004 0
2004 0
2004 0
2004 0
2004 0
2004 0
2004 0
2004 0
2004 0
2004 0
2004 0
2004 0
2004 0
2004 0
2004 0
2004 0
2004 0
2004 0
2004 0
2004 0
2004 0
2004 0
2004 0
2004 0
2004 0
2004 0
2004 0
2004 0
2004 0
2004 0
2004 0
2004 0
2004 0
2004 0
2004 0
2004 0
2004 0
2004 0
2004 0
2004 0
2004 0
2004 0
2004 0
2004 0
2004 0
2004 0
2004 0
2004 0
2004 0
2004 0
2004 0
2004 0
2004 0
2004 0
2004 0
2004 0
2004 0
2004 0
2004 0
2004 0
2004 0
2004 0
2004 0
2004 0
2004 0
2005 0
2005 0
2005 0
2005 0
2005 0
2005 0
2005 0
2005 0
2005 0
2005 0
2005 0
2005 0
2005 0
2005 0
2005 0
2005 0
2005 0
2005 0
2005 0
2005 0
2005 0
2005 0
2005 0
2005 0
2005 0
2005 0
2005 0
2005 0
2005 0
2005 0
2005 0
2005 0
2005 0
2005 0
2005 0
2005 0
2005 0
2005 0
2005 0
2005 0
2005 0
2005 0
2005 0
2005 0
2005 0
2005 0
2005 0.1
2005 0
2005 0
2005 0
2005 0
2005 0
2005 0
2005 0
2005 0
2005 0
2005 0
2005 0
2005 0
2005 0
2005 0
2005 0
2005 0
2005 0
2005 0
2005 0
2005 0
2005 3.17333333333333
2005 0
2005 0
2005 1.4
2005 0
2005 0
2005 1.54166666666667
2005 0.4
2005 0
2005 0
2005 0
2005 0.866666666666667
2005 6.65
2005 2
2005 0.9
2005 0.9
2005 0
2005 0
2005 0
2005 0.0633333333333333
2005 0.0833333333333333
2005 0
2005 0.0283333333333333
2005 0.325
2005 0
2005 0
2005 0
2005 0
2005 0
2005 0
2005 0
2005 0
2005 0
2005 0
2005 0
2005 0
2005 0
2005 0
2005 0
2005 0.4
2005 8.73
2005 6
2005 17.7
2005 0
2005 0
2005 0
2005 0
2005 0
2005 0
2005 2.4
2005 0.7
2005 5.4
2005 0.4
2005 0
2005 0.6
2005 0.7
2005 4.9
2005 0.6
2005 0
2005 1.8
2005 2.05
2005 0
2005 0
2005 0
2005 0
2005 0
2005 0.9
2005 0.2
2005 0
2005 0
2005 0
2005 0
2005 4.1
2005 1.5
2005 26.6
2005 14.4733333333333
2005 1.5
2005 1.1
2005 5.3
2005 1.5
2005 0.3
2005 0
2005 0
2005 0
2005 0
2005 8
2005 3.1
2005 5.1
2005 0.5
2005 0
2005 0
2005 0
2005 0
2005 0
2005 0
2005 0.8
2005 3.255
2005 0
2005 9.625
2005 4.4
2005 2.1
2005 0.9
2005 0
2005 0
2005 0.7
2005 2.1
2005 1.3
2005 0.1
2005 0
2005 0
2005 0
2005 0
2005 0.4
2005 0
2005 0
2005 0
2005 0.1
2005 0
2005 2.7
2005 1.3
2005 1.1
2005 1.9
2005 3.5
2005 0
2005 0
2005 2.8
2005 0
2005 0
2005 0
2005 0
2005 0
2005 0
2005 0
2005 0
2005 0
2005 0
2005 0
2005 0
2005 0
2005 0
2005 0
2005 0
2005 0
2005 0
2005 0
2005 0
2005 0
2005 0
2005 0
2005 0
2005 0
2005 0
2005 0
2005 5.17
2005 0
2005 0
2005 0
2005 0
2005 0
2005 0
2005 0
2005 0
2005 0
2005 0
2005 0
2005 0
2005 0
2005 0
2005 0
2005 0
2005 0
2005 0
2005 0
2005 0
2005 0
2005 0
2005 0
2005 0
2005 0
2005 0
2005 0
2005 0
2005 0
2005 0
2005 0
2005 0
2005 0
2005 0
2005 0
2005 0
2005 0
2005 0
2005 0
2005 0
2005 0
2005 0
2005 0
2005 0
2005 0
2005 0
2005 0
2005 0
2005 0
2005 0
2005 0
2005 0
2005 0
2005 0
2005 0
2005 0
2005 0
2005 0
2005 0
2005 0
2005 0
2005 0
2005 0
2005 0
2005 0
2005 0
2005 0
2005 0
2005 0
2005 0
2005 0
2005 0
2005 0
2005 0
2005 0
2005 0
2005 0
2005 0
2005 0
2005 0
2005 0
2005 0
2005 0
2005 0
2005 0
2005 0
2005 0
2005 0
2005 0
2005 0
2005 0
2005 0
2005 0
2005 0
2005 0
2005 0
2005 0
2005 0
2005 0
2005 0
2005 0
2005 0
2005 0
2005 0
2005 0
2005 0
2005 0
2005 0
2005 0
2005 0
2005 0
2005 0
2005 0
2005 0
2005 0
2005 0
2005 0
2005 0
2005 0
2005 0
2005 0
2005 0
2005 0
2005 0
2005 0
2005 0
2005 0
2005 0
2005 0
2005 0
2005 0
2005 0
2005 0
2005 0
2005 0
2005 0
2005 0
2005 0
2005 0
2005 0
2005 0
2005 0
2005 0
2005 0
2006 0
2006 0
2006 0
2006 0
2006 0
2006 0
2006 0
2006 0
2006 0
2006 0
2006 0
2006 0
2006 0
2006 0
2006 0
2006 0
2006 0
2006 0
2006 0
2006 0
2006 0
2006 0
2006 0
2006 0
2006 0
2006 0
2006 0
2006 0
2006 0
2006 0
2006 0
2006 0
2006 0
2006 0
2006 0
2006 0
2006 0
2006 0
2006 0
2006 0
2006 0
2006 0
2006 0
2006 0
2006 0
2006 0
2006 0
2006 0
2006 0
2006 0
2006 0
2006 0
2006 0
2006 0
2006 0
2006 0
2006 0
2006 0
2006 0
2006 0
2006 0
2006 0
2006 0
2006 0
2006 0
2006 0
2006 0
2006 0
2006 0
2006 0
2006 0
2006 0
2006 0
2006 0
2006 0
2006 0
2006 0
2006 0
2006 1.5
2006 0
2006 0.8
2006 5.3
2006 0.4
2006 0
2006 0
2006 3.7
2006 1
2006 0
2006 0
2006 0
2006 0
2006 0
2006 0.4
2006 5.02666666666667
2006 0.75
2006 1.69
2006 1.1
2006 1.1
2006 1.1
2006 0
2006 0
2006 0
2006 0.1
2006 0
2006 0
2006 3
2006 27.3
2006 18.5
2006 0.5
2006 2.5
2006 0
2006 0
2006 3.2
2006 1.9
2006 0
2006 0
2006 0.6
2006 0.4
2006 0.7
2006 0
2006 11
2006 1.5
2006 1.6
2006 4.9
2006 0.5
2006 0
2006 0
2006 0
2006 0
2006 0
2006 0
2006 0
2006 0
2006 0
2006 0
2006 0
2006 0
2006 1.4
2006 10.9
2006 14.9
2006 0
2006 1.3
2006 5.4
2006 0.6
2006 0
2006 0
2006 0
2006 0
2006 0
2006 0
2006 0
2006 0
2006 0
2006 0
2006 0
2006 0
2006 0
2006 0.3
2006 1
2006 1
2006 7.3
2006 5.2
2006 5.1
2006 0
2006 0
2006 0
2006 0
2006 15.7
2006 11.68
2006 0.26
2006 1.955
2006 0.7
2006 1.6
2006 0
2006 0
2006 0
2006 0
2006 2.9
2006 1.5
2006 0
2006 1.1
2006 1.3
2006 2.5
2006 3.9
2006 6.86
2006 1.7
2006 7.1
2006 0.7
2006 31.7
2006 7.56
2006 2.60666666666667
2006 7.6
2006 0.7
2006 0
2006 0
2006 0
2006 0
2006 0
2006 0
2006 0
2006 0
2006 0
2006 0
2006 0
2006 0
2006 0
2006 0
2006 0
2006 0
2006 0.0333333333333333
2006 0
2006 0
2006 0
2006 0
2006 0
2006 0
2006 0.28
2006 0
2006 0
2006 0
2006 0
2006 0
2006 2.8
2006 4.1
2006 2.1
2006 0
2006 0
2006 0
2006 0
2006 0
2006 0
2006 0
2006 0
2006 0
2006 0
2006 0
2006 0
2006 0
2006 0
2006 0
2006 0
2006 0
2006 0
2006 0
2006 0
2006 0
2006 0
2006 0
2006 0
2006 0
2006 0
2006 0
2006 0
2006 0
2006 0
2006 0
2006 0
2006 0
2006 0
2006 0
2006 0
2006 0
2006 0
2006 0
2006 0
2006 0
2006 0
2006 0
2006 0
2006 0
2006 0
2006 0
2006 0
2006 0
2006 0
2006 0
2006 0
2006 0
2006 0
2006 0
2006 0
2006 0
2006 0
2006 0
2006 0
2006 0
2006 0
2006 0
2006 0
2006 0
2006 0
2006 0
2006 0
2006 0
2006 0
2006 0
2006 0
2006 0
2006 0
2006 0
2006 0
2006 0
2006 0
2006 0
2006 0
2006 0
2006 0
2006 0
2006 0
2006 0
2006 0
2006 0
2006 0
2006 0
2006 0
2006 0
2006 0
2006 0
2006 0
2006 0
2006 0
2006 0
2006 0
2006 0
2006 0
2006 0
2006 0
2006 0
2006 0
2006 0
2006 0
2006 0
2006 0
2006 0
2006 0
2006 0
2006 0
2006 0
2006 0
2006 0
2006 0
2006 0
2006 0
2006 0
2006 0
2006 0
2006 0
2006 0
2006 0
2006 0
2006 0
2006 0
2006 0
2006 0
2006 0
2006 0
2006 0
2006 0
2006 0
2006 0
2006 0
2006 0
2006 0
2006 0
2006 0
2007 0
2007 0
2007 0
2007 0
2007 0
2007 0
2007 0
2007 0
2007 0
2007 0
2007 0
2007 0
2007 0
2007 0
2007 0
2007 0
2007 0
2007 0
2007 0
2007 0
2007 0
2007 0
2007 0
2007 0
2007 0
2007 0
2007 0
2007 0
2007 0
2007 0
2007 0
2007 0
2007 0
2007 0
2007 0
2007 0
2007 0
2007 0
2007 0
2007 0
2007 0
2007 0
2007 0
2007 0
2007 0
2007 0
2007 0
2007 0
2007 0
2007 0
2007 0
2007 0
2007 0
2007 0
2007 0
2007 0
2007 0
2007 0
2007 0
2007 0
2007 0
2007 0
2007 1.5
2007 0.8
2007 0
2007 0
2007 0
2007 0
2007 0
2007 0
2007 0
2007 0
2007 0
2007 0
2007 0
2007 0
2007 0
2007 0
2007 0
2007 0
2007 0
2007 2.83666666666667
2007 0.583333333333333
2007 0
2007 0
2007 0
2007 0
2007 0
2007 0
2007 0
2007 0
2007 0
2007 0
2007 0
2007 0
2007 0
2007 0
2007 0
2007 0
2007 0
2007 0.6
2007 0
2007 0
2007 0
2007 0
2007 0
2007 0.833333333333333
2007 0.925
2007 0.183333333333333
2007 0
2007 0
2007 0
2007 0
2007 0
2007 0
2007 0
2007 0
2007 0
2007 0
2007 0
2007 1.8
2007 0.14
2007 0
2007 17.7
2007 2.8
2007 4.2
2007 0
2007 0.1
2007 0.00833333333333333
2007 2.27166666666667
2007 0.571666666666666
2007 0
2007 0
2007 0
2007 0
2007 0
2007 0
2007 0
2007 0
2007 0
2007 0
2007 0
2007 0
2007 0.1
2007 1.7
2007 0.6
2007 1.3
2007 1
2007 3.1
2007 0
2007 0
2007 0
2007 0
2007 0
2007 0
2007 0
2007 0
2007 0
2007 2.1
2007 0
2007 1.54666666666667
2007 0
2007 1.1
2007 3.21166666666667
2007 6.34666666666667
2007 3.94166666666667
2007 3.5
2007 0
2007 0
2007 0
2007 0
2007 0
2007 0
2007 0
2007 0
2007 0
2007 0
2007 0
2007 9.96666666666667
2007 8.225
2007 0
2007 0
2007 0.775
2007 1.45
2007 0
2007 0
2007 0
2007 0
2007 0
2007 0.728333333333333
2007 0.733333333333333
2007 0
2007 0
2007 0
2007 0
2007 0
2007 0
2007 0
2007 0
2007 0
2007 6.7
2007 1.7
2007 2.1
2007 1.5
2007 0
2007 0
2007 0
2007 0
2007 0
2007 0
2007 0
2007 0
2007 0
2007 0
2007 0
2007 0
2007 0
2007 0
2007 0
2007 0
2007 0
2007 0
2007 0
2007 0
2007 0
2007 0
2007 0
2007 0
2007 0
2007 0
2007 0
2007 0
2007 0
2007 0
2007 0
2007 0
2007 0
2007 0
2007 0
2007 0
2007 0
2007 0
2007 0
2007 0
2007 0
2007 0
2007 0
2007 0
2007 0
2007 0
2007 0
2007 0
2007 0
2007 0
2007 0
2007 0
2007 0
2007 0
2007 0
2007 0
2007 0
2007 0
2007 0
2007 0
2007 0
2007 0
2007 0
2007 0
2007 0
2007 0
2007 0
2007 0
2007 0
2007 0
2007 0
2007 0
2007 0
2007 0
2007 0
2007 0
2007 0
2007 0
2007 0
2007 0
2007 0
2007 0
2007 0
2007 0
2007 0
2007 0
2007 0
2007 0
2007 0
2007 0
2007 0
2007 0
2007 0
2007 0
2007 0
2007 0
2007 0
2007 0
2007 0
2007 0
2007 0
2007 0
2007 0
2007 0
2007 0
2007 0
2007 0
2007 0
2007 0
2007 0
2007 0
2007 0
2007 0
2007 0
2007 0
2007 0
2007 0
2007 0
2007 0
2007 0
2007 0
2007 0
2007 0
2007 0
2007 0
2007 0
2007 0
2007 0
2007 0
2007 0
2007 0
2007 0
2007 0
2007 0
2007 0
2007 0
2007 0
2007 0
2007 0
2007 0
2007 0
2007 0
2007 0
2007 0
2007 0
2007 0
2007 0
2007 0
2007 0
2007 0
2007 0
2007 0
2007 0
2007 0
2007 0
2007 0
2007 0
2007 0
2007 0
2007 0
2007 0
2008 0
2008 0
2008 0
2008 0
2008 0
2008 0
2008 0
2008 0
2008 0
2008 0
2008 0
2008 0
2008 0
2008 0
2008 0
2008 0
2008 0
2008 0
2008 0
2008 0
2008 0
2008 0
2008 0
2008 0
2008 0
2008 0
2008 0
2008 0
2008 0
2008 0
2008 0
2008 0
2008 0
2008 0
2008 0
2008 0
2008 0
2008 0
2008 0
2008 0
2008 0
2008 0
2008 0
2008 0
2008 0
2008 0
2008 0
2008 0
2008 1.48
2008 0.3
2008 1.1
2008 0
2008 0.3
2008 0
2008 0
2008 0
2008 0
2008 0
2008 0
2008 0
2008 0
2008 0
2008 0
2008 0
2008 0
2008 0
2008 3.78666666666667
2008 3.76
2008 0
2008 14.7
2008 37.3
2008 7.35
2008 2.5
2008 9.7
2008 7.8
2008 1.4
2008 0
2008 0
2008 0
2008 0
2008 0
2008 0
2008 0
2008 0
2008 0.266666666666667
2008 0.22
2008 2.08
2008 0
2008 0
2008 0
2008 0.2
2008 0
2008 0
2008 0.525
2008 7.6
2008 0.24
2008 6.72
2008 0
2008 2.7
2008 2.1
2008 9.1
2008 5.3
2008 1.4
2008 0
2008 0
2008 0
2008 0
2008 0
2008 0
2008 0
2008 0
2008 0
2008 0
2008 0
2008 0
2008 0
2008 0
2008 0
2008 0
2008 1.3
2008 1.2
2008 0.1
2008 0
2008 0
2008 0
2008 0
2008 3.565
2008 2.64333333333333
2008 3.6
2008 0
2008 0
2008 0
2008 0
2008 4.58666666666667
2008 0
2008 0
2008 0
2008 1.12
2008 3.4
2008 1.9
2008 0
2008 0
2008 1.82
2008 4.41
2008 0
2008 0
2008 0
2008 0
2008 0
2008 0
2008 0
2008 1.03333333333333
2008 0
2008 0.69
2008 0.583333333333333
2008 0
2008 1.49333333333333
2008 0
2008 6.84
2008 0.1
2008 0
2008 0
2008 0
2008 0
2008 0
2008 0
2008 0
2008 0
2008 0
2008 0
2008 0
2008 0
2008 0.0783333333333333
2008 0
2008 0
2008 0
2008 0
2008 0
2008 0
2008 0
2008 0
2008 0
2008 0
2008 0
2008 0
2008 1.98
2008 1.2
2008 0
2008 0
2008 0
2008 0
2008 0
2008 0
2008 0
2008 1.21333333333333
2008 0
2008 0
2008 0
2008 0.925
2008 0.3
2008 0.7
2008 2.7
2008 14.5
2008 0.3
2008 0.9
2008 5.1
2008 7.6
2008 0.2
2008 1.57333333333333
2008 0.671666666666667
2008 0
2008 0
2008 0
2008 0
2008 0.626666666666667
2008 7.41
2008 0
2008 1.39333333333333
2008 5.945
2008 0.6
2008 0
2008 0
2008 0
2008 0
2008 0
2008 0
2008 0
2008 2.77333333333333
2008 0.918333333333333
2008 0
2008 0
2008 0
2008 0
2008 0
2008 0
2008 0
2008 0
2008 0
2008 0
2008 0
2008 0
2008 0
2008 0
2008 0
2008 0
2008 0
2008 0
2008 0
2008 0
2008 0
2008 0
2008 0
2008 0
2008 0
2008 0
2008 0
2008 0
2008 0
2008 0
2008 0
2008 0
2008 0
2008 0
2008 0
2008 0
2008 0
2008 0
2008 0
2008 0
2008 0
2008 0
2008 0
2008 0
2008 0
2008 0
2008 0
2008 0
2008 0
2008 0
2008 0
2008 0
2008 0
2008 0
2008 0
2008 0
2008 0
2008 0
2008 0
2008 0
2008 0
2008 0
2008 0
2008 0
2008 0
2008 0
2008 0
2008 0
2008 0
2008 0
2008 0
2008 0
2008 0
2008 0
2008 0
2008 0
2008 0
2008 0
2008 0
2008 0
2008 0
2008 0
2008 0
2008 0
2008 0
2008 0
2008 0
2008 0
2008 0
2008 0
2008 0
2008 0
2008 0
2008 0
2008 0
2008 0
2008 0
2008 0
2008 0
2008 0
2008 0
2008 0
2008 0
2008 0
2008 0
2008 0
2008 0
2008 0
2008 0
2008 0
2008 0
2008 0
2008 0
2008 0
2008 0
2008 0
2008 0
2008 0
2008 0
2008 0
2008 0
2008 0
2008 0
2008 0
2008 0
2008 0
2008 0
2008 0
2008 0
2008 0
2008 0
2008 0
2008 0
2008 0
2008 0
2008 0
2008 0
2009 0
2009 0
2009 0
2009 0
2009 0
2009 0
2009 0
2009 0
2009 0
2009 0
2009 0
2009 0
2009 0
2009 0
2009 0
2009 0
2009 0
2009 0
2009 0
2009 0
2009 0
2009 0
2009 0
2009 0
2009 0
2009 0
2009 0
2009 0
2009 0
2009 0
2009 0
2009 0
2009 0
2009 1
2009 0
2009 0
2009 0
2009 0
2009 0
2009 0
2009 0
2009 0
2009 0
2009 0
2009 0
2009 0
2009 0
2009 0
2009 0
2009 0
2009 0
2009 0
2009 0
2009 0
2009 0
2009 0
2009 0
2009 0
2009 0
2009 0.22
2009 0
2009 0
2009 0
2009 0
2009 0
2009 0
2009 0
2009 0
2009 0
2009 0
2009 0
2009 0
2009 0
2009 1.60166666666667
2009 0
2009 0
2009 0.77
2009 0
2009 0
2009 0
2009 0
2009 3.5
2009 18.4
2009 7
2009 0.6
2009 0.7
2009 0
2009 0
2009 0
2009 0.4
2009 2.8
2009 3.8
2009 0.7
2009 0
2009 0.8
2009 4.8
2009 7.8
2009 0.3
2009 0
2009 0
2009 0.4
2009 3.7
2009 2.4
2009 0
2009 0
2009 0
2009 0
2009 0.6
2009 0.6
2009 8.9
2009 23.1
2009 2.52
2009 0.43
2009 0
2009 0.4
2009 0.5
2009 0
2009 0
2009 0
2009 0
2009 0
2009 2.6
2009 0
2009 0
2009 0
2009 0
2009 0
2009 0
2009 0
2009 0
2009 0
2009 0
2009 0
2009 0
2009 0
2009 0.8
2009 0
2009 0
2009 0
2009 5.5
2009 6.4
2009 10.1733333333333
2009 0.8
2009 0
2009 7.6
2009 0
2009 0
2009 0
2009 0.5
2009 0
2009 0
2009 0
2009 0
2009 0
2009 0
2009 0
2009 0
2009 0
2009 0
2009 0.653333333333333
2009 0.8
2009 2.6
2009 4.03166666666667
2009 5.9
2009 3
2009 1.1
2009 0.9
2009 0
2009 1.8
2009 12.8
2009 0
2009 0
2009 2.1
2009 1.6
2009 2.4
2009 7.1
2009 2.4
2009 0
2009 3.8
2009 0.123333333333333
2009 0
2009 0.0933333333333332
2009 0
2009 0
2009 0.0266666666666666
2009 2
2009 1.6
2009 0.2
2009 3.2
2009 7.2
2009 15.8
2009 2.9
2009 6.2
2009 0.075
2009 0
2009 0
2009 0
2009 0
2009 0
2009 2.12666666666667
2009 0.1
2009 0
2009 0
2009 2.35
2009 6.8
2009 13.4
2009 8.19
2009 0
2009 0
2009 3.28666666666667
2009 0
2009 0
2009 0
2009 0
2009 0
2009 0
2009 0
2009 0
2009 0
2009 0
2009 0
2009 0
2009 0
2009 0
2009 0
2009 0
2009 0
2009 0
2009 0
2009 0
2009 0
2009 0
2009 0
2009 0
2009 0
2009 0
2009 0
2009 0
2009 0
2009 0
2009 0
2009 0
2009 0
2009 0
2009 0
2009 0
2009 0
2009 0
2009 0
2009 0
2009 0
2009 0
2009 0
2009 0
2009 0
2009 0
2009 0
2009 0
2009 0
2009 0
2009 0
2009 0
2009 0
2009 0
2009 0
2009 0
2009 0
2009 0
2009 0
2009 0
2009 0
2009 0
2009 0
2009 0
2009 0
2009 0
2009 0
2009 0
2009 0
2009 0
2009 0
2009 0
2009 0
2009 0
2009 0
2009 0
2009 0
2009 0
2009 0
2009 0
2009 0
2009 0
2009 0
2009 0
2009 0
2009 0
2009 0
2009 0
2009 0
2009 0
2009 0
2009 0
2009 0
2009 0
2009 0
2009 0
2009 0
2009 0
2009 0
2009 0
2009 0
2009 0
2009 0
2009 0
2009 0
2009 0
2009 0
2009 0
2009 0
2009 0
2009 0
2009 0
2009 0
2009 0
2009 0
2009 0
2009 0
2009 0
2009 0
2009 0
2009 0
2009 0
2009 0
2009 0
2009 0
2009 0
2009 0
2009 0
2009 0
2009 0
2009 0
2009 0
2009 0
2009 0
2009 0
2009 0
2009 0
2009 0
2009 0
2009 0
2009 0
2009 0
2009 0
2009 0
2009 0
2009 0
2009 0
2009 0
2009 0
2009 0
2009 0
2009 0
2009 0
2009 0
2009 0
2010 0
2010 0
2010 0
2010 0
2010 0
2010 0
2010 0
2010 0
2010 0
2010 0
2010 0
2010 0
2010 0
2010 0
2010 0
2010 0
2010 0
2010 0
2010 0
2010 0
2010 0
2010 0
2010 0
2010 0
2010 0
2010 0
2010 0
2010 0
2010 0
2010 0
2010 0
2010 0
2010 0
2010 0
2010 0
2010 0
2010 0
2010 0
2010 0
2010 0
2010 0
2010 0
2010 5.89
2010 0
2010 0.5
2010 7.67
2010 2.6
2010 0.19
2010 0
2010 0
2010 0
2010 0
2010 0
2010 0
2010 0
2010 0
2010 0
2010 0
2010 0
2010 0
2010 0
2010 0
2010 0
2010 2.34666666666667
2010 1.83333333333333
2010 0
2010 1.08166666666667
2010 1.125
2010 1.14333333333333
2010 0
2010 0.0716666666666667
2010 0
2010 2.1
2010 0
2010 0
2010 0
2010 0
2010 0
2010 0
2010 0
2010 0
2010 0
2010 0
2010 0
2010 0
2010 0
2010 0
2010 0.07
2010 0
2010 0
2010 0
2010 0.6
2010 0
2010 2.2
2010 1.1
2010 0
2010 0.953333333333333
2010 0
2010 2.93333333333333
2010 0
2010 5.1
2010 6.195
2010 0.8
2010 0.2
2010 0
2010 0
2010 0
2010 0
2010 0.1
2010 0.5
2010 4.9
2010 0.1
2010 2.32333333333333
2010 0.595
2010 0
2010 0
2010 0
2010 0.7
2010 2.5
2010 2.8
2010 0.0999999999999999
2010 0.981666666666666
2010 2
2010 0.6
2010 0
2010 0
2010 0
2010 0.4
2010 0
2010 0
2010 0.2
2010 0
2010 1
2010 0
2010 1.4
2010 0
2010 0
2010 0.8
2010 1.00333333333333
2010 0
2010 0
2010 0.8
2010 0.8
2010 0
2010 0
2010 0
2010 0
2010 0.4
2010 1.4
2010 2.2
2010 1.6
2010 0.7
2010 0
2010 4.2
2010 1.9
2010 5.2
2010 0
2010 4.46666666666667
2010 2.2
2010 0.1
2010 0
2010 0
2010 2.4
2010 0.6
2010 0
2010 0
2010 0
2010 0
2010 0
2010 0
2010 0
2010 1.305
2010 0.4
2010 0
2010 0
2010 0
2010 0
2010 0
2010 0.615
2010 0
2010 0
2010 0
2010 0.426666666666667
2010 0
2010 0.7
2010 0.9
2010 5.8
2010 0
2010 0
2010 0
2010 0.7
2010 0.4
2010 0
2010 0
2010 0.3
2010 3.4
2010 3.4
2010 0
2010 0
2010 0
2010 0
2010 0
2010 0
2010 0
2010 0
2010 0
2010 0
2010 0
2010 0
2010 0
2010 0
2010 0
2010 4.7
2010 0
2010 0
2010 0
2010 1.51666666666667
2010 0
2010 0
2010 0
2010 0
2010 0
2010 0.0333333333333333
2010 0
2010 0.0700000000000004
2010 0.175
2010 0
2010 0
2010 0
2010 0
2010 0
2010 0
2010 0
2010 0
2010 0
2010 0
2010 0
2010 0
2010 0
2010 0
2010 0
2010 0
2010 0
2010 0
2010 0
2010 0
2010 0
2010 0
2010 0
2010 0
2010 0
2010 0
2010 0
2010 0
2010 0
2010 0
2010 0
2010 0.0666666666666667
2010 0
2010 0
2010 0
2010 0
2010 0
2010 0
2010 0
2010 0
2010 0
2010 0
2010 0
2010 0
2010 0
2010 0
2010 0
2010 0
2010 0
2010 0
2010 0
2010 0
2010 0
2010 0
2010 0
2010 0
2010 0
2010 0
2010 0
2010 0
2010 0
2010 0
2010 0
2010 0
2010 0
2010 0
2010 0
2010 0
2010 0
2010 0
2010 0
2010 0
2010 0
2010 0
2010 0
2010 0
2010 0
2010 0
2010 0
2010 0
2010 0
2010 0
2010 0
2010 0
2010 0
2010 0
2010 0
2010 0
2010 0
2010 0
2010 0
2010 0
2010 0
2010 0
2010 0
2010 0
2010 0
2010 0
2010 0
2010 0
2010 0
2010 0
2010 0
2010 0
2010 0
2010 0
2010 0
2010 0
2010 0
2010 0
2010 0
2010 0
2010 0
2010 0
2010 0
2010 0
2010 0
2010 0
2010 0
2010 0
2010 0
2010 0
2010 0
2010 0
2010 0
2010 0
2010 0
2010 0
2010 0
2010 0
2010 0
2010 0
2010 0
2010 0
2010 0
2010 0
2010 0
2010 0
2010 0
2011 0
2011 0
2011 0
2011 0
2011 0
2011 0
2011 0
2011 0
2011 0
2011 0
2011 0
2011 0
2011 0
2011 0
2011 0
2011 0
2011 0
2011 0
2011 0
2011 0
2011 0
2011 0
2011 0
2011 0
2011 0
2011 0
2011 0
2011 0
2011 0
2011 0
2011 0
2011 0
2011 0
2011 0
2011 0
2011 0
2011 0
2011 0
2011 0
2011 0
2011 0
2011 0
2011 0
2011 0
2011 0
2011 0.825
2011 0.375
2011 0
2011 0
2011 3.2
2011 0
2011 0
2011 0
2011 0
2011 5.8
2011 0
2011 0
2011 0
2011 0
2011 0
2011 0
2011 0
2011 0
2011 0
2011 0
2011 0
2011 0
2011 0
2011 1.505
2011 0
2011 1.68
2011 3.14166666666667
2011 0
2011 0
2011 0
2011 0
2011 0
2011 0
2011 3.77
2011 1.23666666666667
2011 0
2011 1.52
2011 2.07
2011 0.4
2011 1.2
2011 1
2011 2.2
2011 0
2011 1.5
2011 0.6
2011 0
2011 3.9
2011 0.3
2011 0
2011 0
2011 2
2011 1.98166666666667
2011 0
2011 0
2011 1.22666666666667
2011 7.8
2011 3.3
2011 4.8
2011 0.9
2011 0.1
2011 0.3
2011 1.4
2011 2.2
2011 0
2011 0
2011 0
2011 0
2011 0
2011 0
2011 1.2
2011 1
2011 0
2011 0
2011 4.1
2011 0
2011 0
2011 0
2011 0
2011 0.4
2011 0
2011 0
2011 0
2011 1.3
2011 0
2011 0
2011 0
2011 1.50333333333333
2011 1.475
2011 7.67
2011 0.175000000000001
2011 0
2011 0.06
2011 0
2011 0
2011 0.26
2011 1.8
2011 0.5
2011 0
2011 0
2011 0
2011 0.2
2011 1.8
2011 0.7
2011 0
2011 0
2011 0
2011 0
2011 0
2011 0
2011 0
2011 0
2011 0
2011 0
2011 0
2011 0
2011 0
2011 0
2011 0
2011 0
2011 0
2011 0
2011 0
2011 0
2011 0.0833333333333333
2011 0
2011 0
2011 0
2011 3.94166666666667
2011 1.5
2011 1.7
2011 0
2011 2.7
2011 1.1
2011 3.2
2011 1.68
2011 0
2011 0
2011 0
2011 0
2011 0
2011 0
2011 0
2011 0
2011 0
2011 0
2011 0
2011 0
2011 0
2011 0
2011 0
2011 0
2011 0
2011 0
2011 0
2011 1.04
2011 0
2011 0
2011 0
2011 0
2011 0
2011 0
2011 0
2011 0
2011 0
2011 0
2011 0
2011 0
2011 0
2011 0
2011 0
2011 0
2011 0
2011 0
2011 0
2011 0
2011 0
2011 0
2011 0
2011 0
2011 0.17
2011 0
2011 0
2011 0
2011 0
2011 0
2011 0
2011 0
2011 0
2011 0
2011 0
2011 0
2011 0
2011 0
2011 0
2011 0
2011 0
2011 0
2011 0
2011 0
2011 0
2011 0
2011 0
2011 0
2011 0
2011 0
2011 0
2011 0
2011 0
2011 0
2011 0
2011 0
2011 0
2011 0
2011 0
2011 0
2011 0
2011 0
2011 0
2011 0
2011 0
2011 0
2011 0
2011 0
2011 0
2011 0
2011 0
2011 0
2011 0
2011 0
2011 0
2011 0
2011 0
2011 0
2011 0
2011 0
2011 0
2011 0
2011 0
2011 0
2011 0
2011 0
2011 0
2011 0
2011 0
2011 0
2011 0
2011 0
2011 0
2011 0
2011 0
2011 0
2011 0
2011 0
2011 0
2011 0
2011 0
2011 0
2011 0
2011 0
2011 0
2011 0
2011 0
2011 0
2011 0
2011 0
2011 0
2011 0
2011 0
2011 0
2011 0
2011 0
2011 0
2011 0
2011 0
2011 0
2011 0
2011 0
2011 0
2011 0
2011 0
2011 0
2011 0
2011 0
2011 0
2011 0
2011 0
2011 0
2011 0
2011 0
2011 0
2011 0
2011 0
2011 0
2011 0
2011 0
2011 0
2011 0
2011 0
2011 0
2011 0
2011 0
2011 0
2011 0
2011 0
2011 0
2011 0
2011 0
2011 0
2011 0
2011 0
2011 0
2011 0
2011 0
2011 0
2011 0
2011 0
2011 0
2011 0
2011 0
2011 0
2012 0
2012 0
2012 0
2012 0
2012 0
2012 0
2012 0
2012 0
2012 0
2012 0
2012 0
2012 0
2012 0
2012 0
2012 0
2012 0
2012 0
2012 0
2012 0.23
2012 0
2012 0
2012 0
2012 0
2012 0
2012 0
2012 0
2012 0
2012 0
2012 0
2012 0
2012 0
2012 0
2012 0
2012 0
2012 0
2012 0
2012 0
2012 19.125
2012 3.12
2012 0
2012 0
2012 0
2012 0
2012 0
2012 0
2012 0
2012 0
2012 0
2012 0
2012 0
2012 0
2012 0
2012 0
2012 0
2012 0
2012 0
2012 0
2012 0
2012 0
2012 0
2012 0
2012 0
2012 0
2012 0
2012 0
2012 0
2012 0
2012 0
2012 0
2012 0
2012 0
2012 0
2012 0
2012 0
2012 0
2012 0
2012 0
2012 0
2012 0
2012 0
2012 0
2012 0
2012 0
2012 0
2012 0
2012 0
2012 0
2012 0
2012 0
2012 0
2012 0
2012 0
2012 0
2012 0
2012 0
2012 0
2012 18.4
2012 18.5733333333333
2012 0.1
2012 0.0666666666666667
2012 0.0266666666666667
2012 0
2012 5.035
2012 0.4
2012 0.08
2012 3.7
2012 13.0833333333333
2012 11.6
2012 1.6
2012 0
2012 15.7
2012 6.7
2012 20.5
2012 0.215
2012 4.9
2012 0
2012 0
2012 0
2012 0.366666666666667
2012 5.5
2012 11.5
2012 27.8
2012 0.0933333333333333
2012 1.005
2012 0.2
2012 3.88666666666667
2012 30.1
2012 14.5
2012 16
2012 22.4
2012 1.8
2012 0.1
2012 0
2012 1.1
2012 1.3
2012 0
2012 0
2012 0
2012 0
2012 0
2012 11.5
2012 13.175
2012 14.915
2012 0.36
2012 4.785
2012 4.9
2012 0
2012 0
2012 0.8
2012 0.2
2012 0
2012 0.1
2012 0.7
2012 1.2
2012 1.2
2012 0.1
2012 0
2012 0
2012 0
2012 0
2012 0
2012 0.4
2012 0
2012 0
2012 0
2012 0.3
2012 1.4
2012 17.3
2012 0.7
2012 0
2012 0
2012 1.7
2012 0
2012 0
2012 0
2012 0
2012 0
2012 0
2012 2.61333333333333
2012 0
2012 0
2012 0
2012 0
2012 0
2012 0
2012 0
2012 2.58333333333333
2012 0
2012 0.7
2012 1.615
2012 0
2012 0
2012 0
2012 0
2012 0
2012 0
2012 0
2012 0
2012 0
2012 0
2012 0.66
2012 0
2012 0
2012 0
2012 0
2012 0
2012 0
2012 0
2012 0
2012 0
2012 0
2012 0
2012 0
2012 0
2012 0
2012 0
2012 0
2012 0
2012 0
2012 0
2012 1.7
2012 0
2012 0
2012 0
2012 0
2012 0
2012 0
2012 0
2012 0.0266666666666667
2012 0
2012 1.35
2012 0
2012 0
2012 0
2012 0
2012 0
2012 0
2012 0
2012 0
2012 0
2012 0
2012 0
2012 0
2012 0
2012 0
2012 0
2012 0
2012 0
2012 0
2012 0
2012 0
2012 0
2012 0
2012 0
2012 0
2012 0
2012 0
2012 0
2012 5.08
2012 0
2012 0
2012 0
2012 0
2012 0
2012 0
2012 0
2012 0
2012 0
2012 0
2012 0
2012 0
2012 0
2012 0
2012 0
2012 0
2012 0
2012 0
2012 0
2012 0
2012 0
2012 0
2012 0
2012 0
2012 0
2012 0
2012 0
2012 0
2012 0
2012 0
2012 0
2012 0
2012 0
2012 0
2012 0
2012 0
2012 0
2012 0
2012 0
2012 0
2012 0
2012 0
2012 0
2012 0
2012 0
2012 0
2012 0
2012 0
2012 0
2012 0
2012 0
2012 0
2012 0
2012 0
2012 0
2012 0
2012 0
2012 0
2012 0
2012 0
2012 0
2012 0
2012 0
2012 0
2012 0
2012 0
2012 0
2012 0
2012 0
2012 0
2012 0
2012 0
2012 0
2012 0
2012 0
2012 0
2012 0
2012 0
2012 0
2012 0
2012 0
2012 0
2012 0
2012 0
2012 0
2012 0
2012 0
2012 0
2012 0
2012 0
2012 0
2012 0
2012 0
2012 0
2012 0
2012 0
2012 0
2012 0
2012 0
2012 0
2012 0
2012 0
2012 0
2012 0
2012 0
2012 0
2012 0
2013 0
2013 0
2013 0
2013 0
2013 0
2013 0
2013 0
2013 0
2013 0
2013 0
2013 0
2013 0
2013 0
2013 0
2013 0
2013 0
2013 0
2013 0
2013 0
2013 0
2013 0
2013 0
2013 0
2013 0
2013 0
2013 0
2013 0
2013 0
2013 0
2013 0
2013 0
2013 0
2013 0
2013 0
2013 0
2013 0
2013 0
2013 0
2013 0
2013 0
2013 0
2013 0
2013 0
2013 0
2013 0
2013 0
2013 0
2013 0
2013 0
2013 0
2013 0
2013 0
2013 0
2013 0
2013 0
2013 0
2013 0.828333333333332
2013 1.9
2013 0
2013 0.2
2013 0
2013 0
2013 0
2013 0
2013 0
2013 0
2013 1.53
2013 0
2013 0
2013 0
2013 0
2013 0
2013 0
2013 0
2013 0
2013 0
2013 0
2013 0
2013 0
2013 0
2013 0
2013 0
2013 0.045
2013 0
2013 0
2013 0
2013 0
2013 0
2013 2.56833333333333
2013 2.5
2013 0
2013 0
2013 1.8
2013 12.7
2013 12
2013 4.7
2013 2.9
2013 1.3
2013 0.1
2013 10.3
2013 15.6
2013 0.7
2013 0
2013 0
2013 0
2013 2.94
2013 0.533333333333333
2013 6.5
2013 3.8
2013 0.1
2013 6.8
2013 1.58666666666667
2013 22.5
2013 0
2013 0
2013 0
2013 0.186666666666667
2013 17.3133333333333
2013 4
2013 0
2013 0
2013 0
2013 1.6
2013 0.2
2013 7.1
2013 0.563333333333333
2013 3.39
2013 0
2013 0
2013 0
2013 0
2013 6.6
2013 2.2
2013 0
2013 0
2013 0.4
2013 2.8
2013 2.4
2013 1.1
2013 0
2013 0
2013 0
2013 1.5
2013 0.1
2013 0
2013 0
2013 0
2013 0
2013 1.3
2013 0.8
2013 8.2
2013 0
2013 0.24
2013 0
2013 4.91666666666667
2013 4.9
2013 5.4
2013 1.98
2013 2
2013 2.4
2013 4.1
2013 0.5
2013 0
2013 0.2
2013 0.8
2013 0
2013 2.4
2013 1.1
2013 0
2013 0
2013 0
2013 0.7
2013 0.9
2013 0.8
2013 0
2013 1
2013 0.5
2013 0
2013 0
2013 0
2013 0
2013 0
2013 0
2013 0
2013 0
2013 0
2013 0
2013 0
2013 0
2013 0
2013 0
2013 0
2013 0
2013 0.571666666666667
2013 0.3
2013 0.2
2013 0
2013 0.0833333333333333
2013 5.07
2013 0.693333333333333
2013 2.79
2013 0.4
2013 0
2013 0
2013 0
2013 4.6
2013 4.7
2013 0
2013 1.785
2013 0.676666666666667
2013 1.495
2013 1
2013 0
2013 0
2013 0
2013 0
2013 0
2013 0
2013 0
2013 1.77333333333333
2013 0.015
2013 0
2013 0
2013 0
2013 0
2013 0
2013 0
2013 0
2013 0
2013 0
2013 0
2013 0
2013 0
2013 0
2013 0
2013 0
2013 0
2013 0
2013 0
2013 0
2013 0
2013 0
2013 0
2013 0
2013 0
2013 0
2013 0
2013 0
2013 0
2013 0
2013 0
2013 0
2013 0
2013 0
2013 0
2013 0
2013 0
2013 0
2013 0
2013 0
2013 0
2013 0
2013 0
2013 0
2013 0
2013 0.275
2013 0.69
2013 0
2013 0
2013 0
2013 0
2013 0
2013 0
2013 0
2013 0
2013 0
2013 0
2013 0
2013 0
2013 0
2013 0
2013 0
2013 0
2013 0
2013 0
2013 0
2013 0
2013 0
2013 0
2013 0
2013 0
2013 0
2013 0
2013 0
2013 0
2013 0
2013 0
2013 0
2013 0
2013 0
2013 0
2013 0
2013 0
2013 0
2013 0
2013 0
2013 0
2013 0
2013 0
2013 0
2013 0
2013 0
2013 0
2013 0
2013 0
2013 0
2013 0
2013 0
2013 0
2013 0
2013 0
2013 0
2013 0
2013 0
2013 0
2013 0
2013 0
2013 0
2013 0
2013 0
2013 0
2013 0
2013 0
2013 0
2013 0
2013 0
2013 0
2013 0
2013 0
2013 0
2013 0
2013 0
2013 0
2013 0
2013 0
2013 0
2013 0
2013 0
2013 0
2013 0
2013 0
2013 0
2013 0
2013 0
2013 0
2013 0
2013 0
2013 0
2013 0
2013 0
2013 0
2013 0
2013 0
2013 0
2013 0
2014 0
2014 0
2014 0
2014 0
2014 0
2014 0
2014 0
2014 0
2014 0
2014 0
2014 0
2014 0
2014 0
2014 0
2014 0
2014 0
2014 0
2014 0
2014 0
2014 0
2014 0
2014 0
2014 0
2014 0
2014 0
2014 0
2014 0
2014 0
2014 0
2014 0
2014 0
2014 0
2014 0
2014 0
2014 0
2014 0
2014 0
2014 0
2014 0
2014 0
2014 0.66
2014 0.16
2014 0
2014 0
2014 0
2014 0
2014 0
2014 0
2014 0
2014 0
2014 0
2014 0
2014 0
2014 0
2014 0
2014 0
2014 0
2014 0
2014 0
2014 0
2014 0
2014 0
2014 0
2014 0
2014 0
2014 0
2014 0
2014 0
2014 0
2014 0
2014 2.52
2014 0
2014 0
2014 0
2014 5.9
2014 0
2014 0
2014 0
2014 0
2014 0
2014 0.28
2014 1.7
2014 0.2
2014 3.9
2014 3.7
2014 0.3
2014 0.4
2014 0
2014 0
2014 2
2014 0.4
2014 0
2014 0
2014 0
2014 0
2014 2.1
2014 1.74
2014 0
2014 0
2014 0
2014 0
2014 0
2014 0
2014 0
2014 1.6
2014 0
2014 0
2014 0
2014 0
2014 0
2014 0.233333333333333
2014 0
2014 0
2014 0
2014 0
2014 0
2014 1.4
2014 0
2014 3.61
2014 1.12
2014 0
2014 0
2014 0
2014 0.9
2014 0
2014 1.84
2014 1.64666666666667
2014 0
2014 0
2014 0
2014 0.16
2014 0
2014 0
2014 0
2014 0.5
2014 6.5
2014 0
2014 1.00333333333333
2014 0.338333333333333
2014 0
2014 0
2014 0.0800000000000001
2014 0.103333333333333
2014 0
2014 1.9
2014 0.8
2014 5.2
2014 6.1
2014 2.6
2014 0.2
2014 0
2014 0
2014 0
2014 0.09
2014 2.8
2014 0
2014 0
2014 0.12
2014 0
2014 0
2014 4.6
2014 0.2
2014 2.2
2014 0.0783333333333333
2014 0.3
2014 3.75
2014 0
2014 0
2014 3.96666666666667
2014 0
2014 0.57
2014 3.85
2014 0.2
2014 5.8
2014 0.4
2014 0
2014 0
2014 0
2014 0
2014 0.373333333333333
2014 0
2014 1.36
2014 0
2014 0.42
2014 1.00833333333333
2014 1.58333333333333
2014 0
2014 0
2014 0
2014 0
2014 0
2014 0
2014 0
2014 0
2014 0
2014 0
2014 0
2014 0
2014 0
2014 0
2014 0
2014 0
2014 0
2014 7.93333333333333
2014 3.1
2014 0
2014 0
2014 0
2014 0
2014 0
2014 0
2014 0
2014 0
2014 0
2014 0
2014 0
2014 0
2014 0
2014 0
2014 0
2014 0
2014 0
2014 0
2014 0
2014 0
2014 0
2014 0.46
2014 0
2014 0
2014 0
2014 0
2014 0
2014 0
2014 0
2014 0
2014 0
2014 0
2014 0
2014 0
2014 0
2014 0
2014 0
2014 0
2014 0
2014 0
2014 0
2014 0
2014 0
2014 0
2014 0
2014 0
2014 0
2014 0
2014 0
2014 0
2014 0
2014 0
2014 0
2014 0
2014 0
2014 0
2014 0
2014 0
2014 0
2014 0
2014 0
2014 0
2014 0
2014 0
2014 0
2014 0
2014 0
2014 0
2014 0
2014 0
2014 0
2014 0
2014 0
2014 0
2014 0
2014 0
2014 0
2014 0
2014 0
2014 0
2014 0
2014 0
2014 0
2014 0
2014 0
2014 0
2014 0
2014 0
2014 0
2014 0
2014 0
2014 0
2014 0
2014 0
2014 0
2014 0
2014 0
2014 0
2014 0
2014 0
2014 0
2014 0
2014 0
2014 0
2014 0
2014 0
2014 0
2014 0
2014 0
2014 0
2014 0
2014 0
2014 0
2014 0
2014 0
2014 0
2014 0
2014 0
2014 0
2014 0
2014 0
2014 0
2014 0
2014 0
2014 0
2014 0
2014 0
2014 0
2014 0
2014 0
2014 0
2014 0
2014 0
2014 0
2014 0
2014 0
2014 0
2014 0
2014 0
2014 0
2014 0
2014 0
2014 0
2014 0
2014 0
2014 0
2014 0
2014 0
2014 0
2014 0
2014 0
2014 0
2014 0
2014 0
2014 0
2014 0
2014 0
2014 0
2014 0
2014 0
2015 0
2015 0
2015 0
2015 0
2015 0
2015 0
2015 0
2015 0
2015 0
2015 0
2015 0
2015 0
2015 0
2015 0
2015 0
2015 0
2015 0
2015 0
2015 0
2015 0
2015 0
2015 0
2015 0
2015 0
2015 0
2015 0
2015 0
2015 0
2015 0
2015 0
2015 0
2015 0
2015 0
2015 0
2015 0
2015 0
2015 0
2015 0
2015 0
2015 0
2015 0
2015 0
2015 0
2015 0
2015 0
2015 0
2015 0
2015 0
2015 0
2015 0
2015 0
2015 0
2015 2.16
2015 0
2015 0.135
2015 0
2015 0
2015 0
2015 0
2015 0
2015 0
2015 0
2015 0
2015 0
2015 0
2015 0
2015 0.84
2015 0
2015 0
2015 0
2015 0
2015 0
2015 0
2015 0
2015 0
2015 0
2015 0
2015 0.176666666666667
2015 0.55
2015 0.12
2015 0
2015 0
2015 0
2015 0
2015 0
2015 0
2015 0
2015 0
2015 0
2015 0
2015 0
2015 0
2015 0.733333333333333
2015 0
2015 0
2015 0
2015 0.3
2015 0.29
2015 1.76666666666667
2015 0.1
2015 0.4
2015 0.0566666666666667
2015 0
2015 0
2015 0
2015 0
2015 0.653333333333333
2015 2.60666666666667
2015 0.759999999999999
2015 0
2015 0
2015 0
2015 0
2015 0
2015 0
2015 1.80833333333333
2015 8.2
2015 5
2015 1.6
2015 4.9
2015 7.7
2015 0.2
2015 0
2015 1.65
2015 9.44666666666667
2015 0.3
2015 0
2015 0
2015 0
2015 0.3
2015 0
2015 0
2015 0
2015 0
2015 0
2015 0.2
2015 0
2015 0
2015 2.2
2015 0
2015 0
2015 0
2015 0
2015 0
2015 0
2015 1.2
2015 1
2015 5
2015 8.9
2015 4.2
2015 3.6
2015 2.5
2015 0.2
2015 5.6
2015 3.1
2015 0
2015 0
2015 0.2
2015 0.1
2015 0
2015 2.4
2015 0
2015 0
2015 0
2015 0
2015 0
2015 0
2015 0
2015 0
2015 0
2015 0
2015 0
2015 0
2015 0.933333333333334
2015 0.2
2015 2.7
2015 1.5
2015 0.3
2015 0
2015 4.5
2015 0
2015 7.3
2015 4.18
2015 1.83333333333333
2015 2.5
2015 2.8
2015 0
2015 0
2015 0
2015 0
2015 0
2015 0
2015 0
2015 0
2015 0
2015 0
2015 0
2015 0
2015 0
2015 0
2015 0
2015 0
2015 0
2015 0
2015 0
2015 0
2015 0
2015 0.373333333333333
2015 0
2015 0
2015 0
2015 0
2015 7.20666666666667
2015 14.4
2015 1.6
2015 2.255
2015 0.6
2015 3.9
2015 0
2015 0
2015 0
2015 0
2015 0
2015 0
2015 0
2015 0
2015 0
2015 0
2015 0
2015 0
2015 0
2015 0
2015 0
2015 0
2015 0
2015 0
2015 0
2015 0
2015 0
2015 0
2015 0
2015 0
2015 0
2015 0
2015 0
2015 0
2015 0
2015 0
2015 0
2015 0
2015 0
2015 0
2015 0
2015 0
2015 0
2015 0
2015 0
2015 0
2015 0
2015 0
2015 0
2015 0
2015 0.210000000000001
2015 0
2015 0
2015 0
2015 0
2015 0
2015 0
2015 0
2015 0
2015 0
2015 0
2015 0
2015 0
2015 0
2015 0
2015 0
2015 0
2015 0
2015 0
2015 0
2015 0
2015 0
2015 0
2015 0
2015 0
2015 0
2015 0
2015 0
2015 0
2015 0
2015 0
2015 0
2015 0
2015 0
2015 0
2015 0
2015 0
2015 0
2015 0
2015 0
2015 0
2015 0
2015 0
2015 0
2015 0
2015 0
2015 0
2015 0
2015 0
2015 0
2015 0
2015 0
2015 0
2015 0
2015 0
2015 0
2015 0
2015 0
2015 0
2015 0
2015 0
2015 0
2015 0
2015 0
2015 0
2015 0
2015 0
2015 0
2015 0
2015 0
2015 0
2015 0
2015 0
2015 0
2015 0
2015 0
2015 0
2015 0
2015 0
2015 0
2015 0
2015 0
2015 0
2015 0
2015 0
2015 0
2015 0
2015 0
2015 0
2015 0
2015 0
2015 0
2015 0
2015 0
2015 0
2015 0
2015 0
2015 0
2015 0
2015 0
2015 0
2015 0
2015 0
2016 0
2016 0
2016 0
2016 0
2016 0
2016 0
2016 0
2016 0
2016 0
2016 0
2016 0
2016 0
2016 0
2016 0
2016 0
2016 0
2016 0
2016 0
2016 0
2016 0
2016 0
2016 0
2016 0
2016 0
2016 0
2016 0
2016 0
2016 0
2016 0
2016 0
2016 0
2016 0
2016 0
2016 0
2016 0
2016 0
2016 0
2016 0
2016 0
2016 0
2016 0
2016 0
2016 0
2016 0
2016 1.34166666666667
2016 0
2016 0
2016 0
2016 0.33
2016 0
2016 0
2016 0
2016 0
2016 0
2016 0
2016 0
2016 0
2016 0
2016 0
2016 0
2016 0
2016 0
2016 0
2016 0
2016 0
2016 0
2016 0
2016 0
2016 0
2016 0
2016 0
2016 0
2016 0
2016 0
2016 0
2016 0
2016 0
2016 0
2016 0
2016 0
2016 0
2016 0
2016 1.6
2016 0
2016 0
2016 3.6
2016 1.8
2016 0
2016 1.1
2016 2.5
2016 0
2016 0
2016 0
2016 0
2016 0
2016 0
2016 0
2016 0
2016 0
2016 1.92
2016 0
2016 0
2016 0
2016 0
2016 0
2016 0
2016 3.09833333333333
2016 0
2016 0
2016 0
2016 0
2016 0
2016 0
2016 0
2016 0
2016 0
2016 0
2016 0
2016 0
2016 0
2016 0
2016 1.87833333333333
2016 0
2016 6.86
2016 1.3
2016 4.9
2016 1.3
2016 0.8
2016 4.8
2016 5.12
2016 2.695
2016 0.143333333333333
2016 4.95
2016 7.56
2016 4.7
2016 2.4
2016 3.4
2016 7.7
2016 5.6
2016 0
2016 2.7
2016 0.5
2016 0
2016 0.9
2016 2.1
2016 0
2016 0
2016 0
2016 0
2016 0
2016 0
2016 1.8
2016 0
2016 0
2016 0
2016 4.92
2016 10.4
2016 0.666666666666667
2016 0
2016 0
2016 0.128333333333333
2016 0
2016 2.59
2016 0
2016 2.7
2016 0.72
2016 2.50833333333333
2016 1.4
2016 0
2016 0
2016 0
2016 1
2016 21.5
2016 0
2016 0
2016 0
2016 0.3
2016 0.861666666666667
2016 0
2016 0
2016 0
2016 3.09333333333333
2016 1.3
2016 1.61
2016 2.8
2016 0
2016 3.91
2016 0.3
2016 0
2016 0
2016 0
2016 0
2016 0
2016 0
2016 0
2016 0
2016 1.9
2016 0
2016 0
2016 0
2016 0
2016 0
2016 0
2016 0
2016 0.233333333333333
2016 0
2016 3.105
2016 0
2016 0
2016 0
2016 0
2016 0
2016 0
2016 0
2016 0
2016 0
2016 0
2016 0
2016 0
2016 0
2016 0.13
2016 0
2016 0
2016 0
2016 0
2016 0
2016 0
2016 0
2016 0
2016 0
2016 0
2016 0
2016 0
2016 0
2016 0
2016 0
2016 1.35
2016 0.9
2016 1.125
2016 0.2
2016 0
2016 0
2016 0
2016 0
2016 0
2016 0
2016 0
2016 0
2016 0
2016 0
2016 0
2016 0
2016 0
2016 0
2016 0
2016 0
2016 0
2016 0
2016 0
2016 0
2016 0
2016 0
2016 0
2016 0
2016 0
2016 0
2016 0
2016 0
2016 0
2016 0
2016 0
2016 0
2016 0
2016 0
2016 0
2016 0
2016 0
2016 0
2016 0
2016 0
2016 0
2016 0
2016 0
2016 0
2016 0
2016 0
2016 0
2016 0
2016 0
2016 0
2016 0
2016 0
2016 0
2016 0
2016 0
2016 0
2016 0
2016 0
2016 0
2016 0
2016 0
2016 0
2016 0
2016 0
2016 0
2016 0
2016 0
2016 0
2016 0
2016 0
2016 0
2016 0
2016 0
2016 0
2016 0
2016 0
2016 0
2016 0
2016 0
2016 0
2016 0
2016 0
2016 0
2016 0
2016 0
2016 0
2016 0
2016 0
2016 0
2016 0
2016 0
2016 0
2016 0
2016 0
2016 0
2016 0
2016 0
2016 0
2016 0
2016 0
2016 0
2016 0
2016 0
2016 0
2016 0
2016 0
2016 0
2016 0
2016 0
2016 0
2016 0
2016 0
2016 0
2016 0
2016 0
2016 0
2016 0
2016 0
2016 0
2016 0
2016 0
2016 0
2016 0
2016 0
2016 0
2016 0
2017 0
2017 0
2017 0
2017 0
2017 0
2017 0
2017 0
2017 0
2017 0
2017 0
2017 0
2017 0
2017 0
2017 0
2017 0
2017 0
2017 0
2017 0
2017 0
2017 0
2017 0
2017 0
2017 0
2017 0
2017 0
2017 0
2017 0
2017 0
2017 0
2017 0
2017 0
2017 0
2017 0
2017 0
2017 0
2017 0
2017 0
2017 0
2017 0
2017 0.293333333333333
2017 0
2017 0
2017 0
2017 0
2017 0
2017 0
2017 0
2017 0
2017 0
2017 0
2017 0.12
2017 0
2017 0
2017 0
2017 0
2017 0
2017 0
2017 0
2017 0
2017 0
2017 0
2017 0
2017 0
2017 0
2017 0
2017 0
2017 2.07166666666667
2017 0.9
2017 0.3
2017 3.7
2017 10.8333333333333
2017 6.365
2017 0
2017 0
2017 0
2017 0.3
2017 0
2017 0
2017 0
2017 0.9
2017 0
2017 0
2017 0
2017 0
2017 0
2017 0
2017 0
2017 0
2017 0
2017 0
2017 0
2017 0
2017 0
2017 0
2017 0
2017 0
2017 0
2017 0
2017 0
2017 0
2017 0
2017 0.045
2017 0
2017 0
2017 0
2017 0
2017 0
2017 0
2017 0.5
2017 0
2017 0
2017 0
2017 0
2017 0
2017 0.32
2017 0
2017 0
2017 0
2017 0
2017 0
2017 0
2017 0
2017 0
2017 1.5
2017 0.2
2017 14
2017 5.6
2017 0
2017 5
2017 1.3
2017 0
2017 0.6
2017 4.2
2017 4.8
2017 9.2
2017 8.5
2017 1.6
2017 0.8
2017 0.1
2017 0
2017 0
2017 0
2017 0
2017 0
2017 0
2017 0
2017 0
2017 0
2017 0
2017 0
2017 0
2017 5.6
2017 5.32
2017 0.32
2017 0
2017 0
2017 0.495
2017 6.2
2017 0.6
2017 0.5
2017 0.2
2017 0
2017 0
2017 0
2017 0
2017 0
2017 0
2017 0
2017 0
2017 5.01333333333333
2017 0
2017 0
2017 0.27
2017 0
2017 0
2017 0
2017 0
2017 0
2017 0
2017 0
2017 0.921666666666667
2017 4.81833333333333
2017 0.72
2017 0
2017 0
2017 0.691666666666667
2017 4.86
2017 7.3
2017 20.2
2017 8.36
2017 0
2017 0
2017 0
2017 0
2017 0
2017 0
2017 0
2017 0
2017 0
2017 0
2017 0
2017 0
2017 0
2017 0
2017 0
2017 0
2017 0
2017 0
2017 0
2017 0
2017 0
2017 0
2017 0
2017 0
2017 0
2017 0
2017 0
2017 0
2017 0
2017 0
2017 0
2017 0
2017 0
2017 0
2017 0
2017 0
2017 0
2017 0
2017 1.63333333333333
2017 10.4
2017 0.9
2017 0
2017 0
2017 0
2017 0
2017 0
2017 0
2017 0
2017 1.77333333333333
2017 4.2
2017 0
2017 0
2017 0
2017 0
2017 0
2017 0
2017 0
2017 0
2017 0
2017 0
2017 0
2017 0
2017 0
2017 0
2017 0
2017 0
2017 0
2017 0
2017 0
2017 0
2017 0
2017 0
2017 0
2017 0
2017 0
2017 0
2017 0
2017 0
2017 0
2017 0
2017 0
2017 0
2017 0
2017 0
2017 0
2017 0
2017 0
2017 0
2017 0
2017 0
2017 0
2017 0
2017 0
2017 0
2017 0
2017 0
2017 0
2017 0
2017 0
2017 0
2017 0
2017 0
2017 0
2017 0
2017 0
2017 0
2017 0
2017 0
2017 0
2017 0
2017 0
2017 0
2017 0
2017 0
2017 0
2017 0
2017 0
2017 0
2017 0
2017 0
2017 0
2017 0
2017 0
2017 0
2017 0
2017 0
2017 0
2017 0
2017 0
2017 0
2017 0
2017 0
2017 0
2017 0
2017 0
2017 0
2017 0
2017 0
2017 0
2017 0
2017 0
2017 0
2017 0
2017 0
2017 0
2017 0
2017 0
2017 0
2017 0
2017 0
2017 0
2017 0
2017 0
2017 0
2017 0
2017 0
2017 0
2017 0
2017 0
2017 0
2017 0
2017 0
2017 0
2017 0
2017 0
2017 0
2017 0
2017 0
2017 0
2017 0
2017 0
2017 0
2017 0
2017 0
2017 0
2018 0
2018 0
2018 0
2018 0
2018 0
2018 0
2018 0
2018 0
2018 0
2018 0
2018 0
2018 0
2018 0
2018 0
2018 0
2018 0
2018 0
2018 0
2018 0
2018 0
2018 0
2018 0
2018 0
2018 0
2018 0
2018 0
2018 0
2018 0
2018 0
2018 0
2018 0
2018 0
2018 0
2018 0
2018 0
2018 0
2018 0
2018 0
2018 0
2018 0
2018 0
2018 0
2018 0
2018 0
2018 0
2018 0
2018 0
2018 0
2018 0
2018 0
2018 0
2018 0
2018 0.766666666666667
2018 0
2018 0
2018 0
2018 0
2018 0
2018 0
2018 0
2018 0
2018 0
2018 0
2018 0
2018 0
2018 0
2018 0.408333333333333
2018 3.7
2018 0.113333333333333
2018 0
2018 2.24
2018 0
2018 0
2018 3.6
2018 0
2018 0
2018 0
2018 0
2018 2.4
2018 3.7
2018 2.5
2018 0.0233333333333334
2018 0
2018 0
2018 0
2018 0
2018 1.2
2018 0.3
2018 0.2
2018 5.1
2018 0.4
2018 0
2018 0
2018 1.7
2018 3.8
2018 0
2018 0
2018 0
2018 8.3
2018 0.4
2018 3.4
2018 0
2018 1.04166666666667
2018 0.4
2018 16
2018 0
2018 8.1
2018 1.9
2018 1.2
2018 0.7
2018 0
2018 4.1
2018 2.795
2018 0
2018 0
2018 0
2018 0
2018 6.18666666666667
2018 3.8
2018 4.6
2018 14.4
2018 0.32
2018 5.3
2018 9.7
2018 11.58
2018 21.4083333333333
2018 0
2018 0
2018 0
2018 0
2018 0
2018 0
2018 1
2018 0
2018 0
2018 0
2018 1.4
2018 16.1
2018 13
2018 9
2018 4.37166666666667
2018 23.5
2018 24
2018 25.1
2018 0.0916666666666667
2018 0
2018 0
2018 0
2018 0
2018 0
2018 0
2018 0
2018 0
2018 4.91666666666667
2018 0
2018 0.1
2018 0
2018 0
2018 0
2018 0.6
2018 0
2018 0
2018 0.1
2018 4
2018 1.8
2018 0
2018 0
2018 18.4
2018 0.728333333333333
2018 0.66
2018 0
2018 0
2018 0.6
2018 0.2
2018 0
2018 0
2018 0
2018 0
2018 0
2018 0
2018 0.2
2018 0.4
2018 1.2
2018 0.81
2018 0.065
2018 0
2018 0.476666666666667
2018 3.73333333333333
2018 0
2018 0
2018 0
2018 0
2018 0
2018 0.056666666666667
2018 0
2018 0.21
2018 0
2018 0
2018 1.045
2018 2.4
2018 0.3
2018 0.1
2018 1.1
2018 0
2018 0
2018 0
2018 0.72
2018 1.575
2018 0
2018 0
2018 0
2018 0
2018 2.16666666666667
2018 0
2018 0
2018 0
2018 0
2018 0
2018 0
2018 0
2018 0
2018 0
2018 0
2018 0
2018 0
2018 0
2018 0
2018 0
2018 0
2018 0
2018 0
2018 0
2018 0
2018 0
2018 0
2018 0
2018 0
2018 0
2018 0
2018 0
2018 0
2018 0
2018 0
2018 0
2018 0
2018 0
2018 0
2018 0
2018 0
2018 0
2018 0
2018 0
2018 0
2018 0
2018 0
2018 0
2018 0
2018 0
2018 0
2018 0
2018 0
2018 0
2018 0
2018 0
2018 0
2018 0
2018 0
2018 0
2018 0
2018 0
2018 0
2018 0
2018 0
2018 0
2018 0
2018 0
2018 0
2018 0
2018 0
2018 0
2018 0
2018 0
2018 0
2018 0
2018 0
2018 0
2018 0
2018 0
2018 0
2018 0
2018 0
2018 0
2018 0
2018 0
2018 0
2018 0
2018 0
2018 0
2018 0
2018 0
2018 0
2018 0
2018 0
2018 0
2018 0
2018 0
2018 0
2018 0
2018 0
2018 0
2018 0
2018 0
2018 0
2018 0
2018 0
2018 0
2018 0
2018 0
2018 0
2018 0
2018 0
2018 0
2018 0
2018 0
2018 0
2018 0
2018 0
2018 0
2018 0
2018 0
2018 0
2018 0
2018 0
2018 0
2018 0
2018 0
2018 0
2018 0
2018 0
2018 0
2018 0
2018 0
2018 0
2018 0
2018 0
2018 0
2018 0
2018 0
2018 0
2018 0
2018 0
2018 0
2018 0
2018 0
2018 0
2018 0
2018 0
2018 0
2018 0
2018 0
2018 0
2018 0
2018 0
2018 0
2018 0
2019 0
2019 0
2019 0
2019 0
2019 0
2019 0
2019 0
2019 0
2019 0
2019 0
2019 0
2019 0
2019 0
2019 0
2019 0
2019 0
2019 0
2019 0
2019 0
2019 0
2019 0
2019 0
2019 0
2019 0
2019 0
2019 0
2019 0
2019 0
2019 0
2019 0
2019 0
2019 0
2019 0
2019 0
2019 0
2019 0
2019 0
2019 0
2019 0
2019 0
2019 0
2019 0
2019 0
2019 0
2019 0
2019 0
2019 0
2019 0
2019 0
2019 0
2019 0
2019 0
2019 0
2019 0
2019 0
2019 0
2019 0
2019 0.175
2019 0
2019 0
2019 0
2019 0
2019 0
2019 0
2019 0
2019 0
2019 0
2019 0
2019 0
2019 0
2019 0
2019 0
2019 0
2019 0
2019 0
2019 0
2019 0
2019 0
2019 0.4
2019 0.3
2019 0
2019 0
2019 0
2019 0
2019 0
2019 0
2019 2.1
2019 1.8
2019 0
2019 0
2019 0.14
2019 0
2019 7.82166666666667
2019 0
2019 0
2019 0
2019 0
2019 0
2019 0.093333333333333
2019 8.17
2019 22.8
2019 1
2019 0
2019 0
2019 0
2019 3
2019 3.6
2019 0.9
2019 0
2019 1.6
2019 0
2019 12.78
2019 0
2019 0
2019 4.03333333333333
2019 0
2019 0
2019 0
2019 0
2019 3.4
2019 5.44
2019 3.76
2019 2.8
2019 10
2019 1
2019 0.5
2019 18.5
2019 4.2
2019 1.5
2019 17.8
2019 12
2019 2
2019 3.1
2019 12
2019 32.9
2019 16
2019 0
2019 0
2019 2.3
2019 0
2019 0
2019 0
2019 0
2019 0
2019 0
2019 0
2019 2.1
2019 1.5
2019 3.6
2019 3.1
2019 0.2
2019 0
2019 0
2019 6.7
2019 4.9
2019 5.3
2019 0
2019 0
2019 0
2019 1.9
2019 0
2019 0
2019 3.325
2019 8.98333333333333
2019 0
2019 0
2019 0
2019 0
2019 0
2019 0
2019 0
2019 0
2019 0
2019 0
2019 0.00666666666666664
2019 0
2019 0
2019 0
2019 0
2019 0
2019 0
2019 0
2019 0
2019 0
2019 0
2019 0
2019 0
2019 0
2019 0.05
2019 0
2019 0
2019 9.12666666666667
2019 1.2
2019 6.5
2019 20
2019 11.9866666666667
2019 0
2019 0
2019 0.421666666666667
2019 0
2019 0
2019 0
2019 0
2019 0
2019 0
2019 0.486666666666667
2019 0
2019 0
2019 0
2019 0
2019 0
2019 0
2019 0
2019 0
2019 0
2019 0
2019 0
2019 0
2019 0
2019 0
2019 0
2019 0
2019 0
2019 0
2019 0
2019 1.14833333333333
2019 0
2019 0
2019 0
2019 0
2019 0
2019 0
2019 0
2019 0
2019 0
2019 0
2019 0
2019 0
2019 0
2019 0.801666666666667
2019 0.54
2019 0
2019 0
2019 0
2019 0
2019 0
2019 3.4
2019 0.0666666666666667
2019 0
2019 0
2019 0
2019 0
2019 0
2019 0
2019 0
2019 0.2
2019 0
2019 0
2019 0
2019 0
2019 0
2019 0
2019 0
2019 0
2019 0
2019 0
2019 0
2019 0
2019 0
2019 0
2019 0
2019 0
2019 0
2019 0
2019 0
2019 0
2019 0
2019 0
2019 0
2019 0
2019 0
2019 0
2019 0
2019 0
2019 0
2019 0
2019 0
2019 0
2019 0
2019 0
2019 0
2019 0
2019 0
2019 0
2019 0
2019 0
2019 0
2019 0
2019 0
2019 0
2019 0
2019 0
2019 0
2019 0
2019 0
2019 0
2019 0
2019 0
2019 0
2019 0
2019 0
2019 0
2019 0
2019 0
2019 0
2019 0
2019 0
2019 0
2019 0
2019 0
2019 0
2019 0
2019 0
2019 0
2019 0
2019 0
2019 0
2019 0
2019 0
2019 0
2019 0
2019 0
2019 0
2019 0
2019 0
2019 0
2019 0
2019 0
2019 0
2019 0
2019 0
2019 0
2019 0
2019 0
2019 0
2019 0
2019 0
2019 0
2019 0
2019 0
2019 0
2019 0
2019 0
2019 0
2019 0
2019 0
2019 0
2019 0
2019 0
2019 0
2019 0
2019 0
2019 0
2019 0
2019 0
2020 0
2020 0
2020 0
2020 0
2020 0
2020 0
2020 0
2020 0
2020 0
2020 0
2020 0
2020 0
2020 0
2020 0
2020 0
2020 0
2020 0
2020 0
2020 0
2020 0
2020 0
2020 0
2020 0
2020 0
2020 0
2020 0
2020 0
2020 0
2020 0
2020 0
2020 0
2020 0
2020 0
2020 0
2020 0
2020 0
2020 0
2020 0
2020 0
2020 0
2020 0
2020 0
2020 0
2020 0
2020 0
2020 0
2020 0
2020 0
2020 0
2020 0
2020 0
2020 0
2020 0
2020 0
2020 0
2020 0
2020 0
2020 0
2020 0
2020 0
2020 0
2020 0
2020 0
2020 0
2020 0
2020 0
2020 0.225
2020 0.21
2020 0.51
2020 0
2020 0
2020 4.4
2020 6.90666666666667
2020 0.3
2020 0
2020 0
2020 4.91333333333333
2020 3.5
2020 0
2020 0
2020 0
2020 0
2020 0
2020 0
2020 0
2020 0
2020 0
2020 0
2020 0
2020 5.13333333333333
2020 0
2020 2.1
2020 0.433333333333333
2020 0
2020 0
2020 0
2020 0.5
2020 0
2020 1.25333333333333
2020 2.74
2020 0.3
2020 4.1
2020 1.6
2020 4.5
2020 1.4
2020 0
2020 0
2020 0
2020 0
2020 0
2020 0
2020 0
2020 11.9866666666667
2020 15.4666666666667
2020 18.7
2020 6.71333333333333
2020 4.1
2020 2.9
2020 0
2020 0
2020 0
2020 0
2020 0
2020 0
2020 1.86666666666667
2020 1.16166666666667
2020 0
2020 0
2020 0.2
2020 0
2020 0
2020 0
2020 0
2020 0
2020 0
2020 0
2020 0
2020 0
2020 3.6
2020 1.2
2020 0.6
2020 0
2020 0
2020 0
2020 0
2020 0
2020 0
2020 0.065
2020 0.28
2020 6.075
2020 7.4
2020 6.7
2020 0
2020 0
2020 0
2020 0
2020 3.835
2020 2.1
2020 0
2020 0
2020 0
2020 0
2020 0
2020 2.17
2020 1.6
2020 9.9
2020 0.96
2020 0
2020 0
2020 0
2020 0
2020 4.7
2020 0.525
2020 0
2020 0
2020 0
2020 0
2020 0
2020 7.2
2020 10.4
2020 0.5
2020 0.35
2020 0
2020 2.34666666666667
2020 0.98
2020 0.3
2020 4.7
2020 2.94666666666667
2020 0.8
2020 0.3
2020 1.54
2020 20
2020 0
2020 0
2020 0
2020 0.68
2020 0
2020 0
2020 0
2020 0
2020 0
2020 0
2020 0
2020 0
2020 0
2020 0
2020 0
2020 0
2020 0
2020 0
2020 0
2020 0.7
2020 0
2020 0
2020 0
2020 0
2020 0
2020 0
2020 0
2020 0
2020 0
2020 0
2020 0
2020 0
2020 0
2020 0
2020 0
2020 0
2020 0
2020 0
2020 0
2020 0
2020 0
2020 0
2020 0
2020 0
2020 0
2020 0
2020 0
2020 0
2020 0
2020 0
2020 0
2020 0
2020 0
2020 0
2020 0
2020 0
2020 0
2020 0
2020 0
2020 0
2020 0
2020 0
2020 0
2020 0
2020 0
2020 0
2020 0
2020 0
2020 0
2020 0
2020 0
2020 0
2020 0
2020 0
2020 0
2020 0
2020 0
2020 0
2020 0
2020 0
2020 0
2020 0
2020 0
2020 0
2020 0
2020 0
2020 0
2020 0
2020 0
2020 0
2020 0
2020 0
2020 0
2020 0
2020 0
2020 0
2020 0
2020 0
2020 0
2020 0
2020 0
2020 0
2020 0
2020 0
2020 0
2020 0
2020 0
2020 0
2020 0
2020 0
2020 0
2020 0
2020 0
2020 0
2020 0
2020 0
2020 0
2020 0
2020 0
2020 0
2020 0
2020 0
2020 0
2020 0
2020 0
2020 0
2020 0
2020 0
2020 0
2020 0
2020 0
2020 0
2020 0
2020 0
2020 0
2020 0
2020 0
2020 0
2020 0
2020 0
2020 0
2020 0
2020 0
2020 0
2020 0
2020 0
2020 0
2020 0
2020 0
2020 0
2020 0
2020 0
2020 0
2020 0
2020 0
2020 0
2020 0
2020 0
2020 0
2020 0
2020 0
2020 0
2020 0
2020 0
2020 0
2020 0
2020 0
2020 0
2020 0
2020 0
2020 0
2020 0
2020 0
2020 0
