2018 0
2018 0
2018 0
2018 0
2018 0
2018 0
2018 0
2018 0
2018 0
2018 0
2018 0
2018 0
2018 0
2018 0
2018 0
2018 0
2018 0
2018 0
2018 0
2018 0
2018 0
2018 0
2018 0
2018 0
2018 0
2018 0
2018 0
2018 0
2018 0
2018 0
2018 0
2018 0
2018 0
2018 0
2018 0
2018 0
2018 0
2018 0
2018 0
2018 0
2018 0
2018 0
2018 0
2018 0
2018 0
2018 0
2018 0
2018 0
2018 0
2018 0
2018 0
2018 0
2018 0
2018 0
2018 0
2018 0
2018 0
2018 0
2018 0
2018 0
2018 0
2018 0
2018 0
2018 0
2018 0
2018 0
2018 2.97666666666667
2018 3.825
2018 0
2018 0
2018 0.5
2018 0.493333333333334
2018 0.110000000000001
2018 1.6
2018 0
2018 0
2018 0
2018 0
2018 0
2018 2.8
2018 2.4
2018 0.16
2018 0
2018 0
2018 0
2018 3.28666666666667
2018 0.5
2018 0
2018 0.1
2018 4.6
2018 0.3
2018 0
2018 0
2018 0
2018 6.4
2018 0.1
2018 0
2018 0
2018 4.4
2018 0
2018 2.6
2018 11.85
2018 0
2018 0
2018 0.3
2018 7.7
2018 0.3
2018 0.9
2018 0
2018 0.7
2018 0
2018 1.3
2018 0.17
2018 0
2018 0
2018 0
2018 0.2
2018 9.45
2018 1.5
2018 0
2018 4.7
2018 0
2018 4.6
2018 2.3
2018 12.7
2018 17.4
2018 0
2018 0
2018 0
2018 0
2018 14.1
2018 0
2018 0
2018 0
2018 0
2018 0
2018 0
2018 7.5
2018 11.5
2018 2.7
2018 2.1
2018 10.1
2018 7.2
2018 7.7
2018 0.58
2018 0
2018 0
2018 0
2018 0
2018 0
2018 0
2018 0
2018 0
2018 10.1
2018 2.6
2018 0.9
2018 0
2018 0
2018 0
2018 0.6
2018 0
2018 0
2018 0
2018 3.8
2018 1.1
2018 0
2018 0
2018 1.1
2018 0.433333333333333
2018 0.7
2018 0.2
2018 0.3
2018 0.1
2018 0.1
2018 1.9
2018 0.2
2018 0.1
2018 0
2018 0
2018 0
2018 0
2018 0
2018 0.2
2018 0
2018 0
2018 2.065
2018 4.1
2018 2.6
2018 0
2018 0
2018 0.025
2018 0
2018 0.108333333333333
2018 0.0466666666666667
2018 0
2018 1.25666666666667
2018 0
2018 2.27166666666667
2018 1.33333333333333
2018 0.6
2018 0.2
2018 0
2018 0.1
2018 0
2018 0
2018 0
2018 0.23
2018 1.305
2018 0.12
2018 0.14
2018 1.31
2018 5.17
2018 0.433333333333333
2018 0
2018 0
2018 0
2018 0
2018 0
2018 0
2018 0
2018 0
2018 0
2018 0
2018 0
2018 0
2018 0
2018 0
2018 0
2018 0
2018 0
2018 0
2018 0
2018 0
2018 0
2018 0
2018 0
2018 0
2018 0
2018 0
2018 0
2018 0
2018 0
2018 0
2018 0
2018 0
2018 0
2018 0
2018 0
2018 0
2018 0
2018 0
2018 0
2018 0
2018 0
2018 0
2018 0
2018 0
2018 0
2018 0
2018 0
2018 0
2018 0
2018 0
2018 0
2018 0
2018 0
2018 0
2018 0
2018 0
2018 0
2018 0
2018 0
2018 0
2018 0
2018 0
2018 0
2018 0
2018 0
2018 0
2018 0
2018 0
2018 0
2018 0
2018 0
2018 0
2018 0
2018 0
2018 0
2018 0
2018 0
2018 0
2018 0
2018 0
2018 0
2018 0
2018 0
2018 0
2018 0
2018 0
2018 0
2018 0
2018 0
2018 0
2018 0
2018 0
2018 0
2018 0
2018 0
2018 0
2018 0
2018 0
2018 0
2018 0
2018 0
2018 0
2018 0
2018 0
2018 0
2018 0
2018 0
2018 0
2018 0
2018 0
2018 0
2018 0
2018 0
2018 0
2018 0
2018 0
2018 0
2018 0
2018 0
2018 0
2018 0
2018 0
2018 0
2018 0
2018 0
2018 0
2018 0
2018 0
2018 0
2018 0
2018 0
2018 0
2018 0
2018 0
2018 0
2018 0
2018 0
2018 0
2018 0
2018 0
2018 0
2018 0
2018 0
2018 0
2018 0
2018 0
2018 0
2018 0
2018 0
2018 0
2018 0
2018 0
2019 0
2019 0
2019 0
2019 0
2019 0
2019 0
2019 0
2019 0
2019 0
2019 0
2019 0
2019 0
2019 0
2019 0
2019 0
2019 0
2019 0
2019 0
2019 0
2019 0
2019 0
2019 0
2019 0
2019 0
2019 0
2019 0
2019 0
2019 0
2019 0
2019 0
2019 0
2019 0
2019 0
2019 0
2019 0
2019 0
2019 0
2019 0
2019 0
2019 0
2019 0
2019 0
2019 0
2019 0
2019 0
2019 0
2019 0
2019 0
2019 0
2019 0
2019 0
2019 0
2019 0
2019 0
2019 0
2019 0
2019 0
2019 0
2019 0
2019 0
2019 0
2019 0
2019 0
2019 0
2019 0
2019 0
2019 0
2019 0
2019 0
2019 0
2019 0
2019 0
2019 0
2019 0
2019 0
2019 0
2019 0
2019 0
2019 0
2019 4.1
2019 1.2
2019 0
2019 0
2019 0.273333333333333
2019 0.275
2019 0
2019 0.36
2019 0.326666666666667
2019 0
2019 0
2019 0
2019 0
2019 1.4
2019 0
2019 0
2019 1.9
2019 0.28
2019 0
2019 0
2019 14
2019 3.9
2019 0.4
2019 0
2019 0
2019 0
2019 0
2019 0
2019 0
2019 0
2019 0.7
2019 0.4
2019 1.4
2019 0.308333333333333
2019 0
2019 4.92
2019 0
2019 0
2019 0
2019 0
2019 0.538333333333333
2019 8.2
2019 5.5
2019 2.385
2019 4.1
2019 0.9
2019 1.6
2019 9
2019 4.6
2019 0.7
2019 4.4
2019 4.1
2019 0.3
2019 1.4
2019 2.9
2019 20.5
2019 11.6
2019 0.3
2019 0
2019 2.7
2019 0
2019 0
2019 0
2019 0
2019 0.2
2019 0.3
2019 0
2019 0
2019 0.4
2019 5.2
2019 0.1
2019 0
2019 1
2019 0.2
2019 20.8
2019 13.975
2019 5.7
2019 0
2019 0
2019 0
2019 0
2019 0
2019 0
2019 5
2019 4.8
2019 0.5
2019 0
2019 0
2019 0
2019 0
2019 0
2019 0
2019 0
2019 0
2019 0
2019 0
2019 0
2019 0
2019 0
2019 0
2019 0
2019 0
2019 0
2019 0
2019 0
2019 0
2019 0
2019 0
2019 0
2019 0
2019 0
2019 0
2019 1.64333333333333
2019 0.1
2019 1.9
2019 10.3
2019 6.26666666666667
2019 0
2019 0
2019 0.8
2019 0
2019 0
2019 0
2019 0
2019 0
2019 0
2019 0
2019 0
2019 0
2019 0
2019 0
2019 0
2019 0
2019 0
2019 0
2019 0
2019 0
2019 0
2019 0
2019 0
2019 0
2019 0
2019 0
2019 0
2019 0
2019 0
2019 0.568333333333333
2019 0
2019 0
2019 0
2019 0
2019 0
2019 0
2019 0
2019 0
2019 0
2019 0
2019 0
2019 0
2019 0
2019 0.555
2019 0.233333333333333
2019 0
2019 0
2019 0
2019 0
2019 0
2019 1.96666666666667
2019 0
2019 0
2019 0
2019 0
2019 0
2019 0
2019 0
2019 0
2019 0.315
2019 0
2019 0
2019 0
2019 0
2019 0
2019 0
2019 0
2019 0
2019 0
2019 0
2019 0
2019 0
2019 0
2019 0
2019 0
2019 0
2019 0
2019 0
2019 0
2019 0
2019 0
2019 0
2019 0
2019 0
2019 0
2019 0
2019 0
2019 0
2019 0
2019 0
2019 0
2019 0
2019 0
2019 0
2019 0
2019 0
2019 0
2019 0
2019 0
2019 0
2019 0
2019 0
2019 0
2019 0
2019 0
2019 0
2019 0
2019 0
2019 0
2019 0
2019 0
2019 0
2019 0
2019 0
2019 0
2019 0
2019 0
2019 0
2019 0
2019 0
2019 0
2019 0
2019 0
2019 0
2019 0
2019 0
2019 0
2019 0
2019 0
2019 0
2019 0
2019 0
2019 0
2019 0
2019 0
2019 0
2019 0
2019 0
2019 0
2019 0
2019 0
2019 0
2019 0
2019 0
2019 0
2019 0
2019 0
2019 0
2019 0
2019 0
2019 0
2019 0
2019 0
2019 0
2019 0
2019 0
2019 0
2019 0
2019 0
2019 0
2019 0
2019 0
2019 0
2019 0
2019 0
2019 0
2019 0
2019 0
2019 0
2020 0
2020 0
2020 0
2020 0
2020 0
2020 0
2020 0
2020 0
2020 0
2020 0
2020 0
2020 0
2020 0
2020 0
2020 0
2020 0
2020 0
2020 0
2020 0
2020 0
2020 0
2020 0
2020 0
2020 0
2020 0
2020 0
2020 0
2020 0
2020 0
2020 0
2020 0
2020 0
2020 0
2020 0
2020 0
2020 0
2020 0
2020 0
2020 0
2020 0
2020 0
2020 0
2020 0
2020 0
2020 0
2020 0
2020 0
2020 0
2020 0
2020 0
2020 0
2020 0
2020 0
2020 0
2020 0
2020 0
2020 0
2020 0
2020 0
2020 0
2020 0.326666666666667
2020 0
2020 0
2020 0
2020 0
2020 0
2020 0.333333333333333
2020 0.025
2020 13.5533333333333
2020 4.2
2020 0
2020 6.3
2020 29.45
2020 11
2020 4
2020 61.2
2020 25.6833333333333
2020 53.04
2020 1.325
2020 0.3
2020 0
2020 0
2020 0
2020 0
2020 0
2020 0
2020 0
2020 0.293333333333333
2020 0.04
2020 1.2
2020 0
2020 2.7
2020 0
2020 0
2020 0
2020 0
2020 0
2020 0
2020 0
2020 1
2020 0.1
2020 0
2020 0.1
2020 1.4
2020 0
2020 0
2020 0
2020 0
2020 0
2020 0
2020 0
2020 9.22666666666667
2020 2.3
2020 3.485
2020 7.1
2020 6.9
2020 0.2
2020 2.9
2020 0
2020 0
2020 0
2020 0
2020 0
2020 0
2020 0
2020 0.69
2020 0.1
2020 0
2020 0
2020 0
2020 0
2020 0
2020 0
2020 0
2020 0
2020 0
2020 0
2020 0
2020 0
2020 0.7
2020 0
2020 0
2020 0
2020 0
2020 0
2020 0
2020 0.0716666666666667
2020 0.085
2020 0
2020 5.3
2020 4.5
2020 0
2020 0
2020 0.00166666666666666
2020 0
2020 0
2020 7.965
2020 2.8
2020 0
2020 0
2020 0
2020 0
2020 2.85
2020 0.0416666666666667
2020 0
2020 0
2020 0.246666666666667
2020 0
2020 0
2020 0
2020 0
2020 0.7
2020 0
2020 0
2020 0
2020 0
2020 0
2020 0.435
2020 2.7
2020 4.2
2020 0.4
2020 0
2020 6.16666666666667
2020 11
2020 1.375
2020 0
2020 5.7
2020 0.78
2020 0
2020 0
2020 0
2020 7.7
2020 0
2020 0
2020 0
2020 0.0966666666666667
2020 0
2020 0
2020 0
2020 0
2020 0
2020 0
2020 0
2020 0
2020 0
2020 0
2020 0.6
2020 2.3
2020 0.3
2020 0
2020 0
2020 1.83666666666667
2020 0
2020 0
2020 0
2020 0
2020 0
2020 0
2020 0
2020 0
2020 0
2020 0
2020 0
2020 0
2020 0
2020 0
2020 0
2020 0
2020 0
2020 0
2020 0
2020 0
2020 0
2020 0
2020 0
2020 0
2020 0
2020 0
2020 0
2020 0
2020 0
2020 0
2020 0
2020 0
2020 0
2020 0
2020 0
2020 0
2020 0
2020 0
2020 0
2020 0
2020 0
2020 0
2020 0
2020 0
2020 0
2020 0
2020 0
2020 0
2020 0
2020 0
2020 0
2020 0
2020 0
2020 0
2020 0
2020 0
2020 0
2020 0
2020 0
2020 0
2020 0
2020 0
2020 0
2020 0
2020 0
2020 0
2020 0
2020 0
2020 0
2020 0
2020 0
2020 0
2020 0
2020 0
2020 0
2020 0
2020 0
2020 0
2020 0
2020 0
2020 0
2020 0
2020 0
2020 0
2020 0
2020 0
2020 0
2020 0
2020 0
2020 0
2020 0
2020 0
2020 0
2020 0
2020 0
2020 0
2020 0
2020 0
2020 0
2020 0
2020 0
2020 0
2020 0
2020 0
2020 0
2020 0
2020 0
2020 0
2020 0
2020 0
2020 0
2020 0
2020 0
2020 0
2020 0
2020 0
2020 0
2020 0
2020 0
2020 0
2020 0
2020 0
2020 0
2020 0
2020 0
2020 0
2020 0
2020 0
2020 0
2020 0
2020 0
2020 0
2020 0
2020 0
2020 0
2020 0
2020 0
2020 0
2020 0
2020 0
2020 0
2020 0
2020 0
2020 0
2020 0
2020 0
2020 0
2020 0
2020 0
2020 0
2020 0
2020 0
2020 0
2020 0
