1981 0
1981 0
1981 0
1981 0
1981 0
1981 0
1981 0
1981 0
1981 0
1981 0
1981 0
1981 0
1981 0
1981 0
1981 0
1981 0
1981 0
1981 0
1981 0
1981 0
1981 0
1981 0
1981 0
1981 0
1981 0
1981 0
1981 0
1981 0
1981 0
1981 0
1981 0
1981 0
1981 0
1981 0
1981 0
1981 0
1981 0
1981 0
1981 0
1981 0
1981 0
1981 0
1981 0
1981 0
1981 0
1981 0
1981 0
1981 0
1981 0
1981 0
1981 0
1981 0
1981 0
1981 0
1981 0
1981 0
1981 0
1981 0
1981 0
1981 0
1981 0
1981 0
1981 0.075
1981 4.7
1981 25.4
1981 8.3
1981 2.97
1981 0
1981 0
1981 0
1981 0
1981 0
1981 5.2
1981 0.935
1981 0
1981 0
1981 0
1981 0
1981 0
1981 0
1981 0
1981 0
1981 0
1981 0
1981 0
1981 0
1981 3.28
1981 0
1981 3.41
1981 0
1981 0
1981 0
1981 0
1981 0
1981 0
1981 0
1981 0
1981 0
1981 0
1981 0
1981 0
1981 0
1981 0
1981 0
1981 0
1981 16.5
1981 17
1981 0
1981 13
1981 12.7
1981 6.5
1981 0.8
1981 0
1981 0
1981 0
1981 0
1981 2.3
1981 0
1981 0
1981 0
1981 0
1981 0
1981 0
1981 0
1981 0
1981 0.9
1981 3.7
1981 0.6
1981 0
1981 0
1981 0
1981 0
1981 0
1981 0
1981 2.6
1981 0
1981 0
1981 0
1981 0
1981 0
1981 0
1981 0
1981 0
1981 0
1981 0
1981 0
1981 0
1981 0
1981 0
1981 0
1981 0
1981 0
1981 0
1981 0
1981 0
1981 0
1981 0
1981 0
1981 0
1981 0
1981 0
1981 0
1981 0.12
1981 0
1981 0
1981 0
1981 0
1981 0
1981 0
1981 0
1981 0.8
1981 0
1981 0
1981 0.1
1981 0.1
1981 12.6
1981 0.8
1981 0
1981 0
1981 0
1981 0
1981 0
1981 0
1981 0.07
1981 0
1981 0
1981 0
1981 0
1981 0
1981 0
1981 0
1981 0
1981 0
1981 0
1981 0
1981 0
1981 0
1981 6.98666666666666
1981 0.916666666666667
1981 0
1981 0
1981 0
1981 0
1981 0
1981 0
1981 0
1981 0
1981 0
1981 0
1981 0
1981 0
1981 0
1981 0
1981 0
1981 0
1981 0
1981 0
1981 0
1981 0
1981 0
1981 0
1981 0
1981 0
1981 0
1981 0
1981 0
1981 0
1981 0
1981 0
1981 0
1981 0
1981 0
1981 0
1981 0
1981 0
1981 0
1981 0
1981 0
1981 0
1981 0
1981 0
1981 0
1981 0
1981 0
1981 0
1981 0
1981 0
1981 0
1981 0
1981 0
1981 0
1981 0
1981 0
1981 0
1981 0
1981 0
1981 0
1981 0
1981 0
1981 0
1981 0
1981 0
1981 0
1981 0
1981 0
1981 0
1981 0
1981 0
1981 0
1981 0
1981 0
1981 0
1981 0
1981 0
1981 0
1981 0
1981 0
1981 0
1981 0
1981 0
1981 0
1981 0
1981 0
1981 0
1981 0
1981 0
1981 0
1981 0
1981 0
1981 0
1981 0
1981 0
1981 0
1981 0
1981 0
1981 0
1981 0
1981 0
1981 0
1981 0
1981 0
1981 0
1981 0
1981 0
1981 0
1981 0
1981 0
1981 0
1981 0
1981 0
1981 0
1981 0
1981 0
1981 0
1981 0
1981 0
1981 0
1981 0
1981 0
1981 0
1981 0
1981 0
1981 0
1981 0
1981 0
1981 0
1981 0
1981 0
1981 0
1981 0
1981 0
1981 0
1981 0
1981 0
1981 0
1981 0
1981 0
1981 0
1981 0
1981 0
1981 0
1981 0
1981 0
1981 0
1981 0
1981 0
1981 0
1981 0
1981 0
1981 0
1981 0
1981 0
1981 0
1981 0
1981 0
1981 0
1981 0
1981 0
1981 0
1981 0
1981 0
1981 0
1981 0
1981 0
1981 0
1982 0
1982 0
1982 0
1982 0
1982 0
1982 0
1982 0
1982 0
1982 0
1982 0
1982 0
1982 0
1982 0
1982 0
1982 0
1982 0
1982 0
1982 0
1982 0
1982 0
1982 0
1982 0
1982 0
1982 0
1982 0
1982 0
1982 0
1982 0
1982 0
1982 0
1982 0
1982 0
1982 0
1982 0
1982 0
1982 0
1982 0
1982 0
1982 0
1982 0
1982 0
1982 0
1982 0
1982 0
1982 0
1982 0
1982 0
1982 0
1982 0
1982 0
1982 0
1982 0
1982 0
1982 0
1982 0
1982 0
1982 0
1982 0
1982 0
1982 0
1982 0
1982 0
1982 0
1982 0
1982 0
1982 0
1982 0
1982 0
1982 0
1982 0
1982 0
1982 0
1982 0
1982 0
1982 0.0533333333333334
1982 0
1982 0
1982 0
1982 0
1982 0
1982 0
1982 0
1982 0
1982 0
1982 0
1982 0
1982 0
1982 4.25333333333333
1982 0
1982 0
1982 0
1982 0.156666666666667
1982 0
1982 0
1982 0
1982 0
1982 0
1982 0
1982 0.4
1982 1.08333333333333
1982 0
1982 0.1
1982 2.38
1982 0
1982 0
1982 0
1982 0
1982 0
1982 38.7
1982 1.9
1982 0
1982 1.5
1982 33.9
1982 4.2
1982 7.8
1982 0
1982 0
1982 0
1982 0
1982 24.3
1982 5.6
1982 8.415
1982 16.7116666666667
1982 0
1982 0
1982 0
1982 0
1982 0
1982 0
1982 0
1982 0
1982 0
1982 0
1982 0
1982 0
1982 0
1982 0
1982 0
1982 0
1982 0
1982 0
1982 0
1982 0
1982 0
1982 0
1982 0.4
1982 0
1982 0
1982 0
1982 0
1982 3.8
1982 0
1982 0
1982 0
1982 0
1982 0
1982 0
1982 0
1982 0
1982 0
1982 0
1982 0
1982 0
1982 0
1982 0
1982 0
1982 0
1982 0.09
1982 0
1982 0
1982 0
1982 0
1982 0
1982 0
1982 0.1
1982 0.4
1982 12.5
1982 6.7
1982 0
1982 0
1982 0
1982 0
1982 0.421666666666667
1982 0
1982 0
1982 0
1982 0.0133333333333333
1982 3.96333333333333
1982 0
1982 0
1982 0
1982 0
1982 0.0666666666666667
1982 0.0666666666666667
1982 0
1982 0
1982 0
1982 0.00666666666666664
1982 17.69
1982 0
1982 0.213333333333333
1982 0
1982 0.0266666666666667
1982 0.155
1982 0
1982 0
1982 0
1982 0
1982 0
1982 0
1982 0
1982 0
1982 0
1982 0
1982 0
1982 0
1982 0
1982 0
1982 0
1982 0
1982 0
1982 0
1982 0
1982 0
1982 0
1982 0
1982 0
1982 0
1982 0
1982 0
1982 0
1982 0
1982 0
1982 0
1982 0
1982 0
1982 0
1982 0
1982 0
1982 0
1982 0
1982 0
1982 0
1982 0
1982 0
1982 0
1982 0
1982 0
1982 0
1982 0
1982 0
1982 0
1982 0
1982 0
1982 0
1982 0
1982 0
1982 0
1982 0
1982 0
1982 0
1982 0
1982 0
1982 0
1982 0
1982 0
1982 0
1982 0
1982 0
1982 0
1982 0
1982 0
1982 0
1982 0
1982 0
1982 0
1982 0
1982 0
1982 0
1982 0
1982 0
1982 0
1982 0
1982 0
1982 0
1982 0
1982 0
1982 0
1982 0
1982 0
1982 0
1982 0
1982 0
1982 0
1982 0
1982 0
1982 0
1982 0
1982 0
1982 0
1982 0
1982 0
1982 0
1982 0
1982 0
1982 0
1982 0
1982 0
1982 0
1982 0
1982 0
1982 0
1982 0
1982 0
1982 0
1982 0
1982 0
1982 0
1982 0
1982 0
1982 0
1982 0
1982 0
1982 0
1982 0
1982 0
1982 0
1982 0
1982 0
1982 0
1982 0
1982 0
1982 0
1982 0
1982 0
1982 0
1982 0
1982 0
1982 0
1982 0
1982 0
1982 0
1982 0
1982 0
1982 0
1982 0
1982 0
1982 0
1982 0
1982 0
1982 0
1982 0
1982 0
1982 0
1982 0
1982 0
1982 0
1982 0
1982 0
1982 0
1982 0
1982 0
1982 0
1982 0
1982 0
1983 0
1983 0
1983 0
1983 0
1983 0
1983 0
1983 0
1983 0
1983 0
1983 0
1983 0
1983 0
1983 0
1983 0
1983 0
1983 0
1983 0
1983 0
1983 0
1983 0
1983 0
1983 0
1983 0
1983 0
1983 0
1983 0
1983 0
1983 0
1983 0
1983 0
1983 0
1983 0
1983 0
1983 0
1983 0
1983 0
1983 0
1983 0
1983 0
1983 0
1983 0
1983 0
1983 0
1983 0
1983 0
1983 0
1983 0
1983 0
1983 0
1983 0
1983 0
1983 0
1983 0
1983 0
1983 0
1983 0
1983 0
1983 0
1983 0
1983 0
1983 0
1983 0
1983 0
1983 0
1983 0
1983 0
1983 0
1983 0
1983 4.75
1983 0
1983 0
1983 0
1983 0
1983 0
1983 0
1983 0
1983 0
1983 0
1983 0
1983 0
1983 0
1983 0
1983 0
1983 0
1983 0
1983 0
1983 0
1983 0
1983 0
1983 0
1983 0
1983 0
1983 0
1983 0
1983 0
1983 0
1983 0
1983 0
1983 2.695
1983 0
1983 0
1983 0
1983 0
1983 0
1983 0
1983 0
1983 0
1983 19.89
1983 2.27
1983 0
1983 3.2
1983 12.7
1983 2.61333333333333
1983 0
1983 0
1983 0
1983 0
1983 0
1983 0
1983 0
1983 0
1983 0
1983 0
1983 0
1983 0
1983 0
1983 0
1983 0
1983 0
1983 0.75
1983 0
1983 0
1983 0
1983 0
1983 0
1983 0
1983 14.7
1983 13.2
1983 0
1983 0
1983 0
1983 0
1983 0
1983 0
1983 0
1983 0
1983 0
1983 0
1983 0
1983 0
1983 0
1983 0
1983 0
1983 0
1983 0
1983 0
1983 0
1983 0.3
1983 10.8
1983 0.9
1983 8.2
1983 5.3
1983 5.3
1983 6.1
1983 0
1983 0.1
1983 2.1
1983 0
1983 0
1983 0
1983 0
1983 0
1983 0
1983 0
1983 0
1983 0
1983 0
1983 0
1983 0
1983 0
1983 0.64
1983 2.46
1983 0
1983 0
1983 0
1983 0
1983 0
1983 0
1983 0
1983 0
1983 0
1983 0
1983 0
1983 0
1983 0
1983 0
1983 0.76
1983 0
1983 0
1983 0
1983 0
1983 0
1983 0
1983 0
1983 0
1983 0
1983 0
1983 0
1983 0
1983 0
1983 0
1983 0
1983 0
1983 0
1983 0
1983 0
1983 0
1983 0
1983 0
1983 0
1983 0
1983 0
1983 0
1983 0
1983 0
1983 0
1983 0
1983 0
1983 0
1983 0
1983 0
1983 0
1983 0
1983 0
1983 0
1983 0
1983 0
1983 0
1983 0
1983 0
1983 0
1983 0
1983 0
1983 0
1983 0
1983 0
1983 0
1983 0
1983 0
1983 0
1983 0
1983 0
1983 0
1983 0
1983 0
1983 0
1983 0
1983 0
1983 0
1983 0
1983 0
1983 0
1983 0
1983 0
1983 0
1983 0
1983 0
1983 0
1983 0
1983 0
1983 0
1983 0
1983 0
1983 0
1983 0
1983 0
1983 0
1983 0
1983 0
1983 0
1983 0
1983 0
1983 0
1983 0
1983 0
1983 0
1983 0
1983 0
1983 0
1983 0
1983 0
1983 0
1983 0
1983 0
1983 0
1983 0
1983 0
1983 0
1983 0
1983 0
1983 0
1983 0
1983 0
1983 0
1983 0
1983 0
1983 0
1983 0
1983 0
1983 0
1983 0
1983 0
1983 0
1983 0
1983 0
1983 0
1983 0
1983 0
1983 0
1983 0
1983 0
1983 0
1983 0
1983 0
1983 0
1983 0
1983 0
1983 0
1983 0
1983 0
1983 0
1983 0
1983 0
1983 0
1983 0
1983 0
1983 0
1983 0
1983 0
1983 0
1983 0
1983 0
1983 0
1983 0
1983 0
1983 0
1983 0
1983 0
1983 0
1983 0
1983 0
1983 0
1983 0
1983 0
1983 0
1983 0
1983 0
1983 0
1983 0
1983 0
1983 0
1983 0
1983 0
1983 0
1983 0
1984 0
1984 0
1984 0
1984 0
1984 0
1984 0
1984 0
1984 0
1984 0
1984 0
1984 0
1984 0
1984 0
1984 0
1984 0
1984 0
1984 0
1984 0
1984 0
1984 0
1984 0
1984 0
1984 0
1984 0
1984 0
1984 0
1984 0
1984 0
1984 0
1984 0
1984 0
1984 0
1984 0
1984 0
1984 0
1984 0
1984 0
1984 0
1984 0
1984 0
1984 0
1984 0
1984 0
1984 0
1984 0
1984 0
1984 0
1984 0
1984 0
1984 0
1984 0
1984 0
1984 0
1984 0
1984 0
1984 0
1984 0
1984 0
1984 0
1984 0
1984 0
1984 0
1984 0
1984 0
1984 0
1984 0
1984 0
1984 0
1984 0
1984 0
1984 0
1984 0
1984 0
1984 0
1984 0
1984 0
1984 0
1984 0
1984 0
1984 0
1984 0
1984 0
1984 0
1984 0
1984 0
1984 0
1984 0
1984 8.4
1984 0.126666666666667
1984 0
1984 0
1984 0
1984 0
1984 0
1984 0
1984 0
1984 0
1984 0
1984 0
1984 0
1984 0
1984 0
1984 0
1984 0
1984 0
1984 0
1984 10
1984 35.9
1984 26.8
1984 65.7
1984 6.86
1984 8.4
1984 10.0533333333333
1984 0.06
1984 0
1984 0
1984 0
1984 0
1984 0
1984 0
1984 0
1984 0
1984 0
1984 0
1984 2.9
1984 5.035
1984 0
1984 0
1984 0
1984 4.5
1984 0
1984 0
1984 0
1984 0
1984 0
1984 0
1984 0
1984 0
1984 0.4
1984 0
1984 0
1984 0.2
1984 1.4
1984 1.2
1984 8.1
1984 3.6
1984 0
1984 0
1984 0
1984 6.2
1984 0
1984 0
1984 0.1
1984 5
1984 0.3
1984 0
1984 0
1984 0
1984 0
1984 0.075
1984 0.2
1984 0
1984 0
1984 0
1984 0
1984 0
1984 0
1984 0
1984 0
1984 0
1984 0.6
1984 0
1984 0
1984 0
1984 0.1
1984 11.9
1984 18.0766666666667
1984 14.72
1984 47.7
1984 1.48833333333333
1984 0
1984 0
1984 0
1984 0
1984 0.56
1984 0
1984 0
1984 0
1984 0
1984 0
1984 0
1984 0
1984 0
1984 0
1984 0
1984 0
1984 0
1984 0
1984 0
1984 0
1984 0
1984 0
1984 0
1984 0
1984 0
1984 0
1984 0
1984 0
1984 0
1984 0
1984 0
1984 0
1984 0
1984 0
1984 0
1984 6.525
1984 1.08
1984 0
1984 0
1984 0
1984 0
1984 0
1984 0
1984 0
1984 0
1984 0
1984 0
1984 0
1984 0
1984 0
1984 0
1984 0
1984 0
1984 0
1984 0
1984 0
1984 0
1984 0
1984 0
1984 0
1984 0
1984 0
1984 0
1984 0
1984 0
1984 0
1984 0
1984 0
1984 0
1984 0
1984 0
1984 0
1984 0
1984 0
1984 0
1984 0
1984 0
1984 0
1984 0
1984 0
1984 0
1984 0
1984 0
1984 0
1984 0
1984 0
1984 0
1984 0
1984 0
1984 0
1984 0
1984 0
1984 0
1984 0
1984 0
1984 0
1984 0
1984 0
1984 0
1984 0
1984 0
1984 0
1984 0
1984 0
1984 0
1984 0
1984 0
1984 0
1984 0
1984 0
1984 0
1984 0
1984 0
1984 0
1984 0
1984 0
1984 0
1984 0
1984 0
1984 0
1984 0
1984 0
1984 0
1984 0
1984 0
1984 0
1984 0
1984 0
1984 0
1984 0
1984 0
1984 0
1984 0
1984 0
1984 0
1984 0
1984 0
1984 0
1984 0
1984 0
1984 0
1984 0
1984 0
1984 0
1984 0
1984 0
1984 0
1984 0
1984 0
1984 0
1984 0
1984 0
1984 0
1984 0
1984 0
1984 0
1984 0
1984 0
1984 0
1984 0
1984 0
1984 0
1984 0
1984 0
1984 0
1984 0
1984 0
1984 0
1984 0
1984 0
1984 0
1984 0
1984 0
1984 0
1984 0
1984 0
1984 0
1984 0
1984 0
1984 0
1984 0
1984 0
1984 0
1984 0
1984 0
1984 0
1985 0
1985 0
1985 0
1985 0
1985 0
1985 0
1985 0
1985 0
1985 0
1985 0
1985 0
1985 0
1985 0
1985 0
1985 0
1985 0
1985 0
1985 0
1985 0
1985 0
1985 0
1985 0
1985 0
1985 0
1985 0
1985 0
1985 0
1985 0
1985 0
1985 0
1985 0
1985 0
1985 0
1985 0
1985 0
1985 0
1985 0
1985 0
1985 0
1985 0
1985 0
1985 0
1985 0
1985 0
1985 0
1985 0
1985 0
1985 0
1985 0
1985 0
1985 0
1985 0
1985 0
1985 0
1985 0
1985 0
1985 0
1985 0
1985 0
1985 0
1985 0
1985 0
1985 0
1985 0
1985 0
1985 0
1985 0
1985 0
1985 0
1985 0
1985 0
1985 0
1985 0
1985 0
1985 2.295
1985 1.975
1985 8.8
1985 0.125
1985 0
1985 2.93333333333333
1985 0
1985 0
1985 0
1985 0
1985 0
1985 0
1985 0
1985 0
1985 0
1985 0
1985 0
1985 10.2
1985 18.4916666666667
1985 0
1985 0
1985 0
1985 0
1985 0
1985 0
1985 0
1985 0
1985 0
1985 0
1985 0
1985 0
1985 0
1985 0
1985 0
1985 0.596666666666667
1985 0
1985 0
1985 0
1985 0
1985 0
1985 0
1985 0
1985 0
1985 0
1985 0
1985 6.1
1985 0.1
1985 0
1985 0
1985 0
1985 0
1985 0.3
1985 0
1985 0
1985 0
1985 1.5
1985 0
1985 0
1985 0
1985 0
1985 10.4
1985 18.4
1985 19.6
1985 3.2
1985 0
1985 0
1985 0
1985 0
1985 0
1985 0.49
1985 6.20666666666667
1985 7.05833333333333
1985 0
1985 4.3
1985 0
1985 0
1985 0
1985 0
1985 1
1985 0
1985 0
1985 0
1985 0
1985 0
1985 0
1985 0
1985 0
1985 3.99
1985 0
1985 0.286666666666667
1985 0
1985 0
1985 0
1985 0
1985 0
1985 0
1985 0
1985 0
1985 0
1985 0
1985 0
1985 0
1985 0
1985 0
1985 0
1985 0
1985 0
1985 0
1985 0
1985 0
1985 0
1985 0
1985 0
1985 0
1985 0
1985 0
1985 0.151666666666667
1985 5.44
1985 2.41666666666667
1985 0
1985 0
1985 0
1985 26.945
1985 2.16
1985 0
1985 0
1985 0
1985 42.185
1985 14.49
1985 2.77666666666667
1985 0
1985 0
1985 0
1985 0
1985 0
1985 0
1985 0
1985 0
1985 0
1985 0
1985 0
1985 0
1985 0
1985 0
1985 0
1985 0
1985 0
1985 0
1985 0
1985 0
1985 0
1985 0
1985 0
1985 0
1985 0
1985 0
1985 0
1985 0
1985 0
1985 0
1985 0
1985 0
1985 0
1985 0
1985 0
1985 0
1985 0
1985 0
1985 0
1985 0
1985 0
1985 0
1985 0
1985 0
1985 0
1985 0
1985 0
1985 0
1985 0
1985 0
1985 0
1985 0
1985 0
1985 0
1985 0
1985 0
1985 0
1985 0
1985 0
1985 0
1985 0
1985 0
1985 0
1985 0
1985 0
1985 0
1985 0
1985 0
1985 0
1985 0
1985 0
1985 0
1985 0
1985 0
1985 0
1985 0
1985 0
1985 0
1985 0
1985 0
1985 0
1985 0
1985 0
1985 0
1985 0
1985 0
1985 0
1985 0
1985 0
1985 0
1985 0
1985 0
1985 0
1985 0
1985 0
1985 0
1985 0
1985 0
1985 0
1985 0
1985 0
1985 0
1985 0
1985 0
1985 0
1985 0
1985 0
1985 0
1985 0
1985 0
1985 0
1985 0
1985 0
1985 0
1985 0
1985 0
1985 0
1985 0
1985 0
1985 0
1985 0
1985 0
1985 0
1985 0
1985 0
1985 0
1985 0
1985 0
1985 0
1985 0
1985 0
1985 0
1985 0
1985 0
1985 0
1985 0
1985 0
1985 0
1985 0
1985 0
1985 0
1985 0
1985 0
1985 0
1985 0
1985 0
1985 0
1985 0
1985 0
1985 0
1985 0
1985 0
1985 0
1985 0
1985 0
1985 0
1985 0
1985 0
1985 0
1985 0
1985 0
1986 0
1986 0
1986 0
1986 0
1986 0
1986 0
1986 0
1986 0
1986 0
1986 0
1986 0
1986 0
1986 0
1986 0
1986 0
1986 0
1986 0
1986 0
1986 0
1986 0
1986 0
1986 0
1986 0
1986 0
1986 0
1986 0
1986 0
1986 0
1986 0
1986 0
1986 0
1986 0
1986 0
1986 0
1986 0
1986 0
1986 0
1986 0
1986 0
1986 0
1986 0
1986 0
1986 0
1986 0
1986 0
1986 0
1986 0
1986 0
1986 0
1986 0
1986 0
1986 0
1986 0
1986 0
1986 0
1986 0
1986 0
1986 0
1986 0
1986 0
1986 0
1986 0
1986 0
1986 0
1986 0
1986 0
1986 0
1986 0
1986 0
1986 0
1986 0
1986 0
1986 0
1986 11.5383333333333
1986 0
1986 0
1986 0
1986 0
1986 4.7
1986 8.3
1986 9
1986 3.2
1986 17.8
1986 1.57333333333333
1986 0
1986 0
1986 0
1986 0
1986 0
1986 0
1986 0
1986 0
1986 0
1986 0
1986 0
1986 0
1986 0
1986 0
1986 0
1986 0
1986 0
1986 0.25
1986 0
1986 0
1986 0
1986 0
1986 0
1986 0
1986 0
1986 0
1986 0
1986 0
1986 0
1986 0
1986 0
1986 1.7
1986 9.8
1986 0
1986 3.445
1986 2.64
1986 0.458333333333333
1986 0.3
1986 0
1986 0.9
1986 0
1986 0.2
1986 0
1986 2.7
1986 0
1986 0
1986 0
1986 0
1986 3.2
1986 0
1986 0.2
1986 1
1986 0
1986 0
1986 0
1986 0
1986 0
1986 0
1986 0
1986 0
1986 0
1986 3.6
1986 0
1986 0
1986 0
1986 0
1986 0
1986 14.6
1986 67.2
1986 29.7
1986 3.76
1986 1.03333333333333
1986 0.4
1986 0
1986 0.1
1986 2.6
1986 5.8
1986 5.6
1986 6.3
1986 0
1986 0
1986 0
1986 0
1986 0
1986 0
1986 0.8
1986 0
1986 6.24
1986 1.04
1986 0.146666666666667
1986 0
1986 0
1986 0
1986 0
1986 0
1986 0
1986 0
1986 0.1
1986 0
1986 0.105000000000001
1986 0
1986 0
1986 0
1986 0
1986 0.825
1986 0
1986 0
1986 0
1986 0
1986 0
1986 0
1986 0
1986 0
1986 0
1986 0
1986 0
1986 0
1986 0
1986 0
1986 0
1986 0.0333333333333333
1986 1.96
1986 1.33333333333333
1986 0
1986 0
1986 0
1986 0
1986 0
1986 0
1986 0
1986 0
1986 0
1986 0
1986 0
1986 0
1986 0
1986 0
1986 0
1986 0
1986 3.73333333333333
1986 0.0883333333333333
1986 0
1986 0
1986 0
1986 0
1986 0
1986 0
1986 0
1986 0
1986 0
1986 0
1986 0
1986 0
1986 0
1986 0
1986 0
1986 0
1986 0
1986 0
1986 0
1986 0
1986 0
1986 0
1986 0
1986 0
1986 0
1986 0
1986 0
1986 0
1986 0
1986 0
1986 0
1986 0
1986 0
1986 0
1986 0
1986 0
1986 0
1986 0
1986 0
1986 0
1986 0
1986 0
1986 0
1986 0
1986 0
1986 0
1986 0
1986 0
1986 0
1986 0
1986 0
1986 0
1986 0
1986 0
1986 0
1986 0
1986 0
1986 0
1986 0
1986 0
1986 0
1986 0
1986 0
1986 0
1986 0
1986 0
1986 0
1986 0
1986 0
1986 0
1986 0
1986 0
1986 0
1986 0
1986 0
1986 0
1986 0
1986 0
1986 0
1986 0
1986 0
1986 0
1986 0
1986 0
1986 0
1986 0
1986 0
1986 0
1986 0
1986 0
1986 0
1986 0
1986 0
1986 0
1986 0
1986 0
1986 0
1986 0
1986 0
1986 0
1986 0
1986 0
1986 0
1986 0
1986 0
1986 0
1986 0
1986 0
1986 0
1986 0
1986 0
1986 0
1986 0
1986 0
1986 0
1986 0
1986 0
1986 0
1986 0
1986 0
1986 0
1986 0
1986 0
1986 0
1986 0
1986 0
1986 0
1986 0
1986 0
1986 0
1986 0
1986 0
1986 0
1986 0
1986 0
1986 0
1986 0
1986 0
1986 0
1986 0
1987 0
1987 0
1987 0
1987 0
1987 0
1987 0
1987 0
1987 0
1987 0
1987 0
1987 0
1987 0
1987 0
1987 0
1987 0
1987 0
1987 0
1987 0
1987 0
1987 0
1987 0
1987 0
1987 0
1987 0
1987 0
1987 0
1987 0
1987 0
1987 0
1987 0
1987 0
1987 0
1987 0
1987 0
1987 0
1987 0
1987 0
1987 0
1987 0
1987 0
1987 0
1987 0
1987 0
1987 0
1987 0
1987 0
1987 0
1987 0
1987 0
1987 0
1987 0
1987 0
1987 0
1987 0
1987 0
1987 0
1987 0
1987 0
1987 0
1987 0
1987 0
1987 0
1987 0
1987 0
1987 0
1987 0
1987 0
1987 0
1987 0
1987 0
1987 0
1987 0
1987 0
1987 0
1987 0
1987 0
1987 0
1987 0
1987 0
1987 0
1987 0
1987 0
1987 0.36
1987 0
1987 0
1987 0
1987 0
1987 0
1987 0
1987 0
1987 0
1987 0
1987 0
1987 0
1987 0
1987 0
1987 0
1987 0
1987 0
1987 0
1987 0
1987 0
1987 0
1987 0
1987 24.3
1987 3.3
1987 0
1987 0
1987 0
1987 0.4
1987 0
1987 0
1987 0
1987 0
1987 0
1987 0
1987 0
1987 0
1987 0
1987 0
1987 0
1987 0
1987 0
1987 0.9
1987 0
1987 0
1987 0
1987 0
1987 0
1987 0
1987 0
1987 9.1
1987 13
1987 0
1987 0
1987 29.9
1987 9.8
1987 0.2
1987 0.6
1987 4.5
1987 0
1987 0
1987 0
1987 0
1987 0
1987 0
1987 0
1987 0
1987 0
1987 0
1987 0
1987 0
1987 0
1987 0
1987 0
1987 0
1987 0
1987 0
1987 0
1987 0
1987 0
1987 0
1987 0
1987 5.99333333333333
1987 3.045
1987 8.48666666666667
1987 5.8
1987 3.38666666666667
1987 2.10666666666667
1987 3.51
1987 1.58333333333333
1987 32.9
1987 15.9466666666667
1987 0.136666666666667
1987 0
1987 0
1987 0
1987 0
1987 0
1987 0
1987 0
1987 0
1987 0
1987 0.11
1987 0
1987 0
1987 0
1987 0
1987 0
1987 0
1987 0
1987 0
1987 0
1987 0
1987 0
1987 0
1987 0
1987 0
1987 0
1987 7.32
1987 10.66
1987 0
1987 0
1987 0
1987 0
1987 0
1987 0
1987 0
1987 0
1987 0.385
1987 0
1987 0
1987 0
1987 0.00666666666666664
1987 0
1987 0
1987 0
1987 0
1987 0
1987 0
1987 0
1987 0
1987 0
1987 0
1987 0
1987 0
1987 0
1987 0
1987 0
1987 0
1987 0
1987 0
1987 0
1987 0
1987 0
1987 0
1987 0
1987 0
1987 0
1987 0
1987 0
1987 0
1987 0
1987 0
1987 0
1987 0
1987 0
1987 0
1987 0
1987 0
1987 0
1987 0
1987 0
1987 0
1987 0
1987 0
1987 0
1987 0
1987 0
1987 0
1987 0
1987 0
1987 0
1987 0
1987 0
1987 0
1987 0
1987 0
1987 0
1987 0
1987 0
1987 0
1987 0
1987 0
1987 0
1987 0
1987 0
1987 0
1987 0
1987 0
1987 0
1987 0
1987 0
1987 0
1987 0
1987 0
1987 0
1987 0
1987 0
1987 0
1987 0
1987 0
1987 0
1987 0
1987 0
1987 0
1987 0
1987 0
1987 0
1987 0
1987 0
1987 0
1987 0
1987 0
1987 0
1987 0
1987 0
1987 0
1987 0
1987 0
1987 0
1987 0
1987 0
1987 0
1987 0
1987 0
1987 0
1987 0
1987 0
1987 0
1987 0
1987 0
1987 0
1987 0
1987 0
1987 0
1987 0
1987 0
1987 0
1987 0
1987 0
1987 0
1987 0
1987 0
1987 0
1987 0
1987 0
1987 0
1987 0
1987 0
1987 0
1987 0
1987 0
1987 0
1987 0
1987 0
1987 0
1987 0
1987 0
1987 0
1987 0
1987 0
1987 0
1987 0
1987 0
1987 0
1987 0
1987 0
1987 0
1987 0
1987 0
1987 0
1987 0
1987 0
1987 0
1988 0
1988 0
1988 0
1988 0
1988 0
1988 0
1988 0
1988 0
1988 0
1988 0
1988 0
1988 0
1988 0
1988 0
1988 0
1988 0
1988 0
1988 0
1988 0
1988 0
1988 0
1988 0
1988 0
1988 0
1988 0
1988 0
1988 0
1988 0
1988 0
1988 0
1988 0
1988 0
1988 0
1988 0
1988 0
1988 0
1988 0
1988 0
1988 0
1988 0
1988 0
1988 0
1988 0
1988 0
1988 0
1988 0
1988 0
1988 0
1988 0
1988 0
1988 0
1988 0
1988 0
1988 0
1988 0
1988 0
1988 0
1988 0
1988 0
1988 0
1988 0
1988 0
1988 0
1988 0
1988 0
1988 0
1988 0
1988 0
1988 0
1988 0
1988 0
1988 0
1988 0
1988 0
1988 0
1988 0
1988 0.15
1988 0
1988 0
1988 0
1988 0
1988 0
1988 0
1988 4.44666666666667
1988 56.2
1988 7.86
1988 5.99333333333333
1988 7.46666666666667
1988 1.41666666666667
1988 0.29
1988 0
1988 0.0666666666666667
1988 0
1988 0
1988 0
1988 0.4
1988 2.29666666666667
1988 0
1988 0
1988 0
1988 0
1988 0
1988 0
1988 0
1988 0
1988 0
1988 0
1988 0
1988 0.35
1988 0
1988 0
1988 0
1988 0
1988 0
1988 0
1988 0
1988 0
1988 0
1988 0
1988 0
1988 0
1988 0
1988 0
1988 0
1988 0
1988 0
1988 0
1988 0.63
1988 0
1988 0
1988 0
1988 0
1988 0
1988 0
1988 0
1988 0.1
1988 1.83333333333333
1988 0
1988 0
1988 0
1988 0
1988 0
1988 0
1988 0.225
1988 0
1988 0
1988 15.4
1988 0
1988 0
1988 0.0966666666666667
1988 4.58333333333333
1988 2.255
1988 0
1988 0
1988 4.2
1988 0
1988 0
1988 0
1988 4.41
1988 0.453333333333336
1988 0
1988 0
1988 0
1988 2.82666666666667
1988 14.5
1988 0
1988 0
1988 0
1988 0
1988 0
1988 0
1988 0
1988 0
1988 0
1988 0
1988 0
1988 0
1988 0
1988 0
1988 0
1988 0
1988 0
1988 0
1988 0
1988 0
1988 0
1988 3.44
1988 0
1988 0
1988 0
1988 0
1988 0
1988 0
1988 0
1988 0
1988 0
1988 0
1988 0
1988 0
1988 0
1988 0
1988 0
1988 0
1988 0
1988 0
1988 0
1988 0
1988 0
1988 0
1988 0
1988 0
1988 0
1988 0
1988 0
1988 0
1988 0
1988 0
1988 0
1988 0
1988 0
1988 0
1988 0
1988 0
1988 0
1988 0
1988 0
1988 0
1988 0
1988 0
1988 0
1988 0
1988 0
1988 0
1988 0
1988 0
1988 0
1988 0
1988 0
1988 0
1988 0
1988 0
1988 0
1988 0
1988 0
1988 0
1988 0
1988 0
1988 0
1988 0
1988 0
1988 0
1988 0
1988 0
1988 0
1988 0
1988 0
1988 0
1988 0
1988 0
1988 0
1988 0
1988 0
1988 0
1988 0
1988 0
1988 0
1988 0
1988 0
1988 0
1988 0
1988 0
1988 0
1988 0
1988 0
1988 0
1988 0
1988 0
1988 0
1988 0
1988 0
1988 0
1988 0
1988 0
1988 0
1988 0
1988 0
1988 0
1988 0
1988 0
1988 0
1988 0
1988 0
1988 0
1988 0
1988 0
1988 0
1988 0
1988 0
1988 0
1988 0
1988 0
1988 0
1988 0
1988 0
1988 0
1988 0
1988 0
1988 0
1988 0
1988 0
1988 0
1988 0
1988 0
1988 0
1988 0
1988 0
1988 0
1988 0
1988 0
1988 0
1988 0
1988 0
1988 0
1988 0
1988 0
1988 0
1988 0
1988 0
1988 0
1988 0
1988 0
1988 0
1988 0
1988 0
1988 0
1988 0
1988 0
1988 0
1988 0
1988 0
1988 0
1988 0
1988 0
1988 0
1988 0
1988 0
1988 0
1988 0
1988 0
1988 0
1988 0
1988 0
1988 0
1988 0
1988 0
1988 0
1988 0
1988 0
1988 0
1988 0
1988 0
1988 0
1988 0
1988 0
1988 0
1988 0
1991 0
1991 0
1991 0
1991 0
1991 0
1991 0
1991 0
1991 0
1991 0
1991 0
1991 0
1991 0
1991 0
1991 0
1991 0
1991 0
1991 0
1991 0
1991 0
1991 0
1991 0
1991 0
1991 0
1991 0
1991 0
1991 0
1991 0
1991 0
1991 0
1991 0
1991 0
1991 0
1991 0
1991 0
1991 0
1991 0
1991 0
1991 0
1991 0
1991 0
1991 0
1991 0
1991 0
1991 0
1991 0
1991 0
1991 0
1991 0
1991 0
1991 0
1991 0
1991 0
1991 0
1991 0
1991 0
1991 0
1991 0
1991 0
1991 0
1991 0
1991 0
1991 0
1991 2.26
1991 5.89333333333333
1991 0
1991 0
1991 0
1991 0
1991 0
1991 0
1991 0
1991 0.095
1991 0
1991 0
1991 0
1991 0.0149999999999999
1991 0
1991 0
1991 0
1991 0
1991 0
1991 0
1991 0
1991 0
1991 0
1991 57.2
1991 0
1991 5.6
1991 0.06
1991 0
1991 0
1991 0
1991 0
1991 0
1991 0
1991 0
1991 0
1991 0
1991 0
1991 80
1991 25.8
1991 0.0916666666666667
1991 0
1991 0
1991 0
1991 0
1991 0
1991 1.5
1991 1
1991 0
1991 0
1991 0
1991 0
1991 0.1
1991 0
1991 0.6
1991 1
1991 0
1991 0
1991 0
1991 0
1991 1.2
1991 5.80666666666667
1991 0
1991 0
1991 3.55333333333333
1991 1.45666666666667
1991 0
1991 0
1991 0
1991 0
1991 0
1991 0
1991 6.4
1991 8.05333333333333
1991 3.83333333333333
1991 0
1991 0
1991 0
1991 0
1991 0
1991 0
1991 0
1991 0
1991 0
1991 0
1991 0
1991 0
1991 0
1991 0
1991 0
1991 0
1991 0
1991 0
1991 0
1991 0
1991 0
1991 0.1
1991 3
1991 7.6
1991 4.1
1991 9.1
1991 17
1991 6.785
1991 0.2
1991 0
1991 0
1991 0
1991 0
1991 0
1991 0
1991 0
1991 0
1991 0
1991 0
1991 0
1991 0
1991 0
1991 0
1991 0
1991 0
1991 0
1991 0
1991 0
1991 0
1991 0
1991 0
1991 0
1991 0
1991 0
1991 0
1991 0
1991 0
1991 0
1991 0
1991 0
1991 0
1991 0
1991 0
1991 0
1991 0
1991 0
1991 0
1991 0
1991 0
1991 0
1991 0
1991 0
1991 0
1991 0.4
1991 0
1991 0
1991 0
1991 0
1991 0
1991 0
1991 0
1991 0
1991 0
1991 0
1991 0
1991 0
1991 0
1991 0
1991 0
1991 0
1991 0
1991 0
1991 0
1991 2.41666666666667
1991 0
1991 0.65
1991 0
1991 0.476666666666667
1991 0
1991 0
1991 0
1991 0
1991 0
1991 0
1991 0
1991 0
1991 0
1991 0
1991 0
1991 0
1991 0
1991 0
1991 0
1991 0
1991 0
1991 0
1991 0
1991 0
1991 0
1991 0
1991 0
1991 0
1991 0
1991 0
1991 0
1991 0
1991 0
1991 0
1991 0
1991 0
1991 0
1991 0
1991 0
1991 0
1991 0
1991 0
1991 0
1991 0
1991 0
1991 0
1991 0
1991 0
1991 0
1991 0
1991 0
1991 0
1991 0
1991 0
1991 0
1991 0
1991 0
1991 0
1991 0
1991 0
1991 0
1991 0
1991 0
1991 0
1991 0
1991 0
1991 0
1991 0
1991 0
1991 0
1991 0
1991 0
1991 0
1991 0
1991 0
1991 0
1991 0
1991 0
1991 0
1991 0
1991 0
1991 0
1991 0
1991 0
1991 0
1991 0
1991 0
1991 0
1991 0
1991 0
1991 0
1991 0
1991 0
1991 0
1991 0
1991 0
1991 0
1991 0
1991 0
1991 0
1991 0
1991 0
1991 0
1991 0
1991 0
1991 0
1991 0
1991 0
1991 0
1991 0
1991 0
1991 0
1991 0
1991 0
1991 0
1991 0
1991 0
1991 0
1991 0
1991 0
1991 0
1991 0
1991 0
1991 0
1991 0
1991 0
1991 0
1991 0
1991 0
1991 0
1991 0
1991 0
1991 0
1991 0
1991 0
1992 0
1992 0
1992 0
1992 0
1992 0
1992 0
1992 0
1992 0
1992 0
1992 0
1992 0
1992 0
1992 0
1992 0
1992 0
1992 0
1992 0
1992 0
1992 0
1992 0
1992 0
1992 0
1992 0
1992 0
1992 0
1992 0
1992 0
1992 0
1992 0
1992 0
1992 0
1992 0
1992 0
1992 0
1992 0
1992 0
1992 0
1992 0
1992 0
1992 0
1992 0
1992 0
1992 0
1992 0
1992 0
1992 0
1992 0
1992 0
1992 0
1992 0
1992 0
1992 0
1992 0
1992 0
1992 0
1992 0
1992 0
1992 0
1992 0
1992 0
1992 0
1992 0
1992 0
1992 0
1992 0
1992 0
1992 0
1992 0
1992 0
1992 0
1992 0
1992 0
1992 0
1992 0
1992 0
1992 7.21
1992 22.755
1992 0
1992 0
1992 10.1966666666667
1992 14.69
1992 7.785
1992 1.54666666666667
1992 1.58333333333333
1992 3.4
1992 0
1992 0
1992 0
1992 0
1992 0
1992 0
1992 0
1992 0
1992 0
1992 0
1992 0
1992 0
1992 0
1992 0
1992 0
1992 0
1992 0
1992 0
1992 0
1992 0
1992 0
1992 0
1992 0
1992 1.2
1992 0.5
1992 2.1
1992 20.2
1992 12.9716666666667
1992 0
1992 0
1992 0
1992 0
1992 0
1992 0
1992 0
1992 0
1992 0
1992 0
1992 0
1992 0
1992 0
1992 0
1992 0
1992 0
1992 0
1992 0
1992 1.43
1992 0
1992 0
1992 0
1992 0
1992 0
1992 0
1992 0
1992 0
1992 0
1992 0.4
1992 3.7
1992 2.4
1992 0
1992 1.5
1992 0
1992 0
1992 0
1992 0
1992 0
1992 0
1992 0
1992 0
1992 0
1992 0
1992 0.66
1992 0
1992 0
1992 0
1992 0
1992 0
1992 1.53333333333333
1992 0
1992 0
1992 0
1992 0
1992 0
1992 0
1992 0
1992 0
1992 0
1992 0
1992 0
1992 0
1992 0
1992 0
1992 0
1992 0
1992 0
1992 0
1992 0
1992 0
1992 0
1992 0
1992 0
1992 0
1992 0
1992 0
1992 0
1992 0
1992 0
1992 0
1992 0
1992 0
1992 0
1992 0
1992 0
1992 0
1992 0
1992 0
1992 0
1992 0
1992 0
1992 0
1992 0
1992 0
1992 3.92333333333333
1992 0
1992 0.0999999999999999
1992 0
1992 0.213333333333334
1992 0
1992 0
1992 0
1992 0
1992 0
1992 0
1992 0
1992 0
1992 0
1992 0
1992 0
1992 0
1992 0
1992 0
1992 0
1992 0
1992 0
1992 0
1992 0
1992 0
1992 0
1992 0
1992 0
1992 0
1992 0
1992 0
1992 0
1992 0
1992 0
1992 0
1992 0.655000000000001
1992 0
1992 0
1992 0
1992 0
1992 0
1992 0
1992 0
1992 0
1992 0
1992 0
1992 0
1992 0
1992 0
1992 0
1992 0
1992 0
1992 0
1992 0
1992 0
1992 0
1992 0
1992 0
1992 0
1992 0
1992 0
1992 0
1992 0
1992 0
1992 0
1992 0
1992 0
1992 0
1992 0
1992 0
1992 0
1992 0
1992 0
1992 0
1992 0
1992 0
1992 0
1992 0
1992 0
1992 0
1992 0
1992 0
1992 0
1992 0
1992 0
1992 0
1992 0
1992 0
1992 0
1992 0
1992 0
1992 0
1992 0
1992 0
1992 0
1992 0
1992 0
1992 0
1992 0
1992 0
1992 0
1992 0
1992 0
1992 0
1992 0
1992 0
1992 0
1992 0
1992 0
1992 0
1992 0
1992 0
1992 0
1992 0
1992 0
1992 0
1992 0
1992 0
1992 0
1992 0
1992 0
1992 0
1992 0
1992 0
1992 0
1992 0
1992 0
1992 0
1992 0
1992 0
1992 0
1992 0
1992 0
1992 0
1992 0
1992 0
1992 0
1992 0
1992 0
1992 0
1992 0
1992 0
1992 0
1992 0
1992 0
1992 0
1992 0
1992 0
1992 0
1992 0
1992 0
1992 0
1992 0
1992 0
1992 0
1992 0
1992 0
1992 0
1992 0
1993 0
1993 0
1993 0
1993 0
1993 0
1993 0
1993 0
1993 0
1993 0
1993 0
1993 0
1993 0
1993 0
1993 0
1993 0
1993 0
1993 0
1993 0
1993 0
1993 0
1993 0
1993 0
1993 0
1993 0
1993 0
1993 0
1993 0
1993 0
1993 0
1993 0
1993 0
1993 0
1993 0
1993 0
1993 0
1993 0
1993 0
1993 0
1993 0
1993 0
1993 0
1993 0
1993 0
1993 0
1993 0
1993 0
1993 0
1993 0
1993 0
1993 0
1993 0
1993 0
1993 0
1993 0
1993 0
1993 0
1993 0
1993 0
1993 0
1993 0
1993 0
1993 0
1993 0
1993 0
1993 0
1993 0
1993 0
1993 0
1993 0
1993 0
1993 0
1993 0
1993 0
1993 0
1993 0
1993 1.25
1993 0
1993 0
1993 0
1993 0
1993 0
1993 0
1993 0
1993 0
1993 0
1993 0
1993 0
1993 0
1993 0
1993 0
1993 0
1993 0
1993 0
1993 0
1993 0
1993 0
1993 0
1993 8.5
1993 21.6
1993 7.35
1993 0
1993 0
1993 0
1993 0
1993 0
1993 0
1993 0
1993 0
1993 0
1993 0
1993 0
1993 0
1993 0
1993 0
1993 0
1993 0
1993 0
1993 0
1993 0
1993 0
1993 0
1993 0
1993 0
1993 0
1993 0.1
1993 0
1993 0
1993 0
1993 0
1993 0
1993 0
1993 0
1993 0
1993 0
1993 0
1993 0
1993 0
1993 0
1993 0
1993 0
1993 0
1993 0
1993 0
1993 0
1993 0
1993 0
1993 0
1993 0
1993 0
1993 0
1993 0.735
1993 0
1993 0
1993 0
1993 0
1993 0
1993 0
1993 0
1993 0
1993 0
1993 0
1993 0
1993 0
1993 0
1993 0
1993 0
1993 0
1993 0
1993 0
1993 0
1993 0
1993 0
1993 0
1993 0.64
1993 0
1993 0
1993 0
1993 0
1993 0
1993 0
1993 0.491666666666667
1993 2.3
1993 1.6
1993 0
1993 0
1993 0
1993 0
1993 0
1993 0
1993 0
1993 0
1993 0
1993 0
1993 0
1993 0
1993 0
1993 0
1993 0
1993 0
1993 0
1993 0
1993 0
1993 0
1993 0
1993 0
1993 0.6
1993 0
1993 0
1993 0
1993 0
1993 0
1993 0
1993 0
1993 0
1993 0
1993 0
1993 0
1993 0
1993 0
1993 0
1993 0
1993 0
1993 0
1993 0
1993 0
1993 0
1993 0
1993 0
1993 0
1993 0
1993 0
1993 0
1993 0
1993 0
1993 0
1993 0
1993 0
1993 0
1993 0
1993 0
1993 0
1993 0
1993 0
1993 0
1993 0
1993 0
1993 0
1993 0
1993 0
1993 0
1993 0
1993 0
1993 0
1993 0
1993 0
1993 0
1993 0
1993 0
1993 0
1993 0
1993 0
1993 0
1993 0
1993 0
1993 0
1993 0
1993 0
1993 0
1993 0
1993 0
1993 0
1993 0
1993 0
1993 0
1993 0
1993 0
1993 0
1993 0
1993 0
1993 0
1993 0
1993 0
1993 0
1993 0
1993 0
1993 0
1993 0
1993 0
1993 0
1993 0
1993 0
1993 0
1993 0
1993 0
1993 0
1993 0
1993 0
1993 0
1993 0
1993 0
1993 0
1993 0
1993 0
1993 0
1993 0
1993 0
1993 0
1993 0
1993 0
1993 0
1993 0
1993 0
1993 0
1993 0
1993 0
1993 0
1993 0
1993 0
1993 0
1993 0
1993 0
1993 0
1993 0
1993 0
1993 0
1993 0
1993 0
1993 0
1993 0
1993 0
1993 0
1993 0
1993 0
1993 0
1993 0
1993 0
1993 0
1993 0
1993 0
1993 0
1993 0
1993 0
1993 0
1993 0
1993 0
1993 0
1993 0
1993 0
1993 0
1993 0
1993 0
1993 0
1993 0
1993 0
1993 0
1993 0
1993 0
1993 0
1993 0
1993 0
1993 0
1993 0
1993 0
1993 0
1993 0
1994 0
1994 0
1994 0
1994 0
1994 0
1994 0
1994 0
1994 0
1994 0
1994 0
1994 0
1994 0
1994 0
1994 0
1994 0
1994 0
1994 0
1994 0
1994 0
1994 0
1994 0
1994 0
1994 0
1994 0
1994 0
1994 0
1994 0
1994 0
1994 0
1994 0
1994 0
1994 0
1994 0
1994 0
1994 0
1994 0
1994 0
1994 0
1994 0
1994 0
1994 0
1994 0
1994 0
1994 0
1994 0
1994 0
1994 0
1994 0
1994 0
1994 0
1994 0
1994 0
1994 0
1994 0
1994 0
1994 0
1994 0
1994 0
1994 0
1994 0
1994 0
1994 0
1994 0
1994 0
1994 0
1994 0
1994 0
1994 0
1994 0
1994 0
1994 0
1994 0
1994 0
1994 0
1994 0
1994 0
1994 0
1994 0
1994 0
1994 0
1994 1.7
1994 1
1994 0
1994 0
1994 0
1994 0
1994 0
1994 1.1
1994 4.6
1994 1.6
1994 0
1994 0
1994 0
1994 0
1994 0
1994 0
1994 0
1994 0
1994 0
1994 0
1994 0
1994 0.733333333333333
1994 0
1994 0
1994 4.93
1994 1.72333333333333
1994 0.208333333333333
1994 0
1994 0
1994 0
1994 0
1994 0
1994 0
1994 0
1994 31.2
1994 3
1994 3.1
1994 0
1994 0
1994 0
1994 0
1994 3.9
1994 8.8
1994 0
1994 0
1994 12.1
1994 0.583333333333333
1994 1.20333333333333
1994 0
1994 0
1994 0
1994 0
1994 0
1994 0
1994 0
1994 0.151666666666666
1994 0
1994 0
1994 0
1994 0
1994 0
1994 0
1994 0
1994 0
1994 0
1994 0
1994 0
1994 0.0766666666666664
1994 0
1994 0.75
1994 0
1994 0
1994 0
1994 0
1994 0
1994 0
1994 0
1994 0.0900000000000005
1994 0.583333333333334
1994 0
1994 0
1994 0
1994 0
1994 0
1994 0
1994 0.1
1994 0
1994 0
1994 0
1994 0
1994 0
1994 0
1994 0
1994 0
1994 0
1994 0
1994 0
1994 0
1994 0
1994 0
1994 0
1994 0
1994 0
1994 0
1994 0
1994 0
1994 0
1994 0
1994 0
1994 0
1994 0
1994 0
1994 0
1994 0
1994 0
1994 0
1994 0
1994 0
1994 0
1994 0
1994 0
1994 0
1994 0
1994 0
1994 0
1994 0
1994 0
1994 0
1994 0
1994 0
1994 0
1994 0
1994 0
1994 0
1994 0
1994 0
1994 0
1994 0
1994 0
1994 0
1994 0
1994 0.715
1994 0
1994 0
1994 0
1994 0
1994 0
1994 0
1994 0
1994 0
1994 0
1994 0
1994 0
1994 0
1994 0
1994 0
1994 0
1994 0
1994 0
1994 0
1994 0
1994 0
1994 0
1994 0
1994 0
1994 0
1994 0
1994 0
1994 0
1994 0
1994 0
1994 0
1994 0
1994 0
1994 0
1994 0
1994 0
1994 0
1994 0
1994 0
1994 0
1994 0
1994 0
1994 0
1994 0
1994 0
1994 0
1994 0
1994 0
1994 0
1994 0
1994 0
1994 0
1994 0
1994 0
1994 0
1994 0
1994 0
1994 0
1994 0
1994 0
1994 0
1994 0
1994 0
1994 0
1994 0
1994 0
1994 0
1994 0
1994 0
1994 0
1994 0
1994 0
1994 0
1994 0
1994 0
1994 0
1994 0
1994 0
1994 0
1994 0
1994 0
1994 0
1994 0
1994 0
1994 0
1994 0
1994 0
1994 0
1994 0
1994 0
1994 0
1994 0
1994 0
1994 0
1994 0
1994 0
1994 0
1994 0
1994 0
1994 0
1994 0
1994 0
1994 0
1994 0
1994 0
1994 0
1994 0
1994 0
1994 0
1994 0
1994 0
1994 0
1994 0
1994 0
1994 0
1994 0
1994 0
1994 0
1994 0
1994 0
1994 0
1994 0
1994 0
1994 0
1994 0
1994 0
1994 0
1994 0
1994 0
1994 0
1994 0
1994 0
1994 0
1994 0
1994 0
1994 0
1994 0
1994 0
1994 0
1994 0
1994 0
1994 0
1994 0
1994 0
1995 0
1995 0
1995 0
1995 0
1995 0
1995 0
1995 0
1995 0
1995 0
1995 0
1995 0
1995 0
1995 0
1995 0
1995 0
1995 0
1995 0
1995 0
1995 0
1995 0
1995 0
1995 0
1995 0
1995 0
1995 0
1995 0
1995 0
1995 0
1995 0
1995 0
1995 0
1995 0
1995 0
1995 0
1995 0
1995 0
1995 0
1995 0
1995 0
1995 0
1995 0
1995 0
1995 0
1995 0
1995 0
1995 0
1995 0
1995 0
1995 0
1995 0
1995 0
1995 0
1995 0
1995 0
1995 0
1995 0
1995 0
1995 0
1995 0
1995 0
1995 0
1995 0
1995 0
1995 0
1995 0
1995 0
1995 0
1995 0
1995 0
1995 0
1995 0
1995 0
1995 0
1995 0
1995 0
1995 0
1995 0
1995 0
1995 0
1995 0
1995 0
1995 0
1995 0
1995 0
1995 0
1995 0
1995 0
1995 0
1995 0
1995 0
1995 0
1995 0
1995 0
1995 0
1995 0
1995 0
1995 0
1995 0
1995 0
1995 0
1995 0
1995 0
1995 0
1995 0
1995 0
1995 0
1995 0
1995 0
1995 0
1995 1.9
1995 20.6
1995 9.5
1995 3.2
1995 1.4
1995 0.9
1995 0
1995 0
1995 0
1995 0
1995 0
1995 0.7
1995 0
1995 0
1995 0
1995 0
1995 0
1995 0
1995 0
1995 0
1995 0
1995 0
1995 1.9
1995 3.33
1995 0
1995 0
1995 0
1995 0
1995 0
1995 0
1995 0
1995 3.8
1995 0
1995 15.6
1995 0
1995 0
1995 0
1995 0
1995 2.45
1995 0
1995 0
1995 0
1995 0
1995 0
1995 0
1995 0
1995 0
1995 0
1995 0
1995 0
1995 0
1995 0
1995 0
1995 0
1995 0
1995 0
1995 0
1995 0
1995 0
1995 0
1995 0
1995 0
1995 0
1995 0
1995 0
1995 0.806666666666667
1995 0.57
1995 0
1995 0
1995 9.13
1995 0
1995 0
1995 0
1995 0.615
1995 0
1995 4.68833333333333
1995 0.2
1995 1.25
1995 0
1995 6.32
1995 1.44
1995 0
1995 0
1995 0
1995 0
1995 0
1995 0.07
1995 0.513333333333333
1995 0
1995 0
1995 0
1995 0
1995 0
1995 0
1995 0
1995 0
1995 0
1995 0
1995 0
1995 0
1995 0.025
1995 0
1995 0
1995 0
1995 0
1995 0
1995 0
1995 0
1995 0
1995 0
1995 0
1995 0
1995 0
1995 0
1995 0
1995 0
1995 0
1995 0
1995 0
1995 0
1995 0
1995 0
1995 0
1995 0
1995 0
1995 0
1995 0
1995 0
1995 0
1995 0
1995 0
1995 0
1995 0
1995 0
1995 0
1995 0
1995 0
1995 0
1995 0
1995 0
1995 0
1995 0
1995 0
1995 0
1995 0
1995 0
1995 0
1995 0
1995 0
1995 0
1995 0
1995 0
1995 0
1995 0
1995 0
1995 0
1995 0
1995 0
1995 0
1995 0
1995 0
1995 0
1995 0
1995 0
1995 0
1995 0
1995 0
1995 0
1995 0
1995 0
1995 0
1995 0
1995 0
1995 0
1995 0
1995 0
1995 0
1995 0
1995 0
1995 0
1995 0
1995 0
1995 0
1995 0
1995 0
1995 0
1995 0
1995 0
1995 0
1995 0
1995 0
1995 0
1995 0
1995 0
1995 0
1995 0
1995 0
1995 0
1995 0
1995 0
1995 0
1995 0
1995 0
1995 0
1995 0
1995 0
1995 0
1995 0
1995 0
1995 0
1995 0
1995 0
1995 0
1995 0
1995 0
1995 0
1995 0
1995 0
1995 0
1995 0
1995 0
1995 0
1995 0
1995 0
1995 0
1995 0
1995 0
1995 0
1995 0
1995 0
1995 0
1995 0
1995 0
1995 0
1995 0
1995 0
1995 0
1995 0
1995 0
1995 0
1995 0
1995 0
1995 0
1995 0
1995 0
1995 0
1995 0
1995 0
1995 0
1995 0
1995 0
1995 0
1995 0
1995 0
1995 0
1995 0
1996 0
1996 0
1996 0
1996 0
1996 0
1996 0
1996 0
1996 0
1996 0
1996 0
1996 0
1996 0
1996 0
1996 0
1996 0
1996 0
1996 0
1996 0
1996 0
1996 0
1996 0
1996 0
1996 0
1996 0
1996 0
1996 0
1996 0
1996 0
1996 0
1996 0
1996 0
1996 0
1996 0
1996 0
1996 0
1996 0
1996 0
1996 0
1996 0
1996 0
1996 0
1996 0
1996 0
1996 0
1996 0
1996 0
1996 0
1996 0
1996 0
1996 0
1996 0
1996 0
1996 0
1996 0
1996 0
1996 0
1996 0
1996 0
1996 0
1996 0
1996 0
1996 0
1996 0
1996 0
1996 0
1996 0
1996 0
1996 0
1996 0
1996 0
1996 0
1996 0
1996 0
1996 0
1996 0
1996 0
1996 0
1996 0
1996 0
1996 3.24
1996 0
1996 0
1996 0
1996 0
1996 0
1996 0
1996 0
1996 0
1996 0
1996 0
1996 0
1996 0
1996 0
1996 0.8
1996 0
1996 0
1996 6.2
1996 2.2
1996 0
1996 0
1996 0
1996 0
1996 2.1
1996 18.8
1996 13.6
1996 2.2
1996 0
1996 0.68
1996 0.770000000000001
1996 0
1996 0
1996 0.9
1996 1.16
1996 0
1996 0
1996 0
1996 4.98666666666667
1996 6.96
1996 0.5
1996 0
1996 0
1996 8.6
1996 0
1996 0
1996 0
1996 0
1996 0
1996 2.5
1996 10.1
1996 1.96
1996 0
1996 0
1996 0
1996 0
1996 0
1996 0.04
1996 0
1996 0
1996 0
1996 0
1996 0
1996 0
1996 0
1996 0
1996 2.8
1996 3.8
1996 0.3
1996 1.9
1996 1.6
1996 0
1996 0
1996 0.2
1996 0
1996 0
1996 0
1996 1.24666666666667
1996 2.44
1996 0.4
1996 0
1996 0
1996 0
1996 0
1996 0
1996 0
1996 0.6
1996 0.645
1996 0
1996 0
1996 0
1996 0
1996 0.24
1996 9.41666666666667
1996 0
1996 0
1996 0
1996 0
1996 0
1996 0
1996 0
1996 0
1996 0
1996 0
1996 0
1996 0
1996 0
1996 0
1996 0
1996 0
1996 0
1996 0
1996 0
1996 0
1996 1.3
1996 1.2
1996 0
1996 0
1996 0
1996 0
1996 0
1996 0
1996 0
1996 0
1996 0
1996 0
1996 0
1996 0
1996 0
1996 0
1996 0
1996 0
1996 0
1996 0
1996 0.2
1996 0
1996 6.12
1996 1.36
1996 0.953333333333333
1996 0
1996 0
1996 0
1996 0
1996 0
1996 0
1996 0
1996 0
1996 0
1996 0
1996 0
1996 0
1996 0
1996 0
1996 0
1996 0
1996 0
1996 0
1996 0
1996 0
1996 0
1996 0
1996 0
1996 0
1996 0
1996 0
1996 0
1996 0
1996 0
1996 0
1996 0
1996 0
1996 0
1996 0
1996 0
1996 0
1996 0
1996 0
1996 0
1996 0
1996 0
1996 0
1996 0
1996 0
1996 0
1996 0
1996 0
1996 0
1996 0
1996 0
1996 0
1996 0
1996 0
1996 0
1996 0
1996 0
1996 0
1996 0
1996 0
1996 0
1996 0
1996 0
1996 0
1996 0
1996 0
1996 0
1996 0
1996 0
1996 0
1996 0
1996 0
1996 0
1996 0
1996 0
1996 0
1996 0
1996 0
1996 0
1996 0
1996 0
1996 0
1996 0
1996 0
1996 0
1996 0
1996 0
1996 0
1996 0
1996 0
1996 0
1996 0
1996 0
1996 0
1996 0
1996 0
1996 0
1996 0
1996 0
1996 0
1996 0
1996 0
1996 0
1996 0
1996 0
1996 0
1996 0
1996 0
1996 0
1996 0
1996 0
1996 0
1996 0
1996 0
1996 0
1996 0
1996 0
1996 0
1996 0
1996 0
1996 0
1996 0
1996 0
1996 0
1996 0
1996 0
1996 0
1996 0
1996 0
1996 0
1996 0
1996 0
1996 0
1996 0
1996 0
1996 0
1996 0
1996 0
1996 0
1996 0
1996 0
1996 0
1996 0
1996 0
1996 0
1996 0
1996 0
1996 0
1996 0
1996 0
1997 0
1997 0
1997 0
1997 0
1997 0
1997 0
1997 0
1997 0
1997 0
1997 0
1997 0
1997 0
1997 0
1997 0
1997 0
1997 0
1997 0
1997 0
1997 0
1997 0
1997 0
1997 0
1997 0
1997 0
1997 0
1997 0
1997 0
1997 0
1997 0
1997 0
1997 0
1997 0
1997 0
1997 0
1997 0
1997 0
1997 0
1997 0
1997 0
1997 0
1997 0
1997 0
1997 0
1997 0
1997 0
1997 0
1997 0
1997 0
1997 0
1997 0
1997 0
1997 0
1997 0
1997 0
1997 0
1997 0
1997 0
1997 0
1997 0
1997 0
1997 0
1997 0
1997 0
1997 0
1997 0
1997 0
1997 0
1997 0
1997 0
1997 0
1997 0
1997 0
1997 0
1997 0
1997 0
1997 0
1997 0
1997 0
1997 0
1997 0
1997 0
1997 0.56
1997 2.43666666666667
1997 0
1997 0
1997 5.1
1997 0
1997 1
1997 0
1997 0
1997 0
1997 0
1997 0
1997 0
1997 0
1997 0
1997 0
1997 0
1997 0
1997 0
1997 0
1997 0
1997 0
1997 1.12
1997 0
1997 0
1997 0
1997 0
1997 0
1997 0.045
1997 0
1997 0
1997 0
1997 0.368333333333333
1997 1.86
1997 0.4
1997 0
1997 0
1997 0.2
1997 0
1997 0
1997 11.3
1997 2
1997 13.8
1997 24
1997 15.3
1997 0.5
1997 1.1
1997 0
1997 0
1997 1.8
1997 0.8
1997 0
1997 0
1997 0
1997 0
1997 0
1997 0
1997 0
1997 0
1997 0
1997 0.425
1997 0.6
1997 0
1997 0
1997 0
1997 1.54
1997 0
1997 0
1997 0
1997 0
1997 0
1997 0
1997 0
1997 0
1997 0
1997 0
1997 0
1997 0
1997 0
1997 0
1997 0
1997 0
1997 0
1997 0
1997 0
1997 0
1997 0
1997 0
1997 0
1997 0.7
1997 0
1997 0
1997 0
1997 0
1997 0
1997 0
1997 0
1997 0
1997 0
1997 0
1997 0
1997 0
1997 0
1997 0
1997 0
1997 0
1997 0
1997 0
1997 0
1997 0
1997 0
1997 0
1997 0
1997 0
1997 0
1997 0
1997 0
1997 0
1997 0
1997 0
1997 0
1997 0
1997 0
1997 0
1997 0
1997 0
1997 0
1997 0
1997 0
1997 0
1997 0
1997 0
1997 0
1997 0
1997 0
1997 0
1997 0
1997 0
1997 0
1997 0
1997 0
1997 0
1997 0
1997 0
1997 0
1997 0
1997 0.0166666666666667
1997 0
1997 0
1997 0
1997 0
1997 0.195
1997 0
1997 0
1997 0
1997 0
1997 0
1997 0
1997 0
1997 0
1997 0
1997 0
1997 0
1997 0
1997 0
1997 0
1997 0
1997 0
1997 0
1997 0
1997 0
1997 0
1997 0
1997 0
1997 0
1997 0
1997 0
1997 0
1997 0
1997 0
1997 0
1997 0
1997 0
1997 0
1997 0
1997 0
1997 0
1997 0
1997 0
1997 0
1997 0
1997 0
1997 0
1997 0
1997 0
1997 0
1997 0
1997 0
1997 0
1997 0
1997 0
1997 0
1997 0
1997 0
1997 0
1997 0
1997 0
1997 0
1997 0
1997 0
1997 0
1997 0
1997 0
1997 0
1997 0
1997 0
1997 0
1997 0
1997 0
1997 0
1997 0
1997 0
1997 0
1997 0
1997 0
1997 0
1997 0
1997 0
1997 0
1997 0
1997 0
1997 0
1997 0
1997 0
1997 0
1997 0
1997 0
1997 0
1997 0
1997 0
1997 0
1997 0
1997 0
1997 0
1997 0
1997 0
1997 0
1997 0
1997 0
1997 0
1997 0
1997 0
1997 0
1997 0
1997 0
1997 0
1997 0
1997 0
1997 0
1997 0
1997 0
1997 0
1997 0
1997 0
1997 0
1997 0
1997 0
1997 0
1997 0
1997 0
1997 0
1997 0
1997 0
1997 0
1997 0
1997 0
1997 0
1997 0
1997 0
1997 0
1997 0
1997 0
1997 0
1997 0
1998 0
1998 0
1998 0
1998 0
1998 0
1998 0
1998 0
1998 0
1998 0
1998 0
1998 0
1998 0
1998 0
1998 0
1998 0
1998 0
1998 0
1998 0
1998 0
1998 0
1998 0
1998 0
1998 0
1998 0
1998 0
1998 0
1998 0
1998 0
1998 0
1998 0
1998 0
1998 0
1998 0
1998 0
1998 0
1998 0
1998 0
1998 0
1998 0
1998 0
1998 0
1998 0
1998 0
1998 0
1998 0
1998 0
1998 0
1998 0
1998 0
1998 0
1998 0
1998 0
1998 0
1998 0
1998 0
1998 0
1998 0
1998 0
1998 0
1998 5.6
1998 0.075
1998 0
1998 0
1998 0
1998 0
1998 0
1998 0
1998 0
1998 0
1998 0
1998 0
1998 0
1998 0
1998 0
1998 0
1998 0
1998 0
1998 0
1998 0
1998 0
1998 0
1998 0
1998 0
1998 6.9
1998 0
1998 0
1998 0
1998 0
1998 0
1998 0
1998 2.15
1998 0.05
1998 3.17166666666667
1998 1.38
1998 0
1998 0
1998 0
1998 0
1998 0
1998 0.55
1998 0
1998 0.21
1998 0
1998 0
1998 0
1998 1.2
1998 0.4
1998 0.6
1998 1.5
1998 1.505
1998 0
1998 0
1998 0
1998 0
1998 0
1998 0
1998 2.24
1998 0
1998 0
1998 0
1998 0
1998 0
1998 0
1998 1.54
1998 0
1998 0
1998 0
1998 0
1998 0
1998 0
1998 0
1998 0
1998 0
1998 0
1998 0
1998 0
1998 0
1998 0
1998 0
1998 0
1998 1.59
1998 0
1998 0
1998 0
1998 0
1998 0
1998 0
1998 0
1998 0
1998 0
1998 0
1998 0
1998 0
1998 0.1
1998 0
1998 0
1998 0
1998 0
1998 0
1998 0
1998 0
1998 0
1998 0
1998 0
1998 0
1998 0
1998 0
1998 0
1998 0
1998 0
1998 0
1998 0
1998 0
1998 0
1998 0
1998 0
1998 0
1998 0
1998 0
1998 0
1998 0
1998 0
1998 0
1998 0
1998 0
1998 0
1998 0
1998 0
1998 0
1998 0
1998 0
1998 0
1998 0
1998 0
1998 0
1998 0
1998 0
1998 0
1998 0
1998 0
1998 0
1998 0.216666666666667
1998 1.25666666666667
1998 1.4
1998 0
1998 0
1998 0
1998 0
1998 0
1998 0
1998 0
1998 0
1998 0
1998 0
1998 0
1998 0
1998 0
1998 0
1998 0
1998 0
1998 0
1998 0
1998 0
1998 0
1998 0.68
1998 0
1998 0
1998 0.499999999999998
1998 0
1998 0
1998 0
1998 0
1998 0
1998 0
1998 0
1998 0
1998 0
1998 0
1998 0
1998 0
1998 0
1998 0
1998 0
1998 0
1998 0
1998 0
1998 0
1998 0
1998 0
1998 0
1998 0
1998 0
1998 0
1998 0
1998 0
1998 0
1998 0
1998 0
1998 0
1998 0
1998 0
1998 0
1998 0
1998 0
1998 0
1998 0
1998 0
1998 0
1998 0
1998 0
1998 0
1998 0
1998 0
1998 0
1998 0
1998 0
1998 0
1998 0
1998 0
1998 0
1998 0
1998 0
1998 0
1998 0
1998 0
1998 0
1998 0
1998 0
1998 0
1998 0
1998 0
1998 0
1998 0
1998 0
1998 0
1998 0
1998 0
1998 0
1998 0
1998 0
1998 0
1998 0
1998 0
1998 0
1998 0
1998 0
1998 0
1998 0
1998 0
1998 0
1998 0
1998 0
1998 0
1998 0
1998 0
1998 0
1998 0
1998 0
1998 0
1998 0
1998 0
1998 0
1998 0
1998 0
1998 0
1998 0
1998 0
1998 0
1998 0
1998 0
1998 0
1998 0
1998 0
1998 0
1998 0
1998 0
1998 0
1998 0
1998 0
1998 0
1998 0
1998 0
1998 0
1998 0
1998 0
1998 0
1998 0
1998 0
1998 0
1998 0
1998 0
1998 0
1998 0
1998 0
1998 0
1998 0
1998 0
1998 0
1998 0
1998 0
1998 0
1998 0
1998 0
1998 0
1998 0
1999 0
1999 0
1999 0
1999 0
1999 0
1999 0
1999 0
1999 0
1999 0
1999 0
1999 0
1999 0
1999 0
1999 0
1999 0
1999 0
1999 0
1999 0
1999 0
1999 0
1999 0
1999 0
1999 0
1999 0
1999 0
1999 0
1999 0
1999 0
1999 0
1999 0
1999 0
1999 0
1999 0
1999 0
1999 0
1999 0
1999 0
1999 0
1999 0
1999 0
1999 0
1999 0
1999 0
1999 0
1999 0
1999 0
1999 0
1999 0
1999 0
1999 0
1999 0
1999 0
1999 0
1999 0
1999 0
1999 0
1999 0
1999 0
1999 0
1999 0
1999 0
1999 0
1999 0
1999 0
1999 0
1999 0
1999 0
1999 0
1999 0
1999 0
1999 0
1999 0
1999 0
1999 0
1999 0.945
1999 0
1999 0
1999 0
1999 0
1999 0
1999 0
1999 0
1999 5.4
1999 2
1999 0
1999 0.2
1999 0.133333333333333
1999 0
1999 0
1999 0
1999 0.196666666666667
1999 3.8
1999 2.3
1999 0
1999 0
1999 0
1999 0
1999 0
1999 0
1999 0
1999 0
1999 0
1999 0
1999 0
1999 0
1999 0
1999 0
1999 0
1999 0
1999 0
1999 3.6
1999 1.18
1999 0
1999 0
1999 0
1999 0
1999 0
1999 0
1999 0
1999 0
1999 0
1999 0
1999 0
1999 0.1
1999 0.38
1999 0
1999 0
1999 0
1999 0
1999 0.595
1999 0
1999 12.4
1999 40.8
1999 0.193333333333333
1999 0.2
1999 0
1999 0
1999 0
1999 0
1999 0
1999 0
1999 0
1999 0
1999 0
1999 0
1999 0
1999 0
1999 0.0883333333333333
1999 0.16
1999 0.3
1999 0
1999 0
1999 0
1999 0
1999 0
1999 0
1999 0
1999 0
1999 0
1999 0
1999 0
1999 8.2
1999 4.7
1999 0
1999 0
1999 0.3
1999 1.8
1999 0
1999 0
1999 0.3
1999 0.2
1999 0
1999 0
1999 0
1999 0.0216666666666666
1999 0
1999 0
1999 0
1999 0
1999 0
1999 0
1999 0
1999 0
1999 0
1999 0
1999 0
1999 8.82
1999 2.89833333333333
1999 0
1999 0
1999 0
1999 0
1999 0
1999 0
1999 0
1999 0
1999 0
1999 0
1999 0
1999 0
1999 0
1999 0
1999 0
1999 0
1999 0
1999 0
1999 0
1999 0
1999 0
1999 0
1999 0
1999 0
1999 0
1999 0
1999 0
1999 0
1999 0
1999 0
1999 0
1999 0
1999 0
1999 0
1999 0
1999 0
1999 0
1999 0
1999 0
1999 0
1999 0
1999 0
1999 0
1999 0
1999 0
1999 0
1999 0
1999 0
1999 0
1999 0
1999 0
1999 0
1999 0
1999 0
1999 0
1999 0
1999 0
1999 0
1999 0
1999 0
1999 0
1999 0
1999 0
1999 0
1999 0
1999 0
1999 0
1999 0
1999 0
1999 0
1999 0
1999 0
1999 0
1999 0
1999 0
1999 0
1999 0
1999 0
1999 0
1999 0
1999 0
1999 0
1999 0
1999 0
1999 0
1999 0
1999 0
1999 0
1999 0
1999 0
1999 0
1999 0
1999 0
1999 0
1999 0
1999 0
1999 0
1999 0
1999 0
1999 0
1999 0
1999 0
1999 0
1999 0
1999 0
1999 0
1999 0
1999 0
1999 0
1999 0
1999 0
1999 0
1999 0
1999 0
1999 0
1999 0
1999 0
1999 0
1999 0
1999 0
1999 0
1999 0
1999 0
1999 0
1999 0
1999 0
1999 0
1999 0
1999 0
1999 0
1999 0
1999 0
1999 0
1999 0
1999 0
1999 0
1999 0
1999 0
1999 0
1999 0
1999 0
1999 0
1999 0
1999 0
1999 0
1999 0
1999 0
1999 0
1999 0
1999 0
1999 0
1999 0
1999 0
1999 0
1999 0
1999 0
1999 0
1999 0
1999 0
1999 0
1999 0
1999 0
1999 0
1999 0
1999 0
1999 0
1999 0
1999 0
1999 0
1999 0
1999 0
1999 0
1999 0
1999 0
1999 0
1999 0
1999 0
2000 0
2000 0
2000 0
2000 0
2000 0
2000 0
2000 0
2000 0
2000 0
2000 0
2000 0
2000 0
2000 0
2000 0
2000 0
2000 0
2000 0
2000 0
2000 0
2000 0
2000 0
2000 0
2000 0
2000 0
2000 0
2000 0
2000 0
2000 0
2000 0
2000 0
2000 0
2000 0
2000 0
2000 0
2000 0
2000 0
2000 0
2000 0
2000 0
2000 0
2000 0
2000 0
2000 0
2000 0
2000 0
2000 0
2000 0
2000 0
2000 0
2000 0
2000 0
2000 0
2000 0
2000 0
2000 0
2000 0
2000 0
2000 0
2000 0
2000 0
2000 0
2000 0
2000 0
2000 0
2000 0
2000 0
2000 0
2000 0
2000 0
2000 0
2000 0
2000 0
2000 0
2000 0
2000 0
2000 2.385
2000 0.44
2000 6.7
2000 5.4
2000 0.8
2000 0
2000 14.6
2000 0
2000 0
2000 0
2000 0
2000 0
2000 0
2000 0
2000 0
2000 0
2000 0
2000 0
2000 0
2000 0
2000 0
2000 0
2000 0
2000 0
2000 0.4
2000 6.05
2000 0
2000 0.775
2000 0
2000 0
2000 1.9
2000 0.2
2000 0
2000 0
2000 1.8
2000 0
2000 0
2000 0
2000 0
2000 0
2000 1.3
2000 4.2
2000 6.61333333333333
2000 13.05
2000 0
2000 0
2000 0
2000 0
2000 0
2000 0
2000 0
2000 0
2000 0
2000 0
2000 0
2000 0
2000 0
2000 0
2000 0
2000 0
2000 0
2000 0
2000 0
2000 0
2000 0
2000 0
2000 0
2000 0
2000 0
2000 0
2000 0
2000 0
2000 0
2000 0
2000 0
2000 0.5
2000 8.48
2000 0
2000 0
2000 0
2000 0
2000 0
2000 0
2000 0
2000 0
2000 0
2000 0
2000 0
2000 0
2000 0
2000 0
2000 0
2000 0
2000 1.78666666666667
2000 0
2000 0
2000 0
2000 0
2000 0
2000 0
2000 0
2000 0
2000 0
2000 0
2000 0
2000 0
2000 0.015
2000 0
2000 0
2000 0
2000 0
2000 0
2000 0
2000 0
2000 0
2000 0
2000 0
2000 0
2000 0
2000 0
2000 0
2000 0
2000 1.53
2000 0
2000 0
2000 0
2000 0
2000 0
2000 0
2000 0
2000 0
2000 0
2000 0
2000 0
2000 0
2000 0
2000 0
2000 0
2000 0
2000 0
2000 0
2000 0
2000 0
2000 0
2000 0
2000 0
2000 0
2000 0
2000 0
2000 0
2000 0
2000 0
2000 0
2000 0
2000 0
2000 0
2000 0
2000 0
2000 0
2000 0
2000 0
2000 0
2000 0
2000 0
2000 0
2000 0
2000 0
2000 0
2000 0
2000 0
2000 0
2000 0
2000 0
2000 0
2000 0
2000 0
2000 0
2000 0
2000 0
2000 0
2000 0
2000 0
2000 0
2000 0
2000 0
2000 0
2000 0
2000 0
2000 0
2000 0
2000 0
2000 0
2000 0
2000 0
2000 0
2000 0
2000 0
2000 0
2000 0
2000 0
2000 0
2000 0
2000 0
2000 0
2000 0
2000 0
2000 0
2000 0
2000 0
2000 0
2000 0
2000 0
2000 0
2000 0
2000 0
2000 0
2000 0
2000 0
2000 0
2000 0
2000 0
2000 0
2000 0
2000 0
2000 0
2000 0
2000 0
2000 0
2000 0
2000 0
2000 0
2000 0
2000 0
2000 0
2000 0
2000 0
2000 0
2000 0
2000 0
2000 0
2000 0
2000 0
2000 0
2000 0
2000 0
2000 0
2000 0
2000 0
2000 0
2000 0
2000 0
2000 0
2000 0
2000 0
2000 0
2000 0
2000 0
2000 0
2000 0
2000 0
2000 0
2000 0
2000 0
2000 0
2000 0
2000 0
2000 0
2000 0
2000 0
2000 0
2000 0
2000 0
2000 0
2000 0
2000 0
2000 0
2000 0
2000 0
2000 0
2000 0
2000 0
2000 0
2000 0
2000 0
2000 0
2000 0
2000 0
2000 0
2000 0
2000 0
2000 0
2002 0
2002 0
2002 0
2002 0
2002 0
2002 0
2002 0
2002 0
2002 0
2002 0
2002 0
2002 0
2002 0
2002 0
2002 0
2002 0
2002 0
2002 0
2002 0
2002 0
2002 0
2002 0
2002 0
2002 0
2002 0
2002 0
2002 0
2002 0
2002 0
2002 0
2002 0
2002 0
2002 0
2002 0
2002 0
2002 0
2002 0
2002 0
2002 0
2002 0
2002 0
2002 0
2002 0
2002 0
2002 0
2002 0
2002 0
2002 0
2002 0
2002 0
2002 0
2002 0
2002 0
2002 0
2002 0
2002 0
2002 0
2002 0
2002 0
2002 0
2002 0
2002 0
2002 0
2002 0
2002 0
2002 0
2002 0
2002 0
2002 0
2002 0
2002 0.618333333333333
2002 13.12
2002 0
2002 0
2002 0
2002 0
2002 0
2002 0
2002 0
2002 0
2002 0
2002 0
2002 0
2002 0
2002 0
2002 0
2002 0
2002 2.15833333333333
2002 0
2002 0
2002 0
2002 0
2002 0
2002 0
2002 0
2002 0.14
2002 0
2002 0
2002 0
2002 0
2002 0
2002 0
2002 0
2002 1.9
2002 0
2002 0
2002 0
2002 0
2002 0
2002 0
2002 0
2002 0
2002 0
2002 0
2002 0
2002 0
2002 0.2
2002 0
2002 0
2002 0
2002 0
2002 0
2002 0
2002 0
2002 0
2002 0
2002 0
2002 0
2002 0
2002 0
2002 0
2002 0
2002 0
2002 0
2002 0
2002 0
2002 1.1
2002 0
2002 0
2002 0
2002 0
2002 0
2002 0
2002 0
2002 0
2002 0.443333333333333
2002 0
2002 0
2002 0
2002 0
2002 0
2002 0
2002 0
2002 0
2002 0
2002 0
2002 0
2002 0
2002 0
2002 0.633333333333333
2002 0
2002 0
2002 0
2002 0
2002 0
2002 0
2002 0.75
2002 4.07333333333333
2002 7.3
2002 3.6
2002 0
2002 0
2002 0
2002 0
2002 0
2002 0.833333333333333
2002 0
2002 0
2002 0
2002 0
2002 0
2002 0
2002 0
2002 0
2002 0
2002 0
2002 0
2002 0
2002 0
2002 0
2002 0
2002 0
2002 0
2002 0
2002 0
2002 0
2002 0
2002 0
2002 0
2002 0
2002 0
2002 0
2002 0
2002 0
2002 0
2002 0
2002 0
2002 0
2002 0
2002 0
2002 0
2002 0
2002 0
2002 0
2002 0
2002 0
2002 0
2002 0
2002 0
2002 0
2002 0
2002 0
2002 0
2002 0
2002 0
2002 0
2002 0
2002 0
2002 0
2002 0
2002 0
2002 0
2002 0
2002 0
2002 0
2002 0
2002 0
2002 0
2002 0
2002 0
2002 0
2002 0
2002 0
2002 0
2002 0
2002 0
2002 0
2002 0
2002 0
2002 0
2002 0
2002 0
2002 0
2002 0
2002 0
2002 0
2002 0
2002 0
2002 0
2002 0
2002 0
2002 0
2002 0
2002 0
2002 0
2002 0
2002 0
2002 0
2002 0
2002 0
2002 0
2002 0
2002 0
2002 0
2002 0
2002 0
2002 0
2002 0
2002 0
2002 0
2002 0
2002 0
2002 0
2002 0
2002 0
2002 0
2002 0
2002 0
2002 0
2002 0
2002 0
2002 0
2002 0
2002 0
2002 0
2002 0
2002 0
2002 0
2002 0
2002 0
2002 0
2002 0
2002 0
2002 0
2002 0
2002 0
2002 0
2002 0
2002 0
2002 0
2002 0
2002 0
2002 0
2002 0
2002 0
2002 0
2002 0
2002 0
2002 0
2002 0
2002 0
2002 0
2002 0
2002 0
2002 0
2002 0
2002 0
2002 0
2002 0
2002 0
2002 0
2002 0
2002 0
2002 0
2002 0
2002 0
2002 0
2002 0
2002 0
2002 0
2002 0
2002 0
2002 0
2002 0
2002 0
2002 0
2002 0
2002 0
2002 0
2002 0
2002 0
2002 0
2002 0
2002 0
2002 0
2002 0
2002 0
2002 0
2002 0
2002 0
2002 0
2002 0
2002 0
2002 0
2002 0
2003 0
2003 0
2003 0
2003 0
2003 0
2003 0
2003 0
2003 0
2003 0
2003 0
2003 0
2003 0
2003 0
2003 0
2003 0
2003 0
2003 0
2003 0
2003 0
2003 0
2003 0
2003 0
2003 0
2003 0
2003 0
2003 0
2003 0
2003 0
2003 0
2003 0
2003 0
2003 0
2003 0
2003 0
2003 0
2003 0
2003 0
2003 0
2003 0
2003 0
2003 0
2003 0
2003 0
2003 0
2003 0
2003 0
2003 0
2003 0
2003 0
2003 0
2003 0
2003 0
2003 0
2003 0
2003 0
2003 0
2003 0
2003 0
2003 0
2003 0
2003 0
2003 0
2003 0
2003 0
2003 0
2003 0
2003 0
2003 0
2003 0
2003 0
2003 0
2003 0
2003 0
2003 0
2003 0
2003 0
2003 0
2003 0
2003 0
2003 0
2003 0
2003 0
2003 0
2003 0
2003 0
2003 0
2003 0
2003 0
2003 0
2003 0
2003 0
2003 0
2003 1.66666666666667
2003 0.99
2003 2.1
2003 0
2003 0
2003 0
2003 0.0233333333333333
2003 0
2003 0
2003 0
2003 0
2003 0
2003 0
2003 0.5
2003 0
2003 0.14
2003 0
2003 0
2003 0
2003 0
2003 0
2003 0
2003 0
2003 0.035
2003 0
2003 0.968333333333334
2003 0
2003 0
2003 0.04
2003 0
2003 0
2003 0
2003 0
2003 2.17
2003 0.433333333333333
2003 4.2
2003 0.9
2003 0
2003 8.4
2003 0.3
2003 0.2
2003 0
2003 0
2003 0
2003 0
2003 0
2003 0
2003 0
2003 0
2003 0
2003 7.6
2003 4.98666666666667
2003 0
2003 0
2003 0
2003 0
2003 0
2003 0
2003 0
2003 1.3
2003 0
2003 0
2003 0
2003 0.5
2003 3.8
2003 0
2003 0
2003 0
2003 0.3
2003 0
2003 0
2003 0
2003 0
2003 0
2003 0
2003 0
2003 0.1
2003 0
2003 0
2003 0
2003 0
2003 0
2003 0
2003 0
2003 0
2003 0
2003 0
2003 0
2003 0
2003 0
2003 0
2003 0
2003 0
2003 0
2003 0
2003 0
2003 0
2003 0
2003 0
2003 0
2003 0
2003 0
2003 0
2003 0
2003 0
2003 0
2003 0
2003 0
2003 0
2003 0
2003 0
2003 0
2003 0
2003 0
2003 0
2003 0
2003 0
2003 0
2003 0
2003 0
2003 0
2003 0
2003 3.37333333333333
2003 0
2003 0
2003 0
2003 0
2003 0
2003 0.4
2003 0.433333333333333
2003 0
2003 0
2003 0
2003 0
2003 0
2003 0
2003 0
2003 0
2003 0
2003 0
2003 0
2003 0
2003 0
2003 0
2003 0
2003 0
2003 0
2003 0
2003 0
2003 0
2003 0
2003 0
2003 0
2003 0
2003 0
2003 0
2003 0
2003 0
2003 0
2003 0
2003 0
2003 0
2003 0
2003 0
2003 0
2003 0
2003 0
2003 0
2003 0
2003 0
2003 0
2003 0
2003 0
2003 0
2003 0
2003 0
2003 0
2003 0
2003 0
2003 0
2003 0
2003 0
2003 0
2003 0
2003 0
2003 0
2003 0
2003 0
2003 0
2003 0
2003 0
2003 0
2003 0
2003 0
2003 0
2003 0
2003 0
2003 0
2003 0
2003 0
2003 0
2003 0
2003 0
2003 0
2003 0
2003 0
2003 0
2003 0
2003 0
2003 0
2003 0
2003 0
2003 0
2003 0
2003 0
2003 0
2003 0
2003 0
2003 0
2003 0
2003 0
2003 0
2003 0
2003 0
2003 0
2003 0
2003 0
2003 0
2003 0
2003 0
2003 0
2003 0
2003 0
2003 0
2003 0
2003 0
2003 0
2003 0
2003 0
2003 0
2003 0
2003 0
2003 0
2003 0
2003 0
2003 0
2003 0
2003 0
2003 0
2003 0
2003 0
2003 0
2003 0
2003 0
2003 0
2003 0
2003 0
2003 0
2003 0
2003 0
2003 0
2003 0
2003 0
2003 0
2003 0
2003 0
2003 0
2003 0
2003 0
2003 0
2003 0
2003 0
2003 0
2004 0
2004 0
2004 0
2004 0
2004 0
2004 0
2004 0
2004 0
2004 0
2004 0
2004 0
2004 0
2004 0
2004 0
2004 0
2004 0
2004 0
2004 0
2004 0
2004 0
2004 0
2004 0
2004 0
2004 0
2004 0
2004 0
2004 0
2004 0
2004 0
2004 0
2004 0
2004 0
2004 0
2004 0
2004 0
2004 0
2004 0
2004 0
2004 0
2004 0
2004 0
2004 0
2004 0
2004 0
2004 0
2004 0
2004 0
2004 0
2004 0
2004 0
2004 0
2004 0
2004 0
2004 0.46
2004 0
2004 0
2004 0
2004 0
2004 0.645
2004 0
2004 5.78
2004 0
2004 0
2004 0
2004 0
2004 0
2004 0
2004 0
2004 1.94
2004 0
2004 0
2004 0
2004 0
2004 0
2004 0
2004 0
2004 0
2004 0
2004 0
2004 0
2004 0
2004 0
2004 0
2004 0
2004 0
2004 0
2004 0
2004 0
2004 0
2004 0
2004 0
2004 0
2004 0
2004 0
2004 0
2004 0
2004 0
2004 0
2004 0
2004 0
2004 7.2
2004 1.3
2004 0
2004 0
2004 0.00166666666666666
2004 0.15
2004 0
2004 0
2004 0
2004 0
2004 0
2004 0.5
2004 0.14
2004 0
2004 0
2004 0
2004 0
2004 0
2004 10.8616666666667
2004 38.5466666666667
2004 14.5
2004 5.44666666666667
2004 0
2004 0
2004 0
2004 0
2004 0
2004 0
2004 0
2004 1.7
2004 0.2
2004 0
2004 0
2004 0
2004 0
2004 0.195
2004 0
2004 0
2004 0.8
2004 4.8
2004 0
2004 0
2004 0
2004 0
2004 0
2004 0
2004 0
2004 0
2004 4.5
2004 0
2004 0
2004 0
2004 0
2004 0
2004 0
2004 0
2004 0
2004 0
2004 0
2004 0
2004 0
2004 0
2004 0
2004 0
2004 0
2004 0
2004 0
2004 0
2004 0
2004 0
2004 3.9
2004 4.62333333333333
2004 0.3
2004 12
2004 1.14666666666667
2004 2.05333333333333
2004 3
2004 0
2004 15.3
2004 14.3
2004 4.7
2004 0
2004 0
2004 0
2004 0
2004 0
2004 0
2004 1.41333333333333
2004 15.2
2004 0.7
2004 0
2004 3.3
2004 2.65
2004 0
2004 0
2004 0
2004 0
2004 0
2004 0
2004 0
2004 0
2004 0
2004 0
2004 0
2004 3.04
2004 0.005
2004 0
2004 0.433333333333333
2004 0
2004 0
2004 0
2004 0
2004 0
2004 0
2004 0
2004 0
2004 0
2004 0
2004 0
2004 0
2004 0
2004 0
2004 0
2004 0
2004 0
2004 0
2004 0
2004 0
2004 0
2004 0
2004 0
2004 0
2004 0
2004 0
2004 0
2004 0
2004 0
2004 0
2004 0
2004 0
2004 0
2004 0
2004 0
2004 0
2004 0
2004 0
2004 0
2004 0
2004 0
2004 0
2004 0
2004 0
2004 0
2004 0
2004 0
2004 0
2004 0
2004 0
2004 0
2004 0
2004 0
2004 0
2004 0
2004 0
2004 0
2004 0
2004 0
2004 0
2004 0
2004 0
2004 0
2004 0
2004 0
2004 0
2004 0
2004 0
2004 0
2004 0
2004 0
2004 0
2004 0
2004 0
2004 0
2004 0
2004 0
2004 0
2004 0
2004 0
2004 0
2004 0
2004 0
2004 0
2004 0
2004 0
2004 0
2004 0
2004 0
2004 0
2004 0
2004 0
2004 0
2004 0
2004 0
2004 0
2004 0
2004 0
2004 0
2004 0
2004 0
2004 0
2004 0
2004 0
2004 0
2004 0
2004 0
2004 0
2004 0
2004 0
2004 0
2004 0
2004 0
2004 0
2004 0
2004 0
2004 0
2004 0
2004 0
2004 0
2004 0
2004 0
2004 0
2004 0
2004 0
2004 0
2004 0
2004 0
2004 0
2004 0
2004 0
2004 0
2004 0
2004 0
2004 0
2004 0
2004 0
2004 0
2004 0
2004 0
2004 0
2004 0
2004 0
2004 0
2004 0
2004 0
2004 0
2004 0
2004 0
2004 0
2004 0
2004 0
2004 0
2004 0
2004 0
2004 0
2004 0
2004 0
2005 0
2005 0
2005 0
2005 0
2005 0
2005 0
2005 0
2005 0
2005 0
2005 0
2005 0
2005 0
2005 0
2005 0
2005 0
2005 0
2005 0
2005 0
2005 0
2005 0
2005 0
2005 0
2005 0
2005 0
2005 0
2005 0
2005 0
2005 0
2005 0
2005 0
2005 0
2005 0
2005 0
2005 0
2005 0
2005 0
2005 0
2005 0
2005 0
2005 0
2005 0
2005 0
2005 0
2005 0
2005 0
2005 0
2005 0
2005 0
2005 0
2005 0
2005 0
2005 0
2005 0
2005 0
2005 0
2005 0
2005 0
2005 0
2005 0
2005 0
2005 0
2005 0
2005 0
2005 0
2005 0
2005 0
2005 0
2005 0
2005 0
2005 0
2005 18.4666666666667
2005 0
2005 0
2005 0
2005 0
2005 0
2005 0
2005 0
2005 0
2005 0
2005 0
2005 0
2005 0
2005 0
2005 0
2005 0
2005 0
2005 0
2005 0
2005 0
2005 0
2005 1.58666666666667
2005 0
2005 0
2005 0
2005 0.17
2005 0
2005 0
2005 0
2005 0
2005 0
2005 0
2005 0
2005 0
2005 0
2005 0
2005 0
2005 0.8
2005 0
2005 0
2005 0
2005 0
2005 0
2005 0
2005 0
2005 16.6
2005 63
2005 12.6
2005 4.7
2005 0
2005 0
2005 0
2005 0
2005 0
2005 0
2005 0
2005 0
2005 0
2005 0
2005 0
2005 0
2005 0
2005 0
2005 0
2005 0
2005 0
2005 0
2005 0
2005 0
2005 1.4
2005 0
2005 0
2005 1.11166666666667
2005 0
2005 0
2005 0
2005 0
2005 0
2005 0
2005 0.2
2005 0.5
2005 0
2005 0
2005 0.1
2005 0
2005 0
2005 0
2005 0
2005 0
2005 0
2005 0
2005 0
2005 0
2005 0
2005 0
2005 0
2005 0
2005 0
2005 0
2005 0
2005 0
2005 0
2005 3.4
2005 7.2
2005 4.9
2005 0
2005 0
2005 0
2005 0
2005 0
2005 0
2005 0
2005 0
2005 6
2005 0.5
2005 0
2005 0
2005 0
2005 0
2005 0
2005 0
2005 0
2005 1.02
2005 0
2005 0
2005 0
2005 0
2005 0
2005 0
2005 0
2005 0
2005 0
2005 0
2005 0
2005 0
2005 0
2005 0
2005 0
2005 0
2005 0
2005 0
2005 0
2005 0
2005 0
2005 0
2005 0
2005 0
2005 0
2005 0
2005 0
2005 0
2005 0
2005 0
2005 0
2005 0
2005 0
2005 0
2005 0
2005 0
2005 0
2005 0
2005 0
2005 0
2005 0
2005 0
2005 0
2005 0
2005 0
2005 0
2005 0
2005 0
2005 0
2005 0
2005 0
2005 0
2005 0
2005 0
2005 0
2005 0
2005 0
2005 0
2005 0
2005 0
2005 0
2005 0
2005 0
2005 0
2005 0
2005 0
2005 0
2005 0
2005 0
2005 0
2005 0
2005 0
2005 0
2005 0
2005 0
2005 0
2005 0
2005 0
2005 0
2005 0
2005 0
2005 0
2005 0
2005 0
2005 0
2005 0
2005 0
2005 0
2005 0
2005 0
2005 0
2005 0
2005 0
2005 0
2005 0
2005 0
2005 0
2005 0
2005 0
2005 0
2005 0
2005 0
2005 0
2005 0
2005 0
2005 0
2005 0
2005 0
2005 0
2005 0
2005 0
2005 0
2005 0
2005 0
2005 0
2005 0
2005 0
2005 0
2005 0
2005 0
2005 0
2005 0
2005 0
2005 0
2005 0
2005 0
2005 0
2005 0
2005 0
2005 0
2005 0
2005 0
2005 0
2005 0
2005 0
2005 0
2005 0
2005 0
2005 0
2005 0
2005 0
2005 0
2005 0
2005 0
2005 0
2005 0
2005 0
2005 0
2005 0
2005 0
2005 0
2005 0
2005 0
2005 0
2005 0
2005 0
2005 0
2005 0
2005 0
2005 0
2005 0
2005 0
2005 0
2005 0
2005 0
2005 0
2005 0
2005 0
2005 0
2005 0
2005 0
2005 0
2006 0
2006 0
2006 0
2006 0
2006 0
2006 0
2006 0
2006 0
2006 0
2006 0
2006 0
2006 0
2006 0
2006 0
2006 0
2006 0
2006 0
2006 0
2006 0
2006 0
2006 0
2006 0
2006 0
2006 0
2006 0
2006 0
2006 0
2006 0
2006 0
2006 0
2006 0
2006 0
2006 0
2006 0
2006 0
2006 0
2006 0
2006 0
2006 0
2006 0
2006 0
2006 0
2006 0
2006 0
2006 0
2006 0
2006 0
2006 0
2006 0
2006 0
2006 0
2006 0
2006 0
2006 0
2006 0
2006 0
2006 0
2006 0
2006 0
2006 0
2006 0
2006 0
2006 0
2006 0
2006 0
2006 0
2006 0
2006 0
2006 0
2006 0
2006 0
2006 0
2006 0
2006 0
2006 0
2006 0
2006 0
2006 0
2006 0
2006 0
2006 0
2006 0
2006 0
2006 0.3
2006 0.3
2006 3.6
2006 37.3
2006 2.12666666666667
2006 0
2006 6.2
2006 0
2006 0
2006 3.6
2006 26.6
2006 3.91666666666667
2006 4.42
2006 0
2006 0
2006 0
2006 0
2006 0
2006 0
2006 2.3
2006 0
2006 0
2006 0
2006 1.9
2006 0.19
2006 0
2006 0
2006 0
2006 0
2006 0
2006 0
2006 0
2006 0
2006 2.2
2006 6.7
2006 11.6
2006 1.5
2006 0
2006 0.1
2006 13
2006 0
2006 0
2006 1.3
2006 0.1
2006 3.1
2006 0.2
2006 0
2006 0
2006 0
2006 0
2006 0
2006 0
2006 0
2006 0
2006 0
2006 0
2006 0
2006 0
2006 0
2006 0
2006 0
2006 0
2006 0
2006 0
2006 0.7
2006 1.2
2006 0
2006 0
2006 0
2006 0
2006 0
2006 0
2006 0
2006 0
2006 0
2006 0
2006 0
2006 0
2006 0
2006 0
2006 0
2006 0
2006 0
2006 0
2006 0
2006 0
2006 0.198333333333333
2006 17.36
2006 4.34
2006 3.20166666666667
2006 0.0333333333333333
2006 0.173333333333333
2006 1
2006 4.56333333333333
2006 1.2
2006 1.33166666666667
2006 0
2006 0
2006 0.8
2006 0
2006 0
2006 3.02166666666667
2006 9.18333333333333
2006 0
2006 0
2006 0
2006 0.07
2006 6.18666666666667
2006 0.408333333333333
2006 0
2006 2.9
2006 0.5
2006 1.2
2006 0
2006 0
2006 0
2006 0
2006 0
2006 0
2006 0
2006 0
2006 0
2006 0
2006 0
2006 0
2006 0
2006 0
2006 0
2006 0
2006 0
2006 0
2006 0
2006 0
2006 0
2006 0
2006 0
2006 0
2006 0
2006 0
2006 0
2006 0
2006 0
2006 0
2006 0
2006 0
2006 0
2006 0
2006 0
2006 0
2006 0
2006 0
2006 0
2006 0
2006 0
2006 0
2006 0
2006 0
2006 0
2006 0
2006 0
2006 0
2006 0
2006 0
2006 0
2006 0
2006 0
2006 0
2006 0
2006 0
2006 0
2006 0
2006 0
2006 0
2006 0
2006 0
2006 0
2006 0
2006 0
2006 0
2006 0
2006 0
2006 0
2006 0
2006 0
2006 0
2006 0
2006 0
2006 0
2006 0
2006 0
2006 0
2006 0
2006 0
2006 0
2006 0
2006 0
2006 0
2006 0
2006 0
2006 0
2006 0
2006 0
2006 0
2006 0
2006 0
2006 0
2006 0
2006 0
2006 0
2006 0
2006 0
2006 0
2006 0
2006 0
2006 0
2006 0
2006 0
2006 0
2006 0
2006 0
2006 0
2006 0
2006 0
2006 0
2006 0
2006 0
2006 0
2006 0
2006 0
2006 0
2006 0
2006 0
2006 0
2006 0
2006 0
2006 0
2006 0
2006 0
2006 0
2006 0
2006 0
2006 0
2006 0
2006 0
2006 0
2006 0
2006 0
2006 0
2006 0
2006 0
2006 0
2006 0
2006 0
2006 0
2006 0
2006 0
2006 0
2006 0
2006 0
2006 0
2006 0
2006 0
2006 0
2006 0
2006 0
2006 0
2006 0
2006 0
2006 0
2006 0
2006 0
2006 0
2006 0
2006 0
2006 0
2006 0
2006 0
2006 0
2006 0
2006 0
2006 0
2006 0
2007 0
2007 0
2007 0
2007 0
2007 0
2007 0
2007 0
2007 0
2007 0
2007 0
2007 0
2007 0
2007 0
2007 0
2007 0
2007 0
2007 0
2007 0
2007 0
2007 0
2007 0
2007 0
2007 0
2007 0
2007 0
2007 0
2007 0
2007 0
2007 0
2007 0
2007 0
2007 0
2007 0
2007 0
2007 0
2007 0
2007 0
2007 0
2007 0
2007 0
2007 0
2007 0
2007 0
2007 0
2007 0
2007 0
2007 0
2007 0
2007 0
2007 0
2007 0
2007 0
2007 0
2007 0
2007 0
2007 0
2007 0
2007 0
2007 0
2007 0
2007 0
2007 0
2007 0
2007 0.0783333333333333
2007 0
2007 0
2007 0
2007 0
2007 0
2007 0
2007 0
2007 0
2007 0
2007 0
2007 0
2007 0
2007 0
2007 0
2007 0
2007 0
2007 0
2007 0
2007 0
2007 0
2007 0
2007 0
2007 0
2007 0
2007 0
2007 0
2007 0
2007 0
2007 0
2007 0
2007 0
2007 0
2007 0
2007 0
2007 0
2007 0
2007 0.06
2007 0
2007 0
2007 0
2007 0
2007 0
2007 0
2007 0.66
2007 0
2007 0
2007 0
2007 0
2007 0
2007 0
2007 0
2007 0
2007 0
2007 0
2007 0
2007 0
2007 0
2007 0
2007 1.06166666666667
2007 0
2007 0
2007 0
2007 0
2007 0
2007 0
2007 0
2007 0
2007 0
2007 0
2007 0
2007 0
2007 0
2007 0
2007 0
2007 0
2007 0
2007 0
2007 0
2007 0
2007 0
2007 44.11
2007 3.46666666666667
2007 0.8
2007 0.2
2007 0
2007 0
2007 0
2007 0
2007 0
2007 0
2007 0
2007 0
2007 0
2007 0
2007 0
2007 0
2007 0.44
2007 0
2007 0
2007 0
2007 0
2007 0
2007 0
2007 0
2007 0
2007 0
2007 0
2007 0
2007 0
2007 0
2007 0
2007 0
2007 0
2007 0
2007 0
2007 0
2007 0
2007 0
2007 0
2007 0
2007 0
2007 0
2007 0
2007 0
2007 0
2007 0
2007 0
2007 0
2007 0
2007 0
2007 0
2007 0
2007 0
2007 0
2007 0
2007 0
2007 0.085
2007 0
2007 0
2007 0.00666666666666667
2007 0
2007 0.1
2007 0
2007 0
2007 0
2007 0
2007 0
2007 0
2007 0
2007 0
2007 0
2007 0
2007 0
2007 0
2007 0
2007 0
2007 0
2007 0
2007 0
2007 0
2007 0
2007 0
2007 0
2007 0
2007 0
2007 0
2007 0
2007 0
2007 0
2007 0
2007 0
2007 0
2007 0
2007 0
2007 0
2007 0
2007 0
2007 0
2007 0
2007 0
2007 0
2007 0
2007 0
2007 0
2007 0
2007 0
2007 0
2007 0
2007 0
2007 0
2007 0
2007 0
2007 0
2007 0
2007 0
2007 0
2007 0
2007 0
2007 0
2007 0
2007 0
2007 0
2007 0
2007 0
2007 0
2007 0
2007 0
2007 0
2007 0
2007 0
2007 0
2007 0
2007 0
2007 0
2007 0
2007 0
2007 0
2007 0
2007 0
2007 0
2007 0
2007 0
2007 0
2007 0
2007 0
2007 0
2007 0
2007 0
2007 0
2007 0
2007 0
2007 0
2007 0
2007 0
2007 0
2007 0
2007 0
2007 0
2007 0
2007 0
2007 0
2007 0
2007 0
2007 0
2007 0
2007 0
2007 0
2007 0
2007 0
2007 0
2007 0
2007 0
2007 0
2007 0
2007 0
2007 0
2007 0
2007 0
2007 0
2007 0
2007 0
2007 0
2007 0
2007 0
2007 0
2007 0
2007 0
2007 0
2007 0
2007 0
2007 0
2007 0
2007 0
2007 0
2007 0
2007 0
2007 0
2007 0
2007 0
2007 0
2007 0
2007 0
2007 0
2007 0
2007 0
2007 0
2007 0
2007 0
2007 0
2007 0
2007 0
2007 0
2007 0
2007 0
2007 0
2007 0
2007 0
2007 0
2007 0
2007 0
2007 0
2009 0
2009 0
2009 0
2009 0
2009 0
2009 0
2009 0
2009 0
2009 0
2009 0
2009 0
2009 0
2009 0
2009 0
2009 0
2009 0
2009 0
2009 0
2009 0
2009 0
2009 0
2009 0
2009 0
2009 0
2009 0
2009 0
2009 0
2009 0
2009 0
2009 0
2009 0
2009 0
2009 0
2009 0
2009 0
2009 0
2009 0
2009 0
2009 0
2009 0
2009 0
2009 0
2009 0
2009 0
2009 0
2009 0
2009 0
2009 0
2009 0
2009 0
2009 0
2009 0
2009 0
2009 0
2009 0
2009 0
2009 0
2009 0
2009 0
2009 0
2009 0
2009 0
2009 0
2009 0
2009 0
2009 0
2009 0
2009 0
2009 0
2009 0
2009 0
2009 0
2009 0
2009 0
2009 0
2009 0
2009 0
2009 0
2009 0
2009 0
2009 0
2009 0.9
2009 0.105
2009 0
2009 3.6
2009 0
2009 0
2009 0
2009 21
2009 39.8
2009 43.12
2009 14.355
2009 2.98666666666667
2009 0
2009 0
2009 3.8
2009 0
2009 0
2009 0
2009 0
2009 72
2009 89.4
2009 13.685
2009 2.49333333333333
2009 12.975
2009 5.24833333333333
2009 5.65
2009 0
2009 0
2009 0
2009 1.98
2009 0
2009 0
2009 0
2009 0
2009 0.653333333333333
2009 0
2009 0
2009 0
2009 0
2009 0
2009 0
2009 0
2009 0
2009 0
2009 0
2009 0
2009 0
2009 0
2009 0
2009 0
2009 0
2009 0
2009 0
2009 2
2009 13.6
2009 0.173333333333333
2009 0
2009 0
2009 0
2009 6.4
2009 76.7
2009 18.145
2009 0
2009 0.9
2009 0
2009 0
2009 0.6
2009 2
2009 0
2009 0
2009 0
2009 0
2009 5.8
2009 34.4
2009 3.4
2009 0
2009 0
2009 5.76666666666667
2009 16.0333333333333
2009 0.48
2009 0
2009 0.05
2009 0
2009 0
2009 0
2009 0
2009 0
2009 0
2009 0
2009 0
2009 0
2009 0
2009 0
2009 0
2009 0
2009 0
2009 0
2009 0
2009 0
2009 0
2009 0
2009 0
2009 0
2009 0
2009 9.88833333333333
2009 2.38
2009 0
2009 0
2009 0
2009 0
2009 0
2009 0
2009 0
2009 0
2009 0
2009 0
2009 0
2009 0
2009 0
2009 0
2009 0
2009 0
2009 0
2009 0
2009 0
2009 0
2009 0
2009 0
2009 0
2009 0
2009 0
2009 0
2009 0
2009 0
2009 0
2009 0
2009 0
2009 0
2009 0
2009 0
2009 0
2009 0
2009 0
2009 0
2009 0
2009 0
2009 0
2009 0
2009 0
2009 0
2009 0
2009 0
2009 0
2009 0
2009 0
2009 0
2009 0
2009 0
2009 0
2009 0
2009 0
2009 0
2009 0
2009 0
2009 0
2009 0
2009 0
2009 0
2009 0
2009 0
2009 0
2009 0
2009 0
2009 0
2009 0
2009 0
2009 0
2009 0
2009 0
2009 0
2009 0
2009 0
2009 0
2009 0
2009 0
2009 0
2009 0
2009 0
2009 0
2009 0
2009 0
2009 0
2009 0
2009 0
2009 0
2009 0
2009 0
2009 0
2009 0
2009 0
2009 0
2009 0
2009 0
2009 0
2009 0
2009 0
2009 0
2009 0
2009 0
2009 0
2009 0
2009 0
2009 0
2009 0
2009 0
2009 0
2009 0
2009 0
2009 0
2009 0
2009 0
2009 0
2009 0
2009 0
2009 0
2009 0
2009 0
2009 0
2009 0
2009 0
2009 0
2009 0
2009 0
2009 0
2009 0
2009 0
2009 0
2009 0
2009 0
2009 0
2009 0
2009 0
2009 0
2009 0
2009 0
2009 0
2009 0
2009 0
2009 0
2009 0
2009 0
2009 0
2009 0
2009 0
2009 0
2009 0
2009 0
2009 0
2009 0
2009 0
2009 0
2009 0
2009 0
2009 0
2009 0
2009 0
2009 0
2009 0
2009 0
2009 0
2009 0
2009 0
2009 0
2009 0
2009 0
2009 0
2009 0
2009 0
2009 0
2009 0
2009 0
2009 0
2009 0
2009 0
2010 0
2010 0
2010 0
2010 0
2010 0
2010 0
2010 0
2010 0
2010 0
2010 0
2010 0
2010 0
2010 0
2010 0
2010 0
2010 0
2010 0
2010 0
2010 0
2010 0
2010 0
2010 0
2010 0
2010 0
2010 0
2010 0
2010 0
2010 0
2010 0
2010 0
2010 0
2010 0
2010 0
2010 0
2010 0
2010 0
2010 0
2010 0
2010 0
2010 0
2010 0
2010 0
2010 0
2010 0
2010 0
2010 0
2010 0
2010 0
2010 0
2010 0
2010 0
2010 0
2010 0
2010 0
2010 0
2010 0
2010 0
2010 0
2010 0
2010 0
2010 0
2010 0
2010 0
2010 0
2010 0
2010 0.125
2010 0
2010 0
2010 0
2010 0
2010 0
2010 0
2010 0
2010 0
2010 0
2010 0
2010 0
2010 0
2010 0
2010 0
2010 0
2010 0
2010 0
2010 0
2010 0
2010 0
2010 0
2010 0
2010 0
2010 0
2010 0
2010 0
2010 0
2010 0
2010 17
2010 0
2010 0
2010 0.583333333333333
2010 0.99
2010 0
2010 0.0733333333333333
2010 0
2010 0
2010 0
2010 0.3
2010 0.2
2010 0
2010 0
2010 1.3
2010 4
2010 0
2010 0
2010 39.5
2010 7.76
2010 1.115
2010 0
2010 0
2010 0
2010 0
2010 0
2010 0.53
2010 0.0566666666666667
2010 0.0833333333333333
2010 0
2010 0
2010 0
2010 1
2010 0.3
2010 6.1
2010 17.1
2010 9.6
2010 0
2010 1.33333333333333
2010 0.2
2010 0
2010 0
2010 0
2010 0
2010 0
2010 0
2010 0
2010 0
2010 0
2010 0
2010 0
2010 0
2010 0
2010 0.2
2010 0
2010 0
2010 0
2010 4.1
2010 0
2010 0
2010 0
2010 0
2010 0
2010 8
2010 0.533333333333333
2010 0
2010 0
2010 0
2010 12.8
2010 3.8
2010 0
2010 0
2010 0
2010 0
2010 0
2010 0
2010 0
2010 0
2010 1.77333333333333
2010 0
2010 0
2010 0
2010 0
2010 0
2010 0
2010 0
2010 0
2010 0
2010 0
2010 0
2010 0
2010 0
2010 0.1
2010 0
2010 0
2010 1.8
2010 7.8
2010 0
2010 0
2010 0
2010 0
2010 0
2010 0
2010 0
2010 0
2010 0
2010 0
2010 0
2010 0
2010 0
2010 0
2010 0
2010 0
2010 0
2010 0
2010 0
2010 0
2010 0
2010 0
2010 0
2010 0
2010 0
2010 0
2010 0
2010 0
2010 0
2010 0
2010 0
2010 0
2010 0
2010 0
2010 0
2010 0
2010 0
2010 0
2010 0
2010 0
2010 0
2010 0
2010 0
2010 0
2010 0
2010 0
2010 0
2010 0
2010 0
2010 0
2010 0
2010 0
2010 0
2010 0
2010 0
2010 0
2010 0
2010 0
2010 0
2010 0
2010 0
2010 0
2010 0
2010 0
2010 0
2010 0
2010 0
2010 0
2010 0
2010 0
2010 0
2010 0
2010 0
2010 0
2010 0
2010 0
2010 0
2010 0
2010 0
2010 0
2010 0
2010 0
2010 0
2010 0
2010 0
2010 0
2010 0
2010 0
2010 0
2010 0
2010 0
2010 0
2010 0
2010 0
2010 0
2010 0
2010 0
2010 0
2010 0
2010 0
2010 0
2010 0
2010 0
2010 0
2010 0
2010 0
2010 0
2010 0
2010 0
2010 0
2010 0
2010 0
2010 0
2010 0
2010 0
2010 0
2010 0
2010 0
2010 0
2010 0
2010 0
2010 0
2010 0
2010 0
2010 0
2010 0
2010 0
2010 0
2010 0
2010 0
2010 0
2010 0
2010 0
2010 0
2010 0
2010 0
2010 0
2010 0
2010 0
2010 0
2010 0
2010 0
2010 0
2010 0
2010 0
2010 0
2010 0
2010 0
2010 0
2010 0
2010 0
2010 0
2010 0
2010 0
2010 0
2010 0
2010 0
2010 0
2010 0
2010 0
2010 0
2010 0
2010 0
2010 0
2010 0
2010 0
2010 0
2010 0
2010 0
2010 0
2010 0
2010 0
2010 0
2010 0
2011 0
2011 0
2011 0
2011 0
2011 0
2011 0
2011 0
2011 0
2011 0
2011 0
2011 0
2011 0
2011 0
2011 0
2011 0
2011 0
2011 0
2011 0
2011 0
2011 0
2011 0
2011 0
2011 0
2011 0
2011 0
2011 0
2011 0
2011 0
2011 0
2011 0
2011 0
2011 0
2011 0
2011 0
2011 0
2011 0
2011 0
2011 0
2011 0
2011 0
2011 0
2011 0
2011 0
2011 0
2011 0
2011 0
2011 0
2011 0
2011 0
2011 0
2011 0
2011 0
2011 0
2011 0
2011 0
2011 0.0199999999999999
2011 0
2011 0
2011 0
2011 0
2011 0
2011 0
2011 0
2011 0
2011 0
2011 0
2011 0
2011 0
2011 0
2011 0
2011 0.0533333333333334
2011 0
2011 0
2011 0
2011 0
2011 0
2011 0
2011 0
2011 0
2011 0
2011 0
2011 0
2011 0
2011 0
2011 0
2011 0
2011 12.6
2011 0.3
2011 13.8
2011 3
2011 4.4
2011 17.8
2011 9.9
2011 12.8
2011 1.6
2011 0
2011 0.2
2011 0.2
2011 0
2011 0.0583333333333333
2011 1.3
2011 0
2011 0
2011 0
2011 0
2011 0
2011 0
2011 2.3
2011 0
2011 0
2011 0
2011 0
2011 5.015
2011 27.2333333333333
2011 0
2011 0
2011 0
2011 0
2011 0
2011 0
2011 0
2011 0
2011 0
2011 0
2011 0
2011 0
2011 0
2011 0
2011 0
2011 0
2011 0
2011 1.45833333333333
2011 0.538333333333333
2011 0
2011 0
2011 0
2011 0
2011 0
2011 0
2011 0
2011 0.21
2011 0
2011 0
2011 0
2011 0
2011 0
2011 0
2011 0
2011 0
2011 0
2011 0
2011 0
2011 0
2011 0
2011 0
2011 0
2011 0
2011 0
2011 0
2011 0
2011 0
2011 0
2011 0
2011 0
2011 0
2011 0.00999999999999996
2011 0
2011 0
2011 7.53666666666667
2011 0.54
2011 0
2011 0
2011 0
2011 0.146666666666667
2011 0
2011 0
2011 0
2011 0
2011 0
2011 2.65
2011 0.065
2011 0
2011 0.1
2011 3.26833333333333
2011 0
2011 0
2011 0
2011 0
2011 0
2011 0
2011 0
2011 0
2011 0
2011 0
2011 0
2011 0
2011 0
2011 0
2011 0
2011 0
2011 0
2011 0
2011 0
2011 0
2011 0
2011 0
2011 0
2011 0
2011 0
2011 0
2011 0
2011 0
2011 0
2011 0
2011 0
2011 0
2011 0
2011 0
2011 0
2011 0
2011 0
2011 0
2011 0
2011 0
2011 0
2011 0
2011 0
2011 0
2011 0
2011 0
2011 0
2011 0
2011 0
2011 0
2011 0
2011 0
2011 0
2011 0
2011 0
2011 0
2011 0
2011 0
2011 0
2011 0
2011 0
2011 0
2011 0
2011 0
2011 0
2011 0
2011 0
2011 0
2011 0
2011 0
2011 0
2011 0
2011 0
2011 0
2011 0
2011 0
2011 0
2011 0
2011 0
2011 0
2011 0
2011 0
2011 0
2011 0
2011 0
2011 0
2011 0
2011 0
2011 0
2011 0
2011 0
2011 0
2011 0
2011 0
2011 0
2011 0
2011 0
2011 0
2011 0
2011 0
2011 0
2011 0
2011 0
2011 0
2011 0
2011 0
2011 0
2011 0
2011 0
2011 0
2011 0
2011 0
2011 0
2011 0
2011 0
2011 0
2011 0
2011 0
2011 0
2011 0
2011 0
2011 0
2011 0
2011 0
2011 0
2011 0
2011 0
2011 0
2011 0
2011 0
2011 0
2011 0
2011 0
2011 0
2011 0
2011 0
2011 0
2011 0
2011 0
2011 0
2011 0
2011 0
2011 0
2011 0
2011 0
2011 0
2011 0
2011 0
2011 0
2011 0
2011 0
2011 0
2011 0
2011 0
2011 0
2011 0
2011 0
2011 0
2011 0
2011 0
2011 0
2011 0
2011 0
2011 0
2011 0
2011 0
2011 0
2011 0
2011 0
2011 0
2011 0
2011 0
2011 0
2011 0
2011 0
2011 0
2011 0
2011 0
2011 0
2011 0
2011 0
2012 0
2012 0
2012 0
2012 0
2012 0
2012 0
2012 0
2012 0
2012 0
2012 0
2012 0
2012 0
2012 0
2012 0
2012 0
2012 0
2012 0
2012 0
2012 0
2012 0
2012 0
2012 0
2012 0
2012 0
2012 0
2012 0
2012 0
2012 0
2012 0
2012 0
2012 0
2012 0
2012 0
2012 0
2012 0
2012 0
2012 0
2012 0
2012 0
2012 0
2012 0
2012 0
2012 0
2012 0
2012 0
2012 0
2012 0
2012 0
2012 0
2012 0
2012 0
2012 0
2012 0
2012 0
2012 0
2012 0
2012 0
2012 0
2012 0
2012 0
2012 0
2012 0
2012 0
2012 0
2012 0
2012 0
2012 0
2012 0
2012 0
2012 0
2012 0
2012 0
2012 0
2012 0
2012 0
2012 0
2012 0
2012 0
2012 0
2012 0
2012 0
2012 0
2012 0
2012 0
2012 0
2012 0
2012 0
2012 0
2012 0
2012 0
2012 0
2012 0
2012 0
2012 0.57
2012 0
2012 0
2012 0
2012 3.6
2012 0
2012 0
2012 0
2012 0
2012 1.21333333333333
2012 0
2012 0
2012 0.396666666666667
2012 7.15333333333333
2012 0
2012 0
2012 0
2012 0
2012 0
2012 0
2012 0
2012 0
2012 0
2012 0
2012 0
2012 0
2012 0.525
2012 0.5
2012 0
2012 0
2012 17.405
2012 0
2012 0
2012 3.5
2012 0.0966666666666667
2012 0.653333333333333
2012 0.06
2012 0
2012 0
2012 0
2012 0
2012 0
2012 0
2012 0
2012 0
2012 0
2012 0
2012 0
2012 2.9
2012 0.4
2012 0
2012 0
2012 0
2012 0
2012 0
2012 0
2012 0
2012 0
2012 0
2012 0
2012 0.1
2012 0
2012 0
2012 0.3
2012 0
2012 5.1
2012 0.4
2012 0
2012 0.1
2012 0
2012 1.3
2012 1.5
2012 0
2012 0
2012 0.1
2012 0
2012 0
2012 0
2012 2.6
2012 0.875
2012 0
2012 0
2012 0
2012 0
2012 0
2012 0
2012 0
2012 0
2012 0
2012 0
2012 0
2012 0
2012 0
2012 0
2012 0
2012 0
2012 0
2012 0
2012 0
2012 0
2012 0
2012 0
2012 0
2012 0
2012 0
2012 0
2012 0
2012 0
2012 0
2012 0
2012 0
2012 0
2012 0
2012 0
2012 0
2012 0
2012 0
2012 0
2012 0
2012 0
2012 0
2012 0
2012 0
2012 0
2012 0
2012 0
2012 0
2012 0
2012 0
2012 0
2012 0
2012 0
2012 0
2012 0
2012 0
2012 0
2012 0
2012 0
2012 0
2012 0
2012 0
2012 0
2012 0
2012 0
2012 0
2012 0
2012 0
2012 0
2012 0
2012 0
2012 0
2012 0
2012 0
2012 0
2012 0
2012 0
2012 0
2012 0
2012 0
2012 0
2012 0
2012 0
2012 0
2012 0
2012 0
2012 0
2012 0
2012 0
2012 0
2012 0
2012 0
2012 0
2012 0
2012 0
2012 0
2012 0
2012 0
2012 0
2012 0
2012 0
2012 0
2012 0
2012 0
2012 0
2012 0
2012 0
2012 0
2012 0
2012 0
2012 0
2012 0
2012 0
2012 0
2012 0
2012 0
2012 0
2012 0
2012 0
2012 0
2012 0
2012 0
2012 0
2012 0
2012 0
2012 0
2012 0
2012 0
2012 0
2012 0
2012 0
2012 0
2012 0
2012 0
2012 0
2012 0
2012 0
2012 0
2012 0
2012 0
2012 0
2012 0
2012 0
2012 0
2012 0
2012 0
2012 0
2012 0
2012 0
2012 0
2012 0
2012 0
2012 0
2012 0
2012 0
2012 0
2012 0
2012 0
2012 0
2012 0
2012 0
2012 0
2012 0
2012 0
2012 0
2012 0
2012 0
2012 0
2012 0
2012 0
2012 0
2012 0
2012 0
2012 0
2012 0
2012 0
2012 0
2012 0
2012 0
2012 0
2012 0
2012 0
2012 0
2012 0
2012 0
2012 0
2012 0
2012 0
2012 0
2012 0
2012 0
2012 0
2012 0
2012 0
2013 0
2013 0
2013 0
2013 0
2013 0
2013 0
2013 0
2013 0
2013 0
2013 0
2013 0
2013 0
2013 0
2013 0
2013 0
2013 0
2013 0
2013 0
2013 0
2013 0
2013 0
2013 0
2013 0
2013 0
2013 0
2013 0
2013 0
2013 0
2013 0
2013 0
2013 0
2013 0
2013 0
2013 0
2013 0
2013 0
2013 0
2013 0
2013 0
2013 0
2013 0
2013 0
2013 0
2013 0
2013 0
2013 0
2013 0
2013 0
2013 0
2013 0
2013 0
2013 0
2013 0
2013 0
2013 0
2013 0
2013 0
2013 0
2013 0
2013 0
2013 18.745
2013 0
2013 0
2013 0
2013 0
2013 0
2013 0
2013 0
2013 0
2013 0
2013 0
2013 0
2013 0
2013 0
2013 0
2013 0
2013 0
2013 0
2013 0
2013 0
2013 0
2013 0
2013 0
2013 0
2013 0
2013 0
2013 0
2013 0
2013 0
2013 0
2013 0
2013 0.536666666666667
2013 7.91
2013 0
2013 1.3
2013 0
2013 0
2013 0
2013 0.1
2013 0
2013 0
2013 0
2013 0
2013 0
2013 0
2013 8.7
2013 0
2013 0
2013 0
2013 0
2013 0
2013 0
2013 0
2013 0
2013 0
2013 0
2013 6.27
2013 0.825
2013 0
2013 0
2013 0
2013 0
2013 0
2013 0
2013 0
2013 0
2013 0
2013 0
2013 0
2013 0
2013 0
2013 0
2013 0
2013 0
2013 9.2
2013 16.7
2013 9.9
2013 12.2
2013 0
2013 0
2013 0
2013 13.8
2013 4.26666666666667
2013 0.42
2013 0
2013 0
2013 0
2013 0
2013 0
2013 0
2013 0
2013 0
2013 0
2013 0
2013 1.65
2013 0
2013 0
2013 2.635
2013 1.7
2013 0
2013 0
2013 0
2013 0
2013 30
2013 2.9
2013 0.3
2013 0
2013 0
2013 0
2013 0.0133333333333333
2013 0.1
2013 0
2013 1.4
2013 2
2013 3.3
2013 18.7
2013 8.5
2013 0
2013 1
2013 0
2013 0
2013 0
2013 0
2013 0
2013 0
2013 0
2013 0
2013 0
2013 0
2013 0
2013 0
2013 0
2013 0
2013 0
2013 0
2013 0
2013 0
2013 0.76
2013 57.855
2013 0
2013 0
2013 0
2013 0
2013 0
2013 0
2013 4.59
2013 2.5
2013 0
2013 4.98
2013 0.00333333333333334
2013 4.15333333333333
2013 0
2013 0
2013 0
2013 0
2013 0
2013 0
2013 0
2013 0
2013 0
2013 0
2013 0
2013 0
2013 0
2013 0
2013 0
2013 0
2013 0
2013 0
2013 0
2013 0
2013 0
2013 0
2013 0
2013 0
2013 0
2013 0
2013 0
2013 0
2013 0
2013 0
2013 0
2013 0
2013 0
2013 0
2013 0
2013 0
2013 0
2013 0
2013 0
2013 0
2013 0
2013 0
2013 0
2013 0
2013 0
2013 0
2013 0
2013 0
2013 0
2013 0
2013 0
2013 0
2013 0
2013 0
2013 0
2013 0
2013 0
2013 0
2013 0
2013 0
2013 0
2013 0
2013 0
2013 0
2013 0
2013 0
2013 0
2013 0
2013 0
2013 0
2013 0
2013 0
2013 0
2013 0
2013 0
2013 0
2013 0
2013 0
2013 0
2013 0
2013 0
2013 0
2013 0
2013 0
2013 0
2013 0
2013 0
2013 0
2013 0
2013 0
2013 0
2013 0
2013 0
2013 0
2013 0
2013 0
2013 0
2013 0
2013 0
2013 0
2013 0
2013 0
2013 0
2013 0
2013 0
2013 0
2013 0
2013 0
2013 0
2013 0
2013 0
2013 0
2013 0
2013 0
2013 0
2013 0
2013 0
2013 0
2013 0
2013 0
2013 0
2013 0
2013 0
2013 0
2013 0
2013 0
2013 0
2013 0
2013 0
2013 0
2013 0
2013 0
2013 0
2013 0
2013 0
2013 0
2013 0
2013 0
2013 0
2013 0
2013 0
2013 0
2013 0
2013 0
2013 0
2013 0
2013 0
2013 0
2013 0
2013 0
2013 0
2013 0
2013 0
2013 0
2014 0
2014 0
2014 0
2014 0
2014 0
2014 0
2014 0
2014 0
2014 0
2014 0
2014 0
2014 0
2014 0
2014 0
2014 0
2014 0
2014 0
2014 0
2014 0
2014 0
2014 0
2014 0
2014 0
2014 0
2014 0
2014 0
2014 0
2014 0
2014 0
2014 0
2014 0
2014 0
2014 0
2014 0
2014 0
2014 0
2014 0
2014 0
2014 0
2014 0
2014 0
2014 0
2014 0
2014 0
2014 0
2014 0
2014 0
2014 0
2014 0
2014 0
2014 0
2014 0
2014 0
2014 0
2014 0
2014 0
2014 0
2014 0
2014 0
2014 0
2014 0
2014 0
2014 0
2014 0
2014 0
2014 0
2014 0
2014 0
2014 0
2014 0
2014 0
2014 0
2014 0
2014 0
2014 0
2014 0
2014 0
2014 0
2014 0
2014 0
2014 0
2014 0
2014 1.305
2014 6.69333333333333
2014 0.03
2014 0
2014 0
2014 0
2014 0
2014 0
2014 0
2014 0
2014 0
2014 0
2014 0
2014 0
2014 0
2014 0
2014 0
2014 0
2014 0
2014 0
2014 0
2014 0
2014 0
2014 0
2014 0
2014 0
2014 0
2014 0
2014 0
2014 0
2014 0
2014 0
2014 0
2014 0
2014 8.58999999999999
2014 0
2014 0.126666666666667
2014 0
2014 0
2014 0
2014 0
2014 0
2014 0
2014 18.4583333333333
2014 14.2
2014 0
2014 0
2014 0
2014 0
2014 0
2014 0
2014 0
2014 1.47
2014 17.5433333333333
2014 0
2014 0
2014 7.72666666666667
2014 19.1266666666667
2014 6.93
2014 0
2014 0
2014 0
2014 2.32
2014 0.23
2014 0.3
2014 0
2014 6.72
2014 0.19
2014 0.7
2014 83.7
2014 64.3
2014 30.7883333333333
2014 11.9866666666667
2014 1.61
2014 7.36666666666667
2014 1.19
2014 0.0416666666666667
2014 0
2014 2.61333333333333
2014 11.455
2014 20.1
2014 6.16
2014 0
2014 0.76
2014 0
2014 0
2014 0
2014 3.28166666666666
2014 3.19
2014 0
2014 0.0866666666666667
2014 0
2014 0
2014 0
2014 0
2014 0
2014 0
2014 0
2014 0
2014 2.26666666666667
2014 0.266666666666667
2014 0
2014 0
2014 0
2014 0
2014 0
2014 0
2014 0
2014 0
2014 0
2014 0
2014 0
2014 0
2014 0
2014 0
2014 0
2014 0
2014 0
2014 0
2014 0
2014 0
2014 0
2014 0
2014 0
2014 0.05
2014 0
2014 0
2014 0
2014 0
2014 0
2014 0
2014 0
2014 0
2014 0
2014 0
2014 0
2014 0
2014 0
2014 0
2014 0
2014 0
2014 0
2014 0
2014 0
2014 0
2014 0
2014 0
2014 0
2014 0
2014 0
2014 0
2014 0
2014 0
2014 0
2014 0
2014 0
2014 0
2014 0
2014 0
2014 0
2014 0
2014 0
2014 0
2014 0
2014 0
2014 0
2014 0
2014 0
2014 0
2014 0
2014 0
2014 0
2014 0
2014 0
2014 0
2014 0
2014 0
2014 0
2014 0
2014 0
2014 0
2014 0
2014 0
2014 0
2014 0
2014 0
2014 0
2014 0
2014 0
2014 0
2014 0
2014 0
2014 0
2014 0
2014 0
2014 0
2014 0
2014 0
2014 0
2014 0
2014 0
2014 0
2014 0
2014 0
2014 0
2014 0
2014 0
2014 0
2014 0
2014 0
2014 0
2014 0
2014 0
2014 0
2014 0
2014 0
2014 0
2014 0
2014 0
2014 0
2014 0
2014 0
2014 0
2014 0
2014 0
2014 0
2014 0
2014 0
2014 0
2014 0
2014 0
2014 0
2014 0
2014 0
2014 0
2014 0
2014 0
2014 0
2014 0
2014 0
2014 0
2014 0
2014 0
2014 0
2014 0
2014 0
2014 0
2014 0
2014 0
2014 0
2014 0
2014 0
2014 0
2014 0
2014 0
2014 0
2014 0
2014 0
2014 0
2014 0
2014 0
2014 0
2014 0
2014 0
2014 0
2014 0
2014 0
2014 0
2014 0
2014 0
2014 0
2014 0
2014 0
2014 0
2014 0
2014 0
2014 0
2014 0
2014 0
2014 0
2014 0
2014 0
2014 0
2015 0
2015 0
2015 0
2015 0
2015 0
2015 0
2015 0
2015 0
2015 0
2015 0
2015 0
2015 0
2015 0
2015 0
2015 0
2015 0
2015 0
2015 0
2015 0
2015 0
2015 0
2015 0
2015 0
2015 0
2015 0
2015 0
2015 0
2015 0
2015 0
2015 0
2015 0
2015 0
2015 0
2015 0
2015 0
2015 0
2015 0
2015 0
2015 0
2015 0
2015 0
2015 0
2015 0
2015 0
2015 0
2015 0
2015 0
2015 0
2015 0
2015 0
2015 0
2015 0
2015 0
2015 0
2015 0
2015 0
2015 0
2015 0
2015 0
2015 0
2015 0
2015 0
2015 0
2015 0
2015 0
2015 0
2015 0
2015 0
2015 0
2015 0
2015 0
2015 0
2015 0
2015 0
2015 0
2015 0
2015 0
2015 0
2015 0
2015 0
2015 0
2015 0
2015 0
2015 0
2015 0
2015 0
2015 0
2015 0
2015 0
2015 0
2015 0
2015 0
2015 0
2015 0
2015 0.29
2015 0
2015 0
2015 0
2015 0
2015 0
2015 0
2015 0
2015 0
2015 0
2015 0
2015 0
2015 0
2015 0
2015 0
2015 0
2015 0
2015 0
2015 0
2015 0
2015 0
2015 0
2015 0
2015 8.4
2015 0
2015 0
2015 1.1
2015 0
2015 0
2015 0
2015 0.35
2015 0
2015 0
2015 0
2015 0
2015 0
2015 6.68666666666667
2015 0
2015 0.7
2015 0
2015 0
2015 0.57
2015 0
2015 16.2666666666667
2015 0
2015 0.14
2015 0
2015 0
2015 4.33333333333333
2015 0.07
2015 0
2015 0
2015 0
2015 0
2015 0
2015 0
2015 3.135
2015 7.5
2015 0
2015 0
2015 0
2015 0
2015 2.3
2015 3.905
2015 4.4
2015 0
2015 0
2015 0
2015 0
2015 0
2015 0
2015 0
2015 0
2015 0
2015 0
2015 0
2015 0
2015 0
2015 0
2015 0
2015 0.975
2015 0
2015 0
2015 0
2015 0
2015 0
2015 0
2015 0
2015 0
2015 0
2015 0
2015 0
2015 0
2015 0
2015 0
2015 0
2015 0
2015 0
2015 0
2015 0
2015 0
2015 0
2015 0
2015 0
2015 0
2015 0
2015 0
2015 0
2015 0
2015 0
2015 0
2015 0
2015 0
2015 0
2015 0
2015 0
2015 0
2015 0
2015 0
2015 0
2015 0
2015 0
2015 0
2015 0
2015 0
2015 0
2015 0
2015 0
2015 0
2015 0
2015 0
2015 0
2015 0
2015 0
2015 0
2015 0
2015 0
2015 0
2015 0
2015 0
2015 0
2015 0
2015 0
2015 0
2015 0
2015 0
2015 0
2015 0
2015 0
2015 0
2015 0
2015 0
2015 0
2015 0
2015 0
2015 0
2015 0
2015 0
2015 0
2015 0
2015 0
2015 0
2015 0
2015 0
2015 0
2015 0
2015 0
2015 0
2015 0
2015 0
2015 0
2015 0
2015 0
2015 0
2015 0
2015 0
2015 0
2015 0
2015 0
2015 0
2015 0
2015 0
2015 0
2015 0
2015 0
2015 0
2015 0
2015 0
2015 0
2015 0
2015 0
2015 0
2015 0
2015 0
2015 0
2015 0
2015 0
2015 0
2015 0
2015 0
2015 0
2015 0
2015 0
2015 0
2015 0
2015 0
2015 0
2015 0
2015 0
2015 0
2015 0
2015 0
2015 0
2015 0
2015 0
2015 0
2015 0
2015 0
2015 0
2015 0
2015 0
2015 0
2015 0
2015 0
2015 0
2015 0
2015 0
2015 0
2015 0
2015 0
2015 0
2015 0
2015 0
2015 0
2015 0
2015 0
2015 0
2015 0
2015 0
2015 0
2015 0
2015 0
2015 0
2015 0
2015 0
2015 0
2015 0
2015 0
2015 0
2015 0
2015 0
2015 0
2015 0
2015 0
2015 0
2015 0
2015 0
2015 0
2015 0
2015 0
2015 0
2015 0
2015 0
2015 0
2015 0
2015 0
2015 0
2015 0
2015 0
2015 0
2015 0
2018 0
2018 0
2018 0
2018 0
2018 0
2018 0
2018 0
2018 0
2018 0
2018 0
2018 0
2018 0
2018 0
2018 0
2018 0
2018 0
2018 0
2018 0
2018 0
2018 0
2018 0
2018 0
2018 0
2018 0
2018 0
2018 0
2018 0
2018 0
2018 0
2018 0
2018 0
2018 0
2018 0
2018 0
2018 0
2018 0
2018 0
2018 0
2018 0
2018 0
2018 0
2018 0
2018 0
2018 0
2018 0
2018 0
2018 0
2018 0
2018 0
2018 0
2018 0
2018 0
2018 0
2018 0
2018 0
2018 0
2018 0
2018 0
2018 0
2018 0
2018 0
2018 0
2018 0
2018 0
2018 0
2018 0
2018 0
2018 0
2018 0
2018 0
2018 0
2018 0
2018 0
2018 0.00166666666666666
2018 0
2018 0
2018 0
2018 0
2018 0
2018 0
2018 0
2018 0
2018 0
2018 0
2018 0
2018 0
2018 0.15
2018 0
2018 0
2018 11.16
2018 1.7
2018 0
2018 0
2018 0
2018 0
2018 0
2018 0
2018 0
2018 3.73666666666667
2018 0
2018 2.9
2018 94.5
2018 0
2018 0.366666666666667
2018 0
2018 6.205
2018 0
2018 0
2018 0
2018 0
2018 0
2018 0
2018 0
2018 0
2018 0
2018 0
2018 2.56
2018 47.84
2018 1.28333333333333
2018 0
2018 0
2018 0
2018 14.6
2018 0
2018 3.4
2018 2
2018 0
2018 0
2018 0.625
2018 0
2018 0
2018 0
2018 0
2018 0
2018 0.0183333333333333
2018 0.216666666666667
2018 0
2018 0.2
2018 0.0883333333333333
2018 0
2018 0
2018 1
2018 0
2018 0
2018 0
2018 0
2018 0
2018 0
2018 0
2018 0
2018 0
2018 0
2018 0
2018 12.98
2018 8.695
2018 2.4
2018 0
2018 0
2018 1
2018 1.33333333333333
2018 0.666666666666667
2018 0
2018 0
2018 5.2
2018 2.6
2018 0
2018 0
2018 0
2018 0
2018 0
2018 0
2018 0.255
2018 0.2
2018 1.68
2018 5.775
2018 1.4
2018 0
2018 0
2018 0.2
2018 0
2018 0
2018 0
2018 1.2
2018 0
2018 0
2018 0
2018 0
2018 0.1
2018 0
2018 0
2018 0
2018 0
2018 0
2018 0
2018 0
2018 0
2018 0
2018 0
2018 0
2018 1.34166666666667
2018 0
2018 0
2018 0
2018 0
2018 0
2018 0
2018 0
2018 0
2018 0
2018 0
2018 0
2018 0
2018 0
2018 0
2018 0
2018 0
2018 0
2018 0
2018 0
2018 0
2018 0
2018 0
2018 0
2018 0
2018 0
2018 0
2018 0
2018 0
2018 0
2018 0
2018 0
2018 0
2018 0
2018 0
2018 0
2018 0
2018 0
2018 0
2018 0
2018 0
2018 0
2018 0
2018 0
2018 0
2018 0
2018 0
2018 0
2018 0
2018 0
2018 0
2018 0
2018 0
2018 0
2018 0
2018 0
2018 0
2018 0
2018 0
2018 0
2018 0
2018 0
2018 0
2018 0
2018 0
2018 0
2018 0
2018 0
2018 0
2018 0
2018 0
2018 0
2018 0
2018 0
2018 0
2018 0
2018 0
2018 0
2018 0
2018 0
2018 0
2018 0
2018 0
2018 0
2018 0
2018 0
2018 0
2018 0
2018 0
2018 0
2018 0
2018 0
2018 0
2018 0
2018 0
2018 0
2018 0
2018 0
2018 0
2018 0
2018 0
2018 0
2018 0
2018 0
2018 0
2018 0
2018 0
2018 0
2018 0
2018 0
2018 0
2018 0
2018 0
2018 0
2018 0
2018 0
2018 0
2018 0
2018 0
2018 0
2018 0
2018 0
2018 0
2018 0
2018 0
2018 0
2018 0
2018 0
2018 0
2018 0
2018 0
2018 0
2018 0
2018 0
2018 0
2018 0
2018 0
2018 0
2018 0
2018 0
2018 0
2018 0
2018 0
2018 0
2018 0
2018 0
2018 0
2018 0
2018 0
2018 0
2018 0
2018 0
2018 0
2018 0
2018 0
2018 0
2018 0
2018 0
2018 0
2018 0
2018 0
2018 0
2018 0
2018 0
2018 0
2018 0
2019 0
2019 0
2019 0
2019 0
2019 0
2019 0
2019 0
2019 0
2019 0
2019 0
2019 0
2019 0
2019 0
2019 0
2019 0
2019 0
2019 0
2019 0
2019 0
2019 0
2019 0
2019 0
2019 0
2019 0
2019 0
2019 0
2019 0
2019 0
2019 0
2019 0
2019 0
2019 0
2019 0
2019 0
2019 0
2019 0
2019 0
2019 0
2019 0
2019 0
2019 0
2019 0
2019 0
2019 0
2019 0
2019 0
2019 0
2019 0
2019 0
2019 0
2019 0
2019 0
2019 0
2019 0
2019 0
2019 0
2019 0
2019 0
2019 0
2019 0
2019 0
2019 0
2019 0
2019 0
2019 0
2019 0
2019 0
2019 0
2019 0
2019 0
2019 0
2019 0
2019 0
2019 0
2019 0
2019 0
2019 0
2019 0
2019 0
2019 3.75666666666667
2019 3.69
2019 0
2019 0
2019 0
2019 0
2019 0
2019 0
2019 0
2019 0
2019 0
2019 0
2019 0
2019 0.11
2019 0.00166666666666668
2019 0
2019 0
2019 0
2019 0
2019 0
2019 0.1
2019 0
2019 0
2019 0
2019 0.4
2019 0
2019 0
2019 0
2019 0
2019 0
2019 0
2019 0
2019 0
2019 0
2019 0
2019 0
2019 0
2019 0
2019 0
2019 0
2019 0
2019 0
2019 0
2019 0
2019 0.2
2019 0
2019 0
2019 0
2019 0
2019 0
2019 0
2019 0.2
2019 0
2019 0
2019 0
2019 5.4
2019 0.45
2019 0
2019 0
2019 3.96
2019 0.0883333333333333
2019 0
2019 0
2019 0
2019 1.8
2019 1.5
2019 0
2019 0
2019 0
2019 12.6
2019 0
2019 0.3
2019 0.6
2019 0.1
2019 104.6
2019 25.2933333333333
2019 3.68666666666667
2019 0
2019 0
2019 0
2019 0
2019 0
2019 0
2019 0.48
2019 0
2019 0
2019 0
2019 0
2019 0
2019 0
2019 0
2019 0
2019 0
2019 0
2019 0
2019 0
2019 0
2019 0
2019 0
2019 0
2019 0
2019 0
2019 0
2019 0
2019 0
2019 0
2019 0
2019 0
2019 0
2019 0
2019 0
2019 0
2019 0
2019 0
2019 0
2019 0
2019 0
2019 0
2019 0
2019 0
2019 0
2019 0
2019 0
2019 0
2019 0
2019 0
2019 0
2019 0
2019 0
2019 0
2019 0
2019 0
2019 0
2019 0
2019 0
2019 0
2019 0
2019 0
2019 0
2019 0
2019 0
2019 0
2019 0
2019 0
2019 0
2019 0
2019 0
2019 0
2019 0
2019 0
2019 0
2019 0
2019 0
2019 0
2019 0
2019 0
2019 0
2019 0
2019 0
2019 0
2019 0
2019 0
2019 0
2019 0
2019 0
2019 0
2019 0
2019 0
2019 0
2019 0
2019 0
2019 0
2019 0
2019 0
2019 0
2019 0
2019 0
2019 0
2019 0
2019 0
2019 0
2019 0
2019 0
2019 0
2019 0
2019 0
2019 0
2019 0
2019 0
2019 0
2019 0
2019 0
2019 0
2019 0
2019 0
2019 0
2019 0
2019 0
2019 0
2019 0
2019 0
2019 0
2019 0
2019 0
2019 0
2019 0
2019 0
2019 0
2019 0
2019 0
2019 0
2019 0
2019 0
2019 0
2019 0
2019 0
2019 0
2019 0
2019 0
2019 0
2019 0
2019 0
2019 0
2019 0
2019 0
2019 0
2019 0
2019 0
2019 0
2019 0
2019 0
2019 0
2019 0
2019 0
2019 0
2019 0
2019 0
2019 0
2019 0
2019 0
2019 0
2019 0
2019 0
2019 0
2019 0
2019 0
2019 0
2019 0
2019 0
2019 0
2019 0
2019 0
2019 0
2019 0
2019 0
2019 0
2019 0
2019 0
2019 0
2019 0
2019 0
2019 0
2019 0
2019 0
2019 0
2019 0
2019 0
2019 0
2019 0
2019 0
2019 0
2019 0
2019 0
2019 0
2019 0
2019 0
2019 0
2019 0
2019 0
2019 0
2019 0
2019 0
2019 0
2019 0
2019 0
2019 0
