2013 0
2013 0
2013 0
2013 0
2013 0
2013 0
2013 0
2013 0
2013 0
2013 0
2013 0
2013 0
2013 0
2013 0
2013 0
2013 0
2013 0
2013 0
2013 0
2013 0
2013 0
2013 0
2013 0
2013 0
2013 0
2013 0
2013 0
2013 0
2013 0
2013 0
2013 0
2013 0
2013 0
2013 0
2013 0
2013 0
2013 0
2013 0
2013 0
2013 0
2013 0
2013 0
2013 0
2013 0
2013 0
2013 0
2013 0
2013 0
2013 0
2013 0
2013 0
2013 0
2013 0
2013 0
2013 0
2013 0
2013 0
2013 6.8
2013 0.4
2013 0
2013 0
2013 0
2013 0
2013 0
2013 0
2013 0
2013 0.26
2013 0
2013 0
2013 0
2013 0
2013 0
2013 0
2013 0
2013 0
2013 0
2013 0
2013 0
2013 0
2013 0
2013 0
2013 0
2013 0.191666666666667
2013 0
2013 0
2013 0
2013 0
2013 0
2013 0
2013 0.933333333333333
2013 0.8
2013 0.5
2013 2.3
2013 2.4
2013 5.1
2013 2.1
2013 1.8
2013 0.9
2013 0.8
2013 10
2013 5.1
2013 1.6
2013 0
2013 0
2013 0
2013 5.95833333333333
2013 0
2013 1.67166666666667
2013 1.4
2013 0
2013 3.7
2013 4.1
2013 8.02666666666667
2013 0.045
2013 0
2013 0
2013 8.06666666666667
2013 9.2
2013 6.36
2013 0
2013 0
2013 0
2013 0.1
2013 0.3
2013 8.3
2013 18.48
2013 10.7
2013 0.48
2013 0
2013 0
2013 0
2013 2.5
2013 1.2
2013 0
2013 3.2
2013 3.3
2013 2.7
2013 3.6
2013 1
2013 0
2013 0
2013 0
2013 2
2013 0.7
2013 0
2013 0.3
2013 0
2013 0
2013 0
2013 0.7
2013 5.9
2013 0.793333333333333
2013 0
2013 0
2013 9.36333333333333
2013 4.9
2013 5
2013 7.7
2013 2.8
2013 2.4
2013 1
2013 0
2013 0
2013 0
2013 1.1
2013 0.2
2013 0
2013 4
2013 0
2013 0
2013 0
2013 1.6
2013 0.2
2013 0.8
2013 0.4
2013 1.1
2013 0.5
2013 0
2013 1
2013 0
2013 0
2013 0
2013 0
2013 0
2013 0
2013 0
2013 0
2013 0
2013 0
2013 0
2013 0
2013 0
2013 0
2013 0.213333333333334
2013 0.9
2013 0.1
2013 0
2013 0
2013 0
2013 0
2013 0.421666666666666
2013 0.0466666666666667
2013 0
2013 0
2013 0
2013 2.9
2013 2.7
2013 0
2013 0.02
2013 0
2013 0
2013 0.981666666666666
2013 0
2013 0
2013 0
2013 0
2013 0
2013 0
2013 0
2013 0
2013 0
2013 0
2013 0
2013 0
2013 0
2013 0
2013 0
2013 0
2013 0
2013 0
2013 0
2013 0
2013 0
2013 0
2013 0
2013 0
2013 0
2013 0
2013 0
2013 0
2013 0
2013 0
2013 0
2013 0
2013 0
2013 0
2013 0
2013 0
2013 0
2013 0
2013 0
2013 0
2013 0
2013 0
2013 0
2013 0
2013 0
2013 0
2013 0
2013 0
2013 0
2013 0
2013 0
2013 0
2013 0
2013 0
2013 0
2013 0
2013 0
2013 0
2013 0
2013 0
2013 0
2013 0
2013 0
2013 0
2013 0
2013 0
2013 0
2013 0
2013 0
2013 0
2013 0
2013 0
2013 0
2013 0
2013 0
2013 0
2013 0
2013 0
2013 0
2013 0
2013 0
2013 0
2013 0
2013 0
2013 0
2013 0
2013 0
2013 0
2013 0
2013 0
2013 0
2013 0
2013 0
2013 0
2013 0
2013 0
2013 0
2013 0
2013 0
2013 0
2013 0
2013 0
2013 0
2013 0
2013 0
2013 0
2013 0
2013 0
2013 0
2013 0
2013 0
2013 0
2013 0
2013 0
2013 0
2013 0
2013 0
2013 0
2013 0
2013 0
2013 0
2013 0
2013 0
2013 0
2013 0
2013 0
2013 0
2013 0
2013 0
2013 0
2013 0
2013 0
2013 0
2013 0
2013 0
2013 0
2013 0
2013 0
2013 0
2013 0
2013 0
2013 0
2013 0
2013 0
2013 0
2013 0
2013 0
2013 0
2013 0
2013 0
2013 0
2013 0
2013 0
2015 0
2015 0
2015 0
2015 0
2015 0
2015 0
2015 0
2015 0
2015 0
2015 0
2015 0
2015 0
2015 0
2015 0
2015 0
2015 0
2015 0
2015 0
2015 0
2015 0
2015 0
2015 0
2015 0
2015 0
2015 0
2015 0
2015 0
2015 0
2015 0
2015 0
2015 0
2015 0
2015 0
2015 0
2015 0
2015 0
2015 0
2015 0
2015 0
2015 0
2015 0
2015 0
2015 0
2015 0
2015 0
2015 0
2015 0
2015 0
2015 0
2015 0
2015 0
2015 0
2015 21.4666666666667
2015 0
2015 0
2015 0
2015 0
2015 0
2015 0
2015 0
2015 0
2015 0
2015 0
2015 0
2015 0
2015 0
2015 0
2015 0
2015 0
2015 0
2015 0
2015 0
2015 0
2015 0
2015 0
2015 0
2015 0
2015 0
2015 0
2015 0
2015 0
2015 0
2015 0
2015 0
2015 0
2015 0
2015 0
2015 0
2015 0
2015 0
2015 0
2015 0
2015 0.0633333333333334
2015 0
2015 0
2015 0
2015 1.09333333333333
2015 1.175
2015 1.43
2015 0
2015 0
2015 0
2015 0
2015 0
2015 0
2015 0
2015 1.49833333333333
2015 0.2
2015 0
2015 0
2015 0
2015 0
2015 0
2015 0
2015 0
2015 1.6
2015 3.3
2015 1.8
2015 4
2015 4.6
2015 11
2015 0.7
2015 0
2015 0.9
2015 8.4
2015 0.883333333333333
2015 0
2015 0
2015 0
2015 0
2015 8.78333333333333
2015 0
2015 0
2015 0
2015 0
2015 1.08166666666667
2015 0
2015 0.035
2015 0
2015 0.5
2015 0
2015 0
2015 0
2015 0
2015 0.8
2015 1.2
2015 0.6
2015 3.1
2015 10.9
2015 1.1
2015 1.7
2015 4.2
2015 0
2015 0.7
2015 1.1
2015 0
2015 0
2015 0
2015 0.4
2015 0
2015 5.7
2015 1.8
2015 0
2015 0
2015 0
2015 0
2015 0
2015 0
2015 0
2015 0
2015 0
2015 0
2015 0
2015 0
2015 0.72
2015 1.95
2015 1.98
2015 0.8
2015 0
2015 2.22333333333333
2015 0
2015 0
2015 3.42333333333333
2015 0
2015 1.9
2015 4.1
2015 0
2015 0
2015 0
2015 0
2015 0
2015 0.57
2015 0
2015 0
2015 0
2015 0
2015 0
2015 0
2015 0
2015 0
2015 0
2015 0
2015 0
2015 0
2015 0
2015 0
2015 0
2015 0
2015 0
2015 0
2015 0
2015 0
2015 1.21
2015 11.6
2015 0.14
2015 2.16
2015 0.4
2015 7.4
2015 0
2015 0
2015 0
2015 0
2015 0
2015 0
2015 0
2015 0
2015 0
2015 0
2015 0
2015 0
2015 0
2015 0
2015 0
2015 0
2015 0
2015 0
2015 0
2015 0
2015 0
2015 0
2015 0
2015 0
2015 0
2015 0
2015 0
2015 0
2015 0
2015 0
2015 0
2015 0
2015 0
2015 0
2015 0
2015 0
2015 0
2015 0
2015 0
2015 0
2015 0
2015 0
2015 0
2015 0
2015 0
2015 0
2015 0
2015 0
2015 0
2015 0
2015 0
2015 0
2015 0
2015 0
2015 0
2015 0
2015 0
2015 0
2015 0
2015 0
2015 0
2015 0
2015 0
2015 0
2015 0
2015 0
2015 0
2015 0
2015 0
2015 0
2015 0
2015 0
2015 0
2015 0
2015 0
2015 0
2015 0
2015 0
2015 0
2015 0
2015 0
2015 0
2015 0
2015 0
2015 0
2015 0
2015 0
2015 0
2015 0
2015 0
2015 0
2015 0
2015 0
2015 0
2015 0
2015 0
2015 0
2015 0
2015 0
2015 0
2015 0
2015 0
2015 0
2015 0
2015 0
2015 0
2015 0
2015 0
2015 0
2015 0
2015 0
2015 0
2015 0
2015 0
2015 0
2015 0
2015 0
2015 0
2015 0
2015 0
2015 0
2015 0
2015 0
2015 0
2015 0
2015 0
2015 0
2015 0
2015 0
2015 0
2015 0
2015 0
2015 0
2015 0
2015 0
2015 0
2015 0
2015 0
2015 0
2015 0
2015 0
2015 0
2015 0
2015 0
2015 0
2015 0
2015 0
2016 0
2016 0
2016 0
2016 0
2016 0
2016 0
2016 0
2016 0
2016 0
2016 0
2016 0
2016 0
2016 0
2016 0
2016 0
2016 0
2016 0
2016 0
2016 0
2016 0
2016 0
2016 0
2016 0
2016 0
2016 0
2016 0
2016 0
2016 0
2016 0
2016 0
2016 0
2016 0
2016 0
2016 0
2016 0
2016 0
2016 0
2016 0
2016 0
2016 0
2016 0
2016 0
2016 0
2016 0
2016 0
2016 0
2016 0
2016 0
2016 0
2016 0
2016 0
2016 0
2016 0
2016 0
2016 0
2016 0
2016 0
2016 0
2016 0
2016 0
2016 0
2016 0
2016 0
2016 0
2016 0
2016 0
2016 0
2016 0
2016 0
2016 0
2016 0
2016 0
2016 0
2016 0
2016 0
2016 0
2016 0
2016 0
2016 0
2016 0
2016 0
2016 0
2016 0.4
2016 0
2016 0
2016 2.6
2016 3.8
2016 0
2016 0.1
2016 0
2016 0.483333333333333
2016 0
2016 0
2016 0
2016 0
2016 0
2016 0
2016 0
2016 0
2016 0.595
2016 0
2016 0
2016 0
2016 0
2016 0
2016 0
2016 4.495
2016 0
2016 0
2016 0
2016 0
2016 0
2016 0
2016 0
2016 0
2016 0
2016 0
2016 0
2016 0
2016 0
2016 0
2016 0.6
2016 0.13
2016 4
2016 0.6
2016 2.6
2016 0
2016 0.4
2016 2.1
2016 0
2016 3.14333333333333
2016 0.075
2016 22.0266666666667
2016 2
2016 1.3
2016 1.6
2016 1.9
2016 3.1
2016 3.7
2016 0
2016 0.6
2016 0.3
2016 0
2016 0
2016 1.6
2016 0.2
2016 0
2016 0
2016 0
2016 0
2016 0
2016 2.56166666666667
2016 13.65
2016 0
2016 0
2016 7.7
2016 8.8
2016 0
2016 0
2016 0
2016 0
2016 0
2016 0
2016 0
2016 0
2016 0
2016 3.5
2016 2.68333333333333
2016 0.326666666666667
2016 0
2016 0
2016 0.795
2016 19
2016 0
2016 0
2016 0
2016 0
2016 1.14
2016 0
2016 0
2016 0
2016 1.46666666666667
2016 3.3
2016 8.075
2016 2.42666666666667
2016 0
2016 0
2016 2.16
2016 6.7
2016 2.1
2016 0
2016 0
2016 0
2016 0
2016 0
2016 0
2016 0.6
2016 0
2016 0
2016 0
2016 0
2016 0
2016 0
2016 0
2016 0.05
2016 0
2016 0.98
2016 0
2016 0
2016 0
2016 0
2016 0
2016 0
2016 0
2016 0
2016 0
2016 0
2016 0
2016 0
2016 0
2016 0
2016 0
2016 0
2016 0
2016 0
2016 0
2016 0
2016 0
2016 0
2016 0
2016 0
2016 0
2016 0
2016 0
2016 0
2016 0
2016 0
2016 0.165
2016 0
2016 2.3
2016 0
2016 0
2016 0
2016 0
2016 0
2016 0
2016 0
2016 0
2016 0
2016 0
2016 0
2016 0
2016 0
2016 0
2016 0
2016 0
2016 0
2016 0
2016 0
2016 0
2016 0
2016 0
2016 0
2016 0
2016 0
2016 0
2016 0
2016 0
2016 0
2016 0
2016 0
2016 0
2016 0
2016 0
2016 0
2016 0
2016 0
2016 0
2016 0
2016 0
2016 0
2016 0
2016 0
2016 0
2016 0
2016 0
2016 0
2016 0
2016 0
2016 0
2016 0
2016 0
2016 0
2016 0
2016 0
2016 0
2016 0
2016 0
2016 0
2016 0
2016 0
2016 0
2016 0
2016 0
2016 0
2016 0
2016 0
2016 0
2016 0
2016 0
2016 0
2016 0
2016 0
2016 0
2016 0
2016 0
2016 0
2016 0
2016 0
2016 0
2016 0
2016 0
2016 0
2016 0
2016 0
2016 0
2016 0
2016 0
2016 0
2016 0
2016 0
2016 0
2016 0
2016 0
2016 0
2016 0
2016 0
2016 0
2016 0
2016 0
2016 0
2016 0
2016 0
2016 0
2016 0
2016 0
2016 0
2016 0
2016 0
2016 0
2016 0
2016 0
2016 0
2016 0
2016 0
2016 0
2016 0
2016 0
2016 0
2016 0
2016 0
2016 0
2016 0
2016 0
2016 0
2016 0
2017 0
2017 0
2017 0
2017 0
2017 0
2017 0
2017 0
2017 0
2017 0
2017 0
2017 0
2017 0
2017 0
2017 0
2017 0
2017 0
2017 0
2017 0
2017 0
2017 0
2017 0
2017 0
2017 0
2017 0
2017 0
2017 0
2017 0
2017 0
2017 0
2017 0
2017 0
2017 0
2017 0
2017 0
2017 0
2017 0
2017 0
2017 0
2017 0
2017 0
2017 0
2017 0
2017 0
2017 0
2017 0
2017 0
2017 0
2017 0
2017 0
2017 0
2017 0.0333333333333333
2017 0
2017 0
2017 0
2017 0
2017 0
2017 0
2017 0
2017 0
2017 0
2017 0
2017 0
2017 0
2017 0
2017 0
2017 0
2017 0
2017 3.5
2017 0
2017 0.4
2017 0
2017 3.38333333333333
2017 0.1
2017 0
2017 0
2017 1.1
2017 0.57
2017 0
2017 0
2017 0
2017 0
2017 0
2017 0
2017 0
2017 0
2017 0
2017 0.146666666666667
2017 0
2017 0
2017 0
2017 0
2017 0
2017 0
2017 0
2017 0
2017 0
2017 0
2017 0
2017 0
2017 0
2017 0
2017 0.775
2017 0.0533333333333333
2017 0
2017 0
2017 0
2017 0
2017 0
2017 0
2017 0
2017 0
2017 0
2017 0
2017 0
2017 0.3
2017 0.56
2017 0
2017 0
2017 0
2017 0
2017 0
2017 0
2017 0
2017 0.3
2017 0
2017 6.9
2017 3
2017 0
2017 6.9
2017 2.8
2017 0
2017 0.6
2017 3.2
2017 2.4
2017 7.7
2017 3.4
2017 1.2
2017 0.8
2017 0.1
2017 0
2017 0
2017 0
2017 0
2017 0
2017 0
2017 0
2017 0
2017 0
2017 0
2017 0
2017 0
2017 0.1
2017 4.69
2017 0.306666666666667
2017 0
2017 0.0316666666666667
2017 0.133333333333333
2017 2.91333333333333
2017 4.465
2017 0
2017 0
2017 0
2017 0
2017 0
2017 0
2017 0
2017 0
2017 0
2017 0
2017 3.1
2017 0.0433333333333333
2017 0.4
2017 0
2017 0
2017 0
2017 0
2017 0
2017 0
2017 0
2017 0
2017 0
2017 0.04
2017 0
2017 0
2017 0
2017 0
2017 0
2017 0.465
2017 4.465
2017 4.02
2017 0
2017 0
2017 0
2017 0
2017 0
2017 0
2017 0
2017 0
2017 0
2017 0
2017 0
2017 0
2017 0
2017 0
2017 0
2017 0
2017 0
2017 0
2017 0
2017 0
2017 0
2017 0
2017 0
2017 0
2017 0
2017 0
2017 0
2017 0
2017 0
2017 0
2017 0
2017 0
2017 0
2017 0
2017 0
2017 0
2017 0
2017 0
2017 0
2017 4.86
2017 2.7
2017 0
2017 0
2017 0
2017 0
2017 0
2017 0
2017 0
2017 0
2017 6.57333333333333
2017 0
2017 0
2017 0
2017 0
2017 0
2017 0
2017 0
2017 0
2017 0
2017 0
2017 0
2017 0
2017 0
2017 0
2017 0
2017 0
2017 0
2017 0
2017 0
2017 0
2017 0
2017 0
2017 0
2017 0
2017 0
2017 0
2017 0
2017 0
2017 0
2017 0
2017 0
2017 0
2017 0
2017 0
2017 0
2017 0
2017 0
2017 0
2017 0
2017 0
2017 0
2017 0
2017 0
2017 0
2017 0
2017 0
2017 0
2017 0
2017 0
2017 0
2017 0
2017 0
2017 0
2017 0
2017 0
2017 0
2017 0
2017 0
2017 0
2017 0
2017 0
2017 0
2017 0
2017 0
2017 0
2017 0
2017 0
2017 0
2017 0
2017 0
2017 0
2017 0
2017 0
2017 0
2017 0
2017 0
2017 0
2017 0
2017 0
2017 0
2017 0
2017 0
2017 0
2017 0
2017 0
2017 0
2017 0
2017 0
2017 0
2017 0
2017 0
2017 0
2017 0
2017 0
2017 0
2017 0
2017 0
2017 0
2017 0
2017 0
2017 0
2017 0
2017 0
2017 0
2017 0
2017 0
2017 0
2017 0
2017 0
2017 0
2017 0
2017 0
2017 0
2017 0
2017 0
2017 0
2017 0
2017 0
2017 0
2017 0
2017 0
2017 0
2017 0
2017 0
2017 0
2018 0
2018 0
2018 0
2018 0
2018 0
2018 0
2018 0
2018 0
2018 0
2018 0
2018 0
2018 0
2018 0
2018 0
2018 0
2018 0
2018 0
2018 0
2018 0
2018 0
2018 0
2018 0
2018 0
2018 0
2018 0
2018 0
2018 0
2018 0
2018 0
2018 0
2018 0
2018 0
2018 0
2018 0
2018 0
2018 0
2018 0
2018 0
2018 0
2018 0
2018 0
2018 0
2018 0
2018 0
2018 0
2018 0
2018 0
2018 0
2018 0
2018 0
2018 0
2018 0
2018 0
2018 0
2018 0
2018 0
2018 0
2018 0
2018 0
2018 0
2018 0
2018 0
2018 0
2018 0
2018 0
2018 0
2018 3.1
2018 0
2018 0
2018 0
2018 0.226666666666667
2018 0
2018 0
2018 3.075
2018 0
2018 0
2018 0
2018 0
2018 0.41
2018 3.2
2018 1.9
2018 1.05
2018 0
2018 0
2018 0
2018 0
2018 0.8
2018 0
2018 0.1
2018 6.6
2018 1.6
2018 0
2018 0
2018 0.6
2018 7.1
2018 0
2018 0
2018 0
2018 6.3
2018 0.2
2018 0
2018 5.35
2018 0.674999999999999
2018 0
2018 8.8
2018 4.1
2018 1.4
2018 0.9
2018 0
2018 1.6
2018 0
2018 4.3
2018 4.21666666666667
2018 0
2018 0
2018 0
2018 0
2018 7.4
2018 3.1
2018 0.1
2018 3.7
2018 0
2018 2.2
2018 2.3
2018 13.9
2018 16.79
2018 0
2018 0
2018 0
2018 0
2018 0
2018 0
2018 0
2018 0
2018 0
2018 0
2018 0
2018 11.4
2018 10.6
2018 5.4
2018 3.2
2018 13.9
2018 10.7
2018 12.7
2018 0.2
2018 0
2018 0
2018 0
2018 0
2018 0
2018 0
2018 0
2018 0
2018 12.5866666666667
2018 2.4
2018 1.4
2018 0
2018 0
2018 0
2018 0.6
2018 0
2018 0.2
2018 0.7
2018 6
2018 2.5
2018 0
2018 0
2018 4.8
2018 3.2
2018 1.28
2018 0.2
2018 0.2
2018 1.2
2018 0.5
2018 0
2018 0
2018 0
2018 0
2018 0
2018 0
2018 0
2018 0
2018 0.1
2018 0
2018 0
2018 0
2018 0.16
2018 0.933333333333333
2018 0
2018 0
2018 0
2018 0
2018 0
2018 0
2018 0
2018 0
2018 0
2018 0
2018 0.22
2018 0.9
2018 0
2018 0
2018 1
2018 0
2018 0
2018 0
2018 0
2018 0
2018 0
2018 0
2018 0
2018 0
2018 0
2018 0
2018 0
2018 0
2018 0
2018 0
2018 0
2018 0
2018 0
2018 0
2018 0
2018 0
2018 0
2018 0
2018 0
2018 0
2018 0
2018 0
2018 0
2018 0
2018 0
2018 0
2018 0
2018 0
2018 0
2018 0
2018 0
2018 0
2018 0
2018 0
2018 0
2018 0
2018 0
2018 0
2018 0
2018 0
2018 0
2018 0
2018 0
2018 0
2018 0
2018 0
2018 0
2018 0
2018 0
2018 0
2018 0
2018 0
2018 0
2018 0
2018 0
2018 0
2018 0
2018 0
2018 0
2018 0
2018 0
2018 0
2018 0
2018 0
2018 0
2018 0
2018 0
2018 0
2018 0
2018 0
2018 0
2018 0
2018 0
2018 0
2018 0
2018 0
2018 0
2018 0
2018 0
2018 0
2018 0
2018 0
2018 0
2018 0
2018 0
2018 0
2018 0
2018 0
2018 0
2018 0
2018 0
2018 0
2018 0
2018 0
2018 0
2018 0
2018 0
2018 0
2018 0
2018 0
2018 0
2018 0
2018 0
2018 0
2018 0
2018 0
2018 0
2018 0
2018 0
2018 0
2018 0
2018 0
2018 0
2018 0
2018 0
2018 0
2018 0
2018 0
2018 0
2018 0
2018 0
2018 0
2018 0
2018 0
2018 0
2018 0
2018 0
2018 0
2018 0
2018 0
2018 0
2018 0
2018 0
2018 0
2018 0
2018 0
2018 0
2018 0
2018 0
2018 0
2018 0
2018 0
2018 0
2018 0
2018 0
2018 0
2018 0
2018 0
2018 0
2018 0
2018 0
2018 0
2018 0
2018 0
2018 0
2018 0
2018 0
2019 0
2019 0
2019 0
2019 0
2019 0
2019 0
2019 0
2019 0
2019 0
2019 0
2019 0
2019 0
2019 0
2019 0
2019 0
2019 0
2019 0
2019 0
2019 0
2019 0
2019 0
2019 0
2019 0
2019 0
2019 0
2019 0
2019 0
2019 0
2019 0
2019 0
2019 0
2019 0
2019 0
2019 0
2019 0
2019 0
2019 0
2019 0
2019 0
2019 0
2019 0
2019 0
2019 0
2019 0
2019 0
2019 0
2019 0
2019 0
2019 0
2019 0
2019 0
2019 0
2019 0
2019 0
2019 0
2019 0
2019 0
2019 0
2019 0
2019 0
2019 0
2019 0
2019 0
2019 0
2019 0
2019 0
2019 0
2019 0
2019 0
2019 0
2019 0
2019 0
2019 0
2019 0
2019 0
2019 0
2019 0
2019 0
2019 0.3
2019 0
2019 0
2019 0
2019 0
2019 0
2019 0
2019 0
2019 0.76
2019 2.28666666666667
2019 0
2019 0
2019 0.716666666666667
2019 0.0433333333333334
2019 3.66666666666667
2019 0
2019 0
2019 0.483333333333333
2019 0
2019 0
2019 0.0166666666666667
2019 6.12333333333333
2019 7.14
2019 1.6
2019 0
2019 0
2019 0
2019 0
2019 0
2019 0
2019 0
2019 0.7
2019 0
2019 3.1
2019 1.485
2019 1.34
2019 1.98333333333333
2019 0
2019 0
2019 0
2019 0
2019 2.8
2019 8.3
2019 11.6
2019 4.8
2019 12.5
2019 2.8
2019 4.7
2019 21.5
2019 7.5
2019 1.7
2019 10.4
2019 9.1
2019 3.6
2019 3.2
2019 5.2
2019 18.3
2019 15.7
2019 0
2019 0
2019 4.3
2019 0
2019 0
2019 0
2019 0
2019 0
2019 0
2019 0.1
2019 1
2019 3.5
2019 4.6
2019 0.5
2019 0
2019 1.6
2019 0
2019 2.5
2019 1.01333333333333
2019 2.5
2019 0
2019 0
2019 0
2019 1.4
2019 0
2019 0
2019 3.29333333333333
2019 0.99
2019 0.5
2019 0
2019 0
2019 0
2019 0
2019 0
2019 0
2019 0
2019 0
2019 0
2019 0
2019 0
2019 0
2019 0
2019 0
2019 0
2019 0
2019 0
2019 0
2019 0
2019 0
2019 0
2019 0
2019 0
2019 0
2019 0
2019 0
2019 0
2019 0
2019 1.8
2019 3.88666666666667
2019 6.95333333333333
2019 0
2019 0
2019 0
2019 0.165
2019 0
2019 0
2019 0
2019 0
2019 0
2019 0
2019 0.0333333333333333
2019 0
2019 0
2019 0
2019 0
2019 0
2019 0
2019 0
2019 0
2019 0
2019 0
2019 0
2019 0
2019 0
2019 0
2019 0
2019 0
2019 0
2019 0
2019 0
2019 0
2019 0
2019 0
2019 0
2019 0
2019 0
2019 0
2019 0
2019 0
2019 0
2019 0
2019 0
2019 0
2019 0
2019 0
2019 0
2019 0
2019 0
2019 0
2019 0
2019 1.76666666666667
2019 0.025
2019 0
2019 0
2019 0
2019 0
2019 0
2019 0
2019 0
2019 0
2019 0
2019 0
2019 0
2019 0
2019 0
2019 0
2019 0
2019 0
2019 0
2019 0
2019 0
2019 0
2019 0
2019 0
2019 0
2019 0
2019 0
2019 0
2019 0
2019 0
2019 0
2019 0
2019 0
2019 0
2019 0
2019 0
2019 0
2019 0
2019 0
2019 0
2019 0
2019 0
2019 0
2019 0
2019 0
2019 0
2019 0
2019 0
2019 0
2019 0
2019 0
2019 0
2019 0
2019 0
2019 0
2019 0
2019 0
2019 0
2019 0
2019 0
2019 0
2019 0
2019 0
2019 0
2019 0
2019 0
2019 0
2019 0
2019 0
2019 0
2019 0
2019 0
2019 0
2019 0
2019 0
2019 0
2019 0
2019 0
2019 0
2019 0
2019 0
2019 0
2019 0
2019 0
2019 0
2019 0
2019 0
2019 0
2019 0
2019 0
2019 0
2019 0
2019 0
2019 0
2019 0
2019 0
2019 0
2019 0
2019 0
2019 0
2019 0
2019 0
2019 0
2019 0
2019 0
2019 0
2019 0
2019 0
2019 0
2019 0
2019 0
2019 0
2019 0
2019 0
2019 0
2019 0
2019 0
2019 0
2019 0
2020 0
2020 0
2020 0
2020 0
2020 0
2020 0
2020 0
2020 0
2020 0
2020 0
2020 0
2020 0
2020 0
2020 0
2020 0
2020 0
2020 0
2020 0
2020 0
2020 0
2020 0
2020 0
2020 0
2020 0
2020 0
2020 0
2020 0
2020 0
2020 0
2020 0
2020 0
2020 0
2020 0
2020 0
2020 0
2020 0
2020 0
2020 0
2020 0
2020 0
2020 0
2020 0
2020 0
2020 0
2020 0
2020 0
2020 0
2020 0
2020 0
2020 0
2020 0
2020 0
2020 0
2020 0
2020 0
2020 0
2020 0
2020 0
2020 0
2020 0
2020 0
2020 0
2020 0
2020 0
2020 0
2020 1.085
2020 0.0966666666666667
2020 0
2020 0
2020 0.6
2020 0
2020 3.9
2020 18.25
2020 7.2
2020 0
2020 0
2020 0
2020 24.9033333333333
2020 0
2020 0
2020 0
2020 0
2020 0
2020 0
2020 0
2020 0
2020 0
2020 0
2020 0
2020 0.12
2020 0
2020 2
2020 0.483333333333333
2020 0
2020 0
2020 0
2020 0
2020 0
2020 0
2020 6.375
2020 1.4
2020 0
2020 1.3
2020 0.1
2020 0
2020 0
2020 0
2020 0
2020 0
2020 0
2020 0
2020 0
2020 5.79833333333333
2020 2.97
2020 5.635
2020 2.93333333333333
2020 0.6
2020 5.2
2020 0
2020 0
2020 0
2020 0
2020 0
2020 0
2020 0
2020 3.04833333333333
2020 0
2020 0
2020 0.2
2020 0
2020 0
2020 0
2020 0
2020 0
2020 0
2020 0
2020 0
2020 0
2020 1.3
2020 3.6
2020 0.3
2020 0
2020 0
2020 0
2020 0
2020 0
2020 0
2020 0
2020 0
2020 2.96
2020 9.7
2020 0.1
2020 0
2020 0.16
2020 0
2020 0
2020 7.54333333333333
2020 4.8
2020 0
2020 0
2020 0
2020 0
2020 0.580000000000001
2020 1.12666666666667
2020 0
2020 0.2
2020 0.12
2020 0
2020 0
2020 0
2020 0
2020 1.38666666666667
2020 0
2020 0
2020 0
2020 0
2020 0
2020 1.35
2020 1.56
2020 4.3
2020 0.5
2020 0
2020 0
2020 0
2020 0
2020 0
2020 0.133333333333333
2020 0
2020 0.375
2020 0
2020 0.0833333333333333
2020 4.08
2020 0
2020 0
2020 0
2020 0
2020 0
2020 0
2020 0
2020 0
2020 0
2020 0
2020 0
2020 0
2020 0
2020 0
2020 0
2020 0
2020 0
2020 0
2020 0
2020 0.495
2020 0
2020 0
2020 0
2020 0
2020 0
2020 0
2020 0
2020 0
2020 0
2020 0
2020 0
2020 0
2020 0
2020 0
2020 0
2020 0
2020 0
2020 0
2020 0
2020 0
2020 0
2020 0
2020 0
2020 0
2020 0
2020 0
2020 0
2020 0
2020 0
2020 0
2020 0
2020 0
2020 0
2020 0
2020 0
2020 0
2020 0
2020 0
2020 0
2020 0
2020 0
2020 0
2020 0
2020 0
2020 0
2020 0
2020 0
2020 0
2020 0
2020 0
2020 0
2020 0
2020 0
2020 0
2020 0
2020 0
2020 0
2020 0
2020 0
2020 0
2020 0
2020 0
2020 0
2020 0
2020 0
2020 0
2020 0
2020 0
2020 0
2020 0
2020 0
2020 0
2020 0
2020 0
2020 0
2020 0
2020 0
2020 0
2020 0
2020 0
2020 0
2020 0
2020 0
2020 0
2020 0
2020 0
2020 0
2020 0
2020 0
2020 0
2020 0
2020 0
2020 0
2020 0
2020 0
2020 0
2020 0
2020 0
2020 0
2020 0
2020 0
2020 0
2020 0
2020 0
2020 0
2020 0
2020 0
2020 0
2020 0
2020 0
2020 0
2020 0
2020 0
2020 0
2020 0
2020 0
2020 0
2020 0
2020 0
2020 0
2020 0
2020 0
2020 0
2020 0
2020 0
2020 0
2020 0
2020 0
2020 0
2020 0
2020 0
2020 0
2020 0
2020 0
2020 0
2020 0
2020 0
2020 0
2020 0
2020 0
2020 0
2020 0
2020 0
2020 0
2020 0
2020 0
2020 0
2020 0
2020 0
2020 0
2020 0
2020 0
2020 0
2020 0
2021 0
2021 0
2021 0
2021 0
2021 0
2021 0
2021 0
2021 0
2021 0
2021 0
2021 0
2021 0
2021 0
2021 0
2021 0
2021 0
2021 0
2021 0
2021 0
2021 0
2021 0
2021 0
2021 0
2021 0
2021 0
2021 0
2021 0
2021 0
2021 0
2021 0
2021 0
2021 0
2021 0
2021 0
2021 0
2021 0
2021 0
2021 0
2021 0
2021 0
2021 0
2021 0
2021 0
2021 0
2021 2.33833333333333
2021 0
2021 0
2021 0
2021 0
2021 0
2021 0
2021 0
2021 0
2021 0
2021 0
2021 0
2021 0
2021 0
2021 0
2021 0
2021 0
2021 0
2021 0
2021 0
2021 0
2021 0
2021 0
2021 0
2021 0
2021 0
2021 0
2021 0
2021 0
2021 0
2021 0
2021 0
2021 0
2021 0
2021 0
2021 0
2021 0
2021 0
2021 0
2021 0
2021 0
2021 0
2021 0
2021 0
2021 0
2021 0
2021 0
2021 0
2021 4.7
2021 0.4
2021 4.3
2021 0
2021 0.55
2021 0.433333333333333
2021 1.9
2021 4.1
2021 0
2021 0
2021 1
2021 1.99333333333333
2021 0
2021 0
2021 0.126666666666667
2021 0
2021 0
2021 0
2021 0
2021 1.4
2021 0
2021 0
2021 4.25
2021 3.6
2021 0
2021 0
2021 4.7
2021 0
2021 0.1
2021 0
2021 0
2021 0
2021 0
2021 0
2021 0
2021 0
2021 0
2021 0
2021 0
2021 0
2021 0
2021 4.3
2021 18.3
2021 6.7
2021 0
2021 0.4
2021 5.7
2021 0.2
2021 0
2021 0
2021 0
2021 0
2021 1.30666666666667
2021 0
2021 2.8
2021 0.8
2021 0.8
2021 8.2
2021 0
2021 0.9
2021 0.33
2021 0.27
2021 0
2021 0
2021 0
2021 0
2021 0
2021 0
2021 0.36
2021 0
2021 1.7
2021 0
2021 0
2021 0
2021 0
2021 1.5
2021 1.50333333333333
2021 0
2021 0
2021 0
2021 0
2021 0
2021 0
2021 0
2021 0
2021 0
2021 0
2021 0
2021 0
2021 0
2021 0
2021 0
2021 0
2021 0.0700000000000001
2021 0
2021 0.208333333333333
2021 0.005
2021 0
2021 0.166666666666667
2021 0.653333333333333
2021 0
2021 0
2021 0
2021 9.47333333333333
2021 4.2
2021 2.3
2021 0.6
2021 2.3
2021 0.1
2021 4.1
2021 0.6
2021 0
2021 0
2021 0
2021 0
2021 0
2021 0
2021 0
2021 0
2021 0
2021 0
2021 0
2021 0
2021 0
2021 0
2021 0.0533333333333333
2021 1.3
2021 0
2021 0
2021 0
2021 0
2021 0
2021 1.64333333333333
2021 0
2021 0
2021 0
2021 0
2021 0
2021 0
2021 0
2021 0
2021 0
2021 0
2021 0
2021 0
2021 0
2021 0
2021 0
2021 0
2021 0
2021 0
2021 0
2021 0
2021 0
2021 0
2021 0
2021 0
2021 0
2021 0
2021 0
2021 0
2021 0
2021 0
2021 0
2021 0
2021 0
2021 0
2021 0
2021 0
2021 0
2021 0
2021 0
2021 0
2021 0
2021 0
2021 0
2021 0
2021 0
2021 0
2021 0
2021 0
2021 0
2021 0
2021 0
2021 0
2021 0
2021 0
2021 0
2021 0
2021 0
2021 0
2021 0
2021 0
2021 0
2021 0
2021 0
2021 0
2021 0
2021 0
2021 0
2021 0
2021 0
2021 0
2021 0
2021 0
2021 0
2021 0
2021 0
2021 0
2021 0
2021 0
2021 0
2021 0
2021 0
2021 0
2021 0
2021 0
2021 0
2021 0
2021 0
2021 0
2021 0
2021 0
2021 0
2021 0
2021 0
2021 0
2021 0
2021 0
2021 0
2021 0
2021 0
2021 0
2021 0
2021 0
2021 0
2021 0
2021 0
2021 0
2021 0
2021 0
2021 0
2021 0
2021 0
2021 0
2021 0
2021 0
2021 0
2021 0
2021 0
2021 0
2021 0
2021 0
2021 0
2021 0
2021 0
2021 0
2021 0
2021 0
2021 0
2021 0
2021 0
2021 0
2021 0
2021 0
2021 0
2021 0
2021 0
2021 0
2021 0
2021 0
2021 0
2021 0
