1994 0
1994 0
1994 0
1994 0
1994 0
1994 0
1994 0
1994 0
1994 0
1994 0
1994 0
1994 0
1994 0
1994 0
1994 0
1994 0
1994 0
1994 0
1994 0
1994 0
1994 0
1994 0
1994 0
1994 0
1994 0
1994 0
1994 0
1994 0
1994 0
1994 0
1994 0
1994 0
1994 0
1994 0
1994 0
1994 0
1994 0
1994 0
1994 0
1994 0
1994 0
1994 0
1994 0
1994 0
1994 0
1994 0
1994 0
1994 0
1994 0
1994 0
1994 7.7
1994 3.9
1994 8.25
1994 5
1994 0
1994 0
1994 0
1994 0
1994 0
1994 0
1994 0
1994 0
1994 0
1994 0
1994 0
1994 0
1994 0
1994 0
1994 0
1994 0
1994 0
1994 0
1994 0.266666666666667
1994 1.68
1994 0
1994 11.4
1994 1.2
1994 0
1994 0
1994 0
1994 0
1994 0
1994 0
1994 0
1994 0
1994 0
1994 0
1994 0
1994 0
1994 0.1
1994 0
1994 0
1994 0
1994 0
1994 0
1994 0
1994 0
1994 11.8
1994 11.44
1994 0
1994 1.28
1994 13.31
1994 5
1994 0
1994 3.8
1994 6.3
1994 14.9
1994 31.4
1994 0
1994 29.92
1994 0
1994 0
1994 5.5
1994 1.4
1994 22.7
1994 11.6
1994 1.4
1994 0.4
1994 0
1994 5.2
1994 0.53
1994 0
1994 10.32
1994 24.9
1994 1.25666666666667
1994 2.58333333333333
1994 0
1994 0
1994 0
1994 0
1994 0
1994 0
1994 0.8
1994 0
1994 0
1994 3.45
1994 0
1994 0.7
1994 5
1994 0
1994 0
1994 0
1994 0
1994 0
1994 13.6
1994 24
1994 11.475
1994 17.7983333333333
1994 7.4
1994 18.1
1994 1.4
1994 4.9
1994 0
1994 0
1994 0
1994 0
1994 0
1994 0
1994 0
1994 8.5
1994 5.3
1994 0
1994 34.6
1994 10.9
1994 0.1
1994 0
1994 0
1994 0
1994 0.8
1994 0.2
1994 0
1994 0
1994 0
1994 2.1
1994 0
1994 0.135
1994 8.43333333333333
1994 0.291666666666667
1994 0
1994 0
1994 0
1994 3.15
1994 1.64
1994 0
1994 0.185
1994 0
1994 0
1994 0.0700000000000001
1994 0
1994 0
1994 0
1994 0
1994 0
1994 0
1994 0
1994 0
1994 0
1994 15.2
1994 0.6
1994 0
1994 1.785
1994 0
1994 0
1994 0
1994 0
1994 0
1994 0
1994 0
1994 0
1994 0
1994 0
1994 0
1994 0
1994 11.1
1994 0
1994 8.8
1994 0.7
1994 2.4
1994 2.29666666666667
1994 0.413333333333333
1994 4.85833333333333
1994 2.2
1994 5.3
1994 40.5
1994 40
1994 0.403333333333333
1994 0
1994 0
1994 0
1994 0
1994 0
1994 0
1994 0
1994 0
1994 0
1994 0
1994 0
1994 0
1994 0
1994 0
1994 0
1994 0
1994 0
1994 0
1994 0
1994 0
1994 0
1994 0
1994 0
1994 0
1994 0
1994 0
1994 0
1994 0
1994 0
1994 0
1994 0
1994 0
1994 0
1994 0
1994 0
1994 0
1994 0
1994 0
1994 0
1994 0
1994 0
1994 0
1994 0
1994 0
1994 0
1994 0
1994 0
1994 0
1994 0
1994 0
1994 0
1994 0
1994 0
1994 0
1994 0
1994 0
1994 0
1994 0
1994 0
1994 0
1994 0
1994 0
1994 0
1994 0
1994 0
1994 0
1994 0
1994 0
1994 0
1994 0
1994 0
1994 0
1994 0
1994 0
1994 0
1994 0
1994 0
1994 0
1994 0
1994 0
1994 0
1994 0
1994 0
1994 0
1994 0
1994 0
1994 0
1994 0
1994 0
1994 0
1994 0
1994 0
1994 0
1994 0
1994 0
1994 0
1994 0
1994 0
1994 0
1994 0
1994 0
1994 0
1994 0
1994 0
1994 0
1994 0
1994 0
1994 0
1994 0
1994 0
1994 0
1994 0
1994 0
1994 0
1994 0
1994 0
1994 0
1994 0
1994 0
1994 0
1994 0
1994 0
1994 0
1994 0
1994 0
1994 0
1994 0
1994 0
1994 0
1994 0
1994 0
1994 0
1994 0
1994 0
1994 0
1994 0
1994 0
1994 0
1994 0
1995 0
1995 0
1995 0
1995 0
1995 0
1995 0
1995 0
1995 0
1995 0
1995 0
1995 0
1995 0
1995 0
1995 0
1995 0
1995 0
1995 0
1995 0
1995 0
1995 0
1995 0
1995 0
1995 0
1995 0
1995 0
1995 0
1995 0
1995 0
1995 0
1995 0
1995 0
1995 0
1995 0
1995 0
1995 0
1995 0
1995 0
1995 0.0733333333333333
1995 0
1995 0
1995 0
1995 0
1995 0
1995 0
1995 0
1995 0
1995 0
1995 0
1995 0
1995 0
1995 0
1995 0
1995 0
1995 0
1995 0
1995 0
1995 0
1995 0
1995 0
1995 0
1995 0
1995 0
1995 0
1995 0
1995 0
1995 0
1995 0
1995 0
1995 0
1995 0
1995 0
1995 5.90333333333333
1995 0
1995 0.32
1995 0
1995 0
1995 0
1995 0
1995 1.81666666666667
1995 0
1995 0
1995 0
1995 0
1995 0
1995 0
1995 0
1995 0
1995 0
1995 0
1995 0
1995 0
1995 0
1995 0
1995 0
1995 0
1995 0
1995 0.57
1995 0
1995 0.91
1995 6.90666666666667
1995 0
1995 0
1995 0
1995 0.0683333333333333
1995 9.96333333333333
1995 0
1995 0
1995 0
1995 0
1995 5.5
1995 13.7
1995 5.2
1995 2.3
1995 0
1995 0
1995 0
1995 0
1995 17.11
1995 0.949999999999999
1995 0.153333333333333
1995 0.465000000000002
1995 10.7
1995 13.6
1995 25.9
1995 3.3
1995 0
1995 0
1995 0
1995 1.1
1995 0
1995 9.3
1995 50.6
1995 39.1
1995 24.9
1995 0.4
1995 0
1995 0
1995 0
1995 0
1995 3.9
1995 3.4
1995 2.6
1995 4.2
1995 5
1995 0
1995 14.5
1995 41.8
1995 0
1995 7.7
1995 9.2
1995 6.6
1995 15.24
1995 0
1995 0
1995 0
1995 0
1995 3.37333333333333
1995 0
1995 0
1995 0
1995 0.113333333333333
1995 5.21833333333333
1995 0
1995 0.52
1995 0.36
1995 0.38
1995 0.583333333333333
1995 4.39166666666667
1995 0.27
1995 0
1995 8.9
1995 0
1995 0
1995 0
1995 0
1995 7.9
1995 16.7
1995 13.125
1995 18.8
1995 2.4
1995 0
1995 0
1995 0
1995 13.7
1995 8.8
1995 5.3
1995 7.4
1995 1.9
1995 0
1995 0
1995 0
1995 0
1995 0
1995 0
1995 0
1995 6.2
1995 0.8
1995 11.7
1995 0
1995 0
1995 34.7
1995 17.9
1995 0
1995 0
1995 0
1995 0
1995 0.14
1995 27.45
1995 21.9
1995 23.3
1995 1.9
1995 11.4
1995 35.7
1995 0
1995 0
1995 0
1995 0
1995 0
1995 0
1995 0
1995 0
1995 0.87
1995 0.13
1995 0
1995 0.595
1995 6.1
1995 0
1995 6.09
1995 0
1995 0
1995 0
1995 0.125
1995 0
1995 0
1995 0
1995 0
1995 0
1995 0
1995 0
1995 0
1995 0
1995 0
1995 0
1995 0
1995 0
1995 0
1995 0
1995 0
1995 0
1995 0
1995 0
1995 0
1995 0
1995 0
1995 0
1995 1.14
1995 0
1995 0
1995 0
1995 0
1995 0
1995 0.178333333333334
1995 0
1995 0
1995 0
1995 0
1995 0
1995 0
1995 0
1995 0
1995 0
1995 0
1995 0
1995 0
1995 0
1995 0
1995 0
1995 0
1995 0
1995 0
1995 0
1995 0
1995 0
1995 0
1995 0
1995 0
1995 0
1995 0
1995 0
1995 0
1995 0
1995 0
1995 0
1995 0
1995 0
1995 0
1995 0
1995 0
1995 0
1995 0
1995 0
1995 0
1995 0
1995 0
1995 0
1995 0
1995 0
1995 0
1995 0
1995 0
1995 0
1995 0
1995 0
1995 0
1995 0
1995 0
1995 0
1995 0
1995 0
1995 0
1995 0
1995 0
1995 0
1995 0
1995 0
1995 0
1995 0
1995 0
1995 0
1995 0
1995 0
1995 0
1995 0
1995 0
1995 0
1995 0
1995 0
1995 0
1995 0
1995 0
1995 0
1995 0
1995 0
1995 0
1995 0
1995 0
1995 0
1995 0
1995 0
1995 0
1995 0
1995 0
1995 0
1995 0
1995 0
1995 0
1995 0
1995 0
1995 0
1995 0
1995 0
1995 0
1995 0
1995 0
1995 0
1996 0
1996 0
1996 0
1996 0
1996 0
1996 0
1996 0
1996 0
1996 0
1996 0
1996 0
1996 0
1996 0
1996 0
1996 0
1996 0
1996 0
1996 0
1996 0
1996 0
1996 0
1996 0
1996 0
1996 0
1996 0
1996 0
1996 0
1996 0
1996 0
1996 0
1996 0
1996 0
1996 0
1996 0
1996 0
1996 0
1996 0
1996 0
1996 0
1996 0
1996 0
1996 0
1996 0
1996 0
1996 0
1996 0
1996 0
1996 0
1996 0
1996 0
1996 0
1996 0
1996 0
1996 0
1996 0
1996 0
1996 0
1996 0
1996 0
1996 0
1996 0
1996 0
1996 0
1996 14.88
1996 7.6
1996 0
1996 0
1996 0
1996 0
1996 0
1996 0
1996 0
1996 0
1996 0
1996 0
1996 0
1996 0
1996 0
1996 7.6
1996 29.1
1996 2.2
1996 0
1996 0
1996 0
1996 0
1996 0
1996 0
1996 0
1996 14
1996 0
1996 0
1996 0
1996 0
1996 4.2
1996 0
1996 0
1996 0
1996 0
1996 0
1996 0
1996 0
1996 0
1996 6.8
1996 3.5
1996 0
1996 0
1996 0
1996 0.855
1996 9.54
1996 0
1996 39
1996 4.59
1996 0
1996 0
1996 0
1996 0
1996 13.2
1996 1.3
1996 0
1996 5.8
1996 0.4
1996 7.02
1996 0
1996 0
1996 0
1996 0
1996 0
1996 0
1996 2.04
1996 0
1996 0
1996 0
1996 0
1996 0
1996 0
1996 0
1996 0
1996 0
1996 0
1996 0
1996 0
1996 0
1996 0
1996 0
1996 0
1996 0
1996 0
1996 0
1996 0
1996 0
1996 0
1996 0
1996 0
1996 0
1996 0
1996 0.9
1996 1.6
1996 0.2
1996 0
1996 0
1996 8
1996 0
1996 0
1996 1.4
1996 3.1
1996 18.4
1996 4.8
1996 0
1996 9.5
1996 21.2
1996 13.5
1996 0.3
1996 1.5
1996 1.3
1996 0.3
1996 0
1996 0
1996 0
1996 0
1996 0
1996 0
1996 0
1996 5.2
1996 0
1996 0
1996 0
1996 0
1996 0
1996 0
1996 0
1996 0
1996 0
1996 4.8
1996 0
1996 0
1996 0
1996 0
1996 0
1996 0
1996 0
1996 0
1996 0
1996 0
1996 13.895
1996 0
1996 0
1996 0
1996 0
1996 1.44
1996 2.2
1996 5.8
1996 8.4
1996 0
1996 6
1996 4.1
1996 1
1996 0
1996 0
1996 0
1996 0
1996 0
1996 0
1996 0
1996 0
1996 0
1996 6.89333333333333
1996 0
1996 0
1996 0
1996 0
1996 0
1996 0
1996 0
1996 0
1996 0
1996 0
1996 0
1996 0
1996 0
1996 0
1996 0
1996 0
1996 0
1996 0
1996 0
1996 0
1996 0
1996 0
1996 0
1996 0
1996 0
1996 0
1996 0
1996 0
1996 0
1996 0
1996 0
1996 0
1996 0
1996 0
1996 0
1996 0
1996 0
1996 0
1996 0
1996 0
1996 0
1996 0
1996 0
1996 0
1996 0
1996 0
1996 0
1996 0
1996 0
1996 0
1996 0
1996 0
1996 0
1996 0
1996 0
1996 0
1996 0
1996 0
1996 0
1996 0
1996 0
1996 0
1996 0
1996 0
1996 0
1996 0
1996 0
1996 0
1996 0
1996 0
1996 0
1996 0
1996 0
1996 0
1996 0
1996 0
1996 0
1996 0
1996 0
1996 0
1996 0
1996 0
1996 0
1996 0
1996 0
1996 0
1996 0
1996 0
1996 0
1996 0
1996 0
1996 0
1996 0
1996 0
1996 0
1996 0
1996 0
1996 0
1996 0
1996 0
1996 0
1996 0
1996 0
1996 0
1996 0
1996 0
1996 0
1996 0
1996 0
1996 0
1996 0
1996 0
1996 0
1996 0
1996 0
1996 0
1996 0
1996 0
1996 0
1996 0
1996 0
1996 0
1996 0
1996 0
1996 0
1996 0
1996 0
1996 0
1996 0
1996 0
1996 0
1996 0
1996 0
1996 0
1996 0
1996 0
1996 0
1996 0
1996 0
1996 0
1997 0
1997 0
1997 0
1997 0
1997 0
1997 0
1997 0
1997 0
1997 0
1997 0
1997 0
1997 0
1997 0
1997 0
1997 0
1997 0
1997 0
1997 0
1997 0
1997 0
1997 0
1997 0
1997 0
1997 0
1997 0
1997 0
1997 0
1997 0
1997 0
1997 0
1997 0
1997 0
1997 0
1997 0
1997 0
1997 0
1997 0
1997 0
1997 0
1997 0
1997 0
1997 0
1997 0
1997 0
1997 0
1997 0
1997 0
1997 0
1997 0
1997 0
1997 0
1997 0
1997 0
1997 0
1997 0
1997 0
1997 0
1997 0
1997 0
1997 0
1997 0
1997 0
1997 0
1997 0
1997 0
1997 0
1997 0
1997 0
1997 0
1997 0
1997 0
1997 0
1997 0
1997 0
1997 24.3
1997 0.9
1997 0
1997 0
1997 1.2
1997 0
1997 8.925
1997 5
1997 0
1997 16
1997 2.3
1997 11
1997 20
1997 8.4
1997 8.2
1997 44
1997 27.4
1997 5.1
1997 28.6
1997 0
1997 0
1997 0
1997 0
1997 0
1997 0
1997 0
1997 0
1997 0
1997 0
1997 5.51
1997 1.54
1997 0
1997 0
1997 4.1
1997 0.15
1997 0
1997 2.05333333333333
1997 6.02
1997 1.22666666666667
1997 4.98333333333333
1997 0
1997 1.3
1997 0
1997 0
1997 0
1997 0
1997 0.4
1997 0
1997 0
1997 0
1997 0
1997 0.7
1997 0
1997 0
1997 0
1997 0
1997 0
1997 0
1997 0
1997 0
1997 0
1997 0
1997 0
1997 0
1997 0
1997 0
1997 1.14
1997 5.18
1997 0
1997 0
1997 0
1997 0
1997 0
1997 0
1997 0
1997 0
1997 0
1997 0
1997 0
1997 0
1997 0
1997 0
1997 0
1997 18.7
1997 0
1997 0
1997 0
1997 0
1997 0
1997 0.45
1997 0
1997 2.48333333333333
1997 23.4
1997 17.6
1997 0
1997 0
1997 16.6
1997 3.4
1997 0
1997 0
1997 0
1997 0
1997 0
1997 0
1997 0
1997 10
1997 0
1997 0
1997 0
1997 0
1997 0
1997 0
1997 0
1997 0
1997 0
1997 0
1997 0
1997 0
1997 0
1997 0
1997 0
1997 0
1997 0
1997 0
1997 0
1997 0
1997 12.2
1997 7.9
1997 0
1997 10.4266666666667
1997 1.62
1997 5.28
1997 0
1997 0
1997 0
1997 28.6
1997 0.6
1997 0
1997 0
1997 0
1997 0
1997 0.775000000000001
1997 43.2
1997 9.45
1997 0
1997 0
1997 0
1997 0
1997 0
1997 0
1997 0
1997 0
1997 1.015
1997 2.5
1997 0
1997 0
1997 0
1997 3.45666666666667
1997 0
1997 0
1997 0
1997 0
1997 0
1997 0
1997 0
1997 0
1997 0
1997 1.13166666666667
1997 0
1997 0
1997 0
1997 0
1997 0
1997 0
1997 0.425
1997 1.36166666666667
1997 0
1997 0
1997 0
1997 0
1997 0
1997 0
1997 0
1997 0
1997 0
1997 0
1997 0
1997 0
1997 0
1997 0
1997 0
1997 0
1997 0
1997 0
1997 0
1997 0
1997 0
1997 0
1997 0
1997 0
1997 0
1997 0
1997 0
1997 0
1997 0
1997 0
1997 0
1997 0
1997 0
1997 0
1997 0
1997 0
1997 0
1997 0
1997 0
1997 0
1997 0
1997 0
1997 0
1997 0
1997 0
1997 0
1997 0
1997 0
1997 0
1997 0
1997 0
1997 0
1997 0
1997 0
1997 0
1997 0
1997 0
1997 0
1997 0
1997 0
1997 0
1997 0
1997 0
1997 0
1997 0
1997 0
1997 0
1997 0
1997 0
1997 0
1997 0
1997 0
1997 0
1997 0
1997 0
1997 0
1997 0
1997 0
1997 0
1997 0
1997 0
1997 0
1997 0
1997 0
1997 0
1997 0
1997 0
1997 0
1997 0
1997 0
1997 0
1997 0
1997 0
1997 0
1997 0
1997 0
1997 0
1997 0
1997 0
1997 0
1997 0
1997 0
1997 0
1997 0
1997 0
1997 0
1997 0
1997 0
1997 0
1997 0
1997 0
1997 0
1997 0
1997 0
1997 0
1998 0
1998 0
1998 0
1998 0
1998 0
1998 0
1998 0
1998 0
1998 0
1998 0
1998 0
1998 0
1998 0
1998 0
1998 0
1998 0
1998 0
1998 0
1998 0
1998 0
1998 0
1998 0
1998 0
1998 0
1998 0
1998 0
1998 0
1998 0
1998 0
1998 0
1998 0
1998 0
1998 0
1998 0
1998 0
1998 0
1998 0
1998 0
1998 0
1998 0
1998 0
1998 0
1998 1.155
1998 16.4266666666667
1998 4.715
1998 0
1998 0
1998 0
1998 0
1998 0
1998 0
1998 0
1998 0
1998 0
1998 0
1998 0
1998 0
1998 0
1998 0
1998 0
1998 0
1998 0
1998 0
1998 0
1998 0
1998 0
1998 0
1998 0
1998 0
1998 0.765
1998 0.9
1998 0
1998 0
1998 0
1998 0
1998 2.7
1998 0
1998 0
1998 0
1998 0
1998 1.75
1998 0.116666666666667
1998 0
1998 0
1998 0
1998 0
1998 0
1998 0
1998 0
1998 0
1998 0.66
1998 7.28
1998 10.2
1998 3.9
1998 0
1998 0
1998 0
1998 0
1998 0
1998 0.103333333333333
1998 2.64
1998 0
1998 0
1998 10.7
1998 11
1998 0
1998 0
1998 0
1998 0
1998 0
1998 0.201666666666666
1998 23.2466666666667
1998 0
1998 0
1998 0.208333333333333
1998 0
1998 0
1998 7.65
1998 6.7
1998 0
1998 0
1998 0
1998 0
1998 0
1998 6.045
1998 1.48
1998 3.68666666666667
1998 4.56
1998 0
1998 0
1998 0
1998 0
1998 0
1998 0
1998 0
1998 0.0599999999999998
1998 0
1998 17.395
1998 6.5
1998 2.1
1998 15.7066666666667
1998 23.3
1998 2.6
1998 0
1998 0
1998 1.1
1998 0
1998 0
1998 0
1998 0
1998 0
1998 0
1998 0
1998 0
1998 0
1998 0
1998 0
1998 0
1998 0
1998 0.9
1998 0
1998 0
1998 0
1998 0
1998 0
1998 0
1998 0
1998 0
1998 0
1998 0
1998 0
1998 0
1998 0
1998 0
1998 0
1998 0
1998 0.173333333333333
1998 0
1998 0
1998 0
1998 1.26
1998 4.21666666666667
1998 0
1998 0
1998 0
1998 0
1998 14.1866666666667
1998 0
1998 0
1998 1.8
1998 0
1998 1
1998 5.4
1998 0.1
1998 9.7
1998 28
1998 8.12
1998 0.233333333333333
1998 0.03
1998 6.91666666666667
1998 20
1998 4.2
1998 1.4
1998 12.8
1998 0
1998 0
1998 0
1998 0
1998 0
1998 0
1998 0
1998 0
1998 0
1998 0
1998 0
1998 0
1998 0
1998 0
1998 0
1998 0
1998 0
1998 0
1998 0.0700000000000001
1998 5.72
1998 10.3
1998 0
1998 0.600000000000001
1998 0
1998 0
1998 4.15166666666667
1998 1.86333333333333
1998 0
1998 0
1998 0
1998 0
1998 0
1998 0
1998 0
1998 0
1998 0
1998 0
1998 0
1998 0
1998 0
1998 0
1998 0
1998 0
1998 0
1998 0
1998 0
1998 0
1998 0
1998 0
1998 0
1998 0
1998 0
1998 0
1998 0
1998 0
1998 0
1998 0
1998 0
1998 0
1998 0
1998 0
1998 0
1998 0
1998 0
1998 0
1998 0
1998 0
1998 0
1998 0
1998 0
1998 0
1998 0
1998 0
1998 0
1998 0
1998 0
1998 0
1998 0
1998 0
1998 0
1998 0
1998 0
1998 0
1998 0
1998 0
1998 0
1998 0
1998 0
1998 0
1998 0
1998 0
1998 0
1998 0
1998 0
1998 0
1998 0
1998 0
1998 0
1998 0
1998 0
1998 0
1998 0
1998 0
1998 0
1998 0
1998 0
1998 0
1998 0
1998 0
1998 0
1998 0
1998 0
1998 0
1998 0
1998 0
1998 0
1998 0
1998 0
1998 0
1998 0
1998 0
1998 0
1998 0
1998 0
1998 0
1998 0
1998 0
1998 0
1998 0
1998 0
1998 0
1998 0
1998 0
1998 0
1998 0
1998 0
1998 0
1998 0
1998 0
1998 0
1998 0
1998 0
1998 0
1998 0
1998 0
1998 0
1998 0
1998 0
1998 0
1998 0
1998 0
1998 0
1998 0
1998 0
1998 0
1998 0
1998 0
1998 0
1998 0
1998 0
1998 0
1999 0
1999 0
1999 0
1999 0
1999 0
1999 0
1999 0
1999 0
1999 0
1999 0
1999 0
1999 0
1999 0
1999 0
1999 0
1999 0
1999 0
1999 0
1999 0
1999 0
1999 0
1999 0
1999 0
1999 0
1999 0
1999 0
1999 0
1999 0
1999 0
1999 0
1999 0
1999 0
1999 0
1999 0
1999 0
1999 0
1999 0
1999 0
1999 0
1999 0
1999 0
1999 0
1999 0
1999 0
1999 0
1999 0
1999 0
1999 0
1999 0
1999 0.00499999999999998
1999 0
1999 0
1999 0
1999 0
1999 0
1999 2.7
1999 0.00999999999999996
1999 0
1999 0
1999 3.93333333333333
1999 5.05
1999 0
1999 0
1999 0
1999 5.46666666666667
1999 0.245
1999 0
1999 0
1999 0.1
1999 0
1999 0
1999 1.36666666666667
1999 0.5
1999 0
1999 17.7666666666667
1999 22.7
1999 25.2
1999 0.5
1999 0
1999 2.7
1999 0.9
1999 0
1999 0
1999 0
1999 0
1999 1.7
1999 1.2
1999 7
1999 0
1999 2.5
1999 0
1999 0
1999 0
1999 0
1999 3.5
1999 21.9
1999 16.3
1999 13.5
1999 0
1999 0.4
1999 12.2
1999 13.6
1999 18.7
1999 0
1999 0
1999 0
1999 0
1999 0
1999 0
1999 0.935
1999 3.9
1999 2.1
1999 0
1999 0
1999 1.5
1999 0
1999 0
1999 0
1999 0
1999 0
1999 0
1999 0
1999 0
1999 1.2
1999 3.44
1999 1.52
1999 0
1999 0
1999 0
1999 0
1999 2.7
1999 0
1999 3.2
1999 4.1
1999 10.2
1999 6.7
1999 0
1999 0
1999 0
1999 0
1999 0
1999 0
1999 0
1999 0
1999 0
1999 0
1999 0
1999 4.5
1999 42.4
1999 49.2
1999 8
1999 5
1999 0
1999 0
1999 0
1999 4.9
1999 5.9
1999 40.6
1999 32.2
1999 30.1
1999 17.1
1999 16.1
1999 1.1
1999 0.8
1999 0
1999 0.1
1999 1.6
1999 0
1999 14.9
1999 36.3
1999 32.1
1999 53.2
1999 31.2
1999 54.32
1999 46.8
1999 32.9
1999 22.1
1999 0
1999 0
1999 0
1999 0
1999 6.9
1999 0.674999999999999
1999 0
1999 1.82
1999 3.6
1999 15
1999 0.6
1999 5.9
1999 0
1999 0
1999 0
1999 0
1999 0
1999 0
1999 0
1999 0
1999 0
1999 0
1999 16.9
1999 2.3
1999 2.61333333333333
1999 15.215
1999 16.6
1999 0
1999 0
1999 0
1999 0
1999 0.07
1999 0
1999 0
1999 0
1999 0
1999 0
1999 0
1999 0
1999 0
1999 0
1999 0
1999 2.60666666666667
1999 0
1999 0
1999 0
1999 0.733333333333333
1999 3.66666666666667
1999 0
1999 1.925
1999 24.7
1999 0.6
1999 4.66666666666667
1999 4.4
1999 0.625
1999 0
1999 0
1999 0
1999 0
1999 0
1999 0
1999 0
1999 0
1999 0
1999 0
1999 0
1999 0
1999 0
1999 0
1999 0
1999 0
1999 0
1999 0
1999 0
1999 0
1999 0
1999 0
1999 0
1999 0
1999 0
1999 0
1999 0
1999 0
1999 0
1999 0
1999 0
1999 0
1999 0
1999 0
1999 0
1999 0
1999 0
1999 0
1999 0
1999 0
1999 0
1999 0
1999 0
1999 0
1999 0
1999 0
1999 0
1999 0
1999 0
1999 0
1999 0
1999 0
1999 0
1999 0
1999 0
1999 0
1999 0
1999 0
1999 0
1999 0
1999 0
1999 0
1999 0
1999 0
1999 0
1999 0
1999 0
1999 0
1999 0
1999 0
1999 0
1999 0
1999 0
1999 0
1999 0
1999 0
1999 0
1999 0
1999 0
1999 0
1999 0
1999 0
1999 0
1999 0
1999 0
1999 0
1999 0
1999 0
1999 0
1999 0
1999 0
1999 0
1999 0
1999 0
1999 0
1999 0
1999 0
1999 0
1999 0
1999 0
1999 0
1999 0
1999 0
1999 0
1999 0
1999 0
1999 0
1999 0
1999 0
1999 0
1999 0
1999 0
1999 0
1999 0
1999 0
1999 0
1999 0
1999 0
1999 0
1999 0
1999 0
1999 0
1999 0
1999 0
1999 0
1999 0
1999 0
1999 0
1999 0
1999 0
1999 0
1999 0
1999 0
2000 0
2000 0
2000 0
2000 0
2000 0
2000 0
2000 0
2000 0
2000 0
2000 0
2000 0
2000 0
2000 0
2000 0
2000 0
2000 0
2000 0
2000 0
2000 0
2000 0
2000 0
2000 0
2000 0
2000 0
2000 0
2000 0
2000 0
2000 0
2000 0
2000 0
2000 0
2000 0
2000 0
2000 0
2000 0
2000 0
2000 0
2000 0
2000 0
2000 0
2000 0
2000 0
2000 0
2000 0
2000 0
2000 0
2000 0
2000 0
2000 0
2000 0
2000 0
2000 0
2000 0
2000 0
2000 0
2000 0
2000 0
2000 0
2000 0
2000 0
2000 0
2000 0
2000 0
2000 0
2000 0
2000 0
2000 0
2000 0
2000 5.11833333333333
2000 30.4166666666667
2000 8.9
2000 0
2000 0
2000 0
2000 4.4
2000 0
2000 3.4
2000 9
2000 10.8
2000 1.4
2000 0
2000 1.4
2000 14.3
2000 16.8
2000 0
2000 0
2000 0
2000 0
2000 0
2000 0
2000 0
2000 0.0683333333333333
2000 0.18
2000 0
2000 3.86666666666667
2000 8.1
2000 0
2000 0
2000 0
2000 0.358333333333333
2000 10.6
2000 6.8
2000 0
2000 4.3
2000 14.7
2000 2.9
2000 1.5
2000 0
2000 32.6
2000 15.9333333333333
2000 1.4
2000 0
2000 0
2000 0
2000 0
2000 15.58
2000 27.365
2000 10.7
2000 30.6
2000 18
2000 0
2000 2
2000 3.3
2000 0
2000 0
2000 3.6
2000 1
2000 0
2000 0
2000 0
2000 2
2000 0
2000 0
2000 0
2000 0
2000 0
2000 0
2000 0
2000 2.5
2000 15.8
2000 0.4
2000 0
2000 9.1
2000 18.3
2000 24.6
2000 0
2000 0
2000 0
2000 0
2000 0
2000 30.6
2000 5.81333333333333
2000 0
2000 0
2000 1.635
2000 0
2000 0
2000 0.62
2000 0
2000 1.12666666666667
2000 0
2000 19.12
2000 0
2000 2.6
2000 0
2000 31.5
2000 2.50666666666667
2000 10.0533333333333
2000 15.7
2000 15.5
2000 28.5
2000 22.4
2000 14.1
2000 0
2000 0
2000 0
2000 4.5
2000 5
2000 0
2000 0
2000 0
2000 0.18
2000 7.75833333333334
2000 4.4
2000 10.1
2000 13.5
2000 0
2000 0
2000 0
2000 7.11666666666667
2000 0
2000 0
2000 0
2000 0
2000 0
2000 6.6
2000 3.63833333333333
2000 38
2000 41.3
2000 14.5
2000 5.22
2000 0
2000 0
2000 0
2000 0
2000 0
2000 0
2000 5.41333333333333
2000 10.1
2000 0
2000 4.88
2000 4.1
2000 0.666666666666667
2000 1.29
2000 0
2000 0
2000 0
2000 0
2000 0.6
2000 0
2000 0
2000 0
2000 0
2000 0
2000 7.14
2000 0.07
2000 0
2000 0
2000 0
2000 0
2000 0
2000 0
2000 0
2000 0
2000 0
2000 0
2000 0
2000 0
2000 0
2000 0
2000 0
2000 0
2000 0
2000 0
2000 0
2000 0
2000 0
2000 0
2000 0
2000 0
2000 0
2000 0
2000 0
2000 0
2000 0
2000 0
2000 0
2000 0
2000 0
2000 0
2000 0
2000 0
2000 0
2000 0
2000 0
2000 0
2000 0
2000 0
2000 0
2000 0
2000 0
2000 0
2000 0
2000 0
2000 0
2000 0
2000 0
2000 0
2000 0
2000 0
2000 0
2000 0
2000 0
2000 0
2000 0
2000 0
2000 0
2000 0
2000 0
2000 0
2000 0
2000 0
2000 0
2000 0
2000 0
2000 0
2000 0
2000 0
2000 0
2000 0
2000 0
2000 0
2000 0
2000 0
2000 0
2000 0
2000 0
2000 0
2000 0
2000 0
2000 0
2000 0
2000 0
2000 0
2000 0
2000 0
2000 0
2000 0
2000 0
2000 0
2000 0
2000 0
2000 0
2000 0
2000 0
2000 0
2000 0
2000 0
2000 0
2000 0
2000 0
2000 0
2000 0
2000 0
2000 0
2000 0
2000 0
2000 0
2000 0
2000 0
2000 0
2000 0
2000 0
2000 0
2000 0
2000 0
2000 0
2000 0
2000 0
2000 0
2000 0
2000 0
2000 0
2000 0
2000 0
2000 0
2000 0
2000 0
2000 0
2000 0
2000 0
2000 0
2000 0
2000 0
2000 0
2000 0
2001 0
2001 0
2001 0
2001 0
2001 0
2001 0
2001 0
2001 0
2001 0
2001 0
2001 0
2001 0
2001 0
2001 0
2001 0
2001 0
2001 0
2001 0
2001 0
2001 0
2001 0
2001 0
2001 0
2001 0
2001 0
2001 0
2001 0
2001 0
2001 0
2001 0
2001 0
2001 0
2001 0
2001 0
2001 0
2001 0
2001 2.46
2001 0
2001 0
2001 0
2001 0
2001 0
2001 0
2001 0
2001 0
2001 0
2001 0
2001 0
2001 0
2001 0
2001 0
2001 0
2001 0
2001 0
2001 0
2001 0
2001 0
2001 0
2001 0
2001 0
2001 0
2001 0
2001 0
2001 0
2001 0.958333333333333
2001 0
2001 0
2001 0
2001 0
2001 0.265
2001 0.433333333333333
2001 0
2001 0
2001 0
2001 0
2001 2.14666666666667
2001 9.42666666666667
2001 8.91
2001 0
2001 0
2001 7.08333333333333
2001 1.14833333333333
2001 0
2001 0
2001 0
2001 3.9
2001 5.5
2001 9.14666666666667
2001 0
2001 0
2001 0
2001 0
2001 0
2001 0
2001 0
2001 0
2001 0
2001 0
2001 0
2001 0
2001 0
2001 0
2001 0
2001 0
2001 3.14666666666667
2001 9.82666666666667
2001 3.8
2001 3.3
2001 1.9
2001 3.94666666666667
2001 0
2001 0
2001 0
2001 0
2001 0
2001 0.126666666666667
2001 0
2001 0.4
2001 8.1
2001 6.5
2001 1
2001 0
2001 0
2001 5.11333333333333
2001 0
2001 1.6
2001 0
2001 0
2001 28.9
2001 11.6
2001 0
2001 0.5
2001 0.0583333333333333
2001 0
2001 0
2001 0
2001 0
2001 0
2001 0
2001 0
2001 0
2001 0.3
2001 0.3
2001 1.41666666666667
2001 1.54166666666667
2001 0
2001 5.76333333333333
2001 0
2001 3.6
2001 0
2001 0.1
2001 1.3
2001 1.6
2001 3.8
2001 18.3
2001 40.2
2001 1.46666666666667
2001 0
2001 0
2001 0
2001 0
2001 2.66333333333333
2001 0
2001 0
2001 0
2001 0
2001 0
2001 0
2001 0.0233333333333333
2001 4.7
2001 0
2001 0
2001 1.9
2001 13
2001 47
2001 20.6
2001 2.3
2001 0.5
2001 0
2001 0
2001 0
2001 5
2001 2.6
2001 0.34
2001 11.1466666666667
2001 0
2001 0
2001 0
2001 0
2001 0
2001 0.466666666666667
2001 0
2001 0
2001 0
2001 7.93333333333333
2001 0.640000000000001
2001 0
2001 0
2001 0
2001 1.49333333333333
2001 4.8
2001 0
2001 0
2001 0
2001 0
2001 0
2001 0
2001 0
2001 0
2001 0
2001 4.15166666666667
2001 0
2001 0
2001 0
2001 0
2001 0
2001 1.26666666666667
2001 0
2001 0
2001 7.84
2001 7.89333333333333
2001 0.394999999999999
2001 8.77333333333333
2001 2.56666666666667
2001 6.7
2001 2.7
2001 42.5
2001 7.275
2001 0.883333333333333
2001 6.45166666666667
2001 11.7333333333333
2001 13.5
2001 7.6
2001 1.7
2001 0
2001 0
2001 0
2001 0
2001 0
2001 0
2001 0
2001 0
2001 0
2001 0
2001 0
2001 0
2001 0
2001 0
2001 0
2001 0
2001 0
2001 0
2001 0
2001 0
2001 0
2001 0
2001 0
2001 0
2001 0
2001 0
2001 0
2001 0
2001 0
2001 0
2001 0
2001 0
2001 0
2001 0
2001 0
2001 0
2001 0
2001 0
2001 0
2001 0
2001 0
2001 0
2001 0
2001 0
2001 0
2001 0
2001 0
2001 0
2001 0
2001 0
2001 0
2001 0
2001 0
2001 0
2001 0
2001 0
2001 0
2001 0
2001 0
2001 0
2001 0
2001 0
2001 0
2001 0
2001 0
2001 0
2001 0
2001 0
2001 0
2001 0
2001 0
2001 0
2001 0
2001 0
2001 0
2001 0
2001 0
2001 0
2001 0
2001 0
2001 0
2001 0
2001 0
2001 0
2001 0
2001 0
2001 0
2001 0
2001 0
2001 0
2001 0
2001 0
2001 0
2001 0
2001 0
2001 0
2001 0
2001 0
2001 0
2001 0
2001 0
2001 0
2001 0
2001 0
2001 0
2001 0
2001 0
2001 0
2001 0
2001 0
2001 0
2001 0
2001 0
2001 0
2001 0
2001 0
2001 0
2001 0
2001 0
2001 0
2001 0
2001 0
2001 0
2001 0
2001 0
2001 0
2001 0
2001 0
2001 0
2001 0
2001 0
2002 0
2002 0
2002 0
2002 0
2002 0
2002 0
2002 0
2002 0
2002 0
2002 0
2002 0
2002 0
2002 0
2002 0
2002 0
2002 0
2002 0
2002 0
2002 0
2002 0
2002 0
2002 0
2002 0
2002 0
2002 0
2002 0
2002 0
2002 0
2002 0
2002 0
2002 0
2002 0
2002 0
2002 0
2002 0
2002 0
2002 0
2002 0
2002 0
2002 0
2002 0
2002 0
2002 0
2002 0
2002 0
2002 0
2002 0
2002 0
2002 0
2002 0
2002 0
2002 0
2002 0
2002 0
2002 0
2002 0
2002 0
2002 0
2002 0
2002 0
2002 0
2002 0
2002 0
2002 0
2002 0
2002 0
2002 0
2002 0
2002 0
2002 3.6
2002 0
2002 0
2002 1.8
2002 7.5
2002 1.1
2002 0
2002 0
2002 0
2002 0
2002 0
2002 0
2002 0
2002 20.8
2002 14
2002 8.8
2002 18.9
2002 0
2002 5.075
2002 8.6
2002 16.1
2002 8.8
2002 0
2002 0
2002 0
2002 0.568333333333333
2002 0
2002 0
2002 0
2002 0
2002 0
2002 0
2002 1.8
2002 1.7
2002 3.9
2002 0
2002 0
2002 0
2002 0
2002 0
2002 0
2002 1.1
2002 2.8
2002 9.6
2002 4.7
2002 1.4
2002 4.6
2002 9.7
2002 9.1
2002 10.8
2002 21.96
2002 2.5
2002 2.8
2002 0
2002 0
2002 0
2002 0
2002 0
2002 0
2002 0
2002 0
2002 0
2002 0
2002 0
2002 0
2002 0
2002 0
2002 0
2002 0
2002 0
2002 0
2002 1.6
2002 2.695
2002 1.20833333333333
2002 0
2002 0
2002 0
2002 0.268333333333333
2002 0
2002 0
2002 0
2002 0
2002 0
2002 0
2002 0
2002 0
2002 0
2002 0
2002 0
2002 2.52
2002 0.3
2002 7.7
2002 0
2002 1.23333333333333
2002 0
2002 0
2002 0
2002 0
2002 0
2002 0
2002 0
2002 5.78
2002 11.4
2002 15.2
2002 10.4
2002 8.9
2002 12.47
2002 18.4
2002 9.8
2002 0
2002 0
2002 0.881666666666666
2002 0
2002 5.7
2002 1.6
2002 0
2002 0
2002 0
2002 0
2002 0
2002 0
2002 0
2002 0
2002 0
2002 0
2002 0
2002 0
2002 0
2002 0
2002 0
2002 0
2002 0
2002 0
2002 0
2002 14.2
2002 6.2
2002 0
2002 0
2002 0
2002 0
2002 0
2002 0
2002 0
2002 0
2002 0
2002 0
2002 0
2002 0
2002 0
2002 0.28
2002 0
2002 0
2002 0
2002 0
2002 0
2002 0
2002 0
2002 0.99
2002 0.213333333333333
2002 0
2002 0
2002 0
2002 0.693333333333334
2002 0
2002 0
2002 0
2002 0
2002 0
2002 0
2002 0
2002 0
2002 0
2002 0
2002 0
2002 0
2002 0
2002 0
2002 0
2002 0
2002 0
2002 0
2002 0
2002 0
2002 0
2002 0
2002 0
2002 0
2002 0
2002 0
2002 0
2002 0
2002 0
2002 0
2002 0
2002 0
2002 0
2002 0
2002 0
2002 0
2002 0
2002 0
2002 0
2002 0
2002 0
2002 0
2002 0
2002 0
2002 0
2002 0
2002 0
2002 0
2002 0
2002 0
2002 0
2002 0
2002 0
2002 0
2002 0
2002 0
2002 0
2002 0
2002 0
2002 0
2002 0
2002 0
2002 0
2002 0
2002 0
2002 0
2002 0
2002 0
2002 0
2002 0
2002 0
2002 0
2002 0
2002 0
2002 0
2002 0
2002 0
2002 0
2002 0
2002 0
2002 0
2002 0
2002 0
2002 0
2002 0
2002 0
2002 0
2002 0
2002 0
2002 0
2002 0
2002 0
2002 0
2002 0
2002 0
2002 0
2002 0
2002 0
2002 0
2002 0
2002 0
2002 0
2002 0
2002 0
2002 0
2002 0
2002 0
2002 0
2002 0
2002 0
2002 0
2002 0
2002 0
2002 0
2002 0
2002 0
2002 0
2002 0
2002 0
2002 0
2002 0
2002 0
2002 0
2002 0
2002 0
2002 0
2002 0
2002 0
2002 0
2002 0
2002 0
2002 0
2002 0
2003 0
2003 0
2003 0
2003 0
2003 0
2003 0
2003 0
2003 0
2003 0
2003 0
2003 0
2003 0
2003 0
2003 0
2003 0
2003 0
2003 0
2003 0
2003 0
2003 0
2003 0
2003 0
2003 0
2003 3.395
2003 2.26166666666667
2003 2.89333333333333
2003 0
2003 0
2003 0
2003 0
2003 0
2003 0
2003 0
2003 0
2003 0
2003 0
2003 0
2003 0
2003 0
2003 0
2003 0
2003 0
2003 0
2003 0
2003 0
2003 0
2003 0
2003 0
2003 1.5
2003 0
2003 0
2003 0
2003 0
2003 0
2003 0
2003 0
2003 0
2003 0
2003 0
2003 0
2003 0
2003 0
2003 0
2003 0
2003 0
2003 5.18
2003 0
2003 20.6
2003 4.5
2003 26.9
2003 10.7733333333333
2003 0
2003 0
2003 0
2003 0
2003 0
2003 0
2003 0
2003 3.41
2003 0.81
2003 0
2003 0
2003 0
2003 0
2003 0
2003 0
2003 0
2003 0
2003 0
2003 2.595
2003 1.20833333333333
2003 3.895
2003 9.9
2003 1
2003 0
2003 0
2003 0
2003 0
2003 0
2003 0
2003 0
2003 0
2003 0
2003 0
2003 0
2003 1
2003 17.675
2003 1.41666666666667
2003 0
2003 0
2003 2.2
2003 6.08666666666667
2003 0
2003 0
2003 0
2003 0
2003 0
2003 0
2003 0
2003 3.115
2003 0
2003 0
2003 0.225
2003 0
2003 0
2003 4.4
2003 1.6
2003 1.2
2003 1.1
2003 0
2003 0
2003 0
2003 0
2003 0
2003 9.7
2003 0
2003 0
2003 0.7
2003 0
2003 0
2003 0
2003 0
2003 3.04
2003 2.83666666666667
2003 20.6
2003 7.4
2003 0
2003 2.4
2003 9
2003 10.4266666666667
2003 24.9
2003 7
2003 3.9
2003 0.5
2003 2.5
2003 21
2003 24.7
2003 29.7
2003 17.4
2003 4.5
2003 5.8
2003 0
2003 0
2003 0
2003 0
2003 0
2003 0
2003 0
2003 0
2003 0
2003 0
2003 0
2003 0
2003 0
2003 0
2003 0
2003 0
2003 0
2003 0
2003 0
2003 0
2003 0
2003 0.573333333333334
2003 3.2
2003 0
2003 0
2003 0
2003 0
2003 0
2003 0
2003 0
2003 0
2003 0
2003 0
2003 0
2003 0
2003 0
2003 0
2003 0
2003 0
2003 0
2003 0
2003 0
2003 0
2003 0
2003 0
2003 0
2003 0
2003 0
2003 0
2003 0
2003 0
2003 0
2003 0.864999999999999
2003 4.8
2003 0
2003 7.74
2003 7.5
2003 0.8
2003 2.3
2003 1.1
2003 3.5
2003 0
2003 1.08
2003 0
2003 0
2003 0
2003 0
2003 0
2003 0
2003 0
2003 0
2003 0
2003 0
2003 0
2003 0
2003 0
2003 0
2003 0
2003 0
2003 0
2003 0
2003 0
2003 0
2003 0
2003 0
2003 0
2003 0
2003 0
2003 0
2003 0
2003 0
2003 0
2003 0
2003 0
2003 0
2003 0
2003 0
2003 0
2003 0
2003 0
2003 0
2003 0
2003 0
2003 0
2003 0
2003 0
2003 0
2003 0
2003 0
2003 0
2003 0
2003 0
2003 0
2003 0
2003 0
2003 0
2003 0
2003 0
2003 0
2003 0
2003 0
2003 0
2003 0
2003 0
2003 0
2003 0
2003 0
2003 0
2003 0
2003 0
2003 0
2003 0
2003 0
2003 0
2003 0
2003 0
2003 0
2003 0
2003 0
2003 0
2003 0
2003 0
2003 0
2003 0
2003 0
2003 0
2003 0
2003 0
2003 0
2003 0
2003 0
2003 0
2003 0
2003 0
2003 0
2003 0
2003 0
2003 0
2003 0
2003 0
2003 0
2003 0
2003 0
2003 0
2003 0
2003 0
2003 0
2003 0
2003 0
2003 0
2003 0
2003 0
2003 0
2003 0
2003 0
2003 0
2003 0
2003 0
2003 0
2003 0
2003 0
2003 0
2003 0
2003 0
2003 0
2003 0
2003 0
2003 0
2003 0
2003 0
2003 0
2003 0
2003 0
2003 0
2003 0
2003 0
2003 0
2003 0
2003 0
2003 0
2003 0
2003 0
2003 0
2003 0
2004 0
2004 0
2004 0
2004 0
2004 0
2004 0
2004 0
2004 0
2004 0
2004 0
2004 0
2004 0
2004 0
2004 0
2004 0
2004 0
2004 0
2004 0
2004 0
2004 0
2004 0
2004 0
2004 0
2004 0
2004 0
2004 0
2004 0
2004 0
2004 0
2004 0
2004 0
2004 0
2004 0
2004 0
2004 0
2004 0.133333333333333
2004 0
2004 33.5416666666667
2004 0
2004 0
2004 0
2004 0
2004 0
2004 0
2004 0
2004 0
2004 0
2004 0
2004 0
2004 0
2004 0
2004 0
2004 11.2
2004 1
2004 0
2004 0
2004 0
2004 0
2004 0
2004 2.09666666666667
2004 0
2004 0
2004 0
2004 0
2004 0
2004 0
2004 0
2004 0
2004 0
2004 0
2004 0
2004 0
2004 0
2004 0
2004 0
2004 0
2004 0
2004 0
2004 0
2004 0
2004 0
2004 0
2004 0
2004 0
2004 0
2004 0
2004 0
2004 0
2004 11.1416666666667
2004 0
2004 0
2004 0
2004 0
2004 0
2004 0
2004 0
2004 0.16
2004 0
2004 0
2004 0
2004 0
2004 1.17333333333333
2004 0.17
2004 0.41
2004 0
2004 31.8
2004 9
2004 0
2004 0
2004 0
2004 0
2004 3.80333333333333
2004 19.3
2004 0
2004 0
2004 0
2004 0
2004 0
2004 3.705
2004 0.4
2004 1.7
2004 4
2004 2.6
2004 0.2
2004 0
2004 6.6
2004 1.9
2004 12.3
2004 3.45
2004 4.8
2004 35.8
2004 3.93333333333333
2004 15.33
2004 5.25
2004 0
2004 0.246666666666666
2004 22.4
2004 1.6
2004 7.29
2004 2.1
2004 10.8
2004 30.3
2004 6.4
2004 0
2004 0
2004 13.2
2004 2.3
2004 0.3
2004 9.6
2004 7.6
2004 7.5
2004 0
2004 0
2004 0
2004 0
2004 0
2004 0
2004 0
2004 0
2004 0
2004 35.4
2004 2.5
2004 11.6
2004 12.8
2004 0.5
2004 0
2004 0
2004 0
2004 0
2004 0
2004 1.7
2004 0
2004 0
2004 0
2004 0
2004 15.3
2004 0.3
2004 0
2004 3.8
2004 1.8
2004 0
2004 0.7
2004 0
2004 0.7
2004 0
2004 0
2004 0.1
2004 3.37333333333333
2004 3.9
2004 4.1
2004 0
2004 0.8
2004 1.3
2004 0
2004 0
2004 0
2004 0
2004 0
2004 0
2004 0
2004 0
2004 0
2004 0
2004 0.87
2004 19.4
2004 26.1
2004 3.2
2004 2.4
2004 0
2004 0
2004 0
2004 0
2004 0
2004 0
2004 0
2004 0
2004 0
2004 0
2004 4.48
2004 6
2004 0.153333333333333
2004 2.52
2004 11.3066666666667
2004 0.191666666666667
2004 0.0383333333333333
2004 0
2004 0
2004 0
2004 0
2004 0
2004 0
2004 0
2004 0
2004 0
2004 0
2004 0
2004 0
2004 0
2004 0
2004 0
2004 0
2004 0
2004 0
2004 0
2004 0
2004 0
2004 0
2004 0
2004 10.32
2004 0
2004 0
2004 0.204999999999999
2004 0
2004 0
2004 0
2004 0
2004 0
2004 0
2004 0
2004 0
2004 0
2004 0
2004 0
2004 0
2004 0
2004 0
2004 0
2004 0
2004 0
2004 0
2004 0
2004 0
2004 0
2004 0
2004 0
2004 0
2004 0
2004 0
2004 0
2004 0
2004 0
2004 0
2004 0
2004 0
2004 0
2004 0
2004 0
2004 0
2004 0
2004 0
2004 0
2004 0
2004 0
2004 0
2004 0
2004 0
2004 0
2004 0
2004 0
2004 0
2004 0
2004 0
2004 0
2004 0
2004 0
2004 0
2004 0
2004 0
2004 0
2004 0
2004 0
2004 0
2004 0
2004 0
2004 0
2004 0
2004 0
2004 0
2004 0
2004 0
2004 0
2004 0
2004 0
2004 0
2004 0
2004 0
2004 0
2004 0
2004 0
2004 0
2004 0
2004 0
2004 0
2004 0
2004 0
2004 0
2004 0
2004 0
2004 0
2004 0
2004 0
2004 0
2004 0
2004 0
2004 0
2004 0
2004 0
2004 0
2004 0
2004 0
2004 0
2004 0
2004 0
2004 0
2004 0
2004 0
2004 0
2004 0
2004 0
2004 0
2004 0
2004 0
2004 0
2004 0
2004 0
2004 0
2005 0
2005 0
2005 0
2005 0
2005 0
2005 0
2005 0
2005 0
2005 0
2005 0
2005 0
2005 0
2005 0
2005 0
2005 0
2005 0
2005 0
2005 0
2005 0
2005 0
2005 0
2005 0
2005 0
2005 0
2005 0
2005 0
2005 0
2005 0
2005 0
2005 0
2005 0
2005 0
2005 0
2005 0
2005 0
2005 0
2005 0
2005 0
2005 0
2005 0
2005 0
2005 0
2005 0
2005 0
2005 0
2005 0
2005 0.14
2005 0
2005 0
2005 0
2005 0
2005 0
2005 0
2005 0
2005 0
2005 0
2005 0
2005 0
2005 0
2005 0
2005 0
2005 0
2005 0
2005 0
2005 0
2005 0
2005 0
2005 15.93
2005 0
2005 0
2005 1.4
2005 0
2005 0
2005 8.6
2005 1.7
2005 0
2005 0
2005 0
2005 2.21
2005 12.47
2005 5
2005 3.6
2005 2.37666666666667
2005 0
2005 0
2005 0
2005 0.303333333333333
2005 0.555
2005 0
2005 0
2005 0.1
2005 0
2005 0
2005 0
2005 0
2005 0
2005 0
2005 0
2005 0
2005 0
2005 0
2005 0
2005 0
2005 0
2005 0
2005 0
2005 1.06333333333333
2005 10.37
2005 12.4
2005 26.7
2005 0
2005 0
2005 0
2005 0
2005 0
2005 0.103333333333333
2005 4.4
2005 2.3
2005 16.7
2005 2.3
2005 0
2005 2.1
2005 3
2005 23
2005 2.2
2005 0
2005 5.9
2005 4.2
2005 0
2005 0
2005 0
2005 0
2005 0
2005 3.7
2005 1.1
2005 0
2005 0
2005 0
2005 0
2005 9.2
2005 3.6
2005 43.3
2005 29.52
2005 3.5
2005 3
2005 15.7
2005 4.2
2005 0.9
2005 0.1
2005 0
2005 0
2005 0
2005 13.7
2005 9.4
2005 16.5
2005 1.9
2005 0
2005 0
2005 0
2005 0
2005 0
2005 0
2005 2.8
2005 15.52
2005 2.24
2005 15.18
2005 18.3
2005 6
2005 4.8
2005 0
2005 0
2005 3.2
2005 5.9
2005 2.4
2005 1
2005 0
2005 0
2005 0
2005 0.2
2005 1.5
2005 0
2005 0
2005 0
2005 0
2005 0
2005 13.2
2005 4.2
2005 2.9
2005 8.3
2005 11.6
2005 0.3
2005 0
2005 11.3
2005 0
2005 0
2005 0
2005 0
2005 0
2005 0
2005 0
2005 0
2005 0
2005 0
2005 0
2005 0
2005 0
2005 0
2005 0
2005 0
2005 0
2005 0
2005 0
2005 0
2005 0
2005 0
2005 0
2005 0
2005 0
2005 0
2005 0
2005 16
2005 0
2005 0
2005 0
2005 0
2005 0
2005 0
2005 0
2005 0
2005 0
2005 0
2005 5.76
2005 0.22
2005 0
2005 0
2005 0
2005 0
2005 0
2005 0
2005 0
2005 0
2005 0
2005 0
2005 0
2005 0
2005 0
2005 0
2005 0
2005 0
2005 0.633333333333333
2005 0.333333333333333
2005 0
2005 0
2005 0
2005 0
2005 0
2005 0
2005 0
2005 0
2005 0
2005 0
2005 0
2005 0
2005 0
2005 0
2005 0
2005 0
2005 0
2005 0
2005 0
2005 0
2005 0
2005 0
2005 0
2005 0
2005 0
2005 0
2005 0
2005 0
2005 0
2005 0
2005 0
2005 0
2005 0
2005 0
2005 0
2005 0
2005 0
2005 0
2005 0
2005 0
2005 0
2005 0
2005 0
2005 0
2005 0
2005 0
2005 0
2005 0
2005 0
2005 0
2005 0
2005 0
2005 0
2005 0
2005 0
2005 0
2005 0
2005 0
2005 0
2005 0
2005 0
2005 0
2005 0
2005 0
2005 0
2005 0
2005 0
2005 0
2005 0
2005 0
2005 0
2005 0
2005 0
2005 0
2005 0
2005 0
2005 0
2005 0
2005 0
2005 0
2005 0
2005 0
2005 0
2005 0
2005 0
2005 0
2005 0
2005 0
2005 0
2005 0
2005 0
2005 0
2005 0
2005 0
2005 0
2005 0
2005 0
2005 0
2005 0
2005 0
2005 0
2005 0
2005 0
2005 0
2005 0
2005 0
2005 0
2005 0
2005 0
2005 0
2005 0
2005 0
2005 0
2005 0
2006 0
2006 0
2006 0
2006 0
2006 0
2006 0
2006 0
2006 0
2006 0
2006 0
2006 0
2006 0
2006 0
2006 0
2006 0
2006 0
2006 0
2006 0
2006 0
2006 0
2006 0
2006 0
2006 0
2006 0
2006 0
2006 0
2006 0
2006 0
2006 0
2006 0
2006 0
2006 0
2006 0
2006 0
2006 0
2006 0
2006 0
2006 0
2006 0
2006 0
2006 0
2006 0
2006 0
2006 0
2006 0
2006 0
2006 0
2006 0
2006 0
2006 0
2006 0
2006 0
2006 0
2006 0
2006 0
2006 0
2006 0
2006 0
2006 0
2006 0
2006 0
2006 0
2006 0
2006 0
2006 0
2006 0
2006 0
2006 0
2006 0
2006 0
2006 0
2006 0
2006 0
2006 0
2006 0
2006 0
2006 0
2006 0
2006 5.8
2006 0
2006 1.1
2006 11.6
2006 0.7
2006 0
2006 1.7
2006 5.9
2006 0.1
2006 0
2006 0.2
2006 0
2006 0
2006 0
2006 0.9
2006 3.92666666666667
2006 0.793333333333333
2006 4.58666666666667
2006 2.2
2006 4.8
2006 1.8
2006 0
2006 0
2006 0
2006 0
2006 0
2006 0
2006 4.4
2006 48.8
2006 33
2006 6.3
2006 6.5
2006 0
2006 0
2006 6.2
2006 4.8
2006 0
2006 0
2006 2.3
2006 1.4
2006 2.8
2006 0
2006 17.9
2006 4.2
2006 3.2
2006 10.3
2006 1.4
2006 0
2006 0
2006 0
2006 0
2006 0
2006 0
2006 0
2006 0
2006 0
2006 0
2006 0
2006 0
2006 2.8
2006 17.3
2006 26.5
2006 0
2006 5.4
2006 11.4
2006 1.2
2006 0
2006 0
2006 0.2
2006 0
2006 0
2006 0
2006 0
2006 0
2006 0
2006 0
2006 0
2006 0
2006 0
2006 0.6
2006 0.9
2006 1.4
2006 18.9
2006 13.1
2006 14.8
2006 0
2006 0
2006 0
2006 0
2006 21.5
2006 15.405
2006 0.28
2006 2.18666666666667
2006 0
2006 2.52
2006 0
2006 0
2006 0
2006 0
2006 6.7
2006 5.3
2006 0
2006 4.8
2006 2.6
2006 4.6
2006 11
2006 15.9
2006 3.6
2006 15.9
2006 5.4
2006 46
2006 10.0333333333333
2006 5.94
2006 19.5
2006 1.9
2006 0
2006 0
2006 0
2006 0
2006 0
2006 0
2006 0
2006 0
2006 0
2006 0
2006 0.14
2006 0.03
2006 0
2006 0
2006 0
2006 0
2006 0.6
2006 3.26666666666667
2006 0
2006 0
2006 0
2006 0
2006 0
2006 3.45
2006 0
2006 0
2006 0
2006 0
2006 15.3366666666667
2006 8.9
2006 11
2006 10.4866666666667
2006 0
2006 0
2006 0
2006 0
2006 0
2006 0
2006 0
2006 0
2006 0
2006 0
2006 0
2006 0
2006 0
2006 0
2006 0
2006 2.62833333333333
2006 0
2006 0
2006 0
2006 0
2006 0
2006 0
2006 0
2006 0
2006 0
2006 0
2006 0
2006 0
2006 0
2006 0
2006 0
2006 0
2006 0
2006 0
2006 0
2006 0
2006 0
2006 0
2006 0
2006 0
2006 0
2006 0
2006 0
2006 0
2006 0
2006 0
2006 9.81
2006 0.77
2006 5.33
2006 1.035
2006 0
2006 0
2006 0
2006 0
2006 0
2006 0
2006 0
2006 0
2006 0
2006 0
2006 0
2006 0
2006 0
2006 0
2006 0
2006 0
2006 0
2006 0
2006 0
2006 0
2006 0
2006 0
2006 0
2006 0
2006 0
2006 0
2006 0
2006 0
2006 0
2006 0
2006 0
2006 0
2006 0
2006 0
2006 0
2006 0
2006 0
2006 0
2006 0
2006 0
2006 0
2006 0
2006 0
2006 0
2006 0
2006 0
2006 0
2006 0
2006 0
2006 0
2006 0
2006 0
2006 0
2006 0
2006 0
2006 0
2006 0
2006 0
2006 0
2006 0
2006 0
2006 0
2006 0
2006 0
2006 0
2006 0
2006 0
2006 0
2006 0
2006 0
2006 0
2006 0
2006 0
2006 0
2006 0
2006 0
2006 0
2006 0
2006 0
2006 0
2006 0
2006 0
2006 0
2006 0
2006 0
2006 0
2006 0
2006 0
2006 0
2006 0
2007 0
2007 0
2007 0
2007 0
2007 0
2007 0
2007 0
2007 0
2007 0
2007 0
2007 0
2007 0
2007 0
2007 0
2007 0
2007 0
2007 0
2007 0
2007 0
2007 0
2007 0
2007 0
2007 0
2007 0
2007 0
2007 0
2007 0
2007 0
2007 0
2007 0
2007 0
2007 0
2007 0
2007 0
2007 0
2007 0
2007 0
2007 0
2007 0
2007 0
2007 0
2007 0
2007 0
2007 0
2007 0
2007 0
2007 0
2007 0
2007 0
2007 0
2007 0
2007 0
2007 0
2007 0
2007 0
2007 0
2007 0
2007 0
2007 0
2007 0
2007 0
2007 0
2007 5
2007 2.4
2007 0
2007 0
2007 0
2007 0
2007 0
2007 0
2007 0
2007 0
2007 0.184999999999999
2007 0
2007 0
2007 0
2007 0
2007 0
2007 0
2007 0
2007 0
2007 0.74
2007 2.12666666666667
2007 0
2007 0
2007 0
2007 0
2007 0
2007 0
2007 0
2007 0
2007 0
2007 0
2007 0
2007 0
2007 0
2007 0
2007 0
2007 0
2007 6.02666666666667
2007 1.7
2007 0
2007 0
2007 0
2007 0
2007 0
2007 0.065
2007 0.645
2007 0.7
2007 0
2007 0
2007 0
2007 0
2007 0
2007 0
2007 0
2007 0
2007 0
2007 0
2007 0
2007 2.28166666666667
2007 0
2007 0
2007 31.8
2007 6.1
2007 12.7833333333333
2007 0
2007 0.625
2007 0.0833333333333333
2007 1.43
2007 0
2007 0
2007 0
2007 0
2007 0
2007 0
2007 0
2007 0
2007 0
2007 0
2007 0
2007 0
2007 0
2007 0.1
2007 2
2007 3.3
2007 2
2007 2.2
2007 8.1
2007 0
2007 0
2007 0
2007 0
2007 0
2007 0
2007 0
2007 0
2007 0.253333333333333
2007 6.6
2007 0
2007 4.32
2007 0
2007 3.705
2007 5.06
2007 4.375
2007 4.95
2007 8.02666666666667
2007 0.25
2007 0
2007 0
2007 0
2007 0
2007 0
2007 0
2007 0
2007 0
2007 0
2007 1.75
2007 27.9
2007 16.415
2007 0.7
2007 0
2007 11.7
2007 0
2007 0
2007 0
2007 0
2007 0
2007 0.33
2007 3.70833333333333
2007 5.2
2007 0
2007 0
2007 0
2007 0
2007 0
2007 0
2007 0
2007 0
2007 7.48
2007 18.5
2007 6.5
2007 6.1
2007 3.5
2007 0.3
2007 0
2007 0
2007 0
2007 0
2007 0
2007 0
2007 0
2007 0
2007 0
2007 0
2007 0
2007 0
2007 0
2007 0
2007 0
2007 0
2007 0
2007 0
2007 0
2007 0
2007 0
2007 0
2007 0
2007 0
2007 0
2007 0
2007 0
2007 0
2007 0
2007 0
2007 0
2007 0
2007 0
2007 0
2007 0
2007 0
2007 0
2007 0
2007 0
2007 0
2007 0
2007 0
2007 0
2007 0
2007 0
2007 0
2007 0
2007 0
2007 0
2007 0
2007 0
2007 0
2007 0
2007 0
2007 0
2007 0
2007 0
2007 0
2007 0
2007 0
2007 0
2007 0
2007 0
2007 0
2007 0
2007 5.04
2007 0
2007 0
2007 0
2007 0
2007 0
2007 0
2007 0
2007 0
2007 0
2007 0
2007 0
2007 0
2007 0
2007 0
2007 0
2007 0
2007 0
2007 0
2007 0
2007 0
2007 0
2007 0
2007 0
2007 0
2007 0
2007 0
2007 0
2007 0
2007 0
2007 0
2007 0
2007 0
2007 0
2007 0
2007 0
2007 0
2007 0
2007 0
2007 0
2007 0
2007 0
2007 0
2007 0
2007 0
2007 0
2007 0
2007 0
2007 0
2007 0
2007 0
2007 0
2007 0
2007 0
2007 0
2007 0
2007 0
2007 0
2007 0
2007 0
2007 0
2007 0
2007 0
2007 0
2007 0
2007 0
2007 0
2007 0
2007 0
2007 0
2007 0
2007 0
2007 0
2007 0
2007 0
2007 0
2007 0
2007 0
2007 0
2007 0
2007 0
2007 0
2007 0
2007 0
2007 0
2007 0
2007 0
2007 0
2007 0
2007 0
2007 0
2007 0
2007 0
2007 0
2007 0
2008 0
2008 0
2008 0
2008 0
2008 1.94666666666667
2008 0
2008 0
2008 0
2008 0
2008 0
2008 0
2008 0
2008 0
2008 0
2008 0
2008 0
2008 0
2008 0
2008 0
2008 0
2008 0
2008 0
2008 0
2008 0
2008 0
2008 0
2008 0
2008 0
2008 0
2008 0
2008 0
2008 0
2008 0
2008 0
2008 0
2008 0
2008 0
2008 0
2008 0
2008 0
2008 0
2008 0
2008 0
2008 0
2008 0
2008 0
2008 0
2008 0
2008 3.12
2008 1.5
2008 3.4
2008 0.1
2008 0.2
2008 0
2008 0
2008 0
2008 0
2008 0
2008 0
2008 0
2008 0
2008 0
2008 0
2008 0
2008 0
2008 0
2008 18.86
2008 12.8816666666667
2008 0.861666666666667
2008 24.1733333333333
2008 60.7
2008 14.5
2008 6.1
2008 17.8
2008 22.9
2008 3.5
2008 0
2008 0
2008 0
2008 0
2008 0
2008 0
2008 0
2008 0
2008 0.266666666666667
2008 2.555
2008 6.7
2008 0
2008 0
2008 0.6
2008 1.8
2008 0
2008 0
2008 0
2008 13.2
2008 1.12
2008 2.58
2008 0
2008 10.8
2008 4.845
2008 21.8
2008 22.9
2008 3.1
2008 0
2008 0
2008 0
2008 0
2008 0
2008 0
2008 0
2008 0
2008 0
2008 0
2008 0
2008 0
2008 0
2008 0
2008 0
2008 0
2008 2.4
2008 2.9
2008 1
2008 0
2008 0
2008 0
2008 0
2008 2.52166666666667
2008 6.28333333333333
2008 4.23
2008 0
2008 0
2008 0
2008 0
2008 0
2008 0
2008 0
2008 0
2008 0
2008 5.37333333333333
2008 1.235
2008 0
2008 0
2008 2.015
2008 2.49333333333333
2008 0
2008 0.2
2008 0
2008 0
2008 0
2008 0
2008 0
2008 2.39166666666667
2008 0
2008 2.55
2008 3.1
2008 0
2008 3.60333333333333
2008 0
2008 14.525
2008 0.4
2008 0
2008 0
2008 0
2008 0
2008 0
2008 0
2008 0
2008 0
2008 0
2008 0
2008 0
2008 0
2008 0.615
2008 0.34
2008 0
2008 0
2008 0
2008 0
2008 0
2008 0
2008 0.066666666666667
2008 0
2008 0
2008 0
2008 0
2008 11.9533333333333
2008 2.9
2008 0
2008 0
2008 0
2008 0
2008 0
2008 0
2008 0
2008 4.85166666666667
2008 0
2008 0
2008 0
2008 9.76
2008 0.9
2008 4.3
2008 3.1
2008 26.1
2008 1.6
2008 3.3
2008 14.8
2008 19.3
2008 3.1
2008 3.7
2008 6.06666666666667
2008 0
2008 0
2008 0
2008 0
2008 9.55500000000001
2008 23
2008 0
2008 6.11
2008 15.86
2008 1.9
2008 0
2008 0
2008 0
2008 0
2008 0.01
2008 0
2008 0
2008 15.66
2008 4.54333333333333
2008 0
2008 0
2008 0
2008 0
2008 0
2008 6.26666666666667
2008 0
2008 0
2008 0
2008 0
2008 0
2008 0
2008 0
2008 0
2008 0
2008 0
2008 0
2008 0
2008 0
2008 0
2008 0
2008 0
2008 0
2008 0
2008 0
2008 0
2008 0
2008 0
2008 0
2008 0
2008 0
2008 0
2008 0
2008 0
2008 0
2008 0
2008 0
2008 0
2008 0
2008 0
2008 0
2008 0
2008 0
2008 0
2008 0
2008 0
2008 0
2008 0
2008 0
2008 0
2008 0
2008 0
2008 0
2008 0
2008 0
2008 0
2008 0
2008 0
2008 0
2008 0
2008 0
2008 0
2008 0
2008 0
2008 0
2008 0
2008 0
2008 0
2008 0
2008 0
2008 0
2008 0
2008 0
2008 0
2008 0
2008 0
2008 0
2008 0
2008 0
2008 0
2008 0
2008 0
2008 0
2008 0
2008 0
2008 0
2008 0
2008 0
2008 0
2008 0
2008 0
2008 0
2008 0
2008 0
2008 0
2008 0
2008 0
2008 0
2008 0
2008 0
2008 0
2008 0
2008 0
2008 0
2008 0
2008 0
2008 0
2008 0
2008 0
2008 0
2008 0
2008 0
2008 0
2008 0
2008 0
2008 0
2008 0
2008 0
2008 0
2008 0
2008 0
2008 0
2008 0
2008 0
2008 0
2008 0
2008 0
2008 0
2008 0
2008 0
2008 0
2008 0
2008 0
2008 0
2008 0
2008 0
2008 0
2009 0
2009 0
2009 0
2009 0
2009 0
2009 0
2009 0
2009 0
2009 0
2009 0
2009 0
2009 0
2009 0
2009 0
2009 0
2009 0
2009 0
2009 0
2009 0
2009 0
2009 0
2009 0
2009 0
2009 0
2009 0
2009 0
2009 0
2009 0
2009 0
2009 0
2009 0
2009 0
2009 0
2009 5.19333333333333
2009 0
2009 0
2009 0
2009 0
2009 0
2009 0
2009 0
2009 0
2009 0
2009 0
2009 0
2009 0
2009 0
2009 0
2009 0
2009 0
2009 0
2009 0
2009 0
2009 0
2009 0
2009 0
2009 0
2009 0
2009 3.03
2009 1.93333333333333
2009 0
2009 0
2009 0
2009 0
2009 0
2009 0
2009 0
2009 0
2009 0
2009 0
2009 0
2009 0
2009 0
2009 1.36
2009 0
2009 0
2009 3.73333333333333
2009 0.136666666666667
2009 0
2009 0
2009 0.725
2009 7.73333333333333
2009 35
2009 7.6
2009 2.2
2009 0.9
2009 0
2009 0
2009 0
2009 0
2009 1.14333333333333
2009 9.12
2009 1.4
2009 0
2009 1.2
2009 4.06666666666667
2009 21.4
2009 2.1
2009 0
2009 0
2009 0.5
2009 7.7
2009 3.8
2009 0
2009 0
2009 0
2009 0
2009 1.3
2009 1.6
2009 23.2
2009 49.1
2009 4.36333333333333
2009 1.06333333333333
2009 0
2009 1.6
2009 1.3
2009 0
2009 0
2009 0
2009 0
2009 0
2009 5.9
2009 0.1
2009 0
2009 0
2009 0
2009 0
2009 0
2009 0
2009 0
2009 0
2009 0
2009 0
2009 0
2009 0
2009 0.7
2009 0
2009 0
2009 0
2009 8.7
2009 13.1733333333333
2009 11.645
2009 1.4
2009 0
2009 13.9
2009 0
2009 0
2009 0
2009 0.6
2009 0
2009 0
2009 0
2009 0
2009 0
2009 0
2009 0
2009 0
2009 0
2009 0
2009 2.61
2009 4.2
2009 3.6
2009 6.095
2009 17.6
2009 10
2009 5.1
2009 3.1
2009 0
2009 5.8
2009 30.4
2009 0
2009 0
2009 7.2
2009 3.4
2009 7.2
2009 20.8
2009 7.9
2009 0
2009 7.6
2009 1.7
2009 0
2009 0.0849999999999997
2009 0.501666666666667
2009 0
2009 0.0166666666666667
2009 5.32
2009 9
2009 1.2
2009 9.5
2009 17.3
2009 31.2
2009 7.6
2009 14.1
2009 0.536666666666667
2009 0
2009 0.575
2009 0
2009 0
2009 0
2009 3.8
2009 0.5
2009 0
2009 0
2009 7.015
2009 19.3
2009 26.1
2009 19.9
2009 0
2009 0
2009 7.05666666666667
2009 0
2009 0
2009 0
2009 0
2009 0
2009 0
2009 0
2009 0
2009 0
2009 0
2009 0
2009 0
2009 0
2009 0
2009 0
2009 0
2009 0
2009 0
2009 0
2009 0
2009 0
2009 0
2009 0
2009 0
2009 0
2009 0
2009 0
2009 0
2009 0
2009 0
2009 0
2009 0
2009 0
2009 0
2009 0
2009 0
2009 0
2009 0
2009 0
2009 0
2009 0
2009 0
2009 0
2009 0
2009 0
2009 0
2009 0
2009 0
2009 0
2009 0
2009 0
2009 0
2009 0
2009 0
2009 0
2009 0
2009 0
2009 0
2009 0
2009 0
2009 0
2009 0
2009 0
2009 0
2009 0
2009 0
2009 0
2009 0
2009 0
2009 0
2009 0
2009 0
2009 0
2009 0
2009 0
2009 0
2009 0
2009 0
2009 0
2009 0
2009 0
2009 0
2009 0
2009 0
2009 0
2009 0
2009 0
2009 0
2009 0
2009 0
2009 0
2009 0
2009 0
2009 0
2009 0
2009 0
2009 0
2009 0
2009 0
2009 0
2009 0
2009 0
2009 0
2009 0
2009 0
2009 0
2009 0
2009 0
2009 0
2009 0
2009 0
2009 0
2009 0
2009 0
2009 0
2009 0
2009 0
2009 0
2009 0
2009 0
2009 0
2009 0
2009 0
2009 0
2009 0
2009 0
2009 0
2009 0
2009 0
2009 0
2009 0
2009 0
2009 0
2009 0
2009 0
2009 0
2009 0
2009 0
2009 0
2009 0
2009 0
2009 0
2009 0
2009 0
2009 0
2009 0
2009 0
2009 0
2009 0
2009 0
2009 0
2009 0
2009 0
2009 0
2009 0
2010 0
2010 0
2010 0
2010 0
2010 0
2010 0
2010 0
2010 0
2010 0
2010 0
2010 0
2010 0
2010 0
2010 0
2010 0
2010 0
2010 0
2010 0
2010 0
2010 0
2010 0
2010 0
2010 0
2010 0
2010 0
2010 0
2010 0
2010 0
2010 0
2010 0
2010 0
2010 0
2010 0
2010 0
2010 0
2010 0
2010 0
2010 0
2010 0
2010 0
2010 0
2010 0
2010 12.32
2010 0.1
2010 1.7
2010 21.8
2010 11.5
2010 0.9
2010 0
2010 0
2010 0
2010 0
2010 0
2010 0
2010 0
2010 0
2010 0
2010 0
2010 0
2010 0
2010 0
2010 0
2010 0
2010 2.54333333333333
2010 0
2010 0
2010 0.9
2010 1.36
2010 2.61333333333333
2010 0.36
2010 0.983333333333333
2010 0
2010 3.83333333333333
2010 0
2010 0
2010 0
2010 0
2010 0
2010 0
2010 0
2010 0
2010 0
2010 0
2010 0
2010 0
2010 0
2010 0
2010 0
2010 0
2010 0
2010 0
2010 4
2010 0
2010 4.2
2010 1.8
2010 0
2010 1.16666666666667
2010 0
2010 6.28333333333333
2010 0
2010 18.8
2010 17.2666666666667
2010 2.3
2010 0.4
2010 0
2010 0
2010 0
2010 0
2010 0.2
2010 1.7
2010 10.3
2010 0.7
2010 0
2010 0.186666666666666
2010 0
2010 0
2010 0
2010 2
2010 2.2
2010 9.42666666666667
2010 0
2010 0.805
2010 7.4
2010 2.8
2010 0
2010 0
2010 0
2010 0.7
2010 0
2010 0
2010 0
2010 0
2010 4.8
2010 0
2010 2.3
2010 0
2010 0
2010 1.4
2010 3.78
2010 0
2010 0
2010 2.5
2010 3.6
2010 0
2010 0
2010 0
2010 0
2010 2.2
2010 5.5
2010 8.4
2010 7.7
2010 4.3
2010 0.6
2010 10.3
2010 3.6
2010 9.4
2010 0
2010 9.425
2010 8
2010 0.2
2010 0
2010 0.6
2010 5.7
2010 0.3
2010 0
2010 0
2010 0
2010 0
2010 0
2010 0
2010 0
2010 4.53333333333333
2010 1.2
2010 0
2010 0
2010 0
2010 0
2010 0
2010 0
2010 0
2010 0
2010 0.0933333333333334
2010 1.575
2010 0
2010 2.5
2010 3.1
2010 16.3
2010 0
2010 0
2010 0
2010 1
2010 1.3
2010 0
2010 0
2010 1.5
2010 10.6
2010 9.7
2010 0
2010 0
2010 0
2010 0
2010 0
2010 0
2010 0
2010 0
2010 0
2010 0
2010 0
2010 0
2010 0
2010 0
2010 0.21
2010 9.6
2010 0
2010 0
2010 0
2010 3.29333333333333
2010 0
2010 0
2010 0
2010 0
2010 0
2010 0.27
2010 0.2
2010 0.935
2010 1.17
2010 0
2010 0
2010 0
2010 0
2010 0
2010 0
2010 0
2010 0
2010 0
2010 0
2010 0
2010 0
2010 0
2010 0
2010 0
2010 0
2010 0
2010 0
2010 0
2010 0
2010 0
2010 0
2010 0
2010 0
2010 0
2010 0
2010 0
2010 0
2010 0
2010 0
2010 0
2010 2.26666666666667
2010 0
2010 0
2010 0
2010 0
2010 0
2010 0
2010 0
2010 0
2010 0
2010 0
2010 0
2010 0
2010 0
2010 0
2010 0
2010 0
2010 0
2010 0
2010 0
2010 0
2010 0
2010 0
2010 0
2010 0
2010 0
2010 0
2010 0
2010 0
2010 0
2010 0
2010 0
2010 0
2010 0
2010 0
2010 0
2010 0
2010 0
2010 0
2010 0
2010 0
2010 0
2010 0
2010 0
2010 0
2010 0
2010 0
2010 0
2010 0
2010 0
2010 0
2010 0
2010 0
2010 0
2010 0
2010 0
2010 0
2010 0
2010 0
2010 0
2010 0
2010 0
2010 0
2010 0
2010 0
2010 0
2010 0
2010 0
2010 0
2010 0
2010 0
2010 0
2010 0
2010 0
2010 0
2010 0
2010 0
2010 0
2010 0
2010 0
2010 0
2010 0
2010 0
2010 0
2010 0
2010 0
2010 0
2010 0
2010 0
2010 0
2010 0
2010 0
2010 0
2010 0
2010 0
2010 0
2010 0
2010 0
2010 0
2010 0
2010 0
2010 0
2010 0
2010 0
2010 0
2010 0
2010 0
2010 0
2011 0
2011 0
2011 0
2011 0
2011 0
2011 0
2011 0
2011 0
2011 0
2011 0
2011 0
2011 0
2011 0
2011 0
2011 0
2011 0
2011 0
2011 0
2011 0
2011 0
2011 0
2011 0
2011 0
2011 0
2011 0
2011 0
2011 0
2011 0
2011 0
2011 0
2011 0
2011 0
2011 0
2011 0
2011 0
2011 0
2011 0
2011 0
2011 0
2011 0
2011 0
2011 0
2011 0
2011 0
2011 0
2011 1.68
2011 1.015
2011 0
2011 0
2011 6.06666666666666
2011 0
2011 0
2011 0
2011 0
2011 11.3
2011 0
2011 0
2011 0
2011 0
2011 0
2011 0
2011 0
2011 0
2011 0
2011 0
2011 0
2011 0
2011 0
2011 1.83333333333333
2011 0
2011 1.995
2011 4.2
2011 0
2011 0
2011 0
2011 0
2011 0.233333333333334
2011 0
2011 5.355
2011 2.61
2011 0
2011 1.52
2011 8.66666666666667
2011 6.2
2011 3.6
2011 2.7
2011 9.7
2011 0
2011 4.9
2011 3.1
2011 0
2011 8.9
2011 0
2011 0
2011 0
2011 1.6
2011 1.74166666666667
2011 0
2011 0
2011 3.45833333333333
2011 19.1
2011 8.4
2011 15.8
2011 1.5
2011 1.1
2011 3.2
2011 1
2011 4.6
2011 0
2011 0.2
2011 0
2011 0
2011 0
2011 0
2011 3.23
2011 2.9
2011 0
2011 0
2011 9
2011 0
2011 0
2011 0
2011 0
2011 1.1
2011 0
2011 0
2011 0
2011 1.4
2011 0
2011 0
2011 0
2011 0.751666666666667
2011 4.6
2011 17.94
2011 0
2011 0
2011 0.0133333333333333
2011 0
2011 0
2011 0.186666666666667
2011 4.9
2011 1.8
2011 1.2
2011 0
2011 0
2011 1.9
2011 6.4
2011 2.4
2011 0
2011 0
2011 0
2011 0
2011 0
2011 0
2011 0
2011 0
2011 0
2011 0
2011 0
2011 0
2011 0
2011 0
2011 0
2011 0
2011 0
2011 0
2011 0
2011 0.35
2011 0
2011 0
2011 0
2011 0
2011 9.9
2011 5.4
2011 4.5
2011 0
2011 4.7
2011 1.4
2011 7.2
2011 4.16
2011 0
2011 0
2011 0
2011 0
2011 0
2011 0
2011 0
2011 0
2011 0
2011 0
2011 0
2011 0
2011 0
2011 0
2011 0
2011 0
2011 0
2011 0
2011 0
2011 4.2
2011 0
2011 0
2011 0
2011 0
2011 0
2011 0
2011 0
2011 0
2011 0
2011 0
2011 0
2011 0
2011 0
2011 0
2011 0
2011 0
2011 0
2011 0
2011 0
2011 0
2011 0
2011 0
2011 0
2011 0
2011 0.58
2011 0.0783333333333333
2011 0
2011 0
2011 0
2011 0
2011 0
2011 0
2011 0
2011 0
2011 0
2011 0
2011 0
2011 0
2011 0
2011 0
2011 0
2011 0
2011 0
2011 0
2011 0
2011 0
2011 0
2011 0
2011 0
2011 0
2011 0
2011 0
2011 0
2011 0
2011 0
2011 0
2011 0
2011 0
2011 0
2011 0
2011 0
2011 0
2011 0
2011 0
2011 0
2011 0
2011 0
2011 0
2011 0
2011 0
2011 0
2011 0
2011 0
2011 0
2011 0
2011 0
2011 0
2011 0
2011 0
2011 0
2011 0
2011 0
2011 0
2011 0
2011 0
2011 0
2011 0
2011 0
2011 0
2011 0
2011 0
2011 0
2011 0
2011 0
2011 0
2011 0
2011 0
2011 0
2011 0
2011 0
2011 0
2011 0
2011 0
2011 0
2011 0
2011 0
2011 0
2011 0
2011 0
2011 0
2011 0
2011 0
2011 0
2011 0
2011 0
2011 0
2011 0
2011 0
2011 0
2011 0
2011 0
2011 0
2011 0
2011 0
2011 0
2011 0
2011 0
2011 0
2011 0
2011 0
2011 0
2011 0
2011 0
2011 0
2011 0
2011 0
2011 0
2011 0
2011 0
2011 0
2011 0
2011 0
2011 0
2011 0
2011 0
2011 0
2011 0
2011 0
2011 0
2011 0
2011 0
2011 0
2011 0
2011 0
2011 0
2011 0
2011 0
2011 0
2011 0
2011 0
2011 0
2011 0
2011 0
2011 0
2011 0
2012 0
2012 0
2012 0
2012 0
2012 0
2012 0
2012 0
2012 0
2012 0
2012 0
2012 0
2012 0
2012 0
2012 0
2012 0
2012 0
2012 0
2012 0
2012 0
2012 0
2012 0
2012 0
2012 0
2012 0
2012 0
2012 0
2012 0
2012 0
2012 0
2012 0
2012 0
2012 0
2012 0
2012 0
2012 0
2012 0
2012 0
2012 22.055
2012 3.33333333333333
2012 0
2012 0
2012 0
2012 0
2012 0
2012 0
2012 0
2012 0
2012 0
2012 0
2012 0
2012 0
2012 0
2012 0
2012 0
2012 0
2012 0
2012 0
2012 0
2012 0
2012 0
2012 0
2012 0
2012 0
2012 0
2012 0
2012 0
2012 0
2012 0
2012 0
2012 0
2012 0
2012 0
2012 0
2012 0
2012 0
2012 0
2012 0
2012 0
2012 0
2012 0
2012 0
2012 0
2012 0
2012 0
2012 0
2012 0
2012 0
2012 0
2012 0
2012 0
2012 0
2012 0
2012 0
2012 0
2012 0
2012 0.173333333333333
2012 32.1
2012 19.11
2012 0.0966666666666667
2012 0.15
2012 0
2012 0
2012 11.645
2012 0.7
2012 0
2012 7.7
2012 14.5
2012 22.1
2012 5
2012 0.2
2012 35.3
2012 15.1
2012 42
2012 1.16166666666667
2012 12.2
2012 0
2012 0
2012 0
2012 1.05
2012 10.5
2012 18.8
2012 49.7
2012 0.225
2012 1.47
2012 1
2012 6.56
2012 49.8
2012 31
2012 35
2012 44.4
2012 4.8
2012 1.7
2012 0
2012 6
2012 4.2
2012 0
2012 0
2012 0
2012 0
2012 0
2012 19.11
2012 24.49
2012 26.3233333333333
2012 1.02666666666667
2012 11.7
2012 7.1
2012 0
2012 0
2012 4.7
2012 0.9
2012 0
2012 0
2012 1.8
2012 1.8
2012 1.7
2012 0.2
2012 0
2012 0
2012 0
2012 0.1
2012 0
2012 1.6
2012 0
2012 0
2012 0
2012 2.6
2012 5.8
2012 41.3
2012 2.3
2012 0
2012 0.2
2012 5.6
2012 0
2012 0
2012 0
2012 0
2012 0
2012 0
2012 4.73666666666667
2012 0
2012 0
2012 0
2012 0
2012 0
2012 0
2012 0
2012 3.9
2012 0
2012 1.9
2012 8.8
2012 0
2012 0
2012 0.1
2012 0
2012 0
2012 0
2012 0
2012 0
2012 0
2012 0
2012 2.85
2012 0
2012 0
2012 0
2012 0
2012 0
2012 0
2012 0
2012 0
2012 0
2012 0
2012 0
2012 0
2012 0
2012 0
2012 0
2012 0
2012 0
2012 0
2012 0.745
2012 4.2
2012 0
2012 0
2012 0
2012 0
2012 0.216666666666667
2012 0
2012 0
2012 1.20833333333333
2012 0
2012 2.45333333333333
2012 0
2012 0
2012 0
2012 0
2012 0
2012 0
2012 0
2012 0
2012 0
2012 0
2012 0
2012 0
2012 0
2012 0
2012 0
2012 0
2012 0
2012 0
2012 0
2012 0
2012 0
2012 0
2012 0
2012 0
2012 0
2012 0
2012 0
2012 23.3933333333333
2012 0
2012 0
2012 0
2012 0
2012 0
2012 0
2012 0
2012 0
2012 0
2012 0
2012 0
2012 0
2012 0
2012 0
2012 0
2012 0
2012 0
2012 0
2012 0
2012 0
2012 0
2012 0
2012 0
2012 0
2012 0
2012 0
2012 0
2012 0
2012 0
2012 0
2012 0
2012 0
2012 0
2012 0
2012 0
2012 0
2012 0
2012 0
2012 0
2012 0
2012 0
2012 0
2012 0
2012 0
2012 0
2012 0
2012 0
2012 0
2012 0
2012 0
2012 0
2012 0
2012 0
2012 0
2012 0
2012 0
2012 0
2012 0
2012 0
2012 0
2012 0
2012 0
2012 0
2012 0
2012 0
2012 0
2012 0
2012 0
2012 0
2012 0
2012 0
2012 0
2012 0
2012 0
2012 0
2012 0
2012 0
2012 0
2012 0
2012 0
2012 0
2012 0
2012 0
2012 0
2012 0
2012 0
2012 0
2012 0
2012 0
2012 0
2012 0
2012 0
2012 0
2012 0
2012 0
2012 0
2012 0
2012 0
2012 0
2012 0
2012 0
2012 0
2012 0
2012 0
2012 0
2012 0
2012 0
2013 0
2013 0
2013 0
2013 0
2013 0
2013 0
2013 0
2013 0
2013 0
2013 0
2013 0
2013 0
2013 0
2013 0
2013 0
2013 0
2013 0
2013 0
2013 0
2013 0
2013 0
2013 0
2013 0
2013 0
2013 0
2013 0
2013 0
2013 0
2013 0
2013 0
2013 0
2013 0
2013 0
2013 0
2013 0
2013 0
2013 0
2013 0
2013 0
2013 0
2013 0
2013 0
2013 0
2013 0
2013 0
2013 0
2013 0
2013 0
2013 0
2013 0
2013 0
2013 0
2013 0
2013 0
2013 0
2013 0
2013 5.075
2013 3.3
2013 0
2013 0.3
2013 0
2013 0
2013 0
2013 0
2013 0
2013 0
2013 4.42
2013 0
2013 0
2013 0
2013 0
2013 0
2013 0
2013 0
2013 0
2013 0
2013 0
2013 0
2013 0
2013 0
2013 0
2013 0
2013 0
2013 0
2013 0
2013 0
2013 0
2013 0
2013 3.08833333333333
2013 7.2
2013 0.5
2013 0
2013 10.7
2013 21.5
2013 20.1
2013 10.7
2013 7.3
2013 2.8
2013 0.7
2013 23.3
2013 30.2
2013 3.9
2013 0
2013 0
2013 0.49
2013 0.91
2013 1.60333333333333
2013 16.92
2013 9.1
2013 0.7
2013 16
2013 5.185
2013 34.105
2013 0
2013 0
2013 0
2013 0
2013 17.4633333333333
2013 7.28
2013 0
2013 0
2013 0
2013 3.3
2013 0.5
2013 14
2013 1.64333333333333
2013 6.63666666666667
2013 0
2013 0
2013 0
2013 0
2013 20
2013 5.5
2013 0.2
2013 0
2013 0.9
2013 5.3
2013 3.6
2013 2.5
2013 0
2013 0
2013 0.0133333333333333
2013 2
2013 0.3
2013 0
2013 0
2013 0
2013 0
2013 3.1
2013 1.9
2013 16.4
2013 0
2013 1.67833333333333
2013 0
2013 10.5
2013 10.9
2013 13.3
2013 5.34
2013 11.2
2013 11.8
2013 12.6
2013 1.5
2013 0
2013 1.1
2013 4
2013 0
2013 3.7
2013 5.7
2013 0
2013 0
2013 0
2013 4.2
2013 3.2
2013 0.7
2013 0
2013 1.6
2013 0.8
2013 0
2013 0
2013 0
2013 0
2013 0
2013 0
2013 0
2013 0
2013 0
2013 0
2013 0
2013 0
2013 0
2013 0
2013 0.233333333333333
2013 5.32907051820075e-16
2013 2.4
2013 1.5
2013 0.5
2013 0
2013 0.275
2013 6.19666666666667
2013 2.375
2013 5.31
2013 1
2013 0
2013 0
2013 0
2013 6.1
2013 8.4
2013 0
2013 2.9
2013 4.76
2013 2.37666666666667
2013 3
2013 0
2013 0
2013 0
2013 0
2013 0
2013 0
2013 0
2013 5.2
2013 0.315
2013 0
2013 0
2013 0
2013 0
2013 0
2013 0
2013 0
2013 0
2013 0
2013 0
2013 0
2013 0
2013 0
2013 0
2013 0
2013 0
2013 0
2013 0
2013 0
2013 0
2013 0
2013 0
2013 0
2013 0
2013 0
2013 0
2013 0
2013 0
2013 0
2013 0
2013 0
2013 0
2013 0
2013 0
2013 0
2013 0
2013 0
2013 0
2013 0
2013 0
2013 0
2013 0
2013 0
2013 0
2013 2.22
2013 3.98666666666667
2013 2.01
2013 0
2013 0
2013 0
2013 0
2013 0
2013 0
2013 0
2013 0
2013 0
2013 0
2013 0
2013 0
2013 0
2013 0
2013 0
2013 0
2013 0
2013 0
2013 0
2013 0
2013 0
2013 0
2013 0
2013 0
2013 0
2013 0
2013 0
2013 0
2013 0
2013 0
2013 0
2013 0
2013 0
2013 0
2013 0
2013 0
2013 0
2013 0
2013 0
2013 0
2013 0
2013 0
2013 0
2013 0
2013 0
2013 0
2013 0
2013 0
2013 0
2013 0
2013 0
2013 0
2013 0
2013 0
2013 0
2013 0
2013 0
2013 0
2013 0
2013 0
2013 0
2013 0
2013 0
2013 0
2013 0
2013 0
2013 0
2013 0
2013 0
2013 0
2013 0
2013 0
2013 0
2013 0
2013 0
2013 0
2013 0
2013 0
2013 0
2013 0
2013 0
2013 0
2013 0
2013 0
2013 0
2013 0
2013 0
2013 0
2013 0
2013 0
2013 0
2013 0
2013 0
2013 0
2013 0
2013 0
2013 0
2014 0
2014 0
2014 0
2014 0
2014 0
2014 0
2014 0
2014 0
2014 0
2014 0
2014 0
2014 0
2014 0
2014 0
2014 0
2014 0
2014 0
2014 0
2014 0
2014 0
2014 0
2014 0
2014 0
2014 0
2014 0
2014 0
2014 0
2014 0
2014 0
2014 0
2014 0
2014 0
2014 0
2014 0
2014 0
2014 0
2014 0
2014 0
2014 0
2014 0
2014 0.6
2014 1.26
2014 0
2014 0
2014 0
2014 0
2014 0
2014 0
2014 0
2014 0
2014 0
2014 0
2014 0
2014 0
2014 0
2014 0
2014 0
2014 0
2014 0
2014 0
2014 0
2014 0
2014 0
2014 0
2014 0
2014 0
2014 0
2014 0
2014 0
2014 0
2014 9.26666666666667
2014 0.2
2014 0
2014 0
2014 5.9
2014 0
2014 0
2014 0
2014 0
2014 0
2014 1.855
2014 3
2014 0.6
2014 8.6
2014 8.1
2014 1.1
2014 1.7
2014 0
2014 0
2014 7
2014 0.6
2014 0
2014 0
2014 0
2014 0
2014 7.8
2014 7.5
2014 0
2014 0
2014 0
2014 0
2014 0
2014 0
2014 0
2014 4.2
2014 0
2014 0
2014 0
2014 0
2014 0
2014 0.816666666666667
2014 0
2014 0
2014 0
2014 0
2014 0
2014 5.92
2014 0
2014 8.38666666666666
2014 2.42666666666667
2014 0
2014 0
2014 0
2014 0.736666666666667
2014 0
2014 0
2014 2.93333333333333
2014 0
2014 0
2014 0
2014 0
2014 0
2014 0
2014 0
2014 1.5
2014 13.26
2014 0
2014 2.52
2014 0.6
2014 0
2014 0
2014 0.195
2014 1.5
2014 0
2014 4.2
2014 2.7
2014 10.1
2014 11.8
2014 6.9
2014 0.3
2014 0
2014 0
2014 0
2014 0
2014 3.835
2014 0
2014 0
2014 0.28
2014 0
2014 0
2014 7
2014 0.27
2014 3.00666666666667
2014 0.28
2014 0.8
2014 6.02
2014 0
2014 0
2014 0
2014 0
2014 0.855
2014 4.235
2014 0.563333333333333
2014 8.215
2014 0.5
2014 0
2014 0
2014 0
2014 0
2014 1.45
2014 0
2014 1.9
2014 0
2014 1.53
2014 3.8
2014 5.25
2014 0
2014 0
2014 0
2014 0
2014 0
2014 0
2014 0
2014 0
2014 0
2014 0
2014 0
2014 0
2014 0
2014 0
2014 0
2014 0
2014 0
2014 27.6483333333333
2014 8.8
2014 0
2014 0
2014 0
2014 0
2014 0
2014 0
2014 0
2014 0
2014 0
2014 0
2014 0
2014 0
2014 0
2014 0
2014 0
2014 0
2014 0
2014 0
2014 0
2014 0
2014 0
2014 0.736666666666666
2014 0
2014 0
2014 0
2014 0
2014 0
2014 0
2014 0
2014 0
2014 0
2014 0
2014 0
2014 0
2014 0
2014 0
2014 0
2014 0
2014 0
2014 0
2014 0
2014 0
2014 0
2014 0
2014 0
2014 0
2014 0
2014 0
2014 0
2014 0
2014 4.57166666666667
2014 1.08333333333333
2014 0
2014 0
2014 0
2014 0
2014 0
2014 0
2014 0
2014 0
2014 0
2014 0
2014 0
2014 0
2014 0
2014 0
2014 0
2014 0
2014 0
2014 0
2014 0
2014 0
2014 0
2014 0
2014 0
2014 0
2014 0
2014 0
2014 0
2014 0
2014 0
2014 0
2014 0
2014 0
2014 0
2014 0
2014 0
2014 0
2014 0
2014 0
2014 0
2014 0
2014 0
2014 0
2014 0
2014 0
2014 0
2014 0
2014 0
2014 0
2014 0
2014 0
2014 0
2014 0
2014 0
2014 0
2014 0
2014 0
2014 0
2014 0
2014 0
2014 0
2014 0
2014 0
2014 0
2014 0
2014 0
2014 0
2014 0
2014 0
2014 0
2014 0
2014 0
2014 0
2014 0
2014 0
2014 0
2014 0
2014 0
2014 0
2014 0
2014 0
2014 0
2014 0
2014 0
2014 0
2014 0
2014 0
2014 0
2014 0
2014 0
2014 0
2014 0
2014 0
2014 0
2014 0
2014 0
2014 0
2014 0
2014 0
2014 0
2014 0
2014 0
2014 0
2014 0
2014 0
2014 0
2014 0
2014 0
2014 0
2015 0
2015 0
2015 0
2015 0
2015 0
2015 0
2015 0
2015 0
2015 0
2015 0
2015 0
2015 0
2015 0
2015 0
2015 0
2015 0
2015 0
2015 0
2015 0
2015 0
2015 0
2015 0
2015 0
2015 0
2015 0
2015 0
2015 0
2015 0
2015 0
2015 0
2015 0
2015 0
2015 0
2015 0
2015 0
2015 0
2015 0
2015 0
2015 0
2015 0
2015 0
2015 0
2015 0
2015 0
2015 0
2015 0
2015 0
2015 0
2015 0
2015 0
2015 0
2015 0
2015 7.46666666666667
2015 0
2015 0
2015 0
2015 0
2015 0
2015 0
2015 0
2015 0
2015 0
2015 0
2015 0
2015 0
2015 0
2015 2.27333333333333
2015 0
2015 0
2015 0
2015 0
2015 0
2015 0
2015 0
2015 0
2015 0
2015 0
2015 0.593333333333334
2015 3.67333333333333
2015 0.27
2015 0
2015 0
2015 0
2015 0
2015 0
2015 0
2015 0
2015 0
2015 0
2015 0
2015 0
2015 0
2015 4.41666666666667
2015 0
2015 0
2015 0
2015 0.4
2015 0.5
2015 2.9
2015 0.3
2015 1.4
2015 0.571666666666667
2015 0
2015 0
2015 0
2015 0
2015 2.13333333333333
2015 7.86666666666667
2015 2.4
2015 0
2015 0
2015 0
2015 0
2015 0
2015 0
2015 8.24
2015 22.9
2015 11.1
2015 3.2
2015 11.5
2015 16.1
2015 0.5
2015 0
2015 2.83333333333333
2015 10.975
2015 0.678333333333333
2015 0
2015 0
2015 0
2015 0.99
2015 0
2015 0
2015 0
2015 0
2015 0
2015 2.62833333333333
2015 0
2015 0
2015 5.72
2015 0
2015 0
2015 0
2015 0
2015 0
2015 1.1
2015 2.7
2015 2.9
2015 11.2
2015 20.2
2015 9.2
2015 8.4
2015 8.7
2015 1
2015 18.1
2015 8.2
2015 0
2015 0
2015 0
2015 0
2015 0
2015 6.1
2015 0
2015 0
2015 0
2015 0
2015 0
2015 0
2015 0
2015 0
2015 0
2015 0
2015 0
2015 0
2015 2.8
2015 0.6
2015 8
2015 4.1
2015 0.3
2015 0
2015 11
2015 0
2015 13
2015 8.23333333333333
2015 3.96
2015 4.8
2015 5
2015 0
2015 0
2015 0
2015 0
2015 0
2015 0
2015 0
2015 0
2015 0
2015 0
2015 0
2015 0
2015 0
2015 0
2015 0
2015 2.1
2015 0
2015 0
2015 0
2015 0
2015 1.08333333333333
2015 2.6
2015 0
2015 0
2015 0
2015 0
2015 19.9266666666667
2015 34
2015 2.7
2015 8.2
2015 0.9
2015 6.9
2015 0
2015 0
2015 0
2015 0
2015 0
2015 0
2015 0
2015 0
2015 0
2015 0
2015 0
2015 0
2015 0
2015 0
2015 0
2015 0
2015 0
2015 0
2015 0
2015 0
2015 0
2015 0
2015 0
2015 0
2015 0
2015 0
2015 0
2015 0
2015 0
2015 0
2015 0
2015 0
2015 0
2015 0
2015 0
2015 0
2015 0
2015 0
2015 0
2015 0
2015 0
2015 0
2015 0
2015 0
2015 3.37166666666667
2015 0
2015 0
2015 0
2015 0
2015 0
2015 0
2015 0
2015 0
2015 0
2015 0
2015 0
2015 0
2015 0
2015 0
2015 0
2015 0
2015 0
2015 0
2015 0
2015 0
2015 0
2015 0
2015 0
2015 0
2015 0
2015 0
2015 0
2015 0
2015 0
2015 0
2015 0
2015 0
2015 0
2015 0
2015 0
2015 0
2015 0
2015 0
2015 0
2015 0
2015 0
2015 0
2015 0
2015 0
2015 0
2015 0
2015 0
2015 0
2015 0
2015 0
2015 0
2015 0
2015 0
2015 0
2015 0
2015 0
2015 0
2015 0
2015 0
2015 0
2015 0
2015 0
2015 0
2015 0
2015 0
2015 0
2015 0
2015 0
2015 0
2015 0
2015 0
2015 0
2015 0
2015 0
2015 0
2015 0
2015 0
2015 0
2015 0
2015 0
2015 0
2015 0
2015 0
2015 0
2015 0
2015 0
2015 0
2015 0
2015 0
2015 0
2015 0
2015 0
2015 0
2015 0
2015 0
2015 0
2015 0
2015 0
2015 0
2015 0
2015 0
2015 0
2016 0
2016 0
2016 0
2016 0
2016 0
2016 0
2016 0
2016 0
2016 0
2016 0
2016 0
2016 0
2016 0
2016 0
2016 0
2016 0
2016 0
2016 0
2016 0
2016 0
2016 0
2016 0
2016 0
2016 0
2016 0
2016 0
2016 0
2016 0
2016 0
2016 0
2016 0
2016 0
2016 0
2016 0
2016 0
2016 0
2016 0
2016 0
2016 0
2016 0
2016 0
2016 0
2016 0
2016 0
2016 2.83666666666667
2016 0.13
2016 0.281666666666667
2016 0
2016 0.805
2016 0
2016 0
2016 0
2016 0
2016 0
2016 0
2016 0
2016 0
2016 0
2016 0
2016 0
2016 0
2016 0
2016 0
2016 0
2016 0
2016 0
2016 0
2016 0
2016 0
2016 0
2016 0
2016 0
2016 0
2016 0
2016 0
2016 0
2016 0
2016 0
2016 0
2016 0
2016 0
2016 1.96166666666667
2016 11.9
2016 0
2016 0.7
2016 13
2016 4.4
2016 0
2016 4.3
2016 9.6
2016 0
2016 0.45
2016 0
2016 0
2016 0
2016 0
2016 0
2016 0
2016 0
2016 2.36
2016 0
2016 0
2016 0
2016 0
2016 0
2016 0
2016 0
2016 0
2016 0
2016 0
2016 0
2016 0
2016 0
2016 0
2016 0
2016 0
2016 0
2016 0
2016 0
2016 0
2016 0
2016 2.04166666666667
2016 0.2
2016 10.98
2016 2.4
2016 8.4
2016 2.3
2016 1.7
2016 8.6
2016 6.63
2016 3.825
2016 0.333333333333333
2016 7.8
2016 15.5983333333333
2016 12.1
2016 9.5
2016 15.4
2016 18.1
2016 10.5
2016 0
2016 8.8
2016 0.2
2016 0
2016 2.7
2016 4.5
2016 0
2016 0
2016 0
2016 0
2016 0
2016 0
2016 4
2016 10.8533333333333
2016 0
2016 0
2016 11.7166666666667
2016 22.3
2016 1.14333333333333
2016 0
2016 0
2016 0.35
2016 0
2016 6.02666666666667
2016 0
2016 4
2016 1.5
2016 3.33
2016 5.1
2016 0
2016 0
2016 0
2016 3.7
2016 43.4
2016 0
2016 0
2016 0.555
2016 0.6
2016 4.9
2016 0
2016 0
2016 0
2016 12.6
2016 3.4
2016 8.55
2016 7.7
2016 0
2016 13.5
2016 2.6
2016 0
2016 1.7
2016 0
2016 0
2016 0
2016 0
2016 0
2016 0
2016 4.8
2016 0
2016 0
2016 0
2016 0
2016 0
2016 0
2016 0
2016 1.83333333333333
2016 0
2016 16.12
2016 0
2016 0
2016 0
2016 0
2016 0
2016 0
2016 0
2016 0
2016 0
2016 0
2016 0
2016 0
2016 0
2016 0.453333333333333
2016 0.09
2016 0
2016 0
2016 0
2016 0
2016 0
2016 0
2016 0
2016 0
2016 0
2016 0
2016 0
2016 0
2016 0
2016 0
2016 11.9683333333333
2016 3
2016 8.05333333333333
2016 1.9
2016 0
2016 0
2016 0
2016 0
2016 0
2016 0
2016 0
2016 0
2016 0
2016 0
2016 0
2016 0
2016 0
2016 0
2016 0
2016 0
2016 0
2016 0
2016 0.466666666666667
2016 0
2016 0
2016 0
2016 0
2016 0
2016 0
2016 0
2016 0
2016 0
2016 0
2016 0
2016 0
2016 0
2016 0
2016 0
2016 0
2016 0
2016 0
2016 0
2016 0
2016 0
2016 0
2016 0
2016 0
2016 0
2016 0
2016 0
2016 0
2016 0
2016 0
2016 0
2016 0
2016 0
2016 0
2016 0
2016 0
2016 0
2016 0
2016 0
2016 0
2016 0
2016 0
2016 0
2016 0
2016 0
2016 0
2016 0
2016 0
2016 0
2016 0
2016 0
2016 0
2016 0
2016 0
2016 0
2016 0
2016 0
2016 0
2016 0
2016 0
2016 0
2016 0
2016 0
2016 0
2016 0
2016 0
2016 0
2016 0
2016 0
2016 0
2016 0
2016 0
2016 0
2016 0
2016 0
2016 0
2016 0
2016 0
2016 0
2016 0
2016 0
2016 0
2016 0
2016 0
2016 0
2016 0
2016 0
2016 0
2016 0
2016 0
2016 0
2016 0
2016 0
2016 0
2016 0
2016 0
2016 0
2016 0
2016 0
2016 0
2016 0
2016 0
2016 0
2016 0
2016 0
2016 0
2016 0
2017 0
2017 0
2017 0
2017 0
2017 0
2017 0
2017 0
2017 0
2017 0
2017 0
2017 0
2017 0
2017 0
2017 0
2017 0
2017 0
2017 0
2017 0
2017 0
2017 0
2017 0
2017 0
2017 0
2017 0
2017 0
2017 0
2017 0
2017 0
2017 0
2017 0
2017 0
2017 0
2017 0
2017 0
2017 0
2017 0
2017 0
2017 0
2017 0
2017 0.8
2017 0.12
2017 0
2017 0
2017 0
2017 0
2017 0
2017 0
2017 0
2017 0
2017 0
2017 1.21333333333333
2017 0
2017 0
2017 0
2017 0
2017 0
2017 0
2017 0
2017 0
2017 0
2017 0
2017 0
2017 0
2017 0
2017 0
2017 0
2017 0.476666666666665
2017 3
2017 1.1
2017 11.9
2017 16.94
2017 15.7
2017 0.1
2017 0
2017 0
2017 0.2
2017 0
2017 0
2017 0
2017 5.76
2017 0
2017 0
2017 0
2017 0
2017 0
2017 0
2017 0
2017 0
2017 0
2017 0
2017 0
2017 0
2017 0
2017 0
2017 0
2017 0
2017 0
2017 0
2017 0
2017 0
2017 0
2017 0.538333333333333
2017 0
2017 0
2017 0
2017 0
2017 0
2017 0
2017 0.27
2017 0
2017 0
2017 0
2017 0
2017 0
2017 1.08
2017 0
2017 0
2017 0
2017 0
2017 0
2017 0
2017 0
2017 0
2017 3.9
2017 0.4
2017 29.6
2017 11.6
2017 0
2017 6.3
2017 3
2017 0
2017 1.6
2017 10.5
2017 11.4
2017 21.1
2017 22
2017 5.6
2017 2.5
2017 0.1
2017 0
2017 0
2017 0
2017 0
2017 0
2017 0
2017 0
2017 0
2017 0
2017 0
2017 0
2017 0
2017 11.2
2017 11.0933333333333
2017 0.175
2017 0
2017 0
2017 0.48
2017 10.2466666666667
2017 0.8
2017 0.9
2017 0.2
2017 0
2017 0
2017 0
2017 0
2017 0
2017 0
2017 0
2017 0.00499999999999998
2017 11.61
2017 0
2017 0.3
2017 1.38
2017 0
2017 0
2017 0
2017 0
2017 0
2017 0
2017 0
2017 0
2017 11.4
2017 2.775
2017 0
2017 0
2017 1.94833333333333
2017 13.9416666666667
2017 20.9
2017 34.4
2017 9.68500000000001
2017 0
2017 0
2017 0
2017 0
2017 0
2017 0
2017 0
2017 0
2017 0
2017 0
2017 0
2017 0
2017 0
2017 0
2017 0
2017 0
2017 0
2017 0
2017 0
2017 0
2017 0
2017 0
2017 0
2017 0
2017 0
2017 0
2017 0
2017 0
2017 0
2017 0
2017 0
2017 0
2017 0
2017 0
2017 0
2017 0
2017 0
2017 3.14
2017 9.03
2017 26.1
2017 1.8
2017 0
2017 0
2017 0
2017 0
2017 0
2017 0
2017 0
2017 8.85
2017 8.9
2017 0
2017 0
2017 0
2017 0
2017 0
2017 0
2017 0
2017 0
2017 0
2017 0
2017 0
2017 0
2017 0
2017 0
2017 0
2017 0
2017 0
2017 0
2017 0
2017 0
2017 0
2017 0
2017 0
2017 0
2017 0
2017 0
2017 0
2017 0
2017 0
2017 0
2017 0
2017 0
2017 0
2017 0
2017 0
2017 0
2017 0
2017 0
2017 0
2017 0
2017 0
2017 0
2017 0
2017 0
2017 0
2017 0
2017 0
2017 0
2017 0
2017 0
2017 0
2017 0
2017 0
2017 0
2017 0
2017 0
2017 0
2017 0
2017 0
2017 0
2017 0
2017 0
2017 0
2017 0
2017 0
2017 0
2017 0
2017 0
2017 0
2017 0
2017 0
2017 0
2017 0
2017 0
2017 0
2017 0
2017 0
2017 0
2017 0
2017 0
2017 0
2017 0
2017 0
2017 0
2017 0
2017 0
2017 0
2017 0
2017 0
2017 0
2017 0
2017 0
2017 0
2017 0
2017 0
2017 0
2017 0
2017 0
2017 0
2017 0
2017 0
2017 0
2017 0
2017 0
2017 0
2017 0
2017 0
2017 0
2017 0
2017 0
2017 0
2017 0
2017 0
2017 0
2017 0
2017 0
2017 0
2017 0
2017 0
2017 0
2017 0
2017 0
2017 0
2017 0
2017 0
2018 0
2018 0
2018 0
2018 0
2018 0
2018 0
2018 0
2018 0
2018 0
2018 0
2018 0
2018 0
2018 0
2018 0
2018 0
2018 0
2018 0
2018 0
2018 0
2018 0
2018 0
2018 0
2018 0
2018 0
2018 0
2018 0
2018 0
2018 0
2018 0
2018 0
2018 0
2018 0
2018 0
2018 0
2018 0
2018 0
2018 0
2018 0
2018 0
2018 0
2018 0
2018 0
2018 0
2018 0
2018 0
2018 0
2018 0
2018 0
2018 0
2018 0
2018 0
2018 0
2018 7.34666666666667
2018 0
2018 0
2018 0
2018 0
2018 0
2018 0
2018 0
2018 0
2018 0
2018 0
2018 0
2018 0
2018 0
2018 0.9
2018 7.36
2018 0.306666666666667
2018 0
2018 10.66
2018 5.29666666666666
2018 0
2018 6.9
2018 0
2018 0
2018 0
2018 0
2018 5.4
2018 9.3
2018 4.4
2018 0.25
2018 0
2018 0
2018 0
2018 0
2018 3
2018 0.5
2018 0.3
2018 11.4
2018 4.1
2018 0
2018 0
2018 2.1
2018 8.5
2018 0
2018 0
2018 0.2
2018 22.8
2018 1.4
2018 8.5
2018 0
2018 6.5
2018 0.2
2018 37.0716666666667
2018 0
2018 23.3
2018 5.5
2018 3.1
2018 1.3
2018 0
2018 8.7
2018 3.52
2018 0
2018 0
2018 0
2018 0
2018 15.6
2018 14.3
2018 5.6
2018 30.4833333333333
2018 0
2018 4.30666666666667
2018 15.34
2018 1
2018 17.68
2018 0
2018 0
2018 0
2018 0
2018 0
2018 0
2018 1.5
2018 0
2018 0
2018 0
2018 2.7
2018 23.98
2018 16
2018 15.215
2018 8.04666666666667
2018 34.7
2018 32.6
2018 48.2
2018 0.2
2018 0
2018 0
2018 0
2018 0
2018 0
2018 0
2018 0
2018 0
2018 10.07
2018 0
2018 1.1
2018 0
2018 0
2018 0
2018 0.5
2018 0
2018 0
2018 0.8
2018 8.9
2018 8.1
2018 0
2018 0
2018 38.3
2018 1.24666666666667
2018 2.49166666666667
2018 0
2018 0
2018 1.2
2018 0.2
2018 0
2018 0
2018 0
2018 0
2018 0
2018 0
2018 0
2018 0.3
2018 2.82666666666667
2018 3.38333333333333
2018 0.108333333333333
2018 0
2018 1
2018 8.91
2018 0
2018 0
2018 0
2018 0
2018 0
2018 2.88166666666667
2018 0
2018 0
2018 0
2018 0.28
2018 1.6
2018 5.9
2018 0.9
2018 0.5
2018 3.8
2018 0.2
2018 0
2018 0
2018 2.015
2018 5.01333333333333
2018 0
2018 0.855
2018 0
2018 0
2018 8.86666666666667
2018 0
2018 0
2018 0
2018 0
2018 0
2018 0
2018 0
2018 0
2018 0
2018 0
2018 0
2018 0
2018 0
2018 0
2018 0
2018 0
2018 0
2018 0
2018 0
2018 0
2018 0
2018 0
2018 0
2018 0
2018 0
2018 0
2018 0
2018 0
2018 0
2018 0
2018 0
2018 0
2018 0
2018 0
2018 0
2018 0
2018 0
2018 0
2018 0
2018 0
2018 0
2018 0
2018 0
2018 0
2018 0
2018 0
2018 0
2018 0
2018 0
2018 0
2018 0
2018 0
2018 0
2018 0
2018 0
2018 0
2018 0
2018 0
2018 0
2018 0
2018 0
2018 0
2018 0
2018 0
2018 0
2018 0
2018 0
2018 0
2018 0
2018 0
2018 0
2018 0
2018 0
2018 0
2018 0
2018 0
2018 0
2018 0
2018 0
2018 0
2018 0
2018 0
2018 0
2018 0
2018 0
2018 0
2018 0
2018 0
2018 0
2018 0
2018 0
2018 0
2018 0
2018 0
2018 0
2018 0
2018 0
2018 0
2018 0
2018 0
2018 0
2018 0
2018 0
2018 0
2018 0
2018 0
2018 0
2018 0
2018 0
2018 0
2018 0
2018 0
2018 0
2018 0
2018 0
2018 0
2018 0
2018 0
2018 0
2018 0
2018 0
2018 0
2018 0
2018 0
2018 0
2018 0
2018 0
2018 0
2018 0
2018 0
2018 0
2018 0
2018 0
2018 0
2018 0
2018 0
2018 0
2018 0
2018 0
2018 0
2018 0
2018 0
2018 0
2018 0
2018 0
2018 0
2018 0
2018 0
2018 0
2018 0
2018 0
2018 0
2019 0
2019 0
2019 0
2019 0
2019 0
2019 0
2019 0
2019 0
2019 0
2019 0
2019 0
2019 0
2019 0
2019 0
2019 0
2019 0
2019 0
2019 0
2019 0
2019 0
2019 0
2019 0
2019 0
2019 0
2019 0
2019 0
2019 0
2019 0
2019 0
2019 0
2019 0
2019 0
2019 0
2019 0
2019 0
2019 0
2019 0
2019 0
2019 0
2019 0
2019 0
2019 0
2019 0
2019 0
2019 0
2019 0
2019 0
2019 0
2019 0
2019 0
2019 0
2019 0
2019 0
2019 0
2019 0
2019 0
2019 0
2019 0.0833333333333333
2019 0
2019 0
2019 0
2019 0
2019 0
2019 0
2019 0
2019 0
2019 0
2019 0
2019 0
2019 0
2019 0
2019 0
2019 0
2019 0
2019 0
2019 0
2019 0
2019 0
2019 0.7
2019 0.3
2019 0
2019 0
2019 0
2019 0.21
2019 0
2019 0
2019 4.3
2019 2.6
2019 0
2019 0
2019 0
2019 0
2019 5.22666666666667
2019 0
2019 0
2019 0
2019 0
2019 0
2019 1.14
2019 6.63333333333333
2019 37.3
2019 2.1
2019 0
2019 0
2019 0
2019 4.1
2019 4.1
2019 2.5
2019 0
2019 2.3
2019 0.58
2019 12.8133333333333
2019 0
2019 1.49999999999999
2019 4.59
2019 0
2019 0
2019 0
2019 0
2019 6.1
2019 9.86
2019 6.6
2019 7.6
2019 22.4
2019 1.4
2019 0.2
2019 39
2019 9.7
2019 3.1
2019 43.6
2019 28.8
2019 8.2
2019 5.3
2019 25.3
2019 66.8
2019 38.1
2019 0.1
2019 0
2019 8.5
2019 0
2019 0
2019 0
2019 0
2019 0
2019 0
2019 0.3
2019 2.3
2019 3.6
2019 7.5
2019 14.5
2019 0.1
2019 0
2019 0
2019 9.8
2019 9.89
2019 17.1
2019 0
2019 0
2019 0
2019 4.6
2019 0
2019 0
2019 1.005
2019 23.5
2019 0.9
2019 0
2019 0
2019 0
2019 0
2019 0
2019 0
2019 0
2019 0
2019 0
2019 0.21
2019 0
2019 0
2019 0
2019 0
2019 0
2019 0
2019 0
2019 0
2019 0
2019 0
2019 0
2019 0
2019 0
2019 1.04166666666667
2019 0
2019 0
2019 18.4766666666667
2019 3.2
2019 5.73333333333333
2019 34.2
2019 14.4083333333333
2019 0
2019 0
2019 4.2
2019 0
2019 0
2019 0
2019 0
2019 0
2019 0
2019 2.96
2019 0
2019 0
2019 0
2019 0
2019 0
2019 0
2019 0
2019 0
2019 0
2019 0
2019 0
2019 0
2019 0
2019 0
2019 0
2019 0
2019 0
2019 0
2019 1
2019 2.2
2019 0
2019 0
2019 0
2019 0
2019 0
2019 0
2019 0
2019 0
2019 0
2019 0
2019 0
2019 0
2019 0
2019 4.87666666666667
2019 2.07833333333333
2019 0
2019 0
2019 0
2019 0
2019 0
2019 7.8
2019 0.19
2019 0
2019 0
2019 0
2019 0
2019 0
2019 2.075
2019 0
2019 0.8
2019 0
2019 0
2019 0
2019 0
2019 0
2019 0
2019 0
2019 0
2019 0
2019 0
2019 0
2019 0
2019 0
2019 0
2019 0
2019 0
2019 0
2019 0
2019 0
2019 0
2019 0
2019 0
2019 0
2019 0
2019 0
2019 0
2019 0
2019 0
2019 0
2019 0
2019 0
2019 0
2019 0
2019 0
2019 0
2019 0
2019 0
2019 0
2019 0
2019 0
2019 0
2019 0
2019 0
2019 0
2019 0
2019 0
2019 0
2019 0
2019 0
2019 0
2019 0
2019 0
2019 0
2019 0
2019 0
2019 0
2019 0
2019 0
2019 0
2019 0
2019 0
2019 0
2019 0
2019 0
2019 0
2019 0
2019 0
2019 0
2019 0
2019 0
2019 0
2019 0
2019 0
2019 0
2019 0
2019 0
2019 0
2019 0
2019 0
2019 0
2019 0
2019 0
2019 0
2019 0
2019 0
2019 0
2019 0
2019 0
2019 0
2019 0
2019 0
2019 0
2019 0
2019 0
2019 0
2019 0
2019 0
2019 0
2019 0
2019 0
2019 0
2019 0
2019 0
2019 0
2019 0
2019 0
2019 0
2019 0
2019 0
2020 0
2020 0
2020 0
2020 0
2020 0
2020 0
2020 0
2020 0
2020 0
2020 0
2020 0
2020 0
2020 0
2020 0
2020 0
2020 0
2020 0
2020 0
2020 0
2020 0
2020 0
2020 0
2020 0
2020 0
2020 0
2020 0
2020 0
2020 0
2020 0
2020 0
2020 0
2020 0
2020 0
2020 0
2020 0
2020 0
2020 0
2020 0
2020 0
2020 0
2020 0
2020 0
2020 0
2020 0
2020 0
2020 0
2020 0
2020 0
2020 0
2020 0
2020 0
2020 0
2020 0
2020 0
2020 0
2020 0
2020 0
2020 0
2020 0
2020 0
2020 0
2020 0
2020 0
2020 0
2020 0
2020 0
2020 0.65
2020 0.42
2020 1.08333333333333
2020 0.76
2020 0
2020 5.92
2020 5.795
2020 0.3
2020 0
2020 0
2020 3.91
2020 1.02666666666667
2020 0
2020 0
2020 0
2020 0
2020 0
2020 0
2020 0
2020 0
2020 0
2020 0
2020 0
2020 11.165
2020 0
2020 2
2020 1
2020 0
2020 0
2020 0
2020 0.221666666666667
2020 0
2020 0.945
2020 0
2020 0.9
2020 6.3
2020 3.6
2020 9.2
2020 4.505
2020 0
2020 0
2020 0
2020 0
2020 0
2020 0
2020 0
2020 23
2020 25.2933333333333
2020 25.5366666666667
2020 11.5266666666667
2020 8.7
2020 6.7
2020 0
2020 0
2020 0
2020 0
2020 0
2020 0
2020 5.39833333333333
2020 3.54
2020 0
2020 0
2020 0.7
2020 0
2020 0
2020 0.39
2020 0
2020 0
2020 0
2020 0
2020 0
2020 0
2020 5.775
2020 3.3
2020 1.4
2020 0
2020 0
2020 0
2020 0
2020 0
2020 0
2020 0.338333333333333
2020 1.47333333333333
2020 11.9016666666667
2020 14.1
2020 11.89
2020 0
2020 0
2020 0
2020 0
2020 0
2020 4.7
2020 0
2020 0
2020 0
2020 0
2020 0
2020 7.41
2020 5.2
2020 19.7
2020 1.14
2020 0
2020 0
2020 0
2020 0
2020 7.9
2020 0.775
2020 0
2020 0
2020 0
2020 0
2020 0
2020 14.1
2020 18.3
2020 0.6
2020 0
2020 0
2020 7.22
2020 3.9
2020 1.2
2020 4.8
2020 8.75
2020 2.4
2020 0.9
2020 4.33333333333333
2020 38.1
2020 0
2020 0
2020 0
2020 0.28
2020 0
2020 0
2020 0
2020 0
2020 0
2020 0
2020 0
2020 0
2020 0
2020 0
2020 0
2020 0
2020 0
2020 0
2020 0
2020 0.9
2020 0
2020 0
2020 0
2020 0
2020 0
2020 0
2020 0
2020 0
2020 0
2020 0
2020 0
2020 0
2020 0
2020 0
2020 0
2020 0
2020 0
2020 0
2020 0
2020 0
2020 0
2020 0
2020 0
2020 0
2020 0
2020 0
2020 0
2020 0
2020 0
2020 0
2020 0
2020 0
2020 0
2020 0
2020 0
2020 0
2020 0
2020 0
2020 0
2020 0
2020 0
2020 0
2020 0
2020 0
2020 0
2020 0
2020 0
2020 0
2020 0
2020 0
2020 0
2020 0
2020 0
2020 0
2020 0
2020 0
2020 0
2020 0
2020 0
2020 0
2020 0
2020 0
2020 0
2020 0
2020 0
2020 0
2020 0
2020 0
2020 0
2020 0
2020 0
2020 0
2020 0
2020 0
2020 0
2020 0
2020 0
2020 0
2020 0
2020 0
2020 0
2020 0
2020 0
2020 0
2020 0
2020 0
2020 0
2020 0
2020 0
2020 0
2020 0
2020 0
2020 0
2020 0
2020 0
2020 0
2020 0
2020 0
2020 0
2020 0
2020 0
2020 0
2020 0
2020 0
2020 0
2020 0
2020 0
2020 0
2020 0
2020 0
2020 0
2020 0
2020 0
2020 0
2020 0
2020 0
2020 0
2020 0
2020 0
2020 0
2020 0
2020 0
2020 0
2020 0
2020 0
2020 0
2020 0
2020 0
2020 0
2020 0
2020 0
2020 0
2020 0
2020 0
2020 0
2020 0
2020 0
2020 0
2020 0
2020 0
2020 0
2020 0
2020 0
2020 0
2020 0
2020 0
2020 0
2020 0
2020 0
2020 0
2020 0
2020 0
2020 0
2020 0
2021 0
2021 0
2021 0
2021 0
2021 0
2021 0
2021 0
2021 0
2021 0
2021 0
2021 0
2021 0
2021 0
2021 0
2021 0
2021 0
2021 0
2021 0
2021 0
2021 0
2021 0
2021 0
2021 0
2021 0
2021 0
2021 8.96
2021 0
2021 0
2021 0
2021 0
2021 0
2021 0
2021 0
2021 0
2021 0
2021 0
2021 0
2021 0
2021 0
2021 0
2021 0.916666666666667
2021 0.63
2021 0
2021 0
2021 2.79
2021 2.23833333333333
2021 0
2021 0
2021 0
2021 0
2021 0
2021 0
2021 0
2021 0
2021 0
2021 0
2021 0.368333333333333
2021 0
2021 0
2021 0
2021 0
2021 0
2021 0
2021 0
2021 0
2021 0
2021 0
2021 0
2021 0
2021 0
2021 0
2021 0
2021 0
2021 0
2021 0
2021 0
2021 0
2021 0
2021 0
2021 0
2021 2.6
2021 0
2021 0
2021 0
2021 0
2021 0
2021 0
2021 0
2021 0
2021 0
2021 0
2021 2.6
2021 1.1
2021 0
2021 2.6
2021 4.48
2021 20.4
2021 0
2021 2.5
2021 5.8
2021 0
2021 0
2021 14.1
2021 1.3
2021 0
2021 0
2021 0
2021 0
2021 0
2021 0
2021 0
2021 8.61333333333333
2021 0
2021 0
2021 0
2021 12.3
2021 0.3
2021 0
2021 11.5
2021 0
2021 2.4
2021 0
2021 0
2021 0
2021 0
2021 0
2021 1.4
2021 0.8
2021 0
2021 0
2021 0
2021 0
2021 0
2021 25.7
2021 40.3
2021 38.8
2021 5.5
2021 6.7
2021 28.3
2021 2.6
2021 0
2021 0
2021 0
2021 0
2021 2.4
2021 1.3
2021 18.7
2021 5.5
2021 10.6
2021 40.4033333333333
2021 2.79166666666667
2021 7.64666666666667
2021 0.0333333333333333
2021 6.70833333333333
2021 0.120000000000001
2021 0
2021 0
2021 0
2021 0
2021 0
2021 0
2021 1.1
2021 11
2021 0.5
2021 0
2021 0
2021 0
2021 5.3
2021 0
2021 0
2021 0
2021 0
2021 0
2021 0
2021 0
2021 0
2021 0
2021 0
2021 0
2021 0
2021 0
2021 0
2021 0
2021 0
2021 0
2021 4.86
2021 0
2021 1.8
2021 0.195
2021 0.8
2021 0
2021 0
2021 0
2021 0
2021 21.9083333333333
2021 35.6
2021 19.5
2021 13.7
2021 0.5
2021 5.7
2021 0.4
2021 5
2021 0.3
2021 0
2021 0
2021 0
2021 0
2021 0
2021 0
2021 0
2021 0
2021 0
2021 0
2021 0
2021 0
2021 0
2021 0
2021 9.5
2021 13.5
2021 0
2021 0
2021 0
2021 0
2021 0.179999999999999
2021 2.2
2021 3.7
2021 0.2
2021 0
2021 0.1
2021 1.14666666666667
2021 0.11
2021 0
2021 0
2021 0
2021 0
2021 0
2021 0
2021 0
2021 0
2021 0
2021 0
2021 0
2021 0
2021 0.216666666666667
2021 0
2021 0
2021 0
2021 0
2021 0
2021 0
2021 0
2021 0
2021 0
2021 0
2021 0
2021 0
2021 0
2021 0
2021 0
2021 0
2021 0
2021 0
2021 0
2021 0
2021 0
2021 0
2021 0
2021 0
2021 0
2021 0
2021 0
2021 0
2021 0
2021 0
2021 0
2021 0
2021 0
2021 0
2021 0
2021 0
2021 0
2021 0
2021 0
2021 0
2021 0
2021 0
2021 0
2021 0
2021 0
2021 0
2021 0
2021 0
2021 0
2021 0
2021 0
2021 0
2021 0
2021 0
2021 0
2021 0
2021 0
2021 0
2021 0
2021 0
2021 0
2021 0
2021 0
2021 0
2021 0
2021 0
2021 0
2021 0
2021 0
2021 0
2021 0
2021 0
2021 0
2021 0
2021 0
2021 0
2021 0
2021 0
2021 0
2021 0
2021 0
2021 0
2021 0
2021 0
2021 0
2021 0
2021 0
2021 0
2021 0
2021 0
2021 0
2021 0
2021 0
2021 0
2021 0
2021 0
2021 0
2021 0
2021 0
2021 0
2021 0
2021 0
2021 0
2021 0
2021 0
2021 0
2021 0
2021 0
2021 0
2021 0
2021 0
2021 0
2021 0
2021 0
2021 0
2021 0
2021 0
2021 0
2021 0
2021 0
2021 0
