1997 NA
1997 NA
1997 NA
1997 NA
1997 NA
1997 NA
1997 NA
1997 NA
1997 NA
1997 NA
1997 NA
1997 NA
1997 NA
1997 NA
1997 NA
1997 NA
1997 NA
1997 NA
1997 NA
1997 NA
1997 NA
1997 NA
1997 NA
1997 NA
1997 NA
1997 NA
1997 NA
1997 NA
1997 NA
1997 NA
1997 7
1997 15
1997 12
1997 7
1997 7
1997 7
1997 4
1997 2
1997 1
1997 1
1997 1
1997 1
1997 1
1997 1
1997 5
1997 2
1997 13
1997 10
1997 7
1997 5
1997 1
1997 2
1997 3
1997 2
1997 1
1997 1
1997 1
1997 2
1997 3
1997 2
1997 2
1997 1
1997 1
1997 NA
1997 1
1997 3
1997 2
1997 1
1997 2
1997 2
1997 1
1997 12
1997 34
1997 41
1997 59
1997 66
1997 69
1997 71
1997 96
1997 91
1997 98
1997 124
1997 93
1997 90
1997 225
1997 NA
1997 76
1997 79
1997 172
1997 79
1997 118
1997 107
1997 104
1997 100
1997 98
1997 96
1997 94
1997 93
1997 93
1997 95
1997 96
1997 99
1997 100
1997 102
1997 101
1997 99
1997 98
1997 98
1997 98
1997 99
1997 107
1997 103
1997 108
1997 115
1997 114
1997 112
1997 113
1997 102
1997 230
1997 167
1997 228
1997 226
1997 118
1997 123
1997 128
1997 148
1997 143
1997 154
1997 169
1997 163
1997 165
1997 160
1997 156
1997 151
1997 149
1997 148
1997 147
1997 145
1997 144
1997 143
1997 145
1997 147
1997 152
1997 151
1997 149
1997 145
1997 144
1997 144
1997 141
1997 141
1997 141
1997 142
1997 141
1997 141
1997 139
1997 139
1997 139
1997 140
1997 138
1997 137
1997 137
1997 136
1997 137
1997 137
1997 137
1997 138
1997 144
1997 140
1997 139
1997 139
1997 139
1997 136
1997 136
1997 135
1997 133
1997 133
1997 134
1997 135
1997 135
1997 134
1997 133
1997 134
1997 132
1997 133
1997 131
1997 130
1997 129
1997 129
1997 129
1997 128
1997 128
1997 126
1997 125
1997 124
1997 123
1997 122
1997 122
1997 122
1997 122
1997 121
1997 124
1997 122
1997 120
1997 121
1997 123
1997 124
1997 123
1997 118
1997 118
1997 118
1997 117
1997 118
1997 116
1997 115
1997 115
1997 110
1997 110
1997 109
1997 109
1997 109
1997 108
1997 106
1997 102
1997 101
1997 101
1997 101
1997 97
1997 97
1997 96
1997 96
1997 97
1997 100
1997 97
1997 95
1997 95
1997 95
1997 92
1997 90
1997 126
1997 112
1997 108
1997 106
1997 105
1997 102
1997 96
1997 93
1997 97
1997 103
1997 102
1997 117
1997 124
1997 120
1997 124
1997 125
1997 117
1997 109
1997 103
1997 96
1997 89
1997 84
1997 84
1997 84
1997 84
1997 84
1997 84
1997 84
1997 84
1997 84
1997 84
1997 84
1997 84
1997 84
1997 84
1997 84
1997 84
1997 84
1997 84
1997 84
1997 84
1997 84
1997 84
1997 84
1997 84
1997 84
1997 84
1997 84
1997 84
1997 84
1997 84
1997 84
1997 84
1997 84
1997 84
1997 84
1997 84
1997 84
1997 84
1997 84
1997 84
1997 84
1997 84
1997 84
1997 84
1997 84
1997 84
1997 84
1997 84
1997 84
1997 84
1997 84
1997 84
1997 84
1997 108
1997 108
1997 108
1997 108
1997 108
1997 108
1997 108
1997 108
1997 108
1997 108
1997 108
1997 108
1997 108
1997 108
1997 108
1997 108
1997 108
1997 108
1997 108
1997 108
1997 108
1997 108
1997 108
1997 108
1997 108
1997 108
1997 108
1997 108
1997 108
1997 108
1997 108
1997 108
1997 108
1997 108
1997 108
1997 108
1997 108
1997 108
1997 108
1997 108
1997 108
1997 108
1997 108
1997 108
1997 108
1997 108
1997 108
1997 108
1997 108
1997 108
1997 108
1997 108
1997 108
1998 108
1998 108
1998 108
1998 108
1998 108
1998 108
1998 108
1998 108
1998 108
1998 108
1998 108
1998 108
1998 108
1998 108
1998 108
1998 108
1998 108
1998 108
1998 108
1998 108
1998 108
1998 108
1998 108
1998 108
1998 108
1998 108
1998 108
1998 108
1998 108
1998 108
1998 2
1998 2
1998 2
1998 2
1998 2
1998 2
1998 NA
1998 NA
1998 NA
1998 NA
1998 NA
1998 NA
1998 NA
1998 3
1998 3
1998 3
1998 2
1998 2
1998 2
1998 2
1998 2
1998 2
1998 2
1998 2
1998 2
1998 2
1998 3
1998 1
1998 3
1998 3
1998 2
1998 2
1998 2
1998 3
1998 3
1998 6
1998 10
1998 NA
1998 26
1998 42
1998 38
1998 57
1998 78
1998 74
1998 70
1998 65
1998 63
1998 61
1998 59
1998 58
1998 56
1998 55
1998 53
1998 54
1998 55
1998 58
1998 59
1998 58
1998 57
1998 60
1998 59
1998 57
1998 62
1998 65
1998 63
1998 61
1998 62
1998 60
1998 60
1998 60
1998 60
1998 60
1998 60
1998 60
1998 60
1998 59
1998 65
1998 79
1998 NA
1998 99
1998 133
1998 129
1998 123
1998 120
1998 113
1998 112
1998 118
1998 113
1998 109
1998 109
1998 107
1998 107
1998 NA
1998 123
1998 126
1998 124
1998 124
1998 126
1998 122
1998 120
1998 120
1998 119
1998 117
1998 116
1998 115
1998 125
1998 128
1998 133
1998 120
1998 119
1998 133
1998 129
1998 108
1998 107
1998 107
1998 108
1998 120
1998 114
1998 112
1998 111
1998 110
1998 110
1998 110
1998 193
1998 111
1998 111
1998 110
1998 108
1998 109
1998 110
1998 109
1998 108
1998 109
1998 107
1998 109
1998 107
1998 105
1998 106
1998 106
1998 105
1998 105
1998 NA
1998 104
1998 105
1998 114
1998 122
1998 120
1998 119
1998 118
1998 117
1998 118
1998 118
1998 116
1998 115
1998 116
1998 117
1998 116
1998 114
1998 118
1998 228
1998 114
1998 114
1998 114
1998 113
1998 113
1998 113
1998 111
1998 111
1998 110
1998 106
1998 104
1998 104
1998 104
1998 105
1998 110
1998 106
1998 107
1998 104
1998 103
1998 100
1998 97
1998 94
1998 89
1998 87
1998 89
1998 103
1998 465
1998 NA
1998 NA
1998 NA
1998 NA
1998 242
1998 259
1998 249
1998 242
1998 232
1998 241
1998 244
1998 244
1998 237
1998 231
1998 226
1998 220
1998 214
1998 204
1998 197
1998 190
1998 188
1998 211
1998 233
1998 230
1998 227
1998 229
1998 220
1998 217
1998 214
1998 208
1998 205
1998 200
1998 194
1998 188
1998 182
1998 177
1998 172
1998 167
1998 162
1998 155
1998 149
1998 145
1998 146
1998 141
1998 138
1998 133
1998 130
1998 125
1998 126
1998 121
1998 118
1998 127
1998 129
1998 128
1998 123
1998 124
1998 121
1998 118
1998 111
1998 102
1998 94
1998 85
1998 78
1998 37
1998 67
1998 59
1998 66
1998 64
1998 61
1998 58
1998 59
1998 56
1998 52
1998 43
1998 35
1998 25
1998 13
1998 2
1998 0
1998 0
1998 1
1998 3
1998 1
1998 0
1998 1
1998 1
1998 1
1998 1
1998 2
1998 1
1998 1
1998 2
1998 2
1998 2
1998 2
1998 2
1998 1
1998 1
1998 1
1998 2
1998 2
1998 2
1998 1
1998 1
1998 0
1998 2
1998 1
1998 0
1998 1
1998 1
1998 1
1998 1
1998 3
1998 2
1998 1
1998 1
1998 2
1998 2
1998 2
1998 2
1998 1
1998 2
1998 1
1998 1
1998 2
1998 0
1998 1
1998 0
1998 0
1998 1
1998 1
1998 2
1998 1
1998 1
1998 2
1998 1
1998 2
1998 2
1998 2
1998 2
1998 2
1998 2
1998 2
1998 2
1998 3
1998 2
1998 2
1998 2
1999 3
1999 1
1999 3
1999 2
1999 2
1999 3
1999 2
1999 2
1999 2
1999 2
1999 33
1999 2
1999 3
1999 3
1999 3
1999 2
1999 3
1999 2
1999 2
1999 3
1999 3
1999 4
1999 3
1999 2
1999 2
1999 1
1999 3
1999 3
1999 1
1999 1
1999 11
1999 4
1999 0
1999 18
1999 29
1999 16
1999 18
1999 18
1999 19
1999 17
1999 18
1999 16
1999 16
1999 12
1999 10
1999 7
1999 7
1999 5
1999 8
1999 6
1999 6
1999 6
1999 5
1999 5
1999 20
1999 18
1999 15
1999 12
1999 12
1999 14
1999 12
1999 16
1999 15
1999 16
1999 15
1999 15
1999 16
1999 14
1999 16
1999 13
1999 11
1999 12
1999 13
1999 13
1999 13
1999 12
1999 12
1999 12
1999 222
1999 12
1999 227
1999 229
1999 12
1999 12
1999 15
1999 16
1999 18
1999 16
1999 15
1999 16
1999 18
1999 17
1999 18
1999 20
1999 19
1999 224
1999 226
1999 223
1999 17
1999 16
1999 16
1999 16
1999 16
1999 16
1999 11
1999 10
1999 11
1999 10
1999 9
1999 11
1999 17
1999 225
1999 15
1999 13
1999 15
1999 13
1999 15
1999 15
1999 14
1999 15
1999 14
1999 19
1999 37
1999 37
1999 36
1999 31
1999 29
1999 28
1999 30
1999 30
1999 30
1999 33
1999 71
1999 75
1999 70
1999 64
1999 60
1999 59
1999 57
1999 54
1999 54
1999 52
1999 51
1999 51
1999 50
1999 52
1999 50
1999 51
1999 57
1999 86
1999 227
1999 60
1999 62
1999 60
1999 59
1999 59
1999 58
1999 57
1999 72
1999 70
1999 229
1999 74
1999 229
1999 228
1999 229
1999 57
1999 58
1999 58
1999 58
1999 58
1999 74
1999 69
1999 67
1999 68
1999 141
1999 223
1999 92
1999 NA
1999 83
1999 83
1999 82
1999 82
1999 81
1999 64
1999 149
1999 161
1999 153
1999 145
1999 140
1999 138
1999 136
1999 132
1999 129
1999 124
1999 123
1999 120
1999 119
1999 117
1999 115
1999 115
1999 115
1999 114
1999 118
1999 116
1999 114
1999 114
1999 121
1999 138
1999 134
1999 130
1999 126
1999 125
1999 125
1999 124
1999 121
1999 118
1999 116
1999 111
1999 127
1999 120
1999 115
1999 114
1999 113
1999 112
1999 112
1999 112
1999 174
1999 208
1999 202
1999 196
1999 191
1999 187
1999 191
1999 183
1999 183
1999 181
1999 175
1999 175
1999 173
1999 171
1999 169
1999 161
1999 156
1999 151
1999 145
1999 138
1999 134
1999 129
1999 124
1999 124
1999 121
1999 114
1999 109
1999 104
1999 97
1999 91
1999 87
1999 81
1999 85
1999 81
1999 81
1999 90
1999 87
1999 83
1999 77
1999 71
1999 64
1999 62
1999 66
1999 64
1999 69
1999 67
1999 68
1999 69
1999 70
1999 74
1999 73
1999 219
1999 202
1999 218
1999 69
1999 NA
1999 66
1999 62
1999 56
1999 49
1999 48
1999 42
1999 35
1999 27
1999 19
1999 10
1999 2
1999 1
1999 0
1999 1
1999 0
1999 0
1999 1
1999 1
1999 1
1999 1
1999 1
1999 0
1999 1
1999 1
1999 1
1999 1
1999 1
1999 1
1999 1
1999 0
1999 1
1999 1
1999 1
1999 1
1999 0
1999 1
1999 0
1999 0
1999 1
1999 1
1999 1
1999 1
1999 1
1999 1
1999 1
1999 0
1999 1
1999 1
1999 1
1999 1
1999 1
1999 1
1999 1
1999 1
1999 1
1999 1
1999 2
1999 1
1999 1
1999 1
1999 1
1999 1
1999 1
1999 1
1999 1
1999 1
1999 1
1999 1
1999 1
1999 1
1999 1
1999 1
1999 1
1999 1
1999 1
1999 1
1999 1
1999 2
1999 1
1999 1
1999 1
1999 1
1999 1
2000 1
2000 1
2000 1
2000 1
2000 1
2000 1
2000 1
2000 1
2000 1
2000 1
2000 1
2000 1
2000 1
2000 1
2000 1
2000 1
2000 1
2000 1
2000 NA
2000 203
2000 203
2000 1
2000 0
2000 1
2000 1
2000 0
2000 0
2000 0
2000 0
2000 NA
2000 0
2000 0
2000 0
2000 204
2000 209
2000 202
2000 195
2000 0
2000 0
2000 0
2000 5
2000 5
2000 5
2000 5
2000 5
2000 5
2000 5
2000 5
2000 4
2000 3
2000 16
2000 9
2000 18
2000 25
2000 8
2000 8
2000 7
2000 5
2000 4
2000 5
2000 4
2000 5
2000 5
2000 5
2000 0
2000 3
2000 26
2000 24
2000 22
2000 22
2000 21
2000 30
2000 28
2000 25
2000 23
2000 24
2000 28
2000 32
2000 30
2000 31
2000 30
2000 34
2000 33
2000 28
2000 29
2000 28
2000 27
2000 26
2000 28
2000 26
2000 27
2000 26
2000 26
2000 25
2000 26
2000 21
2000 22
2000 22
2000 22
2000 25
2000 49
2000 44
2000 51
2000 40
2000 45
2000 44
2000 43
2000 42
2000 41
2000 45
2000 38
2000 39
2000 37
2000 39
2000 39
2000 43
2000 69
2000 83
2000 85
2000 78
2000 73
2000 73
2000 71
2000 66
2000 65
2000 66
2000 62
2000 63
2000 62
2000 61
2000 61
2000 59
2000 59
2000 59
2000 59
2000 60
2000 59
2000 60
2000 59
2000 57
2000 55
2000 54
2000 52
2000 52
2000 52
2000 51
2000 51
2000 49
2000 50
2000 52
2000 52
2000 65
2000 58
2000 57
2000 58
2000 52
2000 52
2000 51
2000 52
2000 52
2000 52
2000 52
2000 50
2000 51
2000 52
2000 52
2000 51
2000 50
2000 54
2000 57
2000 63
2000 71
2000 68
2000 65
2000 64
2000 64
2000 63
2000 62
2000 62
2000 59
2000 61
2000 68
2000 73
2000 70
2000 69
2000 67
2000 67
2000 66
2000 66
2000 63
2000 58
2000 57
2000 55
2000 55
2000 55
2000 55
2000 54
2000 54
2000 52
2000 52
2000 53
2000 53
2000 51
2000 53
2000 53
2000 53
2000 53
2000 89
2000 92
2000 91
2000 108
2000 105
2000 100
2000 100
2000 100
2000 114
2000 114
2000 113
2000 111
2000 109
2000 107
2000 108
2000 109
2000 111
2000 144
2000 144
2000 156
2000 180
2000 178
2000 203
2000 NA
2000 208
2000 195
2000 185
2000 176
2000 170
2000 172
2000 165
2000 157
2000 152
2000 155
2000 161
2000 156
2000 151
2000 146
2000 141
2000 134
2000 134
2000 139
2000 137
2000 133
2000 126
2000 120
2000 110
2000 107
2000 102
2000 95
2000 90
2000 83
2000 78
2000 73
2000 70
2000 67
2000 63
2000 60
2000 53
2000 51
2000 46
2000 42
2000 577
2000 NA
2000 24
2000 20
2000 7
2000 5
2000 5
2000 5
2000 5
2000 6
2000 5
2000 5
2000 5
2000 5
2000 5
2000 5
2000 4
2000 5
2000 5
2000 5
2000 5
2000 5
2000 5
2000 4
2000 5
2000 5
2000 5
2000 5
2000 5
2000 5
2000 5
2000 5
2000 5
2000 5
2000 5
2000 5
2000 5
2000 5
2000 5
2000 5
2000 5
2000 5
2000 5
2000 5
2000 5
2000 5
2000 5
2000 5
2000 5
2000 5
2000 5
2000 5
2000 5
2000 5
2000 5
2000 5
2000 5
2000 5
2000 5
2000 5
2000 5
2000 5
2000 4
2000 5
2000 5
2000 5
2000 5
2000 5
2000 5
2000 5
2000 5
2000 5
2000 5
2000 5
2000 5
2000 5
2000 5
2000 5
2000 5
2000 5
2000 5
2000 5
2000 5
2000 5
2000 5
2000 5
2000 5
2000 5
2000 5
2000 5
2000 5
2000 5
2000 5
2000 5
2000 5
2000 5
2000 5
2001 5
2001 5
2001 5
2001 5
2001 5
2001 5
2001 5
2001 5
2001 5
2001 5
2001 5
2001 5
2001 5
2001 5
2001 5
2001 5
2001 5
2001 5
2001 5
2001 4
2001 5
2001 5
2001 5
2001 5
2001 5
2001 5
2001 5
2001 5
2001 5
2001 5
2001 5
2001 5
2001 5
2001 5
2001 5
2001 5
2001 5
2001 5
2001 5
2001 5
2001 22
2001 NA
2001 4
2001 4
2001 5
2001 24
2001 26
2001 24
2001 22
2001 20
2001 17
2001 14
2001 14
2001 9
2001 9
2001 10
2001 8
2001 9
2001 10
2001 11
2001 NA
2001 37
2001 41
2001 57
2001 79
2001 74
2001 101
2001 98
2001 97
2001 104
2001 98
2001 96
2001 96
2001 101
2001 135
2001 133
2001 144
2001 196
2001 191
2001 181
2001 183
2001 188
2001 183
2001 195
2001 231
2001 228
2001 217
2001 209
2001 202
2001 198
2001 196
2001 193
2001 195
2001 205
2001 207
2001 202
2001 200
2001 203
2001 212
2001 220
2001 578
2001 213
2001 211
2001 208
2001 207
2001 206
2001 207
2001 206
2001 205
2001 204
2001 202
2001 201
2001 200
2001 199
2001 200
2001 208
2001 211
2001 215
2001 212
2001 245
2001 234
2001 224
2001 222
2001 221
2001 219
2001 224
2001 222
2001 225
2001 248
2001 259
2001 255
2001 250
2001 248
2001 246
2001 248
2001 245
2001 277
2001 272
2001 275
2001 281
2001 279
2001 276
2001 277
2001 275
2001 280
2001 288
2001 290
2001 298
2001 296
2001 295
2001 295
2001 292
2001 289
2001 284
2001 289
2001 287
2001 294
2001 291
2001 292
2001 291
2001 329
2001 335
2001 329
2001 328
2001 328
2001 322
2001 320
2001 319
2001 314
2001 311
2001 313
2001 310
2001 306
2001 308
2001 304
2001 303
2001 270
2001 269
2001 267
2001 268
2001 288
2001 285
2001 283
2001 279
2001 278
2001 280
2001 275
2001 272
2001 286
2001 301
2001 298
2001 293
2001 296
2001 315
2001 312
2001 306
2001 303
2001 313
2001 310
2001 314
2001 309
2001 309
2001 314
2001 309
2001 306
2001 315
2001 311
2001 310
2001 307
2001 328
2001 345
2001 333
2001 327
2001 321
2001 318
2001 318
2001 328
2001 320
2001 340
2001 331
2001 329
2001 328
2001 324
2001 320
2001 319
2001 318
2001 315
2001 319
2001 316
2001 315
2001 323
2001 327
2001 323
2001 320
2001 319
2001 314
2001 317
2001 321
2001 319
2001 316
2001 316
2001 323
2001 318
2001 313
2001 317
2001 326
2001 319
2001 315
2001 309
2001 304
2001 299
2001 296
2001 289
2001 281
2001 279
2001 276
2001 286
2001 282
2001 277
2001 268
2001 263
2001 257
2001 253
2001 249
2001 245
2001 239
2001 232
2001 223
2001 215
2001 202
2001 196
2001 184
2001 174
2001 172
2001 171
2001 174
2001 173
2001 166
2001 165
2001 155
2001 154
2001 152
2001 146
2001 143
2001 132
2001 130
2001 129
2001 112
2001 117
2001 103
2001 103
2001 95
2001 88
2001 83
2001 64
2001 60
2001 50
2001 44
2001 24
2001 21
2001 23
2001 17
2001 13
2001 9
2001 4
2001 4
2001 4
2001 4
2001 4
2001 4
2001 4
2001 4
2001 4
2001 4
2001 4
2001 4
2001 4
2001 4
2001 4
2001 4
2001 4
2001 4
2001 4
2001 3
2001 3
2001 3
2001 3
2001 4
2001 4
2001 4
2001 4
2001 4
2001 4
2001 4
2001 4
2001 5
2001 4
2001 4
2001 3
2001 4
2001 4
2001 4
2001 4
2001 4
2001 3
2001 3
2001 3
2001 4
2001 4
2001 4
2001 4
2001 4
2001 4
2001 4
2001 4
2001 4
2001 4
2001 4
2001 4
2001 4
2001 4
2001 4
2001 4
2001 4
2001 4
2002 4
2002 4
2002 4
2002 4
2002 4
2002 4
2002 3
2002 4
2002 4
2002 3
2002 3
2002 4
2002 4
2002 10
2002 4
2002 3
2002 4
2002 4
2002 7
2002 4
2002 4
2002 4
2002 4
2002 4
2002 3
2002 4
2002 4
2002 4
2002 4
2002 4
2002 4
2002 4
2002 4
2002 4
2002 NA
2002 4
2002 4
2002 4
2002 4
2002 4
2002 4
2002 4
2002 4
2002 3
2002 4
2002 4
2002 4
2002 4
2002 4
2002 4
2002 6
2002 2
2002 4
2002 4
2002 4
2002 4
2002 4
2002 4
2002 4
2002 3
2002 3
2002 3
2002 3
2002 3
2002 4
2002 3
2002 4
2002 4
2002 3
2002 3
2002 3
2002 4
2002 9
2002 7
2002 NA
2002 5
2002 5
2002 7
2002 7
2002 7
2002 5
2002 7
2002 7
2002 7
2002 7
2002 7
2002 7
2002 14
2002 12
2002 11
2002 9
2002 8
2002 8
2002 8
2002 8
2002 11
2002 8
2002 8
2002 7
2002 8
2002 8
2002 7
2002 8
2002 8
2002 7
2002 8
2002 8
2002 8
2002 7
2002 7
2002 7
2002 7
2002 6
2002 NA
2002 7
2002 7
2002 7
2002 7
2002 7
2002 10
2002 7
2002 7
2002 5
2002 7
2002 6
2002 6
2002 6
2002 6
2002 6
2002 4
2002 4
2002 5
2002 6
2002 6
2002 6
2002 5
2002 5
2002 5
2002 5
2002 6
2002 6
2002 6
2002 4
2002 5
2002 5
2002 18
2002 13
2002 12
2002 15
2002 14
2002 12
2002 13
2002 14
2002 14
2002 13
2002 14
2002 12
2002 14
2002 56
2002 52
2002 49
2002 48
2002 42
2002 42
2002 41
2002 39
2002 36
2002 53
2002 67
2002 62
2002 60
2002 55
2002 54
2002 51
2002 52
2002 49
2002 49
2002 49
2002 48
2002 47
2002 48
2002 51
2002 57
2002 74
2002 70
2002 66
2002 578
2002 66
2002 62
2002 63
2002 61
2002 61
2002 61
2002 60
2002 63
2002 NA
2002 61
2002 58
2002 57
2002 576
2002 59
2002 58
2002 62
2002 65
2002 58
2002 57
2002 58
2002 58
2002 57
2002 57
2002 57
2002 56
2002 56
2002 54
2002 54
2002 55
2002 55
2002 55
2002 55
2002 NA
2002 56
2002 56
2002 60
2002 62
2002 73
2002 80
2002 75
2002 74
2002 72
2002 71
2002 71
2002 71
2002 NA
2002 67
2002 64
2002 61
2002 58
2002 54
2002 56
2002 56
2002 57
2002 53
2002 55
2002 84
2002 141
2002 156
2002 174
2002 165
2002 152
2002 144
2002 132
2002 131
2002 129
2002 122
2002 122
2002 114
2002 107
2002 102
2002 96
2002 92
2002 87
2002 84
2002 79
2002 75
2002 73
2002 NA
2002 72
2002 69
2002 115
2002 103
2002 89
2002 79
2002 76
2002 76
2002 86
2002 90
2002 93
2002 111
2002 112
2002 79
2002 NA
2002 NA
2002 79
2002 78
2002 77
2002 76
2002 76
2002 75
2002 72
2002 68
2002 NA
2002 57
2002 50
2002 42
2002 34
2002 25
2002 20
2002 12
2002 4
2002 5
2002 3
2002 4
2002 4
2002 4
2002 4
2002 4
2002 4
2002 4
2002 4
2002 3
2002 4
2002 4
2002 4
2002 4
2002 4
2002 4
2002 4
2002 4
2002 4
2002 4
2002 4
2002 4
2002 4
2002 4
2002 4
2002 4
2002 3
2002 4
2002 4
2002 4
2002 4
2002 4
2002 4
2002 4
2002 4
2002 4
2002 4
2002 4
2002 4
2002 4
2002 3
2002 3
2002 3
2002 3
2002 3
2002 4
2002 4
2002 4
2002 4
2002 4
2002 4
2002 4
2002 4
2002 4
2002 4
2002 4
2002 NA
2002 NA
2002 4
2002 4
2002 4
2002 4
2002 4
2002 4
2002 4
2003 4
2003 4
2003 4
2003 4
2003 4
2003 4
2003 4
2003 4
2003 4
2003 4
2003 4
2003 4
2003 4
2003 4
2003 4
2003 4
2003 4
2003 4
2003 4
2003 4
2003 4
2003 4
2003 4
2003 4
2003 9
2003 4
2003 4
2003 3
2003 4
2003 3
2003 4
2003 3
2003 4
2003 4
2003 3
2003 4
2003 3
2003 4
2003 4
2003 4
2003 4
2003 3
2003 4
2003 4
2003 4
2003 3
2003 3
2003 4
2003 3
2003 2
2003 3
2003 4
2003 3
2003 4
2003 2
2003 3
2003 3
2003 3
2003 3
2003 3
2003 4
2003 4
2003 2
2003 0
2003 3
2003 4
2003 4
2003 4
2003 4
2003 4
2003 0
2003 4
2003 3
2003 6
2003 23
2003 35
2003 76
2003 94
2003 109
2003 111
2003 107
2003 112
2003 133
2003 126
2003 145
2003 165
2003 222
2003 225
2003 219
2003 250
2003 236
2003 228
2003 222
2003 217
2003 214
2003 210
2003 207
2003 206
2003 205
2003 200
2003 200
2003 197
2003 202
2003 199
2003 198
2003 579
2003 201
2003 NA
2003 204
2003 201
2003 200
2003 199
2003 198
2003 196
2003 196
2003 202
2003 201
2003 198
2003 233
2003 223
2003 221
2003 216
2003 215
2003 215
2003 212
2003 209
2003 217
2003 216
2003 213
2003 213
2003 211
2003 209
2003 208
2003 208
2003 208
2003 206
2003 204
2003 204
2003 204
2003 203
2003 204
2003 203
2003 234
2003 237
2003 231
2003 227
2003 227
2003 217
2003 220
2003 212
2003 211
2003 209
2003 208
2003 205
2003 206
2003 205
2003 218
2003 215
2003 214
2003 213
2003 212
2003 209
2003 209
2003 209
2003 208
2003 210
2003 208
2003 209
2003 217
2003 217
2003 214
2003 213
2003 212
2003 211
2003 211
2003 210
2003 210
2003 210
2003 209
2003 209
2003 209
2003 210
2003 211
2003 208
2003 208
2003 207
2003 208
2003 207
2003 207
2003 206
2003 203
2003 202
2003 202
2003 201
2003 200
2003 201
2003 199
2003 200
2003 199
2003 198
2003 198
2003 197
2003 198
2003 195
2003 196
2003 195
2003 194
2003 194
2003 192
2003 190
2003 187
2003 185
2003 182
2003 185
2003 182
2003 182
2003 179
2003 179
2003 179
2003 178
2003 184
2003 201
2003 195
2003 193
2003 189
2003 187
2003 185
2003 184
2003 179
2003 177
2003 178
2003 194
2003 190
2003 184
2003 180
2003 177
2003 172
2003 172
2003 171
2003 170
2003 166
2003 162
2003 158
2003 159
2003 155
2003 150
2003 142
2003 135
2003 128
2003 118
2003 116
2003 114
2003 109
2003 104
2003 101
2003 101
2003 99
2003 97
2003 94
2003 90
2003 84
2003 NA
2003 NA
2003 NA
2003 68
2003 62
2003 59
2003 56
2003 48
2003 46
2003 40
2003 32
2003 26
2003 19
2003 12
2003 7
2003 4
2003 4
2003 4
2003 NA
2003 4
2003 4
2003 4
2003 3
2003 4
2003 4
2003 4
2003 4
2003 3
2003 4
2003 3
2003 3
2003 3
2003 3
2003 4
2003 4
2003 4
2003 3
2003 4
2003 4
2003 4
2003 4
2003 4
2003 4
2003 4
2003 4
2003 3
2003 4
2003 4
2003 4
2003 3
2003 4
2003 4
2003 4
2003 4
2003 4
2003 4
2003 4
2003 4
2003 4
2003 4
2003 4
2003 4
2003 4
2003 4
2003 4
2003 4
2003 4
2003 4
2003 4
2003 4
2003 3
2003 4
2003 4
2003 4
2003 4
2003 4
2003 4
2003 4
2003 4
2003 4
2003 4
2003 3
2003 3
2003 3
2003 4
2003 4
2003 4
2003 4
2003 4
2003 4
2003 4
2003 4
2003 4
2003 4
2003 4
2003 4
2003 3
2003 4
2003 4
2003 4
2003 4
2003 5
2003 4
2003 4
2004 4
2004 4
2004 4
2004 4
2004 4
2004 4
2004 4
2004 4
2004 4
2004 4
2004 3
2004 4
2004 4
2004 4
2004 3
2004 3
2004 4
2004 4
2004 4
2004 4
2004 4
2004 4
2004 4
2004 4
2004 3
2004 4
2004 4
2004 4
2004 4
2004 4
2004 4
2004 4
2004 4
2004 4
2004 3
2004 4
2004 3
2004 3
2004 3
2004 4
2004 3
2004 4
2004 4
2004 3
2004 4
2004 4
2004 4
2004 4
2004 4
2004 7
2004 8
2004 7
2004 22
2004 15
2004 15
2004 15
2004 12
2004 14
2004 15
2004 17
2004 27
2004 54
2004 52
2004 51
2004 47
2004 45
2004 46
2004 51
2004 70
2004 67
2004 65
2004 64
2004 61
2004 59
2004 60
2004 58
2004 64
2004 68
2004 64
2004 61
2004 60
2004 62
2004 68
2004 70
2004 NA
2004 NA
2004 88
2004 118
2004 122
2004 113
2004 110
2004 110
2004 114
2004 112
2004 111
2004 NA
2004 106
2004 103
2004 102
2004 102
2004 100
2004 101
2004 102
2004 102
2004 99
2004 101
2004 97
2004 97
2004 97
2004 97
2004 97
2004 99
2004 98
2004 NA
2004 95
2004 95
2004 95
2004 94
2004 140
2004 176
2004 191
2004 182
2004 177
2004 181
2004 176
2004 163
2004 155
2004 153
2004 152
2004 149
2004 152
2004 149
2004 145
2004 159
2004 181
2004 169
2004 165
2004 163
2004 161
2004 160
2004 157
2004 165
2004 157
2004 150
2004 149
2004 149
2004 148
2004 147
2004 149
2004 146
2004 145
2004 143
2004 143
2004 143
2004 142
2004 140
2004 138
2004 136
2004 135
2004 135
2004 135
2004 133
2004 132
2004 132
2004 129
2004 129
2004 129
2004 128
2004 126
2004 127
2004 127
2004 137
2004 158
2004 167
2004 171
2004 179
2004 172
2004 169
2004 169
2004 169
2004 167
2004 165
2004 165
2004 164
2004 164
2004 163
2004 162
2004 162
2004 164
2004 161
2004 160
2004 172
2004 195
2004 193
2004 189
2004 183
2004 181
2004 174
2004 169
2004 165
2004 163
2004 159
2004 159
2004 159
2004 159
2004 158
2004 156
2004 156
2004 154
2004 156
2004 154
2004 154
2004 155
2004 153
2004 153
2004 164
2004 159
2004 160
2004 159
2004 158
2004 158
2004 165
2004 178
2004 171
2004 170
2004 168
2004 168
2004 179
2004 184
2004 178
2004 181
2004 229
2004 212
2004 203
2004 197
2004 191
2004 186
2004 183
2004 182
2004 180
2004 179
2004 182
2004 194
2004 194
2004 196
2004 200
2004 200
2004 237
2004 247
2004 240
2004 235
2004 236
2004 232
2004 228
2004 224
2004 217
2004 212
2004 207
2004 202
2004 194
2004 189
2004 184
2004 177
2004 177
2004 171
2004 168
2004 167
2004 158
2004 157
2004 153
2004 150
2004 144
2004 135
2004 136
2004 134
2004 133
2004 130
2004 125
2004 115
2004 107
2004 102
2004 91
2004 80
2004 72
2004 64
2004 57
2004 56
2004 53
2004 46
2004 40
2004 30
2004 20
2004 16
2004 13
2004 7
2004 5
2004 4
2004 3
2004 4
2004 3
2004 4
2004 3
2004 3
2004 4
2004 4
2004 4
2004 4
2004 4
2004 4
2004 4
2004 4
2004 4
2004 4
2004 4
2004 4
2004 4
2004 4
2004 4
2004 4
2004 4
2004 4
2004 4
2004 4
2004 4
2004 4
2004 4
2004 4
2004 3
2004 4
2004 4
2004 4
2004 4
2004 4
2004 4
2004 4
2004 4
2004 4
2004 4
2004 4
2004 4
2004 4
2004 4
2004 4
2004 4
2004 4
2004 5
2004 4
2004 4
2004 4
2004 4
2004 4
2004 4
2004 3
2004 3
2004 4
2004 4
2004 4
2004 4
2004 4
2004 4
2004 4
2004 4
2004 4
2004 4
2004 4
2004 4
2005 4
2005 4
2005 4
2005 4
2005 4
2005 4
2005 4
2005 4
2005 4
2005 4
2005 4
2005 4
2005 4
2005 5
2005 4
2005 4
2005 4
2005 4
2005 4
2005 4
2005 4
2005 3
2005 4
2005 3
2005 4
2005 4
2005 4
2005 4
2005 4
2005 4
2005 4
2005 4
2005 5
2005 4
2005 4
2005 4
2005 5
2005 5
2005 4
2005 4
2005 4
2005 4
2005 4
2005 0
2005 9
2005 26
2005 26
2005 26
2005 27
2005 18
2005 9
2005 6
2005 4
2005 4
2005 4
2005 4
2005 0
2005 9
2005 17
2005 27
2005 23
2005 15
2005 6
2005 4
2005 4
2005 4
2005 4
2005 4
2005 5
2005 5
2005 5
2005 19
2005 16
2005 10
2005 8
2005 7
2005 6
2005 5
2005 4
2005 8
2005 5
2005 5
2005 5
2005 5
2005 4
2005 4
2005 5
2005 5
2005 5
2005 15
2005 30
2005 40
2005 43
2005 38
2005 34
2005 33
2005 32
2005 30
2005 28
2005 29
2005 27
2005 29
2005 27
2005 27
2005 28
2005 29
2005 32
2005 35
2005 41
2005 49
2005 47
2005 43
2005 45
2005 44
2005 40
2005 43
2005 81
2005 75
2005 74
2005 70
2005 67
2005 65
2005 64
2005 61
2005 58
2005 56
2005 56
2005 54
2005 53
2005 53
2005 53
2005 51
2005 51
2005 53
2005 52
2005 52
2005 51
2005 50
2005 49
2005 52
2005 50
2005 49
2005 49
2005 49
2005 51
2005 50
2005 49
2005 49
2005 48
2005 49
2005 49
2005 49
2005 49
2005 56
2005 49
2005 48
2005 48
2005 47
2005 46
2005 47
2005 46
2005 48
2005 48
2005 48
2005 47
2005 58
2005 52
2005 51
2005 48
2005 47
2005 47
2005 48
2005 50
2005 50
2005 50
2005 53
2005 54
2005 64
2005 62
2005 59
2005 56
2005 57
2005 56
2005 55
2005 60
2005 60
2005 58
2005 53
2005 50
2005 50
2005 51
2005 51
2005 48
2005 53
2005 51
2005 49
2005 46
2005 47
2005 44
2005 41
2005 34
2005 28
2005 28
2005 24
2005 26
2005 26
2005 29
2005 39
2005 37
2005 38
2005 43
2005 36
2005 39
2005 40
2005 39
2005 39
2005 39
2005 38
2005 38
2005 62
2005 75
2005 69
2005 59
2005 52
2005 49
2005 48
2005 53
2005 76
2005 NA
2005 76
2005 79
2005 77
2005 73
2005 72
2005 72
2005 76
2005 NA
2005 NA
2005 71
2005 67
2005 61
2005 56
2005 51
2005 47
2005 43
2005 42
2005 39
2005 40
2005 37
2005 36
2005 34
2005 34
2005 32
2005 31
2005 31
2005 40
2005 33
2005 62
2005 49
2005 57
2005 48
2005 41
2005 37
2005 33
2005 51
2005 38
2005 30
2005 20
2005 7
2005 5
2005 4
2005 4
2005 4
2005 4
2005 5
2005 5
2005 5
2005 4
2005 4
2005 4
2005 4
2005 4
2005 4
2005 5
2005 5
2005 5
2005 5
2005 5
2005 4
2005 4
2005 4
2005 4
2005 4
2005 4
2005 4
2005 5
2005 5
2005 4
2005 4
2005 4
2005 4
2005 4
2005 4
2005 4
2005 5
2005 4
2005 5
2005 4
2005 4
2005 4
2005 4
2005 5
2005 4
2005 4
2005 4
2005 4
2005 5
2005 4
2005 4
2005 5
2005 4
2005 4
2005 4
2005 4
2005 4
2005 4
2005 5
2005 5
2005 5
2005 5
2005 5
2005 4
2005 5
2005 4
2005 5
2005 5
2005 4
2005 4
2005 4
2005 4
2005 4
2005 4
2005 4
2005 5
2005 4
2005 4
2005 4
2005 4
2005 4
2005 4
2005 4
2005 5
2005 5
2005 5
2005 5
2005 5
2005 4
2005 4
2005 5
2005 5
2005 5
2005 4
2005 5
2005 5
2005 5
2006 5
2006 4
2006 4
2006 5
2006 5
2006 4
2006 5
2006 4
2006 5
2006 5
2006 5
2006 5
2006 5
2006 4
2006 4
2006 4
2006 4
2006 4
2006 4
2006 4
2006 4
2006 4
2006 4
2006 4
2006 4
2006 4
2006 4
2006 4
2006 3
2006 4
2006 4
2006 28
2006 25
2006 22
2006 19
2006 16
2006 16
2006 12
2006 7
2006 8
2006 5
2006 5
2006 3
2006 3
2006 3
2006 3
2006 3
2006 3
2006 4
2006 4
2006 4
2006 4
2006 4
2006 4
2006 4
2006 3
2006 3
2006 3
2006 3
2006 3
2006 4
2006 4
2006 3
2006 3
2006 4
2006 3
2006 3
2006 3
2006 4
2006 4
2006 3
2006 4
2006 4
2006 4
2006 3
2006 4
2006 4
2006 3
2006 3
2006 4
2006 3
2006 3
2006 3
2006 3
2006 3
2006 4
2006 8
2006 7
2006 9
2006 14
2006 12
2006 9
2006 10
2006 47
2006 41
2006 42
2006 38
2006 37
2006 36
2006 35
2006 33
2006 28
2006 28
2006 24
2006 27
2006 26
2006 24
2006 26
2006 26
2006 26
2006 26
2006 25
2006 24
2006 25
2006 25
2006 24
2006 22
2006 37
2006 32
2006 27
2006 26
2006 33
2006 36
2006 33
2006 31
2006 30
2006 29
2006 32
2006 30
2006 32
2006 30
2006 28
2006 29
2006 29
2006 29
2006 28
2006 28
2006 31
2006 30
2006 29
2006 28
2006 26
2006 28
2006 28
2006 26
2006 27
2006 28
2006 28
2006 70
2006 66
2006 64
2006 57
2006 56
2006 53
2006 52
2006 52
2006 52
2006 51
2006 50
2006 50
2006 49
2006 49
2006 48
2006 46
2006 48
2006 48
2006 48
2006 48
2006 48
2006 48
2006 63
2006 78
2006 109
2006 102
2006 100
2006 96
2006 98
2006 102
2006 98
2006 95
2006 NA
2006 91
2006 89
2006 NA
2006 98
2006 100
2006 NA
2006 95
2006 104
2006 106
2006 103
2006 101
2006 NA
2006 96
2006 94
2006 95
2006 93
2006 92
2006 92
2006 91
2006 91
2006 92
2006 91
2006 91
2006 96
2006 91
2006 87
2006 86
2006 100
2006 96
2006 95
2006 94
2006 93
2006 92
2006 90
2006 90
2006 100
2006 97
2006 97
2006 96
2006 96
2006 128
2006 138
2006 131
2006 128
2006 121
2006 123
2006 119
2006 116
2006 116
2006 116
2006 115
2006 107
2006 104
2006 103
2006 102
2006 104
2006 101
2006 96
2006 98
2006 95
2006 92
2006 89
2006 85
2006 85
2006 NA
2006 83
2006 NA
2006 75
2006 75
2006 91
2006 85
2006 83
2006 81
2006 NA
2006 NA
2006 73
2006 69
2006 59
2006 55
2006 45
2006 46
2006 41
2006 37
2006 42
2006 44
2006 44
2006 47
2006 51
2006 52
2006 51
2006 48
2006 43
2006 39
2006 34
2006 30
2006 25
2006 20
2006 17
2006 13
2006 9
2006 5
2006 4
2006 4
2006 3
2006 4
2006 4
2006 3
2006 4
2006 4
2006 4
2006 4
2006 4
2006 4
2006 4
2006 4
2006 4
2006 4
2006 4
2006 4
2006 4
2006 4
2006 4
2006 4
2006 4
2006 4
2006 4
2006 4
2006 4
2006 4
2006 4
2006 4
2006 4
2006 4
2006 4
2006 4
2006 NA
2006 4
2006 4
2006 4
2006 4
2006 4
2006 4
2006 4
2006 4
2006 3
2006 4
2006 4
2006 4
2006 4
2006 4
2006 4
2006 4
2006 4
2006 4
2006 4
2006 4
2006 4
2006 4
2006 4
2006 4
2006 4
2006 4
2006 4
2006 4
2006 4
2006 4
2006 4
2006 4
2006 4
2006 3
2006 4
2006 4
2006 4
2006 4
2006 4
2006 4
2006 4
2006 4
2006 4
2006 4
2006 4
2006 4
2006 4
2006 3
2007 4
2007 4
2007 4
2007 3
2007 4
2007 4
2007 5
2007 4
2007 4
2007 4
2007 4
2007 4
2007 4
2007 4
2007 4
2007 4
2007 4
2007 4
2007 4
2007 4
2007 4
2007 4
2007 4
2007 4
2007 4
2007 4
2007 4
2007 4
2007 4
2007 4
2007 4
2007 4
2007 3
2007 4
2007 4
2007 4
2007 4
2007 3
2007 4
2007 4
2007 4
2007 3
2007 4
2007 4
2007 5
2007 4
2007 3
2007 4
2007 0
2007 5
2007 4
2007 4
2007 3
2007 4
2007 4
2007 4
2007 3
2007 3
2007 4
2007 3
2007 4
2007 3
2007 3
2007 4
2007 4
2007 4
2007 3
2007 3
2007 3
2007 4
2007 2
2007 3
2007 3
2007 4
2007 3
2007 4
2007 3
2007 5
2007 22
2007 20
2007 21
2007 22
2007 24
2007 20
2007 20
2007 18
2007 18
2007 17
2007 17
2007 17
2007 17
2007 17
2007 16
2007 21
2007 24
2007 21
2007 44
2007 60
2007 69
2007 105
2007 96
2007 92
2007 88
2007 84
2007 81
2007 NA
2007 NA
2007 NA
2007 80
2007 81
2007 79
2007 78
2007 77
2007 77
2007 NA
2007 75
2007 76
2007 75
2007 76
2007 75
2007 75
2007 75
2007 77
2007 77
2007 77
2007 77
2007 75
2007 73
2007 72
2007 74
2007 74
2007 75
2007 74
2007 74
2007 73
2007 73
2007 73
2007 73
2007 73
2007 69
2007 73
2007 73
2007 74
2007 77
2007 117
2007 128
2007 121
2007 136
2007 116
2007 114
2007 111
2007 109
2007 108
2007 107
2007 105
2007 104
2007 102
2007 102
2007 102
2007 103
2007 102
2007 101
2007 102
2007 100
2007 107
2007 99
2007 99
2007 96
2007 96
2007 95
2007 98
2007 96
2007 95
2007 96
2007 96
2007 96
2007 99
2007 115
2007 111
2007 107
2007 108
2007 108
2007 117
2007 123
2007 116
2007 116
2007 115
2007 123
2007 122
2007 119
2007 118
2007 116
2007 115
2007 115
2007 114
2007 113
2007 112
2007 112
2007 109
2007 108
2007 108
2007 107
2007 107
2007 109
2007 108
2007 108
2007 107
2007 125
2007 126
2007 126
2007 127
2007 133
2007 130
2007 126
2007 125
2007 125
2007 124
2007 119
2007 119
2007 118
2007 114
2007 109
2007 103
2007 99
2007 94
2007 90
2007 84
2007 80
2007 NA
2007 71
2007 67
2007 62
2007 59
2007 56
2007 50
2007 43
2007 38
2007 34
2007 35
2007 31
2007 31
2007 31
2007 33
2007 49
2007 42
2007 54
2007 55
2007 52
2007 44
2007 37
2007 31
2007 26
2007 22
2007 14
2007 12
2007 6
2007 9
2007 7
2007 7
2007 3
2007 3
2007 4
2007 4
2007 4
2007 4
2007 5
2007 4
2007 4
2007 4
2007 15
2007 4
2007 4
2007 4
2007 20
2007 6
2007 3
2007 4
2007 4
2007 4
2007 4
2007 4
2007 4
2007 4
2007 4
2007 4
2007 4
2007 4
2007 4
2007 4
2007 4
2007 4
2007 4
2007 4
2007 4
2007 4
2007 4
2007 4
2007 4
2007 4
2007 4
2007 4
2007 4
2007 4
2007 4
2007 4
2007 4
2007 3
2007 4
2007 4
2007 4
2007 4
2007 4
2007 4
2007 4
2007 4
2007 4
2007 4
2007 4
2007 4
2007 4
2007 4
2007 4
2007 4
2007 4
2007 4
2007 4
2007 4
2007 4
2007 4
2007 4
2007 4
2007 4
2007 3
2007 4
2007 4
2007 3
2007 4
2007 4
2007 4
2007 4
2007 4
2007 5
2007 4
2007 4
2007 4
2007 4
2007 4
2007 4
2007 4
2007 4
2007 4
2007 4
2007 4
2007 3
2007 5
2007 7
2007 4
2007 4
2007 4
2007 4
2007 4
2007 4
2007 4
2007 4
2007 4
2008 NA
2008 4
2008 4
2008 4
2008 3
2008 4
2008 4
2008 4
2008 3
2008 3
2008 4
2008 3
2008 4
2008 3
2008 4
2008 4
2008 4
2008 3
2008 4
2008 4
2008 4
2008 4
2008 4
2008 4
2008 0
2008 57
2008 51
2008 42
2008 40
2008 34
2008 30
2008 24
2008 21
2008 12
2008 6
2008 3
2008 4
2008 3
2008 4
2008 4
2008 4
2008 3
2008 3
2008 4
2008 4
2008 4
2008 3
2008 3
2008 3
2008 3
2008 3
2008 4
2008 3
2008 4
2008 4
2008 0
2008 3
2008 3
2008 4
2008 4
2008 3
2008 3
2008 3
2008 3
2008 4
2008 5
2008 3
2008 4
2008 3
2008 3
2008 4
2008 8
2008 4
2008 4
2008 5
2008 3
2008 3
2008 3
2008 4
2008 4
2008 4
2008 4
2008 27
2008 52
2008 55
2008 58
2008 45
2008 45
2008 43
2008 42
2008 42
2008 41
2008 40
2008 53
2008 52
2008 46
2008 46
2008 45
2008 42
2008 42
2008 43
2008 41
2008 41
2008 40
2008 39
2008 39
2008 39
2008 38
2008 38
2008 38
2008 38
2008 38
2008 39
2008 37
2008 39
2008 38
2008 39
2008 38
2008 38
2008 37
2008 39
2008 39
2008 38
2008 39
2008 52
2008 57
2008 64
2008 80
2008 75
2008 72
2008 70
2008 68
2008 74
2008 134
2008 118
2008 115
2008 115
2008 144
2008 137
2008 131
2008 127
2008 122
2008 121
2008 124
2008 116
2008 113
2008 112
2008 110
2008 109
2008 106
2008 104
2008 105
2008 105
2008 103
2008 104
2008 103
2008 131
2008 131
2008 127
2008 122
2008 120
2008 117
2008 116
2008 113
2008 113
2008 112
2008 111
2008 113
2008 110
2008 110
2008 108
2008 108
2008 109
2008 110
2008 109
2008 109
2008 107
2008 106
2008 108
2008 108
2008 107
2008 103
2008 104
2008 105
2008 101
2008 103
2008 103
2008 102
2008 102
2008 102
2008 98
2008 131
2008 141
2008 152
2008 141
2008 134
2008 132
2008 143
2008 139
2008 136
2008 136
2008 135
2008 143
2008 142
2008 143
2008 139
2008 140
2008 139
2008 145
2008 144
2008 140
2008 139
2008 138
2008 136
2008 135
2008 135
2008 133
2008 134
2008 133
2008 137
2008 135
2008 141
2008 144
2008 164
2008 176
2008 165
2008 187
2008 175
2008 173
2008 178
2008 188
2008 195
2008 191
2008 219
2008 208
2008 202
2008 192
2008 190
2008 186
2008 184
2008 184
2008 185
2008 194
2008 197
2008 191
2008 187
2008 182
2008 178
2008 174
2008 169
2008 165
2008 160
2008 157
2008 162
2008 157
2008 157
2008 153
2008 153
2008 154
2008 161
2008 177
2008 172
2008 165
2008 163
2008 167
2008 161
2008 158
2008 155
2008 146
2008 133
2008 119
2008 107
2008 98
2008 94
2008 86
2008 82
2008 76
2008 NA
2008 NA
2008 NA
2008 71
2008 67
2008 64
2008 62
2008 57
2008 54
2008 50
2008 45
2008 40
2008 34
2008 33
2008 30
2008 26
2008 23
2008 20
2008 16
2008 13
2008 7
2008 4
2008 5
2008 4
2008 4
2008 4
2008 4
2008 4
2008 4
2008 4
2008 3
2008 4
2008 4
2008 3
2008 4
2008 4
2008 4
2008 4
2008 4
2008 4
2008 3
2008 3
2008 4
2008 4
2008 4
2008 4
2008 4
2008 3
2008 3
2008 4
2008 4
2008 4
2008 4
2008 4
2008 4
2008 4
2008 4
2008 4
2008 4
2008 4
2008 4
2008 3
2008 4
2008 4
2008 4
2008 3
2008 3
2008 4
2008 4
2008 3
2008 4
2008 4
2008 3
2008 4
2008 3
2008 4
2008 4
2008 4
2008 4
2008 4
2008 3
2008 4
2008 4
2008 4
2008 4
2008 4
2008 3
2008 4
2008 4
2009 4
2009 4
2009 3
2009 3
2009 3
2009 3
2009 4
2009 4
2009 3
2009 4
2009 3
2009 4
2009 6
2009 4
2009 3
2009 4
2009 3
2009 3
2009 3
2009 4
2009 3
2009 3
2009 4
2009 3
2009 3
2009 3
2009 3
2009 3
2009 4
2009 4
2009 4
2009 3
2009 8
2009 6
2009 4
2009 3
2009 4
2009 4
2009 3
2009 4
2009 4
2009 3
2009 3
2009 3
2009 4
2009 3
2009 3
2009 4
2009 4
2009 3
2009 4
2009 4
2009 4
2009 4
2009 4
2009 3
2009 3
2009 10
2009 25
2009 56
2009 66
2009 62
2009 52
2009 71
2009 73
2009 84
2009 90
2009 87
2009 NA
2009 79
2009 78
2009 77
2009 91
2009 102
2009 97
2009 94
2009 92
2009 87
2009 89
2009 89
2009 88
2009 95
2009 97
2009 102
2009 105
2009 98
2009 99
2009 97
2009 116
2009 123
2009 158
2009 175
2009 176
2009 171
2009 166
2009 171
2009 166
2009 161
2009 156
2009 155
2009 194
2009 212
2009 207
2009 219
2009 236
2009 234
2009 227
2009 237
2009 226
2009 217
2009 210
2009 204
2009 200
2009 197
2009 193
2009 190
2009 211
2009 206
2009 204
2009 206
2009 203
2009 200
2009 205
2009 202
2009 198
2009 196
2009 194
2009 218
2009 211
2009 206
2009 202
2009 198
2009 197
2009 194
2009 192
2009 192
2009 190
2009 187
2009 187
2009 192
2009 192
2009 208
2009 211
2009 208
2009 219
2009 215
2009 211
2009 210
2009 208
2009 206
2009 204
2009 202
2009 203
2009 212
2009 234
2009 233
2009 228
2009 236
2009 274
2009 306
2009 297
2009 288
2009 286
2009 280
2009 277
2009 273
2009 270
2009 268
2009 267
2009 269
2009 263
2009 260
2009 259
2009 257
2009 256
2009 254
2009 252
2009 251
2009 249
2009 248
2009 246
2009 244
2009 244
2009 250
2009 273
2009 298
2009 286
2009 277
2009 272
2009 271
2009 272
2009 278
2009 273
2009 269
2009 266
2009 261
2009 258
2009 258
2009 256
2009 255
2009 253
2009 253
2009 251
2009 249
2009 248
2009 247
2009 253
2009 250
2009 279
2009 290
2009 282
2009 276
2009 274
2009 268
2009 268
2009 268
2009 264
2009 262
2009 262
2009 260
2009 258
2009 255
2009 252
2009 252
2009 250
2009 247
2009 246
2009 269
2009 266
2009 264
2009 262
2009 260
2009 256
2009 252
2009 250
2009 260
2009 261
2009 266
2009 301
2009 325
2009 332
2009 322
2009 313
2009 307
2009 298
2009 292
2009 288
2009 285
2009 278
2009 273
2009 270
2009 265
2009 260
2009 258
2009 253
2009 251
2009 250
2009 246
2009 242
2009 238
2009 231
2009 224
2009 217
2009 206
2009 199
2009 189
2009 178
2009 170
2009 161
2009 158
2009 153
2009 150
2009 146
2009 144
2009 136
2009 128
2009 125
2009 120
2009 127
2009 126
2009 125
2009 124
2009 119
2009 111
2009 104
2009 97
2009 90
2009 78
2009 65
2009 59
2009 49
2009 45
2009 36
2009 30
2009 29
2009 27
2009 16
2009 5
2009 3
2009 3
2009 3
2009 3
2009 3
2009 3
2009 4
2009 3
2009 3
2009 4
2009 4
2009 4
2009 3
2009 3
2009 3
2009 3
2009 4
2009 4
2009 4
2009 4
2009 4
2009 4
2009 3
2009 4
2009 4
2009 4
2009 3
2009 4
2009 4
2009 3
2009 4
2009 4
2009 3
2009 3
2009 3
2009 3
2009 3
2009 3
2009 3
2009 3
2009 3
2009 3
2009 3
2009 3
2009 3
2009 3
2009 3
2009 3
2009 3
2009 3
2009 3
2009 3
2009 3
2009 3
2009 3
2009 3
2009 3
2009 3
2009 4
2009 3
2009 4
2009 4
2009 4
2009 4
2009 3
2009 3
2009 3
2010 4
2010 4
2010 NA
2010 3
2010 3
2010 3
2010 3
2010 3
2010 3
2010 3
2010 3
2010 4
2010 3
2010 3
2010 3
2010 4
2010 3
2010 3
2010 4
2010 4
2010 3
2010 4
2010 4
2010 3
2010 4
2010 4
2010 3
2010 3
2010 3
2010 3
2010 3
2010 3
2010 3
2010 4
2010 3
2010 4
2010 3
2010 3
2010 3
2010 3
2010 3
2010 3
2010 3
2010 3
2010 3
2010 4
2010 3
2010 4
2010 4
2010 4
2010 4
2010 15
2010 14
2010 12
2010 7
2010 7
2010 6
2010 4
2010 3
2010 3
2010 3
2010 3
2010 27
2010 20
2010 24
2010 22
2010 22
2010 21
2010 33
2010 31
2010 30
2010 28
2010 27
2010 27
2010 28
2010 28
2010 26
2010 26
2010 24
2010 23
2010 25
2010 23
2010 25
2010 24
2010 26
2010 26
2010 28
2010 27
2010 27
2010 49
2010 115
2010 116
2010 109
2010 103
2010 111
2010 105
2010 103
2010 101
2010 111
2010 104
2010 101
2010 98
2010 95
2010 101
2010 98
2010 96
2010 95
2010 NA
2010 90
2010 89
2010 87
2010 95
2010 94
2010 115
2010 138
2010 152
2010 139
2010 136
2010 134
2010 133
2010 135
2010 137
2010 135
2010 132
2010 128
2010 127
2010 126
2010 125
2010 128
2010 147
2010 149
2010 155
2010 151
2010 149
2010 149
2010 147
2010 147
2010 145
2010 143
2010 141
2010 140
2010 139
2010 138
2010 136
2010 134
2010 135
2010 134
2010 135
2010 134
2010 132
2010 132
2010 131
2010 131
2010 130
2010 129
2010 130
2010 130
2010 141
2010 140
2010 136
2010 136
2010 135
2010 138
2010 140
2010 141
2010 139
2010 138
2010 146
2010 144
2010 149
2010 151
2010 162
2010 158
2010 156
2010 156
2010 159
2010 156
2010 NA
2010 167
2010 165
2010 164
2010 163
2010 162
2010 160
2010 162
2010 162
2010 161
2010 160
2010 159
2010 158
2010 159
2010 159
2010 161
2010 159
2010 158
2010 158
2010 156
2010 156
2010 156
2010 155
2010 156
2010 154
2010 153
2010 151
2010 151
2010 153
2010 182
2010 179
2010 176
2010 177
2010 212
2010 211
2010 230
2010 221
2010 224
2010 265
2010 249
2010 237
2010 230
2010 225
2010 220
2010 215
2010 212
2010 226
2010 224
2010 219
2010 216
2010 216
2010 213
2010 214
2010 211
2010 208
2010 203
2010 200
2010 197
2010 192
2010 188
2010 185
2010 182
2010 179
2010 175
2010 172
2010 172
2010 198
2010 208
2010 220
2010 229
2010 225
2010 222
2010 219
2010 221
2010 225
2010 236
2010 238
2010 250
2010 253
2010 249
2010 244
2010 241
2010 239
2010 236
2010 231
2010 227
2010 221
2010 215
2010 210
2010 204
2010 198
2010 196
2010 193
2010 191
2010 186
2010 185
2010 182
2010 180
2010 173
2010 165
2010 159
2010 153
2010 144
2010 135
2010 125
2010 115
2010 100
2010 88
2010 79
2010 67
2010 68
2010 67
2010 71
2010 64
2010 58
2010 49
2010 43
2010 37
2010 32
2010 28
2010 25
2010 21
2010 18
2010 15
2010 10
2010 5
2010 4
2010 3
2010 4
2010 3
2010 3
2010 3
2010 3
2010 4
2010 3
2010 4
2010 4
2010 4
2010 4
2010 4
2010 4
2010 4
2010 3
2010 3
2010 4
2010 4
2010 4
2010 4
2010 3
2010 3
2010 3
2010 3
2010 3
2010 3
2010 3
2010 3
2010 3
2010 4
2010 4
2010 3
2010 3
2010 3
2010 3
2010 3
2010 4
2010 3
2010 4
2010 4
2010 4
2010 3
2010 4
2010 4
2010 3
2010 5
2010 3
2010 5
2010 4
2010 5
2010 5
2010 4
2010 5
2010 5
2010 5
2010 5
2010 4
2010 4
2010 4
2010 5
2011 4
2011 4
2011 5
2011 4
2011 NA
2011 5
2011 4
2011 5
2011 4
2011 4
2011 4
2011 4
2011 4
2011 4
2011 4
2011 5
2011 5
2011 4
2011 4
2011 5
2011 4
2011 4
2011 4
2011 3
2011 9
2011 4
2011 11
2011 5
2011 4
2011 4
2011 4
2011 4
2011 4
2011 4
2011 4
2011 4
2011 5
2011 4
2011 4
2011 4
2011 5
2011 4
2011 4
2011 5
2011 4
2011 4
2011 4
2011 4
2011 5
2011 4
2011 5
2011 5
2011 4
2011 7
2011 18
2011 17
2011 16
2011 15
2011 14
2011 14
2011 38
2011 51
2011 46
2011 44
2011 41
2011 38
2011 39
2011 44
2011 72
2011 74
2011 71
2011 70
2011 63
2011 60
2011 58
2011 72
2011 97
2011 90
2011 91
2011 96
2011 95
2011 119
2011 139
2011 128
2011 121
2011 116
2011 117
2011 112
2011 134
2011 130
2011 125
2011 143
2011 137
2011 131
2011 126
2011 127
2011 122
2011 121
2011 121
2011 118
2011 117
2011 116
2011 115
2011 114
2011 113
2011 112
2011 112
2011 112
2011 110
2011 112
2011 111
2011 113
2011 130
2011 150
2011 156
2011 157
2011 158
2011 153
2011 149
2011 144
2011 142
2011 141
2011 141
2011 140
2011 137
2011 136
2011 137
2011 137
2011 139
2011 141
2011 153
2011 159
2011 162
2011 159
2011 152
2011 150
2011 149
2011 148
2011 148
2011 146
2011 146
2011 146
2011 145
2011 144
2011 144
2011 144
2011 144
2011 143
2011 143
2011 142
2011 145
2011 145
2011 142
2011 143
2011 143
2011 142
2011 141
2011 140
2011 137
2011 138
2011 138
2011 138
2011 138
2011 138
2011 137
2011 138
2011 137
2011 148
2011 168
2011 171
2011 169
2011 166
2011 169
2011 167
2011 165
2011 162
2011 162
2011 160
2011 159
2011 159
2011 157
2011 157
2011 157
2011 158
2011 160
2011 157
2011 156
2011 156
2011 156
2011 157
2011 155
2011 156
2011 155
2011 166
2011 168
2011 167
2011 167
2011 167
2011 182
2011 178
2011 176
2011 175
2011 174
2011 171
2011 168
2011 167
2011 166
2011 167
2011 168
2011 167
2011 166
2011 167
2011 163
2011 161
2011 159
2011 158
2011 NA
2011 150
2011 144
2011 139
2011 134
2011 130
2011 125
2011 124
2011 124
2011 124
2011 124
2011 122
2011 121
2011 119
2011 118
2011 116
2011 111
2011 107
2011 108
2011 105
2011 102
2011 97
2011 95
2011 98
2011 98
2011 97
2011 95
2011 95
2011 93
2011 92
2011 88
2011 84
2011 80
2011 75
2011 69
2011 64
2011 57
2011 54
2011 45
2011 49
2011 49
2011 48
2011 44
2011 41
2011 36
2011 34
2011 31
2011 27
2011 17
2011 8
2011 4
2011 4
2011 4
2011 5
2011 5
2011 5
2011 5
2011 5
2011 4
2011 5
2011 5
2011 5
2011 5
2011 5
2011 5
2011 5
2011 5
2011 5
2011 4
2011 4
2011 4
2011 5
2011 5
2011 5
2011 4
2011 5
2011 5
2011 5
2011 5
2011 5
2011 5
2011 4
2011 4
2011 5
2011 5
2011 5
2011 5
2011 5
2011 5
2011 4
2011 4
2011 5
2011 5
2011 5
2011 5
2011 5
2011 5
2011 5
2011 5
2011 5
2011 5
2011 5
2011 5
2011 4
2011 5
2011 4
2011 4
2011 5
2011 5
2011 5
2011 5
2011 5
2011 5
2011 5
2011 5
2011 5
2011 5
2011 5
2011 5
2011 5
2011 5
2011 5
2011 5
2011 5
2011 5
2011 5
2011 6
2011 8
2011 6
2011 5
2011 5
2011 5
2011 5
2011 5
2011 5
2011 5
2011 5
2011 5
2011 5
2011 5
2011 5
2011 5
2011 5
2011 5
2011 6
2011 7
2011 5
2011 5
2011 5
2012 5
2012 5
2012 5
2012 5
2012 5
2012 5
2012 6
2012 5
2012 5
2012 5
2012 5
2012 5
2012 5
2012 5
2012 5
2012 5
2012 5
2012 5
2012 5
2012 7
2012 5
2012 5
2012 5
2012 5
2012 5
2012 5
2012 5
2012 5
2012 5
2012 5
2012 5
2012 5
2012 5
2012 7
2012 6
2012 5
2012 5
2012 8
2012 16
2012 4
2012 6
2012 6
2012 4
2012 6
2012 7
2012 6
2012 7
2012 6
2012 5
2012 7
2012 7
2012 6
2012 5
2012 5
2012 26
2012 26
2012 24
2012 24
2012 21
2012 18
2012 18
2012 18
2012 19
2012 19
2012 19
2012 23
2012 22
2012 27
2012 40
2012 39
2012 38
2012 38
2012 36
2012 34
2012 35
2012 35
2012 35
2012 35
2012 34
2012 35
2012 36
2012 36
2012 35
2012 35
2012 35
2012 36
2012 36
2012 36
2012 35
2012 35
2012 35
2012 35
2012 36
2012 38
2012 38
2012 43
2012 43
2012 59
2012 47
2012 47
2012 46
2012 45
2012 52
2012 50
2012 54
2012 54
2012 65
2012 72
2012 69
2012 68
2012 75
2012 68
2012 72
2012 68
2012 61
2012 59
2012 59
2012 57
2012 57
2012 58
2012 69
2012 85
2012 NA
2012 90
2012 68
2012 78
2012 98
2012 103
2012 97
2012 98
2012 92
2012 89
2012 88
2012 87
2012 76
2012 70
2012 70
2012 70
2012 70
2012 69
2012 69
2012 80
2012 93
2012 86
2012 NA
2012 84
2012 83
2012 NA
2012 82
2012 100
2012 109
2012 106
2012 116
2012 113
2012 111
2012 109
2012 106
2012 104
2012 101
2012 100
2012 99
2012 96
2012 93
2012 92
2012 91
2012 67
2012 NA
2012 NA
2012 84
2012 89
2012 80
2012 89
2012 87
2012 88
2012 88
2012 88
2012 88
2012 87
2012 86
2012 86
2012 86
2012 83
2012 82
2012 79
2012 75
2012 85
2012 115
2012 108
2012 106
2012 103
2012 100
2012 100
2012 99
2012 97
2012 94
2012 93
2012 90
2012 89
2012 93
2012 108
2012 146
2012 138
2012 129
2012 124
2012 119
2012 118
2012 117
2012 115
2012 114
2012 110
2012 108
2012 106
2012 105
2012 103
2012 100
2012 103
2012 117
2012 124
2012 122
2012 120
2012 119
2012 118
2012 118
2012 144
2012 140
2012 152
2012 152
2012 153
2012 154
2012 151
2012 180
2012 179
2012 181
2012 175
2012 176
2012 179
2012 212
2012 206
2012 202
2012 190
2012 175
2012 164
2012 169
2012 173
2012 174
2012 169
2012 165
2012 181
2012 201
2012 195
2012 192
2012 183
2012 175
2012 168
2012 162
2012 160
2012 157
2012 154
2012 152
2012 150
2012 148
2012 147
2012 148
2012 157
2012 150
2012 141
2012 132
2012 124
2012 117
2012 114
2012 109
2012 105
2012 97
2012 91
2012 75
2012 66
2012 55
2012 54
2012 46
2012 44
2012 35
2012 21
2012 13
2012 15
2012 13
2012 9
2012 4
2012 5
2012 5
2012 5
2012 5
2012 5
2012 5
2012 5
2012 5
2012 5
2012 5
2012 5
2012 5
2012 5
2012 5
2012 5
2012 5
2012 5
2012 5
2012 5
2012 5
2012 5
2012 5
2012 5
2012 5
2012 5
2012 5
2012 5
2012 5
2012 5
2012 5
2012 5
2012 5
2012 6
2012 5
2012 6
2012 7
2012 5
2012 7
2012 8
2012 7
2012 6
2012 6
2012 6
2012 6
2012 6
2012 7
2012 6
2012 6
2012 7
2012 6
2012 6
2012 7
2012 5
2012 7
2012 7
2012 7
2012 6
2012 7
2012 7
2012 8
2012 6
2012 7
2012 7
2012 7
2012 7
2012 7
2012 8
2012 6
2012 7
2012 7
2012 7
2012 6
2012 5
2012 7
2012 7
2012 6
2012 5
2012 5
2012 6
2013 5
2013 5
2013 5
2013 5
2013 5
2013 5
2013 5
2013 5
2013 5
2013 5
2013 5
2013 6
2013 5
2013 5
2013 5
2013 5
2013 5
2013 6
2013 6
2013 7
2013 6
2013 7
2013 5
2013 6
2013 3
2013 3
2013 5
2013 5
2013 5
2013 5
2013 5
2013 6
2013 5
2013 5
2013 5
2013 5
2013 6
2013 5
2013 5
2013 5
2013 5
2013 6
2013 8
2013 10
2013 51
2013 42
2013 38
2013 28
2013 24
2013 22
2013 20
2013 16
2013 13
2013 13
2013 10
2013 14
2013 25
2013 34
2013 29
2013 28
2013 28
2013 40
2013 40
2013 41
2013 40
2013 47
2013 46
2013 45
2013 45
2013 45
2013 66
2013 91
2013 83
2013 82
2013 55
2013 69
2013 76
2013 76
2013 75
2013 76
2013 75
2013 74
2013 77
2013 76
2013 77
2013 77
2013 78
2013 104
2013 121
2013 129
2013 121
2013 120
2013 117
2013 115
2013 116
2013 114
2013 113
2013 113
2013 107
2013 106
2013 107
2013 104
2013 102
2013 103
2013 107
2013 108
2013 107
2013 107
2013 109
2013 107
2013 108
2013 109
2013 109
2013 126
2013 121
2013 122
2013 123
2013 125
2013 124
2013 122
2013 120
2013 119
2013 118
2013 117
2013 117
2013 115
2013 110
2013 107
2013 98
2013 98
2013 96
2013 97
2013 96
2013 95
2013 95
2013 95
2013 99
2013 108
2013 102
2013 100
2013 102
2013 117
2013 131
2013 129
2013 127
2013 126
2013 123
2013 123
2013 122
2013 121
2013 120
2013 120
2013 119
2013 118
2013 118
2013 117
2013 116
2013 116
2013 115
2013 115
2013 115
2013 115
2013 114
2013 119
2013 120
2013 118
2013 118
2013 118
2013 117
2013 123
2013 121
2013 121
2013 119
2013 133
2013 134
2013 133
2013 138
2013 145
2013 139
2013 135
2013 134
2013 132
2013 131
2013 131
2013 131
2013 130
2013 135
2013 141
2013 143
2013 142
2013 139
2013 142
2013 145
2013 147
2013 144
2013 142
2013 142
2013 146
2013 178
2013 170
2013 172
2013 166
2013 161
2013 160
2013 164
2013 166
2013 164
2013 163
2013 164
2013 166
2013 172
2013 169
2013 167
2013 166
2013 165
2013 164
2013 167
2013 166
2013 163
2013 168
2013 171
2013 170
2013 169
2013 172
2013 170
2013 166
2013 161
2013 158
2013 154
2013 148
2013 157
2013 207
2013 195
2013 184
2013 178
2013 170
2013 165
2013 162
2013 191
2013 178
2013 191
2013 175
2013 170
2013 167
2013 169
2013 166
2013 162
2013 159
2013 159
2013 154
2013 150
2013 148
2013 144
2013 141
2013 137
2013 135
2013 150
2013 169
2013 183
2013 185
2013 213
2013 215
2013 232
2013 222
2013 212
2013 209
2013 207
2013 204
2013 202
2013 198
2013 231
2013 222
2013 215
2013 208
2013 201
2013 194
2013 189
2013 184
2013 177
2013 170
2013 165
2013 164
2013 162
2013 155
2013 150
2013 144
2013 136
2013 127
2013 119
2013 106
2013 92
2013 75
2013 58
2013 45
2013 37
2013 40
2013 35
2013 28
2013 22
2013 16
2013 11
2013 8
2013 7
2013 7
2013 6
2013 7
2013 7
2013 7
2013 7
2013 7
2013 7
2013 6
2013 7
2013 7
2013 7
2013 7
2013 7
2013 7
2013 7
2013 6
2013 7
2013 7
2013 6
2013 7
2013 5
2013 6
2013 6
2013 6
2013 6
2013 6
2013 6
2013 6
2013 6
2013 7
2013 6
2013 6
2013 5
2013 6
2013 6
2013 6
2013 5
2013 5
2013 5
2013 5
2013 5
2013 6
2013 6
2013 5
2013 6
2013 6
2013 7
2013 6
2013 6
2013 5
2013 5
2013 6
2013 5
2013 5
2013 6
2013 7
2013 7
2013 6
2013 6
2013 5
2013 6
2014 6
2014 5
2014 6
2014 6
2014 6
2014 6
2014 6
2014 7
2014 6
2014 8
2014 7
2014 7
2014 7
2014 6
2014 8
2014 8
2014 9
2014 6
2014 8
2014 6
2014 6
2014 6
2014 5
2014 6
2014 5
2014 5
2014 5
2014 5
2014 9
2014 7
2014 8
2014 6
2014 9
2014 6
2014 9
2014 22
2014 8
2014 6
2014 7
2014 17
2014 25
2014 46
2014 47
2014 44
2014 42
2014 39
2014 35
2014 33
2014 31
2014 25
2014 24
2014 11
2014 4
2014 12
2014 13
2014 5
2014 4
2014 4
2014 5
2014 23
2014 11
2014 5
2014 9
2014 24
2014 10
2014 23
2014 13
2014 12
2014 12
2014 21
2014 22
2014 22
2014 21
2014 20
2014 28
2014 35
2014 32
2014 32
2014 35
2014 50
2014 56
2014 64
2014 71
2014 65
2014 61
2014 58
2014 55
2014 53
2014 53
2014 52
2014 51
2014 51
2014 50
2014 50
2014 50
2014 50
2014 38
2014 36
2014 36
2014 36
2014 35
2014 35
2014 33
2014 34
2014 34
2014 34
2014 33
2014 34
2014 34
2014 37
2014 57
2014 55
2014 57
2014 56
2014 56
2014 97
2014 149
2014 138
2014 140
2014 154
2014 145
2014 140
2014 137
2014 140
2014 136
2014 142
2014 162
2014 156
2014 151
2014 148
2014 145
2014 146
2014 145
2014 141
2014 141
2014 185
2014 177
2014 173
2014 191
2014 192
2014 200
2014 218
2014 218
2014 205
2014 201
2014 197
2014 193
2014 192
2014 193
2014 189
2014 188
2014 205
2014 222
2014 226
2014 244
2014 247
2014 253
2014 271
2014 266
2014 277
2014 271
2014 267
2014 286
2014 279
2014 273
2014 276
2014 270
2014 269
2014 269
2014 278
2014 274
2014 293
2014 285
2014 287
2014 276
2014 272
2014 270
2014 269
2014 281
2014 285
2014 288
2014 307
2014 299
2014 302
2014 299
2014 294
2014 290
2014 288
2014 280
2014 276
2014 275
2014 272
2014 271
2014 269
2014 264
2014 262
2014 260
2014 257
2014 253
2014 251
2014 249
2014 248
2014 266
2014 300
2014 288
2014 282
2014 290
2014 285
2014 276
2014 272
2014 270
2014 265
2014 261
2014 259
2014 258
2014 255
2014 252
2014 247
2014 244
2014 242
2014 241
2014 238
2014 233
2014 230
2014 228
2014 224
2014 222
2014 221
2014 220
2014 219
2014 227
2014 224
2014 242
2014 236
2014 233
2014 229
2014 226
2014 221
2014 242
2014 238
2014 232
2014 236
2014 232
2014 235
2014 230
2014 227
2014 224
2014 222
2014 221
2014 217
2014 214
2014 209
2014 205
2014 207
2014 205
2014 204
2014 204
2014 204
2014 200
2014 197
2014 194
2014 192
2014 186
2014 174
2014 169
2014 165
2014 162
2014 161
2014 158
2014 156
2014 151
2014 148
2014 144
2014 140
2014 136
2014 132
2014 133
2014 127
2014 120
2014 112
2014 108
2014 97
2014 87
2014 82
2014 75
2014 33
2014 62
2014 60
2014 54
2014 52
2014 51
2014 45
2014 39
2014 26
2014 24
2014 23
2014 24
2014 24
2014 24
2014 23
2014 15
2014 155
2014 25
2014 24
2014 24
2014 24
2014 21
2014 24
2014 19
2014 24
2014 24
2014 25
2014 24
2014 24
2014 24
2014 24
2014 24
2014 24
2014 23
2014 23
2014 16
2014 16
2014 7
2014 20
2014 24
2014 24
2014 24
2014 24
2014 24
2014 24
2014 23
2014 24
2014 23
2014 24
2014 24
2014 24
2014 24
2014 21
2014 24
2014 23
2014 24
2014 21
2014 24
2014 21
2014 24
2014 24
2014 22
2014 25
2014 24
2014 24
2014 24
2014 24
2014 24
2014 25
2014 24
2014 24
2014 24
2014 24
2014 24
2014 24
2014 24
2014 0
2014 0
2014 0
2014 0
2015 0
2015 0
2015 0
2015 0
2015 0
2015 0
2015 0
2015 0
2015 0
2015 0
2015 0
2015 0
2015 0
2015 0
2015 0
2015 0
2015 0
2015 0
2015 0
2015 0
2015 0
2015 0
2015 0
2015 0
2015 0
2015 0
2015 0
2015 0
2015 0
2015 0
2015 0
2015 0
2015 0
2015 0
2015 0
2015 0
2015 0
2015 148
2015 0
2015 147
2015 0
2015 0
2015 171
2015 167
2015 144
2015 0
2015 0
2015 0
2015 0
2015 0
2015 0
2015 0
2015 0
2015 0
2015 0
2015 0
2015 0
2015 0
2015 0
2015 0
2015 0
2015 0
2015 0
2015 1
2015 11
2015 87
2015 103
2015 97
2015 89
2015 175
2015 123
2015 127
2015 138
2015 133
2015 128
2015 159
2015 168
2015 188
2015 185
2015 176
2015 169
2015 162
2015 159
2015 157
2015 154
2015 151
2015 149
2015 147
2015 151
2015 150
2015 146
2015 155
2015 154
2015 160
2015 157
2015 155
2015 157
2015 156
2015 154
2015 154
2015 153
2015 152
2015 151
2015 150
2015 149
2015 152
2015 167
2015 164
2015 162
2015 159
2015 159
2015 157
2015 157
2015 154
2015 154
2015 153
2015 153
2015 153
2015 152
2015 150
2015 150
2015 149
2015 149
2015 148
2015 147
2015 146
2015 145
2015 145
2015 144
2015 145
2015 144
2015 142
2015 141
2015 138
2015 139
2015 137
2015 139
2015 162
2015 212
2015 206
2015 202
2015 216
2015 221
2015 226
2015 219
2015 214
2015 206
2015 202
2015 198
2015 196
2015 201
2015 205
2015 203
2015 200
2015 196
2015 195
2015 194
2015 198
2015 195
2015 193
2015 189
2015 180
2015 179
2015 178
2015 177
2015 177
2015 190
2015 217
2015 213
2015 211
2015 208
2015 206
2015 205
2015 221
2015 234
2015 229
2015 225
2015 222
2015 220
2015 221
2015 217
2015 218
2015 225
2015 220
2015 218
2015 207
2015 187
2015 182
2015 180
2015 177
2015 175
2015 175
2015 172
2015 173
2015 174
2015 175
2015 183
2015 187
2015 183
2015 181
2015 179
2015 182
2015 188
2015 185
2015 191
2015 192
2015 190
2015 189
2015 188
2015 186
2015 200
2015 190
2015 189
2015 188
2015 187
2015 187
2015 188
2015 186
2015 185
2015 184
2015 181
2015 179
2015 178
2015 173
2015 169
2015 168
2015 163
2015 162
2015 162
2015 159
2015 158
2015 157
2015 153
2015 148
2015 146
2015 142
2015 146
2015 148
2015 155
2015 153
2015 151
2015 156
2015 163
2015 160
2015 155
2015 152
2015 147
2015 137
2015 133
2015 130
2015 129
2015 126
2015 120
2015 117
2015 110
2015 101
2015 107
2015 98
2015 94
2015 87
2015 88
2015 87
2015 91
2015 88
2015 87
2015 86
2015 83
2015 81
2015 78
2015 72
2015 66
2015 60
2015 59
2015 52
2015 45
2015 38
2015 29
2015 21
2015 16
2015 9
2015 4
2015 0
2015 0
2015 0
2015 0
2015 0
2015 0
2015 0
2015 0
2015 0
2015 0
2015 0
2015 0
2015 0
2015 0
2015 0
2015 0
2015 0
2015 0
2015 0
2015 0
2015 0
2015 0
2015 0
2015 0
2015 0
2015 0
2015 0
2015 0
2015 0
2015 0
2015 0
2015 0
2015 0
2015 0
2015 0
2015 0
2015 0
2015 0
2015 0
2015 0
2015 0
2015 0
2015 0
2015 0
2015 0
2015 0
2015 0
2015 0
2015 0
2015 0
2015 0
2015 0
2015 0
2015 0
2015 0
2015 0
2015 0
2015 0
2015 0
2015 0
2015 0
2015 0
2015 0
2015 0
2015 0
2015 0
2015 0
2015 0
2015 0
2015 0
2015 0
2015 0
2015 0
2015 0
2015 0
2015 0
2015 190
2015 0
2015 0
2015 0
2015 0
2015 0
2015 0
2015 0
2016 0
2016 0
2016 0
2016 0
2016 1
2016 1
2016 1
2016 0
2016 0
2016 0
2016 0
2016 0
2016 0
2016 0
2016 0
2016 0
2016 NA
2016 0
2016 0
2016 1
2016 0
2016 0
2016 2
2016 0
2016 1
2016 0
2016 1
2016 1
2016 1
2016 1
2016 2
2016 0
2016 0
2016 10
2016 1
2016 0
2016 0
2016 0
2016 0
2016 0
2016 0
2016 0
2016 0
2016 6
2016 24
2016 24
2016 20
2016 17
2016 15
2016 13
2016 12
2016 10
2016 7
2016 6
2016 3
2016 3
2016 3
2016 4
2016 7
2016 5
2016 4
2016 4
2016 4
2016 5
2016 3
2016 3
2016 2
2016 2
2016 0
2016 0
2016 0
2016 1
2016 1
2016 1
2016 2
2016 0
2016 1
2016 1
2016 2
2016 1
2016 0
2016 0
2016 1
2016 1
2016 2
2016 2
2016 1
2016 1
2016 2
2016 1
2016 2
2016 0
2016 2
2016 1
2016 1
2016 2
2016 2
2016 1
2016 2
2016 1
2016 2
2016 2
2016 1
2016 1
2016 2
2016 1
2016 0
2016 NA
2016 0
2016 0
2016 1
2016 1
2016 1
2016 1
2016 1
2016 0
2016 0
2016 0
2016 0
2016 2
2016 1
2016 1
2016 2
2016 0
2016 1
2016 3
2016 3
2016 3
2016 12
2016 10
2016 14
2016 11
2016 21
2016 23
2016 22
2016 19
2016 17
2016 14
2016 16
2016 15
2016 17
2016 17
2016 14
2016 16
2016 16
2016 16
2016 14
2016 15
2016 13
2016 14
2016 14
2016 14
2016 21
2016 19
2016 19
2016 19
2016 15
2016 14
2016 15
2016 51
2016 58
2016 55
2016 56
2016 53
2016 55
2016 54
2016 54
2016 51
2016 51
2016 53
2016 54
2016 53
2016 55
2016 50
2016 49
2016 56
2016 52
2016 52
2016 52
2016 60
2016 72
2016 70
2016 66
2016 65
2016 65
2016 64
2016 112
2016 111
2016 104
2016 101
2016 97
2016 94
2016 92
2016 90
2016 88
2016 87
2016 87
2016 99
2016 98
2016 92
2016 90
2016 89
2016 88
2016 87
2016 85
2016 86
2016 87
2016 84
2016 83
2016 85
2016 84
2016 86
2016 89
2016 87
2016 85
2016 84
2016 86
2016 88
2016 84
2016 79
2016 103
2016 97
2016 91
2016 89
2016 89
2016 100
2016 93
2016 93
2016 102
2016 119
2016 129
2016 127
2016 140
2016 118
2016 116
2016 118
2016 117
2016 117
2016 116
2016 116
2016 115
2016 113
2016 116
2016 127
2016 120
2016 116
2016 115
2016 114
2016 110
2016 110
2016 111
2016 112
2016 110
2016 109
2016 121
2016 118
2016 113
2016 111
2016 111
2016 109
2016 108
2016 137
2016 120
2016 112
2016 108
2016 130
2016 115
2016 110
2016 106
2016 100
2016 93
2016 88
2016 89
2016 84
2016 83
2016 81
2016 76
2016 76
2016 79
2016 81
2016 81
2016 87
2016 86
2016 84
2016 84
2016 74
2016 71
2016 NA
2016 67
2016 76
2016 NA
2016 65
2016 60
2016 57
2016 52
2016 49
2016 45
2016 39
2016 37
2016 32
2016 25
2016 17
2016 9
2016 2
2016 0
2016 0
2016 0
2016 0
2016 0
2016 0
2016 0
2016 0
2016 0
2016 0
2016 0
2016 0
2016 0
2016 0
2016 0
2016 0
2016 0
2016 0
2016 0
2016 0
2016 0
2016 0
2016 0
2016 0
2016 0
2016 0
2016 0
2016 0
2016 0
2016 0
2016 0
2016 0
2016 0
2016 0
2016 0
2016 0
2016 0
2016 0
2016 0
2016 0
2016 0
2016 0
2016 0
2016 0
2016 0
2016 0
2016 0
2016 0
2016 0
2016 0
2016 0
2016 0
2016 0
2016 0
2016 0
2016 0
2016 0
2016 0
2016 0
2016 0
2016 0
2016 0
2017 0
2017 0
2017 0
2017 0
2017 0
2017 0
2017 0
2017 0
2017 0
2017 0
2017 0
2017 0
2017 0
2017 0
2017 0
2017 0
2017 0
2017 0
2017 0
2017 0
2017 0
2017 0
2017 0
2017 0
2017 0
2017 0
2017 0
2017 0
2017 0
2017 0
2017 0
2017 0
2017 0
2017 0
2017 0
2017 0
2017 0
2017 0
2017 0
2017 0
2017 0
2017 0
2017 1
2017 5
2017 0
2017 0
2017 0
2017 0
2017 0
2017 0
2017 0
2017 0
2017 0
2017 0
2017 0
2017 0
2017 0
2017 0
2017 0
2017 0
2017 0
2017 0
2017 0
2017 0
2017 0
2017 6
2017 20
2017 18
2017 18
2017 17
2017 22
2017 22
2017 18
2017 17
2017 17
2017 17
2017 15
2017 15
2017 19
2017 30
2017 26
2017 35
2017 56
2017 61
2017 59
2017 58
2017 62
2017 60
2017 58
2017 57
2017 56
2017 57
2017 56
2017 55
2017 55
2017 54
2017 54
2017 53
2017 54
2017 55
2017 53
2017 53
2017 53
2017 52
2017 52
2017 52
2017 50
2017 51
2017 52
2017 63
2017 61
2017 60
2017 59
2017 59
2017 58
2017 57
2017 58
2017 56
2017 55
2017 53
2017 52
2017 52
2017 53
2017 54
2017 54
2017 54
2017 54
2017 51
2017 52
2017 51
2017 51
2017 52
2017 51
2017 51
2017 51
2017 51
2017 51
2017 51
2017 51
2017 50
2017 50
2017 50
2017 50
2017 50
2017 50
2017 49
2017 50
2017 51
2017 51
2017 52
2017 50
2017 53
2017 60
2017 60
2017 62
2017 78
2017 79
2017 88
2017 85
2017 NA
2017 79
2017 77
2017 98
2017 96
2017 94
2017 89
2017 87
2017 86
2017 86
2017 86
2017 84
2017 84
2017 83
2017 81
2017 80
2017 NA
2017 80
2017 79
2017 79
2017 79
2017 86
2017 50
2017 83
2017 84
2017 98
2017 132
2017 138
2017 130
2017 125
2017 121
2017 119
2017 117
2017 116
2017 115
2017 113
2017 112
2017 109
2017 108
2017 104
2017 100
2017 98
2017 98
2017 117
2017 139
2017 136
2017 134
2017 130
2017 126
2017 123
2017 119
2017 115
2017 112
2017 111
2017 111
2017 109
2017 107
2017 106
2017 107
2017 105
2017 100
2017 97
2017 95
2017 93
2017 90
2017 89
2017 84
2017 82
2017 81
2017 80
2017 80
2017 80
2017 79
2017 79
2017 77
2017 NA
2017 72
2017 83
2017 124
2017 146
2017 156
2017 144
2017 142
2017 165
2017 157
2017 164
2017 164
2017 154
2017 154
2017 149
2017 144
2017 139
2017 135
2017 140
2017 144
2017 137
2017 132
2017 126
2017 120
2017 114
2017 108
2017 109
2017 105
2017 102
2017 98
2017 91
2017 82
2017 74
2017 68
2017 57
2017 52
2017 43
2017 36
2017 24
2017 18
2017 10
2017 0
2017 0
2017 0
2017 0
2017 0
2017 0
2017 0
2017 0
2017 0
2017 0
2017 0
2017 0
2017 0
2017 0
2017 0
2017 0
2017 0
2017 0
2017 0
2017 0
2017 0
2017 0
2017 0
2017 0
2017 0
2017 0
2017 0
2017 0
2017 0
2017 0
2017 0
2017 0
2017 0
2017 0
2017 0
2017 0
2017 0
2017 0
2017 0
2017 0
2017 0
2017 0
2017 0
2017 0
2017 0
2017 0
2017 0
2017 0
2017 0
2017 0
2017 0
2017 0
2017 0
2017 0
2017 0
2017 0
2017 0
2017 0
2017 0
2017 0
2017 0
2017 0
2017 0
2017 0
2017 0
2017 0
2017 0
2017 0
2017 0
2017 1
2017 0
2017 0
2017 0
2017 0
2017 0
2017 0
2017 0
2017 0
2017 0
2017 0
2017 0
2017 0
2017 0
2017 0
2017 0
2017 0
2017 0
2017 0
2017 0
2017 0
2018 0
2018 0
2018 0
2018 0
2018 0
2018 0
2018 0
2018 0
2018 0
2018 13
2018 0
2018 0
2018 0
2018 0
2018 0
2018 4
2018 0
2018 0
2018 0
2018 0
2018 0
2018 0
2018 0
2018 0
2018 0
2018 0
2018 0
2018 0
2018 0
2018 0
2018 0
2018 0
2018 0
2018 0
2018 0
2018 0
2018 9
2018 0
2018 0
2018 0
2018 0
2018 0
2018 0
2018 0
2018 0
2018 0
2018 0
2018 0
2018 0
2018 0
2018 0
2018 0
2018 0
2018 0
2018 0
2018 0
2018 0
2018 0
2018 0
2018 0
2018 0
2018 0
2018 0
2018 0
2018 0
2018 33
2018 39
2018 33
2018 47
2018 45
2018 43
2018 39
2018 42
2018 34
2018 33
2018 31
2018 32
2018 32
2018 31
2018 31
2018 30
2018 30
2018 29
2018 29
2018 30
2018 35
2018 30
2018 29
2018 29
2018 38
2018 35
2018 33
2018 34
2018 34
2018 33
2018 33
2018 32
2018 32
2018 36
2018 33
2018 36
2018 63
2018 87
2018 85
2018 NA
2018 NA
2018 81
2018 80
2018 81
2018 79
2018 76
2018 41
2018 74
2018 NA
2018 73
2018 70
2018 73
2018 105
2018 96
2018 89
2018 99
2018 97
2018 96
2018 95
2018 100
2018 133
2018 123
2018 125
2018 125
2018 125
2018 150
2018 149
2018 145
2018 141
2018 137
2018 135
2018 135
2018 142
2018 160
2018 161
2018 155
2018 156
2018 180
2018 190
2018 178
2018 173
2018 171
2018 175
2018 177
2018 173
2018 169
2018 167
2018 167
2018 175
2018 174
2018 170
2018 169
2018 175
2018 176
2018 177
2018 173
2018 174
2018 172
2018 168
2018 167
2018 165
2018 164
2018 174
2018 170
2018 170
2018 168
2018 167
2018 166
2018 164
2018 164
2018 163
2018 162
2018 163
2018 162
2018 160
2018 161
2018 163
2018 169
2018 166
2018 166
2018 166
2018 165
2018 180
2018 174
2018 173
2018 174
2018 192
2018 194
2018 192
2018 189
2018 199
2018 204
2018 219
2018 230
2018 221
2018 216
2018 211
2018 209
2018 205
2018 204
2018 203
2018 202
2018 200
2018 199
2018 206
2018 223
2018 239
2018 229
2018 226
2018 227
2018 230
2018 228
2018 226
2018 224
2018 221
2018 218
2018 230
2018 227
2018 252
2018 259
2018 250
2018 244
2018 239
2018 233
2018 228
2018 221
2018 215
2018 211
2018 206
2018 203
2018 198
2018 193
2018 186
2018 184
2018 179
2018 175
2018 179
2018 180
2018 184
2018 177
2018 170
2018 165
2018 157
2018 153
2018 149
2018 144
2018 144
2018 138
2018 135
2018 133
2018 142
2018 137
2018 138
2018 135
2018 132
2018 133
2018 139
2018 133
2018 132
2018 126
2018 123
2018 116
2018 109
2018 102
2018 96
2018 88
2018 80
2018 73
2018 34
2018 62
2018 55
2018 50
2018 42
2018 37
2018 31
2018 24
2018 18
2018 5
2018 0
2018 0
2018 0
2018 0
2018 0
2018 0
2018 0
2018 0
2018 0
2018 0
2018 0
2018 0
2018 0
2018 0
2018 0
2018 0
2018 0
2018 0
2018 0
2018 0
2018 0
2018 0
2018 0
2018 0
2018 2
2018 1
2018 2
2018 0
2018 0
2018 0
2018 0
2018 1
2018 0
2018 1
2018 0
2018 0
2018 1
2018 0
2018 0
2018 0
2018 0
2018 0
2018 0
2018 0
2018 0
2018 0
2018 0
2018 1
2018 0
2018 0
2018 0
2018 0
2018 0
2018 0
2018 0
2018 0
2018 0
2018 0
2018 0
2018 1
2018 0
2018 0
2018 0
2018 1
2018 0
2018 0
2018 0
2018 0
2018 0
2018 0
2018 0
2018 0
2018 0
2018 0
2018 0
2018 0
2018 1
2018 0
2018 0
2018 0
2018 0
2018 0
2019 0
2019 0
2019 1
2019 1
2019 1
2019 1
2019 2
2019 1
2019 0
2019 0
2019 0
2019 0
2019 1
2019 0
2019 0
2019 0
2019 0
2019 1
2019 0
2019 0
2019 0
2019 0
2019 0
2019 20
2019 0
2019 2
2019 18
2019 0
2019 1
2019 0
2019 1
2019 0
2019 0
2019 0
2019 1
2019 0
2019 0
2019 0
2019 0
2019 0
2019 0
2019 0
2019 0
2019 0
2019 171
2019 1
2019 0
2019 1
2019 1
2019 4
2019 1
2019 0
2019 0
2019 0
2019 4
2019 0
2019 180
2019 45
2019 141
2019 66
2019 190
2019 87
2019 91
2019 79
2019 197
2019 170
2019 69
2019 155
2019 75
2019 79
2019 82
2019 86
2019 84
2019 81
2019 80
2019 78
2019 78
2019 79
2019 77
2019 89
2019 98
2019 94
2019 92
2019 98
2019 121
2019 120
2019 117
2019 113
2019 111
2019 110
2019 109
2019 107
2019 112
2019 115
2019 113
2019 111
2019 111
2019 110
2019 109
2019 125
2019 120
2019 120
2019 117
2019 118
2019 118
2019 117
2019 121
2019 119
2019 117
2019 117
2019 120
2019 122
2019 120
2019 115
2019 127
2019 120
2019 119
2019 117
2019 117
2019 116
2019 114
2019 113
2019 113
2019 105
2019 104
2019 103
2019 103
2019 95
2019 97
2019 97
2019 96
2019 96
2019 95
2019 96
2019 102
2019 108
2019 108
2019 107
2019 105
2019 105
2019 103
2019 104
2019 103
2019 104
2019 103
2019 105
2019 103
2019 102
2019 105
2019 102
2019 102
2019 102
2019 102
2019 124
2019 137
2019 139
2019 133
2019 131
2019 130
2019 130
2019 129
2019 128
2019 129
2019 127
2019 125
2019 123
2019 123
2019 122
2019 121
2019 122
2019 122
2019 122
2019 121
2019 121
2019 123
2019 119
2019 119
2019 117
2019 117
2019 115
2019 115
2019 115
2019 115
2019 114
2019 116
2019 115
2019 116
2019 152
2019 150
2019 149
2019 146
2019 145
2019 146
2019 144
2019 156
2019 164
2019 156
2019 157
2019 162
2019 159
2019 159
2019 156
2019 155
2019 154
2019 152
2019 151
2019 151
2019 151
2019 150
2019 149
2019 148
2019 147
2019 147
2019 147
2019 177
2019 231
2019 226
2019 219
2019 222
2019 215
2019 214
2019 212
2019 208
2019 207
2019 206
2019 209
2019 204
2019 203
2019 201
2019 200
2019 198
2019 192
2019 189
2019 187
2019 186
2019 210
2019 214
2019 228
2019 NA
2019 NA
2019 NA
2019 NA
2019 221
2019 221
2019 215
2019 214
2019 213
2019 211
2019 211
2019 214
2019 213
2019 211
2019 217
2019 214
2019 211
2019 209
2019 208
2019 206
2019 208
2019 207
2019 210
2019 207
2019 206
2019 199
2019 195
2019 193
2019 191
2019 189
2019 187
2019 189
2019 188
2019 183
2019 177
2019 169
2019 163
2019 157
2019 149
2019 140
2019 132
2019 NA
2019 114
2019 108
2019 98
2019 84
2019 68
2019 67
2019 63
2019 66
2019 66
2019 59
2019 57
2019 54
2019 50
2019 45
2019 43
2019 38
2019 33
2019 28
2019 23
2019 17
2019 11
2019 5
2019 0
2019 0
2019 0
2019 0
2019 0
2019 0
2019 0
2019 0
2019 0
2019 0
2019 0
2019 0
2019 0
2019 0
2019 0
2019 0
2019 0
2019 0
2019 0
2019 0
2019 0
2019 0
2019 0
2019 0
2019 0
2019 0
2019 0
2019 0
2019 0
2019 0
2019 0
2019 0
2019 0
2019 0
2019 0
2019 0
2019 0
2019 0
2019 0
2019 0
2019 0
2019 0
2019 0
2019 0
2019 0
2019 0
2019 0
2019 0
2019 0
2019 0
2019 0
2019 0
2019 0
2019 0
2019 0
2019 0
2019 0
2019 0
2019 0
2019 0
2019 0
2019 0
2019 0
2020 0
2020 0
2020 0
2020 0
2020 0
2020 5
2020 0
2020 0
2020 0
2020 0
2020 0
2020 0
2020 0
2020 0
2020 0
2020 0
2020 0
2020 0
2020 0
2020 0
2020 0
2020 0
2020 0
2020 0
2020 0
2020 0
2020 0
2020 0
2020 0
2020 2
2020 0
2020 0
2020 5
2020 0
2020 0
2020 1
2020 2
2020 0
2020 0
2020 2
2020 0
2020 0
2020 0
2020 0
2020 0
2020 1
2020 3
2020 0
2020 NA
2020 NA
2020 0
2020 NA
2020 0
2020 152
2020 0
2020 0
2020 0
2020 2
2020 0
2020 2
2020 5
2020 0
2020 5
2020 153
2020 17
2020 31
2020 29
2020 203
2020 47
2020 41
2020 37
2020 NA
2020 68
2020 62
2020 72
2020 70
2020 NA
2020 106
2020 102
2020 110
2020 105
2020 107
2020 120
2020 138
2020 136
2020 128
2020 126
2020 135
2020 132
2020 128
2020 125
2020 129
2020 131
2020 126
2020 125
2020 123
2020 121
2020 121
2020 119
2020 120
2020 116
2020 115
2020 115
2020 123
2020 125
2020 123
2020 126
2020 141
2020 147
2020 NA
2020 NA
2020 NA
2020 NA
2020 NA
2020 179
2020 173
2020 170
2020 166
2020 165
2020 162
2020 161
2020 161
2020 158
2020 158
2020 158
2020 157
2020 154
2020 152
2020 151
2020 148
2020 149
2020 149
2020 147
2020 147
2020 146
2020 147
2020 147
2020 144
2020 145
2020 145
2020 144
2020 144
2020 144
2020 144
2020 144
2020 143
2020 143
2020 141
2020 143
2020 144
2020 156
2020 152
2020 150
2020 150
2020 150
2020 146
2020 145
2020 146
2020 145
2020 143
2020 144
2020 144
2020 145
2020 144
2020 144
2020 144
2020 145
2020 143
2020 144
2020 144
2020 143
2020 145
2020 143
2020 142
2020 142
2020 138
2020 138
2020 138
2020 138
2020 141
2020 143
2020 142
2020 144
2020 165
2020 169
2020 165
2020 166
2020 166
2020 163
2020 161
2020 160
2020 170
2020 158
2020 155
2020 154
2020 152
2020 152
2020 151
2020 150
2020 149
2020 147
2020 147
2020 147
2020 147
2020 147
2020 147
2020 147
2020 149
2020 148
2020 146
2020 145
2020 165
2020 158
2020 156
2020 155
2020 154
2020 154
2020 151
2020 150
2020 148
2020 144
2020 142
2020 137
2020 134
2020 132
2020 129
2020 127
2020 122
2020 120
2020 115
2020 111
2020 109
2020 107
2020 106
2020 104
2020 97
2020 96
2020 94
2020 92
2020 88
2020 95
2020 98
2020 115
2020 113
2020 109
2020 104
2020 99
2020 98
2020 94
2020 88
2020 85
2020 82
2020 79
2020 88
2020 83
2020 85
2020 79
2020 75
2020 75
2020 71
2020 66
2020 59
2020 53
2020 45
2020 39
2020 32
2020 27
2020 21
2020 16
2020 10
2020 5
2020 3
2020 3
2020 3
2020 3
2020 3
2020 3
2020 3
2020 3
2020 3
2020 10
2020 7
2020 6
2020 3
2020 3
2020 3
2020 3
2020 3
2020 3
2020 3
2020 3
2020 3
2020 3
2020 3
2020 3
2020 3
2020 3
2020 4
2020 4
2020 4
2020 4
2020 3
2020 3
2020 3
2020 3
2020 3
2020 3
2020 3
2020 3
2020 3
2020 3
2020 3
2020 3
2020 3
2020 3
2020 3
2020 3
2020 3
2020 3
2020 3
2020 3
2020 3
2020 3
2020 3
2020 3
2020 3
2020 3
2020 3
2020 3
2020 4
2020 3
2020 4
2020 3
2020 3
2020 3
2020 3
2020 4
2020 4
2020 5
2020 3
2020 3
2020 3
2020 3
2020 3
2020 3
2020 3
2020 3
2020 3
2020 3
2020 3
2020 3
2020 3
2020 3
2020 3
2020 3
2020 3
2020 3
2020 3
2020 3
2020 4
2020 3
2020 3
2020 3
2020 4
2020 4
2020 4
