2010 NA
2010 NA
2010 NA
2010 NA
2010 NA
2010 NA
2010 NA
2010 NA
2010 NA
2010 NA
2010 NA
2010 NA
2010 NA
2010 NA
2010 NA
2010 NA
2010 NA
2010 NA
2010 NA
2010 NA
2010 NA
2010 NA
2010 NA
2010 NA
2010 NA
2010 NA
2010 NA
2010 NA
2010 NA
2010 NA
2010 NA
2010 NA
2010 NA
2010 NA
2010 NA
2010 NA
2010 NA
2010 NA
2010 NA
2010 NA
2010 NA
2010 NA
2010 NA
2010 NA
2010 NA
2010 NA
2010 NA
2010 NA
2010 NA
2010 NA
2010 NA
2010 NA
2010 NA
2010 NA
2010 NA
2010 NA
2010 NA
2010 NA
2010 NA
2010 NA
2010 NA
2010 NA
2010 0
2010 0
2010 0
2010 0
2010 0
2010 0
2010 0
2010 0
2010 0
2010 0
2010 0
2010 0
2010 0
2010 0
2010 0
2010 0
2010 0
2010 0
2010 0
2010 0
2010 0
2010 0
2010 0
2010 0
2010 0
2010 0
2010 0
2010 0
2010 36
2010 52
2010 44
2010 36
2010 36
2010 32
2010 24
2010 11
2010 14
2010 11
2010 9
2010 9
2010 15
2010 17
2010 17
2010 16
2010 16
2010 17
2010 21
2010 24
2010 23
2010 27
2010 14
2010 17
2010 14
2010 11
2010 11
2010 10
2010 14
2010 8
2010 4
2010 3
2010 8
2010 18
2010 14
2010 18
2010 18
2010 15
2010 15
2010 15
2010 15
2010 16
2010 14
2010 15
2010 15
2010 15
2010 14
2010 15
2010 12
2010 12
2010 12
2010 12
2010 15
2010 14
2010 14
2010 15
2010 16
2010 18
2010 17
2010 19
2010 20
2010 24
2010 24
2010 12
2010 24
2010 21
2010 21
2010 29
2010 31
2010 28
2010 28
2010 28
2010 39
2010 39
2010 37
2010 35
2010 34
2010 33
2010 34
2010 30
2010 26
2010 33
2010 37
2010 34
2010 29
2010 27
2010 25
2010 24
2010 27
2010 24
2010 13
2010 12
2010 11
2010 11
2010 15
2010 13
2010 20
2010 17
2010 16
2010 16
2010 16
2010 18
2010 15
2010 15
2010 14
2010 13
2010 14
2010 11
2010 8
2010 3
2010 0
2010 0
2010 0
2010 0
2010 0
2010 0
2010 0
2010 0
2010 0
2010 0
2010 0
2010 0
2010 0
2010 0
2010 0
2010 0
2010 0
2010 0
2010 0
2010 0
2010 0
2010 0
2010 0
2010 0
2010 0
2010 0
2010 0
2010 0
2010 0
2010 0
2010 0
2010 0
2010 0
2010 0
2010 0
2010 0
2010 0
2010 0
2010 0
2010 0
2010 0
2010 0
2010 0
2010 0
2010 0
2010 0
2010 0
2010 0
2010 0
2010 0
2010 0
2010 0
2010 0
2010 0
2010 0
2010 0
2010 0
2010 0
2010 0
2010 0
2010 0
2010 0
2010 0
2010 0
2010 0
2010 0
2010 0
2010 0
2010 0
2010 0
2010 0
2010 0
2010 0
2010 0
2010 0
2010 0
2010 0
2010 0
2010 0
2010 0
2010 0
2010 0
2010 0
2010 0
2010 0
2010 0
2010 0
2010 0
2010 0
2010 0
2010 0
2010 0
2010 0
2010 0
2010 0
2010 0
2010 0
2010 0
2010 0
2010 0
2010 0
2010 0
2010 0
2010 0
2010 0
2010 0
2010 0
2010 0
2010 0
2010 0
2010 0
2010 0
2010 0
2010 0
2010 0
2010 0
2010 0
2010 0
2010 0
2010 0
2010 0
2010 0
2010 0
2010 0
2010 0
2010 0
2010 0
2010 0
2010 0
2010 0
2010 0
2010 0
2010 0
2010 0
2010 0
2010 0
2010 0
2010 0
2010 0
2010 0
2010 0
2010 0
2010 0
2010 0
2010 0
2010 0
2010 0
2010 0
2010 0
2010 0
2010 0
2010 0
2010 0
2010 0
2010 0
2010 0
2010 0
2010 0
2010 0
2010 0
2010 0
2010 0
2010 0
2010 0
2010 0
2011 0
2011 0
2011 0
2011 0
2011 0
2011 0
2011 0
2011 0
2011 0
2011 0
2011 0
2011 0
2011 0
2011 0
2011 0
2011 0
2011 0
2011 0
2011 0
2011 0
2011 0
2011 0
2011 0
2011 0
2011 0
2011 0
2011 0
2011 0
2011 0
2011 0
2011 0
2011 0
2011 0
2011 0
2011 0
2011 0
2011 0
2011 0
2011 0
2011 0
2011 0
2011 0
2011 0
2011 0
2011 0
2011 0
2011 0
2011 0
2011 0
2011 0
2011 0
2011 0
2011 0
2011 0
2011 16
2011 6
2011 3
2011 0
2011 0
2011 0
2011 0
2011 0
2011 0
2011 0
2011 0
2011 0
2011 0
2011 2
2011 0
2011 0
2011 0
2011 0
2011 0
2011 0
2011 0
2011 0
2011 13
2011 8
2011 8
2011 5
2011 5
2011 4
2011 15
2011 22
2011 19
2011 18
2011 26
2011 21
2011 18
2011 16
2011 16
2011 18
2011 17
2011 13
2011 14
2011 14
2011 4
2011 0
2011 0
2011 10
2011 7
2011 5
2011 5
2011 7
2011 11
2011 17
2011 14
2011 26
2011 22
2011 17
2011 11
2011 11
2011 8
2011 7
2011 19
2011 25
2011 25
2011 22
2011 20
2011 19
2011 19
2011 19
2011 19
2011 18
2011 17
2011 19
2011 19
2011 10
2011 5
2011 3
2011 3
2011 4
2011 5
2011 5
2011 0
2011 0
2011 0
2011 0
2011 0
2011 0
2011 6
2011 4
2011 8
2011 6
2011 6
2011 5
2011 3
2011 4
2011 6
2011 6
2011 7
2011 7
2011 7
2011 8
2011 8
2011 9
2011 8
2011 5
2011 3
2011 3
2011 2
2011 1
2011 0
2011 0
2011 0
2011 0
2011 0
2011 0
2011 0
2011 0
2011 0
2011 0
2011 4
2011 3
2011 2
2011 1
2011 11
2011 6
2011 3
2011 29
2011 26
2011 20
2011 16
2011 16
2011 12
2011 11
2011 10
2011 9
2011 7
2011 5
2011 0
2011 0
2011 0
2011 0
2011 0
2011 0
2011 0
2011 0
2011 0
2011 2
2011 0
2011 0
2011 0
2011 0
2011 0
2011 0
2011 0
2011 0
2011 0
2011 0
2011 0
2011 0
2011 0
2011 0
2011 0
2011 0
2011 0
2011 0
2011 0
2011 0
2011 0
2011 0
2011 0
2011 1
2011 0
2011 0
2011 0
2011 0
2011 0
2011 0
2011 0
2011 0
2011 0
2011 0
2011 0
2011 0
2011 0
2011 0
2011 1
2011 0
2011 0
2011 0
2011 0
2011 0
2011 0
2011 0
2011 0
2011 0
2011 0
2011 0
2011 0
2011 0
2011 0
2011 0
2011 0
2011 0
2011 0
2011 0
2011 0
2011 0
2011 0
2011 0
2011 0
2011 0
2011 0
2011 0
2011 0
2011 0
2011 0
2011 0
2011 0
2011 0
2011 0
2011 4
2011 0
2011 0
2011 0
2011 0
2011 0
2011 0
2011 0
2011 0
2011 0
2011 0
2011 0
2011 0
2011 0
2011 0
2011 0
2011 1
2011 0
2011 0
2011 0
2011 0
2011 1
2011 0
2011 0
2011 0
2011 0
2011 0
2011 0
2011 0
2011 0
2011 0
2011 0
2011 0
2011 0
2011 0
2011 0
2011 0
2011 0
2011 0
2011 0
2011 0
2011 0
2011 0
2011 0
2011 0
2011 0
2011 1
2011 0
2011 0
2011 0
2011 0
2011 0
2011 0
2011 0
2011 0
2011 0
2011 0
2011 0
2011 0
2011 0
2011 0
2011 0
2011 0
2011 0
2011 0
2011 0
2011 0
2011 3
2011 0
2011 0
2011 0
2011 0
2011 0
2011 0
2011 0
2011 0
2011 0
2011 0
2011 0
2011 0
2011 0
2011 0
2011 0
2011 0
2011 0
2011 0
2011 0
2011 0
2011 0
2011 0
2011 0
2011 0
2012 0
2012 0
2012 1
2012 0
2012 0
2012 0
2012 0
2012 0
2012 0
2012 0
2012 0
2012 0
2012 0
2012 0
2012 0
2012 0
2012 0
2012 0
2012 0
2012 0
2012 0
2012 0
2012 0
2012 0
2012 0
2012 0
2012 0
2012 0
2012 0
2012 0
2012 0
2012 0
2012 0
2012 0
2012 0
2012 0
2012 0
2012 4
2012 4
2012 0
2012 0
2012 0
2012 0
2012 0
2012 0
2012 0
2012 0
2012 0
2012 0
2012 0
2012 0
2012 0
2012 0
2012 0
2012 0
2012 0
2012 0
2012 0
2012 0
2012 0
2012 0
2012 0
2012 0
2012 0
2012 0
2012 0
2012 0
2012 0
2012 0
2012 0
2012 0
2012 0
2012 0
2012 0
2012 0
2012 0
2012 0
2012 0
2012 0
2012 0
2012 0
2012 0
2012 0
2012 0
2012 0
2012 0
2012 0
2012 0
2012 0
2012 0
2012 0
2012 0
2012 0
2012 0
2012 0
2012 0
2012 4
2012 7
2012 3
2012 1
2012 0
2012 0
2012 0
2012 0
2012 0
2012 13
2012 0
2012 33
2012 28
2012 25
2012 37
2012 42
2012 35
2012 30
2012 36
2012 35
2012 33
2012 32
2012 30
2012 36
2012 60
2012 49
2012 27
2012 25
2012 25
2012 20
2012 28
2012 57
2012 49
2012 50
2012 51
2012 47
2012 45
2012 44
2012 44
2012 43
2012 42
2012 42
2012 42
2012 42
2012 37
2012 39
2012 55
2012 38
2012 37
2012 43
2012 47
2012 41
2012 43
2012 58
2012 58
2012 58
2012 62
2012 58
2012 59
2012 60
2012 59
2012 59
2012 58
2012 58
2012 58
2012 57
2012 59
2012 58
2012 58
2012 57
2012 57
2012 70
2012 70
2012 68
2012 64
2012 80
2012 73
2012 69
2012 66
2012 64
2012 58
2012 55
2012 55
2012 54
2012 54
2012 51
2012 47
2012 43
2012 40
2012 36
2012 32
2012 35
2012 33
2012 40
2012 34
2012 33
2012 31
2012 29
2012 26
2012 22
2012 19
2012 16
2012 13
2012 25
2012 41
2012 27
2012 20
2012 14
2012 7
2012 0
2012 0
2012 0
2012 0
2012 0
2012 0
2012 0
2012 0
2012 0
2012 0
2012 0
2012 0
2012 0
2012 0
2012 0
2012 3
2012 0
2012 0
2012 0
2012 0
2012 0
2012 0
2012 0
2012 0
2012 0
2012 0
2012 0
2012 0
2012 0
2012 0
2012 0
2012 0
2012 0
2012 0
2012 0
2012 0
2012 0
2012 NA
2012 0
2012 2
2012 1
2012 0
2012 1
2012 1
2012 0
2012 0
2012 1
2012 0
2012 0
2012 0
2012 0
2012 0
2012 0
2012 0
2012 0
2012 0
2012 0
2012 0
2012 0
2012 0
2012 0
2012 0
2012 0
2012 0
2012 0
2012 0
2012 0
2012 0
2012 0
2012 0
2012 0
2012 0
2012 0
2012 0
2012 0
2012 0
2012 0
2012 0
2012 0
2012 0
2012 0
2012 0
2012 0
2012 0
2012 0
2012 0
2012 0
2012 0
2012 0
2012 0
2012 0
2012 0
2012 0
2012 0
2012 0
2012 0
2012 0
2012 0
2012 0
2012 0
2012 0
2012 0
2012 0
2012 0
2012 0
2012 0
2012 0
2012 0
2012 0
2012 0
2012 0
2012 0
2012 0
2012 0
2012 0
2012 0
2012 0
2012 0
2012 0
2012 0
2012 0
2012 0
2012 0
2012 0
2012 0
2012 0
2012 0
2012 0
2012 0
2012 0
2012 0
2012 0
2012 0
2012 1
2012 2
2012 0
2012 0
2012 0
2012 0
2012 0
2012 0
2012 0
2012 0
2012 0
2012 0
2012 0
2012 0
2012 0
2012 0
2012 0
2012 0
2012 0
2012 0
2012 0
2012 0
2012 0
2012 0
2012 1
2012 0
2012 0
2012 0
2013 0
2013 0
2013 0
2013 1
2013 0
2013 0
2013 0
2013 0
2013 0
2013 0
2013 0
2013 0
2013 0
2013 0
2013 0
2013 0
2013 0
2013 0
2013 0
2013 0
2013 0
2013 0
2013 0
2013 0
2013 0
2013 0
2013 0
2013 0
2013 0
2013 0
2013 0
2013 0
2013 0
2013 0
2013 0
2013 0
2013 0
2013 0
2013 0
2013 0
2013 0
2013 0
2013 0
2013 1
2013 0
2013 0
2013 0
2013 0
2013 0
2013 0
2013 0
2013 0
2013 0
2013 0
2013 0
2013 0
2013 2
2013 21
2013 11
2013 4
2013 3
2013 0
2013 0
2013 0
2013 0
2013 0
2013 4
2013 0
2013 0
2013 0
2013 0
2013 0
2013 0
2013 0
2013 0
2013 0
2013 0
2013 0
2013 0
2013 0
2013 0
2013 0
2013 0
2013 0
2013 0
2013 0
2013 0
2013 0
2013 0
2013 21
2013 21
2013 15
2013 17
2013 16
2013 24
2013 34
2013 36
2013 38
2013 43
2013 35
2013 44
2013 52
2013 43
2013 38
2013 34
2013 27
2013 24
2013 24
2013 35
2013 33
2013 30
2013 26
2013 23
2013 14
2013 8
2013 2
2013 1
2013 0
2013 3
2013 2
2013 2
2013 3
2013 3
2013 4
2013 6
2013 4
2013 3
2013 3
2013 3
2013 4
2013 4
2013 5
2013 20
2013 16
2013 15
2013 18
2013 19
2013 16
2013 22
2013 22
2013 20
2013 19
2013 19
2013 20
2013 20
2013 19
2013 19
2013 18
2013 19
2013 29
2013 25
2013 10
2013 6
2013 2
2013 23
2013 26
2013 25
2013 17
2013 29
2013 NA
2013 44
2013 43
2013 38
2013 27
2013 40
2013 37
2013 34
2013 NA
2013 43
2013 40
2013 39
2013 37
2013 NA
2013 35
2013 NA
2013 34
2013 37
2013 37
2013 35
2013 33
2013 33
2013 32
2013 31
2013 29
2013 26
2013 24
2013 20
2013 18
2013 16
2013 14
2013 12
2013 9
2013 6
2013 4
2013 NA
2013 10
2013 7
2013 7
2013 NA
2013 15
2013 14
2013 16
2013 11
2013 8
2013 6
2013 6
2013 15
2013 2
2013 0
2013 1
2013 0
2013 8
2013 0
2013 0
2013 0
2013 0
2013 0
2013 0
2013 0
2013 2
2013 0
2013 0
2013 0
2013 0
2013 0
2013 0
2013 0
2013 0
2013 0
2013 0
2013 11
2013 14
2013 3
2013 0
2013 0
2013 0
2013 0
2013 0
2013 0
2013 0
2013 0
2013 0
2013 0
2013 0
2013 0
2013 0
2013 0
2013 0
2013 0
2013 0
2013 0
2013 0
2013 0
2013 0
2013 0
2013 0
2013 0
2013 0
2013 0
2013 NA
2013 0
2013 0
2013 0
2013 0
2013 0
2013 0
2013 NA
2013 0
2013 0
2013 0
2013 0
2013 NA
2013 0
2013 0
2013 0
2013 0
2013 0
2013 NA
2013 NA
2013 NA
2013 NA
2013 NA
2013 NA
2013 0
2013 0
2013 NA
2013 0
2013 0
2013 NA
2013 NA
2013 NA
2013 NA
2013 NA
2013 0
2013 0
2013 0
2013 0
2013 0
2013 0
2013 NA
2013 0
2013 0
2013 NA
2013 0
2013 0
2013 0
2013 0
2013 0
2013 0
2013 NA
2013 0
2013 0
2013 0
2013 NA
2013 NA
2013 0
2013 NA
2013 NA
2013 0
2013 NA
2013 0
2013 0
2013 0
2013 0
2013 0
2013 NA
2013 NA
2013 NA
2013 NA
2013 NA
2013 0
2013 NA
2013 NA
2013 NA
2013 NA
2013 NA
2013 NA
2013 0
2013 0
2013 0
2013 0
2013 0
2013 0
2013 NA
2013 NA
2013 NA
2013 NA
2013 NA
2013 NA
2013 NA
2013 NA
2013 NA
2013 0
2013 NA
2013 NA
2013 NA
2013 NA
2013 0
2013 NA
2013 NA
2013 0
2013 NA
2013 NA
2013 NA
2013 NA
2014 NA
2014 NA
2014 NA
2014 NA
2014 NA
2014 NA
2014 NA
2014 0
2014 NA
2014 0
2014 NA
2014 0
2014 NA
2014 NA
2014 NA
2014 0
2014 NA
2014 0
2014 NA
2014 0
2014 0
2014 0
2014 0
2014 0
2014 0
2014 0
2014 0
2014 0
2014 0
2014 0
2014 0
2014 0
2014 0
2014 0
2014 0
2014 0
2014 0
2014 0
2014 0
2014 1
2014 1
2014 0
2014 1
2014 1
2014 0
2014 0
2014 1
2014 0
2014 0
2014 0
2014 0
2014 0
2014 0
2014 0
2014 0
2014 0
2014 0
2014 0
2014 0
2014 0
2014 0
2014 0
2014 0
2014 0
2014 0
2014 0
2014 0
2014 0
2014 0
2014 0
2014 6
2014 10
2014 2
2014 3
2014 1
2014 9
2014 7
2014 3
2014 2
2014 0
2014 3
2014 19
2014 14
2014 12
2014 9
2014 9
2014 8
2014 7
2014 9
2014 9
2014 21
2014 13
2014 NA
2014 13
2014 10
2014 11
2014 11
2014 11
2014 9
2014 10
2014 10
2014 11
2014 10
2014 10
2014 11
2014 11
2014 9
2014 10
2014 10
2014 10
2014 11
2014 10
2014 10
2014 7
2014 1
2014 0
2014 41
2014 37
2014 26
2014 28
2014 25
2014 22
2014 21
2014 21
2014 17
2014 16
2014 16
2014 16
2014 14
2014 13
2014 9
2014 4
2014 3
2014 3
2014 2
2014 18
2014 22
2014 18
2014 24
2014 24
2014 21
2014 23
2014 31
2014 28
2014 29
2014 48
2014 37
2014 40
2014 37
2014 34
2014 36
2014 35
2014 33
2014 33
2014 47
2014 40
2014 39
2014 37
2014 37
2014 40
2014 38
2014 43
2014 32
2014 34
2014 36
2014 32
2014 35
2014 33
2014 42
2014 40
2014 37
2014 35
2014 32
2014 34
2014 32
2014 38
2014 36
2014 35
2014 36
2014 42
2014 40
2014 43
2014 45
2014 47
2014 45
2014 42
2014 39
2014 37
2014 34
2014 30
2014 28
2014 23
2014 22
2014 18
2014 11
2014 8
2014 0
2014 0
2014 0
2014 0
2014 0
2014 NA
2014 NA
2014 NA
2014 NA
2014 7
2014 5
2014 0
2014 0
2014 0
2014 0
2014 0
2014 0
2014 0
2014 0
2014 0
2014 0
2014 0
2014 0
2014 0
2014 0
2014 0
2014 0
2014 0
2014 0
2014 0
2014 0
2014 0
2014 0
2014 0
2014 0
2014 0
2014 0
2014 0
2014 0
2014 0
2014 0
2014 0
2014 0
2014 2
2014 0
2014 0
2014 0
2014 0
2014 0
2014 0
2014 0
2014 0
2014 1
2014 0
2014 0
2014 0
2014 1
2014 0
2014 0
2014 1
2014 0
2014 0
2014 0
2014 0
2014 0
2014 0
2014 0
2014 1
2014 0
2014 0
2014 0
2014 0
2014 1
2014 0
2014 0
2014 0
2014 0
2014 0
2014 0
2014 0
2014 0
2014 0
2014 0
2014 0
2014 0
2014 0
2014 0
2014 0
2014 0
2014 0
2014 0
2014 0
2014 0
2014 0
2014 0
2014 0
2014 1
2014 0
2014 0
2014 0
2014 0
2014 0
2014 0
2014 0
2014 0
2014 0
2014 0
2014 0
2014 0
2014 0
2014 0
2014 0
2014 0
2014 0
2014 0
2014 0
2014 0
2014 0
2014 0
2014 0
2014 0
2014 0
2014 0
2014 0
2014 0
2014 0
2014 0
2014 0
2014 0
2014 0
2014 0
2014 0
2014 0
2014 0
2014 0
2014 0
2014 0
2014 0
2014 0
2014 0
2014 0
2014 0
2014 0
2014 1
2014 0
2014 0
2014 0
2014 0
2014 0
2014 0
2014 0
2014 0
2014 0
2014 0
2014 0
2014 0
2014 0
2014 0
2014 0
2014 0
2014 0
2014 0
2014 0
2014 0
2014 0
2014 0
2014 0
2014 0
2014 0
2015 0
2015 0
2015 0
2015 0
2015 0
2015 0
2015 0
2015 0
2015 0
2015 0
2015 0
2015 0
2015 0
2015 0
2015 0
2015 0
2015 0
2015 0
2015 0
2015 0
2015 0
2015 0
2015 0
2015 0
2015 0
2015 0
2015 0
2015 0
2015 0
2015 0
2015 0
2015 0
2015 0
2015 0
2015 0
2015 0
2015 0
2015 0
2015 0
2015 0
2015 0
2015 0
2015 0
2015 0
2015 0
2015 0
2015 0
2015 0
2015 0
2015 0
2015 0
2015 2
2015 0
2015 0
2015 0
2015 0
2015 0
2015 0
2015 0
2015 0
2015 0
2015 0
2015 0
2015 0
2015 0
2015 13
2015 8
2015 2
2015 0
2015 0
2015 0
2015 0
2015 0
2015 0
2015 0
2015 0
2015 0
2015 0
2015 0
2015 0
2015 0
2015 0
2015 0
2015 0
2015 0
2015 0
2015 0
2015 0
2015 0
2015 0
2015 0
2015 0
2015 0
2015 0
2015 0
2015 NA
2015 0
2015 0
2015 0
2015 13
2015 5
2015 1
2015 0
2015 0
2015 0
2015 0
2015 0
2015 2
2015 0
2015 0
2015 0
2015 0
2015 0
2015 0
2015 0
2015 0
2015 0
2015 22
2015 NA
2015 28
2015 26
2015 21
2015 18
2015 13
2015 7
2015 3
2015 4
2015 1
2015 3
2015 4
2015 3
2015 0
2015 NA
2015 1
2015 0
2015 2
2015 0
2015 0
2015 29
2015 20
2015 19
2015 15
2015 15
2015 14
2015 13
2015 14
2015 17
2015 22
2015 25
2015 23
2015 28
2015 34
2015 33
2015 41
2015 42
2015 39
2015 36
2015 34
2015 33
2015 32
2015 28
2015 29
2015 26
2015 26
2015 25
2015 23
2015 24
2015 23
2015 23
2015 23
2015 24
2015 23
2015 23
2015 28
2015 40
2015 36
2015 NA
2015 36
2015 34
2015 42
2015 37
2015 31
2015 23
2015 24
2015 44
2015 37
2015 32
2015 28
2015 23
2015 22
2015 20
2015 15
2015 11
2015 9
2015 6
2015 5
2015 0
2015 0
2015 0
2015 0
2015 0
2015 0
2015 0
2015 0
2015 0
2015 0
2015 0
2015 0
2015 0
2015 0
2015 0
2015 0
2015 0
2015 0
2015 0
2015 0
2015 0
2015 0
2015 0
2015 0
2015 0
2015 0
2015 0
2015 0
2015 0
2015 0
2015 0
2015 0
2015 0
2015 0
2015 0
2015 0
2015 0
2015 0
2015 0
2015 0
2015 0
2015 0
2015 0
2015 0
2015 0
2015 0
2015 0
2015 0
2015 0
2015 0
2015 0
2015 0
2015 0
2015 0
2015 0
2015 0
2015 0
2015 0
2015 0
2015 0
2015 13
2015 0
2015 0
2015 0
2015 0
2015 0
2015 0
2015 0
2015 0
2015 0
2015 0
2015 0
2015 0
2015 0
2015 0
2015 0
2015 0
2015 0
2015 0
2015 0
2015 0
2015 0
2015 0
2015 0
2015 0
2015 0
2015 0
2015 0
2015 0
2015 0
2015 0
2015 0
2015 0
2015 0
2015 0
2015 0
2015 0
2015 0
2015 0
2015 0
2015 0
2015 0
2015 0
2015 0
2015 0
2015 0
2015 0
2015 0
2015 0
2015 0
2015 0
2015 0
2015 0
2015 0
2015 0
2015 0
2015 0
2015 0
2015 0
2015 0
2015 0
2015 0
2015 0
2015 0
2015 0
2015 0
2015 0
2015 0
2015 0
2015 0
2015 0
2015 0
2015 0
2015 0
2015 0
2015 0
2015 0
2015 0
2015 0
2015 0
2015 0
2015 0
2015 0
2015 0
2015 0
2015 0
2015 0
2015 0
2015 0
2015 0
2015 0
2015 0
2015 0
2015 0
2015 0
2015 0
2015 0
2015 0
2015 0
2015 0
2015 0
2015 0
2015 1
2015 0
2015 0
2015 0
2015 0
2015 0
2015 0
2016 0
2016 0
2016 0
2016 0
2016 0
2016 0
2016 0
2016 0
2016 0
2016 0
2016 0
2016 0
2016 0
2016 0
2016 0
2016 0
2016 0
2016 0
2016 0
2016 0
2016 0
2016 0
2016 0
2016 0
2016 0
2016 0
2016 0
2016 0
2016 0
2016 0
2016 0
2016 0
2016 0
2016 0
2016 0
2016 0
2016 0
2016 0
2016 0
2016 0
2016 0
2016 0
2016 0
2016 0
2016 0
2016 0
2016 0
2016 0
2016 0
2016 0
2016 0
2016 0
2016 0
2016 0
2016 0
2016 0
2016 0
2016 0
2016 0
2016 0
2016 0
2016 0
2016 0
2016 0
2016 0
2016 0
2016 0
2016 0
2016 0
2016 0
2016 0
2016 0
2016 0
2016 0
2016 0
2016 0
2016 0
2016 0
2016 0
2016 0
2016 0
2016 10
2016 22
2016 11
2016 9
2016 17
2016 NA
2016 31
2016 27
2016 20
2016 10
2016 9
2016 8
2016 7
2016 6
2016 5
2016 4
2016 4
2016 1
2016 2
2016 1
2016 1
2016 1
2016 2
2016 2
2016 2
2016 0
2016 0
2016 0
2016 0
2016 0
2016 0
2016 0
2016 0
2016 0
2016 0
2016 0
2016 0
2016 0
2016 0
2016 0
2016 0
2016 0
2016 3
2016 0
2016 1
2016 5
2016 3
2016 1
2016 1
2016 0
2016 0
2016 NA
2016 15
2016 23
2016 16
2016 18
2016 23
2016 NA
2016 25
2016 22
2016 23
2016 22
2016 20
2016 18
2016 17
2016 14
2016 11
2016 9
2016 9
2016 6
2016 4
2016 0
2016 0
2016 0
2016 15
2016 13
2016 15
2016 12
2016 NA
2016 2
2016 0
2016 10
2016 8
2016 21
2016 18
2016 9
2016 16
2016 15
2016 12
2016 13
2016 22
2016 16
2016 3
2016 0
2016 0
2016 5
2016 6
2016 0
2016 1
2016 0
2016 3
2016 NA
2016 4
2016 16
2016 9
2016 10
2016 NA
2016 11
2016 13
2016 13
2016 12
2016 10
2016 6
2016 5
2016 0
2016 0
2016 0
2016 0
2016 0
2016 0
2016 0
2016 0
2016 0
2016 0
2016 0
2016 0
2016 0
2016 0
2016 0
2016 0
2016 0
2016 0
2016 0
2016 0
2016 0
2016 0
2016 0
2016 0
2016 0
2016 0
2016 0
2016 0
2016 0
2016 0
2016 0
2016 0
2016 0
2016 0
2016 0
2016 0
2016 0
2016 0
2016 0
2016 0
2016 0
2016 0
2016 0
2016 0
2016 0
2016 0
2016 0
2016 0
2016 7
2016 2
2016 0
2016 0
2016 0
2016 0
2016 0
2016 0
2016 0
2016 0
2016 0
2016 0
2016 0
2016 0
2016 0
2016 0
2016 0
2016 0
2016 0
2016 0
2016 0
2016 0
2016 0
2016 0
2016 0
2016 0
2016 0
2016 0
2016 0
2016 0
2016 0
2016 0
2016 0
2016 0
2016 0
2016 0
2016 0
2016 0
2016 0
2016 0
2016 0
2016 0
2016 0
2016 0
2016 0
2016 0
2016 0
2016 0
2016 0
2016 0
2016 0
2016 0
2016 0
2016 0
2016 0
2016 0
2016 0
2016 0
2016 0
2016 0
2016 0
2016 0
2016 0
2016 0
2016 0
2016 0
2016 0
2016 0
2016 0
2016 0
2016 0
2016 0
2016 0
2016 0
2016 0
2016 0
2016 0
2016 0
2016 0
2016 0
2016 0
2016 0
2016 0
2016 0
2016 0
2016 0
2016 0
2016 0
2016 0
2016 0
2016 0
2016 0
2016 0
2016 0
2016 0
2016 0
2016 0
2016 0
2016 0
2016 0
2016 0
2016 0
2016 0
2016 0
2016 0
2016 0
2016 0
2016 0
2016 0
2016 0
2016 0
2016 0
2016 0
2016 0
2016 0
2016 0
2016 0
2016 0
2016 0
2016 0
2016 0
2016 0
2016 0
2017 0
2017 0
2017 0
2017 0
2017 0
2017 0
2017 0
2017 0
2017 0
2017 0
2017 0
2017 0
2017 0
2017 0
2017 0
2017 0
2017 0
2017 0
2017 0
2017 0
2017 0
2017 0
2017 0
2017 0
2017 0
2017 0
2017 0
2017 0
2017 0
2017 0
2017 0
2017 0
2017 0
2017 0
2017 0
2017 0
2017 0
2017 0
2017 0
2017 0
2017 0
2017 0
2017 0
2017 0
2017 0
2017 0
2017 0
2017 0
2017 0
2017 0
2017 0
2017 0
2017 0
2017 0
2017 0
2017 0
2017 0
2017 0
2017 0
2017 0
2017 0
2017 0
2017 0
2017 0
2017 0
2017 0
2017 2
2017 3
2017 0
2017 0
2017 8
2017 26
2017 19
2017 14
2017 11
2017 7
2017 5
2017 0
2017 0
2017 0
2017 0
2017 0
2017 0
2017 0
2017 0
2017 0
2017 0
2017 0
2017 0
2017 0
2017 0
2017 0
2017 0
2017 0
2017 0
2017 0
2017 0
2017 0
2017 0
2017 0
2017 0
2017 0
2017 0
2017 0
2017 0
2017 0
2017 0
2017 0
2017 0
2017 0
2017 0
2017 0
2017 0
2017 0
2017 0
2017 0
2017 0
2017 0
2017 0
2017 0
2017 0
2017 0
2017 0
2017 0
2017 2
2017 3
2017 16
2017 13
2017 11
2017 19
2017 17
2017 27
2017 22
2017 19
2017 27
2017 40
2017 33
2017 34
2017 39
2017 NA
2017 NA
2017 NA
2017 31
2017 29
2017 30
2017 28
2017 27
2017 28
2017 28
2017 25
2017 25
2017 23
2017 17
2017 9
2017 9
2017 9
2017 12
2017 18
2017 37
2017 NA
2017 43
2017 40
2017 37
2017 NA
2017 33
2017 30
2017 27
2017 25
2017 24
2017 NA
2017 24
2017 24
2017 23
2017 20
2017 14
2017 8
2017 NA
2017 11
2017 9
2017 5
2017 10
2017 15
2017 4
2017 0
2017 0
2017 0
2017 7
2017 24
2017 21
2017 1
2017 0
2017 0
2017 0
2017 0
2017 0
2017 0
2017 0
2017 0
2017 0
2017 0
2017 0
2017 0
2017 0
2017 0
2017 0
2017 0
2017 0
2017 0
2017 0
2017 0
2017 0
2017 0
2017 0
2017 0
2017 0
2017 0
2017 0
2017 0
2017 0
2017 0
2017 0
2017 0
2017 0
2017 0
2017 0
2017 0
2017 0
2017 0
2017 0
2017 0
2017 0
2017 0
2017 0
2017 0
2017 0
2017 0
2017 0
2017 0
2017 0
2017 11
2017 0
2017 0
2017 6
2017 0
2017 0
2017 0
2017 0
2017 0
2017 0
2017 0
2017 0
2017 0
2017 0
2017 0
2017 0
2017 0
2017 0
2017 0
2017 NA
2017 NA
2017 NA
2017 NA
2017 NA
2017 NA
2017 NA
2017 NA
2017 NA
2017 NA
2017 NA
2017 NA
2017 NA
2017 NA
2017 NA
2017 NA
2017 NA
2017 NA
2017 NA
2017 NA
2017 NA
2017 NA
2017 NA
2017 NA
2017 NA
2017 NA
2017 NA
2017 NA
2017 NA
2017 NA
2017 NA
2017 NA
2017 NA
2017 NA
2017 NA
2017 NA
2017 NA
2017 NA
2017 NA
2017 NA
2017 NA
2017 0
2017 0
2017 0
2017 0
2017 0
2017 0
2017 0
2017 0
2017 0
2017 0
2017 0
2017 0
2017 0
2017 0
2017 0
2017 0
2017 0
2017 0
2017 0
2017 0
2017 0
2017 0
2017 0
2017 0
2017 0
2017 0
2017 0
2017 0
2017 0
2017 0
2017 0
2017 0
2017 0
2017 0
2017 0
2017 0
2017 0
2017 0
2017 0
2017 0
2017 0
2017 0
2017 0
2017 0
2017 0
2017 0
2017 0
2017 0
2017 0
2017 0
2017 0
2017 0
2017 0
2017 0
2017 0
2017 0
2017 0
2017 0
2017 0
2017 0
2017 0
2017 0
2017 0
2017 0
2017 0
2017 0
2018 0
2018 0
2018 0
2018 0
2018 0
2018 0
2018 0
2018 0
2018 0
2018 0
2018 0
2018 0
2018 0
2018 4
2018 3
2018 2
2018 0
2018 0
2018 0
2018 0
2018 0
2018 0
2018 0
2018 0
2018 0
2018 0
2018 0
2018 0
2018 0
2018 0
2018 0
2018 0
2018 0
2018 0
2018 0
2018 0
2018 0
2018 0
2018 0
2018 0
2018 0
2018 0
2018 0
2018 0
2018 0
2018 0
2018 0
2018 0
2018 0
2018 0
2018 0
2018 0
2018 0
2018 0
2018 0
2018 0
2018 0
2018 0
2018 0
2018 0
2018 0
2018 0
2018 0
2018 0
2018 0
2018 2
2018 8
2018 0
2018 0
2018 0
2018 0
2018 0
2018 7
2018 27
2018 18
2018 10
2018 7
2018 6
2018 6
2018 8
2018 7
2018 4
2018 3
2018 0
2018 0
2018 4
2018 9
2018 6
2018 5
2018 12
2018 15
2018 14
2018 14
2018 12
2018 11
2018 10
2018 9
2018 9
2018 9
2018 24
2018 9
2018 1
2018 16
2018 11
2018 8
2018 17
2018 25
2018 27
2018 34
2018 28
2018 24
2018 20
2018 15
2018 13
2018 12
2018 12
2018 14
2018 16
2018 32
2018 26
2018 21
2018 14
2018 16
2018 26
2018 14
2018 7
2018 0
2018 0
2018 0
2018 0
2018 0
2018 0
2018 0
2018 0
2018 0
2018 1
2018 1
2018 1
2018 21
2018 16
2018 13
2018 17
2018 28
2018 9
2018 7
2018 6
2018 6
2018 5
2018 1
2018 1
2018 0
2018 0
2018 0
2018 11
2018 7
2018 5
2018 6
2018 5
2018 5
2018 6
2018 6
2018 6
2018 7
2018 7
2018 23
2018 19
2018 16
2018 9
2018 2
2018 0
2018 2
2018 0
2018 0
2018 2
2018 1
2018 0
2018 0
2018 1
2018 1
2018 2
2018 3
2018 4
2018 6
2018 5
2018 3
2018 1
2018 0
2018 1
2018 0
2018 0
2018 0
2018 0
2018 0
2018 0
2018 0
2018 0
2018 0
2018 12
2018 0
2018 0
2018 1
2018 0
2018 0
2018 0
2018 0
2018 0
2018 0
2018 0
2018 0
2018 0
2018 0
2018 13
2018 6
2018 0
2018 0
2018 0
2018 0
2018 0
2018 0
2018 0
2018 0
2018 0
2018 0
2018 0
2018 0
2018 0
2018 0
2018 0
2018 0
2018 0
2018 0
2018 0
2018 0
2018 0
2018 0
2018 0
2018 0
2018 0
2018 0
2018 0
2018 0
2018 0
2018 0
2018 0
2018 0
2018 0
2018 0
2018 0
2018 0
2018 0
2018 0
2018 0
2018 0
2018 0
2018 0
2018 0
2018 0
2018 0
2018 0
2018 0
2018 0
2018 0
2018 0
2018 0
2018 0
2018 0
2018 0
2018 0
2018 0
2018 0
2018 0
2018 0
2018 0
2018 0
2018 0
2018 0
2018 0
2018 0
2018 0
2018 0
2018 0
2018 0
2018 5
2018 0
2018 0
2018 0
2018 0
2018 0
2018 0
2018 0
2018 0
2018 0
2018 0
2018 0
2018 0
2018 0
2018 0
2018 0
2018 0
2018 0
2018 0
2018 0
2018 0
2018 0
2018 0
2018 0
2018 0
2018 0
2018 0
2018 0
2018 0
2018 0
2018 0
2018 0
2018 0
2018 0
2018 0
2018 0
2018 0
2018 0
2018 0
2018 0
2018 0
2018 0
2018 0
2018 0
2018 0
2018 0
2018 0
2018 0
2018 0
2018 0
2018 0
2018 0
2018 0
2018 0
2018 0
2018 0
2018 0
2018 0
2018 0
2018 0
2018 0
2018 0
2018 0
2018 0
2018 0
2018 0
2018 0
2018 0
2018 0
2018 0
2018 0
2018 0
2018 0
2018 0
2018 0
2018 0
2018 0
2018 0
2018 0
2018 0
2018 0
2018 0
2018 0
2019 0
2019 0
2019 0
2019 0
2019 0
2019 0
2019 0
2019 0
2019 0
2019 0
2019 0
2019 0
2019 0
2019 0
2019 0
2019 0
2019 0
2019 0
2019 0
2019 0
2019 0
2019 0
2019 0
2019 0
2019 0
2019 0
2019 0
2019 0
2019 0
2019 0
2019 0
2019 0
2019 0
2019 0
2019 0
2019 0
2019 0
2019 0
2019 0
2019 0
2019 0
2019 0
2019 0
2019 0
2019 0
2019 0
2019 0
2019 0
2019 0
2019 0
2019 0
2019 0
2019 0
2019 0
2019 0
2019 0
2019 0
2019 0
2019 0
2019 0
2019 0
2019 0
2019 0
2019 0
2019 0
2019 0
2019 0
2019 0
2019 0
2019 0
2019 0
2019 0
2019 0
2019 0
2019 0
2019 0
2019 0
2019 0
2019 0
2019 0
2019 0
2019 0
2019 0
2019 0
2019 0
2019 0
2019 0
2019 8
2019 2
2019 0
2019 0
2019 0
2019 0
2019 0
2019 0
2019 0
2019 0
2019 0
2019 2
2019 7
2019 34
2019 37
2019 31
2019 27
2019 24
2019 23
2019 17
2019 29
2019 25
2019 28
2019 21
2019 11
2019 0
2019 0
2019 4
2019 4
2019 3
2019 3
2019 3
2019 3
2019 3
2019 2
2019 2
2019 5
2019 5
2019 5
2019 10
2019 9
2019 8
2019 10
2019 34
2019 32
2019 28
2019 30
2019 40
2019 47
2019 42
2019 38
2019 37
2019 37
2019 36
2019 35
2019 35
2019 34
2019 34
2019 35
2019 34
2019 33
2019 35
2019 48
2019 55
2019 49
2019 48
2019 46
2019 47
2019 79
2019 72
2019 67
2019 62
2019 59
2019 59
2019 50
2019 48
2019 70
2019 61
2019 53
2019 49
2019 46
2019 44
2019 42
2019 41
2019 39
2019 38
2019 36
2019 33
2019 32
2019 30
2019 28
2019 25
2019 23
2019 20
2019 25
2019 22
2019 18
2019 23
2019 19
2019 17
2019 12
2019 9
2019 4
2019 0
2019 25
2019 12
2019 11
2019 25
2019 11
2019 5
2019 1
2019 0
2019 0
2019 0
2019 0
2019 0
2019 0
2019 0
2019 0
2019 0
2019 0
2019 0
2019 0
2019 0
2019 0
2019 0
2019 0
2019 3
2019 31
2019 9
2019 0
2019 0
2019 0
2019 0
2019 0
2019 0
2019 0
2019 0
2019 0
2019 0
2019 0
2019 0
2019 0
2019 0
2019 0
2019 0
2019 0
2019 0
2019 0
2019 0
2019 0
2019 0
2019 0
2019 0
2019 0
2019 0
2019 0
2019 0
2019 0
2019 10
2019 0
2019 0
2019 0
2019 0
2019 0
2019 0
2019 1
2019 0
2019 0
2019 0
2019 0
2019 0
2019 0
2019 0
2019 0
2019 0
2019 0
2019 0
2019 0
2019 0
2019 0
2019 0
2019 0
2019 0
2019 0
2019 0
2019 0
2019 0
2019 0
2019 0
2019 0
2019 0
2019 0
2019 0
2019 0
2019 0
2019 0
2019 0
2019 0
2019 0
2019 0
2019 0
2019 0
2019 0
2019 0
2019 0
2019 0
2019 0
2019 0
2019 0
2019 0
2019 0
2019 0
2019 0
2019 0
2019 0
2019 0
2019 0
2019 0
2019 0
2019 0
2019 0
2019 0
2019 0
2019 0
2019 0
2019 0
2019 0
2019 0
2019 0
2019 0
2019 0
2019 0
2019 0
2019 0
2019 0
2019 0
2019 0
2019 0
2019 0
2019 0
2019 0
2019 0
2019 0
2019 0
2019 0
2019 0
2019 0
2019 0
2019 0
2019 0
2019 0
2019 0
2019 0
2019 0
2019 0
2019 0
2019 0
2019 0
2019 0
2019 0
2019 0
2019 0
2019 0
2019 0
2019 0
2019 0
2019 0
2019 0
2019 0
2019 0
2019 0
2019 0
2019 0
2019 0
2019 0
2019 0
2019 0
2020 0
2020 0
2020 0
2020 0
2020 0
2020 0
2020 0
2020 0
2020 0
2020 0
2020 0
2020 0
2020 0
2020 0
2020 0
2020 0
2020 0
2020 0
2020 0
2020 0
2020 0
2020 0
2020 0
2020 0
2020 0
2020 0
2020 0
2020 0
2020 0
2020 0
2020 0
2020 0
2020 0
2020 0
2020 0
2020 0
2020 0
2020 0
2020 0
2020 0
2020 0
2020 0
2020 0
2020 0
2020 0
2020 0
2020 0
2020 0
2020 0
2020 0
2020 0
2020 0
2020 0
2020 0
2020 0
2020 0
2020 0
2020 0
2020 0
2020 0
2020 0
2020 0
2020 0
2020 0
2020 0
2020 0
2020 0
2020 0
2020 9
2020 1
2020 0
2020 0
2020 0
2020 0
2020 0
2020 0
2020 0
2020 10
2020 5
2020 4
2020 4
2020 3
2020 0
2020 0
2020 0
2020 0
2020 0
2020 0
2020 0
2020 0
2020 0
2020 0
2020 0
2020 1
2020 0
2020 0
2020 0
2020 0
2020 0
2020 10
2020 28
2020 20
2020 18
2020 28
2020 12
2020 6
2020 3
2020 0
2020 0
2020 0
2020 0
2020 0
2020 0
2020 11
2020 2
2020 1
2020 1
2020 0
2020 1
2020 1
2020 1
2020 1
2020 1
2020 2
2020 1
2020 0
2020 0
2020 0
2020 0
2020 0
2020 0
2020 0
2020 0
2020 0
2020 0
2020 0
2020 0
2020 0
2020 2
2020 17
2020 14
2020 14
2020 11
2020 10
2020 9
2020 9
2020 9
2020 10
2020 8
2020 18
2020 27
2020 18
2020 6
2020 3
2020 0
2020 0
2020 16
2020 22
2020 17
2020 13
2020 11
2020 10
2020 0
2020 0
2020 0
2020 0
2020 0
2020 0
2020 0
2020 0
2020 0
2020 6
2020 0
2020 0
2020 0
2020 0
2020 0
2020 0
2020 20
2020 13
2020 12
2020 1
2020 0
2020 0
2020 7
2020 3
2020 0
2020 0
2020 0
2020 0
2020 5
2020 0
2020 0
2020 0
2020 0
2020 0
2020 0
2020 0
2020 0
2020 0
2020 0
2020 0
2020 0
2020 0
2020 0
2020 0
2020 0
2020 0
2020 0
2020 0
2020 1
2020 0
2020 0
2020 0
2020 0
2020 0
2020 0
2020 0
2020 0
2020 0
2020 0
2020 0
2020 0
2020 0
2020 0
2020 0
2020 0
2020 0
2020 0
2020 0
2020 0
2020 0
2020 0
2020 0
2020 0
2020 0
2020 0
2020 0
2020 0
2020 0
2020 0
2020 0
2020 0
2020 0
2020 0
2020 0
2020 0
2020 0
2020 0
2020 0
2020 0
2020 0
2020 0
2020 0
2020 0
2020 0
2020 0
2020 0
2020 0
2020 0
2020 0
2020 0
2020 0
2020 0
2020 0
2020 0
2020 0
2020 0
2020 0
2020 0
2020 0
2020 0
2020 0
2020 0
2020 0
2020 0
2020 0
2020 0
2020 0
2020 0
2020 0
2020 0
2020 0
2020 0
2020 0
2020 0
2020 0
2020 0
2020 0
2020 0
2020 0
2020 0
2020 0
2020 0
2020 0
2020 0
2020 0
2020 0
2020 0
2020 0
2020 0
2020 0
2020 0
2020 0
2020 0
2020 0
2020 0
2020 0
2020 0
2020 0
2020 0
2020 0
2020 0
2020 0
2020 0
2020 0
2020 0
2020 0
2020 0
2020 0
2020 0
2020 0
2020 0
2020 0
2020 0
2020 0
2020 0
2020 0
2020 0
2020 0
2020 0
2020 0
2020 0
2020 0
2020 0
2020 0
2020 0
2020 0
2020 0
2020 0
2020 0
2020 0
2020 0
2020 0
2020 0
2020 0
2020 0
2020 0
2020 0
2020 0
2020 0
2020 0
2020 0
2020 0
2020 0
2020 0
2020 0
2020 0
2020 0
2020 0
2020 0
2020 0
2020 0
2020 0
2020 0
2020 0
