1974 NA
1974 NA
1974 NA
1974 NA
1974 NA
1974 NA
1974 NA
1974 NA
1974 NA
1974 NA
1974 NA
1974 NA
1974 NA
1974 NA
1974 NA
1974 NA
1974 NA
1974 NA
1974 NA
1974 NA
1974 NA
1974 NA
1974 NA
1974 NA
1974 NA
1974 NA
1974 NA
1974 NA
1974 NA
1974 NA
1974 NA
1974 NA
1974 NA
1974 NA
1974 NA
1974 NA
1974 NA
1974 NA
1974 NA
1974 NA
1974 NA
1974 NA
1974 NA
1974 NA
1974 NA
1974 NA
1974 NA
1974 NA
1974 NA
1974 NA
1974 NA
1974 NA
1974 NA
1974 NA
1974 NA
1974 NA
1974 NA
1974 NA
1974 NA
1974 NA
1974 NA
1974 NA
1974 NA
1974 NA
1974 NA
1974 NA
1974 NA
1974 NA
1974 NA
1974 NA
1974 NA
1974 NA
1974 NA
1974 NA
1974 NA
1974 NA
1974 NA
1974 NA
1974 NA
1974 NA
1974 NA
1974 NA
1974 NA
1974 NA
1974 NA
1974 NA
1974 NA
1974 NA
1974 NA
1974 NA
1974 NA
1974 NA
1974 NA
1974 NA
1974 NA
1974 NA
1974 NA
1974 NA
1974 NA
1974 NA
1974 NA
1974 NA
1974 NA
1974 NA
1974 NA
1974 NA
1974 NA
1974 NA
1974 NA
1974 10
1974 10
1974 10
1974 45
1974 45
1974 65
1974 70
1974 70
1974 70
1974 70
1974 70
1974 70
1974 70
1974 90
1974 90
1974 100
1974 100
1974 100
1974 100
1974 96
1974 95
1974 93
1974 90
1974 88
1974 85
1974 82
1974 79
1974 75
1974 73
1974 72
1974 72
1974 72
1974 70
1974 66
1974 66
1974 65
1974 65
1974 65
1974 65
1974 65
1974 63
1974 60
1974 60
1974 60
1974 70
1974 70
1974 80
1974 95
1974 90
1974 90
1974 110
1974 105
1974 105
1974 105
1974 103
1974 100
1974 100
1974 100
1974 100
1974 96
1974 100
1974 118
1974 120
1974 122
1974 120
1974 118
1974 118
1974 116
1974 115
1974 118
1974 120
1974 123
1974 120
1974 127
1974 145
1974 170
1974 260
1974 300
1974 340
1974 310
1974 300
1974 280
1974 270
1974 255
1974 250
1974 250
1974 248
1974 246
1974 245
1974 240
1974 220
1974 200
1974 170
1974 160
1974 145
1974 140
1974 140
1974 130
1974 125
1974 118
1974 118
1974 110
1974 110
1974 108
1974 108
1974 106
1974 102
1974 101
1974 101
1974 98
1974 98
1974 96
1974 94
1974 92
1974 90
1974 NA
1974 NA
1974 NA
1974 NA
1974 NA
1974 NA
1974 NA
1974 NA
1974 NA
1974 NA
1974 NA
1974 NA
1974 NA
1974 NA
1974 NA
1974 NA
1974 NA
1974 NA
1974 NA
1974 NA
1974 NA
1974 NA
1974 NA
1974 NA
1974 NA
1974 NA
1974 NA
1974 NA
1974 NA
1974 NA
1974 NA
1974 NA
1974 NA
1974 NA
1974 NA
1974 NA
1974 NA
1974 NA
1974 NA
1974 NA
1974 NA
1974 NA
1974 NA
1974 NA
1974 NA
1974 NA
1974 NA
1974 NA
1974 NA
1974 NA
1974 NA
1974 NA
1974 NA
1974 NA
1974 NA
1974 NA
1974 NA
1974 NA
1974 NA
1974 NA
1974 NA
1974 NA
1974 NA
1974 NA
1974 NA
1974 NA
1974 NA
1974 NA
1974 NA
1974 NA
1974 NA
1974 NA
1974 NA
1974 NA
1974 NA
1974 NA
1974 NA
1974 NA
1974 NA
1974 NA
1974 NA
1974 NA
1974 NA
1974 NA
1974 NA
1974 NA
1974 NA
1974 NA
1974 NA
1974 NA
1974 NA
1974 NA
1974 NA
1974 NA
1974 NA
1974 NA
1974 NA
1974 NA
1974 NA
1974 NA
1974 NA
1974 NA
1974 NA
1974 NA
1974 NA
1974 NA
1974 NA
1974 NA
1974 NA
1974 NA
1974 NA
1974 NA
1974 NA
1974 NA
1974 NA
1974 NA
1974 NA
1974 NA
1974 NA
1974 NA
1974 NA
1974 NA
1974 NA
1974 NA
1974 NA
1974 NA
1974 NA
1974 NA
1974 NA
1974 NA
1974 NA
1974 NA
1974 NA
1974 NA
1974 NA
1974 NA
1974 NA
1974 NA
1974 NA
1974 NA
1974 NA
1975 NA
1975 NA
1975 NA
1975 NA
1975 NA
1975 NA
1975 NA
1975 NA
1975 NA
1975 NA
1975 NA
1975 NA
1975 NA
1975 NA
1975 NA
1975 NA
1975 NA
1975 NA
1975 NA
1975 NA
1975 NA
1975 NA
1975 NA
1975 NA
1975 NA
1975 NA
1975 NA
1975 NA
1975 NA
1975 NA
1975 NA
1975 NA
1975 NA
1975 NA
1975 NA
1975 NA
1975 NA
1975 NA
1975 NA
1975 NA
1975 NA
1975 NA
1975 NA
1975 NA
1975 NA
1975 NA
1975 NA
1975 NA
1975 NA
1975 NA
1975 NA
1975 NA
1975 NA
1975 NA
1975 NA
1975 NA
1975 NA
1975 NA
1975 NA
1975 NA
1975 NA
1975 NA
1975 NA
1975 NA
1975 NA
1975 NA
1975 NA
1975 NA
1975 NA
1975 NA
1975 NA
1975 NA
1975 NA
1975 NA
1975 NA
1975 NA
1975 NA
1975 NA
1975 NA
1975 NA
1975 NA
1975 NA
1975 NA
1975 NA
1975 NA
1975 NA
1975 NA
1975 NA
1975 NA
1975 NA
1975 NA
1975 NA
1975 NA
1975 NA
1975 NA
1975 NA
1975 NA
1975 NA
1975 NA
1975 40
1975 40
1975 40
1975 45
1975 45
1975 45
1975 45
1975 42
1975 41
1975 40
1975 40
1975 39
1975 39
1975 39
1975 38
1975 38
1975 38
1975 38
1975 38
1975 37
1975 36
1975 35
1975 35
1975 35
1975 35
1975 35
1975 35
1975 35
1975 35
1975 35
1975 35
1975 35
1975 35
1975 35
1975 35
1975 33
1975 33
1975 30
1975 30
1975 32
1975 37
1975 40
1975 39
1975 39
1975 39
1975 39
1975 42
1975 42
1975 40
1975 40
1975 45
1975 45
1975 44
1975 44
1975 44
1975 44
1975 50
1975 55
1975 55
1975 53
1975 50
1975 50
1975 50
1975 50
1975 50
1975 50
1975 50
1975 50
1975 65
1975 65
1975 65
1975 65
1975 64
1975 70
1975 70
1975 70
1975 68
1975 65
1975 65
1975 64
1975 63
1975 61
1975 60
1975 60
1975 60
1975 60
1975 63
1975 81
1975 70
1975 75
1975 75
1975 85
1975 90
1975 90
1975 103
1975 110
1975 110
1975 105
1975 130
1975 220
1975 340
1975 340
1975 220
1975 210
1975 200
1975 200
1975 200
1975 190
1975 190
1975 210
1975 235
1975 255
1975 355
1975 380
1975 375
1975 370
1975 380
1975 440
1975 460
1975 460
1975 450
1975 440
1975 440
1975 430
1975 420
1975 410
1975 400
1975 395
1975 390
1975 390
1975 380
1975 360
1975 350
1975 330
1975 310
1975 305
1975 300
1975 280
1975 260
1975 250
1975 240
1975 230
1975 225
1975 NA
1975 NA
1975 NA
1975 NA
1975 NA
1975 NA
1975 NA
1975 NA
1975 NA
1975 NA
1975 NA
1975 NA
1975 NA
1975 NA
1975 NA
1975 NA
1975 NA
1975 NA
1975 NA
1975 NA
1975 NA
1975 NA
1975 NA
1975 NA
1975 NA
1975 NA
1975 NA
1975 NA
1975 NA
1975 NA
1975 NA
1975 NA
1975 NA
1975 NA
1975 NA
1975 NA
1975 NA
1975 NA
1975 NA
1975 NA
1975 NA
1975 NA
1975 NA
1975 NA
1975 NA
1975 NA
1975 NA
1975 NA
1975 NA
1975 NA
1975 NA
1975 NA
1975 NA
1975 NA
1975 NA
1975 NA
1975 NA
1975 NA
1975 NA
1975 NA
1975 NA
1975 NA
1975 NA
1975 NA
1975 NA
1975 NA
1975 NA
1975 NA
1975 NA
1975 NA
1975 NA
1975 NA
1975 NA
1975 NA
1975 NA
1975 NA
1975 NA
1975 NA
1975 NA
1975 NA
1975 NA
1975 NA
1975 NA
1975 NA
1975 NA
1975 NA
1975 NA
1975 NA
1975 NA
1975 NA
1975 NA
1975 NA
1975 NA
1975 NA
1975 NA
1975 NA
1975 NA
1975 NA
1975 NA
1975 NA
1975 NA
1975 NA
1975 NA
1975 NA
1975 NA
1975 NA
1975 NA
1975 NA
1975 NA
1975 NA
1975 NA
1975 NA
1975 NA
1975 NA
1975 NA
1975 NA
1975 NA
1975 NA
1975 NA
1975 NA
1975 NA
1975 NA
1975 NA
1976 NA
1976 NA
1976 NA
1976 NA
1976 NA
1976 NA
1976 NA
1976 NA
1976 NA
1976 NA
1976 NA
1976 NA
1976 NA
1976 NA
1976 NA
1976 NA
1976 NA
1976 NA
1976 NA
1976 NA
1976 NA
1976 NA
1976 NA
1976 NA
1976 NA
1976 NA
1976 NA
1976 NA
1976 NA
1976 NA
1976 NA
1976 NA
1976 NA
1976 NA
1976 NA
1976 NA
1976 NA
1976 NA
1976 NA
1976 NA
1976 NA
1976 NA
1976 NA
1976 NA
1976 NA
1976 NA
1976 NA
1976 NA
1976 NA
1976 NA
1976 NA
1976 NA
1976 NA
1976 NA
1976 NA
1976 NA
1976 NA
1976 NA
1976 NA
1976 NA
1976 NA
1976 NA
1976 NA
1976 NA
1976 NA
1976 NA
1976 NA
1976 NA
1976 NA
1976 NA
1976 NA
1976 NA
1976 NA
1976 NA
1976 NA
1976 NA
1976 NA
1976 NA
1976 NA
1976 NA
1976 NA
1976 NA
1976 NA
1976 NA
1976 NA
1976 NA
1976 NA
1976 NA
1976 NA
1976 NA
1976 NA
1976 NA
1976 NA
1976 NA
1976 NA
1976 NA
1976 NA
1976 NA
1976 NA
1976 75
1976 75
1976 75
1976 75
1976 75
1976 75
1976 75
1976 75
1976 85
1976 80
1976 90
1976 85
1976 80
1976 80
1976 80
1976 78
1976 75
1976 75
1976 75
1976 75
1976 75
1976 72
1976 70
1976 70
1976 70
1976 70
1976 70
1976 70
1976 70
1976 70
1976 70
1976 68
1976 68
1976 65
1976 65
1976 65
1976 65
1976 65
1976 70
1976 65
1976 65
1976 65
1976 65
1976 65
1976 65
1976 65
1976 65
1976 65
1976 65
1976 65
1976 65
1976 65
1976 65
1976 75
1976 75
1976 100
1976 95
1976 95
1976 95
1976 95
1976 95
1976 95
1976 95
1976 90
1976 90
1976 105
1976 105
1976 120
1976 210
1976 220
1976 225
1976 225
1976 215
1976 198
1976 190
1976 185
1976 180
1976 175
1976 170
1976 170
1976 165
1976 160
1976 155
1976 150
1976 145
1976 140
1976 140
1976 140
1976 140
1976 160
1976 150
1976 160
1976 170
1976 170
1976 160
1976 155
1976 150
1976 150
1976 155
1976 150
1976 150
1976 150
1976 147
1976 145
1976 145
1976 145
1976 NA
1976 NA
1976 NA
1976 NA
1976 NA
1976 NA
1976 NA
1976 NA
1976 NA
1976 NA
1976 NA
1976 NA
1976 NA
1976 NA
1976 NA
1976 NA
1976 NA
1976 NA
1976 NA
1976 NA
1976 NA
1976 NA
1976 NA
1976 NA
1976 NA
1976 NA
1976 NA
1976 NA
1976 NA
1976 NA
1976 NA
1976 NA
1976 NA
1976 NA
1976 NA
1976 NA
1976 NA
1976 NA
1976 NA
1976 NA
1976 NA
1976 NA
1976 NA
1976 NA
1976 NA
1976 NA
1976 NA
1976 NA
1976 NA
1976 NA
1976 NA
1976 NA
1976 NA
1976 NA
1976 NA
1976 NA
1976 NA
1976 NA
1976 NA
1976 NA
1976 NA
1976 NA
1976 NA
1976 NA
1976 NA
1976 NA
1976 NA
1976 NA
1976 NA
1976 NA
1976 NA
1976 NA
1976 NA
1976 NA
1976 NA
1976 NA
1976 NA
1976 NA
1976 NA
1976 NA
1976 NA
1976 NA
1976 NA
1976 NA
1976 NA
1976 NA
1976 NA
1976 NA
1976 NA
1976 NA
1976 NA
1976 NA
1976 NA
1976 NA
1976 NA
1976 NA
1976 NA
1976 NA
1976 NA
1976 NA
1976 NA
1976 NA
1976 NA
1976 NA
1976 NA
1976 NA
1976 NA
1976 NA
1976 NA
1976 NA
1976 NA
1976 NA
1976 NA
1976 NA
1976 NA
1976 NA
1976 NA
1976 NA
1976 NA
1976 NA
1976 NA
1976 NA
1976 NA
1976 NA
1976 NA
1976 NA
1976 NA
1976 NA
1976 NA
1976 NA
1976 NA
1976 NA
1976 NA
1976 NA
1976 NA
1976 NA
1976 NA
1976 NA
1976 NA
1976 NA
1976 NA
1976 NA
1976 NA
1976 NA
1976 NA
1976 NA
1976 NA
1976 NA
1976 NA
1976 NA
1976 NA
1976 NA
1976 NA
1976 NA
1976 NA
1976 NA
1976 NA
1976 NA
1976 NA
1976 NA
1976 NA
1977 NA
1977 NA
1977 NA
1977 NA
1977 NA
1977 NA
1977 NA
1977 NA
1977 NA
1977 NA
1977 NA
1977 NA
1977 NA
1977 NA
1977 NA
1977 NA
1977 NA
1977 NA
1977 NA
1977 NA
1977 NA
1977 NA
1977 NA
1977 NA
1977 NA
1977 NA
1977 NA
1977 NA
1977 NA
1977 NA
1977 NA
1977 NA
1977 NA
1977 NA
1977 NA
1977 NA
1977 NA
1977 NA
1977 NA
1977 NA
1977 NA
1977 NA
1977 NA
1977 NA
1977 NA
1977 NA
1977 NA
1977 NA
1977 NA
1977 NA
1977 NA
1977 NA
1977 NA
1977 NA
1977 NA
1977 NA
1977 NA
1977 NA
1977 NA
1977 NA
1977 NA
1977 NA
1977 NA
1977 NA
1977 NA
1977 NA
1977 NA
1977 NA
1977 NA
1977 NA
1977 NA
1977 NA
1977 NA
1977 NA
1977 NA
1977 NA
1977 NA
1977 NA
1977 NA
1977 NA
1977 NA
1977 NA
1977 NA
1977 NA
1977 NA
1977 NA
1977 NA
1977 NA
1977 NA
1977 NA
1977 NA
1977 NA
1977 NA
1977 NA
1977 NA
1977 NA
1977 57
1977 67
1977 75
1977 75
1977 75
1977 95
1977 95
1977 90
1977 90
1977 90
1977 90
1977 85
1977 95
1977 90
1977 90
1977 85
1977 85
1977 85
1977 85
1977 85
1977 85
1977 85
1977 85
1977 105
1977 115
1977 115
1977 110
1977 115
1977 115
1977 150
1977 180
1977 180
1977 180
1977 170
1977 170
1977 170
1977 180
1977 200
1977 210
1977 200
1977 260
1977 260
1977 250
1977 245
1977 240
1977 235
1977 230
1977 230
1977 230
1977 225
1977 225
1977 210
1977 210
1977 225
1977 260
1977 290
1977 280
1977 275
1977 270
1977 260
1977 255
1977 250
1977 220
1977 220
1977 210
1977 205
1977 200
1977 195
1977 200
1977 200
1977 200
1977 195
1977 195
1977 190
1977 185
1977 185
1977 185
1977 200
1977 210
1977 200
1977 190
1977 185
1977 190
1977 190
1977 185
1977 185
1977 180
1977 175
1977 175
1977 170
1977 170
1977 165
1977 160
1977 160
1977 160
1977 160
1977 165
1977 170
1977 170
1977 175
1977 170
1977 170
1977 165
1977 165
1977 180
1977 180
1977 180
1977 175
1977 170
1977 170
1977 170
1977 165
1977 165
1977 230
1977 270
1977 300
1977 290
1977 280
1977 270
1977 260
1977 260
1977 265
1977 255
1977 270
1977 275
1977 270
1977 NA
1977 NA
1977 NA
1977 NA
1977 NA
1977 NA
1977 NA
1977 NA
1977 NA
1977 NA
1977 NA
1977 NA
1977 NA
1977 NA
1977 NA
1977 NA
1977 NA
1977 NA
1977 NA
1977 NA
1977 NA
1977 NA
1977 NA
1977 NA
1977 NA
1977 NA
1977 NA
1977 NA
1977 NA
1977 NA
1977 NA
1977 NA
1977 NA
1977 NA
1977 NA
1977 NA
1977 NA
1977 NA
1977 NA
1977 NA
1977 NA
1977 NA
1977 NA
1977 NA
1977 NA
1977 NA
1977 NA
1977 NA
1977 NA
1977 NA
1977 NA
1977 NA
1977 NA
1977 NA
1977 NA
1977 NA
1977 NA
1977 NA
1977 NA
1977 NA
1977 NA
1977 NA
1977 NA
1977 NA
1977 NA
1977 NA
1977 NA
1977 NA
1977 NA
1977 NA
1977 NA
1977 NA
1977 NA
1977 NA
1977 NA
1977 NA
1977 NA
1977 NA
1977 NA
1977 NA
1977 NA
1977 NA
1977 NA
1977 NA
1977 NA
1977 NA
1977 NA
1977 NA
1977 NA
1977 NA
1977 NA
1977 NA
1977 NA
1977 NA
1977 NA
1977 NA
1977 NA
1977 NA
1977 NA
1977 NA
1977 NA
1977 NA
1977 NA
1977 NA
1977 NA
1977 NA
1977 NA
1977 NA
1977 NA
1977 NA
1977 NA
1977 NA
1977 NA
1977 NA
1977 NA
1977 NA
1977 NA
1977 NA
1977 NA
1977 NA
1977 NA
1977 NA
1977 NA
1977 NA
1977 NA
1977 NA
1977 NA
1977 NA
1977 NA
1977 NA
1977 NA
1977 NA
1977 NA
1977 NA
1977 NA
1977 NA
1977 NA
1977 NA
1977 NA
1977 NA
1977 NA
1977 NA
1977 NA
1978 NA
1978 NA
1978 NA
1978 NA
1978 NA
1978 NA
1978 NA
1978 NA
1978 NA
1978 NA
1978 NA
1978 NA
1978 NA
1978 NA
1978 NA
1978 NA
1978 NA
1978 NA
1978 NA
1978 NA
1978 NA
1978 NA
1978 NA
1978 NA
1978 NA
1978 NA
1978 NA
1978 NA
1978 NA
1978 NA
1978 NA
1978 NA
1978 NA
1978 NA
1978 NA
1978 NA
1978 NA
1978 NA
1978 NA
1978 NA
1978 NA
1978 NA
1978 NA
1978 NA
1978 NA
1978 NA
1978 NA
1978 NA
1978 NA
1978 NA
1978 NA
1978 NA
1978 NA
1978 NA
1978 NA
1978 NA
1978 NA
1978 NA
1978 NA
1978 NA
1978 NA
1978 NA
1978 NA
1978 NA
1978 NA
1978 NA
1978 NA
1978 NA
1978 NA
1978 NA
1978 NA
1978 NA
1978 NA
1978 NA
1978 NA
1978 NA
1978 NA
1978 NA
1978 NA
1978 NA
1978 NA
1978 NA
1978 NA
1978 NA
1978 NA
1978 NA
1978 NA
1978 NA
1978 NA
1978 NA
1978 NA
1978 NA
1978 NA
1978 NA
1978 NA
1978 50
1978 50
1978 55
1978 55
1978 60
1978 55
1978 55
1978 55
1978 55
1978 60
1978 60
1978 60
1978 60
1978 60
1978 60
1978 57
1978 55
1978 55
1978 50
1978 50
1978 47
1978 45
1978 45
1978 70
1978 70
1978 70
1978 70
1978 70
1978 70
1978 70
1978 70
1978 70
1978 70
1978 70
1978 70
1978 70
1978 70
1978 65
1978 145
1978 205
1978 210
1978 210
1978 205
1978 205
1978 220
1978 215
1978 220
1978 225
1978 225
1978 225
1978 220
1978 220
1978 215
1978 210
1978 210
1978 260
1978 300
1978 300
1978 300
1978 290
1978 285
1978 280
1978 275
1978 270
1978 270
1978 265
1978 260
1978 255
1978 280
1978 300
1978 300
1978 300
1978 290
1978 285
1978 285
1978 280
1978 270
1978 270
1978 265
1978 260
1978 255
1978 255
1978 250
1978 250
1978 250
1978 250
1978 245
1978 240
1978 240
1978 235
1978 230
1978 235
1978 230
1978 225
1978 225
1978 225
1978 210
1978 210
1978 200
1978 200
1978 200
1978 200
1978 240
1978 240
1978 260
1978 260
1978 255
1978 250
1978 245
1978 255
1978 255
1978 250
1978 255
1978 245
1978 240
1978 235
1978 230
1978 220
1978 210
1978 210
1978 207
1978 203
1978 200
1978 197
1978 195
1978 190
1978 190
1978 185
1978 195
1978 280
1978 320
1978 330
1978 340
1978 330
1978 320
1978 310
1978 300
1978 NA
1978 NA
1978 NA
1978 NA
1978 NA
1978 NA
1978 NA
1978 NA
1978 NA
1978 NA
1978 NA
1978 NA
1978 NA
1978 NA
1978 NA
1978 NA
1978 NA
1978 NA
1978 NA
1978 NA
1978 NA
1978 NA
1978 NA
1978 NA
1978 NA
1978 NA
1978 NA
1978 NA
1978 NA
1978 NA
1978 NA
1978 NA
1978 NA
1978 NA
1978 NA
1978 NA
1978 NA
1978 NA
1978 NA
1978 NA
1978 NA
1978 NA
1978 NA
1978 NA
1978 NA
1978 NA
1978 NA
1978 NA
1978 NA
1978 NA
1978 NA
1978 NA
1978 NA
1978 NA
1978 NA
1978 NA
1978 NA
1978 NA
1978 NA
1978 NA
1978 NA
1978 NA
1978 NA
1978 NA
1978 NA
1978 NA
1978 NA
1978 NA
1978 NA
1978 NA
1978 NA
1978 NA
1978 NA
1978 NA
1978 NA
1978 NA
1978 NA
1978 NA
1978 NA
1978 NA
1978 NA
1978 NA
1978 NA
1978 NA
1978 NA
1978 NA
1978 NA
1978 NA
1978 NA
1978 NA
1978 NA
1978 NA
1978 NA
1978 NA
1978 NA
1978 NA
1978 NA
1978 NA
1978 NA
1978 NA
1978 NA
1978 NA
1978 NA
1978 NA
1978 NA
1978 NA
1978 NA
1978 NA
1978 NA
1978 NA
1978 NA
1978 NA
1978 NA
1978 NA
1978 NA
1978 NA
1978 NA
1978 NA
1978 NA
1978 NA
1978 NA
1978 NA
1978 NA
1978 NA
1978 NA
1978 NA
1978 NA
1978 NA
1978 NA
1978 NA
1978 NA
1978 NA
1978 NA
1979 NA
1979 NA
1979 NA
1979 NA
1979 NA
1979 NA
1979 NA
1979 NA
1979 NA
1979 NA
1979 NA
1979 NA
1979 NA
1979 NA
1979 NA
1979 NA
1979 NA
1979 NA
1979 NA
1979 NA
1979 NA
1979 NA
1979 NA
1979 NA
1979 NA
1979 NA
1979 NA
1979 NA
1979 NA
1979 NA
1979 NA
1979 NA
1979 NA
1979 NA
1979 NA
1979 NA
1979 NA
1979 NA
1979 NA
1979 NA
1979 NA
1979 NA
1979 NA
1979 NA
1979 NA
1979 NA
1979 NA
1979 NA
1979 NA
1979 NA
1979 NA
1979 NA
1979 NA
1979 NA
1979 NA
1979 NA
1979 NA
1979 NA
1979 NA
1979 NA
1979 NA
1979 NA
1979 NA
1979 NA
1979 NA
1979 NA
1979 NA
1979 NA
1979 NA
1979 NA
1979 NA
1979 NA
1979 NA
1979 NA
1979 NA
1979 NA
1979 NA
1979 NA
1979 NA
1979 NA
1979 NA
1979 NA
1979 NA
1979 NA
1979 NA
1979 NA
1979 NA
1979 NA
1979 NA
1979 NA
1979 NA
1979 NA
1979 NA
1979 NA
1979 NA
1979 NA
1979 NA
1979 NA
1979 NA
1979 NA
1979 NA
1979 60
1979 50
1979 50
1979 50
1979 50
1979 47
1979 70
1979 70
1979 80
1979 100
1979 95
1979 95
1979 120
1979 120
1979 116
1979 113
1979 110
1979 105
1979 100
1979 115
1979 115
1979 110
1979 115
1979 115
1979 115
1979 100
1979 100
1979 95
1979 95
1979 95
1979 110
1979 135
1979 150
1979 145
1979 140
1979 140
1979 140
1979 140
1979 140
1979 140
1979 135
1979 135
1979 134
1979 130
1979 125
1979 145
1979 160
1979 160
1979 140
1979 125
1979 150
1979 150
1979 145
1979 145
1979 145
1979 140
1979 140
1979 135
1979 135
1979 135
1979 135
1979 135
1979 135
1979 145
1979 150
1979 180
1979 190
1979 190
1979 230
1979 240
1979 240
1979 240
1979 255
1979 230
1979 230
1979 230
1979 225
1979 225
1979 213
1979 200
1979 210
1979 205
1979 200
1979 200
1979 195
1979 190
1979 185
1979 200
1979 195
1979 190
1979 180
1979 175
1979 170
1979 165
1979 165
1979 165
1979 190
1979 195
1979 175
1979 170
1979 185
1979 190
1979 210
1979 200
1979 195
1979 190
1979 185
1979 180
1979 210
1979 230
1979 225
1979 230
1979 240
1979 230
1979 240
1979 250
1979 280
1979 280
1979 270
1979 265
1979 260
1979 255
1979 245
1979 240
1979 230
1979 220
1979 NA
1979 NA
1979 NA
1979 NA
1979 NA
1979 NA
1979 NA
1979 NA
1979 NA
1979 NA
1979 NA
1979 NA
1979 NA
1979 NA
1979 NA
1979 NA
1979 NA
1979 NA
1979 NA
1979 NA
1979 NA
1979 NA
1979 NA
1979 NA
1979 NA
1979 NA
1979 NA
1979 NA
1979 NA
1979 NA
1979 NA
1979 NA
1979 NA
1979 NA
1979 NA
1979 NA
1979 NA
1979 NA
1979 NA
1979 NA
1979 NA
1979 NA
1979 NA
1979 NA
1979 NA
1979 NA
1979 NA
1979 NA
1979 NA
1979 NA
1979 NA
1979 NA
1979 NA
1979 NA
1979 NA
1979 NA
1979 NA
1979 NA
1979 NA
1979 NA
1979 NA
1979 NA
1979 NA
1979 NA
1979 NA
1979 NA
1979 NA
1979 NA
1979 NA
1979 NA
1979 NA
1979 NA
1979 NA
1979 NA
1979 NA
1979 NA
1979 NA
1979 NA
1979 NA
1979 NA
1979 NA
1979 NA
1979 NA
1979 NA
1979 NA
1979 NA
1979 NA
1979 NA
1979 NA
1979 NA
1979 NA
1979 NA
1979 NA
1979 NA
1979 NA
1979 NA
1979 NA
1979 NA
1979 NA
1979 NA
1979 NA
1979 NA
1979 NA
1979 NA
1979 NA
1979 NA
1979 NA
1979 NA
1979 NA
1979 NA
1979 NA
1979 NA
1979 NA
1979 NA
1979 NA
1979 NA
1979 NA
1979 NA
1979 NA
1979 NA
1979 NA
1979 NA
1979 NA
1979 NA
1979 NA
1979 NA
1979 NA
1979 NA
1979 NA
1979 NA
1979 NA
1979 NA
1979 NA
1979 NA
1979 NA
1979 NA
1979 NA
1979 NA
1980 NA
1980 NA
1980 NA
1980 NA
1980 NA
1980 NA
1980 NA
1980 NA
1980 NA
1980 NA
1980 NA
1980 NA
1980 NA
1980 NA
1980 NA
1980 NA
1980 NA
1980 NA
1980 NA
1980 NA
1980 NA
1980 NA
1980 NA
1980 NA
1980 NA
1980 NA
1980 NA
1980 NA
1980 NA
1980 NA
1980 NA
1980 NA
1980 NA
1980 NA
1980 NA
1980 NA
1980 NA
1980 NA
1980 NA
1980 NA
1980 NA
1980 NA
1980 NA
1980 NA
1980 NA
1980 NA
1980 NA
1980 NA
1980 NA
1980 NA
1980 NA
1980 NA
1980 NA
1980 NA
1980 NA
1980 NA
1980 NA
1980 NA
1980 NA
1980 NA
1980 NA
1980 NA
1980 NA
1980 NA
1980 NA
1980 NA
1980 NA
1980 NA
1980 NA
1980 NA
1980 NA
1980 NA
1980 NA
1980 NA
1980 NA
1980 NA
1980 NA
1980 NA
1980 NA
1980 NA
1980 NA
1980 NA
1980 NA
1980 NA
1980 NA
1980 NA
1980 NA
1980 NA
1980 NA
1980 NA
1980 NA
1980 85
1980 85
1980 85
1980 85
1980 85
1980 85
1980 85
1980 85
1980 70
1980 70
1980 70
1980 70
1980 70
1980 70
1980 95
1980 110
1980 110
1980 110
1980 110
1980 150
1980 155
1980 170
1980 180
1980 165
1980 160
1980 160
1980 160
1980 155
1980 160
1980 160
1980 155
1980 155
1980 155
1980 150
1980 150
1980 145
1980 155
1980 150
1980 145
1980 145
1980 140
1980 140
1980 145
1980 145
1980 145
1980 140
1980 170
1980 170
1980 170
1980 165
1980 160
1980 160
1980 160
1980 210
1980 220
1980 215
1980 210
1980 210
1980 190
1980 190
1980 190
1980 185
1980 200
1980 200
1980 190
1980 190
1980 185
1980 180
1980 175
1980 175
1980 175
1980 175
1980 175
1980 170
1980 170
1980 170
1980 170
1980 170
1980 170
1980 170
1980 170
1980 170
1980 170
1980 170
1980 170
1980 170
1980 170
1980 165
1980 165
1980 160
1980 160
1980 160
1980 160
1980 160
1980 160
1980 150
1980 150
1980 150
1980 165
1980 175
1980 170
1980 170
1980 165
1980 165
1980 165
1980 175
1980 180
1980 180
1980 180
1980 175
1980 175
1980 185
1980 185
1980 185
1980 185
1980 185
1980 180
1980 175
1980 175
1980 170
1980 175
1980 170
1980 170
1980 165
1980 165
1980 165
1980 160
1980 160
1980 160
1980 160
1980 NA
1980 NA
1980 NA
1980 NA
1980 NA
1980 NA
1980 NA
1980 NA
1980 NA
1980 NA
1980 NA
1980 NA
1980 NA
1980 NA
1980 NA
1980 NA
1980 NA
1980 NA
1980 NA
1980 NA
1980 NA
1980 NA
1980 NA
1980 NA
1980 NA
1980 NA
1980 NA
1980 NA
1980 NA
1980 NA
1980 NA
1980 NA
1980 NA
1980 NA
1980 NA
1980 NA
1980 NA
1980 NA
1980 NA
1980 NA
1980 NA
1980 NA
1980 NA
1980 NA
1980 NA
1980 NA
1980 NA
1980 NA
1980 NA
1980 NA
1980 NA
1980 NA
1980 NA
1980 NA
1980 NA
1980 NA
1980 NA
1980 NA
1980 NA
1980 NA
1980 NA
1980 NA
1980 NA
1980 NA
1980 NA
1980 NA
1980 NA
1980 NA
1980 NA
1980 NA
1980 NA
1980 NA
1980 NA
1980 NA
1980 NA
1980 NA
1980 NA
1980 NA
1980 NA
1980 NA
1980 NA
1980 NA
1980 NA
1980 NA
1980 NA
1980 NA
1980 NA
1980 NA
1980 NA
1980 NA
1980 NA
1980 NA
1980 NA
1980 NA
1980 NA
1980 NA
1980 NA
1980 NA
1980 NA
1980 NA
1980 NA
1980 NA
1980 NA
1980 NA
1980 NA
1980 NA
1980 NA
1980 NA
1980 NA
1980 NA
1980 NA
1980 NA
1980 NA
1980 NA
1980 NA
1980 NA
1980 NA
1980 NA
1980 NA
1980 NA
1980 NA
1980 NA
1980 NA
1980 NA
1980 NA
1980 NA
1980 NA
1980 NA
1980 NA
1980 NA
1980 NA
1980 NA
1980 NA
1980 NA
1980 NA
1980 NA
1980 NA
1980 NA
1980 NA
1980 NA
1980 NA
1980 NA
1980 NA
1980 NA
1980 NA
1991 NA
1991 NA
1991 NA
1991 NA
1991 NA
1991 NA
1991 NA
1991 NA
1991 NA
1991 NA
1991 NA
1991 NA
1991 NA
1991 NA
1991 NA
1991 NA
1991 NA
1991 NA
1991 NA
1991 NA
1991 NA
1991 NA
1991 NA
1991 NA
1991 NA
1991 NA
1991 NA
1991 NA
1991 NA
1991 NA
1991 NA
1991 NA
1991 NA
1991 NA
1991 NA
1991 NA
1991 NA
1991 NA
1991 NA
1991 NA
1991 NA
1991 NA
1991 NA
1991 NA
1991 NA
1991 NA
1991 NA
1991 NA
1991 NA
1991 NA
1991 NA
1991 NA
1991 NA
1991 NA
1991 NA
1991 NA
1991 NA
1991 NA
1991 NA
1991 NA
1991 NA
1991 NA
1991 NA
1991 NA
1991 NA
1991 NA
1991 NA
1991 NA
1991 NA
1991 NA
1991 NA
1991 NA
1991 NA
1991 NA
1991 NA
1991 NA
1991 NA
1991 NA
1991 NA
1991 NA
1991 NA
1991 NA
1991 NA
1991 NA
1991 NA
1991 NA
1991 NA
1991 NA
1991 NA
1991 NA
1991 NA
1991 46
1991 46
1991 46
1991 46
1991 46
1991 45
1991 41
1991 39
1991 37
1991 100
1991 122
1991 125
1991 125
1991 125
1991 125
1991 125
1991 130
1991 130
1991 120
1991 120
1991 120
1991 116
1991 113
1991 110
1991 105
1991 105
1991 105
1991 115
1991 115
1991 110
1991 100
1991 100
1991 120
1991 100
1991 100
1991 108
1991 135
1991 135
1991 132
1991 130
1991 130
1991 130
1991 125
1991 125
1991 127
1991 127
1991 125
1991 125
1991 125
1991 125
1991 125
1991 123
1991 123
1991 120
1991 120
1991 120
1991 120
1991 120
1991 117
1991 117
1991 117
1991 117
1991 117
1991 115
1991 115
1991 115
1991 115
1991 115
1991 120
1991 140
1991 150
1991 160
1991 210
1991 210
1991 200
1991 200
1991 195
1991 195
1991 185
1991 180
1991 175
1991 170
1991 150
1991 140
1991 140
1991 140
1991 140
1991 140
1991 135
1991 130
1991 130
1991 130
1991 130
1991 130
1991 130
1991 125
1991 125
1991 120
1991 120
1991 115
1991 110
1991 110
1991 105
1991 100
1991 95
1991 95
1991 90
1991 90
1991 90
1991 85
1991 80
1991 80
1991 80
1991 80
1991 80
1991 80
1991 80
1991 83
1991 83
1991 83
1991 83
1991 NA
1991 NA
1991 NA
1991 NA
1991 NA
1991 NA
1991 NA
1991 NA
1991 NA
1991 NA
1991 NA
1991 NA
1991 NA
1991 NA
1991 NA
1991 NA
1991 NA
1991 NA
1991 NA
1991 NA
1991 NA
1991 NA
1991 NA
1991 NA
1991 NA
1991 NA
1991 NA
1991 NA
1991 NA
1991 NA
1991 NA
1991 NA
1991 NA
1991 NA
1991 NA
1991 NA
1991 NA
1991 NA
1991 NA
1991 NA
1991 NA
1991 NA
1991 NA
1991 NA
1991 NA
1991 NA
1991 NA
1991 NA
1991 NA
1991 NA
1991 NA
1991 NA
1991 NA
1991 NA
1991 NA
1991 NA
1991 NA
1991 NA
1991 NA
1991 NA
1991 NA
1991 NA
1991 NA
1991 NA
1991 NA
1991 NA
1991 NA
1991 NA
1991 NA
1991 NA
1991 NA
1991 NA
1991 NA
1991 NA
1991 NA
1991 NA
1991 NA
1991 NA
1991 NA
1991 NA
1991 NA
1991 NA
1991 NA
1991 NA
1991 NA
1991 NA
1991 NA
1991 NA
1991 NA
1991 NA
1991 NA
1991 NA
1991 NA
1991 NA
1991 NA
1991 NA
1991 NA
1991 NA
1991 NA
1991 NA
1991 NA
1991 NA
1991 NA
1991 NA
1991 NA
1991 NA
1991 NA
1991 NA
1991 NA
1991 NA
1991 NA
1991 NA
1991 NA
1991 NA
1991 NA
1991 NA
1991 NA
1991 NA
1991 NA
1991 NA
1991 NA
1991 NA
1991 NA
1991 NA
1991 NA
1991 NA
1991 NA
1991 NA
1991 NA
1991 NA
1991 NA
1991 NA
1991 NA
1991 NA
1991 NA
1991 NA
1991 NA
1991 NA
1991 NA
1991 NA
1991 NA
1991 NA
1991 NA
1991 NA
1991 NA
1991 NA
1991 NA
1991 NA
1991 NA
1991 NA
1991 NA
1991 NA
1991 NA
1994 NA
1994 NA
1994 NA
1994 NA
1994 NA
1994 NA
1994 NA
1994 NA
1994 NA
1994 NA
1994 NA
1994 NA
1994 NA
1994 NA
1994 NA
1994 NA
1994 NA
1994 NA
1994 NA
1994 NA
1994 NA
1994 NA
1994 NA
1994 NA
1994 NA
1994 NA
1994 NA
1994 NA
1994 NA
1994 NA
1994 NA
1994 NA
1994 NA
1994 NA
1994 NA
1994 NA
1994 NA
1994 NA
1994 NA
1994 NA
1994 NA
1994 NA
1994 NA
1994 NA
1994 NA
1994 NA
1994 NA
1994 NA
1994 NA
1994 NA
1994 NA
1994 NA
1994 NA
1994 NA
1994 NA
1994 NA
1994 NA
1994 NA
1994 NA
1994 NA
1994 NA
1994 NA
1994 NA
1994 NA
1994 NA
1994 NA
1994 NA
1994 NA
1994 NA
1994 NA
1994 NA
1994 NA
1994 NA
1994 NA
1994 NA
1994 NA
1994 NA
1994 NA
1994 NA
1994 NA
1994 NA
1994 NA
1994 NA
1994 NA
1994 NA
1994 NA
1994 NA
1994 NA
1994 NA
1994 NA
1994 NA
1994 NA
1994 NA
1994 NA
1994 NA
1994 NA
1994 NA
1994 NA
1994 NA
1994 NA
1994 NA
1994 NA
1994 NA
1994 NA
1994 NA
1994 NA
1994 NA
1994 NA
1994 NA
1994 NA
1994 NA
1994 NA
1994 NA
1994 50
1994 50
1994 110
1994 118
1994 130
1994 NA
1994 NA
1994 NA
1994 NA
1994 NA
1994 NA
1994 NA
1994 NA
1994 NA
1994 NA
1994 NA
1994 NA
1994 NA
1994 NA
1994 NA
1994 NA
1994 NA
1994 NA
1994 NA
1994 NA
1994 NA
1994 NA
1994 NA
1994 NA
1994 NA
1994 NA
1994 NA
1994 NA
1994 NA
1994 NA
1994 NA
1994 NA
1994 NA
1994 NA
1994 NA
1994 NA
1994 NA
1994 NA
1994 NA
1994 105
1994 NA
1994 NA
1994 NA
1994 NA
1994 NA
1994 NA
1994 NA
1994 NA
1994 NA
1994 NA
1994 NA
1994 NA
1994 NA
1994 NA
1994 NA
1994 NA
1994 NA
1994 NA
1994 NA
1994 NA
1994 NA
1994 NA
1994 NA
1994 NA
1994 NA
1994 NA
1994 NA
1994 NA
1994 NA
1994 NA
1994 NA
1994 NA
1994 NA
1994 NA
1994 NA
1994 NA
1994 NA
1994 NA
1994 NA
1994 NA
1994 NA
1994 NA
1994 NA
1994 NA
1994 NA
1994 NA
1994 NA
1994 NA
1994 NA
1994 NA
1994 NA
1994 NA
1994 NA
1994 NA
1994 NA
1994 NA
1994 NA
1994 NA
1994 NA
1994 NA
1994 NA
1994 NA
1994 NA
1994 NA
1994 NA
1994 NA
1994 NA
1994 NA
1994 NA
1994 NA
1994 NA
1994 NA
1994 NA
1994 NA
1994 NA
1994 NA
1994 NA
1994 NA
1994 NA
1994 NA
1994 NA
1994 NA
1994 NA
1994 NA
1994 NA
1994 NA
1994 NA
1994 NA
1994 NA
1994 NA
1994 NA
1994 NA
1994 NA
1994 NA
1994 NA
1994 NA
1994 NA
1994 NA
1994 NA
1994 NA
1994 NA
1994 NA
1994 NA
1994 NA
1994 NA
1994 NA
1994 NA
1994 NA
1994 NA
1994 NA
1994 NA
1994 NA
1994 NA
1994 NA
1994 NA
1994 NA
1994 NA
1994 NA
1994 NA
1994 NA
1994 NA
1994 NA
1994 NA
1994 NA
1994 NA
1994 NA
1994 NA
1994 NA
1994 NA
1994 NA
1994 NA
1994 NA
1994 NA
1994 NA
1994 NA
1994 NA
1994 NA
1994 NA
1994 NA
1994 NA
1994 NA
1994 NA
1994 NA
1994 NA
1994 NA
1994 NA
1994 NA
1994 NA
1994 NA
1994 NA
1994 NA
1994 NA
1994 NA
1994 NA
1994 NA
1994 NA
1994 NA
1994 NA
1994 NA
1994 NA
1994 NA
1994 NA
1994 NA
1994 NA
1994 NA
1994 NA
1994 NA
1994 NA
1994 NA
1994 NA
1994 NA
1994 NA
1994 NA
1994 NA
1994 NA
1994 NA
1994 NA
1994 NA
1994 NA
1994 NA
1994 NA
1994 NA
1994 NA
1994 NA
1994 NA
1994 NA
1994 NA
1994 NA
1994 NA
1994 NA
1994 NA
1994 NA
1994 NA
1994 NA
1994 NA
1994 NA
1994 NA
1994 NA
1994 NA
1994 NA
1994 NA
1994 NA
1994 NA
1994 NA
1994 NA
1994 NA
1994 NA
2015 NA
2015 NA
2015 NA
2015 NA
2015 NA
2015 NA
2015 NA
2015 NA
2015 NA
2015 NA
2015 NA
2015 NA
2015 NA
2015 NA
2015 NA
2015 NA
2015 NA
2015 NA
2015 NA
2015 NA
2015 NA
2015 NA
2015 NA
2015 NA
2015 NA
2015 NA
2015 NA
2015 NA
2015 NA
2015 NA
2015 NA
2015 NA
2015 NA
2015 NA
2015 NA
2015 NA
2015 NA
2015 NA
2015 NA
2015 NA
2015 NA
2015 NA
2015 NA
2015 NA
2015 NA
2015 NA
2015 NA
2015 NA
2015 NA
2015 NA
2015 NA
2015 NA
2015 NA
2015 NA
2015 NA
2015 NA
2015 NA
2015 NA
2015 NA
2015 NA
2015 NA
2015 NA
2015 NA
2015 NA
2015 NA
2015 NA
2015 NA
2015 NA
2015 NA
2015 NA
2015 NA
2015 NA
2015 NA
2015 NA
2015 NA
2015 NA
2015 NA
2015 NA
2015 NA
2015 NA
2015 NA
2015 NA
2015 NA
2015 NA
2015 NA
2015 NA
2015 NA
2015 NA
2015 NA
2015 NA
2015 NA
2015 0
2015 0
2015 0
2015 30
2015 30
2015 29
2015 37
2015 38
2015 36
2015 35
2015 34
2015 33
2015 31
2015 29
2015 28
2015 28
2015 28
2015 26
2015 24
2015 24
2015 24
2015 23
2015 22
2015 21
2015 20
2015 20
2015 21
2015 38
2015 35
2015 37
2015 40
2015 40
2015 37
2015 35
2015 35
2015 36
2015 35
2015 35
2015 35
2015 33
2015 32
2015 30
2015 34
2015 32
2015 32
2015 35
2015 34
2015 38
2015 46
2015 45
2015 45
2015 44
2015 50
2015 50
2015 49
2015 48
2015 47
2015 47
2015 47
2015 47
2015 74
2015 80
2015 75
2015 80
2015 77
2015 75
2015 80
2015 100
2015 105
2015 100
2015 98
2015 92
2015 88
2015 88
2015 84
2015 84
2015 83
2015 80
2015 80
2015 80
2015 80
2015 79
2015 79
2015 83
2015 93
2015 95
2015 109
2015 106
2015 102
2015 101
2015 98
2015 97
2015 101
2015 99
2015 100
2015 97
2015 94
2015 94
2015 94
2015 93
2015 88
2015 89
2015 88
2015 86
2015 86
2015 86
2015 92
2015 91
2015 89
2015 87
2015 86
2015 91
2015 90
2015 87
2015 85
2015 126
2015 126
2015 125
2015 112
2015 108
2015 105
2015 104
2015 103
2015 102
2015 100
2015 104
2015 98
2015 100
2015 98
2015 98
2015 95
2015 93
2015 90
2015 85
2015 78
2015 75
2015 72
2015 68
2015 66
2015 63
2015 63
2015 58
2015 53
2015 45
2015 37
2015 33
2015 28
2015 23
2015 19
2015 14
2015 10
2015 NA
2015 NA
2015 NA
2015 NA
2015 NA
2015 NA
2015 NA
2015 NA
2015 NA
2015 NA
2015 NA
2015 NA
2015 NA
2015 NA
2015 NA
2015 NA
2015 NA
2015 NA
2015 NA
2015 NA
2015 NA
2015 NA
2015 NA
2015 NA
2015 NA
2015 NA
2015 NA
2015 NA
2015 NA
2015 NA
2015 NA
2015 NA
2015 NA
2015 NA
2015 NA
2015 NA
2015 NA
2015 NA
2015 NA
2015 NA
2015 NA
2015 NA
2015 NA
2015 NA
2015 NA
2015 NA
2015 NA
2015 NA
2015 NA
2015 NA
2015 NA
2015 NA
2015 NA
2015 NA
2015 NA
2015 NA
2015 NA
2015 NA
2015 NA
2015 NA
2015 NA
2015 NA
2015 NA
2015 NA
2015 NA
2015 NA
2015 NA
2015 NA
2015 NA
2015 NA
2015 NA
2015 NA
2015 NA
2015 NA
2015 NA
2015 NA
2015 NA
2015 NA
2015 NA
2015 NA
2015 NA
2015 NA
2015 NA
2015 NA
2015 NA
2015 NA
2015 NA
2015 NA
2015 NA
2015 NA
2015 NA
2015 NA
2015 NA
2015 NA
2015 NA
2015 NA
2015 NA
2015 NA
2015 NA
2015 NA
2015 NA
2015 NA
2015 NA
2015 NA
2015 NA
2015 NA
2015 NA
2015 NA
2015 NA
2015 NA
2015 NA
2015 NA
2015 NA
2015 NA
2015 NA
2015 NA
2015 NA
2015 NA
2015 NA
2015 NA
2015 NA
2015 NA
2015 NA
2016 NA
2016 NA
2016 NA
2016 NA
2016 NA
2016 NA
2016 NA
2016 NA
2016 NA
2016 NA
2016 NA
2016 NA
2016 NA
2016 NA
2016 NA
2016 NA
2016 NA
2016 NA
2016 NA
2016 NA
2016 NA
2016 NA
2016 NA
2016 NA
2016 NA
2016 NA
2016 NA
2016 NA
2016 NA
2016 NA
2016 NA
2016 NA
2016 NA
2016 NA
2016 NA
2016 NA
2016 NA
2016 NA
2016 NA
2016 NA
2016 NA
2016 NA
2016 NA
2016 NA
2016 NA
2016 NA
2016 NA
2016 NA
2016 NA
2016 NA
2016 NA
2016 NA
2016 NA
2016 NA
2016 NA
2016 NA
2016 NA
2016 NA
2016 NA
2016 NA
2016 NA
2016 NA
2016 NA
2016 NA
2016 NA
2016 NA
2016 NA
2016 NA
2016 NA
2016 NA
2016 NA
2016 NA
2016 NA
2016 NA
2016 NA
2016 NA
2016 NA
2016 NA
2016 NA
2016 NA
2016 NA
2016 NA
2016 NA
2016 NA
2016 NA
2016 0
2016 0
2016 0
2016 0
2016 0
2016 13
2016 13
2016 13
2016 13
2016 13
2016 13
2016 13
2016 13
2016 13
2016 13
2016 13
2016 13
2016 13
2016 13
2016 13
2016 13
2016 13
2016 12
2016 12
2016 12
2016 12
2016 12
2016 12
2016 11
2016 11
2016 11
2016 11
2016 11
2016 11
2016 10
2016 10
2016 8
2016 8
2016 8
2016 18
2016 20
2016 20
2016 24
2016 24
2016 23
2016 23
2016 27
2016 26
2016 30
2016 30
2016 30
2016 32
2016 31
2016 31
2016 30
2016 30
2016 30
2016 30
2016 30
2016 30
2016 30
2016 29
2016 29
2016 27
2016 28
2016 28
2016 27
2016 27
2016 27
2016 27
2016 25
2016 51
2016 48
2016 45
2016 44
2016 73
2016 71
2016 105
2016 95
2016 93
2016 102
2016 97
2016 105
2016 124
2016 156
2016 165
2016 155
2016 157
2016 145
2016 140
2016 135
2016 132
2016 133
2016 131
2016 128
2016 147
2016 176
2016 186
2016 178
2016 193
2016 195
2016 191
2016 215
2016 218
2016 220
2016 230
2016 222
2016 215
2016 210
2016 207
2016 205
2016 202
2016 200
2016 198
2016 196
2016 191
2016 186
2016 182
2016 178
2016 175
2016 175
2016 174
2016 174
2016 172
2016 170
2016 166
2016 162
2016 156
2016 150
2016 145
2016 141
2016 135
2016 130
2016 125
2016 117
2016 112
2016 107
2016 101
2016 96
2016 93
2016 88
2016 85
2016 80
2016 75
2016 69
2016 63
2016 60
2016 57
2016 52
2016 50
2016 48
2016 48
2016 48
2016 48
2016 55
2016 70
2016 65
2016 60
2016 60
2016 58
2016 NA
2016 NA
2016 NA
2016 NA
2016 NA
2016 NA
2016 NA
2016 NA
2016 NA
2016 NA
2016 NA
2016 NA
2016 NA
2016 NA
2016 NA
2016 NA
2016 NA
2016 NA
2016 NA
2016 NA
2016 NA
2016 NA
2016 NA
2016 NA
2016 NA
2016 NA
2016 NA
2016 NA
2016 NA
2016 NA
2016 NA
2016 NA
2016 NA
2016 NA
2016 NA
2016 NA
2016 NA
2016 NA
2016 NA
2016 NA
2016 NA
2016 NA
2016 NA
2016 NA
2016 NA
2016 NA
2016 NA
2016 NA
2016 NA
2016 NA
2016 NA
2016 NA
2016 NA
2016 NA
2016 NA
2016 NA
2016 NA
2016 NA
2016 NA
2016 NA
2016 NA
2016 NA
2016 NA
2016 NA
2016 NA
2016 NA
2016 NA
2016 NA
2016 NA
2016 NA
2016 NA
2016 NA
2016 NA
2016 NA
2016 NA
2016 NA
2016 NA
2016 NA
2016 NA
2016 NA
2016 NA
2016 NA
2016 NA
2016 NA
2016 NA
2016 NA
2016 NA
2016 NA
2016 NA
2016 NA
2016 NA
2016 NA
2016 NA
2016 NA
2016 NA
2016 NA
2016 NA
2016 NA
2016 NA
2016 NA
2016 NA
2016 NA
2016 NA
2016 NA
2016 NA
2016 NA
2016 NA
2016 NA
2016 NA
2016 NA
2016 NA
2016 NA
2016 NA
2016 NA
2016 NA
2016 NA
2016 NA
2016 NA
2016 NA
2016 NA
2016 NA
2017 NA
2017 NA
2017 NA
2017 NA
2017 NA
2017 NA
2017 NA
2017 NA
2017 NA
2017 NA
2017 NA
2017 NA
2017 NA
2017 NA
2017 NA
2017 NA
2017 NA
2017 NA
2017 NA
2017 NA
2017 NA
2017 NA
2017 NA
2017 NA
2017 NA
2017 NA
2017 NA
2017 NA
2017 NA
2017 NA
2017 NA
2017 NA
2017 NA
2017 NA
2017 NA
2017 NA
2017 NA
2017 NA
2017 NA
2017 NA
2017 NA
2017 NA
2017 NA
2017 NA
2017 NA
2017 NA
2017 NA
2017 NA
2017 NA
2017 NA
2017 NA
2017 NA
2017 NA
2017 NA
2017 NA
2017 NA
2017 NA
2017 NA
2017 NA
2017 NA
2017 NA
2017 NA
2017 NA
2017 NA
2017 NA
2017 NA
2017 NA
2017 NA
2017 NA
2017 NA
2017 NA
2017 NA
2017 NA
2017 NA
2017 NA
2017 NA
2017 NA
2017 NA
2017 NA
2017 NA
2017 NA
2017 NA
2017 NA
2017 NA
2017 NA
2017 NA
2017 NA
2017 NA
2017 NA
2017 NA
2017 0
2017 0
2017 0
2017 0
2017 0
2017 0
2017 0
2017 0
2017 0
2017 0
2017 0
2017 0
2017 0
2017 0
2017 0
2017 0
2017 0
2017 0
2017 0
2017 0
2017 0
2017 0
2017 0
2017 3
2017 3
2017 2
2017 1
2017 1
2017 1
2017 1
2017 1
2017 1
2017 1
2017 1
2017 1
2017 1
2017 2
2017 2
2017 2
2017 2
2017 2
2017 2
2017 2
2017 2
2017 20
2017 38
2017 35
2017 32
2017 32
2017 36
2017 34
2017 33
2017 32
2017 31
2017 30
2017 29
2017 28
2017 28
2017 27
2017 25
2017 25
2017 25
2017 25
2017 29
2017 27
2017 27
2017 36
2017 43
2017 70
2017 77
2017 73
2017 70
2017 67
2017 69
2017 64
2017 63
2017 62
2017 61
2017 59
2017 58
2017 60
2017 59
2017 58
2017 57
2017 55
2017 53
2017 52
2017 63
2017 59
2017 57
2017 57
2017 113
2017 103
2017 99
2017 92
2017 116
2017 115
2017 109
2017 112
2017 107
2017 105
2017 104
2017 102
2017 100
2017 100
2017 98
2017 96
2017 94
2017 89
2017 83
2017 80
2017 74
2017 70
2017 65
2017 62
2017 60
2017 60
2017 59
2017 58
2017 56
2017 54
2017 52
2017 50
2017 48
2017 46
2017 44
2017 39
2017 33
2017 27
2017 21
2017 15
2017 9
2017 2
2017 0
2017 0
2017 0
2017 0
2017 0
2017 0
2017 5
2017 2
2017 1
2017 0
2017 0
2017 0
2017 0
2017 0
2017 0
2017 0
2017 0
2017 0
2017 0
2017 NA
2017 NA
2017 NA
2017 NA
2017 NA
2017 NA
2017 NA
2017 NA
2017 NA
2017 NA
2017 NA
2017 NA
2017 NA
2017 NA
2017 NA
2017 NA
2017 NA
2017 NA
2017 NA
2017 NA
2017 NA
2017 NA
2017 NA
2017 NA
2017 NA
2017 NA
2017 NA
2017 NA
2017 NA
2017 NA
2017 NA
2017 NA
2017 NA
2017 NA
2017 NA
2017 NA
2017 NA
2017 NA
2017 NA
2017 NA
2017 NA
2017 NA
2017 NA
2017 NA
2017 NA
2017 NA
2017 NA
2017 NA
2017 NA
2017 NA
2017 NA
2017 NA
2017 NA
2017 NA
2017 NA
2017 NA
2017 NA
2017 NA
2017 NA
2017 NA
2017 NA
2017 NA
2017 NA
2017 NA
2017 NA
2017 NA
2017 NA
2017 NA
2017 NA
2017 NA
2017 NA
2017 NA
2017 NA
2017 NA
2017 NA
2017 NA
2017 NA
2017 NA
2017 NA
2017 NA
2017 NA
2017 NA
2017 NA
2017 NA
2017 NA
2017 NA
2017 NA
2017 NA
2017 NA
2017 NA
2017 NA
2017 NA
2017 NA
2017 NA
2017 NA
2017 NA
2017 NA
2017 NA
2017 NA
2017 NA
2017 NA
2017 NA
2017 NA
2017 NA
2017 NA
2017 NA
2017 NA
2017 NA
2017 NA
2017 NA
2017 NA
2017 NA
2017 NA
2017 NA
2017 NA
2017 NA
2017 NA
2017 NA
2017 NA
2017 NA
2017 NA
2017 NA
2017 NA
2018 NA
2018 NA
2018 NA
2018 NA
2018 NA
2018 NA
2018 NA
2018 NA
2018 NA
2018 NA
2018 NA
2018 NA
2018 NA
2018 NA
2018 NA
2018 NA
2018 NA
2018 NA
2018 NA
2018 NA
2018 NA
2018 NA
2018 NA
2018 NA
2018 NA
2018 NA
2018 NA
2018 NA
2018 NA
2018 NA
2018 NA
2018 NA
2018 NA
2018 NA
2018 NA
2018 NA
2018 NA
2018 NA
2018 NA
2018 NA
2018 NA
2018 NA
2018 NA
2018 NA
2018 NA
2018 NA
2018 NA
2018 NA
2018 NA
2018 NA
2018 NA
2018 NA
2018 NA
2018 NA
2018 NA
2018 NA
2018 NA
2018 NA
2018 NA
2018 NA
2018 NA
2018 NA
2018 NA
2018 NA
2018 NA
2018 NA
2018 NA
2018 NA
2018 NA
2018 NA
2018 NA
2018 NA
2018 NA
2018 NA
2018 NA
2018 NA
2018 NA
2018 NA
2018 NA
2018 NA
2018 NA
2018 NA
2018 NA
2018 NA
2018 NA
2018 NA
2018 NA
2018 NA
2018 NA
2018 NA
2018 110
2018 110
2018 110
2018 110
2018 110
2018 107
2018 104
2018 101
2018 101
2018 113
2018 107
2018 106
2018 105
2018 108
2018 116
2018 107
2018 124
2018 118
2018 116
2018 115
2018 113
2018 108
2018 102
2018 101
2018 100
2018 99
2018 99
2018 124
2018 175
2018 170
2018 163
2018 156
2018 152
2018 172
2018 166
2018 160
2018 158
2018 154
2018 151
2018 146
2018 143
2018 156
2018 153
2018 150
2018 149
2018 148
2018 148
2018 147
2018 147
2018 143
2018 143
2018 144
2018 143
2018 142
2018 141
2018 141
2018 140
2018 140
2018 140
2018 140
2018 139
2018 139
2018 138
2018 138
2018 218
2018 235
2018 230
2018 224
2018 217
2018 215
2018 211
2018 213
2018 208
2018 206
2018 220
2018 221
2018 218
2018 214
2018 210
2018 206
2018 213
2018 213
2018 211
2018 207
2018 220
2018 225
2018 221
2018 220
2018 215
2018 220
2018 218
2018 217
2018 214
2018 218
2018 215
2018 213
2018 218
2018 217
2018 219
2018 216
2018 213
2018 211
2018 210
2018 213
2018 211
2018 209
2018 224
2018 220
2018 237
2018 238
2018 236
2018 235
2018 233
2018 231
2018 228
2018 225
2018 220
2018 218
2018 215
2018 213
2018 225
2018 231
2018 239
2018 234
2018 228
2018 226
2018 224
2018 222
2018 220
2018 218
2018 215
2018 213
2018 210
2018 207
2018 201
2018 195
2018 188
2018 184
2018 177
2018 170
2018 158
2018 154
2018 146
2018 135
2018 127
2018 114
2018 94
2018 85
2018 76
2018 67
2018 58
2018 46
2018 NA
2018 NA
2018 NA
2018 NA
2018 NA
2018 NA
2018 NA
2018 NA
2018 NA
2018 NA
2018 NA
2018 NA
2018 NA
2018 NA
2018 NA
2018 NA
2018 NA
2018 NA
2018 NA
2018 NA
2018 NA
2018 NA
2018 NA
2018 NA
2018 NA
2018 NA
2018 NA
2018 NA
2018 NA
2018 NA
2018 NA
2018 NA
2018 NA
2018 NA
2018 NA
2018 NA
2018 NA
2018 NA
2018 NA
2018 NA
2018 NA
2018 NA
2018 NA
2018 NA
2018 NA
2018 NA
2018 NA
2018 NA
2018 NA
2018 NA
2018 NA
2018 NA
2018 NA
2018 NA
2018 NA
2018 NA
2018 NA
2018 NA
2018 NA
2018 NA
2018 NA
2018 NA
2018 NA
2018 NA
2018 NA
2018 NA
2018 NA
2018 NA
2018 NA
2018 NA
2018 NA
2018 NA
2018 NA
2018 NA
2018 NA
2018 NA
2018 NA
2018 NA
2018 NA
2018 NA
2018 NA
2018 NA
2018 NA
2018 NA
2018 NA
2018 NA
2018 NA
2018 NA
2018 NA
2018 NA
2018 NA
2018 NA
2018 NA
2018 NA
2018 NA
2018 NA
2018 NA
2018 NA
2018 NA
2018 NA
2018 NA
2018 NA
2018 NA
2018 NA
2018 NA
2018 NA
2018 NA
2018 NA
2018 NA
2018 NA
2018 NA
2018 NA
2018 NA
2018 NA
2018 NA
2018 NA
2018 NA
2018 NA
2018 NA
2018 NA
2018 NA
2018 NA
2018 NA
2019 NA
2019 NA
2019 NA
2019 NA
2019 NA
2019 NA
2019 NA
2019 NA
2019 NA
2019 NA
2019 NA
2019 NA
2019 NA
2019 NA
2019 NA
2019 NA
2019 NA
2019 NA
2019 NA
2019 NA
2019 NA
2019 NA
2019 NA
2019 NA
2019 NA
2019 NA
2019 NA
2019 NA
2019 NA
2019 NA
2019 NA
2019 NA
2019 NA
2019 NA
2019 NA
2019 NA
2019 NA
2019 NA
2019 NA
2019 NA
2019 NA
2019 NA
2019 NA
2019 NA
2019 NA
2019 NA
2019 NA
2019 NA
2019 NA
2019 NA
2019 NA
2019 NA
2019 NA
2019 NA
2019 NA
2019 NA
2019 NA
2019 NA
2019 NA
2019 NA
2019 5
2019 NA
2019 NA
2019 NA
2019 NA
2019 NA
2019 NA
2019 NA
2019 NA
2019 NA
2019 NA
2019 NA
2019 NA
2019 NA
2019 NA
2019 NA
2019 NA
2019 NA
2019 NA
2019 NA
2019 30
2019 NA
2019 NA
2019 NA
2019 NA
2019 NA
2019 NA
2019 NA
2019 NA
2019 NA
2019 NA
2019 NA
2019 NA
2019 NA
2019 NA
2019 NA
2019 NA
2019 NA
2019 38
2019 38
2019 NA
2019 NA
2019 NA
2019 NA
2019 NA
2019 NA
2019 NA
2019 NA
2019 NA
2019 NA
2019 NA
2019 NA
2019 34
2019 34
2019 34
2019 34
2019 33
2019 32
2019 32
2019 32
2019 32
2019 32
2019 32
2019 32
2019 38
2019 39
2019 38
2019 37
2019 37
2019 36
2019 38
2019 37
2019 35
2019 35
2019 35
2019 37
2019 36
2019 35
2019 35
2019 80
2019 75
2019 72
2019 70
2019 68
2019 66
2019 70
2019 67
2019 67
2019 66
2019 96
2019 87
2019 82
2019 80
2019 80
2019 98
2019 140
2019 128
2019 126
2019 120
2019 120
2019 115
2019 111
2019 112
2019 128
2019 122
2019 122
2019 120
2019 118
2019 115
2019 113
2019 111
2019 110
2019 109
2019 108
2019 107
2019 107
2019 106
2019 105
2019 104
2019 103
2019 102
2019 100
2019 99
2019 98
2019 98
2019 105
2019 103
2019 101
2019 103
2019 105
2019 103
2019 102
2019 101
2019 100
2019 103
2019 101
2019 99
2019 97
2019 150
2019 144
2019 136
2019 130
2019 125
2019 116
2019 111
2019 105
2019 116
2019 112
2019 110
2019 108
2019 106
2019 104
2019 102
2019 NA
2019 NA
2019 NA
2019 NA
2019 NA
2019 NA
2019 NA
2019 NA
2019 NA
2019 NA
2019 NA
2019 NA
2019 NA
2019 NA
2019 NA
2019 NA
2019 NA
2019 NA
2019 NA
2019 NA
2019 NA
2019 NA
2019 NA
2019 NA
2019 NA
2019 NA
2019 NA
2019 NA
2019 NA
2019 NA
2019 NA
2019 NA
2019 NA
2019 NA
2019 NA
2019 NA
2019 NA
2019 NA
2019 NA
2019 NA
2019 NA
2019 NA
2019 NA
2019 NA
2019 NA
2019 NA
2019 NA
2019 NA
2019 NA
2019 NA
2019 NA
2019 NA
2019 NA
2019 NA
2019 NA
2019 NA
2019 NA
2019 NA
2019 NA
2019 NA
2019 NA
2019 NA
2019 NA
2019 NA
2019 NA
2019 NA
2019 NA
2019 NA
2019 NA
2019 NA
2019 NA
2019 NA
2019 NA
2019 NA
2019 NA
2019 NA
2019 NA
2019 NA
2019 NA
2019 NA
2019 NA
2019 NA
2019 NA
2019 NA
2019 NA
2019 NA
2019 NA
2019 NA
2019 NA
2019 NA
2019 NA
2019 NA
2019 NA
2019 NA
2019 NA
2019 NA
2019 NA
2019 NA
2019 NA
2019 NA
2019 NA
2019 NA
2019 NA
2019 NA
2019 NA
2019 NA
2019 NA
2019 NA
2019 NA
2019 NA
2019 NA
2019 NA
2019 NA
2019 NA
2019 NA
2019 NA
2019 NA
2019 NA
2019 NA
2019 NA
2019 NA
2019 NA
2019 NA
2019 NA
2019 NA
2019 NA
2019 NA
2019 NA
2019 NA
2019 NA
2019 NA
2019 NA
2019 NA
2019 NA
2019 NA
2019 NA
2019 NA
2019 NA
2019 NA
2019 NA
2019 NA
2019 NA
2019 NA
2019 NA
2019 NA
2019 NA
2019 NA
2019 NA
2019 NA
2019 NA
2019 NA
2019 NA
2020 NA
2020 NA
2020 NA
2020 NA
2020 NA
2020 NA
2020 NA
2020 NA
2020 NA
2020 NA
2020 NA
2020 NA
2020 NA
2020 NA
2020 NA
2020 NA
2020 NA
2020 NA
2020 NA
2020 NA
2020 NA
2020 NA
2020 NA
2020 NA
2020 NA
2020 NA
2020 NA
2020 NA
2020 NA
2020 NA
2020 NA
2020 NA
2020 NA
2020 NA
2020 NA
2020 NA
2020 NA
2020 NA
2020 NA
2020 NA
2020 NA
2020 NA
2020 NA
2020 NA
2020 NA
2020 NA
2020 NA
2020 NA
2020 NA
2020 NA
2020 NA
2020 NA
2020 NA
2020 NA
2020 NA
2020 NA
2020 NA
2020 NA
2020 NA
2020 NA
2020 NA
2020 NA
2020 NA
2020 NA
2020 NA
2020 NA
2020 NA
2020 NA
2020 NA
2020 NA
2020 NA
2020 NA
2020 NA
2020 100
2020 NA
2020 NA
2020 NA
2020 NA
2020 NA
2020 NA
2020 NA
2020 NA
2020 NA
2020 NA
2020 NA
2020 NA
2020 NA
2020 NA
2020 NA
2020 NA
2020 NA
2020 NA
2020 NA
2020 NA
2020 NA
2020 NA
2020 NA
2020 NA
2020 NA
2020 NA
2020 NA
2020 NA
2020 NA
2020 NA
2020 NA
2020 NA
2020 NA
2020 NA
2020 NA
2020 NA
2020 NA
2020 NA
2020 NA
2020 110
2020 108
2020 106
2020 105
2020 118
2020 117
2020 105
2020 104
2020 103
2020 102
2020 101
2020 101
2020 100
2020 99
2020 98
2020 98
2020 98
2020 98
2020 97
2020 97
2020 97
2020 97
2020 97
2020 97
2020 97
2020 97
2020 96
2020 105
2020 102
2020 101
2020 100
2020 99
2020 99
2020 97
2020 99
2020 98
2020 98
2020 100
2020 NA
2020 NA
2020 NA
2020 NA
2020 NA
2020 NA
2020 NA
2020 NA
2020 NA
2020 NA
2020 NA
2020 NA
2020 NA
2020 NA
2020 NA
2020 NA
2020 NA
2020 NA
2020 NA
2020 NA
2020 NA
2020 NA
2020 NA
2020 NA
2020 NA
2020 NA
2020 NA
2020 NA
2020 NA
2020 NA
2020 NA
2020 NA
2020 NA
2020 NA
2020 NA
2020 NA
2020 NA
2020 NA
2020 NA
2020 NA
2020 NA
2020 NA
2020 NA
2020 NA
2020 NA
2020 NA
2020 NA
2020 NA
2020 NA
2020 NA
2020 NA
2020 NA
2020 NA
2020 NA
2020 NA
2020 NA
2020 NA
2020 NA
2020 NA
2020 NA
2020 NA
2020 NA
2020 NA
2020 NA
2020 NA
2020 NA
2020 NA
2020 NA
2020 NA
2020 NA
2020 NA
2020 NA
2020 NA
2020 NA
2020 NA
2020 NA
2020 NA
2020 NA
2020 NA
2020 NA
2020 NA
2020 NA
2020 NA
2020 NA
2020 NA
2020 NA
2020 NA
2020 NA
2020 NA
2020 NA
2020 NA
2020 NA
2020 NA
2020 NA
2020 NA
2020 NA
2020 NA
2020 NA
2020 NA
2020 NA
2020 NA
2020 NA
2020 NA
2020 NA
2020 NA
2020 NA
2020 NA
2020 NA
2020 NA
2020 NA
2020 NA
2020 NA
2020 NA
2020 NA
2020 NA
2020 NA
2020 NA
2020 NA
2020 NA
2020 NA
2020 NA
2020 NA
2020 NA
2020 NA
2020 NA
2020 NA
2020 NA
2020 NA
2020 NA
2020 NA
2020 NA
2020 NA
2020 NA
2020 NA
2020 NA
2020 NA
2020 NA
2020 NA
2020 NA
2020 NA
2020 NA
2020 NA
2020 NA
2020 NA
2020 NA
2020 NA
2020 NA
2020 NA
2020 NA
2020 NA
2020 NA
2020 NA
2020 NA
2020 NA
2020 NA
2020 NA
2020 NA
2020 NA
2020 NA
2020 NA
2020 NA
2020 NA
2020 NA
2020 NA
2020 NA
2020 NA
2020 NA
2020 NA
2020 NA
2020 NA
2020 NA
2020 NA
2020 NA
2020 NA
2020 NA
2020 NA
2020 NA
2020 NA
2020 NA
2020 NA
2020 NA
2020 NA
2020 NA
2020 NA
2020 NA
2020 NA
2020 NA
2020 NA
2020 NA
2020 NA
2020 NA
2020 NA
2020 NA
2020 NA
2020 NA
2020 NA
2020 NA
2020 NA
2020 NA
2020 NA
2020 NA
2020 NA
2020 NA
2020 NA
2020 NA
2020 NA
2020 NA
2020 NA
2020 NA
2020 NA
2020 NA
2020 NA
2020 NA
2020 NA
2020 NA
