2002 NA
2002 NA
2002 NA
2002 NA
2002 NA
2002 NA
2002 NA
2002 NA
2002 NA
2002 NA
2002 NA
2002 NA
2002 NA
2002 NA
2002 NA
2002 NA
2002 NA
2002 NA
2002 NA
2002 NA
2002 NA
2002 NA
2002 NA
2002 NA
2002 NA
2002 NA
2002 NA
2002 NA
2002 NA
2002 NA
2002 NA
2002 0
2002 0
2002 0
2002 0
2002 0
2002 0
2002 0
2002 NA
2002 NA
2002 NA
2002 NA
2002 NA
2002 NA
2002 NA
2002 0
2002 NA
2002 NA
2002 NA
2002 NA
2002 NA
2002 NA
2002 NA
2002 NA
2002 NA
2002 NA
2002 NA
2002 NA
2002 NA
2002 0
2002 NA
2002 NA
2002 NA
2002 NA
2002 NA
2002 NA
2002 NA
2002 NA
2002 NA
2002 NA
2002 NA
2002 NA
2002 NA
2002 31
2002 37
2002 67
2002 59
2002 54
2002 51
2002 47
2002 42
2002 42
2002 39
2002 NA
2002 13
2002 13
2002 16
2002 16
2002 16
2002 17
2002 12
2002 NA
2002 10
2002 11
2002 12
2002 13
2002 11
2002 12
2002 12
2002 11
2002 11
2002 10
2002 11
2002 9
2002 37
2002 34
2002 31
2002 29
2002 28
2002 28
2002 26
2002 29
2002 25
2002 18
2002 19
2002 18
2002 18
2002 19
2002 17
2002 17
2002 16
2002 17
2002 17
2002 16
2002 17
2002 17
2002 17
2002 17
2002 17
2002 17
2002 16
2002 16
2002 16
2002 15
2002 14
2002 17
2002 16
2002 17
2002 17
2002 18
2002 18
2002 16
2002 16
2002 16
2002 16
2002 21
2002 16
2002 16
2002 15
2002 6
2002 4
2002 1
2002 0
2002 3
2002 3
2002 1
2002 5
2002 3
2002 10
2002 24
2002 27
2002 21
2002 18
2002 10
2002 9
2002 0
2002 1
2002 70
2002 114
2002 112
2002 101
2002 89
2002 81
2002 71
2002 62
2002 55
2002 22
2002 12
2002 11
2002 11
2002 8
2002 7
2002 14
2002 22
2002 16
2002 14
2002 65
2002 67
2002 57
2002 51
2002 50
2002 47
2002 46
2002 40
2002 43
2002 50
2002 45
2002 44
2002 44
2002 41
2002 31
2002 29
2002 23
2002 20
2002 19
2002 18
2002 18
2002 19
2002 16
2002 18
2002 15
2002 11
2002 10
2002 12
2002 3
2002 9
2002 19
2002 9
2002 11
2002 23
2002 12
2002 20
2002 34
2002 42
2002 37
2002 41
2002 35
2002 34
2002 35
2002 31
2002 25
2002 22
2002 24
2002 24
2002 18
2002 7
2002 11
2002 1
2002 NA
2002 NA
2002 1
2002 1
2002 1
2002 NA
2002 NA
2002 12
2002 17
2002 20
2002 17
2002 19
2002 36
2002 30
2002 32
2002 33
2002 27
2002 24
2002 15
2002 11
2002 6
2002 NA
2002 NA
2002 NA
2002 NA
2002 NA
2002 NA
2002 NA
2002 NA
2002 NA
2002 NA
2002 NA
2002 0
2002 0
2002 0
2002 0
2002 NA
2002 NA
2002 0
2002 0
2002 NA
2002 NA
2002 NA
2002 NA
2002 NA
2002 NA
2002 NA
2002 NA
2002 NA
2002 NA
2002 NA
2002 NA
2002 NA
2002 NA
2002 NA
2002 NA
2002 NA
2002 NA
2002 NA
2002 NA
2002 NA
2002 NA
2002 NA
2002 NA
2002 NA
2002 NA
2002 NA
2002 NA
2002 NA
2002 NA
2002 NA
2002 NA
2002 NA
2002 NA
2002 NA
2002 NA
2002 NA
2002 NA
2002 NA
2002 NA
2002 0
2002 NA
2002 NA
2002 NA
2002 NA
2002 NA
2002 NA
2002 NA
2002 NA
2002 NA
2002 NA
2002 NA
2002 NA
2002 NA
2002 NA
2002 NA
2002 0
2002 NA
2002 NA
2002 NA
2002 NA
2002 NA
2002 NA
2002 NA
2002 NA
2002 NA
2002 NA
2002 NA
2002 NA
2002 NA
2002 NA
2002 0
2002 NA
2002 NA
2002 NA
2002 NA
2002 NA
2002 NA
2002 NA
2002 NA
2002 NA
2002 NA
2002 NA
2002 0
2002 NA
2002 NA
2002 NA
2003 NA
2003 NA
2003 NA
2003 NA
2003 NA
2003 0
2003 0
2003 0
2003 0
2003 NA
2003 NA
2003 NA
2003 NA
2003 NA
2003 NA
2003 NA
2003 NA
2003 NA
2003 NA
2003 NA
2003 NA
2003 NA
2003 NA
2003 NA
2003 NA
2003 NA
2003 NA
2003 NA
2003 0
2003 NA
2003 NA
2003 0
2003 0
2003 0
2003 0
2003 NA
2003 NA
2003 NA
2003 NA
2003 0
2003 0
2003 0
2003 NA
2003 NA
2003 NA
2003 NA
2003 NA
2003 NA
2003 NA
2003 NA
2003 NA
2003 NA
2003 NA
2003 NA
2003 NA
2003 NA
2003 NA
2003 NA
2003 NA
2003 NA
2003 NA
2003 0
2003 0
2003 0
2003 0
2003 0
2003 0
2003 0
2003 0
2003 0
2003 0
2003 0
2003 0
2003 4
2003 6
2003 61
2003 84
2003 69
2003 67
2003 62
2003 62
2003 61
2003 58
2003 53
2003 68
2003 90
2003 100
2003 98
2003 90
2003 87
2003 85
2003 80
2003 79
2003 79
2003 77
2003 77
2003 136
2003 143
2003 143
2003 136
2003 133
2003 128
2003 134
2003 142
2003 137
2003 131
2003 124
2003 123
2003 120
2003 119
2003 119
2003 115
2003 112
2003 108
2003 109
2003 108
2003 106
2003 104
2003 122
2003 107
2003 100
2003 107
2003 100
2003 93
2003 91
2003 90
2003 90
2003 90
2003 97
2003 94
2003 92
2003 92
2003 92
2003 92
2003 92
2003 92
2003 92
2003 91
2003 91
2003 91
2003 91
2003 90
2003 92
2003 93
2003 91
2003 91
2003 91
2003 88
2003 86
2003 86
2003 86
2003 85
2003 85
2003 85
2003 85
2003 84
2003 109
2003 83
2003 83
2003 83
2003 83
2003 83
2003 83
2003 83
2003 83
2003 83
2003 83
2003 83
2003 90
2003 113
2003 105
2003 102
2003 99
2003 97
2003 97
2003 97
2003 95
2003 94
2003 92
2003 91
2003 94
2003 92
2003 91
2003 88
2003 88
2003 88
2003 86
2003 86
2003 86
2003 86
2003 85
2003 84
2003 82
2003 78
2003 77
2003 79
2003 82
2003 78
2003 78
2003 78
2003 78
2003 75
2003 79
2003 73
2003 73
2003 71
2003 66
2003 66
2003 62
2003 66
2003 59
2003 59
2003 69
2003 58
2003 59
2003 61
2003 56
2003 55
2003 53
2003 62
2003 54
2003 65
2003 64
2003 74
2003 65
2003 65
2003 65
2003 63
2003 59
2003 51
2003 48
2003 72
2003 82
2003 64
2003 58
2003 53
2003 46
2003 44
2003 42
2003 35
2003 32
2003 24
2003 17
2003 17
2003 11
2003 5
2003 0
2003 0
2003 0
2003 0
2003 0
2003 0
2003 0
2003 0
2003 0
2003 0
2003 0
2003 0
2003 0
2003 0
2003 0
2003 0
2003 0
2003 0
2003 0
2003 0
2003 0
2003 0
2003 0
2003 0
2003 0
2003 0
2003 0
2003 NA
2003 NA
2003 NA
2003 NA
2003 NA
2003 NA
2003 NA
2003 NA
2003 NA
2003 NA
2003 NA
2003 NA
2003 NA
2003 NA
2003 NA
2003 NA
2003 NA
2003 NA
2003 NA
2003 NA
2003 NA
2003 NA
2003 NA
2003 NA
2003 NA
2003 NA
2003 NA
2003 NA
2003 NA
2003 NA
2003 NA
2003 NA
2003 NA
2003 NA
2003 NA
2003 NA
2003 NA
2003 NA
2003 NA
2003 NA
2003 NA
2003 NA
2003 2
2003 2
2003 NA
2003 4
2003 NA
2003 3
2003 NA
2003 3
2003 3
2003 NA
2003 3
2003 NA
2003 4
2003 3
2003 NA
2003 4
2003 NA
2003 4
2003 NA
2003 3
2003 NA
2003 3
2003 3
2003 NA
2003 4
2003 3
2003 3
2003 3
2003 3
2003 NA
2003 5
2003 3
2003 NA
2003 5
2003 5
2003 NA
2003 6
2003 5
2003 NA
2003 6
2003 5
2003 4
2003 NA
2003 5
2003 5
2003 NA
2003 5
2003 NA
2003 6
2003 5
2004 NA
2004 5
2004 5
2004 6
2004 6
2004 5
2004 5
2004 NA
2004 7
2004 6
2004 NA
2004 6
2004 6
2004 6
2004 6
2004 4
2004 4
2004 NA
2004 5
2004 5
2004 5
2004 NA
2004 6
2004 6
2004 6
2004 5
2004 NA
2004 6
2004 5
2004 NA
2004 6
2004 6
2004 NA
2004 5
2004 6
2004 5
2004 5
2004 5
2004 5
2004 NA
2004 5
2004 5
2004 6
2004 6
2004 5
2004 6
2004 6
2004 6
2004 7
2004 16
2004 17
2004 13
2004 12
2004 13
2004 13
2004 13
2004 21
2004 21
2004 21
2004 16
2004 14
2004 73
2004 62
2004 57
2004 52
2004 45
2004 45
2004 41
2004 133
2004 111
2004 96
2004 85
2004 79
2004 73
2004 68
2004 65
2004 64
2004 62
2004 58
2004 56
2004 53
2004 52
2004 50
2004 49
2004 56
2004 55
2004 54
2004 58
2004 75
2004 66
2004 64
2004 71
2004 85
2004 106
2004 127
2004 137
2004 129
2004 125
2004 126
2004 121
2004 120
2004 118
2004 115
2004 114
2004 105
2004 105
2004 105
2004 104
2004 103
2004 102
2004 101
2004 100
2004 97
2004 97
2004 93
2004 93
2004 92
2004 92
2004 92
2004 109
2004 109
2004 112
2004 127
2004 127
2004 131
2004 127
2004 119
2004 116
2004 113
2004 113
2004 115
2004 86
2004 82
2004 82
2004 82
2004 82
2004 80
2004 80
2004 88
2004 90
2004 149
2004 133
2004 109
2004 108
2004 104
2004 104
2004 97
2004 96
2004 106
2004 101
2004 94
2004 93
2004 85
2004 85
2004 84
2004 82
2004 80
2004 80
2004 80
2004 80
2004 77
2004 72
2004 72
2004 72
2004 71
2004 71
2004 69
2004 68
2004 68
2004 68
2004 68
2004 88
2004 99
2004 117
2004 128
2004 124
2004 121
2004 116
2004 113
2004 113
2004 109
2004 108
2004 106
2004 106
2004 106
2004 105
2004 104
2004 103
2004 104
2004 104
2004 102
2004 102
2004 106
2004 102
2004 102
2004 107
2004 97
2004 94
2004 91
2004 86
2004 83
2004 82
2004 76
2004 73
2004 72
2004 71
2004 71
2004 82
2004 83
2004 81
2004 75
2004 75
2004 73
2004 73
2004 73
2004 81
2004 76
2004 72
2004 68
2004 66
2004 60
2004 86
2004 92
2004 89
2004 81
2004 82
2004 84
2004 94
2004 99
2004 104
2004 88
2004 92
2004 86
2004 80
2004 79
2004 78
2004 73
2004 67
2004 59
2004 59
2004 56
2004 53
2004 92
2004 81
2004 75
2004 77
2004 88
2004 81
2004 75
2004 75
2004 73
2004 73
2004 69
2004 68
2004 68
2004 74
2004 72
2004 67
2004 58
2004 53
2004 37
2004 31
2004 24
2004 21
2004 14
2004 10
2004 6
2004 4
2004 0
2004 0
2004 0
2004 0
2004 0
2004 0
2004 0
2004 0
2004 0
2004 0
2004 0
2004 0
2004 0
2004 0
2004 0
2004 0
2004 0
2004 0
2004 5
2004 11
2004 9
2004 5
2004 5
2004 4
2004 NA
2004 5
2004 4
2004 NA
2004 5
2004 4
2004 4
2004 4
2004 4
2004 4
2004 3
2004 NA
2004 5
2004 4
2004 NA
2004 5
2004 4
2004 NA
2004 5
2004 NA
2004 5
2004 5
2004 4
2004 5
2004 5
2004 5
2004 4
2004 NA
2004 4
2004 4
2004 NA
2004 4
2004 4
2004 4
2004 4
2004 4
2004 4
2004 NA
2004 5
2004 4
2004 NA
2004 NA
2004 4
2004 2
2004 NA
2004 5
2004 3
2004 NA
2004 5
2004 5
2004 NA
2004 5
2004 NA
2004 5
2004 5
2004 4
2004 4
2004 NA
2004 5
2004 5
2004 5
2004 5
2004 5
2004 4
2004 4
2004 4
2004 NA
2004 4
2004 4
2004 3
2004 3
2004 NA
2004 NA
2004 NA
2005 NA
2005 6
2005 4
2005 4
2005 NA
2005 NA
2005 NA
2005 3
2005 NA
2005 NA
2005 NA
2005 6
2005 5
2005 3
2005 NA
2005 6
2005 7
2005 5
2005 5
2005 NA
2005 4
2005 3
2005 NA
2005 NA
2005 5
2005 5
2005 6
2005 5
2005 5
2005 5
2005 5
2005 4
2005 4
2005 NA
2005 4
2005 NA
2005 6
2005 5
2005 4
2005 NA
2005 NA
2005 6
2005 5
2005 5
2005 4
2005 6
2005 7
2005 5
2005 4
2005 5
2005 5
2005 4
2005 4
2005 4
2005 2
2005 2
2005 1
2005 1
2005 14
2005 14
2005 17
2005 14
2005 11
2005 2
2005 0
2005 0
2005 0
2005 0
2005 0
2005 0
2005 5
2005 5
2005 17
2005 15
2005 15
2005 14
2005 12
2005 12
2005 12
2005 9
2005 8
2005 2
2005 0
2005 0
2005 0
2005 0
2005 0
2005 0
2005 0
2005 4
2005 23
2005 23
2005 22
2005 30
2005 30
2005 29
2005 26
2005 32
2005 41
2005 42
2005 46
2005 43
2005 43
2005 42
2005 42
2005 42
2005 41
2005 40
2005 24
2005 24
2005 24
2005 27
2005 27
2005 26
2005 23
2005 21
2005 34
2005 50
2005 49
2005 43
2005 42
2005 40
2005 38
2005 35
2005 28
2005 28
2005 28
2005 28
2005 28
2005 28
2005 28
2005 28
2005 28
2005 28
2005 28
2005 28
2005 28
2005 28
2005 28
2005 28
2005 27
2005 25
2005 18
2005 11
2005 14
2005 14
2005 22
2005 19
2005 19
2005 19
2005 18
2005 18
2005 18
2005 18
2005 18
2005 17
2005 17
2005 17
2005 17
2005 17
2005 17
2005 17
2005 17
2005 17
2005 15
2005 7
2005 7
2005 6
2005 9
2005 8
2005 8
2005 8
2005 14
2005 23
2005 26
2005 28
2005 23
2005 26
2005 24
2005 22
2005 56
2005 46
2005 42
2005 41
2005 40
2005 35
2005 35
2005 41
2005 40
2005 37
2005 36
2005 36
2005 29
2005 26
2005 24
2005 23
2005 18
2005 17
2005 17
2005 10
2005 6
2005 6
2005 6
2005 6
2005 9
2005 7
2005 7
2005 7
2005 7
2005 7
2005 7
2005 11
2005 15
2005 14
2005 16
2005 16
2005 15
2005 14
2005 6
2005 8
2005 8
2005 47
2005 49
2005 67
2005 60
2005 42
2005 38
2005 74
2005 95
2005 87
2005 78
2005 74
2005 73
2005 68
2005 60
2005 69
2005 95
2005 68
2005 61
2005 58
2005 49
2005 42
2005 36
2005 33
2005 25
2005 19
2005 17
2005 17
2005 10
2005 5
2005 0
2005 0
2005 0
2005 5
2005 0
2005 0
2005 0
2005 0
2005 0
2005 23
2005 8
2005 0
2005 0
2005 0
2005 0
2005 0
2005 0
2005 0
2005 0
2005 0
2005 0
2005 0
2005 0
2005 0
2005 0
2005 0
2005 0
2005 0
2005 0
2005 0
2005 5
2005 6
2005 5
2005 6
2005 5
2005 NA
2005 6
2005 5
2005 5
2005 5
2005 4
2005 NA
2005 5
2005 5
2005 4
2005 NA
2005 4
2005 NA
2005 3
2005 NA
2005 4
2005 NA
2005 4
2005 NA
2005 5
2005 5
2005 NA
2005 5
2005 4
2005 NA
2005 NA
2005 5
2005 NA
2005 4
2005 4
2005 NA
2005 NA
2005 4
2005 NA
2005 5
2005 NA
2005 6
2005 3
2005 NA
2005 NA
2005 4
2005 NA
2005 4
2005 4
2005 NA
2005 5
2005 5
2005 5
2005 5
2005 NA
2005 6
2005 6
2005 5
2005 NA
2005 5
2005 5
2005 NA
2005 6
2005 6
2005 5
2005 5
2005 5
2005 5
2005 5
2005 5
2005 5
2005 NA
2005 6
2005 6
2005 6
2005 5
2005 5
2005 5
2005 NA
2005 6
2005 5
2005 5
2005 5
2005 5
2005 NA
2006 6
2006 5
2006 5
2006 5
2006 5
2006 NA
2006 6
2006 6
2006 5
2006 5
2006 NA
2006 5
2006 5
2006 5
2006 5
2006 5
2006 5
2006 5
2006 5
2006 5
2006 5
2006 5
2006 5
2006 5
2006 5
2006 5
2006 5
2006 5
2006 4
2006 5
2006 5
2006 5
2006 35
2006 66
2006 58
2006 55
2006 48
2006 45
2006 38
2006 35
2006 32
2006 29
2006 28
2006 23
2006 20
2006 20
2006 17
2006 9
2006 6
2006 6
2006 6
2006 5
2006 5
2006 5
2006 5
2006 4
2006 4
2006 4
2006 4
2006 NA
2006 4
2006 6
2006 0
2006 0
2006 0
2006 0
2006 0
2006 0
2006 0
2006 0
2006 0
2006 0
2006 0
2006 5
2006 4
2006 3
2006 2
2006 2
2006 0
2006 0
2006 0
2006 0
2006 1
2006 6
2006 11
2006 10
2006 10
2006 10
2006 8
2006 8
2006 15
2006 16
2006 13
2006 27
2006 17
2006 18
2006 17
2006 17
2006 17
2006 17
2006 17
2006 17
2006 21
2006 46
2006 43
2006 40
2006 34
2006 6
2006 5
2006 5
2006 5
2006 5
2006 5
2006 5
2006 5
2006 5
2006 5
2006 5
2006 5
2006 5
2006 5
2006 5
2006 5
2006 5
2006 5
2006 5
2006 5
2006 7
2006 7
2006 7
2006 6
2006 6
2006 6
2006 6
2006 5
2006 5
2006 5
2006 5
2006 7
2006 7
2006 7
2006 7
2006 5
2006 17
2006 12
2006 10
2006 10
2006 10
2006 18
2006 39
2006 62
2006 65
2006 72
2006 68
2006 65
2006 63
2006 60
2006 58
2006 55
2006 53
2006 51
2006 40
2006 37
2006 37
2006 37
2006 37
2006 36
2006 36
2006 35
2006 33
2006 34
2006 34
2006 65
2006 61
2006 59
2006 57
2006 62
2006 78
2006 75
2006 70
2006 66
2006 55
2006 55
2006 62
2006 59
2006 53
2006 49
2006 47
2006 50
2006 48
2006 48
2006 48
2006 48
2006 48
2006 48
2006 47
2006 47
2006 47
2006 47
2006 50
2006 49
2006 47
2006 50
2006 45
2006 52
2006 50
2006 48
2006 42
2006 41
2006 38
2006 33
2006 24
2006 24
2006 23
2006 23
2006 21
2006 21
2006 21
2006 19
2006 13
2006 12
2006 14
2006 20
2006 18
2006 12
2006 6
2006 0
2006 0
2006 0
2006 0
2006 0
2006 0
2006 2
2006 0
2006 0
2006 0
2006 0
2006 0
2006 0
2006 0
2006 0
2006 0
2006 0
2006 0
2006 0
2006 0
2006 0
2006 0
2006 0
2006 0
2006 5
2006 0
2006 24
2006 7
2006 0
2006 0
2006 0
2006 0
2006 0
2006 0
2006 0
2006 0
2006 0
2006 0
2006 0
2006 0
2006 0
2006 0
2006 0
2006 0
2006 0
2006 0
2006 2
2006 10
2006 3
2006 3
2006 3
2006 3
2006 3
2006 NA
2006 4
2006 2
2006 2
2006 NA
2006 3
2006 1
2006 NA
2006 1
2006 NA
2006 NA
2006 2
2006 2
2006 2
2006 NA
2006 3
2006 2
2006 NA
2006 3
2006 2
2006 2
2006 NA
2006 2
2006 2
2006 1
2006 NA
2006 NA
2006 3
2006 NA
2006 NA
2006 2
2006 2
2006 1
2006 NA
2006 NA
2006 2
2006 NA
2006 3
2006 3
2006 3
2006 NA
2006 5
2006 2
2006 2
2006 2
2006 NA
2006 NA
2006 4
2006 4
2006 2
2006 1
2006 NA
2006 3
2006 3
2006 3
2006 3
2006 2
2006 2
2006 NA
2006 2
2006 2
2006 1
2006 NA
2006 NA
2006 4
2006 NA
2006 2
2006 NA
2006 2
2006 NA
2006 NA
2006 3
2006 NA
2006 4
2006 2
2006 NA
2006 3
2006 3
2006 2
2006 NA
2006 NA
2006 2
2006 2
2006 2
2006 NA
2006 3
2007 3
2007 3
2007 NA
2007 4
2007 3
2007 3
2007 NA
2007 4
2007 3
2007 NA
2007 4
2007 4
2007 3
2007 3
2007 3
2007 3
2007 3
2007 3
2007 3
2007 3
2007 3
2007 3
2007 3
2007 2
2007 3
2007 3
2007 3
2007 3
2007 3
2007 3
2007 3
2007 3
2007 3
2007 3
2007 3
2007 4
2007 3
2007 3
2007 2
2007 NA
2007 2
2007 NA
2007 2
2007 2
2007 3
2007 2
2007 4
2007 3
2007 7
2007 5
2007 4
2007 3
2007 3
2007 3
2007 3
2007 3
2007 NA
2007 3
2007 NA
2007 3
2007 3
2007 3
2007 2
2007 3
2007 4
2007 4
2007 4
2007 2
2007 4
2007 3
2007 6
2007 3
2007 4
2007 3
2007 4
2007 5
2007 5
2007 5
2007 18
2007 11
2007 10
2007 5
2007 8
2007 9
2007 8
2007 7
2007 6
2007 4
2007 5
2007 3
2007 4
2007 4
2007 4
2007 4
2007 4
2007 3
2007 11
2007 23
2007 20
2007 31
2007 15
2007 17
2007 17
2007 17
2007 14
2007 13
2007 17
2007 17
2007 17
2007 33
2007 24
2007 24
2007 24
2007 24
2007 24
2007 24
2007 24
2007 24
2007 23
2007 23
2007 23
2007 23
2007 22
2007 17
2007 19
2007 18
2007 18
2007 17
2007 17
2007 13
2007 13
2007 13
2007 13
2007 13
2007 13
2007 13
2007 12
2007 12
2007 12
2007 11
2007 4
2007 4
2007 3
2007 3
2007 17
2007 24
2007 26
2007 25
2007 23
2007 20
2007 19
2007 18
2007 18
2007 18
2007 18
2007 NA
2007 NA
2007 NA
2007 NA
2007 NA
2007 NA
2007 NA
2007 NA
2007 NA
2007 NA
2007 NA
2007 NA
2007 NA
2007 11
2007 11
2007 11
2007 13
2007 13
2007 13
2007 12
2007 14
2007 14
2007 7
2007 11
2007 11
2007 11
2007 6
2007 6
2007 6
2007 4
2007 4
2007 4
2007 14
2007 14
2007 12
2007 12
2007 13
2007 12
2007 12
2007 9
2007 8
2007 5
2007 5
2007 5
2007 5
2007 7
2007 6
2007 4
2007 4
2007 4
2007 25
2007 74
2007 100
2007 96
2007 86
2007 73
2007 102
2007 97
2007 90
2007 85
2007 78
2007 110
2007 95
2007 85
2007 78
2007 69
2007 61
2007 59
2007 55
2007 57
2007 57
2007 54
2007 48
2007 38
2007 36
2007 31
2007 20
2007 18
2007 12
2007 6
2007 0
2007 0
2007 0
2007 0
2007 0
2007 0
2007 0
2007 0
2007 14
2007 16
2007 31
2007 44
2007 31
2007 24
2007 17
2007 4
2007 0
2007 0
2007 0
2007 0
2007 0
2007 0
2007 0
2007 5
2007 0
2007 0
2007 0
2007 0
2007 0
2007 0
2007 0
2007 0
2007 0
2007 0
2007 0
2007 0
2007 0
2007 0
2007 3
2007 21
2007 12
2007 2
2007 NA
2007 NA
2007 4
2007 NA
2007 NA
2007 4
2007 4
2007 4
2007 NA
2007 5
2007 NA
2007 3
2007 NA
2007 NA
2007 3
2007 NA
2007 NA
2007 NA
2007 3
2007 NA
2007 NA
2007 5
2007 5
2007 4
2007 NA
2007 7
2007 7
2007 NA
2007 9
2007 7
2007 7
2007 6
2007 4
2007 NA
2007 5
2007 5
2007 5
2007 NA
2007 5
2007 NA
2007 6
2007 NA
2007 NA
2007 8
2007 NA
2007 10
2007 NA
2007 8
2007 NA
2007 10
2007 NA
2007 11
2007 3
2007 NA
2007 NA
2007 NA
2007 7
2007 5
2007 4
2007 NA
2007 NA
2007 NA
2007 NA
2007 2
2007 NA
2007 5
2007 5
2007 NA
2007 NA
2007 5
2007 NA
2007 6
2007 NA
2007 7
2007 7
2007 3
2007 NA
2007 4
2007 8
2007 9
2007 8
2007 5
2007 NA
2007 6
2007 5
2007 5
2007 4
2007 4
2008 NA
2008 8
2008 7
2008 7
2008 5
2008 4
2008 NA
2008 5
2008 4
2008 NA
2008 2
2008 NA
2008 3
2008 NA
2008 4
2008 NA
2008 5
2008 4
2008 5
2008 7
2008 7
2008 5
2008 NA
2008 4
2008 NA
2008 8
2008 3
2008 9
2008 4
2008 7
2008 5
2008 NA
2008 3
2008 NA
2008 5
2008 NA
2008 5
2008 3
2008 3
2008 10
2008 6
2008 6
2008 6
2008 9
2008 5
2008 NA
2008 6
2008 6
2008 7
2008 5
2008 7
2008 8
2008 6
2008 7
2008 17
2008 50
2008 41
2008 37
2008 34
2008 29
2008 32
2008 32
2008 31
2008 29
2008 26
2008 26
2008 21
2008 19
2008 19
2008 19
2008 18
2008 18
2008 15
2008 15
2008 17
2008 18
2008 18
2008 18
2008 18
2008 18
2008 18
2008 21
2008 37
2008 63
2008 68
2008 66
2008 60
2008 58
2008 54
2008 53
2008 49
2008 49
2008 48
2008 45
2008 43
2008 42
2008 39
2008 39
2008 35
2008 33
2008 36
2008 33
2008 33
2008 33
2008 31
2008 43
2008 43
2008 47
2008 48
2008 46
2008 44
2008 43
2008 42
2008 47
2008 50
2008 48
2008 48
2008 47
2008 47
2008 47
2008 46
2008 46
2008 46
2008 46
2008 53
2008 57
2008 55
2008 46
2008 33
2008 31
2008 31
2008 31
2008 31
2008 54
2008 82
2008 76
2008 83
2008 80
2008 79
2008 72
2008 65
2008 62
2008 61
2008 61
2008 61
2008 60
2008 59
2008 58
2008 58
2008 57
2008 56
2008 56
2008 56
2008 55
2008 59
2008 58
2008 65
2008 56
2008 55
2008 54
2008 53
2008 51
2008 51
2008 51
2008 50
2008 50
2008 50
2008 50
2008 50
2008 50
2008 50
2008 50
2008 50
2008 50
2008 50
2008 50
2008 49
2008 46
2008 44
2008 41
2008 40
2008 40
2008 37
2008 26
2008 26
2008 24
2008 45
2008 41
2008 45
2008 47
2008 40
2008 45
2008 47
2008 40
2008 36
2008 34
2008 32
2008 31
2008 27
2008 28
2008 28
2008 44
2008 32
2008 30
2008 32
2008 31
2008 29
2008 27
2008 22
2008 34
2008 27
2008 24
2008 30
2008 35
2008 26
2008 20
2008 18
2008 16
2008 12
2008 4
2008 7
2008 8
2008 11
2008 11
2008 30
2008 17
2008 15
2008 18
2008 15
2008 13
2008 31
2008 38
2008 23
2008 55
2008 39
2008 31
2008 30
2008 20
2008 18
2008 18
2008 15
2008 9
2008 8
2008 13
2008 7
2008 0
2008 0
2008 0
2008 0
2008 0
2008 0
2008 0
2008 0
2008 0
2008 14
2008 20
2008 10
2008 3
2008 0
2008 0
2008 0
2008 0
2008 0
2008 0
2008 0
2008 0
2008 0
2008 0
2008 0
2008 0
2008 0
2008 0
2008 5
2008 0
2008 0
2008 0
2008 0
2008 0
2008 0
2008 0
2008 0
2008 0
2008 0
2008 0
2008 0
2008 0
2008 0
2008 7
2008 5
2008 3
2008 NA
2008 4
2008 4
2008 3
2008 3
2008 NA
2008 NA
2008 NA
2008 6
2008 NA
2008 5
2008 NA
2008 NA
2008 7
2008 5
2008 5
2008 NA
2008 NA
2008 4
2008 NA
2008 6
2008 4
2008 NA
2008 4
2008 NA
2008 5
2008 NA
2008 8
2008 5
2008 NA
2008 NA
2008 NA
2008 10
2008 10
2008 8
2008 NA
2008 NA
2008 NA
2008 7
2008 NA
2008 7
2008 NA
2008 10
2008 NA
2008 10
2008 6
2008 NA
2008 NA
2008 9
2008 4
2008 NA
2008 6
2008 6
2008 2
2008 NA
2008 6
2008 4
2008 4
2008 4
2008 4
2008 NA
2008 NA
2008 6
2008 4
2008 3
2008 NA
2008 3
2008 NA
2008 4
2008 4
2008 NA
2008 6
2008 5
2008 3
2008 NA
2008 8
2009 7
2009 NA
2009 NA
2009 7
2009 5
2009 NA
2009 6
2009 NA
2009 7
2009 NA
2009 3
2009 NA
2009 NA
2009 12
2009 3
2009 5
2009 7
2009 7
2009 7
2009 NA
2009 5
2009 3
2009 6
2009 6
2009 6
2009 4
2009 9
2009 10
2009 8
2009 6
2009 10
2009 8
2009 6
2009 7
2009 9
2009 5
2009 NA
2009 7
2009 5
2009 5
2009 NA
2009 6
2009 NA
2009 NA
2009 8
2009 5
2009 NA
2009 5
2009 5
2009 8
2009 8
2009 8
2009 8
2009 8
2009 7
2009 6
2009 NA
2009 3
2009 9
2009 10
2009 15
2009 18
2009 9
2009 12
2009 25
2009 59
2009 62
2009 68
2009 62
2009 58
2009 58
2009 56
2009 57
2009 57
2009 56
2009 55
2009 55
2009 55
2009 54
2009 54
2009 54
2009 48
2009 23
2009 27
2009 35
2009 32
2009 31
2009 30
2009 46
2009 48
2009 55
2009 62
2009 56
2009 52
2009 52
2009 59
2009 39
2009 52
2009 52
2009 52
2009 67
2009 74
2009 76
2009 71
2009 79
2009 144
2009 200
2009 229
2009 210
2009 198
2009 190
2009 180
2009 173
2009 167
2009 165
2009 161
2009 192
2009 184
2009 177
2009 179
2009 178
2009 171
2009 173
2009 169
2009 166
2009 160
2009 156
2009 158
2009 167
2009 206
2009 203
2009 193
2009 186
2009 179
2009 175
2009 171
2009 170
2009 165
2009 162
2009 159
2009 135
2009 146
2009 142
2009 142
2009 140
2009 142
2009 147
2009 144
2009 182
2009 172
2009 167
2009 162
2009 159
2009 155
2009 160
2009 159
2009 156
2009 154
2009 175
2009 182
2009 177
2009 172
2009 170
2009 161
2009 151
2009 150
2009 150
2009 149
2009 148
2009 147
2009 137
2009 137
2009 136
2009 138
2009 137
2009 136
2009 134
2009 134
2009 134
2009 133
2009 132
2009 132
2009 138
2009 134
2009 134
2009 150
2009 176
2009 167
2009 161
2009 158
2009 154
2009 151
2009 152
2009 144
2009 144
2009 140
2009 136
2009 135
2009 132
2009 131
2009 131
2009 140
2009 136
2009 134
2009 131
2009 130
2009 127
2009 127
2009 126
2009 140
2009 145
2009 140
2009 168
2009 219
2009 241
2009 227
2009 216
2009 211
2009 202
2009 194
2009 183
2009 181
2009 183
2009 205
2009 205
2009 193
2009 184
2009 190
2009 191
2009 187
2009 203
2009 222
2009 235
2009 220
2009 204
2009 199
2009 204
2009 213
2009 227
2009 248
2009 230
2009 228
2009 223
2009 213
2009 209
2009 198
2009 190
2009 190
2009 183
2009 178
2009 171
2009 167
2009 165
2009 162
2009 154
2009 147
2009 144
2009 139
2009 132
2009 123
2009 119
2009 108
2009 96
2009 83
2009 77
2009 60
2009 50
2009 43
2009 34
2009 30
2009 20
2009 10
2009 4
2009 8
2009 4
2009 2
2009 0
2009 0
2009 0
2009 0
2009 0
2009 0
2009 0
2009 0
2009 0
2009 0
2009 0
2009 0
2009 0
2009 0
2009 0
2009 0
2009 0
2009 0
2009 0
2009 0
2009 0
2009 0
2009 0
2009 0
2009 0
2009 0
2009 0
2009 0
2009 0
2009 0
2009 0
2009 0
2009 0
2009 0
2009 0
2009 0
2009 0
2009 0
2009 0
2009 0
2009 0
2009 0
2009 0
2009 0
2009 0
2009 0
2009 0
2009 0
2009 0
2009 0
2009 0
2009 0
2009 0
2009 0
2009 0
2009 0
2009 0
2009 0
2009 0
2009 0
2009 0
2009 0
2009 0
2009 0
2009 0
2009 0
2009 0
2009 0
2009 0
2009 0
2009 0
2009 0
2009 0
2009 0
2009 0
2009 0
2009 0
2009 0
2009 0
2009 0
2009 0
2009 0
2009 0
2009 0
2009 0
2009 0
2009 0
2009 0
2009 0
2010 0
2010 0
2010 0
2010 0
2010 0
2010 0
2010 0
2010 0
2010 0
2010 0
2010 0
2010 0
2010 0
2010 0
2010 0
2010 0
2010 0
2010 0
2010 0
2010 0
2010 0
2010 0
2010 0
2010 0
2010 0
2010 0
2010 0
2010 0
2010 0
2010 0
2010 0
2010 0
2010 0
2010 0
2010 0
2010 0
2010 0
2010 0
2010 0
2010 0
2010 0
2010 0
2010 0
2010 0
2010 0
2010 0
2010 0
2010 24
2010 17
2010 15
2010 12
2010 40
2010 36
2010 25
2010 22
2010 18
2010 17
2010 15
2010 11
2010 11
2010 8
2010 8
2010 7
2010 6
2010 7
2010 5
2010 8
2010 4
2010 9
2010 53
2010 48
2010 41
2010 35
2010 32
2010 29
2010 26
2010 26
2010 18
2010 14
2010 14
2010 12
2010 9
2010 9
2010 9
2010 7
2010 7
2010 7
2010 7
2010 7
2010 8
2010 35
2010 23
2010 20
2010 17
2010 27
2010 23
2010 21
2010 19
2010 17
2010 17
2010 17
2010 16
2010 16
2010 31
2010 31
2010 29
2010 29
2010 29
2010 25
2010 25
2010 23
2010 15
2010 40
2010 60
2010 31
2010 49
2010 39
2010 38
2010 38
2010 32
2010 36
2010 41
2010 40
2010 32
2010 32
2010 35
2010 35
2010 36
2010 33
2010 56
2010 64
2010 104
2010 96
2010 89
2010 86
2010 82
2010 84
2010 78
2010 77
2010 73
2010 71
2010 69
2010 70
2010 67
2010 65
2010 66
2010 67
2010 67
2010 88
2010 77
2010 74
2010 72
2010 63
2010 62
2010 64
2010 62
2010 62
2010 71
2010 62
2010 60
2010 61
2010 61
2010 63
2010 80
2010 146
2010 129
2010 120
2010 114
2010 108
2010 107
2010 110
2010 116
2010 114
2010 119
2010 119
2010 120
2010 114
2010 113
2010 116
2010 107
2010 113
2010 105
2010 104
2010 105
2010 125
2010 118
2010 116
2010 126
2010 137
2010 133
2010 140
2010 156
2010 147
2010 140
2010 135
2010 130
2010 128
2010 127
2010 125
2010 123
2010 117
2010 112
2010 110
2010 109
2010 108
2010 107
2010 108
2010 105
2010 103
2010 103
2010 99
2010 99
2010 97
2010 98
2010 98
2010 107
2010 102
2010 100
2010 98
2010 95
2010 95
2010 92
2010 87
2010 120
2010 142
2010 137
2010 127
2010 125
2010 126
2010 126
2010 116
2010 109
2010 101
2010 93
2010 92
2010 99
2010 90
2010 86
2010 80
2010 73
2010 69
2010 65
2010 58
2010 57
2010 51
2010 65
2010 82
2010 109
2010 97
2010 97
2010 87
2010 88
2010 79
2010 77
2010 72
2010 70
2010 92
2010 76
2010 72
2010 65
2010 64
2010 64
2010 58
2010 55
2010 46
2010 36
2010 27
2010 22
2010 10
2010 5
2010 5
2010 5
2010 4
2010 2
2010 NA
2010 2
2010 1
2010 NA
2010 3
2010 2
2010 NA
2010 3
2010 NA
2010 4
2010 NA
2010 3
2010 3
2010 NA
2010 7
2010 4
2010 NA
2010 NA
2010 18
2010 15
2010 3
2010 NA
2010 4
2010 NA
2010 2
2010 NA
2010 NA
2010 6
2010 NA
2010 7
2010 3
2010 NA
2010 6
2010 NA
2010 NA
2010 13
2010 NA
2010 6
2010 NA
2010 10
2010 6
2010 NA
2010 NA
2010 NA
2010 NA
2010 13
2010 8
2010 NA
2010 7
2010 NA
2010 8
2010 NA
2010 NA
2010 NA
2010 11
2010 NA
2010 10
2010 9
2010 9
2010 5
2010 4
2010 4
2010 4
2010 NA
2010 8
2010 NA
2010 9
2010 5
2010 NA
2010 6
2010 4
2010 NA
2010 4
2010 NA
2010 2
2010 NA
2010 6
2010 3
2010 NA
2010 NA
2010 6
2010 NA
2010 7
2010 6
2010 6
2010 5
2010 NA
2010 5
2010 8
2010 5
2010 5
2011 6
2011 6
2011 6
2011 5
2011 NA
2011 7
2011 6
2011 NA
2011 8
2011 NA
2011 8
2011 5
2011 NA
2011 4
2011 NA
2011 6
2011 NA
2011 6
2011 NA
2011 8
2011 7
2011 5
2011 NA
2011 7
2011 7
2011 7
2011 10
2011 10
2011 5
2011 6
2011 11
2011 11
2011 9
2011 4
2011 NA
2011 5
2011 NA
2011 NA
2011 3
2011 2
2011 4
2011 6
2011 5
2011 7
2011 6
2011 7
2011 16
2011 19
2011 15
2011 12
2011 14
2011 13
2011 13
2011 8
2011 20
2011 31
2011 25
2011 22
2011 19
2011 20
2011 41
2011 58
2011 59
2011 50
2011 46
2011 42
2011 40
2011 40
2011 39
2011 37
2011 39
2011 38
2011 36
2011 31
2011 31
2011 31
2011 47
2011 78
2011 72
2011 73
2011 70
2011 81
2011 78
2011 71
2011 71
2011 70
2011 68
2011 67
2011 68
2011 61
2011 55
2011 84
2011 53
2011 59
2011 58
2011 58
2011 61
2011 57
2011 58
2011 55
2011 55
2011 54
2011 52
2011 54
2011 54
2011 54
2011 54
2011 54
2011 54
2011 54
2011 54
2011 54
2011 62
2011 68
2011 80
2011 90
2011 99
2011 99
2011 93
2011 86
2011 84
2011 84
2011 83
2011 82
2011 81
2011 81
2011 81
2011 80
2011 79
2011 79
2011 80
2011 80
2011 79
2011 79
2011 77
2011 77
2011 75
2011 75
2011 75
2011 75
2011 75
2011 75
2011 77
2011 77
2011 75
2011 75
2011 75
2011 75
2011 75
2011 75
2011 88
2011 97
2011 111
2011 116
2011 109
2011 104
2011 100
2011 98
2011 90
2011 90
2011 90
2011 90
2011 90
2011 89
2011 90
2011 90
2011 90
2011 94
2011 109
2011 121
2011 120
2011 113
2011 112
2011 112
2011 111
2011 109
2011 108
2011 106
2011 102
2011 102
2011 112
2011 167
2011 170
2011 157
2011 168
2011 164
2011 154
2011 149
2011 145
2011 141
2011 136
2011 134
2011 131
2011 154
2011 156
2011 150
2011 196
2011 198
2011 180
2011 171
2011 179
2011 172
2011 169
2011 166
2011 162
2011 160
2011 155
2011 152
2011 160
2011 149
2011 154
2011 142
2011 137
2011 132
2011 124
2011 122
2011 114
2011 109
2011 105
2011 100
2011 93
2011 89
2011 83
2011 78
2011 72
2011 72
2011 80
2011 75
2011 74
2011 71
2011 68
2011 63
2011 63
2011 63
2011 69
2011 66
2011 63
2011 59
2011 57
2011 71
2011 70
2011 71
2011 64
2011 59
2011 55
2011 52
2011 45
2011 45
2011 41
2011 31
2011 25
2011 16
2011 6
2011 2
2011 2
2011 2
2011 2
2011 0
2011 0
2011 0
2011 0
2011 0
2011 0
2011 0
2011 0
2011 0
2011 0
2011 0
2011 0
2011 0
2011 0
2011 0
2011 0
2011 2
2011 0
2011 0
2011 0
2011 0
2011 0
2011 0
2011 0
2011 0
2011 0
2011 0
2011 0
2011 0
2011 0
2011 0
2011 0
2011 0
2011 0
2011 0
2011 0
2011 0
2011 0
2011 0
2011 0
2011 0
2011 0
2011 0
2011 0
2011 0
2011 0
2011 0
2011 0
2011 0
2011 0
2011 0
2011 0
2011 0
2011 0
2011 0
2011 0
2011 0
2011 0
2011 0
2011 0
2011 0
2011 0
2011 0
2011 0
2011 0
2011 0
2011 0
2011 0
2011 0
2011 0
2011 0
2011 0
2011 0
2011 0
2011 0
2011 0
2011 0
2011 0
2011 0
2011 0
2011 0
2011 0
2011 0
2011 0
2011 0
2011 0
2011 0
2011 0
2011 0
2011 0
2011 0
2011 0
2011 0
2011 0
2011 0
2011 0
2011 0
2011 0
2011 0
2011 0
2011 0
2011 0
2011 0
2011 0
2011 0
2011 0
2011 0
2011 0
2012 0
2012 0
2012 0
2012 0
2012 0
2012 0
2012 0
2012 0
2012 0
2012 0
2012 0
2012 0
2012 0
2012 0
2012 0
2012 0
2012 0
2012 0
2012 0
2012 0
2012 0
2012 0
2012 0
2012 0
2012 0
2012 0
2012 0
2012 0
2012 0
2012 0
2012 0
2012 0
2012 0
2012 0
2012 0
2012 0
2012 0
2012 0
2012 0
2012 0
2012 0
2012 0
2012 0
2012 0
2012 0
2012 0
2012 0
2012 0
2012 0
2012 1
2012 0
2012 0
2012 0
2012 0
2012 32
2012 39
2012 34
2012 27
2012 23
2012 22
2012 18
2012 18
2012 17
2012 14
2012 25
2012 41
2012 41
2012 61
2012 75
2012 88
2012 79
2012 75
2012 75
2012 74
2012 72
2012 71
2012 68
2012 67
2012 67
2012 65
2012 65
2012 67
2012 68
2012 68
2012 68
2012 66
2012 63
2012 63
2012 61
2012 61
2012 61
2012 61
2012 61
2012 61
2012 61
2012 61
2012 58
2012 54
2012 56
2012 54
2012 53
2012 56
2012 54
2012 45
2012 55
2012 47
2012 47
2012 53
2012 48
2012 47
2012 44
2012 46
2012 43
2012 40
2012 43
2012 41
2012 41
2012 41
2012 41
2012 41
2012 41
2012 40
2012 40
2012 40
2012 42
2012 40
2012 40
2012 38
2012 37
2012 35
2012 33
2012 31
2012 31
2012 31
2012 31
2012 31
2012 31
2012 31
2012 31
2012 31
2012 35
2012 34
2012 34
2012 31
2012 31
2012 31
2012 31
2012 31
2012 31
2012 31
2012 50
2012 57
2012 57
2012 59
2012 60
2012 59
2012 57
2012 56
2012 55
2012 54
2012 71
2012 64
2012 67
2012 61
2012 62
2012 59
2012 59
2012 54
2012 48
2012 48
2012 48
2012 48
2012 49
2012 59
2012 52
2012 51
2012 49
2012 46
2012 42
2012 41
2012 41
2012 41
2012 38
2012 36
2012 34
2012 34
2012 29
2012 60
2012 93
2012 70
2012 82
2012 78
2012 70
2012 64
2012 56
2012 49
2012 47
2012 42
2012 42
2012 41
2012 43
2012 57
2012 59
2012 50
2012 49
2012 48
2012 45
2012 45
2012 44
2012 42
2012 39
2012 35
2012 29
2012 28
2012 26
2012 25
2012 24
2012 43
2012 28
2012 28
2012 28
2012 26
2012 26
2012 61
2012 44
2012 45
2012 54
2012 62
2012 54
2012 70
2012 54
2012 51
2012 56
2012 52
2012 49
2012 44
2012 47
2012 41
2012 41
2012 41
2012 36
2012 34
2012 33
2012 41
2012 45
2012 35
2012 32
2012 31
2012 27
2012 23
2012 19
2012 18
2012 10
2012 1
2012 0
2012 0
2012 0
2012 0
2012 0
2012 0
2012 8
2012 4
2012 5
2012 37
2012 46
2012 23
2012 3
2012 0
2012 0
2012 0
2012 0
2012 0
2012 0
2012 0
2012 0
2012 0
2012 0
2012 0
2012 0
2012 0
2012 0
2012 0
2012 0
2012 0
2012 3
2012 0
2012 0
2012 0
2012 0
2012 0
2012 0
2012 0
2012 0
2012 0
2012 0
2012 0
2012 0
2012 0
2012 0
2012 0
2012 0
2012 0
2012 0
2012 0
2012 0
2012 0
2012 0
2012 0
2012 0
2012 0
2012 0
2012 0
2012 0
2012 0
2012 0
2012 0
2012 0
2012 0
2012 0
2012 0
2012 0
2012 0
2012 0
2012 0
2012 0
2012 0
2012 0
2012 0
2012 0
2012 0
2012 0
2012 0
2012 0
2012 0
2012 0
2012 0
2012 0
2012 0
2012 0
2012 0
2012 0
2012 0
2012 0
2012 0
2012 0
2012 0
2012 0
2012 0
2012 0
2012 0
2012 0
2012 0
2012 0
2012 0
2012 0
2012 0
2012 0
2012 0
2012 0
2012 0
2012 0
2012 0
2012 0
2012 0
2012 0
2012 0
2013 1
2013 18
2013 9
2013 0
2013 0
2013 0
2013 0
2013 0
2013 0
2013 0
2013 0
2013 0
2013 0
2013 0
2013 0
2013 0
2013 0
2013 0
2013 0
2013 0
2013 0
2013 8
2013 6
2013 NA
2013 8
2013 8
2013 8
2013 NA
2013 0
2013 0
2013 0
2013 0
2013 0
2013 0
2013 0
2013 0
2013 0
2013 0
2013 0
2013 0
2013 0
2013 0
2013 0
2013 0
2013 0
2013 0
2013 0
2013 0
2013 0
2013 0
2013 0
2013 0
2013 0
2013 0
2013 0
2013 0
2013 8
2013 47
2013 64
2013 56
2013 52
2013 54
2013 45
2013 42
2013 40
2013 27
2013 27
2013 27
2013 29
2013 29
2013 34
2013 72
2013 63
2013 55
2013 52
2013 52
2013 50
2013 48
2013 48
2013 47
2013 47
2013 47
2013 47
2013 46
2013 46
2013 45
2013 45
2013 52
2013 69
2013 114
2013 117
2013 111
2013 109
2013 95
2013 73
2013 71
2013 71
2013 71
2013 68
2013 66
2013 53
2013 53
2013 53
2013 53
2013 70
2013 71
2013 66
2013 58
2013 50
2013 50
2013 46
2013 52
2013 51
2013 49
2013 46
2013 56
2013 53
2013 53
2013 40
2013 40
2013 40
2013 40
2013 40
2013 44
2013 43
2013 41
2013 38
2013 38
2013 36
2013 36
2013 36
2013 36
2013 36
2013 36
2013 38
2013 44
2013 50
2013 49
2013 44
2013 42
2013 42
2013 65
2013 66
2013 46
2013 44
2013 73
2013 66
2013 64
2013 59
2013 58
2013 57
2013 52
2013 50
2013 40
2013 37
2013 37
2013 35
2013 35
2013 38
2013 38
2013 37
2013 41
2013 38
2013 50
2013 51
2013 48
2013 45
2013 45
2013 45
2013 45
2013 59
2013 55
2013 51
2013 50
2013 52
2013 55
2013 64
2013 71
2013 92
2013 78
2013 86
2013 83
2013 79
2013 74
2013 74
2013 74
2013 82
2013 88
2013 89
2013 90
2013 90
2013 87
2013 85
2013 82
2013 84
2013 83
2013 81
2013 93
2013 129
2013 123
2013 114
2013 109
2013 103
2013 100
2013 109
2013 117
2013 102
2013 102
2013 102
2013 107
2013 105
2013 106
2013 102
2013 102
2013 99
2013 97
2013 121
2013 106
2013 105
2013 105
2013 101
2013 102
2013 99
2013 97
2013 95
2013 88
2013 83
2013 82
2013 70
2013 63
2013 60
2013 83
2013 94
2013 113
2013 100
2013 87
2013 82
2013 76
2013 71
2013 70
2013 74
2013 72
2013 68
2013 61
2013 59
2013 53
2013 44
2013 47
2013 38
2013 33
2013 31
2013 24
2013 13
2013 7
2013 3
2013 0
2013 4
2013 34
2013 20
2013 20
2013 64
2013 41
2013 32
2013 28
2013 28
2013 18
2013 15
2013 11
2013 5
2013 5
2013 5
2013 10
2013 5
2013 0
2013 0
2013 0
2013 0
2013 0
2013 0
2013 0
2013 0
2013 0
2013 0
2013 0
2013 0
2013 0
2013 0
2013 0
2013 0
2013 0
2013 0
2013 0
2013 0
2013 0
2013 0
2013 0
2013 0
2013 0
2013 0
2013 0
2013 0
2013 0
2013 0
2013 0
2013 0
2013 0
2013 0
2013 0
2013 0
2013 0
2013 0
2013 0
2013 0
2013 0
2013 0
2013 0
2013 0
2013 0
2013 0
2013 0
2013 0
2013 0
2013 0
2013 0
2013 0
2013 0
2013 0
2013 0
2013 0
2013 0
2013 0
2013 0
2013 0
2013 0
2013 0
2013 0
2013 0
2013 0
2013 0
2013 0
2013 0
2013 0
2013 0
2013 0
2013 0
2013 0
2013 0
2013 0
2013 0
2013 0
2013 0
2013 0
2013 0
2013 0
2013 0
2013 0
2013 0
2013 0
2013 0
2013 0
2013 0
2013 0
2013 0
2013 0
2013 0
2014 0
2014 0
2014 0
2014 0
2014 0
2014 0
2014 0
2014 0
2014 0
2014 0
2014 0
2014 0
2014 0
2014 0
2014 0
2014 0
2014 0
2014 0
2014 0
2014 0
2014 0
2014 0
2014 0
2014 0
2014 0
2014 0
2014 0
2014 0
2014 0
2014 0
2014 8
2014 8
2014 7
2014 0
2014 0
2014 0
2014 0
2014 0
2014 0
2014 0
2014 1
2014 14
2014 12
2014 8
2014 4
2014 0
2014 0
2014 0
2014 0
2014 0
2014 0
2014 0
2014 0
2014 0
2014 0
2014 0
2014 0
2014 0
2014 0
2014 0
2014 0
2014 0
2014 0
2014 0
2014 0
2014 10
2014 5
2014 5
2014 0
2014 0
2014 0
2014 0
2014 0
2014 0
2014 0
2014 25
2014 25
2014 23
2014 24
2014 58
2014 60
2014 63
2014 52
2014 66
2014 65
2014 59
2014 56
2014 55
2014 52
2014 51
2014 48
2014 64
2014 61
2014 57
2014 53
2014 52
2014 33
2014 28
2014 28
2014 28
2014 25
2014 25
2014 25
2014 25
2014 25
2014 25
2014 25
2014 25
2014 25
2014 25
2014 37
2014 39
2014 39
2014 38
2014 38
2014 42
2014 65
2014 41
2014 41
2014 46
2014 45
2014 44
2014 43
2014 44
2014 38
2014 41
2014 58
2014 52
2014 51
2014 50
2014 49
2014 44
2014 44
2014 44
2014 43
2014 59
2014 56
2014 56
2014 72
2014 70
2014 77
2014 78
2014 75
2014 74
2014 70
2014 68
2014 64
2014 67
2014 52
2014 53
2014 53
2014 70
2014 79
2014 75
2014 76
2014 86
2014 88
2014 91
2014 96
2014 96
2014 103
2014 98
2014 100
2014 105
2014 100
2014 94
2014 99
2014 96
2014 97
2014 129
2014 120
2014 117
2014 111
2014 107
2014 104
2014 104
2014 102
2014 100
2014 110
2014 122
2014 113
2014 119
2014 131
2014 121
2014 150
2014 158
2014 148
2014 141
2014 134
2014 130
2014 126
2014 124
2014 121
2014 117
2014 115
2014 109
2014 106
2014 99
2014 94
2014 91
2014 91
2014 88
2014 87
2014 90
2014 86
2014 85
2014 91
2014 112
2014 117
2014 106
2014 99
2014 94
2014 92
2014 91
2014 85
2014 95
2014 101
2014 87
2014 86
2014 80
2014 70
2014 69
2014 67
2014 64
2014 54
2014 51
2014 47
2014 42
2014 39
2014 34
2014 39
2014 47
2014 47
2014 42
2014 41
2014 39
2014 32
2014 32
2014 27
2014 36
2014 27
2014 27
2014 26
2014 24
2014 49
2014 34
2014 27
2014 22
2014 15
2014 7
2014 5
2014 5
2014 8
2014 7
2014 5
2014 6
2014 6
2014 0
2014 0
2014 0
2014 0
2014 0
2014 0
2014 0
2014 0
2014 7
2014 10
2014 11
2014 11
2014 5
2014 3
2014 0
2014 0
2014 0
2014 0
2014 0
2014 0
2014 0
2014 0
2014 0
2014 0
2014 0
2014 0
2014 0
2014 0
2014 0
2014 0
2014 0
2014 0
2014 0
2014 0
2014 0
2014 0
2014 0
2014 0
2014 0
2014 0
2014 0
2014 0
2014 0
2014 0
2014 0
2014 0
2014 0
2014 0
2014 0
2014 0
2014 0
2014 0
2014 0
2014 0
2014 0
2014 0
2014 0
2014 0
2014 0
2014 0
2014 0
2014 0
2014 0
2014 0
2014 0
2014 0
2014 0
2014 0
2014 0
2014 0
2014 0
2014 0
2014 0
2014 0
2014 0
2014 0
2014 0
2014 0
2014 0
2014 0
2014 0
2014 0
2014 0
2014 0
2014 0
2014 0
2014 0
2014 0
2014 0
2014 0
2014 0
2014 0
2014 0
2014 0
2014 0
2014 0
2014 0
2014 0
2014 0
2014 0
2014 0
2014 0
2014 0
2014 0
2014 0
2014 0
2014 0
2014 0
2015 0
2015 0
2015 0
2015 0
2015 0
2015 0
2015 0
2015 0
2015 0
2015 0
2015 0
2015 0
2015 0
2015 0
2015 0
2015 0
2015 0
2015 0
2015 0
2015 0
2015 0
2015 0
2015 0
2015 0
2015 0
2015 0
2015 0
2015 0
2015 0
2015 0
2015 0
2015 0
2015 0
2015 0
2015 0
2015 0
2015 0
2015 0
2015 0
2015 0
2015 0
2015 0
2015 0
2015 0
2015 0
2015 0
2015 0
2015 0
2015 0
2015 0
2015 0
2015 0
2015 0
2015 0
2015 0
2015 0
2015 0
2015 0
2015 0
2015 0
2015 0
2015 0
2015 0
2015 0
2015 3
2015 63
2015 52
2015 48
2015 44
2015 43
2015 62
2015 61
2015 65
2015 63
2015 57
2015 64
2015 63
2015 63
2015 66
2015 62
2015 60
2015 59
2015 58
2015 58
2015 51
2015 51
2015 49
2015 52
2015 57
2015 64
2015 65
2015 68
2015 70
2015 71
2015 74
2015 76
2015 76
2015 85
2015 82
2015 82
2015 80
2015 77
2015 76
2015 76
2015 74
2015 74
2015 84
2015 81
2015 80
2015 69
2015 69
2015 69
2015 66
2015 62
2015 61
2015 61
2015 61
2015 60
2015 62
2015 62
2015 62
2015 60
2015 60
2015 60
2015 57
2015 53
2015 52
2015 52
2015 52
2015 52
2015 52
2015 46
2015 42
2015 41
2015 41
2015 42
2015 41
2015 48
2015 61
2015 54
2015 53
2015 51
2015 52
2015 72
2015 66
2015 62
2015 61
2015 60
2015 55
2015 55
2015 50
2015 62
2015 41
2015 40
2015 40
2015 40
2015 52
2015 87
2015 124
2015 200
2015 165
2015 149
2015 135
2015 127
2015 122
2015 117
2015 111
2015 118
2015 153
2015 160
2015 147
2015 141
2015 135
2015 134
2015 142
2015 139
2015 134
2015 129
2015 126
2015 123
2015 122
2015 121
2015 116
2015 113
2015 114
2015 124
2015 118
2015 115
2015 112
2015 111
2015 108
2015 108
2015 104
2015 103
2015 102
2015 131
2015 189
2015 189
2015 178
2015 164
2015 156
2015 150
2015 151
2015 156
2015 146
2015 158
2015 181
2015 162
2015 160
2015 148
2015 144
2015 136
2015 129
2015 127
2015 125
2015 123
2015 131
2015 139
2015 126
2015 125
2015 121
2015 119
2015 116
2015 110
2015 108
2015 96
2015 94
2015 90
2015 90
2015 84
2015 82
2015 78
2015 74
2015 68
2015 66
2015 63
2015 57
2015 59
2015 57
2015 61
2015 58
2015 63
2015 55
2015 45
2015 38
2015 32
2015 24
2015 15
2015 4
2015 0
2015 0
2015 0
2015 0
2015 0
2015 0
2015 0
2015 0
2015 6
2015 5
2015 0
2015 0
2015 0
2015 8
2015 15
2015 2
2015 5
2015 2
2015 2
2015 2
2015 0
2015 0
2015 0
2015 0
2015 0
2015 0
2015 0
2015 0
2015 0
2015 0
2015 0
2015 0
2015 0
2015 0
2015 0
2015 0
2015 0
2015 0
2015 0
2015 0
2015 0
2015 0
2015 0
2015 0
2015 0
2015 0
2015 0
2015 0
2015 0
2015 0
2015 0
2015 0
2015 0
2015 0
2015 0
2015 0
2015 0
2015 0
2015 0
2015 0
2015 0
2015 0
2015 0
2015 0
2015 0
2015 0
2015 0
2015 0
2015 0
2015 0
2015 0
2015 0
2015 0
2015 0
2015 0
2015 0
2015 0
2015 0
2015 0
2015 0
2015 0
2015 0
2015 0
2015 0
2015 0
2015 0
2015 0
2015 0
2015 0
2015 0
2015 0
2015 0
2015 0
2015 0
2015 0
2015 0
2015 0
2015 0
2015 0
2015 0
2015 0
2015 0
2015 0
2015 0
2015 0
2015 0
2015 0
2015 0
2015 0
2015 0
2015 0
2015 0
2015 0
2015 0
2015 0
2015 0
2016 0
2016 0
2016 0
2016 0
2016 0
2016 0
2016 0
2016 0
2016 0
2016 0
2016 0
2016 0
2016 0
2016 0
2016 0
2016 0
2016 0
2016 0
2016 0
2016 0
2016 0
2016 0
2016 0
2016 0
2016 0
2016 0
2016 0
2016 0
2016 14
2016 8
2016 7
2016 22
2016 23
2016 19
2016 14
2016 8
2016 4
2016 0
2016 0
2016 0
2016 0
2016 0
2016 0
2016 0
2016 0
2016 12
2016 6
2016 4
2016 3
2016 3
2016 2
2016 0
2016 0
2016 0
2016 0
2016 0
2016 0
2016 15
2016 40
2016 29
2016 23
2016 21
2016 20
2016 20
2016 20
2016 22
2016 19
2016 18
2016 13
2016 10
2016 8
2016 5
2016 1
2016 1
2016 0
2016 0
2016 0
2016 0
2016 0
2016 0
2016 0
2016 3
2016 6
2016 7
2016 13
2016 11
2016 6
2016 5
2016 5
2016 5
2016 5
2016 5
2016 5
2016 4
2016 4
2016 4
2016 4
2016 4
2016 4
2016 4
2016 4
2016 4
2016 4
2016 4
2016 4
2016 4
2016 4
2016 4
2016 4
2016 4
2016 4
2016 4
2016 2
2016 0
2016 0
2016 0
2016 0
2016 0
2016 0
2016 0
2016 0
2016 0
2016 0
2016 0
2016 8
2016 12
2016 9
2016 9
2016 9
2016 7
2016 6
2016 9
2016 20
2016 29
2016 12
2016 12
2016 11
2016 10
2016 10
2016 10
2016 10
2016 10
2016 10
2016 10
2016 10
2016 9
2016 9
2016 2
2016 2
2016 2
2016 2
2016 0
2016 0
2016 0
2016 0
2016 0
2016 6
2016 4
2016 4
2016 14
2016 20
2016 12
2016 19
2016 14
2016 12
2016 12
2016 18
2016 12
2016 19
2016 20
2016 18
2016 16
2016 15
2016 14
2016 7
2016 10
2016 8
2016 6
2016 6
2016 18
2016 54
2016 98
2016 101
2016 87
2016 80
2016 76
2016 98
2016 79
2016 76
2016 74
2016 72
2016 72
2016 64
2016 64
2016 69
2016 78
2016 81
2016 88
2016 128
2016 104
2016 93
2016 83
2016 NA
2016 NA
2016 NA
2016 NA
2016 65
2016 64
2016 63
2016 71
2016 60
2016 60
2016 56
2016 54
2016 58
2016 56
2016 58
2016 59
2016 56
2016 53
2016 46
2016 55
2016 47
2016 47
2016 44
2016 41
2016 37
2016 32
2016 30
2016 26
2016 22
2016 22
2016 14
2016 9
2016 9
2016 7
2016 5
2016 6
2016 7
2016 6
2016 6
2016 0
2016 3
2016 34
2016 34
2016 24
2016 15
2016 10
2016 9
2016 9
2016 8
2016 10
2016 17
2016 13
2016 8
2016 6
2016 0
2016 0
2016 0
2016 0
2016 0
2016 1
2016 0
2016 0
2016 0
2016 0
2016 0
2016 0
2016 0
2016 0
2016 0
2016 0
2016 0
2016 0
2016 0
2016 0
2016 0
2016 0
2016 0
2016 0
2016 0
2016 0
2016 0
2016 0
2016 0
2016 0
2016 0
2016 0
2016 0
2016 0
2016 0
2016 0
2016 0
2016 0
2016 0
2016 0
2016 0
2016 0
2016 0
2016 0
2016 0
2016 0
2016 0
2016 0
2016 0
2016 0
2016 0
2016 0
2016 0
2016 0
2016 0
2016 0
2016 0
2016 0
2016 0
2016 0
2016 0
2016 0
2016 0
2016 0
2016 0
2016 0
2016 0
2016 0
2016 0
2016 0
2016 0
2016 0
2016 0
2016 0
2016 0
2016 0
2016 0
2016 0
2016 0
2016 0
2016 0
2016 0
2016 0
2016 0
2016 0
2016 0
2016 0
2016 0
2016 0
2016 0
2016 0
2016 0
2016 0
2016 0
2016 0
2016 0
2016 0
2016 0
2016 0
2016 0
2016 0
2016 0
2016 0
2016 0
2016 0
2016 0
2016 0
2016 0
2016 0
2016 0
2017 0
2017 0
2017 0
2017 0
2017 0
2017 0
2017 0
2017 0
2017 0
2017 0
2017 0
2017 0
2017 0
2017 0
2017 0
2017 0
2017 0
2017 0
2017 0
2017 0
2017 0
2017 0
2017 0
2017 0
2017 0
2017 0
2017 0
2017 0
2017 0
2017 0
2017 0
2017 0
2017 0
2017 0
2017 0
2017 0
2017 0
2017 0
2017 0
2017 2
2017 10
2017 6
2017 17
2017 35
2017 42
2017 32
2017 29
2017 24
2017 18
2017 18
2017 18
2017 17
2017 20
2017 20
2017 10
2017 2
2017 0
2017 0
2017 0
2017 0
2017 0
2017 0
2017 0
2017 0
2017 0
2017 24
2017 19
2017 13
2017 13
2017 13
2017 11
2017 12
2017 12
2017 13
2017 14
2017 13
2017 11
2017 10
2017 10
2017 12
2017 11
2017 14
2017 24
2017 28
2017 57
2017 72
2017 75
2017 67
2017 67
2017 69
2017 68
2017 67
2017 66
2017 67
2017 67
2017 67
2017 67
2017 67
2017 67
2017 67
2017 67
2017 67
2017 64
2017 64
2017 64
2017 64
2017 64
2017 64
2017 64
2017 66
2017 95
2017 101
2017 102
2017 97
2017 95
2017 90
2017 86
2017 82
2017 82
2017 80
2017 80
2017 79
2017 79
2017 79
2017 79
2017 79
2017 64
2017 64
2017 63
2017 63
2017 63
2017 63
2017 66
2017 62
2017 63
2017 60
2017 60
2017 60
2017 63
2017 63
2017 63
2017 63
2017 62
2017 62
2017 62
2017 60
2017 64
2017 63
2017 58
2017 67
2017 74
2017 68
2017 68
2017 68
2017 68
2017 75
2017 68
2017 69
2017 83
2017 80
2017 79
2017 102
2017 104
2017 98
2017 96
2017 95
2017 98
2017 94
2017 90
2017 89
2017 88
2017 88
2017 87
2017 87
2017 85
2017 80
2017 78
2017 82
2017 81
2017 79
2017 79
2017 77
2017 77
2017 74
2017 80
2017 95
2017 96
2017 75
2017 75
2017 75
2017 69
2017 69
2017 68
2017 64
2017 62
2017 62
2017 59
2017 58
2017 56
2017 54
2017 54
2017 53
2017 50
2017 54
2017 75
2017 82
2017 108
2017 95
2017 83
2017 80
2017 78
2017 72
2017 70
2017 107
2017 116
2017 102
2017 96
2017 118
2017 104
2017 97
2017 89
2017 85
2017 81
2017 80
2017 69
2017 65
2017 60
2017 53
2017 53
2017 47
2017 43
2017 42
2017 41
2017 40
2017 34
2017 28
2017 30
2017 47
2017 32
2017 33
2017 34
2017 27
2017 47
2017 48
2017 53
2017 49
2017 51
2017 42
2017 49
2017 41
2017 36
2017 33
2017 32
2017 32
2017 29
2017 22
2017 14
2017 11
2017 10
2017 8
2017 7
2017 5
2017 3
2017 2
2017 0
2017 0
2017 0
2017 0
2017 0
2017 0
2017 0
2017 0
2017 0
2017 0
2017 0
2017 0
2017 0
2017 0
2017 0
2017 0
2017 0
2017 0
2017 0
2017 0
2017 0
2017 0
2017 0
2017 0
2017 0
2017 0
2017 0
2017 0
2017 0
2017 0
2017 0
2017 0
2017 0
2017 0
2017 0
2017 0
2017 0
2017 0
2017 0
2017 0
2017 0
2017 0
2017 0
2017 0
2017 0
2017 0
2017 0
2017 0
2017 0
2017 0
2017 0
2017 0
2017 0
2017 0
2017 0
2017 0
2017 0
2017 0
2017 0
2017 0
2017 0
2017 0
2017 0
2017 0
2017 0
2017 0
2017 0
2017 0
2017 0
2017 0
2017 0
2017 0
2017 0
2017 0
2017 0
2017 0
2017 0
2017 0
2017 0
2017 0
2017 0
2017 0
2017 0
2017 0
2017 0
2017 0
2017 0
2017 0
2017 0
2017 0
2017 0
2017 0
2017 0
2017 0
2017 0
2017 0
2017 0
2017 0
2017 0
2017 0
2017 0
2018 0
2018 0
2018 0
2018 0
2018 0
2018 0
2018 0
2018 0
2018 0
2018 0
2018 0
2018 0
2018 0
2018 0
2018 0
2018 3
2018 2
2018 3
2018 0
2018 0
2018 0
2018 0
2018 0
2018 0
2018 0
2018 0
2018 0
2018 0
2018 0
2018 0
2018 0
2018 0
2018 0
2018 0
2018 0
2018 0
2018 0
2018 0
2018 0
2018 0
2018 0
2018 0
2018 0
2018 0
2018 0
2018 0
2018 0
2018 0
2018 0
2018 0
2018 0
2018 0
2018 0
2018 0
2018 0
2018 0
2018 0
2018 0
2018 0
2018 0
2018 0
2018 0
2018 0
2018 0
2018 0
2018 11
2018 9
2018 54
2018 46
2018 45
2018 59
2018 51
2018 48
2018 35
2018 31
2018 29
2018 29
2018 28
2018 28
2018 28
2018 26
2018 25
2018 22
2018 22
2018 22
2018 28
2018 22
2018 24
2018 24
2018 24
2018 24
2018 24
2018 82
2018 96
2018 83
2018 73
2018 68
2018 63
2018 51
2018 41
2018 36
2018 46
2018 74
2018 64
2018 46
2018 48
2018 44
2018 44
2018 43
2018 43
2018 43
2018 43
2018 42
2018 40
2018 40
2018 40
2018 40
2018 45
2018 40
2018 35
2018 39
2018 33
2018 33
2018 33
2018 31
2018 31
2018 19
2018 25
2018 27
2018 77
2018 138
2018 128
2018 120
2018 118
2018 116
2018 111
2018 106
2018 100
2018 87
2018 79
2018 76
2018 76
2018 71
2018 71
2018 70
2018 69
2018 68
2018 69
2018 83
2018 79
2018 76
2018 75
2018 74
2018 65
2018 64
2018 64
2018 64
2018 70
2018 77
2018 89
2018 85
2018 82
2018 79
2018 74
2018 73
2018 78
2018 77
2018 75
2018 70
2018 68
2018 71
2018 71
2018 71
2018 82
2018 80
2018 114
2018 136
2018 140
2018 134
2018 129
2018 124
2018 138
2018 137
2018 128
2018 131
2018 129
2018 132
2018 125
2018 121
2018 119
2018 115
2018 126
2018 141
2018 131
2018 129
2018 132
2018 149
2018 144
2018 146
2018 162
2018 146
2018 163
2018 157
2018 150
2018 146
2018 144
2018 140
2018 137
2018 132
2018 129
2018 128
2018 132
2018 126
2018 125
2018 126
2018 139
2018 136
2018 130
2018 126
2018 119
2018 144
2018 137
2018 143
2018 175
2018 196
2018 181
2018 172
2018 169
2018 158
2018 149
2018 140
2018 135
2018 128
2018 119
2018 119
2018 112
2018 105
2018 101
2018 96
2018 88
2018 86
2018 83
2018 79
2018 88
2018 83
2018 78
2018 74
2018 69
2018 63
2018 59
2018 53
2018 46
2018 41
2018 36
2018 34
2018 37
2018 45
2018 33
2018 32
2018 24
2018 18
2018 12
2018 10
2018 4
2018 4
2018 2
2018 3
2018 0
2018 0
2018 0
2018 0
2018 0
2018 0
2018 0
2018 0
2018 0
2018 0
2018 0
2018 0
2018 0
2018 0
2018 0
2018 0
2018 0
2018 0
2018 0
2018 0
2018 0
2018 0
2018 0
2018 0
2018 0
2018 0
2018 0
2018 0
2018 0
2018 0
2018 0
2018 0
2018 0
2018 0
2018 0
2018 0
2018 0
2018 0
2018 0
2018 0
2018 0
2018 0
2018 0
2018 0
2018 0
2018 0
2018 0
2018 0
2018 0
2018 0
2018 0
2018 0
2018 0
2018 0
2018 0
2018 0
2018 0
2018 0
2018 0
2018 0
2018 0
2018 0
2018 0
2018 0
2018 0
2018 0
2018 0
2018 0
2018 0
2018 0
2018 0
2018 0
2018 0
2018 0
2018 0
2018 0
2018 0
2018 0
2018 0
2018 0
2018 0
2018 0
2018 0
2018 0
2018 0
2018 0
2018 0
2018 0
2018 0
2018 0
2018 0
2018 0
2018 0
2018 0
2018 0
2018 0
2018 0
2018 0
2019 0
2019 0
2019 0
2019 0
2019 0
2019 0
2019 0
2019 0
2019 0
2019 0
2019 0
2019 0
2019 0
2019 0
2019 0
2019 0
2019 0
2019 0
2019 0
2019 0
2019 0
2019 0
2019 0
2019 0
2019 0
2019 0
2019 0
2019 0
2019 0
2019 0
2019 0
2019 2
2019 1
2019 0
2019 0
2019 0
2019 0
2019 0
2019 0
2019 0
2019 0
2019 0
2019 0
2019 0
2019 0
2019 0
2019 0
2019 0
2019 0
2019 0
2019 0
2019 0
2019 0
2019 0
2019 0
2019 0
2019 0
2019 0
2019 12
2019 36
2019 35
2019 69
2019 59
2019 59
2019 45
2019 36
2019 34
2019 35
2019 36
2019 35
2019 34
2019 33
2019 32
2019 32
2019 30
2019 30
2019 29
2019 31
2019 40
2019 39
2019 49
2019 45
2019 48
2019 47
2019 78
2019 71
2019 71
2019 68
2019 61
2019 61
2019 58
2019 59
2019 56
2019 53
2019 49
2019 48
2019 46
2019 46
2019 46
2019 45
2019 45
2019 44
2019 43
2019 43
2019 46
2019 45
2019 43
2019 44
2019 43
2019 43
2019 61
2019 58
2019 49
2019 44
2019 35
2019 34
2019 34
2019 34
2019 33
2019 32
2019 31
2019 31
2019 31
2019 31
2019 31
2019 31
2019 30
2019 30
2019 30
2019 30
2019 30
2019 30
2019 30
2019 30
2019 27
2019 27
2019 26
2019 26
2019 26
2019 26
2019 28
2019 28
2019 28
2019 28
2019 28
2019 38
2019 38
2019 33
2019 27
2019 27
2019 27
2019 30
2019 30
2019 47
2019 69
2019 75
2019 70
2019 63
2019 58
2019 57
2019 55
2019 54
2019 53
2019 41
2019 32
2019 32
2019 32
2019 32
2019 32
2019 32
2019 32
2019 32
2019 32
2019 32
2019 32
2019 32
2019 32
2019 32
2019 30
2019 26
2019 25
2019 24
2019 24
2019 24
2019 24
2019 24
2019 23
2019 36
2019 30
2019 27
2019 22
2019 18
2019 22
2019 22
2019 19
2019 17
2019 13
2019 10
2019 10
2019 10
2019 10
2019 7
2019 7
2019 3
2019 0
2019 0
2019 4
2019 1
2019 0
2019 0
2019 0
2019 0
2019 0
2019 0
2019 0
2019 34
2019 22
2019 18
2019 31
2019 33
2019 25
2019 49
2019 40
2019 61
2019 48
2019 40
2019 40
2019 38
2019 34
2019 34
2019 36
2019 32
2019 28
2019 22
2019 46
2019 45
2019 46
2019 48
2019 41
2019 39
2019 37
2019 34
2019 33
2019 25
2019 24
2019 49
2019 31
2019 28
2019 26
2019 25
2019 40
2019 19
2019 15
2019 8
2019 7
2019 5
2019 12
2019 3
2019 2
2019 25
2019 26
2019 19
2019 10
2019 6
2019 0
2019 0
2019 0
2019 0
2019 0
2019 0
2019 0
2019 0
2019 0
2019 0
2019 0
2019 0
2019 0
2019 0
2019 0
2019 0
2019 0
2019 0
2019 0
2019 0
2019 0
2019 NA
2019 0
2019 0
2019 0
2019 0
2019 0
2019 0
2019 0
2019 0
2019 0
2019 0
2019 0
2019 0
2019 0
2019 0
2019 0
2019 0
2019 0
2019 0
2019 0
2019 0
2019 0
2019 0
2019 0
2019 0
2019 0
2019 0
2019 0
2019 0
2019 0
2019 0
2019 0
2019 0
2019 0
2019 0
2019 0
2019 0
2019 0
2019 0
2019 0
2019 0
2019 0
2019 0
2019 0
2019 0
2019 0
2019 0
2019 0
2019 0
2019 0
2019 0
2019 0
2019 0
2019 0
2019 0
2019 0
2019 0
2019 0
2019 0
2019 0
2019 0
2019 0
2019 0
2019 0
2019 0
2019 0
2019 0
2019 0
2019 0
2019 0
2019 0
2019 0
2019 0
2019 0
2019 0
2019 0
2019 0
2019 0
2019 0
2019 0
2020 0
2020 0
2020 0
2020 0
2020 0
2020 0
2020 0
2020 0
2020 0
2020 0
2020 0
2020 0
2020 0
2020 0
2020 0
2020 0
2020 0
2020 0
2020 0
2020 0
2020 0
2020 0
2020 0
2020 0
2020 0
2020 0
2020 0
2020 0
2020 0
2020 0
2020 0
2020 0
2020 0
2020 0
2020 0
2020 0
2020 0
2020 0
2020 0
2020 0
2020 0
2020 0
2020 0
2020 0
2020 0
2020 0
2020 0
2020 0
2020 0
2020 0
2020 0
2020 0
2020 0
2020 0
2020 0
2020 0
2020 0
2020 0
2020 0
2020 0
2020 0
2020 0
2020 0
2020 6
2020 0
2020 0
2020 0
2020 0
2020 11
2020 13
2020 12
2020 12
2020 21
2020 9
2020 11
2020 50
2020 44
2020 42
2020 42
2020 49
2020 49
2020 50
2020 61
2020 69
2020 128
2020 163
2020 142
2020 143
2020 138
2020 121
2020 116
2020 118
2020 150
2020 142
2020 134
2020 129
2020 126
2020 123
2020 119
2020 117
2020 106
2020 101
2020 96
2020 94
2020 91
2020 88
2020 88
2020 88
2020 87
2020 95
2020 98
2020 133
2020 103
2020 83
2020 81
2020 78
2020 76
2020 74
2020 73
2020 73
2020 73
2020 74
2020 73
2020 73
2020 72
2020 72
2020 72
2020 71
2020 72
2020 70
2020 69
2020 69
2020 69
2020 69
2020 69
2020 69
2020 69
2020 69
2020 69
2020 70
2020 70
2020 70
2020 74
2020 71
2020 70
2020 70
2020 70
2020 70
2020 70
2020 70
2020 69
2020 66
2020 66
2020 66
2020 66
2020 53
2020 54
2020 47
2020 46
2020 46
2020 45
2020 45
2020 43
2020 43
2020 44
2020 44
2020 43
2020 43
2020 42
2020 42
2020 40
2020 40
2020 40
2020 38
2020 38
2020 37
2020 38
2020 34
2020 36
2020 34
2020 34
2020 34
2020 40
2020 41
2020 41
2020 40
2020 40
2020 48
2020 40
2020 40
2020 39
2020 38
2020 34
2020 31
2020 29
2020 28
2020 28
2020 29
2020 28
2020 26
2020 26
2020 26
2020 27
2020 24
2020 29
2020 29
2020 29
2020 47
2020 53
2020 58
2020 47
2020 57
2020 49
2020 49
2020 47
2020 46
2020 45
2020 43
2020 43
2020 40
2020 38
2020 34
2020 31
2020 29
2020 23
2020 18
2020 14
2020 14
2020 5
2020 0
2020 0
2020 0
2020 0
2020 28
2020 39
2020 22
2020 19
2020 6
2020 5
2020 0
2020 0
2020 0
2020 0
2020 0
2020 0
2020 0
2020 0
2020 0
2020 0
2020 0
2020 0
2020 0
2020 0
2020 13
2020 7
2020 5
2020 5
2020 3
2020 3
2020 0
2020 0
2020 0
2020 0
2020 0
2020 0
2020 0
2020 0
2020 0
2020 0
2020 0
2020 0
2020 0
2020 0
2020 0
2020 0
2020 0
2020 0
2020 0
2020 0
2020 0
2020 0
2020 0
2020 0
2020 0
2020 0
2020 0
2020 0
2020 0
2020 0
2020 0
2020 0
2020 0
2020 0
2020 0
2020 0
2020 0
2020 0
2020 0
2020 0
2020 0
2020 0
2020 0
2020 0
2020 0
2020 0
2020 0
2020 0
2020 0
2020 0
2020 0
2020 0
2020 0
2020 0
2020 0
2020 0
2020 0
2020 0
2020 0
2020 0
2020 0
2020 0
2020 0
2020 0
2020 0
2020 0
2020 0
2020 0
2020 0
2020 0
2020 0
2020 0
2020 0
2020 0
2020 0
2020 0
2020 0
2020 0
2020 0
2020 0
2020 0
2020 0
2020 0
2020 0
2020 0
2020 0
2020 0
2020 0
2020 0
2020 0
2020 0
2020 0
2020 0
2020 0
2020 0
2020 0
2020 0
2020 0
2020 0
2020 0
2020 0
2020 0
2020 0
2020 0
2020 0
2020 0
2020 0
2021 0
2021 0
2021 0
2021 0
2021 0
2021 0
2021 0
2021 0
2021 0
2021 0
2021 0
2021 0
2021 0
2021 0
2021 0
2021 0
2021 0
2021 0
2021 0
2021 0
2021 0
2021 0
2021 0
2021 0
2021 0
2021 0
2021 0
2021 0
2021 0
2021 0
2021 0
2021 0
2021 0
2021 2
2021 4
2021 4
2021 3
2021 0
2021 0
2021 0
2021 5
2021 4
2021 4
2021 4
2021 14
2021 13
2021 7
2021 7
2021 7
2021 7
2021 5
2021 0
2021 0
2021 0
2021 0
2021 0
2021 4
2021 0
2021 0
2021 0
2021 0
2021 0
2021 0
2021 0
2021 0
2021 0
2021 0
2021 0
2021 2
2021 2
2021 0
2021 0
2021 0
2021 0
2021 0
2021 0
2021 0
2021 0
2021 0
2021 0
2021 0
2021 0
2021 0
2021 0
2021 0
2021 0
2021 0
2021 0
2021 5
2021 13
2021 11
2021 9
2021 48
2021 53
2021 54
2021 63
2021 70
2021 60
2021 56
2021 51
2021 49
2021 46
2021 47
2021 41
2021 41
2021 41
2021 48
2021 44
2021 43
2021 43
2021 43
2021 41
2021 36
2021 36
2021 36
2021 36
2021 39
2021 38
2021 42
2021 35
2021 34
2021 33
2021 36
2021 52
2021 84
2021 86
2021 110
2021 106
2021 94
2021 86
2021 83
2021 80
2021 74
2021 73
2021 43
2021 41
2021 30
2021 30
2021 29
2021 29
2021 29
2021 29
2021 34
2021 30
2021 51
2021 38
2021 42
2021 36
2021 35
2021 28
2021 27
2021 27
2021 33
2021 33
2021 27
2021 24
2021 24
2021 24
2021 24
2021 44
2021 39
2021 37
2021 42
2021 34
2021 24
2021 30
2021 30
2021 28
2021 27
2021 26
2021 26
2021 26
2021 26
2021 26
2021 26
2021 26
2021 22
2021 21
2021 20
2021 17
2021 21
2021 19
2021 19
2021 19
2021 19
2021 17
2021 20
2021 19
2021 17
2021 21
2021 18
2021 16
2021 16
2021 16
2021 18
2021 17
2021 16
2021 16
2021 17
2021 51
2021 39
2021 26
2021 22
2021 20
2021 17
2021 16
2021 14
2021 14
2021 8
2021 7
2021 6
2021 2
2021 0
2021 0
2021 0
2021 15
2021 8
2021 6
2021 11
2021 5
2021 5
2021 8
2021 23
2021 25
2021 26
2021 22
2021 38
2021 55
2021 59
2021 45
2021 50
2021 38
2021 59
2021 49
2021 41
2021 31
2021 25
2021 23
2021 30
2021 24
2021 21
2021 22
2021 20
2021 21
2021 15
2021 14
2021 7
2021 0
2021 0
2021 0
2021 0
2021 0
2021 0
2021 0
2021 0
2021 0
2021 0
2021 0
2021 0
2021 0
2021 0
2021 0
2021 0
2021 0
2021 0
2021 0
2021 0
2021 0
2021 0
2021 0
2021 0
2021 0
2021 0
2021 0
2021 0
2021 0
2021 0
2021 0
2021 0
2021 0
2021 0
2021 0
2021 0
2021 0
2021 0
2021 0
2021 0
2021 0
2021 0
2021 0
2021 0
2021 0
2021 0
2021 0
2021 0
2021 0
2021 0
2021 0
2021 0
2021 0
2021 0
2021 0
2021 0
2021 0
2021 0
2021 0
2021 0
2021 0
2021 0
2021 0
2021 0
2021 0
2021 0
2021 0
2021 0
2021 0
2021 0
2021 0
2021 0
2021 0
2021 0
2021 0
2021 0
2021 0
2021 0
2021 0
2021 0
2021 0
2021 0
2021 0
2021 0
2021 0
2021 0
2021 0
2021 0
2021 0
2021 0
2021 0
2021 0
2021 0
2021 0
2021 0
2021 0
2021 0
2021 0
2021 0
2021 0
2021 0
2021 0
2021 0
2021 0
2021 0
2021 0
2021 0
2021 0
2021 0
2021 0
2021 0
2021 0
2021 0
2021 0
2021 0
2021 0
2021 0
2021 0
2022 0
2022 0
2022 0
2022 0
2022 0
2022 0
2022 0
2022 0
2022 0
2022 0
2022 0
2022 0
2022 0
2022 0
2022 0
2022 0
2022 0
2022 0
2022 0
2022 0
2022 0
2022 0
2022 0
2022 0
2022 0
2022 0
2022 0
2022 0
2022 0
2022 0
2022 0
2022 0
2022 0
2022 0
2022 0
2022 0
2022 0
2022 0
2022 0
2022 0
2022 0
2022 0
2022 0
2022 0
2022 0
2022 0
2022 0
2022 0
2022 0
2022 0
2022 0
2022 0
2022 0
2022 0
2022 0
2022 0
2022 0
2022 0
2022 2
2022 2
2022 6
2022 6
2022 6
2022 8
2022 8
2022 8
2022 8
2022 8
2022 4
2022 3
2022 17
2022 18
2022 15
2022 14
2022 14
2022 66
2022 89
2022 84
2022 78
2022 74
2022 71
2022 69
2022 68
2022 69
2022 67
2022 68
2022 69
2022 67
2022 58
2022 56
2022 55
2022 53
2022 54
2022 54
2022 52
2022 52
2022 52
2022 50
2022 51
2022 49
2022 50
2022 50
2022 48
2022 47
2022 47
2022 47
2022 47
2022 47
2022 47
2022 47
2022 46
2022 46
2022 46
2022 46
2022 46
2022 46
2022 51
2022 51
2022 49
2022 40
2022 22
2022 21
2022 20
2022 20
2022 20
2022 20
2022 20
2022 23
2022 23
2022 19
2022 19
2022 19
2022 18
2022 17
2022 17
2022 17
2022 17
2022 17
2022 17
2022 17
2022 17
2022 17
2022 17
2022 17
2022 17
2022 17
2022 17
2022 17
2022 17
2022 17
2022 17
2022 16
2022 13
2022 13
2022 13
2022 13
2022 13
2022 13
2022 13
2022 13
2022 13
2022 13
2022 13
2022 13
2022 13
2022 13
2022 16
2022 16
2022 14
2022 11
2022 11
2022 10
2022 10
2022 5
2022 9
2022 9
2022 9
2022 9
2022 8
2022 6
2022 6
2022 2
2022 2
2022 0
2022 0
2022 1
2022 0
2022 0
2022 0
2022 0
2022 0
2022 3
2022 5
2022 8
2022 22
2022 26
2022 17
2022 16
2022 14
2022 15
2022 14
2022 13
2022 12
2022 13
2022 13
2022 12
2022 8
2022 4
2022 4
2022 4
2022 8
2022 16
2022 12
2022 42
2022 56
2022 45
2022 33
2022 26
2022 24
2022 20
2022 17
2022 18
2022 18
2022 14
2022 9
2022 0
2022 0
2022 0
2022 0
2022 0
2022 0
2022 0
2022 8
2022 15
2022 7
2022 23
2022 14
2022 11
2022 6
2022 0
2022 0
2022 0
2022 0
2022 0
2022 0
2022 0
2022 0
2022 20
2022 16
2022 13
2022 11
2022 5
2022 0
2022 0
2022 0
2022 0
2022 0
2022 0
2022 0
2022 0
2022 0
2022 0
2022 0
2022 0
2022 0
2022 0
2022 0
2022 0
2022 0
2022 0
2022 0
2022 0
2022 0
2022 0
2022 0
2022 0
2022 0
2022 0
2022 0
2022 0
2022 0
2022 0
2022 0
2022 0
2022 0
2022 0
2022 0
2022 0
2022 0
2022 0
2022 0
2022 0
2022 0
2022 0
2022 0
2022 0
2022 0
2022 0
2022 0
2022 0
2022 0
2022 0
2022 0
2022 0
2022 0
2022 0
2022 0
2022 0
2022 0
2022 0
2022 0
2022 0
2022 0
2022 0
2022 0
2022 0
2022 0
2022 0
2022 0
2022 0
2022 0
2022 0
2022 0
2022 0
2022 0
2022 0
2022 0
2022 0
2022 0
2022 0
2022 0
2022 0
2022 0
2022 0
2022 0
2022 0
2022 0
2022 0
2022 0
2022 0
2022 0
2022 0
2022 0
2022 0
2022 0
2022 0
2022 0
2022 0
2022 0
2022 0
2022 0
2022 0
2022 0
2022 0
2022 0
2022 0
2022 0
2022 0
2022 0
2022 0
2022 0
2022 0
2022 0
2022 0
2022 0
2023 0
2023 0
2023 0
2023 0
2023 0
2023 0
2023 0
2023 0
2023 0
2023 0
2023 0
2023 0
2023 0
2023 0
2023 0
2023 0
2023 0
2023 0
2023 0
2023 0
2023 0
2023 0
2023 0
2023 3
2023 2
2023 1
2023 0
2023 0
2023 0
2023 0
2023 8
2023 2
2023 0
2023 0
2023 0
2023 0
2023 0
2023 0
2023 0
2023 0
2023 0
2023 0
2023 0
2023 0
2023 0
2023 0
2023 0
2023 0
2023 0
2023 0
2023 0
2023 0
2023 0
2023 0
2023 0
2023 0
2023 0
2023 0
2023 0
2023 0
2023 0
2023 0
2023 0
2023 0
2023 9
2023 9
2023 9
2023 8
2023 1
2023 1
2023 2
2023 3
2023 1
2023 1
2023 2
2023 1
2023 4
2023 4
2023 2
2023 0
2023 0
2023 0
2023 3
2023 3
2023 3
2023 3
2023 3
2023 3
2023 3
2023 5
2023 13
2023 12
2023 11
2023 20
2023 28
2023 34
2023 28
2023 27
2023 25
2023 36
2023 30
2023 22
2023 22
2023 31
2023 22
2023 21
2023 44
2023 37
2023 37
2023 37
2023 35
2023 33
2023 28
2023 28
2023 16
2023 14
2023 14
2023 14
2023 14
2023 14
2023 14
2023 14
2023 14
2023 14
2023 14
2023 14
2023 14
2023 13
2023 13
2023 16
2023 22
2023 12
2023 12
2023 11
2023 12
2023 11
2023 10
2023 9
2023 9
2023 8
2023 10
2023 10
2023 10
2023 10
2023 10
2023 50
2023 54
2023 53
2023 50
2023 49
2023 47
2023 45
2023 43
2023 42
2023 39
2023 39
2023 37
2023 37
2023 45
2023 60
2023 53
2023 50
2023 46
2023 46
2023 45
2023 45
2023 44
2023 44
2023 43
2023 42
2023 40
2023 38
2023 38
2023 35
2023 35
2023 35
2023 38
2023 37
2023 37
2023 87
2023 81
2023 78
2023 109
2023 101
2023 88
2023 81
2023 78
2023 72
2023 69
2023 68
2023 63
2023 60
2023 56
2023 55
2023 63
2023 55
2023 55
2023 55
2023 55
2023 55
2023 53
2023 51
2023 48
2023 48
2023 43
2023 43
2023 39
2023 39
2023 39
2023 40
2023 32
2023 32
2023 31
2023 33
2023 28
2023 41
2023 38
2023 35
2023 35
2023 34
2023 32
2023 25
2023 22
2023 19
2023 17
2023 16
2023 13
2023 12
2023 16
2023 12
2023 12
2023 5
2023 11
2023 7
2023 6
2023 5
2023 0
2023 0
2023 0
2023 0
2023 0
2023 0
2023 1
2023 15
2023 0
2023 0
2023 0
2023 0
2023 0
2023 0
2023 0
2023 0
2023 0
2023 10
2023 21
2023 24
2023 10
2023 5
2023 10
2023 21
2023 17
2023 25
2023 23
2023 18
2023 13
2023 0
2023 0
2023 0
2023 0
2023 0
2023 0
2023 0
2023 0
2023 0
2023 0
2023 0
2023 0
2023 0
2023 0
2023 0
2023 0
2023 0
2023 0
2023 0
2023 0
2023 0
2023 0
2023 0
2023 0
2023 0
2023 0
2023 0
2023 0
2023 0
2023 0
2023 0
2023 0
2023 0
2023 0
2023 0
2023 0
2023 0
2023 0
2023 NA
2023 NA
2023 NA
2023 NA
2023 NA
2023 NA
2023 NA
2023 NA
2023 NA
2023 NA
2023 NA
2023 NA
2023 NA
2023 NA
2023 NA
2023 NA
2023 NA
2023 NA
2023 NA
2023 NA
2023 NA
2023 NA
2023 NA
2023 NA
2023 NA
2023 NA
2023 NA
2023 NA
2023 NA
2023 NA
2023 NA
2023 NA
2023 NA
2023 NA
2023 NA
2023 NA
2023 NA
2023 NA
2023 NA
2023 NA
2023 NA
2023 NA
2023 NA
2023 NA
2023 NA
2023 NA
2023 NA
2023 NA
2023 NA
2023 NA
2023 NA
2023 NA
2023 NA
2023 NA
2023 NA
2023 NA
2023 NA
2023 NA
2023 NA
2023 NA
2023 NA
2023 NA
