2003 NA
2003 NA
2003 NA
2003 NA
2003 NA
2003 NA
2003 NA
2003 NA
2003 NA
2003 NA
2003 NA
2003 NA
2003 NA
2003 NA
2003 NA
2003 NA
2003 NA
2003 NA
2003 NA
2003 NA
2003 NA
2003 NA
2003 NA
2003 NA
2003 NA
2003 NA
2003 NA
2003 NA
2003 NA
2003 NA
2003 NA
2003 NA
2003 NA
2003 NA
2003 NA
2003 NA
2003 NA
2003 NA
2003 NA
2003 NA
2003 NA
2003 NA
2003 NA
2003 NA
2003 NA
2003 NA
2003 NA
2003 NA
2003 NA
2003 NA
2003 NA
2003 NA
2003 NA
2003 NA
2003 NA
2003 NA
2003 NA
2003 NA
2003 NA
2003 NA
2003 NA
2003 NA
2003 NA
2003 NA
2003 NA
2003 NA
2003 NA
2003 NA
2003 NA
2003 NA
2003 NA
2003 NA
2003 NA
2003 NA
2003 NA
2003 NA
2003 NA
2003 NA
2003 NA
2003 NA
2003 NA
2003 NA
2003 NA
2003 NA
2003 NA
2003 NA
2003 NA
2003 NA
2003 NA
2003 NA
2003 NA
2003 NA
2003 NA
2003 NA
2003 NA
2003 NA
2003 NA
2003 NA
2003 NA
2003 NA
2003 NA
2003 NA
2003 NA
2003 NA
2003 NA
2003 NA
2003 NA
2003 NA
2003 NA
2003 NA
2003 NA
2003 30
2003 29
2003 28
2003 26
2003 34
2003 32
2003 NA
2003 35
2003 54
2003 49
2003 NA
2003 40
2003 44
2003 44
2003 44
2003 45
2003 60
2003 63
2003 58
2003 58
2003 60
2003 58
2003 55
2003 54
2003 52
2003 NA
2003 48
2003 47
2003 47
2003 47
2003 47
2003 47
2003 89
2003 83
2003 80
2003 74
2003 72
2003 70
2003 64
2003 62
2003 62
2003 63
2003 62
2003 61
2003 61
2003 63
2003 61
2003 60
2003 59
2003 59
2003 59
2003 58
2003 58
2003 58
2003 58
2003 58
2003 58
2003 62
2003 64
2003 62
2003 61
2003 60
2003 60
2003 58
2003 58
2003 58
2003 57
2003 57
2003 56
2003 56
2003 55
2003 55
2003 53
2003 53
2003 52
2003 50
2003 54
2003 50
2003 48
2003 45
2003 NA
2003 38
2003 34
2003 33
2003 NA
2003 NA
2003 NA
2003 NA
2003 NA
2003 NA
2003 NA
2003 NA
2003 NA
2003 NA
2003 NA
2003 NA
2003 NA
2003 NA
2003 NA
2003 NA
2003 NA
2003 NA
2003 NA
2003 NA
2003 NA
2003 NA
2003 NA
2003 NA
2003 NA
2003 NA
2003 NA
2003 NA
2003 NA
2003 NA
2003 NA
2003 NA
2003 NA
2003 NA
2003 NA
2003 NA
2003 NA
2003 NA
2003 NA
2003 NA
2003 NA
2003 NA
2003 NA
2003 NA
2003 NA
2003 NA
2003 NA
2003 NA
2003 NA
2003 NA
2003 NA
2003 NA
2003 NA
2003 NA
2003 NA
2003 NA
2003 NA
2003 NA
2003 NA
2003 NA
2003 NA
2003 NA
2003 NA
2003 NA
2003 NA
2003 NA
2003 NA
2003 NA
2003 NA
2003 NA
2003 NA
2003 NA
2003 NA
2003 NA
2003 NA
2003 NA
2003 NA
2003 NA
2003 NA
2003 NA
2003 NA
2003 NA
2003 NA
2003 NA
2003 NA
2003 NA
2003 NA
2003 NA
2003 NA
2003 NA
2003 NA
2003 NA
2003 NA
2003 NA
2003 NA
2003 NA
2003 NA
2003 NA
2003 NA
2003 NA
2003 NA
2003 NA
2003 NA
2003 NA
2003 NA
2003 NA
2003 NA
2003 NA
2003 NA
2003 NA
2003 NA
2003 NA
2003 NA
2003 NA
2003 NA
2003 NA
2003 NA
2003 NA
2003 NA
2003 NA
2003 NA
2003 NA
2003 NA
2003 NA
2003 NA
2003 NA
2003 NA
2003 NA
2003 NA
2003 NA
2003 NA
2003 NA
2003 NA
2003 NA
2003 NA
2003 NA
2003 NA
2003 NA
2003 NA
2003 NA
2003 NA
2003 NA
2003 NA
2003 NA
2003 NA
2003 NA
2003 NA
2003 NA
2003 NA
2003 NA
2003 NA
2003 NA
2003 NA
2003 NA
2003 NA
2003 NA
2003 NA
2003 NA
2003 NA
2003 NA
2003 NA
2003 NA
2003 NA
2003 NA
2003 NA
2003 NA
2003 NA
2003 NA
2003 NA
2003 NA
2004 NA
2004 NA
2004 NA
2004 NA
2004 NA
2004 NA
2004 NA
2004 NA
2004 NA
2004 NA
2004 NA
2004 NA
2004 NA
2004 NA
2004 NA
2004 NA
2004 NA
2004 NA
2004 NA
2004 NA
2004 NA
2004 NA
2004 NA
2004 NA
2004 NA
2004 NA
2004 NA
2004 NA
2004 NA
2004 NA
2004 NA
2004 NA
2004 NA
2004 NA
2004 NA
2004 NA
2004 NA
2004 NA
2004 NA
2004 NA
2004 NA
2004 NA
2004 NA
2004 NA
2004 NA
2004 NA
2004 NA
2004 NA
2004 NA
2004 NA
2004 NA
2004 NA
2004 NA
2004 NA
2004 NA
2004 NA
2004 NA
2004 NA
2004 NA
2004 NA
2004 NA
2004 NA
2004 NA
2004 NA
2004 NA
2004 NA
2004 NA
2004 NA
2004 NA
2004 NA
2004 NA
2004 NA
2004 NA
2004 NA
2004 NA
2004 NA
2004 NA
2004 NA
2004 NA
2004 NA
2004 NA
2004 NA
2004 NA
2004 NA
2004 NA
2004 NA
2004 NA
2004 NA
2004 NA
2004 NA
2004 NA
2004 NA
2004 NA
2004 NA
2004 NA
2004 NA
2004 NA
2004 NA
2004 NA
2004 NA
2004 NA
2004 NA
2004 NA
2004 NA
2004 NA
2004 NA
2004 NA
2004 NA
2004 NA
2004 NA
2004 NA
2004 NA
2004 NA
2004 NA
2004 NA
2004 NA
2004 NA
2004 NA
2004 NA
2004 NA
2004 NA
2004 NA
2004 NA
2004 NA
2004 NA
2004 NA
2004 NA
2004 NA
2004 NA
2004 NA
2004 NA
2004 NA
2004 NA
2004 NA
2004 NA
2004 NA
2004 NA
2004 NA
2004 NA
2004 NA
2004 NA
2004 NA
2004 NA
2004 NA
2004 NA
2004 NA
2004 NA
2004 NA
2004 NA
2004 82
2004 81
2004 80
2004 78
2004 78
2004 77
2004 75
2004 74
2004 76
2004 73
2004 73
2004 71
2004 75
2004 73
2004 71
2004 73
2004 72
2004 68
2004 70
2004 69
2004 69
2004 68
2004 70
2004 NA
2004 NA
2004 NA
2004 NA
2004 NA
2004 NA
2004 NA
2004 NA
2004 NA
2004 NA
2004 NA
2004 NA
2004 NA
2004 NA
2004 NA
2004 NA
2004 NA
2004 NA
2004 NA
2004 NA
2004 NA
2004 NA
2004 NA
2004 NA
2004 NA
2004 NA
2004 NA
2004 NA
2004 NA
2004 NA
2004 NA
2004 NA
2004 NA
2004 NA
2004 NA
2004 NA
2004 NA
2004 NA
2004 NA
2004 NA
2004 NA
2004 NA
2004 NA
2004 NA
2004 NA
2004 NA
2004 NA
2004 NA
2004 NA
2004 NA
2004 NA
2004 NA
2004 NA
2004 NA
2004 NA
2004 NA
2004 NA
2004 NA
2004 NA
2004 NA
2004 NA
2004 NA
2004 NA
2004 NA
2004 NA
2004 NA
2004 NA
2004 NA
2004 NA
2004 NA
2004 NA
2004 NA
2004 NA
2004 NA
2004 NA
2004 NA
2004 NA
2004 NA
2004 NA
2004 NA
2004 NA
2004 NA
2004 NA
2004 NA
2004 NA
2004 NA
2004 NA
2004 NA
2004 NA
2004 NA
2004 NA
2004 NA
2004 NA
2004 NA
2004 NA
2004 NA
2004 NA
2004 NA
2004 NA
2004 NA
2004 NA
2004 NA
2004 NA
2004 NA
2004 NA
2004 NA
2004 NA
2004 NA
2004 NA
2004 NA
2004 NA
2004 NA
2004 NA
2004 NA
2004 NA
2004 NA
2004 NA
2004 NA
2004 NA
2004 NA
2004 NA
2004 NA
2004 NA
2004 NA
2004 NA
2004 NA
2004 NA
2004 NA
2004 NA
2004 NA
2004 NA
2004 NA
2004 NA
2004 NA
2004 NA
2004 NA
2004 NA
2004 NA
2004 NA
2004 NA
2004 NA
2004 NA
2004 NA
2004 NA
2004 NA
2004 NA
2004 NA
2004 NA
2004 NA
2004 NA
2004 NA
2004 NA
2004 NA
2004 NA
2004 NA
2004 NA
2004 NA
2004 NA
2004 NA
2004 NA
2004 NA
2004 NA
2004 NA
2004 NA
2004 NA
2004 NA
2004 NA
2004 NA
2004 NA
2004 NA
2004 NA
2004 NA
2004 NA
2004 NA
2004 NA
2004 NA
2004 NA
2004 NA
2004 NA
2004 NA
2004 NA
2004 NA
2004 NA
2004 NA
2004 NA
2004 NA
2004 NA
2004 NA
2004 NA
2004 NA
2004 NA
2004 NA
2004 NA
2004 NA
2005 NA
2005 NA
2005 NA
2005 NA
2005 NA
2005 NA
2005 NA
2005 NA
2005 NA
2005 NA
2005 NA
2005 NA
2005 NA
2005 NA
2005 NA
2005 NA
2005 NA
2005 NA
2005 NA
2005 NA
2005 NA
2005 NA
2005 NA
2005 NA
2005 NA
2005 NA
2005 NA
2005 NA
2005 NA
2005 NA
2005 NA
2005 NA
2005 NA
2005 NA
2005 NA
2005 NA
2005 NA
2005 NA
2005 NA
2005 NA
2005 NA
2005 NA
2005 NA
2005 NA
2005 NA
2005 NA
2005 NA
2005 NA
2005 NA
2005 NA
2005 NA
2005 NA
2005 NA
2005 NA
2005 NA
2005 NA
2005 NA
2005 NA
2005 NA
2005 NA
2005 NA
2005 NA
2005 NA
2005 NA
2005 NA
2005 NA
2005 NA
2005 NA
2005 NA
2005 NA
2005 NA
2005 NA
2005 NA
2005 NA
2005 NA
2005 NA
2005 NA
2005 NA
2005 NA
2005 NA
2005 NA
2005 NA
2005 NA
2005 NA
2005 NA
2005 NA
2005 NA
2005 NA
2005 NA
2005 NA
2005 NA
2005 NA
2005 NA
2005 NA
2005 NA
2005 NA
2005 NA
2005 NA
2005 NA
2005 NA
2005 NA
2005 NA
2005 NA
2005 NA
2005 NA
2005 NA
2005 NA
2005 NA
2005 NA
2005 NA
2005 NA
2005 NA
2005 NA
2005 NA
2005 NA
2005 NA
2005 NA
2005 NA
2005 NA
2005 NA
2005 NA
2005 NA
2005 NA
2005 NA
2005 NA
2005 NA
2005 NA
2005 NA
2005 NA
2005 NA
2005 NA
2005 NA
2005 NA
2005 NA
2005 NA
2005 NA
2005 NA
2005 NA
2005 NA
2005 NA
2005 NA
2005 NA
2005 NA
2005 NA
2005 NA
2005 NA
2005 NA
2005 NA
2005 NA
2005 62
2005 63
2005 62
2005 61
2005 73
2005 68
2005 51
2005 51
2005 51
2005 51
2005 50
2005 50
2005 50
2005 50
2005 50
2005 48
2005 48
2005 65
2005 46
2005 46
2005 46
2005 46
2005 46
2005 46
2005 NA
2005 NA
2005 65
2005 65
2005 65
2005 64
2005 60
2005 62
2005 62
2005 62
2005 58
2005 73
2005 73
2005 76
2005 76
2005 76
2005 74
2005 NA
2005 62
2005 60
2005 60
2005 59
2005 NA
2005 54
2005 50
2005 40
2005 36
2005 NA
2005 NA
2005 NA
2005 NA
2005 NA
2005 NA
2005 NA
2005 NA
2005 NA
2005 NA
2005 NA
2005 NA
2005 NA
2005 NA
2005 NA
2005 NA
2005 NA
2005 NA
2005 NA
2005 NA
2005 NA
2005 NA
2005 NA
2005 NA
2005 NA
2005 NA
2005 NA
2005 NA
2005 NA
2005 NA
2005 NA
2005 NA
2005 NA
2005 NA
2005 NA
2005 NA
2005 NA
2005 NA
2005 NA
2005 NA
2005 NA
2005 NA
2005 NA
2005 NA
2005 NA
2005 NA
2005 NA
2005 NA
2005 NA
2005 NA
2005 NA
2005 NA
2005 NA
2005 NA
2005 NA
2005 NA
2005 NA
2005 NA
2005 NA
2005 NA
2005 NA
2005 NA
2005 NA
2005 NA
2005 NA
2005 NA
2005 NA
2005 NA
2005 NA
2005 NA
2005 NA
2005 NA
2005 NA
2005 NA
2005 NA
2005 NA
2005 NA
2005 NA
2005 NA
2005 NA
2005 NA
2005 NA
2005 NA
2005 NA
2005 NA
2005 NA
2005 NA
2005 NA
2005 NA
2005 NA
2005 NA
2005 NA
2005 NA
2005 NA
2005 NA
2005 NA
2005 NA
2005 NA
2005 NA
2005 NA
2005 NA
2005 NA
2005 NA
2005 NA
2005 NA
2005 NA
2005 NA
2005 NA
2005 NA
2005 NA
2005 NA
2005 NA
2005 NA
2005 NA
2005 NA
2005 NA
2005 NA
2005 NA
2005 NA
2005 NA
2005 NA
2005 NA
2005 NA
2005 NA
2005 NA
2005 NA
2005 NA
2005 NA
2005 NA
2005 NA
2005 NA
2005 NA
2005 NA
2005 NA
2005 NA
2005 NA
2005 NA
2005 NA
2005 NA
2005 NA
2005 NA
2005 NA
2005 NA
2005 NA
2005 NA
2005 NA
2005 NA
2005 NA
2005 NA
2005 NA
2005 NA
2005 NA
2005 NA
2005 NA
2005 NA
2005 NA
2005 NA
2005 NA
2005 NA
2005 NA
2005 NA
2005 NA
2005 NA
2005 NA
2005 NA
2006 NA
2006 NA
2006 NA
2006 NA
2006 NA
2006 NA
2006 NA
2006 NA
2006 NA
2006 NA
2006 NA
2006 NA
2006 NA
2006 NA
2006 NA
2006 NA
2006 NA
2006 NA
2006 NA
2006 NA
2006 NA
2006 NA
2006 NA
2006 NA
2006 NA
2006 NA
2006 NA
2006 NA
2006 NA
2006 NA
2006 NA
2006 NA
2006 NA
2006 NA
2006 NA
2006 NA
2006 NA
2006 NA
2006 NA
2006 NA
2006 NA
2006 NA
2006 NA
2006 NA
2006 NA
2006 NA
2006 NA
2006 NA
2006 NA
2006 NA
2006 NA
2006 NA
2006 NA
2006 NA
2006 NA
2006 NA
2006 NA
2006 NA
2006 NA
2006 NA
2006 NA
2006 NA
2006 NA
2006 NA
2006 NA
2006 NA
2006 NA
2006 NA
2006 NA
2006 NA
2006 NA
2006 NA
2006 NA
2006 NA
2006 NA
2006 NA
2006 NA
2006 NA
2006 NA
2006 NA
2006 NA
2006 NA
2006 NA
2006 NA
2006 NA
2006 NA
2006 NA
2006 NA
2006 NA
2006 NA
2006 NA
2006 NA
2006 NA
2006 NA
2006 NA
2006 NA
2006 NA
2006 NA
2006 NA
2006 NA
2006 NA
2006 NA
2006 NA
2006 NA
2006 NA
2006 NA
2006 NA
2006 NA
2006 NA
2006 NA
2006 NA
2006 NA
2006 NA
2006 NA
2006 NA
2006 NA
2006 NA
2006 NA
2006 NA
2006 NA
2006 NA
2006 NA
2006 NA
2006 NA
2006 NA
2006 NA
2006 NA
2006 NA
2006 NA
2006 NA
2006 NA
2006 NA
2006 NA
2006 NA
2006 NA
2006 NA
2006 NA
2006 NA
2006 NA
2006 NA
2006 NA
2006 NA
2006 NA
2006 NA
2006 NA
2006 NA
2006 NA
2006 NA
2006 NA
2006 90
2006 82
2006 75
2006 71
2006 69
2006 66
2006 65
2006 64
2006 75
2006 73
2006 73
2006 72
2006 72
2006 72
2006 71
2006 71
2006 71
2006 70
2006 70
2006 71
2006 75
2006 73
2006 90
2006 NA
2006 NA
2006 NA
2006 NA
2006 NA
2006 NA
2006 NA
2006 NA
2006 NA
2006 NA
2006 NA
2006 NA
2006 NA
2006 NA
2006 NA
2006 NA
2006 NA
2006 NA
2006 NA
2006 NA
2006 NA
2006 NA
2006 NA
2006 NA
2006 NA
2006 NA
2006 NA
2006 NA
2006 NA
2006 NA
2006 NA
2006 NA
2006 NA
2006 NA
2006 NA
2006 NA
2006 NA
2006 NA
2006 NA
2006 NA
2006 NA
2006 NA
2006 NA
2006 NA
2006 NA
2006 NA
2006 NA
2006 NA
2006 NA
2006 NA
2006 NA
2006 NA
2006 NA
2006 NA
2006 NA
2006 NA
2006 NA
2006 NA
2006 NA
2006 NA
2006 NA
2006 NA
2006 NA
2006 NA
2006 NA
2006 NA
2006 NA
2006 NA
2006 NA
2006 NA
2006 NA
2006 NA
2006 NA
2006 NA
2006 NA
2006 NA
2006 NA
2006 NA
2006 NA
2006 NA
2006 NA
2006 NA
2006 NA
2006 NA
2006 NA
2006 NA
2006 NA
2006 NA
2006 NA
2006 NA
2006 NA
2006 NA
2006 NA
2006 NA
2006 NA
2006 NA
2006 NA
2006 NA
2006 NA
2006 NA
2006 NA
2006 NA
2006 NA
2006 NA
2006 NA
2006 NA
2006 NA
2006 NA
2006 NA
2006 NA
2006 NA
2006 NA
2006 NA
2006 NA
2006 NA
2006 NA
2006 NA
2006 NA
2006 NA
2006 NA
2006 NA
2006 NA
2006 NA
2006 NA
2006 NA
2006 NA
2006 NA
2006 NA
2006 NA
2006 NA
2006 NA
2006 NA
2006 NA
2006 NA
2006 NA
2006 NA
2006 NA
2006 NA
2006 NA
2006 NA
2006 NA
2006 NA
2006 NA
2006 NA
2006 NA
2006 NA
2006 NA
2006 NA
2006 NA
2006 NA
2006 NA
2006 NA
2006 NA
2006 NA
2006 NA
2006 NA
2006 NA
2006 NA
2006 NA
2006 NA
2006 NA
2006 NA
2006 NA
2006 NA
2006 NA
2006 NA
2006 NA
2006 NA
2006 NA
2006 NA
2006 NA
2006 NA
2006 NA
2006 NA
2006 NA
2006 NA
2006 NA
2006 NA
2006 NA
2006 NA
2006 NA
2006 NA
2006 NA
2006 NA
2006 NA
2006 NA
2006 NA
2006 NA
2006 NA
2006 NA
2006 NA
2006 NA
2006 NA
2007 NA
2007 NA
2007 NA
2007 NA
2007 NA
2007 NA
2007 NA
2007 NA
2007 NA
2007 NA
2007 NA
2007 NA
2007 NA
2007 NA
2007 NA
2007 NA
2007 NA
2007 NA
2007 NA
2007 NA
2007 NA
2007 NA
2007 NA
2007 NA
2007 NA
2007 NA
2007 NA
2007 NA
2007 NA
2007 NA
2007 NA
2007 NA
2007 NA
2007 NA
2007 NA
2007 NA
2007 NA
2007 NA
2007 NA
2007 NA
2007 NA
2007 NA
2007 NA
2007 NA
2007 NA
2007 NA
2007 NA
2007 NA
2007 NA
2007 NA
2007 NA
2007 NA
2007 NA
2007 NA
2007 NA
2007 NA
2007 NA
2007 NA
2007 NA
2007 NA
2007 NA
2007 NA
2007 NA
2007 NA
2007 NA
2007 NA
2007 NA
2007 NA
2007 NA
2007 NA
2007 NA
2007 NA
2007 NA
2007 NA
2007 NA
2007 NA
2007 NA
2007 NA
2007 NA
2007 NA
2007 NA
2007 NA
2007 NA
2007 NA
2007 NA
2007 NA
2007 NA
2007 NA
2007 NA
2007 NA
2007 NA
2007 NA
2007 NA
2007 NA
2007 NA
2007 NA
2007 NA
2007 NA
2007 NA
2007 NA
2007 NA
2007 NA
2007 NA
2007 NA
2007 NA
2007 NA
2007 NA
2007 NA
2007 NA
2007 NA
2007 NA
2007 NA
2007 NA
2007 NA
2007 NA
2007 NA
2007 NA
2007 NA
2007 NA
2007 NA
2007 NA
2007 NA
2007 NA
2007 NA
2007 NA
2007 NA
2007 NA
2007 NA
2007 NA
2007 NA
2007 NA
2007 NA
2007 NA
2007 NA
2007 NA
2007 NA
2007 NA
2007 NA
2007 NA
2007 NA
2007 NA
2007 NA
2007 NA
2007 NA
2007 NA
2007 NA
2007 NA
2007 NA
2007 NA
2007 47
2007 45
2007 42
2007 40
2007 39
2007 36
2007 35
2007 34
2007 42
2007 41
2007 42
2007 41
2007 46
2007 43
2007 42
2007 41
2007 62
2007 56
2007 54
2007 51
2007 49
2007 49
2007 46
2007 NA
2007 NA
2007 NA
2007 NA
2007 NA
2007 NA
2007 NA
2007 NA
2007 NA
2007 NA
2007 NA
2007 NA
2007 NA
2007 NA
2007 NA
2007 NA
2007 NA
2007 NA
2007 NA
2007 NA
2007 NA
2007 NA
2007 NA
2007 NA
2007 NA
2007 NA
2007 NA
2007 NA
2007 NA
2007 NA
2007 NA
2007 NA
2007 NA
2007 NA
2007 NA
2007 NA
2007 NA
2007 NA
2007 NA
2007 NA
2007 NA
2007 NA
2007 NA
2007 NA
2007 NA
2007 NA
2007 NA
2007 NA
2007 NA
2007 NA
2007 NA
2007 NA
2007 NA
2007 NA
2007 NA
2007 NA
2007 NA
2007 NA
2007 NA
2007 NA
2007 NA
2007 NA
2007 NA
2007 NA
2007 NA
2007 NA
2007 NA
2007 NA
2007 NA
2007 NA
2007 NA
2007 NA
2007 NA
2007 NA
2007 NA
2007 NA
2007 NA
2007 NA
2007 NA
2007 NA
2007 NA
2007 NA
2007 NA
2007 NA
2007 NA
2007 NA
2007 NA
2007 NA
2007 NA
2007 NA
2007 NA
2007 NA
2007 NA
2007 NA
2007 NA
2007 NA
2007 NA
2007 NA
2007 NA
2007 NA
2007 NA
2007 NA
2007 NA
2007 NA
2007 NA
2007 NA
2007 NA
2007 NA
2007 NA
2007 NA
2007 NA
2007 NA
2007 NA
2007 NA
2007 NA
2007 NA
2007 NA
2007 NA
2007 NA
2007 NA
2007 NA
2007 NA
2007 NA
2007 NA
2007 NA
2007 NA
2007 NA
2007 NA
2007 NA
2007 NA
2007 NA
2007 NA
2007 NA
2007 NA
2007 NA
2007 NA
2007 NA
2007 NA
2007 NA
2007 NA
2007 NA
2007 NA
2007 NA
2007 NA
2007 NA
2007 NA
2007 NA
2007 NA
2007 NA
2007 NA
2007 NA
2007 NA
2007 NA
2007 NA
2007 NA
2007 NA
2007 NA
2007 NA
2007 NA
2007 NA
2007 NA
2007 NA
2007 NA
2007 NA
2007 NA
2007 NA
2007 NA
2007 NA
2007 NA
2007 NA
2007 NA
2007 NA
2007 NA
2007 NA
2007 NA
2007 NA
2007 NA
2007 NA
2007 NA
2007 NA
2007 NA
2007 NA
2007 NA
2007 NA
2007 NA
2007 NA
2007 NA
2007 NA
2007 NA
2007 NA
2007 NA
2007 NA
2007 NA
2008 NA
2008 NA
2008 NA
2008 NA
2008 NA
2008 NA
2008 NA
2008 NA
2008 NA
2008 NA
2008 NA
2008 NA
2008 NA
2008 NA
2008 NA
2008 NA
2008 NA
2008 NA
2008 NA
2008 NA
2008 NA
2008 NA
2008 NA
2008 NA
2008 NA
2008 NA
2008 NA
2008 NA
2008 NA
2008 NA
2008 NA
2008 NA
2008 NA
2008 NA
2008 NA
2008 NA
2008 NA
2008 NA
2008 NA
2008 NA
2008 NA
2008 NA
2008 NA
2008 NA
2008 NA
2008 NA
2008 NA
2008 NA
2008 NA
2008 NA
2008 NA
2008 NA
2008 NA
2008 NA
2008 NA
2008 NA
2008 NA
2008 NA
2008 NA
2008 NA
2008 NA
2008 NA
2008 NA
2008 NA
2008 NA
2008 NA
2008 NA
2008 NA
2008 NA
2008 NA
2008 NA
2008 NA
2008 NA
2008 NA
2008 NA
2008 NA
2008 NA
2008 NA
2008 NA
2008 NA
2008 NA
2008 NA
2008 NA
2008 NA
2008 NA
2008 NA
2008 NA
2008 NA
2008 NA
2008 NA
2008 NA
2008 NA
2008 NA
2008 NA
2008 NA
2008 NA
2008 NA
2008 NA
2008 NA
2008 NA
2008 NA
2008 NA
2008 NA
2008 NA
2008 NA
2008 NA
2008 NA
2008 NA
2008 NA
2008 NA
2008 NA
2008 NA
2008 NA
2008 NA
2008 NA
2008 NA
2008 NA
2008 NA
2008 NA
2008 NA
2008 NA
2008 NA
2008 NA
2008 NA
2008 NA
2008 NA
2008 NA
2008 NA
2008 NA
2008 NA
2008 NA
2008 NA
2008 NA
2008 NA
2008 NA
2008 NA
2008 NA
2008 NA
2008 110
2008 104
2008 96
2008 87
2008 80
2008 75
2008 NA
2008 NA
2008 70
2008 68
2008 NA
2008 61
2008 55
2008 57
2008 55
2008 55
2008 58
2008 68
2008 78
2008 95
2008 94
2008 92
2008 75
2008 74
2008 73
2008 82
2008 70
2008 81
2008 69
2008 67
2008 65
2008 65
2008 65
2008 62
2008 NA
2008 60
2008 55
2008 55
2008 NA
2008 NA
2008 NA
2008 NA
2008 42
2008 NA
2008 35
2008 NA
2008 32
2008 30
2008 NA
2008 46
2008 45
2008 NA
2008 NA
2008 NA
2008 60
2008 NA
2008 45
2008 44
2008 40
2008 36
2008 39
2008 37
2008 NA
2008 35
2008 35
2008 NA
2008 NA
2008 NA
2008 NA
2008 58
2008 NA
2008 NA
2008 NA
2008 NA
2008 NA
2008 NA
2008 NA
2008 NA
2008 NA
2008 NA
2008 NA
2008 NA
2008 NA
2008 NA
2008 NA
2008 NA
2008 NA
2008 NA
2008 NA
2008 NA
2008 NA
2008 NA
2008 NA
2008 NA
2008 NA
2008 NA
2008 NA
2008 NA
2008 NA
2008 NA
2008 NA
2008 NA
2008 NA
2008 NA
2008 NA
2008 NA
2008 NA
2008 NA
2008 NA
2008 NA
2008 NA
2008 NA
2008 NA
2008 NA
2008 NA
2008 NA
2008 NA
2008 NA
2008 NA
2008 NA
2008 NA
2008 NA
2008 NA
2008 NA
2008 NA
2008 NA
2008 NA
2008 NA
2008 NA
2008 NA
2008 NA
2008 NA
2008 NA
2008 NA
2008 NA
2008 NA
2008 NA
2008 NA
2008 NA
2008 NA
2008 NA
2008 NA
2008 NA
2008 NA
2008 NA
2008 NA
2008 NA
2008 NA
2008 NA
2008 NA
2008 NA
2008 NA
2008 NA
2008 NA
2008 NA
2008 NA
2008 NA
2008 NA
2008 NA
2008 NA
2008 NA
2008 NA
2008 NA
2008 NA
2008 NA
2008 NA
2008 NA
2008 NA
2008 NA
2008 NA
2008 NA
2008 NA
2008 NA
2008 NA
2008 NA
2008 NA
2008 NA
2008 NA
2008 NA
2008 NA
2008 NA
2008 NA
2008 NA
2008 NA
2008 NA
2008 NA
2008 NA
2008 NA
2008 NA
2008 NA
2008 NA
2008 NA
2008 NA
2008 NA
2008 NA
2008 NA
2008 NA
2008 NA
2008 NA
2008 NA
2008 NA
2008 NA
2008 NA
2008 NA
2008 NA
2008 NA
2008 NA
2008 NA
2008 NA
2008 NA
2008 NA
2008 NA
2008 NA
2008 NA
2008 NA
2008 NA
2008 NA
2008 NA
2008 NA
2008 NA
2008 NA
2008 NA
2008 NA
2008 NA
2008 NA
2008 NA
2008 NA
2008 NA
