2006 NA
2006 NA
2006 NA
2006 NA
2006 NA
2006 NA
2006 NA
2006 NA
2006 NA
2006 NA
2006 NA
2006 NA
2006 NA
2006 NA
2006 NA
2006 NA
2006 NA
2006 NA
2006 NA
2006 NA
2006 NA
2006 NA
2006 NA
2006 NA
2006 NA
2006 NA
2006 NA
2006 NA
2006 NA
2006 NA
2006 NA
2006 NA
2006 NA
2006 NA
2006 NA
2006 NA
2006 NA
2006 NA
2006 NA
2006 NA
2006 NA
2006 NA
2006 NA
2006 NA
2006 NA
2006 NA
2006 NA
2006 NA
2006 NA
2006 NA
2006 NA
2006 NA
2006 NA
2006 NA
2006 NA
2006 NA
2006 NA
2006 NA
2006 NA
2006 NA
2006 NA
2006 NA
2006 NA
2006 NA
2006 NA
2006 0
2006 1
2006 0
2006 0
2006 0
2006 0
2006 0
2006 10
2006 0
2006 0
2006 0
2006 0
2006 0
2006 0
2006 0
2006 0
2006 0
2006 0
2006 0
2006 0
2006 0
2006 5
2006 11
2006 9
2006 8
2006 9
2006 9
2006 9
2006 24
2006 29
2006 43
2006 37
2006 45
2006 43
2006 43
2006 43
2006 38
2006 37
2006 38
2006 37
2006 37
2006 36
2006 25
2006 35
2006 25
2006 25
2006 25
2006 25
2006 25
2006 28
2006 25
2006 25
2006 28
2006 30
2006 23
2006 23
2006 21
2006 21
2006 20
2006 19
2006 19
2006 20
2006 21
2006 21
2006 23
2006 22
2006 20
2006 20
2006 20
2006 20
2006 20
2006 20
2006 20
2006 20
2006 20
2006 21
2006 20
2006 20
2006 20
2006 20
2006 20
2006 20
2006 20
2006 37
2006 54
2006 49
2006 46
2006 43
2006 42
2006 39
2006 37
2006 37
2006 37
2006 36
2006 36
2006 36
2006 37
2006 36
2006 36
2006 36
2006 36
2006 36
2006 36
2006 36
2006 38
2006 38
2006 45
2006 64
2006 74
2006 74
2006 75
2006 72
2006 77
2006 78
2006 82
2006 79
2006 77
2006 90
2006 81
2006 76
2006 80
2006 83
2006 75
2006 71
2006 70
2006 70
2006 68
2006 65
2006 65
2006 65
2006 65
2006 65
2006 76
2006 72
2006 71
2006 67
2006 64
2006 68
2006 63
2006 61
2006 61
2006 59
2006 52
2006 46
2006 58
2006 52
2006 51
2006 50
2006 47
2006 45
2006 46
2006 50
2006 58
2006 59
2006 51
2006 48
2006 45
2006 52
2006 60
2006 52
2006 52
2006 47
2006 51
2006 41
2006 40
2006 40
2006 42
2006 37
2006 33
2006 28
2006 21
2006 19
2006 16
2006 12
2006 8
2006 6
2006 17
2006 13
2006 10
2006 10
2006 9
2006 9
2006 8
2006 7
2006 7
2006 8
2006 16
2006 3
2006 7
2006 5
2006 4
2006 4
2006 3
2006 3
2006 2
2006 2
2006 NA
2006 NA
2006 NA
2006 NA
2006 NA
2006 NA
2006 NA
2006 NA
2006 NA
2006 NA
2006 NA
2006 NA
2006 NA
2006 NA
2006 NA
2006 NA
2006 NA
2006 NA
2006 NA
2006 NA
2006 NA
2006 NA
2006 NA
2006 NA
2006 NA
2006 NA
2006 NA
2006 NA
2006 NA
2006 NA
2006 NA
2006 NA
2006 NA
2006 NA
2006 NA
2006 NA
2006 NA
2006 NA
2006 NA
2006 NA
2006 NA
2006 NA
2006 NA
2006 NA
2006 NA
2006 NA
2006 NA
2006 NA
2006 NA
2006 NA
2006 NA
2006 NA
2006 NA
2006 NA
2006 NA
2006 NA
2006 NA
2006 NA
2006 NA
2006 NA
2006 NA
2006 NA
2006 NA
2006 NA
2006 NA
2006 NA
2006 NA
2006 NA
2006 NA
2006 NA
2006 NA
2006 NA
2006 NA
2006 NA
2006 NA
2006 NA
2006 NA
2006 NA
2006 NA
2006 NA
2006 NA
2006 NA
2006 NA
2006 NA
2006 NA
2006 NA
2006 NA
2006 NA
2006 NA
2006 NA
2006 NA
2006 NA
2006 NA
2006 NA
2006 NA
2006 NA
2006 NA
2006 NA
2006 NA
2006 NA
2006 NA
2006 NA
2006 NA
2006 NA
2007 NA
2007 NA
2007 NA
2007 NA
2007 NA
2007 NA
2007 NA
2007 NA
2007 NA
2007 NA
2007 NA
2007 NA
2007 NA
2007 NA
2007 NA
2007 NA
2007 NA
2007 NA
2007 NA
2007 NA
2007 NA
2007 NA
2007 NA
2007 NA
2007 NA
2007 NA
2007 NA
2007 NA
2007 NA
2007 NA
2007 NA
2007 NA
2007 NA
2007 NA
2007 NA
2007 NA
2007 NA
2007 NA
2007 NA
2007 NA
2007 NA
2007 NA
2007 NA
2007 NA
2007 NA
2007 NA
2007 NA
2007 NA
2007 NA
2007 NA
2007 NA
2007 NA
2007 NA
2007 NA
2007 NA
2007 NA
2007 NA
2007 NA
2007 NA
2007 NA
2007 NA
2007 NA
2007 NA
2007 NA
2007 0
2007 0
2007 0
2007 0
2007 0
2007 0
2007 0
2007 0
2007 0
2007 0
2007 0
2007 0
2007 0
2007 0
2007 0
2007 0
2007 2
2007 1
2007 8
2007 7
2007 5
2007 4
2007 2
2007 1
2007 1
2007 1
2007 1
2007 1
2007 1
2007 1
2007 1
2007 1
2007 0
2007 2
2007 1
2007 28
2007 34
2007 33
2007 29
2007 27
2007 24
2007 23
2007 22
2007 22
2007 23
2007 26
2007 26
2007 24
2007 23
2007 23
2007 22
2007 21
2007 21
2007 21
2007 21
2007 21
2007 20
2007 19
2007 19
2007 19
2007 19
2007 18
2007 18
2007 18
2007 18
2007 18
2007 19
2007 19
2007 18
2007 18
2007 17
2007 16
2007 16
2007 16
2007 16
2007 16
2007 16
2007 12
2007 10
2007 10
2007 24
2007 58
2007 55
2007 67
2007 62
2007 54
2007 51
2007 46
2007 42
2007 40
2007 37
2007 37
2007 35
2007 35
2007 33
2007 35
2007 36
2007 36
2007 33
2007 33
2007 33
2007 36
2007 35
2007 35
2007 33
2007 33
2007 33
2007 33
2007 33
2007 32
2007 30
2007 29
2007 29
2007 29
2007 35
2007 33
2007 32
2007 30
2007 30
2007 29
2007 28
2007 28
2007 27
2007 26
2007 38
2007 34
2007 30
2007 30
2007 29
2007 27
2007 26
2007 22
2007 20
2007 18
2007 17
2007 13
2007 29
2007 31
2007 28
2007 26
2007 25
2007 33
2007 38
2007 30
2007 30
2007 30
2007 29
2007 70
2007 64
2007 57
2007 51
2007 59
2007 47
2007 42
2007 37
2007 34
2007 32
2007 28
2007 23
2007 19
2007 15
2007 13
2007 9
2007 13
2007 11
2007 10
2007 9
2007 9
2007 8
2007 8
2007 7
2007 7
2007 7
2007 6
2007 6
2007 5
2007 5
2007 5
2007 5
2007 5
2007 5
2007 5
2007 5
2007 5
2007 4
2007 4
2007 3
2007 2
2007 2
2007 2
2007 2
2007 2
2007 2
2007 3
2007 2
2007 1
2007 1
2007 NA
2007 NA
2007 NA
2007 NA
2007 NA
2007 NA
2007 NA
2007 NA
2007 NA
2007 NA
2007 NA
2007 NA
2007 NA
2007 NA
2007 NA
2007 NA
2007 NA
2007 NA
2007 NA
2007 NA
2007 NA
2007 NA
2007 NA
2007 NA
2007 NA
2007 NA
2007 NA
2007 NA
2007 NA
2007 NA
2007 NA
2007 NA
2007 NA
2007 NA
2007 NA
2007 NA
2007 NA
2007 NA
2007 NA
2007 NA
2007 NA
2007 NA
2007 NA
2007 NA
2007 NA
2007 NA
2007 NA
2007 NA
2007 NA
2007 NA
2007 NA
2007 NA
2007 NA
2007 NA
2007 NA
2007 NA
2007 NA
2007 NA
2007 NA
2007 NA
2007 NA
2007 NA
2007 NA
2007 NA
2007 NA
2007 NA
2007 NA
2007 NA
2007 NA
2007 NA
2007 NA
2007 NA
2007 NA
2007 NA
2007 NA
2007 NA
2007 NA
2007 NA
2007 NA
2007 NA
2007 NA
2007 NA
2007 NA
2007 NA
2007 NA
2007 NA
2007 NA
2007 NA
2007 NA
2007 NA
2007 NA
2007 NA
2007 NA
2007 NA
2007 NA
2007 NA
2007 NA
2007 NA
2007 NA
2007 NA
2007 NA
2007 NA
2007 NA
2007 NA
2008 NA
2008 NA
2008 NA
2008 NA
2008 NA
2008 NA
2008 NA
2008 NA
2008 NA
2008 NA
2008 NA
2008 NA
2008 NA
2008 NA
2008 NA
2008 NA
2008 NA
2008 NA
2008 NA
2008 NA
2008 NA
2008 NA
2008 NA
2008 NA
2008 NA
2008 NA
2008 NA
2008 NA
2008 NA
2008 NA
2008 NA
2008 NA
2008 NA
2008 NA
2008 NA
2008 NA
2008 NA
2008 NA
2008 NA
2008 NA
2008 NA
2008 NA
2008 NA
2008 NA
2008 NA
2008 NA
2008 NA
2008 NA
2008 NA
2008 NA
2008 NA
2008 NA
2008 NA
2008 NA
2008 NA
2008 NA
2008 NA
2008 NA
2008 NA
2008 NA
2008 NA
2008 NA
2008 NA
2008 0
2008 0
2008 0
2008 0
2008 0
2008 1
2008 0
2008 2
2008 15
2008 12
2008 12
2008 11
2008 10
2008 9
2008 9
2008 9
2008 9
2008 9
2008 8
2008 7
2008 8
2008 18
2008 18
2008 11
2008 10
2008 13
2008 13
2008 13
2008 4
2008 4
2008 6
2008 6
2008 5
2008 5
2008 4
2008 4
2008 4
2008 5
2008 4
2008 4
2008 4
2008 4
2008 4
2008 4
2008 4
2008 4
2008 4
2008 3
2008 3
2008 3
2008 3
2008 2
2008 3
2008 1
2008 1
2008 1
2008 1
2008 1
2008 3
2008 3
2008 3
2008 3
2008 7
2008 8
2008 19
2008 15
2008 14
2008 14
2008 13
2008 13
2008 21
2008 67
2008 65
2008 64
2008 62
2008 82
2008 75
2008 70
2008 65
2008 65
2008 56
2008 53
2008 51
2008 47
2008 46
2008 46
2008 46
2008 44
2008 43
2008 43
2008 40
2008 40
2008 41
2008 47
2008 62
2008 56
2008 52
2008 51
2008 50
2008 50
2008 49
2008 49
2008 49
2008 48
2008 47
2008 47
2008 46
2008 46
2008 45
2008 45
2008 45
2008 43
2008 42
2008 40
2008 35
2008 34
2008 34
2008 33
2008 30
2008 44
2008 47
2008 26
2008 26
2008 29
2008 24
2008 24
2008 25
2008 25
2008 25
2008 35
2008 29
2008 23
2008 22
2008 20
2008 17
2008 22
2008 22
2008 21
2008 21
2008 21
2008 22
2008 34
2008 34
2008 33
2008 30
2008 29
2008 34
2008 30
2008 27
2008 24
2008 20
2008 17
2008 15
2008 15
2008 15
2008 14
2008 32
2008 28
2008 28
2008 25
2008 19
2008 22
2008 65
2008 65
2008 75
2008 64
2008 63
2008 68
2008 72
2008 66
2008 64
2008 67
2008 65
2008 61
2008 59
2008 55
2008 52
2008 51
2008 49
2008 47
2008 50
2008 45
2008 41
2008 37
2008 32
2008 26
2008 23
2008 19
2008 15
2008 10
2008 9
2008 16
2008 15
2008 8
2008 8
2008 7
2008 10
2008 9
2008 5
2008 5
2008 NA
2008 NA
2008 NA
2008 NA
2008 NA
2008 NA
2008 NA
2008 NA
2008 NA
2008 NA
2008 NA
2008 NA
2008 NA
2008 NA
2008 NA
2008 NA
2008 NA
2008 NA
2008 NA
2008 NA
2008 NA
2008 NA
2008 NA
2008 NA
2008 NA
2008 NA
2008 NA
2008 NA
2008 NA
2008 NA
2008 NA
2008 NA
2008 NA
2008 NA
2008 NA
2008 NA
2008 NA
2008 NA
2008 NA
2008 NA
2008 NA
2008 NA
2008 NA
2008 NA
2008 NA
2008 NA
2008 NA
2008 NA
2008 NA
2008 NA
2008 NA
2008 NA
2008 NA
2008 NA
2008 NA
2008 NA
2008 NA
2008 NA
2008 NA
2008 NA
2008 NA
2008 NA
2008 NA
2008 NA
2008 NA
2008 NA
2008 NA
2008 NA
2008 NA
2008 NA
2008 NA
2008 NA
2008 NA
2008 NA
2008 NA
2008 NA
2008 NA
2008 NA
2008 NA
2008 NA
2008 NA
2008 NA
2008 NA
2008 NA
2008 NA
2008 NA
2008 NA
2008 NA
2008 NA
2008 NA
2008 NA
2008 NA
2008 NA
2008 NA
2008 NA
2008 NA
2008 NA
2008 NA
2008 NA
2008 NA
2008 NA
2008 NA
2008 NA
2009 NA
2009 NA
2009 NA
2009 NA
2009 NA
2009 NA
2009 NA
2009 NA
2009 NA
2009 NA
2009 NA
2009 NA
2009 NA
2009 NA
2009 NA
2009 NA
2009 NA
2009 NA
2009 NA
2009 NA
2009 NA
2009 NA
2009 NA
2009 NA
2009 NA
2009 NA
2009 NA
2009 NA
2009 NA
2009 NA
2009 NA
2009 NA
2009 NA
2009 NA
2009 NA
2009 NA
2009 NA
2009 NA
2009 NA
2009 NA
2009 NA
2009 NA
2009 NA
2009 NA
2009 NA
2009 NA
2009 NA
2009 NA
2009 NA
2009 NA
2009 NA
2009 NA
2009 NA
2009 NA
2009 NA
2009 NA
2009 NA
2009 NA
2009 NA
2009 NA
2009 NA
2009 NA
2009 NA
2009 6
2009 7
2009 5
2009 3
2009 3
2009 3
2009 3
2009 3
2009 2
2009 4
2009 17
2009 25
2009 21
2009 19
2009 11
2009 17
2009 17
2009 16
2009 11
2009 10
2009 21
2009 23
2009 24
2009 23
2009 17
2009 23
2009 46
2009 70
2009 107
2009 106
2009 101
2009 96
2009 93
2009 92
2009 89
2009 87
2009 85
2009 83
2009 127
2009 159
2009 148
2009 144
2009 145
2009 143
2009 155
2009 148
2009 139
2009 130
2009 127
2009 122
2009 120
2009 119
2009 116
2009 115
2009 113
2009 113
2009 112
2009 111
2009 110
2009 111
2009 110
2009 109
2009 108
2009 107
2009 107
2009 109
2009 107
2009 106
2009 106
2009 105
2009 104
2009 104
2009 104
2009 106
2009 106
2009 102
2009 102
2009 100
2009 117
2009 169
2009 167
2009 160
2009 152
2009 150
2009 146
2009 150
2009 147
2009 143
2009 140
2009 139
2009 141
2009 145
2009 174
2009 159
2009 153
2009 171
2009 215
2009 230
2009 215
2009 210
2009 210
2009 192
2009 183
2009 181
2009 180
2009 178
2009 176
2009 165
2009 159
2009 158
2009 156
2009 155
2009 152
2009 152
2009 152
2009 151
2009 151
2009 150
2009 145
2009 145
2009 146
2009 150
2009 193
2009 158
2009 180
2009 178
2009 174
2009 172
2009 172
2009 168
2009 166
2009 162
2009 160
2009 156
2009 153
2009 152
2009 150
2009 150
2009 149
2009 146
2009 145
2009 146
2009 146
2009 146
2009 145
2009 142
2009 146
2009 190
2009 170
2009 160
2009 151
2009 149
2009 145
2009 143
2009 141
2009 138
2009 134
2009 131
2009 131
2009 127
2009 123
2009 121
2009 117
2009 113
2009 110
2009 130
2009 118
2009 112
2009 72
2009 69
2009 65
2009 62
2009 59
2009 56
2009 60
2009 59
2009 65
2009 65
2009 56
2009 66
2009 50
2009 47
2009 44
2009 40
2009 47
2009 36
2009 32
2009 26
2009 21
2009 34
2009 21
2009 18
2009 16
2009 14
2009 26
2009 13
2009 24
2009 17
2009 21
2009 20
2009 NA
2009 NA
2009 NA
2009 NA
2009 NA
2009 NA
2009 NA
2009 NA
2009 NA
2009 NA
2009 NA
2009 NA
2009 NA
2009 NA
2009 NA
2009 NA
2009 NA
2009 NA
2009 NA
2009 NA
2009 NA
2009 NA
2009 NA
2009 NA
2009 NA
2009 NA
2009 NA
2009 NA
2009 NA
2009 NA
2009 NA
2009 NA
2009 NA
2009 NA
2009 NA
2009 NA
2009 NA
2009 NA
2009 NA
2009 NA
2009 NA
2009 NA
2009 NA
2009 NA
2009 NA
2009 NA
2009 NA
2009 NA
2009 NA
2009 NA
2009 NA
2009 NA
2009 NA
2009 NA
2009 NA
2009 NA
2009 NA
2009 NA
2009 NA
2009 NA
2009 NA
2009 NA
2009 NA
2009 NA
2009 NA
2009 NA
2009 NA
2009 NA
2009 NA
2009 NA
2009 NA
2009 NA
2009 NA
2009 NA
2009 NA
2009 NA
2009 NA
2009 NA
2009 NA
2009 NA
2009 NA
2009 NA
2009 NA
2009 NA
2009 NA
2009 NA
2009 NA
2009 NA
2009 NA
2009 NA
2009 NA
2009 NA
2009 NA
2009 NA
2009 NA
2009 NA
2009 NA
2009 NA
2009 NA
2009 NA
2009 NA
2009 NA
2010 NA
2010 NA
2010 NA
2010 NA
2010 NA
2010 NA
2010 NA
2010 NA
2010 NA
2010 NA
2010 NA
2010 NA
2010 NA
2010 NA
2010 NA
2010 NA
2010 NA
2010 NA
2010 NA
2010 NA
2010 NA
2010 NA
2010 NA
2010 NA
2010 NA
2010 NA
2010 NA
2010 NA
2010 NA
2010 NA
2010 NA
2010 NA
2010 NA
2010 NA
2010 NA
2010 NA
2010 NA
2010 NA
2010 NA
2010 NA
2010 NA
2010 NA
2010 NA
2010 NA
2010 NA
2010 NA
2010 NA
2010 NA
2010 NA
2010 NA
2010 NA
2010 NA
2010 NA
2010 NA
2010 NA
2010 NA
2010 NA
2010 NA
2010 NA
2010 NA
2010 NA
2010 NA
2010 0
2010 22
2010 19
2010 16
2010 21
2010 17
2010 17
2010 26
2010 24
2010 20
2010 18
2010 17
2010 17
2010 15
2010 13
2010 11
2010 8
2010 7
2010 7
2010 7
2010 7
2010 7
2010 3
2010 4
2010 3
2010 6
2010 8
2010 7
2010 17
2010 57
2010 62
2010 59
2010 60
2010 66
2010 64
2010 60
2010 57
2010 58
2010 56
2010 54
2010 54
2010 55
2010 60
2010 59
2010 58
2010 58
2010 58
2010 60
2010 55
2010 55
2010 60
2010 100
2010 101
2010 80
2010 71
2010 73
2010 73
2010 73
2010 73
2010 74
2010 76
2010 79
2010 75
2010 74
2010 74
2010 75
2010 76
2010 89
2010 90
2010 106
2010 106
2010 104
2010 100
2010 100
2010 98
2010 94
2010 95
2010 93
2010 93
2010 92
2010 91
2010 89
2010 89
2010 89
2010 88
2010 88
2010 89
2010 88
2010 88
2010 89
2010 89
2010 89
2010 89
2010 89
2010 88
2010 89
2010 101
2010 99
2010 99
2010 98
2010 98
2010 101
2010 103
2010 101
2010 100
2010 99
2010 98
2010 98
2010 90
2010 100
2010 109
2010 112
2010 110
2010 110
2010 109
2010 109
2010 112
2010 115
2010 113
2010 111
2010 108
2010 108
2010 108
2010 107
2010 107
2010 107
2010 106
2010 106
2010 106
2010 114
2010 114
2010 113
2010 111
2010 108
2010 108
2010 107
2010 106
2010 104
2010 102
2010 100
2010 98
2010 95
2010 90
2010 96
2010 82
2010 90
2010 86
2010 85
2010 85
2010 124
2010 116
2010 120
2010 117
2010 116
2010 110
2010 107
2010 105
2010 100
2010 93
2010 90
2010 88
2010 87
2010 89
2010 88
2010 88
2010 85
2010 72
2010 74
2010 72
2010 67
2010 57
2010 60
2010 57
2010 53
2010 49
2010 42
2010 39
2010 36
2010 33
2010 31
2010 27
2010 24
2010 22
2010 20
2010 17
2010 18
2010 15
2010 14
2010 12
2010 11
2010 12
2010 10
2010 7
2010 7
2010 6
2010 6
2010 6
2010 6
2010 6
2010 6
2010 5
2010 NA
2010 NA
2010 NA
2010 NA
2010 NA
2010 NA
2010 NA
2010 NA
2010 NA
2010 NA
2010 NA
2010 NA
2010 NA
2010 NA
2010 NA
2010 NA
2010 NA
2010 NA
2010 NA
2010 NA
2010 NA
2010 NA
2010 NA
2010 NA
2010 NA
2010 NA
2010 NA
2010 NA
2010 NA
2010 NA
2010 NA
2010 NA
2010 NA
2010 NA
2010 NA
2010 NA
2010 NA
2010 NA
2010 NA
2010 NA
2010 NA
2010 NA
2010 NA
2010 NA
2010 NA
2010 NA
2010 NA
2010 NA
2010 NA
2010 NA
2010 NA
2010 NA
2010 NA
2010 NA
2010 NA
2010 NA
2010 NA
2010 NA
2010 NA
2010 NA
2010 NA
2010 NA
2010 NA
2010 NA
2010 NA
2010 NA
2010 NA
2010 NA
2010 NA
2010 NA
2010 NA
2010 NA
2010 NA
2010 NA
2010 NA
2010 NA
2010 NA
2010 NA
2010 NA
2010 NA
2010 NA
2010 NA
2010 NA
2010 NA
2010 NA
2010 NA
2010 NA
2010 NA
2010 NA
2010 NA
2010 NA
2010 NA
2010 NA
2010 NA
2010 NA
2010 NA
2010 NA
2010 NA
2010 NA
2010 NA
2010 NA
2010 NA
2011 NA
2011 NA
2011 NA
2011 NA
2011 NA
2011 NA
2011 NA
2011 NA
2011 NA
2011 NA
2011 NA
2011 NA
2011 NA
2011 NA
2011 NA
2011 NA
2011 NA
2011 NA
2011 NA
2011 NA
2011 NA
2011 NA
2011 NA
2011 NA
2011 NA
2011 NA
2011 NA
2011 NA
2011 NA
2011 NA
2011 NA
2011 NA
2011 NA
2011 NA
2011 NA
2011 NA
2011 NA
2011 NA
2011 NA
2011 NA
2011 NA
2011 NA
2011 NA
2011 NA
2011 NA
2011 NA
2011 NA
2011 NA
2011 NA
2011 NA
2011 NA
2011 NA
2011 NA
2011 NA
2011 NA
2011 NA
2011 NA
2011 NA
2011 NA
2011 NA
2011 NA
2011 NA
2011 14
2011 10
2011 8
2011 7
2011 7
2011 8
2011 16
2011 21
2011 21
2011 19
2011 15
2011 13
2011 11
2011 9
2011 16
2011 22
2011 26
2011 28
2011 32
2011 34
2011 49
2011 54
2011 52
2011 43
2011 43
2011 56
2011 60
2011 65
2011 60
2011 73
2011 80
2011 82
2011 78
2011 76
2011 73
2011 69
2011 58
2011 52
2011 50
2011 49
2011 49
2011 49
2011 49
2011 49
2011 49
2011 49
2011 52
2011 51
2011 52
2011 51
2011 55
2011 54
2011 78
2011 82
2011 83
2011 89
2011 86
2011 84
2011 83
2011 83
2011 79
2011 78
2011 78
2011 77
2011 77
2011 77
2011 76
2011 74
2011 75
2011 75
2011 86
2011 87
2011 85
2011 80
2011 78
2011 77
2011 76
2011 74
2011 74
2011 77
2011 78
2011 75
2011 75
2011 75
2011 75
2011 75
2011 75
2011 75
2011 75
2011 75
2011 75
2011 75
2011 75
2011 75
2011 75
2011 74
2011 74
2011 72
2011 72
2011 71
2011 71
2011 71
2011 70
2011 70
2011 70
2011 70
2011 72
2011 92
2011 94
2011 89
2011 88
2011 90
2011 88
2011 88
2011 85
2011 80
2011 82
2011 82
2011 86
2011 87
2011 85
2011 88
2011 91
2011 87
2011 86
2011 86
2011 86
2011 85
2011 84
2011 84
2011 83
2011 81
2011 89
2011 86
2011 90
2011 112
2011 114
2011 106
2011 100
2011 100
2011 100
2011 98
2011 95
2011 93
2011 89
2011 85
2011 85
2011 85
2011 83
2011 82
2011 81
2011 78
2011 73
2011 66
2011 63
2011 56
2011 51
2011 41
2011 34
2011 30
2011 21
2011 12
2011 9
2011 7
2011 7
2011 7
2011 6
2011 4
2011 12
2011 0
2011 0
2011 0
2011 0
2011 0
2011 0
2011 14
2011 8
2011 6
2011 8
2011 13
2011 12
2011 6
2011 5
2011 5
2011 9
2011 5
2011 4
2011 4
2011 4
2011 4
2011 4
2011 3
2011 3
2011 3
2011 3
2011 5
2011 3
2011 3
2011 3
2011 3
2011 3
2011 NA
2011 NA
2011 NA
2011 NA
2011 NA
2011 NA
2011 NA
2011 NA
2011 NA
2011 NA
2011 NA
2011 NA
2011 NA
2011 NA
2011 NA
2011 NA
2011 NA
2011 NA
2011 NA
2011 NA
2011 NA
2011 NA
2011 NA
2011 NA
2011 NA
2011 NA
2011 NA
2011 NA
2011 NA
2011 NA
2011 NA
2011 NA
2011 NA
2011 NA
2011 NA
2011 NA
2011 NA
2011 NA
2011 NA
2011 NA
2011 NA
2011 NA
2011 NA
2011 NA
2011 NA
2011 NA
2011 NA
2011 NA
2011 NA
2011 NA
2011 NA
2011 NA
2011 NA
2011 NA
2011 NA
2011 NA
2011 NA
2011 NA
2011 NA
2011 NA
2011 NA
2011 NA
2011 NA
2011 NA
2011 NA
2011 NA
2011 NA
2011 NA
2011 NA
2011 NA
2011 NA
2011 NA
2011 NA
2011 NA
2011 NA
2011 NA
2011 NA
2011 NA
2011 NA
2011 NA
2011 NA
2011 NA
2011 NA
2011 NA
2011 NA
2011 NA
2011 NA
2011 NA
2011 NA
2011 NA
2011 NA
2011 NA
2011 NA
2011 NA
2011 NA
2011 NA
2011 NA
2011 NA
2011 NA
2011 NA
2011 NA
2011 NA
2012 NA
2012 NA
2012 NA
2012 NA
2012 NA
2012 NA
2012 NA
2012 NA
2012 NA
2012 NA
2012 NA
2012 NA
2012 NA
2012 NA
2012 NA
2012 NA
2012 NA
2012 NA
2012 NA
2012 NA
2012 NA
2012 NA
2012 NA
2012 NA
2012 NA
2012 NA
2012 NA
2012 NA
2012 NA
2012 NA
2012 NA
2012 NA
2012 NA
2012 NA
2012 NA
2012 NA
2012 NA
2012 NA
2012 NA
2012 NA
2012 NA
2012 NA
2012 NA
2012 NA
2012 NA
2012 NA
2012 NA
2012 NA
2012 NA
2012 NA
2012 NA
2012 NA
2012 NA
2012 NA
2012 NA
2012 NA
2012 NA
2012 NA
2012 NA
2012 NA
2012 NA
2012 NA
2012 0
2012 0
2012 0
2012 0
2012 0
2012 0
2012 8
2012 6
2012 4
2012 2
2012 2
2012 2
2012 1
2012 0
2012 0
2012 0
2012 0
2012 0
2012 0
2012 0
2012 0
2012 0
2012 0
2012 0
2012 0
2012 0
2012 0
2012 0
2012 0
2012 0
2012 0
2012 1
2012 1
2012 1
2012 1
2012 1
2012 5
2012 3
2012 3
2012 2
2012 2
2012 11
2012 11
2012 12
2012 11
2012 14
2012 13
2012 12
2012 12
2012 11
2012 11
2012 11
2012 11
2012 20
2012 20
2012 20
2012 20
2012 20
2012 11
2012 22
2012 22
2012 22
2012 35
2012 33
2012 33
2012 42
2012 42
2012 40
2012 39
2012 38
2012 36
2012 35
2012 34
2012 34
2012 34
2012 34
2012 34
2012 34
2012 34
2012 34
2012 43
2012 40
2012 38
2012 32
2012 38
2012 36
2012 36
2012 36
2012 37
2012 37
2012 37
2012 44
2012 48
2012 51
2012 50
2012 48
2012 48
2012 48
2012 60
2012 58
2012 56
2012 53
2012 51
2012 53
2012 52
2012 51
2012 38
2012 36
2012 36
2012 35
2012 45
2012 48
2012 47
2012 46
2012 45
2012 40
2012 38
2012 38
2012 36
2012 35
2012 33
2012 29
2012 22
2012 18
2012 27
2012 40
2012 34
2012 33
2012 33
2012 33
2012 32
2012 31
2012 30
2012 26
2012 22
2012 18
2012 18
2012 14
2012 14
2012 16
2012 15
2012 12
2012 10
2012 0
2012 3
2012 0
2012 0
2012 0
2012 0
2012 0
2012 0
2012 0
2012 0
2012 0
2012 0
2012 2
2012 3
2012 0
2012 3
2012 2
2012 0
2012 12
2012 40
2012 27
2012 20
2012 22
2012 27
2012 25
2012 16
2012 27
2012 26
2012 24
2012 23
2012 29
2012 33
2012 44
2012 32
2012 24
2012 17
2012 13
2012 10
2012 8
2012 6
2012 6
2012 6
2012 5
2012 3
2012 1
2012 1
2012 1
2012 1
2012 1
2012 1
2012 0
2012 1
2012 1
2012 4
2012 3
2012 1
2012 2
2012 1
2012 1
2012 NA
2012 NA
2012 NA
2012 NA
2012 NA
2012 NA
2012 NA
2012 NA
2012 NA
2012 NA
2012 NA
2012 NA
2012 NA
2012 NA
2012 NA
2012 NA
2012 NA
2012 NA
2012 NA
2012 NA
2012 NA
2012 NA
2012 NA
2012 NA
2012 NA
2012 NA
2012 NA
2012 NA
2012 NA
2012 NA
2012 NA
2012 NA
2012 NA
2012 NA
2012 NA
2012 NA
2012 NA
2012 NA
2012 NA
2012 NA
2012 NA
2012 NA
2012 NA
2012 NA
2012 NA
2012 NA
2012 NA
2012 NA
2012 NA
2012 NA
2012 NA
2012 NA
2012 NA
2012 NA
2012 NA
2012 NA
2012 NA
2012 NA
2012 NA
2012 NA
2012 NA
2012 NA
2012 NA
2012 NA
2012 NA
2012 NA
2012 NA
2012 NA
2012 NA
2012 NA
2012 NA
2012 NA
2012 NA
2012 NA
2012 NA
2012 NA
2012 NA
2012 NA
2012 NA
2012 NA
2012 NA
2012 NA
2012 NA
2012 NA
2012 NA
2012 NA
2012 NA
2012 NA
2012 NA
2012 NA
2012 NA
2012 NA
2012 NA
2012 NA
2012 NA
2012 NA
2012 NA
2012 NA
2012 NA
2012 NA
2012 NA
2012 NA
2013 NA
2013 NA
2013 NA
2013 NA
2013 NA
2013 NA
2013 NA
2013 NA
2013 NA
2013 NA
2013 NA
2013 NA
2013 NA
2013 NA
2013 NA
2013 NA
2013 NA
2013 NA
2013 NA
2013 NA
2013 NA
2013 NA
2013 NA
2013 NA
2013 NA
2013 NA
2013 NA
2013 NA
2013 NA
2013 NA
2013 NA
2013 NA
2013 NA
2013 NA
2013 NA
2013 NA
2013 NA
2013 NA
2013 NA
2013 NA
2013 NA
2013 NA
2013 NA
2013 NA
2013 NA
2013 NA
2013 NA
2013 NA
2013 NA
2013 NA
2013 NA
2013 NA
2013 NA
2013 NA
2013 NA
2013 NA
2013 NA
2013 NA
2013 NA
2013 NA
2013 NA
2013 NA
2013 25
2013 22
2013 18
2013 8
2013 6
2013 6
2013 5
2013 4
2013 5
2013 10
2013 7
2013 6
2013 7
2013 7
2013 6
2013 5
2013 5
2013 6
2013 6
2013 5
2013 3
2013 4
2013 5
2013 5
2013 5
2013 4
2013 24
2013 56
2013 53
2013 50
2013 53
2013 50
2013 48
2013 49
2013 43
2013 42
2013 50
2013 45
2013 45
2013 45
2013 45
2013 45
2013 46
2013 55
2013 66
2013 65
2013 62
2013 62
2013 62
2013 64
2013 60
2013 60
2013 58
2013 55
2013 53
2013 57
2013 57
2013 58
2013 58
2013 58
2013 58
2013 60
2013 61
2013 60
2013 60
2013 58
2013 58
2013 57
2013 56
2013 56
2013 56
2013 56
2013 59
2013 82
2013 90
2013 93
2013 90
2013 88
2013 88
2013 84
2013 90
2013 92
2013 98
2013 87
2013 93
2013 93
2013 93
2013 90
2013 90
2013 87
2013 84
2013 84
2013 73
2013 85
2013 82
2013 82
2013 87
2013 85
2013 85
2013 85
2013 85
2013 85
2013 106
2013 102
2013 102
2013 100
2013 100
2013 87
2013 102
2013 102
2013 95
2013 99
2013 106
2013 107
2013 124
2013 124
2013 120
2013 116
2013 111
2013 110
2013 106
2013 103
2013 103
2013 101
2013 100
2013 102
2013 101
2013 101
2013 102
2013 98
2013 105
2013 102
2013 120
2013 121
2013 93
2013 93
2013 122
2013 140
2013 136
2013 134
2013 131
2013 129
2013 125
2013 129
2013 131
2013 138
2013 136
2013 143
2013 140
2013 169
2013 160
2013 159
2013 155
2013 150
2013 151
2013 156
2013 154
2013 150
2013 150
2013 109
2013 145
2013 142
2013 102
2013 135
2013 126
2013 114
2013 110
2013 102
2013 96
2013 73
2013 76
2013 78
2013 71
2013 67
2013 63
2013 56
2013 51
2013 46
2013 41
2013 36
2013 32
2013 29
2013 25
2013 17
2013 12
2013 15
2013 14
2013 13
2013 5
2013 9
2013 8
2013 8
2013 7
2013 3
2013 5
2013 3
2013 4
2013 3
2013 2
2013 1
2013 2
2013 NA
2013 NA
2013 NA
2013 NA
2013 NA
2013 NA
2013 NA
2013 NA
2013 NA
2013 NA
2013 NA
2013 NA
2013 NA
2013 NA
2013 NA
2013 NA
2013 NA
2013 NA
2013 NA
2013 NA
2013 NA
2013 NA
2013 NA
2013 NA
2013 NA
2013 NA
2013 NA
2013 NA
2013 NA
2013 NA
2013 NA
2013 NA
2013 NA
2013 NA
2013 NA
2013 NA
2013 NA
2013 NA
2013 NA
2013 NA
2013 NA
2013 NA
2013 NA
2013 NA
2013 NA
2013 NA
2013 NA
2013 NA
2013 NA
2013 NA
2013 NA
2013 NA
2013 NA
2013 NA
2013 NA
2013 NA
2013 NA
2013 NA
2013 NA
2013 NA
2013 NA
2013 NA
2013 NA
2013 NA
2013 NA
2013 NA
2013 NA
2013 NA
2013 NA
2013 NA
2013 NA
2013 NA
2013 NA
2013 NA
2013 NA
2013 NA
2013 NA
2013 NA
2013 NA
2013 NA
2013 NA
2013 NA
2013 NA
2013 NA
2013 NA
2013 NA
2013 NA
2013 NA
2013 NA
2013 NA
2013 NA
2013 NA
2013 NA
2013 NA
2013 NA
2013 NA
2013 NA
2013 NA
2013 NA
2013 NA
2013 NA
2013 NA
2014 NA
2014 NA
2014 NA
2014 NA
2014 NA
2014 NA
2014 NA
2014 NA
2014 NA
2014 NA
2014 NA
2014 NA
2014 NA
2014 NA
2014 NA
2014 NA
2014 NA
2014 NA
2014 NA
2014 NA
2014 NA
2014 NA
2014 NA
2014 NA
2014 NA
2014 NA
2014 NA
2014 NA
2014 NA
2014 NA
2014 NA
2014 NA
2014 NA
2014 NA
2014 NA
2014 NA
2014 NA
2014 NA
2014 NA
2014 NA
2014 NA
2014 NA
2014 NA
2014 NA
2014 NA
2014 NA
2014 NA
2014 NA
2014 NA
2014 NA
2014 NA
2014 NA
2014 NA
2014 NA
2014 NA
2014 NA
2014 NA
2014 NA
2014 NA
2014 NA
2014 NA
2014 NA
2014 0
2014 0
2014 0
2014 1
2014 2
2014 1
2014 1
2014 1
2014 5
2014 3
2014 3
2014 1
2014 0
2014 19
2014 27
2014 19
2014 14
2014 13
2014 27
2014 28
2014 51
2014 54
2014 63
2014 57
2014 53
2014 46
2014 46
2014 45
2014 43
2014 35
2014 34
2014 34
2014 33
2014 31
2014 36
2014 35
2014 35
2014 35
2014 35
2014 34
2014 34
2014 31
2014 34
2014 40
2014 37
2014 36
2014 35
2014 35
2014 36
2014 36
2014 36
2014 36
2014 36
2014 36
2014 87
2014 104
2014 119
2014 116
2014 108
2014 108
2014 108
2014 106
2014 106
2014 105
2014 126
2014 131
2014 127
2014 122
2014 120
2014 118
2014 116
2014 115
2014 113
2014 126
2014 134
2014 130
2014 128
2014 130
2014 150
2014 152
2014 148
2014 141
2014 140
2014 140
2014 134
2014 132
2014 132
2014 138
2014 137
2014 132
2014 169
2014 168
2014 176
2014 208
2014 213
2014 220
2014 222
2014 201
2014 203
2014 204
2014 198
2014 206
2014 207
2014 203
2014 203
2014 201
2014 192
2014 213
2014 208
2014 203
2014 197
2014 196
2014 193
2014 190
2014 190
2014 189
2014 185
2014 198
2014 190
2014 188
2014 203
2014 203
2014 201
2014 196
2014 196
2014 195
2014 192
2014 183
2014 180
2014 178
2014 175
2014 173
2014 168
2014 164
2014 162
2014 153
2014 144
2014 136
2014 133
2014 130
2014 124
2014 130
2014 142
2014 140
2014 142
2014 139
2014 135
2014 134
2014 132
2014 125
2014 121
2014 112
2014 107
2014 105
2014 104
2014 102
2014 100
2014 92
2014 87
2014 86
2014 85
2014 81
2014 78
2014 75
2014 68
2014 67
2014 67
2014 64
2014 79
2014 70
2014 67
2014 67
2014 60
2014 57
2014 54
2014 58
2014 45
2014 42
2014 40
2014 38
2014 45
2014 32
2014 29
2014 28
2014 25
2014 35
2014 21
2014 18
2014 16
2014 15
2014 14
2014 14
2014 15
2014 13
2014 13
2014 21
2014 13
2014 13
2014 13
2014 13
2014 16
2014 NA
2014 NA
2014 NA
2014 NA
2014 NA
2014 NA
2014 NA
2014 NA
2014 NA
2014 NA
2014 NA
2014 NA
2014 NA
2014 NA
2014 NA
2014 NA
2014 NA
2014 NA
2014 NA
2014 NA
2014 NA
2014 NA
2014 NA
2014 NA
2014 NA
2014 NA
2014 NA
2014 NA
2014 NA
2014 NA
2014 NA
2014 NA
2014 NA
2014 NA
2014 NA
2014 NA
2014 NA
2014 NA
2014 NA
2014 NA
2014 NA
2014 NA
2014 NA
2014 NA
2014 NA
2014 NA
2014 NA
2014 NA
2014 NA
2014 NA
2014 NA
2014 NA
2014 NA
2014 NA
2014 NA
2014 NA
2014 NA
2014 NA
2014 NA
2014 NA
2014 NA
2014 NA
2014 NA
2014 NA
2014 NA
2014 NA
2014 NA
2014 NA
2014 NA
2014 NA
2014 NA
2014 NA
2014 NA
2014 NA
2014 NA
2014 NA
2014 NA
2014 NA
2014 NA
2014 NA
2014 NA
2014 NA
2014 NA
2014 NA
2014 NA
2014 NA
2014 NA
2014 NA
2014 NA
2014 NA
2014 NA
2014 NA
2014 NA
2014 NA
2014 NA
2014 NA
2014 NA
2014 NA
2014 NA
2014 NA
2014 NA
2014 NA
2015 NA
2015 NA
2015 NA
2015 NA
2015 NA
2015 NA
2015 NA
2015 NA
2015 NA
2015 NA
2015 NA
2015 NA
2015 NA
2015 NA
2015 NA
2015 NA
2015 NA
2015 NA
2015 NA
2015 NA
2015 NA
2015 NA
2015 NA
2015 NA
2015 NA
2015 NA
2015 NA
2015 NA
2015 NA
2015 NA
2015 NA
2015 NA
2015 NA
2015 NA
2015 NA
2015 NA
2015 NA
2015 NA
2015 NA
2015 NA
2015 NA
2015 NA
2015 NA
2015 NA
2015 NA
2015 NA
2015 NA
2015 NA
2015 NA
2015 NA
2015 NA
2015 NA
2015 NA
2015 NA
2015 NA
2015 NA
2015 NA
2015 NA
2015 NA
2015 NA
2015 NA
2015 NA
2015 0
2015 0
2015 0
2015 3
2015 4
2015 1
2015 4
2015 3
2015 3
2015 3
2015 0
2015 2
2015 1
2015 1
2015 10
2015 7
2015 24
2015 20
2015 19
2015 15
2015 13
2015 13
2015 12
2015 11
2015 10
2015 3
2015 5
2015 5
2015 4
2015 5
2015 4
2015 6
2015 13
2015 13
2015 12
2015 15
2015 14
2015 16
2015 18
2015 18
2015 17
2015 14
2015 13
2015 14
2015 17
2015 20
2015 20
2015 19
2015 18
2015 17
2015 17
2015 17
2015 16
2015 16
2015 16
2015 15
2015 21
2015 20
2015 19
2015 19
2015 5
2015 5
2015 4
2015 4
2015 4
2015 3
2015 3
2015 3
2015 2
2015 1
2015 1
2015 1
2015 1
2015 1
2015 3
2015 3
2015 32
2015 32
2015 32
2015 28
2015 28
2015 32
2015 32
2015 30
2015 29
2015 26
2015 26
2015 26
2015 25
2015 27
2015 25
2015 25
2015 25
2015 25
2015 25
2015 27
2015 46
2015 57
2015 50
2015 48
2015 46
2015 43
2015 37
2015 36
2015 36
2015 39
2015 40
2015 39
2015 38
2015 36
2015 35
2015 35
2015 45
2015 45
2015 48
2015 56
2015 55
2015 56
2015 54
2015 53
2015 51
2015 51
2015 50
2015 48
2015 48
2015 47
2015 46
2015 45
2015 43
2015 42
2015 42
2015 40
2015 40
2015 40
2015 44
2015 50
2015 48
2015 44
2015 40
2015 37
2015 42
2015 40
2015 40
2015 40
2015 54
2015 47
2015 45
2015 44
2015 41
2015 41
2015 39
2015 39
2015 39
2015 39
2015 41
2015 39
2015 39
2015 39
2015 37
2015 31
2015 26
2015 24
2015 22
2015 18
2015 9
2015 5
2015 0
2015 8
2015 7
2015 7
2015 15
2015 6
2015 6
2015 6
2015 5
2015 9
2015 4
2015 4
2015 4
2015 6
2015 7
2015 3
2015 3
2015 3
2015 3
2015 3
2015 1
2015 0
2015 0
2015 0
2015 1
2015 0
2015 0
2015 0
2015 0
2015 0
2015 0
2015 0
2015 0
2015 0
2015 6
2015 NA
2015 NA
2015 NA
2015 NA
2015 NA
2015 NA
2015 NA
2015 NA
2015 NA
2015 NA
2015 NA
2015 NA
2015 NA
2015 NA
2015 NA
2015 NA
2015 NA
2015 NA
2015 NA
2015 NA
2015 NA
2015 NA
2015 NA
2015 NA
2015 NA
2015 NA
2015 NA
2015 NA
2015 NA
2015 NA
2015 NA
2015 NA
2015 NA
2015 NA
2015 NA
2015 NA
2015 NA
2015 NA
2015 NA
2015 NA
2015 NA
2015 NA
2015 NA
2015 NA
2015 NA
2015 NA
2015 NA
2015 NA
2015 NA
2015 NA
2015 NA
2015 NA
2015 NA
2015 NA
2015 NA
2015 NA
2015 NA
2015 NA
2015 NA
2015 NA
2015 NA
2015 NA
2015 NA
2015 NA
2015 NA
2015 NA
2015 NA
2015 NA
2015 NA
2015 NA
2015 NA
2015 NA
2015 NA
2015 NA
2015 NA
2015 NA
2015 NA
2015 NA
2015 NA
2015 NA
2015 NA
2015 NA
2015 NA
2015 NA
2015 NA
2015 NA
2015 NA
2015 NA
2015 NA
2015 NA
2015 NA
2015 NA
2015 NA
2015 NA
2015 NA
2015 NA
2015 NA
2015 NA
2015 NA
2015 NA
2015 NA
2015 NA
2016 NA
2016 NA
2016 NA
2016 NA
2016 NA
2016 NA
2016 NA
2016 NA
2016 NA
2016 NA
2016 NA
2016 NA
2016 NA
2016 NA
2016 NA
2016 NA
2016 NA
2016 NA
2016 NA
2016 NA
2016 NA
2016 NA
2016 NA
2016 NA
2016 NA
2016 NA
2016 NA
2016 NA
2016 NA
2016 NA
2016 NA
2016 NA
2016 NA
2016 NA
2016 NA
2016 NA
2016 NA
2016 NA
2016 NA
2016 NA
2016 NA
2016 NA
2016 NA
2016 NA
2016 NA
2016 NA
2016 NA
2016 NA
2016 NA
2016 NA
2016 NA
2016 NA
2016 NA
2016 NA
2016 NA
2016 NA
2016 NA
2016 NA
2016 NA
2016 NA
2016 NA
2016 NA
2016 0
2016 0
2016 0
2016 0
2016 0
2016 0
2016 0
2016 0
2016 0
2016 0
2016 0
2016 0
2016 0
2016 0
2016 0
2016 0
2016 0
2016 0
2016 0
2016 0
2016 0
2016 0
2016 0
2016 0
2016 2
2016 1
2016 1
2016 0
2016 0
2016 0
2016 0
2016 0
2016 1
2016 1
2016 1
2016 1
2016 1
2016 0
2016 1
2016 1
2016 1
2016 1
2016 1
2016 0
2016 0
2016 1
2016 1
2016 1
2016 1
2016 0
2016 0
2016 0
2016 1
2016 1
2016 1
2016 1
2016 1
2016 0
2016 0
2016 0
2016 0
2016 0
2016 2
2016 3
2016 3
2016 7
2016 3
2016 3
2016 3
2016 5
2016 7
2016 9
2016 17
2016 17
2016 15
2016 15
2016 14
2016 13
2016 13
2016 13
2016 13
2016 13
2016 13
2016 13
2016 13
2016 11
2016 11
2016 10
2016 8
2016 7
2016 5
2016 3
2016 1
2016 0
2016 8
2016 8
2016 6
2016 5
2016 16
2016 13
2016 17
2016 15
2016 15
2016 18
2016 16
2016 23
2016 23
2016 38
2016 40
2016 34
2016 34
2016 32
2016 24
2016 20
2016 19
2016 20
2016 20
2016 22
2016 37
2016 50
2016 50
2016 48
2016 45
2016 44
2016 45
2016 83
2016 79
2016 81
2016 78
2016 75
2016 68
2016 66
2016 65
2016 65
2016 65
2016 76
2016 70
2016 65
2016 61
2016 57
2016 53
2016 53
2016 50
2016 50
2016 48
2016 48
2016 46
2016 44
2016 44
2016 41
2016 38
2016 35
2016 30
2016 28
2016 24
2016 32
2016 19
2016 11
2016 8
2016 28
2016 17
2016 18
2016 15
2016 12
2016 13
2016 3
2016 3
2016 9
2016 10
2016 13
2016 10
2016 14
2016 9
2016 9
2016 8
2016 8
2016 9
2016 20
2016 15
2016 11
2016 8
2016 16
2016 14
2016 7
2016 7
2016 6
2016 6
2016 5
2016 4
2016 4
2016 4
2016 4
2016 5
2016 4
2016 3
2016 3
2016 3
2016 3
2016 2
2016 4
2016 5
2016 1
2016 NA
2016 NA
2016 NA
2016 NA
2016 NA
2016 NA
2016 NA
2016 NA
2016 NA
2016 NA
2016 NA
2016 NA
2016 NA
2016 NA
2016 NA
2016 NA
2016 NA
2016 NA
2016 NA
2016 NA
2016 NA
2016 NA
2016 NA
2016 NA
2016 NA
2016 NA
2016 NA
2016 NA
2016 NA
2016 NA
2016 NA
2016 NA
2016 NA
2016 NA
2016 NA
2016 NA
2016 NA
2016 NA
2016 NA
2016 NA
2016 NA
2016 NA
2016 NA
2016 NA
2016 NA
2016 NA
2016 NA
2016 NA
2016 NA
2016 NA
2016 NA
2016 NA
2016 NA
2016 NA
2016 NA
2016 NA
2016 NA
2016 NA
2016 NA
2016 NA
2016 NA
2016 NA
2016 NA
2016 NA
2016 NA
2016 NA
2016 NA
2016 NA
2016 NA
2016 NA
2016 NA
2016 NA
2016 NA
2016 NA
2016 NA
2016 NA
2016 NA
2016 NA
2016 NA
2016 NA
2016 NA
2016 NA
2016 NA
2016 NA
2016 NA
2016 NA
2016 NA
2016 NA
2016 NA
2016 NA
2016 NA
2016 NA
2016 NA
2016 NA
2016 NA
2016 NA
2016 NA
2016 NA
2016 NA
2016 NA
2016 NA
2016 NA
2017 NA
2017 NA
2017 NA
2017 NA
2017 NA
2017 NA
2017 NA
2017 NA
2017 NA
2017 NA
2017 NA
2017 NA
2017 NA
2017 NA
2017 NA
2017 NA
2017 NA
2017 NA
2017 NA
2017 NA
2017 NA
2017 NA
2017 NA
2017 NA
2017 NA
2017 NA
2017 NA
2017 NA
2017 NA
2017 NA
2017 NA
2017 NA
2017 NA
2017 NA
2017 NA
2017 NA
2017 NA
2017 NA
2017 NA
2017 NA
2017 NA
2017 NA
2017 NA
2017 NA
2017 NA
2017 NA
2017 NA
2017 NA
2017 NA
2017 NA
2017 NA
2017 NA
2017 NA
2017 NA
2017 NA
2017 NA
2017 NA
2017 NA
2017 NA
2017 NA
2017 NA
2017 NA
2017 NA
2017 NA
2017 0
2017 0
2017 6
2017 11
2017 11
2017 10
2017 10
2017 12
2017 11
2017 10
2017 9
2017 10
2017 9
2017 6
2017 6
2017 6
2017 8
2017 5
2017 4
2017 1
2017 3
2017 2
2017 1
2017 1
2017 1
2017 1
2017 1
2017 2
2017 2
2017 1
2017 1
2017 1
2017 1
2017 1
2017 0
2017 0
2017 0
2017 0
2017 0
2017 0
2017 0
2017 0
2017 0
2017 0
2017 0
2017 0
2017 0
2017 0
2017 0
2017 0
2017 0
2017 0
2017 0
2017 0
2017 0
2017 0
2017 0
2017 0
2017 0
2017 0
2017 0
2017 0
2017 3
2017 3
2017 2
2017 2
2017 2
2017 2
2017 3
2017 3
2017 3
2017 7
2017 7
2017 7
2017 7
2017 7
2017 6
2017 3
2017 2
2017 2
2017 3
2017 3
2017 0
2017 1
2017 1
2017 1
2017 3
2017 3
2017 4
2017 3
2017 5
2017 7
2017 12
2017 23
2017 27
2017 25
2017 25
2017 25
2017 24
2017 30
2017 27
2017 25
2017 23
2017 21
2017 19
2017 16
2017 16
2017 16
2017 16
2017 16
2017 16
2017 10
2017 9
2017 9
2017 9
2017 9
2017 9
2017 18
2017 16
2017 8
2017 6
2017 21
2017 26
2017 25
2017 24
2017 24
2017 20
2017 20
2017 18
2017 16
2017 12
2017 10
2017 5
2017 3
2017 24
2017 22
2017 22
2017 0
2017 0
2017 0
2017 15
2017 0
2017 0
2017 1
2017 0
2017 0
2017 0
2017 0
2017 0
2017 0
2017 0
2017 1
2017 12
2017 6
2017 0
2017 0
2017 0
2017 0
2017 0
2017 0
2017 0
2017 0
2017 0
2017 2
2017 2
2017 3
2017 2
2017 0
2017 2
2017 2
2017 2
2017 2
2017 2
2017 5
2017 16
2017 20
2017 20
2017 12
2017 7
2017 23
2017 21
2017 15
2017 13
2017 7
2017 7
2017 6
2017 6
2017 2
2017 2
2017 1
2017 1
2017 1
2017 0
2017 1
2017 1
2017 1
2017 1
2017 NA
2017 NA
2017 NA
2017 NA
2017 NA
2017 NA
2017 NA
2017 NA
2017 NA
2017 NA
2017 NA
2017 NA
2017 NA
2017 NA
2017 NA
2017 NA
2017 NA
2017 NA
2017 NA
2017 NA
2017 NA
2017 NA
2017 NA
2017 NA
2017 NA
2017 NA
2017 NA
2017 NA
2017 NA
2017 NA
2017 NA
2017 NA
2017 NA
2017 NA
2017 NA
2017 NA
2017 NA
2017 NA
2017 NA
2017 NA
2017 NA
2017 NA
2017 NA
2017 NA
2017 NA
2017 NA
2017 NA
2017 NA
2017 NA
2017 NA
2017 NA
2017 NA
2017 NA
2017 NA
2017 NA
2017 NA
2017 NA
2017 NA
2017 NA
2017 NA
2017 NA
2017 NA
2017 NA
2017 NA
2017 NA
2017 NA
2017 NA
2017 NA
2017 NA
2017 NA
2017 NA
2017 NA
2017 NA
2017 NA
2017 NA
2017 NA
2017 NA
2017 NA
2017 NA
2017 NA
2017 NA
2017 NA
2017 NA
2017 NA
2017 NA
2017 NA
2017 NA
2017 NA
2017 NA
2017 NA
2017 NA
2017 NA
2017 NA
2017 NA
2017 NA
2017 NA
2017 NA
2017 NA
2017 NA
2017 NA
2017 NA
2017 NA
2017 NA
2017 NA
2018 NA
2018 NA
2018 NA
2018 NA
2018 NA
2018 NA
2018 NA
2018 NA
2018 NA
2018 NA
2018 NA
2018 NA
2018 NA
2018 NA
2018 NA
2018 NA
2018 NA
2018 NA
2018 NA
2018 NA
2018 NA
2018 NA
2018 NA
2018 NA
2018 NA
2018 NA
2018 NA
2018 NA
2018 NA
2018 NA
2018 NA
2018 NA
2018 NA
2018 NA
2018 NA
2018 NA
2018 NA
2018 NA
2018 NA
2018 NA
2018 NA
2018 NA
2018 NA
2018 NA
2018 NA
2018 NA
2018 NA
2018 NA
2018 NA
2018 NA
2018 NA
2018 NA
2018 NA
2018 NA
2018 NA
2018 NA
2018 NA
2018 NA
2018 NA
2018 NA
2018 NA
2018 NA
2018 NA
2018 NA
2018 NA
2018 0
2018 29
2018 27
2018 28
2018 27
2018 26
2018 23
2018 22
2018 25
2018 24
2018 23
2018 23
2018 21
2018 21
2018 21
2018 21
2018 20
2018 19
2018 18
2018 18
2018 18
2018 20
2018 20
2018 17
2018 26
2018 38
2018 38
2018 31
2018 36
2018 30
2018 30
2018 30
2018 29
2018 29
2018 28
2018 30
2018 47
2018 64
2018 68
2018 68
2018 68
2018 68
2018 67
2018 66
2018 66
2018 66
2018 66
2018 66
2018 65
2018 65
2018 64
2018 64
2018 75
2018 100
2018 95
2018 97
2018 91
2018 93
2018 88
2018 88
2018 90
2018 88
2018 87
2018 86
2018 86
2018 101
2018 103
2018 99
2018 103
2018 103
2018 103
2018 103
2018 103
2018 100
2018 99
2018 97
2018 96
2018 100
2018 100
2018 101
2018 90
2018 95
2018 94
2018 94
2018 93
2018 92
2018 89
2018 88
2018 88
2018 92
2018 94
2018 92
2018 91
2018 91
2018 92
2018 92
2018 92
2018 92
2018 92
2018 93
2018 92
2018 92
2018 92
2018 89
2018 87
2018 92
2018 92
2018 91
2018 92
2018 94
2018 95
2018 96
2018 91
2018 99
2018 95
2018 95
2018 95
2018 95
2018 96
2018 96
2018 96
2018 101
2018 103
2018 108
2018 107
2018 104
2018 103
2018 115
2018 111
2018 107
2018 106
2018 112
2018 110
2018 115
2018 122
2018 124
2018 124
2018 115
2018 114
2018 113
2018 113
2018 111
2018 108
2018 103
2018 103
2018 114
2018 126
2018 132
2018 129
2018 120
2018 123
2018 121
2018 115
2018 110
2018 105
2018 100
2018 100
2018 98
2018 105
2018 115
2018 107
2018 100
2018 93
2018 86
2018 74
2018 69
2018 64
2018 59
2018 60
2018 51
2018 37
2018 31
2018 25
2018 28
2018 23
2018 10
2018 7
2018 14
2018 14
2018 20
2018 12
2018 16
2018 16
2018 10
2018 14
2018 8
2018 9
2018 7
2018 7
2018 9
2018 6
2018 6
2018 5
2018 5
2018 6
2018 NA
2018 NA
2018 NA
2018 NA
2018 NA
2018 NA
2018 NA
2018 NA
2018 NA
2018 NA
2018 NA
2018 NA
2018 NA
2018 NA
2018 NA
2018 NA
2018 NA
2018 NA
2018 NA
2018 NA
2018 NA
2018 NA
2018 NA
2018 NA
2018 NA
2018 NA
2018 NA
2018 NA
2018 NA
2018 NA
2018 NA
2018 NA
2018 NA
2018 NA
2018 NA
2018 NA
2018 NA
2018 NA
2018 NA
2018 NA
2018 NA
2018 NA
2018 NA
2018 NA
2018 NA
2018 NA
2018 NA
2018 NA
2018 NA
2018 NA
2018 NA
2018 NA
2018 NA
2018 NA
2018 NA
2018 NA
2018 NA
2018 NA
2018 NA
2018 NA
2018 NA
2018 NA
2018 NA
2018 NA
2018 NA
2018 NA
2018 NA
2018 NA
2018 NA
2018 NA
2018 NA
2018 NA
2018 NA
2018 NA
2018 NA
2018 NA
2018 NA
2018 NA
2018 NA
2018 NA
2018 NA
2018 NA
2018 NA
2018 NA
2018 NA
2018 NA
2018 NA
2018 NA
2018 NA
2018 NA
2018 NA
2018 NA
2018 NA
2018 NA
2018 NA
2018 NA
2018 NA
2018 NA
2018 NA
2018 NA
2018 NA
2018 NA
2018 NA
2018 NA
2018 NA
2019 NA
2019 NA
2019 NA
2019 NA
2019 NA
2019 NA
2019 NA
2019 NA
2019 NA
2019 NA
2019 NA
2019 NA
2019 NA
2019 NA
2019 NA
2019 NA
2019 NA
2019 NA
2019 NA
2019 NA
2019 NA
2019 NA
2019 NA
2019 NA
2019 NA
2019 NA
2019 NA
2019 NA
2019 NA
2019 NA
2019 NA
2019 NA
2019 NA
2019 NA
2019 NA
2019 NA
2019 NA
2019 NA
2019 NA
2019 NA
2019 NA
2019 NA
2019 NA
2019 NA
2019 NA
2019 NA
2019 NA
2019 NA
2019 NA
2019 NA
2019 NA
2019 NA
2019 NA
2019 NA
2019 NA
2019 NA
2019 NA
2019 NA
2019 NA
2019 NA
2019 NA
2019 NA
2019 NA
2019 NA
2019 NA
2019 NA
2019 NA
2019 1
2019 0
2019 1
2019 0
2019 0
2019 0
2019 0
2019 0
2019 2
2019 0
2019 0
2019 0
2019 2
2019 13
2019 10
2019 9
2019 7
2019 23
2019 18
2019 13
2019 16
2019 15
2019 14
2019 13
2019 12
2019 12
2019 13
2019 14
2019 14
2019 15
2019 9
2019 15
2019 15
2019 16
2019 16
2019 16
2019 16
2019 16
2019 15
2019 15
2019 15
2019 15
2019 14
2019 16
2019 17
2019 20
2019 20
2019 20
2019 17
2019 12
2019 17
2019 16
2019 16
2019 15
2019 13
2019 13
2019 13
2019 11
2019 10
2019 10
2019 10
2019 10
2019 10
2019 10
2019 9
2019 9
2019 9
2019 10
2019 16
2019 17
2019 17
2019 17
2019 20
2019 19
2019 18
2019 17
2019 17
2019 18
2019 20
2019 20
2019 20
2019 18
2019 27
2019 20
2019 20
2019 27
2019 30
2019 90
2019 80
2019 80
2019 73
2019 73
2019 71
2019 71
2019 70
2019 70
2019 70
2019 64
2019 63
2019 63
2019 62
2019 60
2019 59
2019 55
2019 54
2019 54
2019 53
2019 51
2019 51
2019 51
2019 50
2019 47
2019 47
2019 45
2019 42
2019 42
2019 42
2019 40
2019 40
2019 40
2019 40
2019 60
2019 60
2019 50
2019 47
2019 46
2019 46
2019 46
2019 50
2019 47
2019 45
2019 42
2019 40
2019 40
2019 40
2019 42
2019 41
2019 32
2019 37
2019 36
2019 29
2019 27
2019 24
2019 21
2019 18
2019 15
2019 30
2019 16
2019 52
2019 119
2019 94
2019 83
2019 68
2019 67
2019 77
2019 67
2019 58
2019 54
2019 60
2019 60
2019 59
2019 57
2019 48
2019 44
2019 50
2019 43
2019 40
2019 38
2019 36
2019 34
2019 28
2019 29
2019 30
2019 41
2019 34
2019 24
2019 34
2019 21
2019 32
2019 40
2019 38
2019 32
2019 8
2019 28
2019 23
2019 36
2019 38
2019 24
2019 35
2019 34
2019 32
2019 31
2019 NA
2019 NA
2019 NA
2019 NA
2019 NA
2019 NA
2019 NA
2019 NA
2019 NA
2019 NA
2019 NA
2019 NA
2019 NA
2019 NA
2019 NA
2019 NA
2019 NA
2019 NA
2019 NA
2019 NA
2019 NA
2019 NA
2019 NA
2019 NA
2019 NA
2019 NA
2019 NA
2019 NA
2019 NA
2019 NA
2019 NA
2019 NA
2019 NA
2019 NA
2019 NA
2019 NA
2019 NA
2019 NA
2019 NA
2019 NA
2019 NA
2019 NA
2019 NA
2019 NA
2019 NA
2019 NA
2019 NA
2019 NA
2019 NA
2019 NA
2019 NA
2019 NA
2019 NA
2019 NA
2019 NA
2019 NA
2019 NA
2019 NA
2019 NA
2019 NA
2019 NA
2019 NA
2019 NA
2019 NA
2019 NA
2019 NA
2019 NA
2019 NA
2019 NA
2019 NA
2019 NA
2019 NA
2019 NA
2019 NA
2019 NA
2019 NA
2019 NA
2019 NA
2019 NA
2019 NA
2019 NA
2019 NA
2019 NA
2019 NA
2019 NA
2019 NA
2019 NA
2019 NA
2019 NA
2019 NA
2019 NA
2019 NA
2019 NA
2019 NA
2019 NA
2019 NA
2019 NA
2019 NA
2019 NA
2019 NA
2019 NA
2019 NA
2019 NA
2019 NA
2019 NA
2019 NA
2020 NA
2020 NA
2020 NA
2020 NA
2020 NA
2020 NA
2020 NA
2020 NA
2020 NA
2020 NA
2020 NA
2020 NA
2020 NA
2020 NA
2020 NA
2020 NA
2020 NA
2020 NA
2020 NA
2020 NA
2020 NA
2020 NA
2020 NA
2020 NA
2020 NA
2020 NA
2020 NA
2020 NA
2020 NA
2020 NA
2020 NA
2020 NA
2020 NA
2020 NA
2020 NA
2020 NA
2020 NA
2020 NA
2020 NA
2020 NA
2020 NA
2020 NA
2020 NA
2020 NA
2020 NA
2020 NA
2020 NA
2020 NA
2020 NA
2020 NA
2020 NA
2020 NA
2020 NA
2020 NA
2020 NA
2020 NA
2020 NA
2020 NA
2020 NA
2020 NA
2020 NA
2020 NA
2020 NA
2020 NA
2020 NA
2020 NA
2020 NA
2020 NA
2020 NA
2020 44
2020 39
2020 36
2020 48
2020 68
2020 61
2020 78
2020 102
2020 114
2020 97
2020 114
2020 117
2020 107
2020 106
2020 115
2020 126
2020 117
2020 109
2020 106
2020 105
2020 103
2020 91
2020 91
2020 100
2020 99
2020 93
2020 96
2020 95
2020 94
2020 93
2020 93
2020 93
2020 91
2020 93
2020 94
2020 94
2020 89
2020 89
2020 89
2020 89
2020 83
2020 82
2020 90
2020 105
2020 103
2020 98
2020 98
2020 95
2020 95
2020 93
2020 90
2020 86
2020 98
2020 86
2020 84
2020 84
2020 84
2020 83
2020 81
2020 83
2020 83
2020 81
2020 81
2020 80
2020 80
2020 80
2020 79
2020 79
2020 79
2020 78
2020 79
2020 84
2020 84
2020 84
2020 84
2020 92
2020 82
2020 82
2020 85
2020 84
2020 84
2020 85
2020 85
2020 85
2020 83
2020 83
2020 81
2020 80
2020 77
2020 77
2020 73
2020 73
2020 73
2020 73
2020 73
2020 81
2020 80
2020 82
2020 80
2020 79
2020 NA
2020 NA
2020 NA
2020 NA
2020 NA
2020 NA
2020 NA
2020 NA
2020 NA
2020 NA
2020 NA
2020 NA
2020 NA
2020 NA
2020 NA
2020 NA
2020 NA
2020 NA
2020 NA
2020 NA
2020 NA
2020 NA
2020 NA
2020 NA
2020 NA
2020 NA
2020 NA
2020 NA
2020 NA
2020 NA
2020 NA
2020 NA
2020 NA
2020 NA
2020 NA
2020 NA
2020 NA
2020 NA
2020 NA
2020 NA
2020 NA
2020 NA
2020 NA
2020 NA
2020 NA
2020 NA
2020 NA
2020 NA
2020 NA
2020 NA
2020 NA
2020 NA
2020 NA
2020 NA
2020 NA
2020 NA
2020 NA
2020 NA
2020 NA
2020 NA
2020 NA
2020 NA
2020 NA
2020 NA
2020 NA
2020 NA
2020 NA
2020 NA
2020 NA
2020 NA
2020 NA
2020 NA
2020 NA
2020 NA
2020 NA
2020 NA
2020 NA
2020 NA
2020 NA
2020 NA
2020 NA
2020 NA
2020 NA
2020 NA
2020 NA
2020 NA
2020 NA
2020 NA
2020 NA
2020 NA
2020 NA
2020 NA
2020 NA
2020 NA
2020 NA
2020 NA
2020 NA
2020 NA
2020 NA
2020 NA
2020 NA
2020 NA
2020 NA
2020 NA
2020 NA
2020 NA
2020 NA
2020 NA
2020 NA
2020 NA
2020 NA
2020 NA
2020 NA
2020 NA
2020 NA
2020 NA
2020 NA
2020 NA
2020 NA
2020 NA
2020 NA
2020 NA
2020 NA
2020 NA
2020 NA
2020 NA
2020 NA
2020 NA
2020 NA
2020 NA
2020 NA
2020 NA
2020 NA
2020 NA
2020 NA
2020 NA
2020 NA
2020 NA
2020 NA
2020 NA
2020 NA
2020 NA
2020 NA
2020 NA
2020 NA
2020 NA
2020 NA
2020 NA
2020 NA
2020 NA
2020 NA
2020 NA
2020 NA
2020 NA
2020 NA
2020 NA
2020 NA
2020 NA
2020 NA
2020 NA
2020 NA
2020 NA
2020 NA
2020 NA
2020 NA
2020 NA
2020 NA
2020 NA
2020 NA
2020 NA
2020 NA
2020 NA
2020 NA
2020 NA
2020 NA
2020 NA
2020 NA
2020 NA
2020 NA
2020 NA
2020 NA
2020 NA
2020 NA
2020 NA
2020 NA
2020 NA
2020 NA
2020 NA
2020 NA
2020 NA
2020 NA
2020 NA
2020 NA
2020 NA
2020 NA
2020 NA
2020 NA
