2019 12.5901639344262
2019 11.5901639344262
2019 -4.40983606557377
2019 11.5901639344262
2019 5.59016393442623
2019 -10.4098360655738
2019 -7.40983606557377
2019 9.59016393442623
2019 12.5901639344262
2019 9.59016393442623
2019 -4.40983606557377
2019 -3.40983606557377
2019 2.59016393442623
2019 -7.40983606557377
2019 5.59016393442623
2019 9.59016393442623
2019 12.5901639344262
2019 -2.40983606557377
2019 1.59016393442623
2019 0.590163934426229
2019 5.59016393442623
2019 -3.40983606557377
2019 -4.40983606557377
2019 3.59016393442623
2019 6.59016393442623
2019 -5.40983606557377
2019 -3.40983606557377
2019 NA
2019 NA
2019 NA
2019 -0.409836065573771
2019 -4.40983606557377
2019 1.59016393442623
2019 1.59016393442623
2019 7.59016393442623
2019 1.59016393442623
2019 -2.40983606557377
2019 -2.40983606557377
2019 -3.40983606557377
2019 -5.40983606557377
2019 -9.40983606557377
2019 -10.4098360655738
2019 -6.40983606557377
2019 -7.40983606557377
2019 -4.40983606557377
2019 -8.40983606557377
2019 -8.40983606557377
2019 -6.40983606557377
2019 -6.40983606557377
2019 -10.4098360655738
2019 -3.40983606557377
2019 -4.40983606557377
2019 -7.40983606557377
2019 -6.40983606557377
2019 -3.40983606557377
2019 -4.40983606557377
2019 -10.4098360655738
2019 0.590163934426229
2019 -5.40983606557377
2019 2.59016393442623
2019 -0.409836065573771
2019 9.59016393442623
2019 2.59016393442623
2019 -2.40983606557377
2019 -4.40983606557377
2019 NA
2019 -8.40983606557377
2019 -9.40983606557377
2019 -8.40983606557377
2019 -9.40983606557377
2019 -9.40983606557377
2019 -9.40983606557377
2019 -10.4098360655738
2019 -9.40983606557377
2019 -10.4098360655738
2019 -8.40983606557377
2019 -9.40983606557377
2019 -8.40983606557377
2019 -9.40983606557377
2019 -9.40983606557377
2019 -6.40983606557377
2019 -7.40983606557377
2019 -6.40983606557377
2019 -7.40983606557377
2019 -7.40983606557377
2019 -5.40983606557377
2019 -7.40983606557377
2019 -5.40983606557377
2019 -6.40983606557377
2019 -6.40983606557377
2019 -6.40983606557377
2019 -6.40983606557377
2019 -5.40983606557377
2019 -4.40983606557377
2019 -2.40983606557377
2019 -3.40983606557377
2019 2.59016393442623
2019 0.590163934426229
2019 4.59016393442623
2019 16.5901639344262
2019 29.5901639344262
2019 27.5901639344262
2019 23.5901639344262
2019 21.5901639344262
2019 20.5901639344262
2019 18.5901639344262
2019 18.5901639344262
2019 16.5901639344262
2019 17.5901639344262
2019 16.5901639344262
2019 19.5901639344262
2019 20.5901639344262
2019 20.5901639344262
2019 19.5901639344262
2019 32.5901639344262
2019 31.5901639344262
2019 29.5901639344262
2019 28.5901639344262
2019 27.5901639344262
2019 27.5901639344262
2019 44.5901639344262
2019 39.5901639344262
2019 36.5901639344262
2019 43.5901639344262
2019 36.5901639344262
2019 34.5901639344262
2019 35.5901639344262
2019 38.5901639344262
2019 31.5901639344262
2019 35.5901639344262
2019 41.5901639344262
2019 39.5901639344262
2019 37.5901639344262
2019 37.5901639344262
2019 52.5901639344262
2019 83.5901639344262
2019 77.5901639344262
2019 70.5901639344262
2019 66.5901639344262
2019 72.5901639344262
2019 68.5901639344262
2019 63.5901639344262
2019 62.5901639344262
2019 61.5901639344262
2019 65.5901639344262
2019 62.5901639344262
2019 61.5901639344262
2019 61.5901639344262
2019 58.5901639344262
2019 71.5901639344262
2019 68.5901639344262
2019 66.5901639344262
2019 69.5901639344262
2019 NA
2019 NA
2019 NA
2019 107.590163934426
2019 103.590163934426
2019 100.590163934426
2019 97.5901639344262
2019 93.5901639344262
2019 92.5901639344262
2019 89.5901639344262
2019 99.5901639344262
2019 95.5901639344262
2019 NA
2019 NA
2019 88.5901639344262
2019 87.5901639344262
2019 85.5901639344262
2019 84.5901639344262
2019 83.5901639344262
2019 82.5901639344262
2019 82.5901639344262
2019 81.5901639344262
2019 81.5901639344262
2019 79.5901639344262
2019 77.5901639344262
2019 77.5901639344262
2019 75.5901639344262
2019 74.5901639344262
2019 75.5901639344262
2019 73.5901639344262
2019 73.5901639344262
2019 79.5901639344262
2019 83.5901639344262
2019 82.5901639344262
2019 85.5901639344262
2019 86.5901639344262
2019 87.5901639344262
2019 84.5901639344262
2019 85.5901639344262
2019 90.5901639344262
2019 87.5901639344262
2019 90.5901639344262
2019 116.590163934426
2019 101.590163934426
2019 97.5901639344262
2019 105.590163934426
2019 102.590163934426
2019 100.590163934426
2019 98.5901639344262
2019 93.5901639344262
2019 92.5901639344262
2019 86.5901639344262
2019 86.5901639344262
2019 84.5901639344262
2019 83.5901639344262
2019 83.5901639344262
2019 81.5901639344262
2019 81.5901639344262
2019 77.5901639344262
2019 78.5901639344262
2019 72.5901639344262
2019 76.5901639344262
2019 82.5901639344262
2019 91.5901639344262
2019 83.5901639344262
2019 NA
2019 79.5901639344262
2019 80.5901639344262
2019 81.5901639344262
2019 79.5901639344262
2019 95.5901639344262
2019 88.5901639344262
2019 86.5901639344262
2019 82.5901639344262
2019 77.5901639344262
2019 79.5901639344262
2019 73.5901639344262
2019 73.5901639344262
2019 65.5901639344262
2019 61.5901639344262
2019 58.5901639344262
2019 53.5901639344262
2019 56.5901639344262
2019 49.5901639344262
2019 45.5901639344262
2019 49.5901639344262
2019 68.5901639344262
2019 64.5901639344262
2019 60.5901639344262
2019 56.5901639344262
2019 50.5901639344262
2019 50.5901639344262
2019 56.5901639344262
2019 75.5901639344262
2019 64.5901639344262
2019 59.5901639344262
2019 65.5901639344262
2019 60.5901639344262
2019 56.5901639344262
2019 54.5901639344262
2019 60.5901639344262
2019 57.5901639344262
2019 57.5901639344262
2019 56.5901639344262
2019 55.5901639344262
2019 55.5901639344262
2019 54.5901639344262
2019 49.5901639344262
2019 52.5901639344262
2019 55.5901639344262
2019 48.5901639344262
2019 41.5901639344262
2019 36.5901639344262
2019 32.5901639344262
2019 30.5901639344262
2019 29.5901639344262
2019 26.5901639344262
2019 NA
2019 NA
2019 13.5901639344262
2019 3.59016393442623
2019 -0.409836065573771
2019 -10.4098360655738
2019 -10.4098360655738
2019 -10.4098360655738
2019 -10.4098360655738
2019 -10.4098360655738
2019 -7.40983606557377
2019 NA
2019 -10.4098360655738
2019 -10.4098360655738
2019 -10.4098360655738
2019 NA
2019 -9.40983606557377
2019 -7.40983606557377
2019 NA
2019 -7.40983606557377
2019 -10.4098360655738
2019 -10.4098360655738
2019 -9.40983606557377
2019 -5.40983606557377
2019 -4.40983606557377
2019 -8.40983606557377
2019 -2.40983606557377
2019 -3.40983606557377
2019 -1.40983606557377
2019 0.590163934426229
2019 -0.409836065573771
2019 -1.40983606557377
2019 0.590163934426229
2019 2.59016393442623
2019 -1.40983606557377
2019 -6.40983606557377
2019 2.59016393442623
2019 0.590163934426229
2019 2.59016393442623
2019 -0.409836065573771
2019 2.59016393442623
2019 5.59016393442623
2019 2.59016393442623
2019 2.59016393442623
2019 0.590163934426229
2019 0.590163934426229
2019 3.59016393442623
2019 5.59016393442623
2019 6.59016393442623
2019 3.59016393442623
2019 3.59016393442623
2019 4.59016393442623
2019 5.59016393442623
2019 4.59016393442623
2019 6.59016393442623
2019 -3.40983606557377
2019 5.59016393442623
2019 6.59016393442623
2019 3.59016393442623
2019 -5.40983606557377
2019 -0.409836065573771
2019 -2.40983606557377
2019 6.59016393442623
2019 0.590163934426229
2019 -4.40983606557377
2019 -1.40983606557377
2019 0.590163934426229
2019 1.59016393442623
2019 2.59016393442623
2019 -8.40983606557377
2019 4.59016393442623
2019 0.590163934426229
2019 -2.40983606557377
2019 -1.40983606557377
2019 0.590163934426229
2019 -1.40983606557377
2019 -0.409836065573771
2019 -5.40983606557377
2019 -0.409836065573771
2019 -0.409836065573771
2019 -3.40983606557377
2019 -0.409836065573771
2019 -0.409836065573771
2019 -1.40983606557377
2019 1.59016393442623
2019 1.59016393442623
2019 0.590163934426229
2019 -10.4098360655738
2019 NA
2019 -6.40983606557377
2019 -2.40983606557377
2019 -5.40983606557377
2019 -10.4098360655738
2019 -10.4098360655738
2019 -7.40983606557377
2020 0.913793103448276
2020 4.91379310344828
2020 -2.08620689655172
2020 1.91379310344828
2020 -1.08620689655172
2020 -8.08620689655172
2020 -3.08620689655172
2020 -0.0862068965517242
2020 -8.08620689655172
2020 NA
2020 -5.08620689655172
2020 -4.08620689655172
2020 -0.0862068965517242
2020 -2.08620689655172
2020 -4.08620689655172
2020 -3.08620689655172
2020 -2.08620689655172
2020 NA
2020 NA
2020 NA
2020 NA
2020 NA
2020 -7.08620689655172
2020 3.91379310344828
2020 2.91379310344828
2020 -8.08620689655172
2020 NA
2020 NA
2020 -8.08620689655172
2020 NA
2020 NA
2020 -6.08620689655172
2020 -3.08620689655172
2020 -6.08620689655172
2020 -4.08620689655172
2020 -8.08620689655172
2020 -8.08620689655172
2020 -8.08620689655172
2020 -8.08620689655172
2020 -8.08620689655172
2020 -2.08620689655172
2020 -5.08620689655172
2020 -5.08620689655172
2020 -0.0862068965517242
2020 -8.08620689655172
2020 -4.08620689655172
2020 -3.08620689655172
2020 -6.08620689655172
2020 -5.08620689655172
2020 -6.08620689655172
2020 -8.08620689655172
2020 -6.08620689655172
2020 -6.08620689655172
2020 -1.08620689655172
2020 -3.08620689655172
2020 -7.08620689655172
2020 -8.08620689655172
2020 -8.08620689655172
2020 -8.08620689655172
2020 -1.08620689655172
2020 -3.08620689655172
2020 -3.08620689655172
2020 -8.08620689655172
2020 NA
2020 2.91379310344828
2020 3.91379310344828
2020 NA
2020 7.91379310344828
2020 25.9137931034483
2020 37.9137931034483
2020 28.9137931034483
2020 24.9137931034483
2020 32.9137931034483
2020 72.9137931034483
2020 61.9137931034483
2020 88.9137931034483
2020 92.9137931034483
2020 NA
2020 114.913793103448
2020 106.913793103448
2020 99.9137931034483
2020 95.9137931034483
2020 90.9137931034483
2020 86.9137931034483
2020 NA
2020 79.9137931034483
2020 78.9137931034483
2020 80.9137931034483
2020 78.9137931034483
2020 76.9137931034483
2020 75.9137931034483
2020 76.9137931034483
2020 79.9137931034483
2020 77.9137931034483
2020 75.9137931034483
2020 73.9137931034483
2020 NA
2020 71.9137931034483
2020 NA
2020 68.9137931034483
2020 68.9137931034483
2020 NA
2020 68.9137931034483
2020 74.9137931034483
2020 71.9137931034483
2020 NA
2020 NA
2020 NA
2020 NA
2020 NA
2020 NA
2020 91.9137931034483
2020 89.9137931034483
2020 88.9137931034483
2020 87.9137931034483
2020 107.913793103448
2020 100.913793103448
2020 99.9137931034483
2020 94.9137931034483
2020 91.9137931034483
2020 89.9137931034483
2020 86.9137931034483
2020 85.9137931034483
2020 83.9137931034483
2020 82.9137931034483
2020 83.9137931034483
2020 81.9137931034483
2020 80.9137931034483
2020 79.9137931034483
2020 78.9137931034483
2020 78.9137931034483
2020 78.9137931034483
2020 77.9137931034483
2020 77.9137931034483
2020 78.9137931034483
2020 NA
2020 77.9137931034483
2020 77.9137931034483
2020 77.9137931034483
2020 77.9137931034483
2020 77.9137931034483
2020 77.9137931034483
2020 75.9137931034483
2020 75.9137931034483
2020 75.9137931034483
2020 75.9137931034483
2020 76.9137931034483
2020 NA
2020 73.9137931034483
2020 78.9137931034483
2020 82.9137931034483
2020 82.9137931034483
2020 79.9137931034483
2020 80.9137931034483
2020 79.9137931034483
2020 73.9137931034483
2020 80.9137931034483
2020 80.9137931034483
2020 78.9137931034483
2020 77.9137931034483
2020 78.9137931034483
2020 79.9137931034483
2020 79.9137931034483
2020 86.9137931034483
2020 85.9137931034483
2020 84.9137931034483
2020 83.9137931034483
2020 83.9137931034483
2020 NA
2020 82.9137931034483
2020 81.9137931034483
2020 83.9137931034483
2020 84.9137931034483
2020 83.9137931034483
2020 82.9137931034483
2020 77.9137931034483
2020 76.9137931034483
2020 74.9137931034483
2020 81.9137931034483
2020 82.9137931034483
2020 78.9137931034483
2020 78.9137931034483
2020 85.9137931034483
2020 94.9137931034483
2020 104.913793103448
2020 100.913793103448
2020 NA
2020 107.913793103448
2020 106.913793103448
2020 104.913793103448
2020 103.913793103448
2020 105.913793103448
2020 99.9137931034483
2020 95.9137931034483
2020 93.9137931034483
2020 94.9137931034483
2020 93.9137931034483
2020 92.9137931034483
2020 92.9137931034483
2020 90.9137931034483
2020 89.9137931034483
2020 89.9137931034483
2020 89.9137931034483
2020 91.9137931034483
2020 91.9137931034483
2020 91.9137931034483
2020 90.9137931034483
2020 91.9137931034483
2020 90.9137931034483
2020 90.9137931034483
2020 89.9137931034483
2020 119.913793103448
2020 116.913793103448
2020 NA
2020 102.913793103448
2020 99.9137931034483
2020 NA
2020 95.9137931034483
2020 91.9137931034483
2020 89.9137931034483
2020 88.9137931034483
2020 83.9137931034483
2020 80.9137931034483
2020 77.9137931034483
2020 73.9137931034483
2020 71.9137931034483
2020 68.9137931034483
2020 68.9137931034483
2020 63.9137931034483
2020 59.9137931034483
2020 53.9137931034483
2020 43.9137931034483
2020 43.9137931034483
2020 40.9137931034483
2020 36.9137931034483
2020 32.9137931034483
2020 29.9137931034483
2020 24.9137931034483
2020 23.9137931034483
2020 17.9137931034483
2020 NA
2020 21.9137931034483
2020 15.9137931034483
2020 19.9137931034483
2020 19.9137931034483
2020 15.9137931034483
2020 15.9137931034483
2020 10.9137931034483
2020 9.91379310344828
2020 0.913793103448276
2020 -4.08620689655172
2020 NA
2020 -8.08620689655172
2020 NA
2020 NA
2020 -8.08620689655172
2020 -8.08620689655172
2020 -8.08620689655172
2020 -8.08620689655172
2020 -8.08620689655172
2020 NA
2020 -8.08620689655172
2020 -8.08620689655172
2020 -8.08620689655172
2020 -8.08620689655172
2020 -8.08620689655172
2020 -8.08620689655172
2020 -8.08620689655172
2020 -6.08620689655172
2020 -8.08620689655172
2020 -8.08620689655172
2020 -8.08620689655172
2020 -8.08620689655172
2020 -8.08620689655172
2020 -8.08620689655172
2020 -5.08620689655172
2020 -5.08620689655172
2020 -8.08620689655172
2020 NA
2020 -7.08620689655172
2020 -7.08620689655172
2020 -8.08620689655172
2020 -8.08620689655172
2020 -1.08620689655172
2020 -8.08620689655172
2020 NA
2020 -5.08620689655172
2020 -3.08620689655172
2020 NA
2020 -7.08620689655172
2020 NA
2020 -3.08620689655172
2020 -8.08620689655172
2020 -2.08620689655172
2020 -6.08620689655172
2020 -0.0862068965517242
2020 0.913793103448276
2020 -1.08620689655172
2020 -2.08620689655172
2020 -2.08620689655172
2020 NA
2020 -0.0862068965517242
2020 -3.08620689655172
2020 1.91379310344828
2020 -3.08620689655172
2020 -8.08620689655172
2020 -0.0862068965517242
2020 8.91379310344828
2020 NA
2020 NA
2020 7.91379310344828
2020 -2.08620689655172
2020 NA
2020 9.91379310344828
2020 -3.08620689655172
2020 4.91379310344828
2020 -1.08620689655172
2020 3.91379310344828
2020 5.91379310344828
2020 -1.08620689655172
2020 -0.0862068965517242
2020 -0.0862068965517242
2020 11.9137931034483
2020 1.91379310344828
2020 -0.0862068965517242
2020 -2.08620689655172
2020 -6.08620689655172
2020 -4.08620689655172
2020 2.91379310344828
2020 -8.08620689655172
2020 -3.08620689655172
2020 -2.08620689655172
2020 -3.08620689655172
2020 7.91379310344828
2020 -0.0862068965517242
2020 3.91379310344828
2020 6.91379310344828
2020 -8.08620689655172
2020 -6.08620689655172
2020 -7.08620689655172
2020 -4.08620689655172
2020 -3.08620689655172
2020 -3.08620689655172
2020 4.91379310344828
2020 8.91379310344828
2020 9.91379310344828
2020 -0.0862068965517242
2020 11.9137931034483
2020 3.91379310344828
2020 1.91379310344828
2020 3.91379310344828
2020 -3.08620689655172
2020 -6.08620689655172
2020 0.913793103448276
2020 -2.08620689655172
2020 2.91379310344828
2020 -3.08620689655172
2020 -0.0862068965517242
2020 2.91379310344828
2020 -7.08620689655172
2020 -1.08620689655172
2020 -4.08620689655172
2020 -8.08620689655172
2020 -7.08620689655172
2020 NA
2020 -8.08620689655172
