2013 -1.46290322580645
2013 -1.46290322580645
2013 -1.46290322580645
2013 -1.46290322580645
2013 -1.46290322580645
2013 -1.46290322580645
2013 -1.46290322580645
2013 -1.46290322580645
2013 -1.46290322580645
2013 -1.46290322580645
2013 -1.46290322580645
2013 -1.46290322580645
2013 -1.46290322580645
2013 -1.46290322580645
2013 -1.46290322580645
2013 -1.46290322580645
2013 -1.46290322580645
2013 -1.46290322580645
2013 -1.46290322580645
2013 -1.46290322580645
2013 -1.46290322580645
2013 -1.46290322580645
2013 -1.46290322580645
2013 -1.46290322580645
2013 -1.46290322580645
2013 -1.46290322580645
2013 -1.46290322580645
2013 -1.46290322580645
2013 -1.46290322580645
2013 -1.46290322580645
2013 -1.36290322580645
2013 -1.46290322580645
2013 -1.46290322580645
2013 -1.46290322580645
2013 -1.46290322580645
2013 -1.46290322580645
2013 -1.46290322580645
2013 -1.46290322580645
2013 -1.46290322580645
2013 -1.46290322580645
2013 -1.46290322580645
2013 -1.46290322580645
2013 -1.46290322580645
2013 -1.46290322580645
2013 -1.46290322580645
2013 -1.46290322580645
2013 -1.46290322580645
2013 -1.46290322580645
2013 -1.46290322580645
2013 -1.46290322580645
2013 -1.46290322580645
2013 -1.46290322580645
2013 -1.46290322580645
2013 -1.46290322580645
2013 -1.46290322580645
2013 -1.46290322580645
2013 -1.46290322580645
2013 6.23709677419355
2013 18.0370967741936
2013 10.6370967741935
2013 7.53709677419355
2013 12.0370967741935
2013 5.13709677419355
2013 0.637096774193548
2013 -1.46290322580645
2013 -1.36290322580645
2013 -1.46290322580645
2013 -1.46290322580645
2013 -1.46290322580645
2013 -1.46290322580645
2013 -1.46290322580645
2013 -1.46290322580645
2013 -1.46290322580645
2013 -1.46290322580645
2013 -1.46290322580645
2013 -1.46290322580645
2013 -1.46290322580645
2013 -1.46290322580645
2013 -1.46290322580645
2013 -1.46290322580645
2013 -1.46290322580645
2013 -1.46290322580645
2013 -1.46290322580645
2013 -1.46290322580645
2013 -1.46290322580645
2013 -1.46290322580645
2013 -1.46290322580645
2013 -1.46290322580645
2013 -1.46290322580645
2013 4.33709677419355
2013 3.93709677419355
2013 7.53709677419355
2013 12.0370967741935
2013 2.63709677419355
2013 2.63709677419355
2013 3.13709677419355
2013 3.53709677419355
2013 6.23709677419355
2013 3.03709677419355
2013 -0.362903225806452
2013 -0.462903225806452
2013 -1.26290322580645
2013 0.237096774193548
2013 0.437096774193548
2013 10.8370967741935
2013 27.5370967741936
2013 25.4370967741935
2013 24.1370967741936
2013 24.1370967741936
2013 24.9370967741935
2013 24.4370967741935
2013 27.0370967741936
2013 27.2370967741935
2013 25.1370967741936
2013 21.0370967741936
2013 17.4370967741935
2013 8.33709677419355
2013 6.83709677419355
2013 6.83709677419355
2013 7.53709677419355
2013 7.53709677419355
2013 7.63709677419355
2013 7.43709677419355
2013 12.5370967741935
2013 14.6370967741935
2013 13.7370967741935
2013 12.4370967741935
2013 11.8370967741935
2013 9.03709677419355
2013 9.43709677419355
2013 8.73709677419355
2013 9.23709677419355
2013 8.63709677419355
2013 8.93709677419355
2013 9.43709677419355
2013 19.7370967741935
2013 24.7370967741935
2013 34.1370967741936
2013 13.9370967741935
2013 9.73709677419355
2013 9.43709677419355
2013 15.6370967741935
2013 25.1370967741936
2013 23.8370967741935
2013 22.6370967741936
2013 20.1370967741936
2013 23.4370967741935
2013 23.1370967741936
2013 22.8370967741935
2013 23.6370967741936
2013 18.5370967741936
2013 19.7370967741935
2013 18.3370967741935
2013 17.4370967741935
2013 16.6370967741936
2013 16.9370967741935
2013 17.3370967741935
2013 17.4370967741935
2013 17.4370967741935
2013 17.3370967741935
2013 17.0370967741936
2013 16.2370967741935
2013 14.7370967741935
2013 27.6370967741936
2013 52.2370967741936
2013 43.7370967741936
2013 32.1370967741936
2013 33.3370967741935
2013 31.1370967741936
2013 27.7370967741935
2013 27.8370967741935
2013 30.5370967741936
2013 31.0370967741936
2013 33.1370967741936
2013 39.3370967741935
2013 41.1370967741936
2013 52.1370967741936
2013 69.5370967741935
2013 73.7370967741935
2013 72.2370967741935
2013 69.4370967741935
2013 65.2370967741935
2013 62.5370967741936
2013 60.2370967741936
2013 58.6370967741936
2013 57.2370967741936
2013 60.5370967741936
2013 58.6370967741936
2013 51.3370967741935
2013 46.3370967741935
2013 43.1370967741936
2013 40.9370967741935
2013 45.3370967741935
2013 43.1370967741936
2013 43.0370967741936
2013 41.5370967741936
2013 41.9370967741935
2013 43.6370967741936
2013 72.5370967741935
2013 78.8370967741935
2013 77.3370967741935
2013 74.9370967741935
2013 72.4370967741935
2013 70.2370967741935
2013 68.6370967741935
2013 80.4370967741935
2013 76.9370967741935
2013 75.1370967741935
2013 76.5370967741935
2013 96.8370967741935
2013 93.0370967741935
2013 88.9370967741935
2013 91.7370967741935
2013 87.6370967741935
2013 86.4370967741935
2013 84.4370967741935
2013 92.3370967741935
2013 92.8370967741935
2013 88.0370967741935
2013 87.5370967741935
2013 87.0370967741935
2013 83.3370967741935
2013 81.8370967741935
2013 74.7370967741935
2013 66.8370967741935
2013 60.7370967741936
2013 54.0370967741936
2013 46.9370967741935
2013 37.9370967741935
2013 29.0370967741936
2013 19.6370967741936
2013 8.53709677419355
2013 3.43709677419355
2013 0.637096774193548
2013 -1.46290322580645
2013 -1.46290322580645
2013 -1.46290322580645
2013 -1.46290322580645
2013 -1.46290322580645
2013 -1.46290322580645
2013 -1.46290322580645
2013 -1.46290322580645
2013 -1.46290322580645
2013 -1.46290322580645
2013 -1.46290322580645
2013 -1.46290322580645
2013 -1.46290322580645
2013 -1.46290322580645
2013 -1.46290322580645
2013 -1.46290322580645
2013 -1.46290322580645
2013 -1.46290322580645
2013 -1.46290322580645
2013 -1.46290322580645
2013 -1.46290322580645
2013 -1.46290322580645
2013 -1.46290322580645
2013 -1.46290322580645
2013 -1.46290322580645
2013 -1.46290322580645
2013 -1.46290322580645
2013 -1.46290322580645
2013 -1.46290322580645
2013 -1.46290322580645
2013 -1.46290322580645
2013 9.73709677419355
2013 8.93709677419355
2013 3.53709677419355
2013 -1.26290322580645
2013 -1.46290322580645
2013 -1.46290322580645
2013 -1.46290322580645
2013 -1.36290322580645
2013 -1.46290322580645
2013 -1.46290322580645
2013 -0.962903225806452
2013 -1.26290322580645
2013 -0.962903225806452
2013 -1.26290322580645
2013 -0.162903225806452
2013 -0.262903225806452
2013 -0.262903225806452
2013 1.73709677419355
2013 0.337096774193548
2013 -0.362903225806452
2013 -0.162903225806452
2013 0.637096774193548
2013 1.33709677419355
2013 2.53709677419355
2013 3.03709677419355
2013 3.63709677419355
2013 4.93709677419355
2013 4.23709677419355
2013 2.63709677419355
2013 3.73709677419355
2013 4.63709677419355
2013 6.73709677419355
2013 8.73709677419355
2013 10.0370967741935
2013 7.93709677419355
2013 7.23709677419355
2013 9.13709677419355
2013 7.63709677419355
2013 6.63709677419355
2013 8.63709677419355
2013 9.73709677419355
2013 8.33709677419355
2013 7.43709677419355
2013 10.8370967741935
2013 10.9370967741935
2013 3.93709677419355
2013 -1.46290322580645
2013 -1.46290322580645
2013 -1.46290322580645
2013 -1.36290322580645
2013 -1.46290322580645
2013 -1.46290322580645
2013 -1.46290322580645
2013 -1.36290322580645
2013 -1.46290322580645
2013 -1.46290322580645
2013 -1.46290322580645
2013 -1.46290322580645
2013 -1.46290322580645
2013 -1.46290322580645
2013 -1.46290322580645
2013 -1.46290322580645
2013 -1.46290322580645
2013 -1.46290322580645
2013 -1.46290322580645
2013 -1.46290322580645
2013 -1.46290322580645
2013 -1.46290322580645
2013 -1.46290322580645
2013 -1.46290322580645
2013 -1.46290322580645
2013 -1.46290322580645
2013 -1.46290322580645
2013 -1.46290322580645
2013 -1.46290322580645
2013 -1.46290322580645
2013 -1.46290322580645
2013 -1.26290322580645
2013 -1.46290322580645
2013 -1.46290322580645
2013 -1.36290322580645
2013 -1.36290322580645
2013 -1.36290322580645
2013 -1.36290322580645
2013 -1.46290322580645
2013 -0.562903225806452
2013 -1.46290322580645
2013 -1.26290322580645
2013 -1.46290322580645
2013 -1.46290322580645
2013 -1.36290322580645
2013 -1.36290322580645
2013 1.23709677419355
2013 -0.562903225806452
2013 -0.162903225806452
2013 -1.06290322580645
2013 -1.46290322580645
2013 0.537096774193548
2013 1.13709677419355
2013 -0.962903225806452
2014 -1.47096774193548
2014 -1.07096774193548
2014 -2.97096774193548
2014 -2.87096774193548
2014 -1.17096774193548
2014 2.22903225806452
2014 0.529032258064516
2014 2.02903225806452
2014 0.929032258064516
2014 0.0290322580645164
2014 0.229032258064517
2014 2.62903225806452
2014 0.329032258064516
2014 -0.170967741935484
2014 0.629032258064516
2014 -1.57096774193548
2014 -0.870967741935484
2014 -0.0709677419354837
2014 -1.17096774193548
2014 0.829032258064516
2014 -0.470967741935484
2014 0.729032258064517
2014 -2.77096774193548
2014 -2.67096774193548
2014 -1.17096774193548
2014 -2.97096774193548
2014 -2.77096774193548
2014 -2.37096774193548
2014 -1.37096774193548
2014 -1.87096774193548
2014 -0.570967741935484
2014 0.429032258064516
2014 0.229032258064517
2014 0.129032258064516
2014 1.82903225806452
2014 -0.670967741935484
2014 -2.77096774193548
2014 -2.57096774193548
2014 -1.17096774193548
2014 -2.17096774193548
2014 -2.47096774193548
2014 -0.970967741935484
2014 -2.67096774193548
2014 -1.37096774193548
2014 -1.37096774193548
2014 -2.97096774193548
2014 -2.97096774193548
2014 -2.97096774193548
2014 -2.07096774193548
2014 -2.57096774193548
2014 -2.87096774193548
2014 -2.67096774193548
2014 -2.77096774193548
2014 -1.67096774193548
2014 -1.57096774193548
2014 -1.67096774193548
2014 -2.97096774193548
2014 -2.97096774193548
2014 -2.77096774193548
2014 -2.87096774193548
2014 -2.97096774193548
2014 -1.87096774193548
2014 -2.97096774193548
2014 -2.97096774193548
2014 -2.97096774193548
2014 -2.97096774193548
2014 -2.97096774193548
2014 -2.97096774193548
2014 -2.97096774193548
2014 -2.97096774193548
2014 -2.97096774193548
2014 -2.97096774193548
2014 -2.97096774193548
2014 -2.97096774193548
2014 -2.77096774193548
2014 -2.77096774193548
2014 -2.97096774193548
2014 -2.97096774193548
2014 -2.97096774193548
2014 -2.87096774193548
2014 -2.67096774193548
2014 1.52903225806452
2014 29.5290322580645
2014 34.5290322580645
2014 46.0290322580645
2014 34.0290322580645
2014 20.1290322580645
2014 18.0290322580645
2014 16.9290322580645
2014 16.9290322580645
2014 16.2290322580645
2014 15.2290322580645
2014 14.1290322580645
2014 13.9290322580645
2014 13.8290322580645
2014 13.9290322580645
2014 13.9290322580645
2014 13.5290322580645
2014 13.3290322580645
2014 13.2290322580645
2014 12.7290322580645
2014 12.7290322580645
2014 12.8290322580645
2014 12.7290322580645
2014 13.1290322580645
2014 13.0290322580645
2014 12.9290322580645
2014 13.0290322580645
2014 11.9290322580645
2014 8.02903225806452
2014 14.0290322580645
2014 11.8290322580645
2014 3.42903225806452
2014 -0.770967741935483
2014 -0.470967741935484
2014 -1.77096774193548
2014 14.2290322580645
2014 17.5290322580645
2014 17.0290322580645
2014 20.0290322580645
2014 18.9290322580645
2014 18.4290322580645
2014 18.2290322580645
2014 22.9290322580645
2014 27.7290322580645
2014 24.5290322580645
2014 21.4290322580645
2014 22.8290322580645
2014 23.0290322580645
2014 21.8290322580645
2014 22.4290322580645
2014 22.7290322580645
2014 21.0290322580645
2014 19.4290322580645
2014 19.1290322580645
2014 38.3290322580645
2014 40.2290322580645
2014 39.7290322580645
2014 60.2290322580645
2014 62.8290322580645
2014 82.9290322580645
2014 75.2290322580645
2014 69.7290322580645
2014 67.7290322580645
2014 66.0290322580645
2014 65.9290322580645
2014 62.5290322580645
2014 62.8290322580645
2014 62.6290322580645
2014 75.5290322580645
2014 74.2290322580645
2014 81.2290322580645
2014 110.329032258065
2014 104.829032258065
2014 104.729032258065
2014 115.129032258065
2014 127.529032258065
2014 131.829032258065
2014 137.929032258065
2014 134.929032258065
2014 137.929032258065
2014 145.829032258065
2014 154.129032258065
2014 173.629032258065
2014 167.329032258065
2014 163.629032258065
2014 160.929032258065
2014 158.029032258065
2014 146.329032258065
2014 136.429032258065
2014 133.229032258065
2014 130.329032258065
2014 126.629032258065
2014 124.929032258065
2014 131.229032258065
2014 129.629032258065
2014 128.229032258065
2014 127.029032258065
2014 126.729032258065
2014 128.029032258065
2014 130.029032258065
2014 138.729032258065
2014 182.229032258065
2014 183.029032258065
2014 178.029032258065
2014 174.129032258065
2014 168.429032258065
2014 165.229032258065
2014 163.729032258065
2014 160.029032258065
2014 158.329032258065
2014 153.829032258065
2014 149.229032258065
2014 146.029032258065
2014 142.229032258065
2014 139.329032258065
2014 134.429032258065
2014 127.729032258065
2014 119.229032258065
2014 114.129032258065
2014 110.729032258065
2014 107.029032258065
2014 100.729032258065
2014 99.7290322580645
2014 99.1290322580645
2014 96.9290322580645
2014 97.4290322580645
2014 97.4290322580645
2014 96.5290322580645
2014 92.6290322580645
2014 89.5290322580645
2014 86.7290322580645
2014 81.7290322580645
2014 78.4290322580645
2014 74.7290322580645
2014 72.5290322580645
2014 69.1290322580645
2014 64.3290322580645
2014 57.1290322580645
2014 47.8290322580645
2014 40.9290322580645
2014 37.1290322580645
2014 32.1290322580645
2014 22.4290322580645
2014 14.9290322580645
2014 8.52903225806452
2014 3.12903225806452
2014 -0.270967741935483
2014 -2.77096774193548
2014 -2.97096774193548
2014 -2.97096774193548
2014 -2.97096774193548
2014 -2.97096774193548
2014 -2.97096774193548
2014 -2.97096774193548
2014 -2.97096774193548
2014 -2.97096774193548
2014 -2.97096774193548
2014 -2.97096774193548
2014 -2.97096774193548
2014 -2.97096774193548
2014 -2.97096774193548
2014 -2.97096774193548
2014 -2.97096774193548
2014 -2.97096774193548
2014 -2.97096774193548
2014 -2.97096774193548
2014 -2.97096774193548
2014 -2.97096774193548
2014 -2.97096774193548
2014 -2.97096774193548
2014 -2.97096774193548
2014 -2.97096774193548
2014 -2.97096774193548
2014 -2.97096774193548
2014 -2.97096774193548
2014 -2.97096774193548
2014 -2.97096774193548
2014 -2.97096774193548
2014 -2.97096774193548
2014 -2.97096774193548
2014 -2.97096774193548
2014 -2.97096774193548
2014 -2.97096774193548
2014 -2.97096774193548
2014 -2.97096774193548
2014 -2.97096774193548
2014 -2.97096774193548
2014 -2.97096774193548
2014 -2.87096774193548
2014 -2.97096774193548
2014 -2.87096774193548
2014 -2.97096774193548
2014 -2.97096774193548
2014 -2.77096774193548
2014 -2.77096774193548
2014 -2.67096774193548
2014 -2.87096774193548
2014 -2.67096774193548
2014 -2.87096774193548
2014 -2.67096774193548
2014 -1.97096774193548
2014 -2.07096774193548
2014 -2.27096774193548
2014 -1.37096774193548
2014 -0.270967741935483
2014 0.529032258064516
2014 2.22903225806452
2014 0.529032258064516
2014 -0.0709677419354837
2014 2.92903225806452
2014 0.429032258064516
2014 0.929032258064516
2014 1.22903225806452
2014 2.42903225806452
2014 3.62903225806452
2014 6.12903225806452
2014 4.22903225806452
2014 3.82903225806452
2014 7.62903225806452
2014 6.32903225806452
2014 3.52903225806452
2014 3.32903225806452
2014 -0.0709677419354837
2014 -2.97096774193548
2014 -2.97096774193548
2014 -2.97096774193548
2014 -2.97096774193548
2014 -2.97096774193548
2014 -2.97096774193548
2014 -2.97096774193548
2014 -2.97096774193548
2014 -2.97096774193548
2014 -2.97096774193548
2014 -2.97096774193548
2014 -2.97096774193548
2014 -2.87096774193548
2014 -2.97096774193548
2014 -2.87096774193548
2014 -2.97096774193548
2014 -2.67096774193548
2014 -2.77096774193548
2014 -2.77096774193548
2014 -2.47096774193548
2014 -2.87096774193548
2014 -2.47096774193548
2014 -1.97096774193548
2014 -2.07096774193548
2014 -1.27096774193548
2014 -2.07096774193548
2014 -0.570967741935484
2014 -0.370967741935484
2014 -1.17096774193548
2014 -0.870967741935484
2014 -0.470967741935484
2014 -0.770967741935483
2014 0.529032258064516
2014 -0.0709677419354837
2014 -1.47096774193548
2014 -0.370967741935484
2014 0.229032258064517
2014 0.629032258064516
2014 1.42903225806452
2014 0.829032258064516
2014 0.829032258064516
2014 2.12903225806452
2014 0.829032258064516
2014 0.729032258064517
2014 1.42903225806452
2014 2.02903225806452
2014 0.129032258064516
2014 2.32903225806452
2014 5.62903225806452
2014 5.92903225806452
2014 6.22903225806452
2014 6.62903225806452
2014 4.62903225806452
2014 3.12903225806452
2014 7.32903225806452
2014 2.12903225806452
2014 3.12903225806452
2014 2.82903225806452
2014 5.02903225806452
2014 4.62903225806452
2014 5.62903225806452
2015 3.04516129032258
2015 2.74516129032258
2015 4.44516129032258
2015 4.94516129032258
2015 5.44516129032258
2015 5.84516129032258
2015 9.24516129032258
2015 7.04516129032258
2015 8.64516129032258
2015 7.04516129032258
2015 7.74516129032258
2015 5.14516129032258
2015 4.44516129032258
2015 6.74516129032258
2015 4.84516129032258
2015 8.94516129032258
2015 10.1451612903226
2015 11.1451612903226
2015 8.44516129032258
2015 9.94516129032258
2015 7.64516129032258
2015 6.84516129032258
2015 3.34516129032258
2015 6.24516129032258
2015 6.24516129032258
2015 7.14516129032258
2015 3.54516129032258
2015 3.74516129032258
2015 4.34516129032258
2015 8.94516129032258
2015 7.34516129032258
2015 4.64516129032258
2015 4.34516129032258
2015 6.34516129032258
2015 11.2451612903226
2015 6.24516129032258
2015 5.34516129032258
2015 3.84516129032258
2015 4.64516129032258
2015 6.54516129032258
2015 6.64516129032258
2015 6.04516129032258
2015 4.54516129032258
2015 6.74516129032258
2015 4.84516129032258
2015 2.94516129032258
2015 3.54516129032258
2015 5.14516129032258
2015 6.04516129032258
2015 5.14516129032258
2015 2.14516129032258
2015 4.84516129032258
2015 2.64516129032258
2015 3.44516129032258
2015 6.44516129032258
2015 3.24516129032258
2015 4.14516129032258
2015 5.34516129032258
2015 4.64516129032258
2015 6.74516129032258
2015 4.14516129032258
2015 1.44516129032258
2015 1.74516129032258
2015 3.74516129032258
2015 3.64516129032258
2015 2.84516129032258
2015 3.84516129032258
2015 5.84516129032258
2015 8.14516129032258
2015 2.44516129032258
2015 6.04516129032258
2015 6.44516129032258
2015 7.04516129032258
2015 4.64516129032258
2015 3.64516129032258
2015 4.44516129032258
2015 4.74516129032258
2015 7.94516129032258
2015 12.8451612903226
2015 6.44516129032258
2015 4.74516129032258
2015 3.24516129032258
2015 1.94516129032258
2015 0.245161290322581
2015 0.345161290322581
2015 0.545161290322581
2015 0.245161290322581
2015 2.34516129032258
2015 1.04516129032258
2015 0.445161290322581
2015 0.345161290322581
2015 0.245161290322581
2015 1.54516129032258
2015 1.94516129032258
2015 2.54516129032258
2015 1.44516129032258
2015 2.64516129032258
2015 2.24516129032258
2015 1.84516129032258
2015 5.24516129032258
2015 3.44516129032258
2015 3.04516129032258
2015 3.74516129032258
2015 2.74516129032258
2015 1.14516129032258
2015 2.34516129032258
2015 1.24516129032258
2015 1.94516129032258
2015 0.245161290322581
2015 -0.354838709677419
2015 0.145161290322581
2015 -0.654838709677419
2015 -0.354838709677419
2015 -0.654838709677419
2015 -0.654838709677419
2015 -0.554838709677419
2015 -0.654838709677419
2015 7.64516129032258
2015 6.04516129032258
2015 -0.554838709677419
2015 -0.554838709677419
2015 -0.554838709677419
2015 -0.654838709677419
2015 -0.654838709677419
2015 -0.654838709677419
2015 -0.654838709677419
2015 -0.654838709677419
2015 -0.654838709677419
2015 -0.554838709677419
2015 -0.354838709677419
2015 -0.654838709677419
2015 -0.654838709677419
2015 -0.354838709677419
2015 -0.154838709677419
2015 -0.654838709677419
2015 -0.654838709677419
2015 -0.0548387096774193
2015 -0.654838709677419
2015 3.74516129032258
2015 3.94516129032258
2015 3.84516129032258
2015 3.54516129032258
2015 3.54516129032258
2015 8.74516129032258
2015 9.24516129032258
2015 7.64516129032258
2015 2.84516129032258
2015 2.44516129032258
2015 2.54516129032258
2015 2.34516129032258
2015 2.44516129032258
2015 3.24516129032258
2015 0.945161290322581
2015 0.545161290322581
2015 0.645161290322581
2015 0.645161290322581
2015 -0.154838709677419
2015 15.0451612903226
2015 42.6451612903226
2015 42.6451612903226
2015 38.9451612903226
2015 31.0451612903226
2015 29.4451612903226
2015 28.2451612903226
2015 27.5451612903226
2015 27.1451612903226
2015 29.1451612903226
2015 42.9451612903226
2015 51.3451612903226
2015 47.3451612903226
2015 43.7451612903226
2015 42.0451612903226
2015 41.7451612903226
2015 42.3451612903226
2015 48.3451612903226
2015 46.3451612903226
2015 44.5451612903226
2015 41.3451612903226
2015 40.0451612903226
2015 38.5451612903226
2015 39.1451612903226
2015 38.2451612903226
2015 37.1451612903226
2015 35.5451612903226
2015 34.7451612903226
2015 33.7451612903226
2015 34.2451612903226
2015 33.3451612903226
2015 32.5451612903226
2015 31.2451612903226
2015 28.8451612903226
2015 27.0451612903226
2015 26.5451612903226
2015 26.6451612903226
2015 26.7451612903226
2015 26.4451612903226
2015 29.2451612903226
2015 36.5451612903226
2015 31.5451612903226
2015 29.2451612903226
2015 28.1451612903226
2015 28.5451612903226
2015 31.1451612903226
2015 30.3451612903226
2015 27.7451612903226
2015 28.7451612903226
2015 36.2451612903226
2015 30.6451612903226
2015 27.7451612903226
2015 26.3451612903226
2015 22.4451612903226
2015 15.5451612903226
2015 11.8451612903226
2015 9.74516129032258
2015 6.74516129032258
2015 4.54516129032258
2015 8.24516129032258
2015 6.14516129032258
2015 4.54516129032258
2015 3.74516129032258
2015 1.14516129032258
2015 -0.454838709677419
2015 -0.654838709677419
2015 -0.654838709677419
2015 -0.654838709677419
2015 -0.654838709677419
2015 -0.654838709677419
2015 -0.654838709677419
2015 -0.654838709677419
2015 -0.654838709677419
2015 -0.654838709677419
2015 -0.654838709677419
2015 -0.654838709677419
2015 -0.654838709677419
2015 -0.654838709677419
2015 -0.654838709677419
2015 -0.654838709677419
2015 -0.654838709677419
2015 -0.654838709677419
2015 -0.654838709677419
2015 -0.654838709677419
2015 -0.654838709677419
2015 -0.654838709677419
2015 -0.654838709677419
2015 -0.554838709677419
2015 -0.654838709677419
2015 -0.554838709677419
2015 -0.554838709677419
2015 -0.654838709677419
2015 -0.654838709677419
2015 -0.654838709677419
2015 -0.654838709677419
2015 -0.654838709677419
2015 -0.654838709677419
2015 -0.654838709677419
2015 -0.654838709677419
2015 -0.654838709677419
2015 -0.454838709677419
2015 -0.454838709677419
2015 -0.554838709677419
2015 0.0451612903225806
2015 -0.0548387096774193
2015 0.245161290322581
2015 -0.354838709677419
2015 0.345161290322581
2015 0.245161290322581
2015 2.24516129032258
2015 1.94516129032258
2015 1.54516129032258
2015 1.74516129032258
2015 1.34516129032258
2015 0.945161290322581
2015 2.84516129032258
2015 2.54516129032258
2015 3.14516129032258
2015 3.74516129032258
2015 2.54516129032258
2015 4.44516129032258
2015 6.04516129032258
2015 5.14516129032258
2015 7.24516129032258
2015 5.74516129032258
2015 6.24516129032258
2015 2.54516129032258
2015 -0.654838709677419
2015 -0.654838709677419
2015 -0.654838709677419
2015 -0.554838709677419
2015 -0.654838709677419
2015 -0.654838709677419
2015 -0.554838709677419
2015 -0.654838709677419
2015 -0.654838709677419
2015 -0.654838709677419
2015 -0.654838709677419
2015 -0.554838709677419
2015 -0.654838709677419
2015 -0.654838709677419
2015 -0.654838709677419
2015 -0.554838709677419
2015 -0.654838709677419
2015 -0.554838709677419
2015 -0.454838709677419
2015 -0.554838709677419
2015 -0.654838709677419
2015 -0.454838709677419
2015 -0.254838709677419
2015 0.145161290322581
2015 -0.154838709677419
2015 0.645161290322581
2015 0.245161290322581
2015 0.245161290322581
2015 -0.254838709677419
2015 0.245161290322581
2015 -0.354838709677419
2015 -0.454838709677419
2015 -0.454838709677419
2015 0.145161290322581
2015 0.645161290322581
2015 -0.254838709677419
2015 0.345161290322581
2015 0.0451612903225806
2015 -0.554838709677419
2015 0.745161290322581
2015 -0.454838709677419
2015 -0.454838709677419
2015 0.345161290322581
2015 0.145161290322581
2015 0.245161290322581
2015 2.74516129032258
2015 2.54516129032258
2015 4.34516129032258
2015 7.94516129032258
2015 3.74516129032258
2015 -0.654838709677419
2015 -0.654838709677419
2015 -0.654838709677419
2015 -0.654838709677419
2015 -0.654838709677419
2015 -0.654838709677419
2015 -0.654838709677419
2015 -0.654838709677419
2015 -0.654838709677419
2015 -0.654838709677419
2015 -0.654838709677419
2015 -0.654838709677419
2015 -0.654838709677419
2015 -0.654838709677419
2015 -0.654838709677419
2015 -0.654838709677419
2015 -0.654838709677419
2015 -0.654838709677419
2015 -0.654838709677419
2015 -0.654838709677419
2015 -0.654838709677419
2015 -0.654838709677419
2015 -0.654838709677419
2015 -0.554838709677419
2015 -0.654838709677419
2015 -0.654838709677419
2015 -0.654838709677419
2015 -0.654838709677419
2015 -0.654838709677419
2015 -0.654838709677419
2015 -0.654838709677419
2016 -0.1
2016 -0.1
2016 0
2016 -0.1
2016 -0.1
2016 -0.1
2016 -0.1
2016 -0.1
2016 -0.1
2016 -0.1
2016 -0.1
2016 -0.1
2016 -0.1
2016 -0.1
2016 -0.1
2016 -0.1
2016 -0.1
2016 -0.1
2016 -0.1
2016 -0.1
2016 -0.1
2016 -0.1
2016 -0.1
2016 -0.1
2016 -0.1
2016 -0.1
2016 -0.1
2016 -0.1
2016 -0.1
2016 -0.1
2016 -0.1
2016 -0.1
2016 -0.1
2016 -0.1
2016 -0.1
2016 -0.1
2016 -0.1
2016 -0.1
2016 -0.1
2016 -0.1
2016 -0.1
2016 -0.1
2016 -0.1
2016 -0.1
2016 -0.1
2016 5.8
2016 5.8
2016 0.8
2016 -0.1
2016 -0.1
2016 -0.1
2016 -0.1
2016 -0.1
2016 -0.1
2016 -0.1
2016 -0.1
2016 -0.1
2016 -0.1
2016 -0.1
2016 -0.1
2016 -0.1
2016 -0.1
2016 -0.1
2016 -0.1
2016 -0.1
2016 -0.1
2016 -0.1
2016 -0.1
2016 -0.1
2016 -0.1
2016 -0.1
2016 -0.1
2016 -0.1
2016 -0.1
2016 -0.1
2016 -0.1
2016 -0.1
2016 -0.1
2016 -0.1
2016 -0.1
2016 -0.1
2016 -0.1
2016 -0.1
2016 -0.1
2016 -0.1
2016 -0.1
2016 -0.1
2016 -0.1
2016 -0.1
2016 -0.1
2016 -0.1
2016 -0.1
2016 -0.1
2016 -0.1
2016 -0.1
2016 -0.1
2016 -0.1
2016 -0.1
2016 -0.1
2016 -0.1
2016 -0.1
2016 -0.1
2016 -0.1
2016 -0.1
2016 -0.1
2016 -0.1
2016 -0.1
2016 -0.1
2016 -0.1
2016 -0.1
2016 -0.1
2016 -0.1
2016 -0.1
2016 -0.1
2016 -0.1
2016 -0.1
2016 -0.1
2016 -0.1
2016 -0.1
2016 -0.1
2016 -0.1
2016 -0.1
2016 -0.1
2016 1.1
2016 8.8
2016 9.6
2016 8.4
2016 6.4
2016 6
2016 4.2
2016 2.6
2016 -0.1
2016 -0.1
2016 -0.1
2016 -0.1
2016 -0.1
2016 -0.1
2016 -0.1
2016 -0.1
2016 0
2016 -0.1
2016 -0.1
2016 -0.1
2016 -0.1
2016 -0.1
2016 -0.1
2016 -0.1
2016 -0.1
2016 -0.1
2016 -0.1
2016 -0.1
2016 -0.1
2016 -0.1
2016 -0.1
2016 -0.1
2016 -0.1
2016 -0.1
2016 -0.1
2016 -0.1
2016 7.1
2016 17.5
2016 15.8
2016 39.9
2016 36
2016 34.5
2016 39.6
2016 40.5
2016 43.8
2016 47
2016 54.1
2016 52.8
2016 50.9
2016 49.8
2016 45.4
2016 39.8
2016 32.5
2016 29
2016 25.3
2016 29.1
2016 30.2
2016 61.1
2016 84.3
2016 84.8
2016 81
2016 79.3
2016 76.7
2016 77.9
2016 85
2016 86.8
2016 86.2
2016 78.7
2016 76.7
2016 76.4
2016 75.3
2016 74.5
2016 73.1
2016 72.5
2016 71.6
2016 70
2016 68.1
2016 65.8
2016 64.1
2016 61.3
2016 57.5
2016 55.5
2016 54.2
2016 53.3
2016 51.8
2016 49.2
2016 45.9
2016 42.7
2016 37.3
2016 29.2
2016 22
2016 17.7
2016 13.1
2016 6.4
2016 0.9
2016 -0.1
2016 -0.1
2016 -0.1
2016 -0.1
2016 -0.1
2016 -0.1
2016 -0.1
2016 -0.1
2016 -0.1
2016 -0.1
2016 -0.1
2016 -0.1
2016 -0.1
2016 -0.1
2016 -0.1
2016 -0.1
2016 -0.1
2016 -0.1
2016 -0.1
2016 -0.1
2016 -0.1
2016 0
2016 -0.1
2016 -0.1
2016 -0.1
2016 0.1
2016 -0.1
2016 -0.1
2016 -0.1
2016 -0.1
2016 -0.1
2016 -0.1
2016 -0.1
2016 -0.1
2016 -0.1
2016 -0.1
2016 -0.1
2016 -0.1
2016 -0.1
2016 -0.1
2016 -0.1
2016 -0.1
2016 -0.1
2016 -0.1
2016 -0.1
2016 -0.1
2016 -0.1
2016 -0.1
2016 -0.1
2016 -0.1
2016 -0.1
2016 -0.1
2016 -0.1
2016 -0.1
2016 -0.1
2016 -0.1
2016 0
2016 0
2016 -0.1
2016 -0.1
2016 -0.1
2016 -0.1
2016 -0.1
2016 -0.1
2016 -0.1
2016 -0.1
2016 -0.1
2016 -0.1
2016 -0.1
2016 -0.1
2016 -0.1
2016 -0.1
2016 -0.1
2016 -0.1
2016 -0.1
2016 -0.1
2016 -0.1
2016 -0.1
2016 -0.1
2016 -0.1
2016 -0.1
2016 0
2016 0
2016 -0.1
2016 0
2016 0.1
2016 0
2016 0.2
2016 0.4
2016 0.7
2016 0.1
2016 -0.1
2016 -0.1
2016 -0.1
2016 -0.1
2016 -0.1
2016 -0.1
2016 -0.1
2016 -0.1
2016 -0.1
2016 -0.1
2016 -0.1
2016 -0.1
2016 -0.1
2016 -0.1
2016 -0.1
2016 -0.1
2016 -0.1
2016 -0.1
2016 -0.1
2016 -0.1
2016 -0.1
2016 -0.1
2016 -0.1
2016 -0.1
2016 -0.1
2016 0
2016 -0.1
2016 -0.1
2016 -0.1
2016 -0.1
2016 -0.1
2016 -0.1
2016 -0.1
2016 -0.1
2016 -0.1
2016 -0.1
2016 -0.1
2016 -0.1
2016 -0.1
2016 -0.1
2016 -0.1
2016 0
2016 -0.1
2016 0.1
2016 0.8
2016 0.3
2016 0.2
2016 -0.1
2016 0
2016 0.4
2016 1.6
2016 -0.1
2016 -0.1
2016 -0.1
2016 -0.1
2016 -0.1
2016 -0.1
2017 -2.56774193548387
2017 -2.56774193548387
2017 -2.56774193548387
2017 -2.56774193548387
2017 -2.56774193548387
2017 -2.56774193548387
2017 -2.56774193548387
2017 -2.56774193548387
2017 -2.56774193548387
2017 -2.56774193548387
2017 -2.56774193548387
2017 -2.56774193548387
2017 -2.56774193548387
2017 -2.56774193548387
2017 -2.56774193548387
2017 -2.56774193548387
2017 -2.56774193548387
2017 -2.56774193548387
2017 -2.56774193548387
2017 -2.56774193548387
2017 -2.56774193548387
2017 -2.56774193548387
2017 -2.56774193548387
2017 -2.56774193548387
2017 -2.56774193548387
2017 -2.56774193548387
2017 -2.56774193548387
2017 -2.56774193548387
2017 -2.56774193548387
2017 -2.56774193548387
2017 -2.56774193548387
2017 -2.56774193548387
2017 -2.56774193548387
2017 -2.56774193548387
2017 -2.56774193548387
2017 -2.56774193548387
2017 -2.56774193548387
2017 -2.56774193548387
2017 -2.56774193548387
2017 -2.56774193548387
2017 -2.56774193548387
2017 -2.56774193548387
2017 -2.56774193548387
2017 -2.56774193548387
2017 -2.56774193548387
2017 -2.56774193548387
2017 -2.56774193548387
2017 -2.56774193548387
2017 -2.56774193548387
2017 -2.56774193548387
2017 -2.56774193548387
2017 -2.56774193548387
2017 -2.56774193548387
2017 -2.56774193548387
2017 -2.56774193548387
2017 -2.56774193548387
2017 -2.56774193548387
2017 -2.56774193548387
2017 -2.56774193548387
2017 -2.56774193548387
2017 -2.56774193548387
2017 -2.56774193548387
2017 -2.56774193548387
2017 -2.56774193548387
2017 -2.56774193548387
2017 -2.56774193548387
2017 -2.56774193548387
2017 -2.56774193548387
2017 -2.56774193548387
2017 -2.56774193548387
2017 -2.56774193548387
2017 -2.56774193548387
2017 -2.56774193548387
2017 -2.56774193548387
2017 -2.56774193548387
2017 -2.56774193548387
2017 -2.56774193548387
2017 -2.56774193548387
2017 -2.56774193548387
2017 -2.56774193548387
2017 -2.56774193548387
2017 -2.56774193548387
2017 -2.56774193548387
2017 -2.56774193548387
2017 -2.56774193548387
2017 -2.56774193548387
2017 -2.56774193548387
2017 -2.56774193548387
2017 -2.56774193548387
2017 -2.56774193548387
2017 -2.56774193548387
2017 -2.56774193548387
2017 -2.56774193548387
2017 -2.56774193548387
2017 -2.56774193548387
2017 -2.56774193548387
2017 -2.56774193548387
2017 -2.56774193548387
2017 -2.56774193548387
2017 -2.56774193548387
2017 -2.56774193548387
2017 -2.56774193548387
2017 -2.56774193548387
2017 -2.56774193548387
2017 -2.56774193548387
2017 -2.56774193548387
2017 -2.56774193548387
2017 -2.56774193548387
2017 -2.56774193548387
2017 -2.56774193548387
2017 -2.56774193548387
2017 -2.56774193548387
2017 -2.56774193548387
2017 -2.56774193548387
2017 -2.56774193548387
2017 -2.56774193548387
2017 -2.56774193548387
2017 -2.56774193548387
2017 -2.56774193548387
2017 -2.56774193548387
2017 -2.56774193548387
2017 -2.56774193548387
2017 -2.56774193548387
2017 -2.56774193548387
2017 -2.56774193548387
2017 -2.56774193548387
2017 -2.56774193548387
2017 -2.46774193548387
2017 -2.46774193548387
2017 -2.56774193548387
2017 -2.56774193548387
2017 -2.56774193548387
2017 -2.46774193548387
2017 -2.56774193548387
2017 -0.767741935483871
2017 -0.967741935483871
2017 -1.46774193548387
2017 -1.86774193548387
2017 -2.46774193548387
2017 -1.86774193548387
2017 -1.46774193548387
2017 -1.66774193548387
2017 -2.06774193548387
2017 -1.66774193548387
2017 -1.76774193548387
2017 -1.76774193548387
2017 -1.96774193548387
2017 -2.06774193548387
2017 -1.56774193548387
2017 -1.46774193548387
2017 -2.16774193548387
2017 -2.56774193548387
2017 -2.56774193548387
2017 -2.56774193548387
2017 -2.56774193548387
2017 -2.26774193548387
2017 3.33225806451613
2017 16.0322580645161
2017 18.0322580645161
2017 6.13225806451613
2017 6.33225806451613
2017 5.63225806451613
2017 7.43225806451613
2017 15.4322580645161
2017 12.8322580645161
2017 11.4322580645161
2017 9.53225806451613
2017 8.13225806451613
2017 7.73225806451613
2017 7.83225806451613
2017 7.63225806451613
2017 7.93225806451613
2017 7.53225806451613
2017 6.13225806451613
2017 4.13225806451613
2017 1.83225806451613
2017 -0.467741935483871
2017 -1.96774193548387
2017 -2.26774193548387
2017 -2.56774193548387
2017 2.63225806451613
2017 8.03225806451613
2017 7.23225806451613
2017 7.33225806451613
2017 8.43225806451613
2017 13.5322580645161
2017 12.6322580645161
2017 12.2322580645161
2017 11.5322580645161
2017 10.2322580645161
2017 9.13225806451613
2017 8.23225806451613
2017 7.03225806451613
2017 5.03225806451613
2017 2.33225806451613
2017 1.33225806451613
2017 -0.167741935483871
2017 -2.36774193548387
2017 -2.56774193548387
2017 -2.56774193548387
2017 -2.56774193548387
2017 -2.56774193548387
2017 -2.56774193548387
2017 -2.56774193548387
2017 -2.56774193548387
2017 -2.56774193548387
2017 -2.56774193548387
2017 -2.56774193548387
2017 -2.56774193548387
2017 -2.56774193548387
2017 -2.56774193548387
2017 -2.56774193548387
2017 -2.56774193548387
2017 -2.56774193548387
2017 -2.56774193548387
2017 -2.56774193548387
2017 -2.56774193548387
2017 -2.56774193548387
2017 -2.56774193548387
2017 -2.56774193548387
2017 -2.56774193548387
2017 -2.56774193548387
2017 -2.56774193548387
2017 -2.56774193548387
2017 -2.56774193548387
2017 -2.56774193548387
2017 -2.56774193548387
2017 -2.56774193548387
2017 -2.56774193548387
2017 -2.56774193548387
2017 -2.56774193548387
2017 -2.56774193548387
2017 -2.56774193548387
2017 -2.56774193548387
2017 -2.56774193548387
2017 -2.56774193548387
2017 -2.56774193548387
2017 -2.56774193548387
2017 -2.56774193548387
2017 -2.56774193548387
2017 -2.56774193548387
2017 -2.56774193548387
2017 -2.16774193548387
2017 -2.36774193548387
2017 -2.56774193548387
2017 -2.56774193548387
2017 -2.56774193548387
2017 -2.56774193548387
2017 -2.56774193548387
2017 -2.56774193548387
2017 -2.56774193548387
2017 -2.56774193548387
2017 -2.56774193548387
2017 -2.56774193548387
2017 -2.56774193548387
2017 -2.56774193548387
2017 -2.56774193548387
2017 -2.56774193548387
2017 -2.56774193548387
2017 -2.56774193548387
2017 -2.56774193548387
2017 -2.56774193548387
2017 -2.56774193548387
2017 -2.56774193548387
2017 -2.56774193548387
2017 -2.56774193548387
2017 -2.56774193548387
2017 -2.56774193548387
2017 -2.56774193548387
2017 -2.56774193548387
2017 -2.36774193548387
2017 -2.56774193548387
2017 -2.46774193548387
2017 -2.56774193548387
2017 -2.56774193548387
2017 -2.56774193548387
2017 -2.56774193548387
2017 -2.46774193548387
2017 -2.56774193548387
2017 -2.56774193548387
2017 -2.56774193548387
2017 -2.56774193548387
2017 -2.56774193548387
2017 -2.56774193548387
2017 -2.56774193548387
2017 -2.56774193548387
2017 -2.56774193548387
2017 -2.56774193548387
2017 -2.56774193548387
2017 -2.56774193548387
2017 -2.56774193548387
2017 -2.56774193548387
2017 -2.56774193548387
2017 -2.56774193548387
2017 -1.86774193548387
2017 -1.16774193548387
2017 -0.467741935483871
2017 1.73225806451613
2017 1.43225806451613
2017 0.432258064516129
2017 1.43225806451613
2017 2.33225806451613
2017 3.83225806451613
2017 0.732258064516129
2017 2.03225806451613
2017 0.632258064516129
2017 0.932258064516129
2017 -2.56774193548387
2017 -2.56774193548387
2017 -2.56774193548387
2017 -2.56774193548387
2017 -2.56774193548387
2017 -2.56774193548387
2017 -2.56774193548387
2017 -2.56774193548387
2017 -2.56774193548387
2017 -2.56774193548387
2017 -2.56774193548387
2017 -2.56774193548387
2017 -2.56774193548387
2017 -2.56774193548387
2017 -2.56774193548387
2017 -2.56774193548387
2017 -2.56774193548387
2017 -2.56774193548387
2017 -2.56774193548387
2017 -2.56774193548387
2017 -2.46774193548387
2017 -2.56774193548387
2017 -2.56774193548387
2017 -2.56774193548387
2017 -2.56774193548387
2017 -2.46774193548387
2017 -2.56774193548387
2017 -2.56774193548387
2017 -2.56774193548387
2017 -2.56774193548387
2017 -2.56774193548387
2017 -2.56774193548387
2017 -2.56774193548387
2017 -2.56774193548387
2017 -2.36774193548387
2017 -2.36774193548387
2017 -1.26774193548387
2017 -0.967741935483871
2017 -1.76774193548387
2017 -1.46774193548387
2017 -0.867741935483871
2017 -0.767741935483871
2017 0.732258064516129
2017 1.63225806451613
2017 2.73225806451613
2017 4.83225806451613
2017 1.43225806451613
2017 6.13225806451613
2017 6.63225806451613
2017 2.93225806451613
2017 6.43225806451613
2017 4.73225806451613
2017 8.63225806451613
2017 3.03225806451613
2017 5.83225806451613
2017 11.9322580645161
2017 9.93225806451613
2017 17.0322580645161
2018 17.7630434782609
2018 17.4630434782609
2018 17.6630434782609
2018 14.0630434782609
2018 19.0630434782609
2018 14.1630434782609
2018 18.0630434782609
2018 19.3630434782609
2018 15.4630434782609
2018 16.9630434782609
2018 20.5630434782609
2018 19.4630434782609
2018 13.7630434782609
2018 17.6630434782609
2018 17.6630434782609
2018 23.2630434782609
2018 19.8630434782609
2018 23.5630434782609
2018 20.9630434782609
2018 20.1630434782609
2018 13.9630434782609
2018 21.9630434782609
2018 23.2630434782609
2018 23.6630434782609
2018 7.66304347826087
2018 -0.83695652173913
2018 -0.83695652173913
2018 -0.83695652173913
2018 -0.83695652173913
2018 -0.83695652173913
2018 -0.83695652173913
2018 -0.83695652173913
2018 -0.83695652173913
2018 -0.83695652173913
2018 -0.83695652173913
2018 -0.83695652173913
2018 -0.83695652173913
2018 -0.83695652173913
2018 -0.83695652173913
2018 -0.83695652173913
2018 -0.83695652173913
2018 -0.83695652173913
2018 -0.83695652173913
2018 -0.83695652173913
2018 -0.83695652173913
2018 -0.83695652173913
2018 -0.83695652173913
2018 -0.83695652173913
2018 -0.83695652173913
2018 -0.83695652173913
2018 -0.83695652173913
2018 -0.83695652173913
2018 -0.83695652173913
2018 -0.83695652173913
2018 -0.83695652173913
2018 -0.83695652173913
2018 -0.83695652173913
2018 -0.83695652173913
2018 -0.83695652173913
2018 -0.83695652173913
2018 -0.83695652173913
2018 -0.83695652173913
2018 -0.43695652173913
2018 -0.43695652173913
2018 0.46304347826087
2018 0.16304347826087
2018 2.96304347826087
2018 1.96304347826087
2018 0.0630434782608695
2018 -0.0369565217391304
2018 -0.63695652173913
2018 -0.83695652173913
2018 -0.83695652173913
2018 0.0630434782608695
2018 -0.33695652173913
2018 0.0630434782608695
2018 0.0630434782608695
2018 -0.136956521739131
2018 0.363043478260869
2018 0.363043478260869
2018 0.363043478260869
2018 0.363043478260869
2018 -0.136956521739131
2018 0.76304347826087
2018 0.563043478260869
2018 0.863043478260869
2018 -0.236956521739131
2018 0.66304347826087
2018 0.96304347826087
2018 3.96304347826087
2018 3.06304347826087
2018 -0.536956521739131
2018 0.863043478260869
2018 0.563043478260869
2018 0.96304347826087
2018 0.76304347826087
2018 0.46304347826087
2018 0.76304347826087
2018 1.06304347826087
2018 0.76304347826087
2018 3.06304347826087
2018 12.2630434782609
2018 2.26304347826087
2018 2.26304347826087
2018 2.16304347826087
2018 2.06304347826087
2018 2.06304347826087
2018 2.16304347826087
2018 2.16304347826087
2018 1.96304347826087
2018 2.36304347826087
2018 2.16304347826087
2018 2.16304347826087
2018 1.96304347826087
2018 0.66304347826087
2018 0.46304347826087
2018 2.06304347826087
2018 21.6630434782609
2018 29.9630434782609
2018 21.1630434782609
2018 20.0630434782609
2018 18.8630434782609
2018 26.0630434782609
2018 28.5630434782609
2018 25.8630434782609
2018 22.3630434782609
2018 23.1630434782609
2018 18.7630434782609
2018 15.0630434782609
2018 11.3630434782609
2018 7.66304347826087
2018 7.06304347826087
2018 7.06304347826087
2018 6.96304347826087
2018 6.96304347826087
2018 7.16304347826087
2018 7.16304347826087
2018 7.06304347826087
2018 7.06304347826087
2018 6.96304347826087
2018 6.86304347826087
2018 7.06304347826087
2018 6.86304347826087
2018 6.86304347826087
2018 6.76304347826087
2018 6.86304347826087
2018 7.06304347826087
2018 7.16304347826087
2018 6.86304347826087
2018 6.66304347826087
2018 5.66304347826087
2018 4.66304347826087
2018 4.26304347826087
2018 12.3630434782609
2018 24.1630434782609
2018 21.0630434782609
2018 19.0630434782609
2018 18.6630434782609
2018 18.6630434782609
2018 26.4630434782609
2018 26.8630434782609
2018 31.9630434782609
2018 29.9630434782609
2018 28.7630434782609
2018 29.1630434782609
2018 26.7630434782609
2018 26.2630434782609
2018 26.4630434782609
2018 24.5630434782609
2018 22.6630434782609
2018 24.8630434782609
2018 26.0630434782609
2018 25.3630434782609
2018 25.3630434782609
2018 28.4630434782609
2018 33.9630434782609
2018 31.8630434782609
2018 33.0630434782609
2018 32.7630434782609
2018 33.3630434782609
2018 32.3630434782609
2018 39.1630434782609
2018 43.3630434782609
2018 43.3630434782609
2018 42.6630434782609
2018 40.9630434782609
2018 43.0630434782609
2018 48.3630434782609
2018 50.9630434782609
2018 49.2630434782609
2018 46.4630434782609
2018 42.0630434782609
2018 39.8630434782609
2018 38.1630434782609
2018 35.9630434782609
2018 37.5630434782609
2018 42.1630434782609
2018 40.4630434782609
2018 48.4630434782609
2018 60.0630434782609
2018 62.4630434782609
2018 58.0630434782609
2018 56.8630434782609
2018 53.6630434782609
2018 52.1630434782609
2018 50.6630434782609
2018 48.7630434782609
2018 46.6630434782609
2018 46.2630434782609
2018 42.6630434782609
2018 38.0630434782609
2018 39.5630434782609
2018 37.1630434782609
2018 33.9630434782609
2018 32.9630434782609
2018 34.9630434782609
2018 29.8630434782609
2018 25.9630434782609
2018 21.3630434782609
2018 15.1630434782609
2018 11.2630434782609
2018 8.26304347826087
2018 5.86304347826087
2018 2.26304347826087
2018 8.86304347826087
2018 4.96304347826087
2018 2.46304347826087
2018 -0.33695652173913
2018 -0.33695652173913
2018 -0.736956521739131
2018 -0.83695652173913
2018 -0.736956521739131
2018 -0.33695652173913
2018 -0.33695652173913
2018 -0.136956521739131
2018 -0.0369565217391304
2018 0.0630434782608695
2018 0.0630434782608695
2018 0.0630434782608695
2018 -0.236956521739131
2018 -0.33695652173913
2018 -0.0369565217391304
2018 0.26304347826087
2018 0.363043478260869
2018 0.26304347826087
2018 0.0630434782608695
2018 -0.0369565217391304
2018 -0.33695652173913
2018 -0.0369565217391304
2018 0.0630434782608695
2018 0.0630434782608695
2018 -0.0369565217391304
2018 0.16304347826087
2018 0.16304347826087
2018 0.16304347826087
2018 0.563043478260869
2018 0.66304347826087
2018 0.363043478260869
2018 0.363043478260869
2018 -0.236956521739131
2018 -0.0369565217391304
2018 0.16304347826087
2018 0.46304347826087
2018 0.363043478260869
2018 0.66304347826087
2018 0.96304347826087
2018 1.16304347826087
2018 1.36304347826087
2018 0.76304347826087
2018 0.363043478260869
2018 1.16304347826087
2018 1.56304347826087
2018 1.76304347826087
2018 1.36304347826087
2018 2.06304347826087
2018 1.06304347826087
2018 2.16304347826087
2018 1.26304347826087
2018 0.0630434782608695
2018 0.0630434782608695
2018 -0.236956521739131
2018 -0.43695652173913
2018 -0.536956521739131
2018 -0.236956521739131
2018 0.16304347826087
2018 0.0630434782608695
2018 -0.0369565217391304
2018 -0.136956521739131
2018 -0.136956521739131
2018 -0.33695652173913
2018 -0.136956521739131
2018 -0.33695652173913
2018 0.0630434782608695
2018 -0.0369565217391304
2018 0.0630434782608695
2018 0.0630434782608695
2018 0.16304347826087
2018 0.26304347826087
2018 -0.136956521739131
2018 -0.136956521739131
2018 0.0630434782608695
2018 -0.136956521739131
2018 -0.236956521739131
2018 0.16304347826087
2018 0.96304347826087
2018 0.363043478260869
2018 0.26304347826087
2018 0.563043478260869
2018 0.46304347826087
2018 0.46304347826087
2018 0.96304347826087
2018 1.76304347826087
2018 0.563043478260869
2018 -0.33695652173913
2018 -0.236956521739131
2018 -0.0369565217391304
2018 -0.136956521739131
2018 -0.236956521739131
2018 -0.0369565217391304
2018 -0.33695652173913
2018 -0.536956521739131
2018 -0.33695652173913
2018 0.16304347826087
2018 0.16304347826087
2018 -0.136956521739131
2018 -0.0369565217391304
2018 -0.43695652173913
2018 -0.43695652173913
2018 -0.43695652173913
2018 -0.0369565217391304
2018 -0.536956521739131
2018 -0.236956521739131
2018 -0.0369565217391304
2018 -0.0369565217391304
2018 -0.0369565217391304
2018 -0.236956521739131
2018 -0.33695652173913
2018 -0.136956521739131
2018 -0.43695652173913
2018 0.0630434782608695
2018 -0.536956521739131
2018 -0.43695652173913
2018 -0.236956521739131
2018 0.0630434782608695
2018 0.16304347826087
2018 -0.236956521739131
2018 -0.0369565217391304
2018 0.96304347826087
2018 NA
2018 NA
2018 NA
2018 -0.83695652173913
2018 NA
2018 NA
2018 NA
2018 NA
2018 NA
2018 NA
2018 NA
2018 NA
2018 NA
2018 NA
2018 NA
2018 NA
2018 NA
2019 NA
2019 NA
2019 NA
2019 NA
2019 NA
2019 NA
2019 NA
2019 NA
2019 NA
2019 NA
2019 NA
2019 NA
2019 NA
2019 NA
2019 NA
2019 NA
2019 -0.198387096774194
2019 0.00161290322580643
2019 -0.198387096774194
2019 -0.498387096774194
2019 -0.0983870967741935
2019 0.00161290322580643
2019 -0.0983870967741935
2019 -0.298387096774194
2019 -0.0983870967741935
2019 -0.0983870967741935
2019 -0.498387096774194
2019 -0.798387096774194
2019 -0.398387096774194
2019 0.201612903225806
2019 0.601612903225807
2019 0.201612903225806
2019 -0.198387096774194
2019 -0.0983870967741935
2019 -0.498387096774194
2019 0.301612903225806
2019 0.301612903225806
2019 0.101612903225807
2019 0.00161290322580643
2019 -0.198387096774194
2019 0.101612903225807
2019 -0.198387096774194
2019 -0.298387096774194
2019 -0.0983870967741935
2019 0.101612903225807
2019 0.101612903225807
2019 0.201612903225806
2019 0.00161290322580643
2019 0.00161290322580643
2019 0.101612903225807
2019 0.201612903225806
2019 -0.198387096774194
2019 0.101612903225807
2019 -0.0983870967741935
2019 -0.198387096774194
2019 0.401612903225806
2019 0.601612903225807
2019 0.801612903225806
2019 0.701612903225806
2019 0.901612903225806
2019 0.601612903225807
2019 0.601612903225807
2019 0.701612903225806
2019 0.301612903225806
2019 0.301612903225806
2019 0.601612903225807
2019 0.601612903225807
2019 0.601612903225807
2019 0.501612903225806
2019 0.601612903225807
2019 0.601612903225807
2019 0.801612903225806
2019 0.501612903225806
2019 0.501612903225806
2019 0.401612903225806
2019 0.101612903225807
2019 0.501612903225806
2019 0.501612903225806
2019 0.301612903225806
2019 1.00161290322581
2019 4.60161290322581
2019 4.00161290322581
2019 2.30161290322581
2019 2.40161290322581
2019 2.20161290322581
2019 0.801612903225806
2019 0.801612903225806
2019 0.501612903225806
2019 0.101612903225807
2019 0.401612903225806
2019 0.901612903225806
2019 0.501612903225806
2019 0.901612903225806
2019 0.601612903225807
2019 0.101612903225807
2019 0.601612903225807
2019 0.701612903225806
2019 0.501612903225806
2019 -0.498387096774194
2019 0.101612903225807
2019 0.701612903225806
2019 0.901612903225806
2019 0.801612903225806
2019 0.601612903225807
2019 0.801612903225806
2019 0.901612903225806
2019 1.00161290322581
2019 0.901612903225806
2019 0.801612903225806
2019 2.20161290322581
2019 12.0016129032258
2019 9.60161290322581
2019 8.00161290322581
2019 5.20161290322581
2019 4.40161290322581
2019 3.80161290322581
2019 2.50161290322581
2019 1.50161290322581
2019 1.70161290322581
2019 0.601612903225807
2019 0.901612903225806
2019 0.701612903225806
2019 0.701612903225806
2019 0.801612903225806
2019 0.801612903225806
2019 1.00161290322581
2019 0.801612903225806
2019 0.601612903225807
2019 0.701612903225806
2019 0.801612903225806
2019 0.801612903225806
2019 0.901612903225806
2019 0.801612903225806
2019 0.901612903225806
2019 0.701612903225806
2019 0.801612903225806
2019 0.601612903225807
2019 0.801612903225806
2019 1.10161290322581
2019 2.20161290322581
2019 2.10161290322581
2019 0.701612903225806
2019 0.201612903225806
2019 0.201612903225806
2019 0.00161290322580643
2019 0.101612903225807
2019 0.901612903225806
2019 0.201612903225806
2019 2.60161290322581
2019 5.10161290322581
2019 0.901612903225806
2019 1.10161290322581
2019 5.50161290322581
2019 13.3016129032258
2019 21.3016129032258
2019 32.9016129032258
2019 27.5016129032258
2019 27.3016129032258
2019 25.2016129032258
2019 25.5016129032258
2019 22.6016129032258
2019 22.0016129032258
2019 22.3016129032258
2019 24.8016129032258
2019 23.3016129032258
2019 22.4016129032258
2019 22.1016129032258
2019 20.0016129032258
2019 19.0016129032258
2019 18.9016129032258
2019 17.5016129032258
2019 17.3016129032258
2019 16.8016129032258
2019 14.7016129032258
2019 13.5016129032258
2019 13.3016129032258
2019 13.6016129032258
2019 12.0016129032258
2019 10.4016129032258
2019 9.20161290322581
2019 7.20161290322581
2019 6.70161290322581
2019 6.10161290322581
2019 5.00161290322581
2019 5.10161290322581
2019 4.00161290322581
2019 3.00161290322581
2019 1.90161290322581
2019 1.50161290322581
2019 0.501612903225806
2019 0.501612903225806
2019 0.501612903225806
2019 0.501612903225806
2019 0.601612903225807
2019 0.501612903225806
2019 0.401612903225806
2019 0.101612903225807
2019 0.401612903225806
2019 0.501612903225806
2019 0.301612903225806
2019 0.00161290322580643
2019 -0.398387096774194
2019 -0.898387096774194
2019 -0.398387096774194
2019 -0.498387096774194
2019 -0.198387096774194
2019 0.201612903225806
2019 0.401612903225806
2019 0.101612903225807
2019 0.00161290322580643
2019 -0.598387096774194
2019 -0.598387096774194
2019 0.00161290322580643
2019 0.101612903225807
2019 0.701612903225806
2019 5.60161290322581
2019 23.5016129032258
2019 17.7016129032258
2019 15.5016129032258
2019 14.5016129032258
2019 12.9016129032258
2019 11.3016129032258
2019 10.2016129032258
2019 8.80161290322581
2019 5.60161290322581
2019 3.70161290322581
2019 2.70161290322581
2019 1.30161290322581
2019 -0.0983870967741935
2019 0.201612903225806
2019 0.101612903225807
2019 -0.398387096774194
2019 -0.398387096774194
2019 -0.198387096774194
2019 0.801612903225806
2019 0.501612903225806
2019 0.401612903225806
2019 0.501612903225806
2019 0.101612903225807
2019 0.901612903225806
2019 0.901612903225806
2019 0.00161290322580643
2019 0.101612903225807
2019 0.401612903225806
2019 0.701612903225806
2019 0.701612903225806
2019 2.60161290322581
2019 0.101612903225807
2019 0.201612903225806
2019 0.901612903225806
2019 0.501612903225806
2019 0.401612903225806
2019 0.601612903225807
2019 2.00161290322581
2019 0.801612903225806
2019 0.201612903225806
2019 0.601612903225807
2019 0.401612903225806
2019 0.601612903225807
2019 0.801612903225806
2019 0.801612903225806
2019 0.701612903225806
2019 0.401612903225806
2019 0.201612903225806
2019 0.00161290322580643
2019 0.301612903225806
2019 0.201612903225806
2019 0.401612903225806
2019 0.401612903225806
2019 0.301612903225806
2019 0.801612903225806
2019 0.301612903225806
2019 0.00161290322580643
2019 -0.0983870967741935
2019 -0.198387096774194
2019 0.00161290322580643
2019 -0.0983870967741935
2019 0.501612903225806
2019 0.401612903225806
2019 -0.0983870967741935
2019 0.101612903225807
2019 0.201612903225806
2019 -0.198387096774194
2019 -0.0983870967741935
2019 -0.0983870967741935
2019 -0.298387096774194
2019 -0.598387096774194
2019 -0.398387096774194
2019 -0.298387096774194
2019 -0.198387096774194
2019 0.00161290322580643
2019 0.00161290322580643
2019 -0.0983870967741935
2019 -0.298387096774194
2019 0.101612903225807
2019 -0.0983870967741935
2019 -0.198387096774194
2019 -0.198387096774194
2019 -0.398387096774194
2019 -0.698387096774194
2019 -0.298387096774194
2019 -0.0983870967741935
2019 -0.398387096774194
2019 -0.298387096774194
2019 0.00161290322580643
2019 0.101612903225807
2019 0.00161290322580643
2019 -0.0983870967741935
2019 -0.198387096774194
2019 -0.198387096774194
2019 -0.198387096774194
2019 -0.0983870967741935
2019 0.00161290322580643
2019 0.101612903225807
2019 -0.0983870967741935
2019 -0.298387096774194
2019 -0.198387096774194
2019 -0.0983870967741935
2019 -0.0983870967741935
2019 -0.0983870967741935
2019 -0.198387096774194
2019 -0.198387096774194
2019 -0.0983870967741935
2019 -0.198387096774194
2019 -0.198387096774194
2019 -0.198387096774194
2019 -0.398387096774194
2019 -0.398387096774194
2019 -0.298387096774194
2019 -0.0983870967741935
2019 0.601612903225807
2019 0.101612903225807
2019 0.00161290322580643
2019 0.201612903225806
2019 0.101612903225807
2019 0.201612903225806
2019 -0.0983870967741935
2019 0.501612903225806
2019 0.901612903225806
2019 1.50161290322581
2019 1.40161290322581
2019 0.801612903225806
2019 0.00161290322580643
2019 0.00161290322580643
2019 -0.198387096774194
2019 -0.0983870967741935
2019 -0.0983870967741935
2019 -0.0983870967741935
2019 0.101612903225807
2019 0.00161290322580643
2019 0.00161290322580643
2019 0.00161290322580643
2019 -0.0983870967741935
2019 -0.0983870967741935
2019 -0.298387096774194
2019 -0.0983870967741935
2019 -0.0983870967741935
2019 -0.198387096774194
2019 0.00161290322580643
2019 -0.0983870967741935
2019 -0.198387096774194
2019 -0.0983870967741935
2019 -0.198387096774194
2019 -0.198387096774194
2019 -0.0983870967741935
2020 -0.746153846153846
2020 -0.546153846153846
2020 -0.746153846153846
2020 -0.746153846153846
2020 -1.14615384615385
2020 -0.146153846153846
2020 -0.346153846153846
2020 -0.046153846153846
2020 -0.446153846153846
2020 -0.746153846153846
2020 -0.946153846153846
2020 -0.746153846153846
2020 -0.846153846153846
2020 -0.946153846153846
2020 -0.846153846153846
2020 -0.846153846153846
2020 -0.746153846153846
2020 -0.746153846153846
2020 -0.546153846153846
2020 -0.546153846153846
2020 -1.04615384615385
2020 -0.346153846153846
2020 -0.346153846153846
2020 -0.546153846153846
2020 -0.446153846153846
2020 -0.546153846153846
2020 -0.446153846153846
2020 -0.546153846153846
2020 -0.346153846153846
2020 -0.546153846153846
2020 -0.546153846153846
2020 -0.646153846153846
2020 -0.546153846153846
2020 -0.046153846153846
2020 -0.446153846153846
2020 -0.246153846153846
2020 -0.246153846153846
2020 -0.046153846153846
2020 -0.046153846153846
2020 -0.646153846153846
2020 -0.946153846153846
2020 -0.546153846153846
2020 -0.546153846153846
2020 -0.546153846153846
2020 -0.346153846153846
2020 -0.346153846153846
2020 -0.746153846153846
2020 -0.346153846153846
2020 -0.346153846153846
2020 -0.546153846153846
2020 -0.546153846153846
2020 -0.746153846153846
2020 -0.846153846153846
2020 -0.446153846153846
2020 -0.646153846153846
2020 -1.04615384615385
2020 -0.746153846153846
2020 -0.446153846153846
2020 -0.046153846153846
2020 -0.046153846153846
2020 0.0538461538461539
2020 0.153846153846154
2020 0.153846153846154
2020 0.153846153846154
2020 -0.146153846153846
2020 0.0538461538461539
2020 0.0538461538461539
2020 0.253846153846154
2020 12.0538461538462
2020 13.3538461538462
2020 10.1538461538462
2020 12.0538461538462
2020 12.7538461538462
2020 28.9538461538462
2020 24.5538461538462
2020 30.7538461538462
2020 28.6538461538462
2020 36.8538461538462
2020 34.9538461538462
2020 49.1538461538462
2020 46.3538461538462
2020 43.6538461538462
2020 42.3538461538462
2020 43.8538461538462
2020 37.1538461538462
2020 29.7538461538462
2020 28.9538461538462
2020 27.5538461538462
2020 26.4538461538462
2020 25.8538461538462
2020 25.2538461538462
2020 25.8538461538462
2020 29.1538461538462
2020 28.7538461538462
2020 28.2538461538462
2020 28.1538461538462
2020 28.6538461538462
2020 28.6538461538462
2020 28.5538461538462
2020 28.9538461538462
2020 28.8538461538462
2020 28.8538461538462
2020 33.5538461538462
2020 37.8538461538462
2020 35.1538461538462
2020 34.3538461538462
2020 28.6538461538462
2020 25.7538461538462
2020 20.9538461538462
2020 20.2538461538462
2020 17.6538461538462
2020 19.2538461538462
2020 20.6538461538462
2020 19.9538461538462
2020 20.3538461538462
2020 20.7538461538462
2020 21.0538461538462
2020 20.2538461538462
2020 19.9538461538462
2020 17.6538461538462
2020 17.1538461538462
2020 17.4538461538462
2020 17.7538461538462
2020 17.4538461538462
2020 16.7538461538462
2020 15.4538461538462
2020 16.7538461538462
2020 17.5538461538462
2020 16.8538461538462
2020 15.7538461538462
2020 17.6538461538462
2020 18.3538461538462
2020 17.9538461538462
2020 17.6538461538462
2020 18.1538461538462
2020 18.3538461538462
2020 18.2538461538462
2020 17.6538461538462
2020 18.1538461538462
2020 18.1538461538462
2020 17.6538461538462
2020 18.1538461538462
2020 17.6538461538462
2020 17.8538461538462
2020 17.5538461538462
2020 18.0538461538462
2020 18.0538461538462
2020 16.2538461538462
2020 16.0538461538462
2020 18.4538461538462
2020 18.2538461538462
2020 18.5538461538462
2020 18.3538461538462
2020 17.9538461538462
2020 15.0538461538462
2020 12.8538461538462
2020 9.15384615384616
2020 9.05384615384615
2020 9.35384615384615
2020 8.85384615384615
2020 7.55384615384615
2020 7.25384615384615
2020 7.45384615384615
2020 5.45384615384615
2020 4.05384615384615
2020 4.65384615384615
2020 9.95384615384615
2020 9.95384615384615
2020 9.45384615384615
2020 7.25384615384615
2020 3.85384615384615
2020 2.35384615384615
2020 2.55384615384615
2020 2.25384615384615
2020 2.15384615384615
2020 0.253846153846154
2020 -0.646153846153846
2020 0.0538461538461539
2020 0.153846153846154
2020 0.0538461538461539
2020 -0.246153846153846
2020 0.153846153846154
2020 1.85384615384615
2020 8.55384615384615
2020 21.0538461538462
2020 19.0538461538462
2020 19.1538461538462
2020 36.7538461538462
2020 32.1538461538462
2020 30.0538461538462
2020 29.4538461538462
2020 27.9538461538462
2020 23.0538461538462
2020 17.3538461538462
2020 12.5538461538462
2020 11.6538461538462
2020 12.4538461538462
2020 9.95384615384615
2020 7.55384615384615
2020 6.35384615384615
2020 4.25384615384615
2020 1.05384615384615
2020 -0.446153846153846
2020 -0.146153846153846
2020 -0.046153846153846
2020 -0.446153846153846
2020 -0.646153846153846
2020 0.653846153846154
2020 1.45384615384615
2020 0.0538461538461539
2020 -0.446153846153846
2020 -0.146153846153846
2020 3.65384615384615
2020 2.45384615384615
2020 0.553846153846154
2020 -0.846153846153846
2020 -0.846153846153846
2020 -0.946153846153846
2020 -0.946153846153846
2020 -0.946153846153846
2020 -1.04615384615385
2020 -1.34615384615385
2020 -1.24615384615385
2020 -1.04615384615385
2020 -0.846153846153846
2020 -0.446153846153846
2020 -0.946153846153846
2020 -0.746153846153846
2020 -1.04615384615385
2020 -0.946153846153846
2020 -1.14615384615385
2020 -0.846153846153846
2020 -0.046153846153846
2020 -0.646153846153846
2020 -0.846153846153846
2020 -0.746153846153846
2020 -0.646153846153846
2020 -0.546153846153846
2020 -0.346153846153846
2020 -0.346153846153846
2020 -0.046153846153846
2020 -0.146153846153846
2020 -0.346153846153846
2020 -0.246153846153846
2020 -0.746153846153846
2020 -0.846153846153846
2020 -0.546153846153846
2020 -0.546153846153846
2020 -0.546153846153846
2020 -0.646153846153846
2020 -0.946153846153846
2020 -0.746153846153846
2020 -0.646153846153846
2020 -0.246153846153846
2020 -0.446153846153846
2020 -0.346153846153846
2020 -0.646153846153846
2020 -0.446153846153846
2020 -0.446153846153846
2020 -0.546153846153846
2020 -0.946153846153846
2020 -0.446153846153846
2020 -0.646153846153846
2020 -0.746153846153846
2020 -0.846153846153846
2020 -0.646153846153846
2020 -0.746153846153846
2020 -1.34615384615385
2020 -0.946153846153846
2020 -0.646153846153846
2020 -0.346153846153846
2020 0.953846153846154
2020 0.753846153846154
2020 -0.146153846153846
2020 -0.346153846153846
2020 -0.246153846153846
2020 -0.646153846153846
2020 0.553846153846154
2020 0.453846153846154
2020 0.253846153846154
2020 2.05384615384615
2020 1.95384615384615
2020 1.35384615384615
2020 2.45384615384615
2020 3.45384615384615
2020 -0.946153846153846
2020 -0.646153846153846
2020 -0.646153846153846
2020 -0.646153846153846
2020 -0.546153846153846
2020 -0.546153846153846
2020 -0.746153846153846
2020 -0.646153846153846
2020 -0.746153846153846
2020 -0.846153846153846
2020 -0.946153846153846
2020 -1.04615384615385
2020 -0.746153846153846
2020 -0.646153846153846
2020 -0.646153846153846
2020 -0.746153846153846
2020 -0.846153846153846
2020 -0.646153846153846
2020 -0.646153846153846
2020 0.153846153846154
2020 0.153846153846154
2020 0.353846153846154
2020 2.45384615384615
2020 NA
2020 NA
2020 NA
2020 NA
2020 NA
2020 NA
2020 NA
2020 NA
2020 NA
2020 NA
2020 -0.746153846153846
2020 -0.746153846153846
2020 -0.746153846153846
2020 -0.946153846153846
2020 -0.746153846153846
2020 -0.846153846153846
2020 -0.846153846153846
2020 -0.846153846153846
2020 -0.746153846153846
2020 -0.546153846153846
2020 -0.746153846153846
2020 -0.746153846153846
2020 -0.746153846153846
2020 -0.746153846153846
2020 -0.546153846153846
2020 -0.346153846153846
2020 -1.14615384615385
2020 -1.14615384615385
2020 -0.846153846153846
2020 -0.846153846153846
2020 -0.646153846153846
2020 -0.846153846153846
2020 0.553846153846154
2020 -0.446153846153846
2020 0.153846153846154
2020 -0.446153846153846
2020 -0.346153846153846
2020 -0.446153846153846
2020 -0.146153846153846
2020 -0.546153846153846
2020 -0.546153846153846
2020 -0.346153846153846
2020 0.153846153846154
2020 0.353846153846154
2020 -0.046153846153846
2020 -0.246153846153846
2020 -0.146153846153846
2020 0.0538461538461539
2020 0.453846153846154
2020 -0.146153846153846
2020 1.15384615384615
2020 1.55384615384615
2020 0.653846153846154
2020 2.25384615384615
2020 2.45384615384615
2020 3.05384615384615
2020 3.25384615384615
2020 1.75384615384615
2021 4.39193548387097
2021 3.69193548387097
2021 2.89193548387097
2021 0.691935483870968
2021 0.191935483870968
2021 0.491935483870968
2021 0.391935483870968
2021 0.491935483870968
2021 0.191935483870968
2021 0.391935483870968
2021 0.391935483870968
2021 0.391935483870968
2021 0.191935483870968
2021 0.0919354838709677
2021 0.291935483870968
2021 0.391935483870968
2021 0.291935483870968
2021 0.291935483870968
2021 0.291935483870968
2021 0.391935483870968
2021 0.591935483870968
2021 0.591935483870968
2021 0.691935483870968
2021 0.791935483870968
2021 0.691935483870968
2021 0.191935483870968
2021 0.991935483870968
2021 0.891935483870968
2021 -0.00806451612903225
2021 0.191935483870968
2021 0.791935483870968
2021 0.991935483870968
2021 0.991935483870968
2021 1.19193548387097
2021 1.09193548387097
2021 0.791935483870968
2021 0.691935483870968
2021 0.391935483870968
2021 0.291935483870968
2021 0.591935483870968
2021 5.79193548387097
2021 4.49193548387097
2021 0.691935483870968
2021 0.0919354838709677
2021 3.19193548387097
2021 2.29193548387097
2021 0.891935483870968
2021 0.391935483870968
2021 0.391935483870968
2021 0.291935483870968
2021 0.491935483870968
2021 0.391935483870968
2021 0.491935483870968
2021 0.391935483870968
2021 0.491935483870968
2021 0.491935483870968
2021 0.391935483870968
2021 -0.00806451612903225
2021 -0.108064516129032
2021 0.0919354838709677
2021 NA
2021 NA
2021 NA
2021 NA
2021 NA
2021 NA
2021 NA
2021 NA
2021 NA
2021 NA
2021 -0.208064516129032
2021 -0.00806451612903225
2021 0.391935483870968
2021 0.391935483870968
2021 0.191935483870968
2021 0.0919354838709677
2021 0.291935483870968
2021 -0.208064516129032
2021 -0.108064516129032
2021 -0.208064516129032
2021 -0.108064516129032
2021 NA
2021 NA
2021 NA
2021 NA
2021 -0.108064516129032
2021 -0.208064516129032
2021 0.291935483870968
2021 0.291935483870968
2021 0.191935483870968
2021 -0.00806451612903225
2021 0.391935483870968
2021 15.191935483871
2021 20.391935483871
2021 19.791935483871
2021 33.191935483871
2021 28.491935483871
2021 30.191935483871
2021 49.191935483871
2021 66.991935483871
2021 70.291935483871
2021 67.191935483871
2021 65.391935483871
2021 63.891935483871
2021 61.191935483871
2021 60.991935483871
2021 59.591935483871
2021 57.291935483871
2021 57.691935483871
2021 58.091935483871
2021 56.391935483871
2021 52.591935483871
2021 51.391935483871
2021 50.091935483871
2021 44.991935483871
2021 43.091935483871
2021 41.791935483871
2021 41.391935483871
2021 54.391935483871
2021 60.191935483871
2021 59.191935483871
2021 59.591935483871
2021 64.791935483871
2021 91.991935483871
2021 109.091935483871
2021 103.191935483871
2021 98.791935483871
2021 102.291935483871
2021 94.791935483871
2021 93.091935483871
2021 92.291935483871
2021 90.291935483871
2021 86.891935483871
2021 86.391935483871
2021 84.691935483871
2021 85.191935483871
2021 84.591935483871
2021 82.791935483871
2021 82.691935483871
2021 81.891935483871
2021 81.391935483871
2021 81.391935483871
2021 81.791935483871
2021 94.391935483871
2021 114.691935483871
2021 112.291935483871
2021 104.191935483871
2021 103.591935483871
2021 103.391935483871
2021 102.191935483871
2021 100.691935483871
2021 98.591935483871
2021 104.691935483871
2021 103.391935483871
2021 102.391935483871
2021 100.991935483871
2021 95.291935483871
2021 90.591935483871
2021 87.991935483871
2021 86.391935483871
2021 87.091935483871
2021 85.991935483871
2021 98.691935483871
2021 103.191935483871
2021 102.091935483871
2021 99.691935483871
2021 97.991935483871
2021 97.691935483871
2021 94.991935483871
2021 91.691935483871
2021 91.491935483871
2021 91.791935483871
2021 88.091935483871
2021 85.091935483871
2021 84.291935483871
2021 80.291935483871
2021 80.091935483871
2021 78.791935483871
2021 76.491935483871
2021 72.191935483871
2021 72.191935483871
2021 67.991935483871
2021 66.491935483871
2021 65.791935483871
2021 63.991935483871
2021 60.891935483871
2021 58.291935483871
2021 58.891935483871
2021 60.491935483871
2021 59.991935483871
2021 60.491935483871
2021 60.391935483871
2021 57.791935483871
2021 55.391935483871
2021 61.391935483871
2021 64.991935483871
2021 61.691935483871
2021 61.991935483871
2021 61.491935483871
2021 61.491935483871
2021 60.891935483871
2021 61.491935483871
2021 60.291935483871
2021 58.691935483871
2021 59.591935483871
2021 NA
2021 NA
2021 NA
2021 NA
2021 NA
2021 34.391935483871
2021 31.391935483871
2021 26.291935483871
2021 20.091935483871
2021 13.391935483871
2021 11.091935483871
2021 8.09193548387097
2021 6.29193548387097
2021 6.09193548387097
2021 4.79193548387097
2021 3.19193548387097
2021 2.29193548387097
2021 6.89193548387097
2021 7.49193548387097
2021 18.391935483871
2021 15.091935483871
2021 16.591935483871
2021 20.291935483871
2021 17.691935483871
2021 15.591935483871
2021 14.991935483871
2021 14.791935483871
2021 12.291935483871
2021 8.69193548387097
2021 3.39193548387097
2021 -0.00806451612903225
2021 -0.00806451612903225
2021 0.391935483870968
2021 0.191935483870968
2021 0.391935483870968
2021 0.491935483870968
2021 0.391935483870968
2021 0.291935483870968
2021 0.291935483870968
2021 0.191935483870968
2021 0.191935483870968
2021 0.291935483870968
2021 0.0919354838709677
2021 0.191935483870968
2021 0.0919354838709677
2021 -0.00806451612903225
2021 -0.00806451612903225
2021 0.391935483870968
2021 0.291935483870968
2021 0.291935483870968
2021 0.391935483870968
2021 0.391935483870968
2021 0.291935483870968
2021 0.191935483870968
2021 -0.00806451612903225
2021 0.191935483870968
2021 -0.00806451612903225
2021 0.191935483870968
2021 0.491935483870968
2021 0.191935483870968
2021 0.391935483870968
2021 0.291935483870968
2021 0.0919354838709677
2021 -0.00806451612903225
2021 0.0919354838709677
2021 0.191935483870968
2021 0.0919354838709677
2021 0.291935483870968
2021 0.191935483870968
2021 0.191935483870968
2021 -0.108064516129032
2021 0.0919354838709677
2021 0.0919354838709677
2021 0.191935483870968
2021 0.0919354838709677
2021 0.0919354838709677
2021 -0.108064516129032
2021 0.0919354838709677
2021 -0.108064516129032
2021 -0.108064516129032
2021 -0.308064516129032
2021 -0.00806451612903225
2021 -0.108064516129032
2021 -0.00806451612903225
2021 -0.108064516129032
2021 -0.108064516129032
2021 -0.308064516129032
2021 -0.308064516129032
2021 -0.308064516129032
2021 -0.208064516129032
2021 -0.208064516129032
2021 -0.208064516129032
2021 -0.308064516129032
2021 -0.408064516129032
2021 -0.208064516129032
2021 -0.208064516129032
2021 -0.108064516129032
2021 -0.00806451612903225
2021 -0.108064516129032
2021 0.491935483870968
2021 0.591935483870968
2021 0.391935483870968
2021 -0.108064516129032
2021 -0.108064516129032
2021 -0.208064516129032
2021 0.0919354838709677
2021 0.291935483870968
2021 0.391935483870968
2021 -0.108064516129032
2021 0.0919354838709677
2021 2.79193548387097
2021 2.89193548387097
2021 1.09193548387097
2021 1.09193548387097
2021 0.291935483870968
2021 0.591935483870968
2021 -0.208064516129032
2021 -0.308064516129032
2021 -0.408064516129032
2021 -0.108064516129032
2021 -0.408064516129032
2021 -0.308064516129032
2021 -0.408064516129032
2021 -0.408064516129032
2021 -0.308064516129032
2021 -0.508064516129032
2021 -0.408064516129032
2021 -0.408064516129032
2021 -0.308064516129032
2021 -0.00806451612903225
2021 -0.308064516129032
2021 -0.208064516129032
2021 -0.00806451612903225
2021 -0.108064516129032
2021 -0.308064516129032
2021 -0.00806451612903225
2021 -0.408064516129032
2021 -0.308064516129032
2021 -0.408064516129032
2021 -0.508064516129032
2021 -0.408064516129032
2021 -0.408064516129032
2021 -0.408064516129032
2021 -0.408064516129032
2021 -0.308064516129032
2021 -0.208064516129032
2021 -0.108064516129032
2021 -0.00806451612903225
2021 -0.108064516129032
2021 -0.108064516129032
2021 -0.108064516129032
2021 0.0919354838709677
2021 -0.108064516129032
2021 0.291935483870968
2021 -0.208064516129032
2021 -0.108064516129032
2021 -0.108064516129032
2021 -0.208064516129032
2021 -0.108064516129032
2021 -0.308064516129032
2022 -2.27096774193548
2022 -2.07096774193548
2022 -2.07096774193548
2022 -1.97096774193548
2022 -2.07096774193548
2022 -1.87096774193548
2022 -1.97096774193548
2022 -1.97096774193548
2022 -1.87096774193548
2022 -2.17096774193548
2022 -1.87096774193548
2022 -2.17096774193548
2022 -2.07096774193548
2022 -1.87096774193548
2022 -1.77096774193548
2022 -1.47096774193548
2022 -1.67096774193548
2022 -1.57096774193548
2022 -1.47096774193548
2022 -1.77096774193548
2022 -1.57096774193548
2022 -1.67096774193548
2022 -1.47096774193548
2022 -1.97096774193548
2022 -1.57096774193548
2022 -1.47096774193548
2022 -1.77096774193548
2022 -1.97096774193548
2022 -1.77096774193548
2022 -1.87096774193548
2022 -1.77096774193548
2022 -1.67096774193548
2022 -1.47096774193548
2022 -1.67096774193548
2022 -1.57096774193548
2022 -1.77096774193548
2022 -2.07096774193548
2022 -1.87096774193548
2022 -1.47096774193548
2022 -1.87096774193548
2022 -2.17096774193548
2022 -1.77096774193548
2022 -2.07096774193548
2022 -2.17096774193548
2022 -2.17096774193548
2022 -1.97096774193548
2022 -2.07096774193548
2022 -2.17096774193548
2022 -1.87096774193548
2022 -1.87096774193548
2022 -1.47096774193548
2022 -1.67096774193548
2022 -1.97096774193548
2022 -1.97096774193548
2022 -2.27096774193548
2022 -2.17096774193548
2022 -2.27096774193548
2022 -2.27096774193548
2022 -2.17096774193548
2022 -1.97096774193548
2022 -1.57096774193548
2022 -1.37096774193548
2022 -1.77096774193548
2022 -1.37096774193548
2022 -1.47096774193548
2022 -1.77096774193548
2022 -2.27096774193548
2022 -1.97096774193548
2022 -1.67096774193548
2022 -2.17096774193548
2022 -1.77096774193548
2022 -1.97096774193548
2022 -2.07096774193548
2022 -1.47096774193548
2022 -1.37096774193548
2022 -1.57096774193548
2022 -1.77096774193548
2022 -1.47096774193548
2022 -1.77096774193548
2022 -2.17096774193548
2022 -2.27096774193548
2022 -1.77096774193548
2022 -1.47096774193548
2022 -1.67096774193548
2022 -1.97096774193548
2022 -1.87096774193548
2022 -0.770967741935484
2022 2.12903225806452
2022 13.6290322580645
2022 9.42903225806452
2022 1.52903225806452
2022 1.62903225806452
2022 -0.270967741935484
2022 1.52903225806452
2022 1.82903225806452
2022 2.72903225806452
2022 2.22903225806452
2022 2.72903225806452
2022 10.2290322580645
2022 19.5290322580645
2022 18.6290322580645
2022 11.8290322580645
2022 6.62903225806452
2022 6.42903225806452
2022 5.82903225806452
2022 5.82903225806452
2022 5.82903225806452
2022 5.32903225806452
2022 4.62903225806452
2022 4.52903225806452
2022 4.82903225806452
2022 6.02903225806452
2022 4.72903225806452
2022 4.82903225806452
2022 4.52903225806452
2022 0.529032258064516
2022 -1.57096774193548
2022 -1.37096774193548
2022 -1.57096774193548
2022 -1.47096774193548
2022 -0.570967741935484
2022 -1.47096774193548
2022 -2.27096774193548
2022 -2.07096774193548
2022 -1.77096774193548
2022 -1.57096774193548
2022 -0.970967741935484
2022 -2.07096774193548
2022 -1.47096774193548
2022 -1.77096774193548
2022 -1.37096774193548
2022 -1.67096774193548
2022 -2.07096774193548
2022 -2.17096774193548
2022 -2.27096774193548
2022 -1.97096774193548
2022 -1.97096774193548
2022 -1.87096774193548
2022 -1.67096774193548
2022 -1.57096774193548
2022 -1.57096774193548
2022 -1.57096774193548
2022 -1.77096774193548
2022 -1.67096774193548
2022 -1.57096774193548
2022 -1.67096774193548
2022 -1.67096774193548
2022 -1.97096774193548
2022 -1.87096774193548
2022 -1.77096774193548
2022 -1.97096774193548
2022 -1.97096774193548
2022 -1.67096774193548
2022 -1.67096774193548
2022 -1.57096774193548
2022 -1.57096774193548
2022 -1.47096774193548
2022 -1.97096774193548
2022 -1.57096774193548
2022 -1.77096774193548
2022 -1.97096774193548
2022 -1.87096774193548
2022 -1.57096774193548
2022 -1.47096774193548
2022 -1.87096774193548
2022 -1.87096774193548
2022 -1.27096774193548
2022 17.8290322580645
2022 14.2290322580645
2022 12.3290322580645
2022 8.32903225806452
2022 5.72903225806452
2022 3.52903225806452
2022 2.72903225806452
2022 2.62903225806452
2022 2.12903225806452
2022 0.529032258064516
2022 -0.370967741935484
2022 -1.07096774193548
2022 -1.37096774193548
2022 -1.57096774193548
2022 -1.47096774193548
2022 -1.37096774193548
2022 -1.57096774193548
2022 -1.57096774193548
2022 -1.57096774193548
2022 -1.67096774193548
2022 -1.87096774193548
2022 -1.67096774193548
2022 -2.07096774193548
2022 -1.97096774193548
2022 -1.47096774193548
2022 -1.67096774193548
2022 -2.07096774193548
2022 -1.47096774193548
2022 -1.47096774193548
2022 -1.67096774193548
2022 -1.47096774193548
2022 -1.87096774193548
2022 -1.77096774193548
2022 -1.67096774193548
2022 -1.97096774193548
2022 -2.17096774193548
2022 -2.27096774193548
2022 -2.07096774193548
2022 -2.37096774193548
2022 -2.27096774193548
2022 -2.27096774193548
2022 -1.97096774193548
2022 -1.87096774193548
2022 -1.57096774193548
2022 -0.870967741935484
2022 1.42903225806452
2022 17.1290322580645
2022 16.3290322580645
2022 13.8290322580645
2022 11.4290322580645
2022 7.22903225806452
2022 3.42903225806452
2022 -1.07096774193548
2022 -2.37096774193548
2022 -2.27096774193548
2022 -2.27096774193548
2022 -2.27096774193548
2022 -2.27096774193548
2022 -2.37096774193548
2022 -2.37096774193548
2022 -2.37096774193548
2022 -2.37096774193548
2022 -2.37096774193548
2022 -2.37096774193548
2022 -2.37096774193548
2022 -2.37096774193548
2022 -1.97096774193548
2022 -1.77096774193548
2022 -1.77096774193548
2022 -2.07096774193548
2022 -1.57096774193548
2022 -2.17096774193548
2022 -1.97096774193548
2022 -2.17096774193548
2022 -1.87096774193548
2022 -1.97096774193548
2022 -2.27096774193548
2022 -2.27096774193548
2022 -2.17096774193548
2022 -2.07096774193548
2022 -1.57096774193548
2022 -1.67096774193548
2022 -1.67096774193548
2022 -2.07096774193548
2022 -2.17096774193548
2022 -2.27096774193548
2022 -2.27096774193548
2022 -1.97096774193548
2022 -2.17096774193548
2022 -2.17096774193548
2022 -1.97096774193548
2022 -2.27096774193548
2022 -2.17096774193548
2022 -2.07096774193548
2022 -2.27096774193548
2022 -2.27096774193548
2022 -2.27096774193548
2022 -2.07096774193548
2022 -1.97096774193548
2022 -1.77096774193548
2022 -2.17096774193548
2022 -1.87096774193548
2022 -1.57096774193548
2022 -1.07096774193548
2022 -1.47096774193548
2022 -1.17096774193548
2022 -1.07096774193548
2022 -1.57096774193548
2022 -0.670967741935484
2022 -0.770967741935484
2022 -0.870967741935484
2022 0.129032258064516
2022 0.529032258064516
2022 1.02903225806452
2022 -0.470967741935484
2022 -0.570967741935484
2022 0.629032258064516
2022 0.329032258064516
2022 2.32903225806452
2022 0.829032258064516
2022 3.42903225806452
2022 3.32903225806452
2022 2.32903225806452
2022 2.12903225806452
2022 2.82903225806452
2022 3.12903225806452
2022 3.22903225806452
2022 9.62903225806452
2022 6.52903225806452
2022 1.12903225806452
2022 -2.27096774193548
2022 -2.37096774193548
2022 -2.37096774193548
2022 -2.37096774193548
2022 -2.37096774193548
2022 -2.27096774193548
2022 -2.27096774193548
2022 -2.37096774193548
2022 -2.37096774193548
2022 -2.27096774193548
2022 -2.27096774193548
2022 -2.17096774193548
2022 -2.07096774193548
2022 -2.17096774193548
2022 -1.87096774193548
2022 -2.07096774193548
2022 -1.77096774193548
2022 -1.97096774193548
2022 -2.07096774193548
2022 -2.27096774193548
2022 -2.37096774193548
2022 -2.17096774193548
2022 -2.27096774193548
2022 -2.27096774193548
2022 -2.27096774193548
2022 -2.27096774193548
2022 -2.27096774193548
2022 -2.27096774193548
2022 -2.27096774193548
2022 -2.27096774193548
2022 -2.17096774193548
2022 -2.27096774193548
2022 -1.77096774193548
2022 -1.57096774193548
2022 -1.47096774193548
2022 -2.07096774193548
2022 -2.27096774193548
2022 -1.27096774193548
2022 -0.970967741935484
2022 -1.17096774193548
2022 -1.37096774193548
2022 -1.67096774193548
2022 -0.570967741935484
2022 -0.370967741935484
2022 -0.470967741935484
2022 0.0290322580645159
2022 -0.670967741935484
2022 0.929032258064516
2022 1.02903225806452
2022 1.62903225806452
2022 3.52903225806452
2022 3.42903225806452
2022 2.42903225806452
2022 2.02903225806452
2022 3.52903225806452
2022 4.42903225806452
2022 2.22903225806452
2022 1.92903225806452
2022 1.42903225806452
2022 2.92903225806452
2022 3.22903225806452
2022 6.02903225806452
2022 4.62903225806452
2022 6.32903225806452
2022 4.42903225806452
2022 3.82903225806452
2022 7.82903225806452
2022 7.02903225806452
2023 -24.5338983050847
2023 -24.7338983050847
2023 -25.0338983050847
2023 -24.7338983050847
2023 -25.4338983050847
2023 -32.6338983050847
2023 -35.7338983050847
2023 -35.8338983050847
2023 -35.9338983050847
2023 -35.9338983050847
2023 -35.9338983050847
2023 -35.9338983050847
2023 -35.7338983050847
2023 -35.8338983050847
2023 -35.7338983050847
2023 -35.7338983050847
2023 -35.8338983050847
2023 -35.9338983050847
2023 -35.9338983050847
2023 -35.9338983050847
2023 -35.9338983050847
2023 -35.9338983050847
2023 -35.9338983050847
2023 -35.9338983050847
2023 -35.9338983050847
2023 -35.8338983050847
2023 -35.9338983050847
2023 -35.9338983050847
2023 -35.9338983050847
2023 -35.9338983050847
2023 -35.8338983050847
2023 -35.8338983050847
2023 -35.8338983050847
2023 -35.9338983050847
2023 -35.7338983050847
2023 -35.9338983050847
2023 -35.9338983050847
2023 -35.9338983050847
2023 -35.9338983050847
2023 -35.8338983050847
2023 -35.8338983050847
2023 -35.4338983050847
2023 -35.2338983050847
2023 -35.1338983050847
2023 -35.1338983050847
2023 -35.5338983050847
2023 -35.9338983050847
2023 -35.9338983050847
2023 -35.9338983050847
2023 -35.9338983050847
2023 -35.9338983050847
2023 -35.7338983050847
2023 -35.8338983050847
2023 -35.9338983050847
2023 -35.9338983050847
2023 -35.9338983050847
2023 -35.9338983050847
2023 -35.9338983050847
2023 -35.9338983050847
2023 -35.9338983050847
2023 -35.9338983050847
2023 -35.9338983050847
2023 -35.9338983050847
2023 -35.8338983050847
2023 -35.7338983050847
2023 -35.9338983050847
2023 -35.9338983050847
2023 NA
2023 -35.9338983050847
2023 -35.8338983050847
2023 -35.5338983050847
2023 -35.9338983050847
2023 -35.9338983050847
2023 -35.9338983050847
2023 -35.8338983050847
2023 -35.9338983050847
2023 -35.7338983050847
2023 -35.9338983050847
2023 -35.8338983050847
2023 -35.7338983050847
2023 -35.6338983050847
2023 -35.6338983050847
2023 -30.1338983050847
2023 -35.9338983050847
2023 -35.9338983050847
2023 -35.9338983050847
2023 -35.9338983050847
2023 -35.9338983050847
2023 -35.5338983050847
2023 -35.4338983050847
2023 -35.6338983050847
2023 -35.2338983050847
2023 -35.4338983050847
2023 -33.9338983050847
2023 -31.2338983050847
2023 -28.5338983050847
2023 -29.9338983050847
2023 -30.3338983050847
2023 -29.6338983050847
2023 -17.8338983050847
2023 -18.7338983050847
2023 -19.5338983050847
2023 -20.2338983050847
2023 -18.5338983050847
2023 -17.2338983050847
2023 -15.8338983050847
2023 -11.8338983050847
2023 -16.3338983050847
2023 -16.7338983050847
2023 -15.8338983050847
2023 -15.1338983050847
2023 -17.9338983050847
2023 -20.0338983050847
2023 -20.6338983050847
2023 -20.8338983050847
2023 -20.6338983050847
2023 -23.5338983050847
2023 -26.5338983050847
2023 -26.1338983050847
2023 -27.2338983050847
2023 -29.2338983050847
2023 -31.3338983050847
2023 -34.4338983050847
2023 -35.8338983050847
2023 -35.9338983050847
2023 -35.9338983050847
2023 -35.9338983050847
2023 -35.9338983050847
2023 -35.9338983050847
2023 -33.9338983050847
2023 -23.1338983050847
2023 -25.3338983050847
2023 -26.1338983050847
2023 -25.8338983050847
2023 -26.8338983050847
2023 -26.6338983050847
2023 -25.3338983050847
2023 -20.4338983050847
2023 -16.6338983050847
2023 -14.7338983050847
2023 -8.73389830508475
2023 -7.83389830508474
2023 -25.9338983050847
2023 -26.1338983050847
2023 -19.6338983050847
2023 -14.7338983050847
2023 -13.3338983050847
2023 -14.4338983050847
2023 -15.1338983050847
2023 -16.1338983050847
2023 -16.4338983050847
2023 -16.4338983050847
2023 -17.3338983050847
2023 -17.5338983050847
2023 -18.1338983050847
2023 -18.5338983050847
2023 -19.0338983050847
2023 -19.5338983050847
2023 -19.9338983050847
2023 -20.3338983050847
2023 -20.6338983050847
2023 -20.0338983050847
2023 -20.0338983050847
2023 -19.4338983050847
2023 -20.8338983050847
2023 -22.8338983050847
2023 -24.8338983050847
2023 -24.7338983050847
2023 -25.0338983050847
2023 -25.8338983050847
2023 -27.2338983050847
2023 -29.9338983050847
2023 -31.3338983050847
2023 -33.7338983050847
2023 -34.9338983050847
2023 -35.3338983050847
2023 -35.7338983050847
2023 -35.8338983050847
2023 -35.9338983050847
2023 -34.3338983050847
2023 -35.8338983050847
2023 -35.5338983050847
2023 -33.2338983050847
2023 -34.4338983050847
2023 -35.3338983050847
2023 -35.5338983050847
2023 -35.0338983050847
2023 -35.1338983050847
2023 -35.1338983050847
2023 -35.2338983050847
2023 -35.4338983050847
2023 -35.9338983050847
2023 -35.9338983050847
2023 -35.9338983050847
2023 -35.7338983050847
2023 -35.9338983050847
2023 -35.9338983050847
2023 -35.9338983050847
2023 -35.9338983050847
2023 -35.9338983050847
2023 -35.9338983050847
2023 -35.9338983050847
2023 -35.9338983050847
2023 -35.9338983050847
2023 -35.9338983050847
2023 -35.9338983050847
2023 -35.3338983050847
2023 -34.3338983050847
2023 -35.9338983050847
2023 -35.9338983050847
2023 -35.9338983050847
2023 -35.9338983050847
2023 -35.9338983050847
2023 -35.9338983050847
2023 -35.9338983050847
2023 -35.9338983050847
2023 -35.9338983050847
2023 -35.9338983050847
2023 -35.9338983050847
2023 -35.9338983050847
2023 -35.9338983050847
2023 -35.9338983050847
2023 -35.9338983050847
2023 -35.8338983050847
2023 -35.0338983050847
2023 -35.5338983050847
2023 -35.9338983050847
2023 -35.9338983050847
2023 -35.9338983050847
2023 -35.9338983050847
2023 -35.9338983050847
2023 -35.5338983050847
2023 -35.4338983050847
2023 -35.7338983050847
2023 -35.8338983050847
2023 -35.5338983050847
2023 -35.3338983050847
2023 -35.9338983050847
2023 -35.9338983050847
2023 -35.9338983050847
2023 -35.9338983050847
2023 -35.9338983050847
2023 -35.8338983050847
2023 -35.3338983050847
2023 -35.4338983050847
2023 -35.7338983050847
2023 -35.9338983050847
2023 -35.6338983050847
2023 -35.6338983050847
2023 -35.4338983050847
2023 -35.1338983050847
2023 -35.0338983050847
2023 -35.2338983050847
2023 -35.5338983050847
2023 -35.6338983050847
2023 -35.7338983050847
2023 -35.8338983050847
2023 -35.7338983050847
2023 -35.6338983050847
2023 -35.7338983050847
2023 -34.9338983050847
2023 -35.1338983050847
2023 -35.2338983050847
2023 -35.1338983050847
2023 -35.4338983050847
2023 -34.8338983050847
2023 -35.1338983050847
2023 -35.4338983050847
2023 -33.1338983050847
2023 -33.8338983050847
2023 -33.0338983050847
2023 -34.7338983050847
2023 -35.5338983050847
2023 -35.8338983050847
2023 -35.8338983050847
2023 -35.3338983050847
2023 -35.2338983050847
2023 -35.1338983050847
2023 -35.6338983050847
2023 -35.8338983050847
2023 -35.8338983050847
2023 -35.6338983050847
2023 -35.6338983050847
2023 -35.7338983050847
2023 -35.5338983050847
2023 -35.3338983050847
2023 NA
2023 NA
2023 NA
2023 NA
2023 NA
2023 NA
2023 NA
2023 NA
2023 NA
2023 NA
2023 NA
2023 NA
2023 NA
2023 NA
2023 NA
2023 NA
2023 NA
2023 NA
2023 NA
2023 NA
2023 -21.7338983050847
2023 -17.5338983050847
2023 -16.6338983050847
2023 -17.6338983050847
2023 -16.4338983050847
2023 -15.0338983050847
2023 -11.2338983050847
2023 -10.5338983050847
2023 -5.73389830508475
2023 -1.73389830508474
2023 -2.33389830508474
2023 -1.93389830508475
2023 -5.03389830508475
2023 0.566101694915254
2023 2.26610169491526
2023 3.56610169491525
2023 6.36610169491525
2023 7.16610169491526
2023 11.6661016949153
2023 6.86610169491525
2023 -1.63389830508475
2023 3.06610169491525
2023 -3.03389830508475
2023 1.16610169491526
2023 -3.53389830508475
2023 -0.533898305084747
2023 2.56610169491525
2023 -2.63389830508475
2023 8.26610169491526
2023 7.96610169491525
2023 7.96610169491525
2023 9.86610169491525
2023 2.46610169491525
2023 -5.73389830508475
2023 1.06610169491525
2023 -3.13389830508475
2023 3.16610169491526
2023 0.466101694915253
2023 2.76610169491526
2023 2.16610169491526
2023 6.06610169491525
2023 10.4661016949153
2023 11.8661016949153
2023 12.1661016949153
2023 12.2661016949153
2023 9.66610169491526
2023 13.0661016949153
2023 9.26610169491526
2023 9.06610169491525
2023 5.86610169491525
2023 7.46610169491525
2023 4.76610169491526
2023 -4.53389830508475
2023 -6.93389830508475
2023 -3.33389830508474
2023 -3.03389830508475
2023 -8.23389830508475
2023 -3.33389830508474
2023 -10.2338983050847
2024 10.6
2024 0.2
2024 0
2024 0
2024 0.2
2024 0
2024 0
2024 0
2024 0
2024 0
2024 0
2024 0.3
2024 0.5
2024 0.3
2024 0.3
2024 0.1
2024 0
2024 0.1
2024 0.4
2024 0.2
2024 0.4
2024 0.5
2024 0.3
2024 0
2024 0
2024 0
2024 0
2024 0
2024 0
2024 0
2024 0
2024 0
2024 0.1
2024 0.5
2024 0.3
2024 0.4
2024 0.1
2024 0
2024 0
2024 0
2024 0
2024 0.5
2024 0.6
2024 0.7
2024 0.3
2024 0
2024 0.1
2024 0.4
2024 0.2
2024 0.3
2024 0.7
2024 0.7
2024 0.5
2024 0.8
2024 0.7
2024 0.4
2024 0.3
2024 0.4
2024 0.7
2024 0.7
2024 0.3
2024 0.6
2024 0.6
2024 0.5
2024 0.9
2024 6.5
2024 3.3
2024 0.4
2024 0.1
2024 0.1
2024 4.2
2024 1.2
2024 2.3
2024 0.8
2024 0
2024 0
2024 0
2024 0
2024 0
2024 0
2024 0
2024 0
2024 0
2024 0
2024 0
2024 0
2024 0
2024 0
2024 0.4
2024 0.5
2024 8.5
2024 1.2
2024 0.1
2024 0
2024 0.6
2024 3.1
2024 0.9
2024 1
2024 4.7
2024 5.5
2024 6.7
2024 5.4
2024 5.8
2024 0.9
2024 0.6
2024 0.7
2024 0.8
2024 0.3
2024 0.3
2024 0.5
2024 0.8
2024 0.8
2024 0.6
2024 0.4
2024 0.3
2024 0.4
2024 0.7
2024 0.3
2024 0.9
2024 0.8
2024 0.8
2024 0.8
2024 2.4
2024 3.9
2024 2.4
2024 2.3
2024 8.4
2024 31.7
2024 23.1
2024 22.2
2024 22.2
2024 18.4
2024 20.8
2024 21
2024 20.8
2024 21.1
2024 21.2
2024 21.1
2024 22
2024 17.9
2024 14.8
2024 14.8
2024 14.3
2024 13.7
2024 13.2
2024 11.6
2024 8.1
2024 8.2
2024 7.6
2024 7.5
2024 7.5
2024 7.3
2024 7.2
2024 6.6
2024 5.9
2024 6.2
2024 6
2024 4.2
2024 3.8
2024 4.7
2024 4.1
2024 2.5
2024 6.3
2024 NA
2024 NA
2024 NA
2024 NA
2024 6.5
2024 6
2024 4.1
2024 2.7
2024 1.1
2024 0.8
2024 0.6
2024 1.5
2024 27.9
2024 38.1
2024 37.8
2024 36.8
2024 74.4
2024 93.5
2024 75.7
2024 63.8
2024 59.2
2024 55.2
2024 70.7
2024 70.5
2024 74
2024 80.7
2024 78.2
2024 78.1
2024 79.8
2024 80.8
2024 79.6
2024 76.8
2024 74.2
2024 70.5
2024 67.8
2024 64.4
2024 61.4
2024 58.4
2024 56.2
2024 52.3
2024 50.4
2024 47.6
2024 44.9
2024 44.7
2024 43.8
2024 44.4
2024 44.8
2024 41.3
2024 37.3
2024 30.3
2024 22
2024 20
2024 19.1
2024 15.7
2024 8.6
2024 1.5
2024 0
2024 0
2024 0.1
2024 0
2024 0
2024 0
2024 0
2024 0
2024 0
2024 0
2024 0
2024 0
2024 0
2024 0
2024 0
2024 18.1
2024 32.8
2024 30.2
2024 24.4
2024 18.9
2024 15.4
2024 8.6
2024 1.8
2024 0
2024 0.1
2024 0.2
2024 0.1
2024 0.2
2024 0
2024 0
2024 0
2024 0.1
2024 0
2024 0
2024 0
2024 0
2024 0.2
2024 0.5
2024 0
2024 0.2
2024 0
2024 0
2024 0.1
2024 0.1
2024 0.2
2024 0.1
2024 0
2024 0
2024 0.1
2024 0
2024 0
2024 0
2024 0
2024 0.2
2024 0.2
2024 0
2024 0
2024 0.1
2024 0.1
2024 0.1
2024 0.5
2024 NA
2024 NA
2024 NA
2024 NA
2024 NA
2024 NA
2024 NA
2024 NA
2024 NA
2024 NA
2024 NA
2024 NA
2024 NA
2024 NA
2024 NA
2024 NA
2024 NA
2024 NA
2024 NA
2024 NA
2024 NA
2024 NA
2024 NA
2024 NA
2024 NA
2024 NA
2024 NA
2024 NA
2024 NA
2024 NA
2024 NA
2024 NA
2024 NA
2024 NA
2024 NA
2024 NA
2024 NA
2024 NA
2024 NA
2024 NA
2024 NA
2024 NA
2024 NA
2024 NA
2024 NA
2024 NA
2024 NA
2024 NA
2024 NA
2024 NA
2024 NA
2024 NA
2024 NA
2024 NA
2024 NA
2024 NA
2024 NA
2024 NA
2024 NA
2024 NA
2024 NA
2024 NA
2024 NA
2024 NA
2024 NA
2024 NA
2024 NA
2024 NA
2024 NA
2024 NA
2024 NA
2024 NA
2024 NA
2024 NA
2024 NA
2024 NA
2024 NA
2024 NA
2024 NA
2024 NA
2024 NA
2024 NA
2024 NA
2024 NA
2024 NA
2024 NA
