2012 -0.787096774193548
2012 -0.787096774193548
2012 -0.787096774193548
2012 -0.587096774193548
2012 -0.0870967741935484
2012 -0.487096774193548
2012 -0.787096774193548
2012 -0.787096774193548
2012 -0.787096774193548
2012 -0.787096774193548
2012 -0.787096774193548
2012 -0.787096774193548
2012 -0.787096774193548
2012 -0.787096774193548
2012 -0.787096774193548
2012 -0.787096774193548
2012 -0.787096774193548
2012 -0.787096774193548
2012 4.31290322580645
2012 2.11290322580645
2012 -0.787096774193548
2012 -0.787096774193548
2012 -0.787096774193548
2012 -0.787096774193548
2012 -0.787096774193548
2012 -0.787096774193548
2012 -0.787096774193548
2012 -0.787096774193548
2012 -0.787096774193548
2012 -0.787096774193548
2012 -0.787096774193548
2012 -0.787096774193548
2012 -0.787096774193548
2012 -0.787096774193548
2012 -0.787096774193548
2012 -0.787096774193548
2012 0.712903225806452
2012 -0.0870967741935484
2012 0.0129032258064516
2012 0.0129032258064516
2012 -0.787096774193548
2012 -0.787096774193548
2012 -0.787096774193548
2012 -0.787096774193548
2012 -0.787096774193548
2012 -0.787096774193548
2012 NA
2012 NA
2012 NA
2012 NA
2012 NA
2012 NA
2012 NA
2012 NA
2012 NA
2012 NA
2012 NA
2012 NA
2012 NA
2012 NA
2012 NA
2012 NA
2012 NA
2012 NA
2012 NA
2012 NA
2012 NA
2012 NA
2012 NA
2012 NA
2012 NA
2012 NA
2012 NA
2012 NA
2012 NA
2012 NA
2012 NA
2012 NA
2012 NA
2012 NA
2012 NA
2012 NA
2012 NA
2012 NA
2012 NA
2012 NA
2012 NA
2012 NA
2012 NA
2012 NA
2012 NA
2012 NA
2012 NA
2012 NA
2012 NA
2012 8.81290322580645
2012 NA
2012 NA
2012 NA
2012 NA
2012 NA
2012 NA
2012 NA
2012 NA
2012 NA
2012 NA
2012 NA
2012 NA
2012 NA
2012 NA
2012 NA
2012 NA
2012 NA
2012 NA
2012 NA
2012 NA
2012 NA
2012 NA
2012 NA
2012 NA
2012 NA
2012 NA
2012 NA
2012 NA
2012 NA
2012 NA
2012 NA
2012 NA
2012 NA
2012 NA
2012 NA
2012 NA
2012 NA
2012 NA
2012 NA
2012 NA
2012 NA
2012 NA
2012 NA
2012 NA
2012 NA
2012 NA
2012 NA
2012 NA
2012 NA
2012 NA
2012 NA
2012 NA
2012 NA
2012 NA
2012 NA
2012 NA
2012 NA
2012 NA
2012 NA
2012 NA
2012 NA
2012 NA
2012 NA
2012 NA
2012 NA
2012 38.6129032258064
2012 26.8129032258065
2012 37.9129032258065
2012 41.4129032258065
2012 41.2129032258064
2012 35.7129032258064
2012 24.9129032258065
2012 13.9129032258065
2012 13.0129032258065
2012 12.7129032258065
2012 13.7129032258065
2012 22.5129032258065
2012 22.5129032258065
2012 21.1129032258064
2012 21.5129032258065
2012 18.9129032258065
2012 17.0129032258065
2012 15.7129032258065
2012 15.3129032258065
2012 15.1129032258065
2012 12.5129032258065
2012 7.91290322580645
2012 5.31290322580645
2012 3.61290322580645
2012 10.5129032258065
2012 20.4129032258065
2012 32.6129032258064
2012 28.2129032258064
2012 25.2129032258064
2012 25.5129032258065
2012 23.8129032258065
2012 22.3129032258065
2012 20.5129032258065
2012 18.4129032258065
2012 16.3129032258065
2012 14.4129032258065
2012 12.5129032258065
2012 10.2129032258065
2012 7.61290322580645
2012 9.81290322580645
2012 10.8129032258065
2012 7.71290322580645
2012 6.71290322580645
2012 4.91290322580645
2012 5.61290322580645
2012 5.71290322580645
2012 3.81290322580645
2012 3.51290322580645
2012 NA
2012 NA
2012 NA
2012 NA
2012 NA
2012 NA
2012 NA
2012 NA
2012 NA
2012 NA
2012 NA
2012 NA
2012 NA
2012 NA
2012 NA
2012 NA
2012 NA
2012 NA
2012 NA
2012 NA
2012 NA
2012 NA
2012 NA
2012 NA
2012 NA
2012 NA
2012 NA
2012 NA
2012 NA
2012 NA
2012 NA
2012 NA
2012 NA
2012 NA
2012 NA
2012 NA
2012 NA
2012 NA
2012 NA
2012 NA
2012 NA
2012 NA
2012 NA
2012 NA
2012 NA
2012 NA
2012 NA
2012 NA
2012 NA
2012 NA
2012 NA
2012 NA
2012 NA
2012 NA
2012 NA
2012 NA
2012 NA
2012 NA
2012 NA
2012 NA
2012 NA
2012 NA
2012 NA
2012 NA
2012 NA
2012 NA
2012 NA
2012 NA
2012 NA
2012 NA
2012 NA
2012 NA
2012 NA
2012 NA
2012 NA
2012 132.312903225806
2012 128.712903225806
2012 128.012903225806
2012 43.4129032258065
2012 1.21290322580645
2012 0.612903225806452
2012 0.112903225806452
2012 0.212903225806452
2012 0.512903225806452
2012 0.212903225806452
2012 0.0129032258064516
2012 -0.0870967741935484
2012 1.31290322580645
2012 0.512903225806452
2012 -0.287096774193548
2012 -0.187096774193548
2012 0.112903225806452
2012 0.0129032258064516
2012 0.312903225806452
2012 -0.287096774193548
2012 -0.487096774193548
2012 -0.587096774193548
2012 0.0129032258064516
2012 -0.187096774193548
2012 -0.0870967741935484
2012 0.312903225806452
2012 0.512903225806452
2012 -0.187096774193548
2012 0.312903225806452
2012 1.11290322580645
2012 0.0129032258064516
2012 0.112903225806452
2012 0.0129032258064516
2012 0.112903225806452
2012 0.312903225806452
2012 -0.387096774193548
2012 -0.487096774193548
2012 -0.287096774193548
2012 -0.387096774193548
2012 -0.587096774193548
2012 0.212903225806452
2012 -0.0870967741935484
2012 -0.0870967741935484
2012 0.212903225806452
2012 -0.0870967741935484
2012 -0.687096774193548
2012 -0.587096774193548
2012 -0.687096774193548
2012 -0.187096774193548
2012 -0.0870967741935484
2012 -0.187096774193548
2012 -0.487096774193548
2012 -0.787096774193548
2012 -0.387096774193548
2012 -0.387096774193548
2012 -0.587096774193548
2012 -0.187096774193548
2012 1.21290322580645
2012 0.512903225806452
2012 0.512903225806452
2012 1.31290322580645
2012 0.612903225806452
2012 -0.0870967741935484
2012 0.212903225806452
2012 0.112903225806452
2012 0.212903225806452
2012 0.112903225806452
2012 0.612903225806452
2012 0.712903225806452
2012 0.112903225806452
2012 -0.287096774193548
2012 -0.287096774193548
2012 -0.187096774193548
2012 -0.0870967741935484
2012 0.0129032258064516
2012 -0.0870967741935484
2012 0.212903225806452
2012 -0.387096774193548
2012 -0.187096774193548
2012 -0.187096774193548
2012 0.512903225806452
2012 0.712903225806452
2013 -1.63548387096774
2013 -1.73548387096774
2013 -2.43548387096774
2013 -1.93548387096774
2013 -2.43548387096774
2013 -2.43548387096774
2013 -2.33548387096774
2013 -2.83548387096774
2013 -3.03548387096774
2013 -3.33548387096774
2013 -3.23548387096774
2013 -2.43548387096774
2013 -2.73548387096774
2013 -2.63548387096774
2013 -2.83548387096774
2013 -2.53548387096774
2013 -2.83548387096774
2013 -3.13548387096774
2013 -2.23548387096774
2013 -2.53548387096774
2013 -2.03548387096774
2013 -2.23548387096774
2013 -2.23548387096774
2013 -2.03548387096774
2013 -2.13548387096774
2013 -2.23548387096774
2013 -2.33548387096774
2013 -2.53548387096774
2013 -2.53548387096774
2013 -2.13548387096774
2013 -1.83548387096774
2013 -1.93548387096774
2013 -2.13548387096774
2013 -2.33548387096774
2013 -2.63548387096774
2013 -2.43548387096774
2013 -2.53548387096774
2013 -1.93548387096774
2013 -1.93548387096774
2013 -1.93548387096774
2013 -1.63548387096774
2013 -1.63548387096774
2013 -2.03548387096774
2013 -2.43548387096774
2013 -1.53548387096774
2013 9.76451612903226
2013 5.36451612903226
2013 -2.03548387096774
2013 -2.33548387096774
2013 -2.73548387096774
2013 -2.93548387096774
2013 -2.93548387096774
2013 -2.63548387096774
2013 -2.83548387096774
2013 -2.93548387096774
2013 -3.03548387096774
2013 -2.23548387096774
2013 12.3645161290323
2013 32.4645161290323
2013 27.1645161290323
2013 24.9645161290323
2013 37.7645161290323
2013 28.6645161290323
2013 27.1645161290323
2013 17.2645161290323
2013 -2.03548387096774
2013 -1.53548387096774
2013 -1.33548387096774
2013 -1.73548387096774
2013 -2.13548387096774
2013 -1.63548387096774
2013 -0.135483870967742
2013 -1.13548387096774
2013 -1.33548387096774
2013 -1.73548387096774
2013 -2.43548387096774
2013 -2.43548387096774
2013 -2.43548387096774
2013 -2.93548387096774
2013 -2.63548387096774
2013 -1.83548387096774
2013 -1.13548387096774
2013 -1.13548387096774
2013 -1.23548387096774
2013 -1.13548387096774
2013 -0.635483870967742
2013 -0.935483870967742
2013 2.16451612903226
2013 20.1645161290323
2013 38.0645161290323
2013 38.5645161290323
2013 39.6645161290323
2013 42.9645161290323
2013 32.1645161290323
2013 30.6645161290323
2013 31.1645161290323
2013 31.3645161290323
2013 32.4645161290323
2013 30.7645161290323
2013 27.6645161290323
2013 27.4645161290323
2013 27.5645161290323
2013 27.3645161290323
2013 27.6645161290323
2013 36.0645161290323
2013 52.4645161290323
2013 54.5645161290323
2013 53.5645161290323
2013 52.6645161290323
2013 52.1645161290323
2013 51.5645161290323
2013 52.9645161290323
2013 52.2645161290323
2013 50.0645161290323
2013 49.2645161290323
2013 49.1645161290323
2013 50.3645161290323
2013 51.6645161290323
2013 49.4645161290323
2013 47.5645161290323
2013 46.4645161290323
2013 47.5645161290323
2013 47.4645161290323
2013 50.3645161290323
2013 51.6645161290323
2013 47.1645161290323
2013 45.1645161290323
2013 44.7645161290323
2013 44.4645161290323
2013 43.4645161290323
2013 42.6645161290323
2013 42.8645161290323
2013 42.5645161290323
2013 43.0645161290323
2013 46.1645161290323
2013 65.1645161290323
2013 71.6645161290323
2013 75.9645161290323
2013 89.3645161290323
2013 84.1645161290323
2013 79.6645161290323
2013 80.1645161290323
2013 84.2645161290323
2013 102.264516129032
2013 102.764516129032
2013 99.0645161290323
2013 95.2645161290323
2013 92.2645161290323
2013 90.1645161290323
2013 87.5645161290323
2013 83.4645161290323
2013 81.7645161290323
2013 79.7645161290323
2013 79.4645161290323
2013 76.6645161290323
2013 66.0645161290323
2013 65.6645161290323
2013 66.2645161290323
2013 67.1645161290323
2013 65.8645161290323
2013 63.4645161290323
2013 63.2645161290323
2013 61.9645161290323
2013 67.3645161290323
2013 90.8645161290323
2013 90.7645161290323
2013 89.0645161290323
2013 86.8645161290323
2013 85.3645161290323
2013 86.8645161290323
2013 88.5645161290323
2013 88.6645161290323
2013 86.5645161290323
2013 87.5645161290323
2013 92.7645161290323
2013 93.2645161290323
2013 115.364516129032
2013 121.064516129032
2013 117.364516129032
2013 116.064516129032
2013 113.764516129032
2013 110.064516129032
2013 108.564516129032
2013 106.864516129032
2013 105.164516129032
2013 103.364516129032
2013 102.464516129032
2013 101.764516129032
2013 99.7645161290323
2013 102.164516129032
2013 107.764516129032
2013 104.364516129032
2013 103.164516129032
2013 103.764516129032
2013 103.064516129032
2013 100.664516129032
2013 100.464516129032
2013 101.164516129032
2013 116.164516129032
2013 125.564516129032
2013 124.164516129032
2013 125.764516129032
2013 122.264516129032
2013 121.964516129032
2013 124.964516129032
2013 134.264516129032
2013 137.364516129032
2013 136.764516129032
2013 137.364516129032
2013 147.864516129032
2013 153.764516129032
2013 171.364516129032
2013 166.964516129032
2013 163.464516129032
2013 159.864516129032
2013 156.764516129032
2013 159.364516129032
2013 163.164516129032
2013 158.164516129032
2013 158.864516129032
2013 157.364516129032
2013 155.864516129032
2013 153.864516129032
2013 152.564516129032
2013 147.064516129032
2013 139.264516129032
2013 130.764516129032
2013 118.164516129032
2013 111.964516129032
2013 104.264516129032
2013 95.5645161290323
2013 91.0645161290323
2013 104.464516129032
2013 105.064516129032
2013 101.964516129032
2013 94.2645161290323
2013 86.4645161290323
2013 77.5645161290323
2013 67.2645161290323
2013 61.3645161290323
2013 49.1645161290323
2013 36.4645161290323
2013 20.6645161290323
2013 4.06451612903226
2013 -1.23548387096774
2013 -1.63548387096774
2013 -1.63548387096774
2013 -1.53548387096774
2013 -1.33548387096774
2013 -1.53548387096774
2013 -2.63548387096774
2013 -2.23548387096774
2013 -1.83548387096774
2013 -2.33548387096774
2013 -2.73548387096774
2013 -2.83548387096774
2013 -3.13548387096774
2013 -2.53548387096774
2013 -2.73548387096774
2013 -2.43548387096774
2013 -2.83548387096774
2013 -3.13548387096774
2013 -2.33548387096774
2013 -3.13548387096774
2013 -1.93548387096774
2013 32.4645161290323
2013 40.8645161290323
2013 31.3645161290323
2013 20.6645161290323
2013 11.5645161290323
2013 5.16451612903226
2013 4.36451612903226
2013 3.96451612903226
2013 -1.73548387096774
2013 -3.23548387096774
2013 -3.23548387096774
2013 -3.03548387096774
2013 -2.83548387096774
2013 -2.53548387096774
2013 -2.93548387096774
2013 -3.23548387096774
2013 -2.93548387096774
2013 -3.23548387096774
2013 -3.13548387096774
2013 -2.93548387096774
2013 -3.13548387096774
2013 -3.13548387096774
2013 -2.83548387096774
2013 -2.03548387096774
2013 -2.23548387096774
2013 -1.93548387096774
2013 -2.63548387096774
2013 -2.83548387096774
2013 -3.13548387096774
2013 -3.03548387096774
2013 -1.63548387096774
2013 -2.03548387096774
2013 -2.13548387096774
2013 -1.53548387096774
2013 -0.435483870967742
2013 11.8645161290323
2013 5.36451612903226
2013 0.964516129032258
2013 0.764516129032258
2013 0.764516129032258
2013 0.564516129032258
2013 3.86451612903226
2013 2.16451612903226
2013 3.56451612903226
2013 2.16451612903226
2013 2.26451612903226
2013 2.26451612903226
2013 4.16451612903226
2013 4.66451612903226
2013 4.06451612903226
2013 1.56451612903226
2013 1.76451612903226
2013 -0.435483870967742
2013 1.56451612903226
2013 6.26451612903226
2013 4.66451612903226
2013 10.8645161290323
2013 6.86451612903226
2013 5.86451612903226
2013 5.96451612903226
2013 2.66451612903226
2013 1.46451612903226
2013 -2.13548387096774
2013 -1.73548387096774
2013 -2.53548387096774
2013 -3.03548387096774
2013 -2.93548387096774
2013 -2.93548387096774
2013 -3.03548387096774
2013 -2.83548387096774
2013 -3.13548387096774
2013 -2.93548387096774
2013 -2.63548387096774
2013 -2.83548387096774
2013 -3.23548387096774
2013 -3.23548387096774
2013 -2.63548387096774
2013 -1.83548387096774
2013 -2.53548387096774
2013 -1.93548387096774
2013 -2.13548387096774
2013 -2.23548387096774
2013 -2.13548387096774
2013 -0.935483870967742
2013 -1.53548387096774
2013 -2.33548387096774
2013 -2.93548387096774
2013 -2.53548387096774
2013 -2.83548387096774
2013 -2.73548387096774
2013 -2.23548387096774
2013 -1.53548387096774
2013 -1.93548387096774
2013 -1.43548387096774
2013 0.864516129032258
2013 1.16451612903226
2013 -0.0354838709677421
2013 -1.23548387096774
2013 -1.93548387096774
2013 -1.53548387096774
2014 -16.5096774193548
2014 -18.9096774193548
2014 -19.1096774193548
2014 -16.8096774193548
2014 -16.4096774193548
2014 -15.6096774193548
2014 -15.8096774193548
2014 -16.3096774193548
2014 -16.6096774193548
2014 -16.0096774193548
2014 -18.2096774193548
2014 -18.1096774193548
2014 -18.5096774193548
2014 -17.9096774193548
2014 -16.2096774193548
2014 -17.0096774193548
2014 -17.5096774193548
2014 -17.2096774193548
2014 -18.6096774193548
2014 -18.3096774193548
2014 -18.6096774193548
2014 -18.0096774193548
2014 -17.7096774193548
2014 -18.0096774193548
2014 -18.0096774193548
2014 -17.9096774193548
2014 -18.6096774193548
2014 -17.6096774193548
2014 -17.2096774193548
2014 -17.0096774193548
2014 -17.7096774193548
2014 -17.5096774193548
2014 -17.5096774193548
2014 -17.1096774193548
2014 -16.3096774193548
2014 -15.6096774193548
2014 -14.8096774193548
2014 -14.3096774193548
2014 -17.2096774193548
2014 -17.6096774193548
2014 -16.2096774193548
2014 0.290322580645164
2014 -0.809677419354838
2014 -6.70967741935484
2014 -11.2096774193548
2014 -14.6096774193548
2014 -16.1096774193548
2014 -17.2096774193548
2014 -16.5096774193548
2014 -16.3096774193548
2014 -15.9096774193548
2014 -17.6096774193548
2014 -17.1096774193548
2014 -14.5096774193548
2014 -16.7096774193548
2014 -18.4096774193548
2014 -18.0096774193548
2014 -17.7096774193548
2014 -16.6096774193548
2014 -16.2096774193548
2014 -15.4096774193548
2014 -16.7096774193548
2014 -16.1096774193548
2014 -16.6096774193548
2014 -16.7096774193548
2014 -16.3096774193548
2014 -17.4096774193548
2014 -16.7096774193548
2014 -16.9096774193548
2014 -16.7096774193548
2014 -15.9096774193548
2014 -16.4096774193548
2014 -17.3096774193548
2014 -16.2096774193548
2014 -13.7096774193548
2014 -8.30967741935484
2014 -6.40967741935484
2014 -7.70967741935484
2014 -9.00967741935484
2014 -6.20967741935484
2014 3.49032258064516
2014 11.2903225806452
2014 36.8903225806452
2014 40.0903225806452
2014 47.6903225806452
2014 23.9903225806452
2014 20.9903225806452
2014 20.4903225806452
2014 20.2903225806452
2014 19.3903225806452
2014 19.6903225806452
2014 18.3903225806452
2014 17.8903225806452
2014 16.9903225806452
2014 17.2903225806452
2014 16.9903225806452
2014 12.0903225806452
2014 8.19032258064516
2014 8.39032258064516
2014 6.89032258064516
2014 5.59032258064516
2014 5.39032258064516
2014 5.69032258064516
2014 6.99032258064516
2014 6.49032258064516
2014 7.39032258064516
2014 7.29032258064516
2014 7.59032258064516
2014 5.69032258064516
2014 4.69032258064516
2014 8.09032258064516
2014 7.99032258064516
2014 7.99032258064516
2014 8.09032258064516
2014 8.09032258064516
2014 4.09032258064516
2014 35.2903225806452
2014 63.4903225806452
2014 56.6903225806452
2014 55.9903225806452
2014 55.0903225806452
2014 55.4903225806452
2014 53.8903225806452
2014 52.7903225806452
2014 52.2903225806452
2014 51.6903225806452
2014 60.2903225806452
2014 65.5903225806452
2014 63.8903225806452
2014 61.6903225806452
2014 60.7903225806452
2014 59.2903225806452
2014 58.7903225806452
2014 57.2903225806452
2014 57.0903225806452
2014 54.9903225806452
2014 54.8903225806452
2014 55.1903225806452
2014 54.0903225806452
2014 56.7903225806452
2014 59.3903225806452
2014 63.4903225806452
2014 64.3903225806452
2014 63.2903225806452
2014 61.8903225806452
2014 62.0903225806452
2014 60.3903225806452
2014 59.7903225806452
2014 59.2903225806452
2014 75.9903225806452
2014 75.3903225806452
2014 82.6903225806452
2014 71.2903225806452
2014 70.6903225806452
2014 71.0903225806452
2014 NA
2014 NA
2014 103.590322580645
2014 102.290322580645
2014 101.390322580645
2014 105.290322580645
2014 108.090322580645
2014 109.390322580645
2014 118.890322580645
2014 113.490322580645
2014 108.890322580645
2014 112.390322580645
2014 110.490322580645
2014 107.490322580645
2014 116.590322580645
2014 117.990322580645
2014 119.890322580645
2014 122.990322580645
2014 120.090322580645
2014 141.990322580645
2014 147.790322580645
2014 141.890322580645
2014 137.990322580645
2014 135.790322580645
2014 137.190322580645
2014 137.490322580645
2014 144.890322580645
2014 186.790322580645
2014 180.490322580645
2014 173.390322580645
2014 167.090322580645
2014 161.790322580645
2014 157.290322580645
2014 154.990322580645
2014 151.890322580645
2014 148.790322580645
2014 144.290322580645
2014 139.890322580645
2014 134.390322580645
2014 128.290322580645
2014 123.590322580645
2014 117.990322580645
2014 112.490322580645
2014 108.790322580645
2014 106.190322580645
2014 104.190322580645
2014 101.390322580645
2014 102.290322580645
2014 116.590322580645
2014 148.590322580645
2014 142.090322580645
2014 142.990322580645
2014 137.390322580645
2014 133.990322580645
2014 130.490322580645
2014 125.690322580645
2014 119.590322580645
2014 115.990322580645
2014 112.090322580645
2014 109.290322580645
2014 107.290322580645
2014 104.690322580645
2014 102.590322580645
2014 98.3903225806452
2014 93.7903225806452
2014 91.1903225806452
2014 88.3903225806452
2014 83.6903225806452
2014 80.0903225806452
2014 77.0903225806452
2014 71.0903225806452
2014 68.3903225806452
2014 67.6903225806452
2014 65.0903225806452
2014 60.9903225806452
2014 63.1903225806452
2014 61.7903225806452
2014 64.1903225806452
2014 62.7903225806452
2014 58.8903225806452
2014 54.0903225806452
2014 48.6903225806452
2014 44.5903225806452
2014 43.7903225806452
2014 44.1903225806452
2014 40.0903225806452
2014 41.3903225806452
2014 43.0903225806452
2014 41.8903225806452
2014 37.9903225806452
2014 32.6903225806452
2014 27.2903225806452
2014 21.3903225806452
2014 14.6903225806452
2014 10.7903225806452
2014 3.89032258064516
2014 -6.70967741935484
2014 -16.8096774193548
2014 -19.0096774193548
2014 -18.3096774193548
2014 -19.7096774193548
2014 -19.8096774193548
2014 -19.8096774193548
2014 -19.7096774193548
2014 -19.6096774193548
2014 -19.4096774193548
2014 -19.5096774193548
2014 -19.1096774193548
2014 -19.1096774193548
2014 -18.7096774193548
2014 -18.7096774193548
2014 -19.0096774193548
2014 -18.4096774193548
2014 -18.7096774193548
2014 -19.2096774193548
2014 -18.7096774193548
2014 -19.2096774193548
2014 -19.2096774193548
2014 -19.6096774193548
2014 -19.0096774193548
2014 -18.8096774193548
2014 -18.8096774193548
2014 -18.6096774193548
2014 -18.9096774193548
2014 -18.8096774193548
2014 -19.1096774193548
2014 -19.2096774193548
2014 -19.1096774193548
2014 -18.4096774193548
2014 -18.7096774193548
2014 -18.3096774193548
2014 -17.9096774193548
2014 -18.5096774193548
2014 -17.4096774193548
2014 -16.3096774193548
2014 -15.6096774193548
2014 -16.8096774193548
2014 -18.5096774193548
2014 -16.9096774193548
2014 -17.0096774193548
2014 -14.5096774193548
2014 -14.8096774193548
2014 -14.8096774193548
2014 -14.9096774193548
2014 -11.9096774193548
2014 -12.9096774193548
2014 -13.7096774193548
2014 -15.0096774193548
2014 -12.7096774193548
2014 -12.0096774193548
2014 -10.7096774193548
2014 -11.4096774193548
2014 -13.3096774193548
2014 -9.00967741935484
2014 -8.40967741935484
2014 -5.70967741935484
2014 -7.70967741935484
2014 -7.40967741935484
2014 -11.1096774193548
2014 -7.60967741935484
2014 -6.00967741935484
2014 -3.50967741935484
2014 -5.40967741935484
2014 -3.80967741935484
2014 -6.10967741935484
2014 -4.40967741935484
2014 -0.509677419354837
2014 -3.20967741935484
2014 -4.70967741935484
2014 -3.60967741935484
2014 -2.00967741935484
2014 1.89032258064516
2014 4.29032258064516
2014 0.890322580645162
2014 1.79032258064516
2014 -0.409677419354839
2014 4.69032258064516
2014 -5.00967741935484
2014 -2.50967741935484
2014 3.59032258064516
2014 5.89032258064516
2014 6.29032258064516
2014 -0.109677419354838
2014 -1.70967741935484
2014 0.190322580645162
2014 5.39032258064516
2014 7.39032258064516
2014 7.09032258064516
2014 3.29032258064516
2014 7.79032258064516
2014 9.89032258064516
2014 8.29032258064516
2014 7.19032258064516
2014 7.29032258064516
2014 2.59032258064516
2014 6.69032258064516
2014 5.69032258064516
2014 5.79032258064516
2014 11.4903225806452
2014 6.19032258064516
2014 6.79032258064516
2014 2.99032258064516
2014 1.99032258064516
2014 9.99032258064516
2014 4.39032258064516
2014 -3.90967741935484
2014 3.79032258064516
2014 4.79032258064516
2014 4.79032258064516
2014 2.99032258064516
2015 5.97096774193548
2015 11.9709677419355
2015 14.3709677419355
2015 21.2709677419355
2015 17.0709677419355
2015 19.9709677419355
2015 13.0709677419355
2015 4.17096774193548
2015 -3.82903225806452
2015 -3.22903225806452
2015 -3.12903225806452
2015 -3.22903225806452
2015 -3.82903225806452
2015 -3.62903225806452
2015 -3.42903225806452
2015 -3.82903225806452
2015 -3.82903225806452
2015 -3.82903225806452
2015 -3.82903225806452
2015 -3.62903225806452
2015 -3.62903225806452
2015 -3.82903225806452
2015 -3.82903225806452
2015 -3.82903225806452
2015 -3.82903225806452
2015 -3.82903225806452
2015 -3.72903225806452
2015 -3.62903225806452
2015 -3.82903225806452
2015 -3.32903225806452
2015 -3.32903225806452
2015 -3.82903225806452
2015 -3.82903225806452
2015 -3.82903225806452
2015 -3.82903225806452
2015 -3.82903225806452
2015 -3.82903225806452
2015 -3.82903225806452
2015 -3.82903225806452
2015 -3.82903225806452
2015 -3.82903225806452
2015 -3.82903225806452
2015 -3.62903225806452
2015 -3.82903225806452
2015 -3.82903225806452
2015 -3.82903225806452
2015 -3.82903225806452
2015 -3.82903225806452
2015 -3.82903225806452
2015 -3.82903225806452
2015 -3.82903225806452
2015 -3.02903225806452
2015 -3.02903225806452
2015 -0.729032258064516
2015 -0.629032258064516
2015 -2.42903225806452
2015 -3.82903225806452
2015 -3.82903225806452
2015 -3.82903225806452
2015 -3.82903225806452
2015 -3.82903225806452
2015 -3.82903225806452
2015 -3.82903225806452
2015 -3.82903225806452
2015 -3.82903225806452
2015 -3.82903225806452
2015 -3.82903225806452
2015 -3.82903225806452
2015 -3.72903225806452
2015 -3.82903225806452
2015 NA
2015 -3.82903225806452
2015 -3.82903225806452
2015 -3.72903225806452
2015 -3.82903225806452
2015 NA
2015 -0.829032258064516
2015 0.670967741935484
2015 24.7709677419355
2015 21.9709677419355
2015 20.5709677419355
2015 18.1709677419355
2015 16.7709677419355
2015 16.7709677419355
2015 14.2709677419355
2015 10.6709677419355
2015 6.57096774193548
2015 1.37096774193548
2015 NA
2015 -3.82903225806452
2015 -3.82903225806452
2015 NA
2015 -3.72903225806452
2015 -3.52903225806452
2015 NA
2015 4.67096774193548
2015 NA
2015 NA
2015 7.77096774193548
2015 16.7709677419355
2015 14.2709677419355
2015 13.7709677419355
2015 12.9709677419355
2015 12.8709677419355
2015 3.27096774193548
2015 10.2709677419355
2015 NA
2015 23.7709677419355
2015 20.1709677419355
2015 20.9709677419355
2015 20.2709677419355
2015 8.77096774193548
2015 8.47096774193549
2015 7.37096774193548
2015 7.47096774193548
2015 7.07096774193548
2015 6.97096774193548
2015 10.2709677419355
2015 9.47096774193549
2015 6.57096774193548
2015 6.47096774193548
2015 4.67096774193548
2015 4.27096774193548
2015 5.57096774193548
2015 4.97096774193548
2015 5.77096774193548
2015 5.37096774193548
2015 4.57096774193548
2015 4.57096774193548
2015 4.77096774193548
2015 3.87096774193548
2015 1.37096774193548
2015 0.470967741935484
2015 -0.0290322580645164
2015 0.270967741935483
2015 -0.729032258064516
2015 -1.32903225806452
2015 -1.42903225806452
2015 20.9709677419355
2015 17.2709677419355
2015 16.8709677419355
2015 16.0709677419355
2015 19.1709677419355
2015 30.9709677419355
2015 30.1709677419355
2015 28.8709677419355
2015 20.4709677419355
2015 17.5709677419355
2015 16.9709677419355
2015 14.9709677419355
2015 15.8709677419355
2015 17.1709677419355
2015 15.6709677419355
2015 15.6709677419355
2015 15.4709677419355
2015 15.9709677419355
2015 15.7709677419355
2015 31.3709677419355
2015 62.0709677419355
2015 77.6709677419355
2015 51.4709677419355
2015 18.2709677419355
2015 17.3709677419355
2015 18.6709677419355
2015 19.9709677419355
2015 18.3709677419355
2015 19.2709677419355
2015 24.9709677419355
2015 27.4709677419355
2015 26.0709677419355
2015 24.9709677419355
2015 23.4709677419355
2015 25.6709677419355
2015 26.4709677419355
2015 32.1709677419355
2015 33.6709677419355
2015 32.6709677419355
2015 31.2709677419355
2015 31.1709677419355
2015 33.1709677419355
2015 32.4709677419355
2015 32.5709677419355
2015 32.3709677419355
2015 30.3709677419355
2015 30.2709677419355
2015 23.8709677419355
2015 22.7709677419355
2015 21.5709677419355
2015 21.3709677419355
2015 21.5709677419355
2015 21.6709677419355
2015 20.6709677419355
2015 20.6709677419355
2015 21.4709677419355
2015 21.4709677419355
2015 21.8709677419355
2015 26.8709677419355
2015 34.4709677419355
2015 31.9709677419355
2015 32.3709677419355
2015 32.4709677419355
2015 32.7709677419355
2015 38.0709677419355
2015 38.2709677419355
2015 36.5709677419355
2015 39.3709677419355
2015 54.6709677419355
2015 52.4709677419355
2015 47.8709677419355
2015 47.4709677419355
2015 43.5709677419355
2015 39.9709677419355
2015 35.5709677419355
2015 37.4709677419355
2015 36.0709677419355
2015 36.9709677419355
2015 35.7709677419355
2015 35.3709677419355
2015 35.1709677419355
2015 34.4709677419355
2015 31.8709677419355
2015 27.8709677419355
2015 21.7709677419355
2015 18.1709677419355
2015 14.4709677419355
2015 11.6709677419355
2015 7.37096774193548
2015 2.17096774193548
2015 -0.629032258064516
2015 -1.62903225806452
2015 -0.329032258064516
2015 -0.429032258064516
2015 -0.529032258064516
2015 -1.52903225806452
2015 -1.42903225806452
2015 -1.12903225806452
2015 -0.729032258064516
2015 -0.729032258064516
2015 -0.829032258064516
2015 -1.72903225806452
2015 -1.32903225806452
2015 -1.42903225806452
2015 -1.62903225806452
2015 -1.42903225806452
2015 -1.42903225806452
2015 -1.12903225806452
2015 -2.02903225806452
2015 -2.42903225806452
2015 -3.02903225806452
2015 -3.62903225806452
2015 -3.12903225806452
2015 -3.72903225806452
2015 -3.52903225806452
2015 -3.72903225806452
2015 -3.62903225806452
2015 -3.52903225806452
2015 -3.02903225806452
2015 -3.52903225806452
2015 -3.72903225806452
2015 -3.52903225806452
2015 -3.32903225806452
2015 -2.92903225806452
2015 1.17096774193548
2015 2.07096774193548
2015 3.37096774193548
2015 -0.829032258064516
2015 -3.52903225806452
2015 -3.02903225806452
2015 -3.72903225806452
2015 -3.02903225806452
2015 -3.02903225806452
2015 -3.52903225806452
2015 -3.62903225806452
2015 -3.62903225806452
2015 -2.82903225806452
2015 -3.22903225806452
2015 -3.72903225806452
2015 -3.42903225806452
2015 -2.42903225806452
2015 -1.82903225806452
2015 -1.32903225806452
2015 -1.92903225806452
2015 -1.92903225806452
2015 -2.12903225806452
2015 -0.929032258064516
2015 -0.0290322580645164
2015 0.870967741935484
2015 3.57096774193548
2015 1.67096774193548
2015 -0.829032258064516
2015 -1.02903225806452
2015 -0.229032258064516
2015 -1.12903225806452
2015 -0.729032258064516
2015 -0.629032258064516
2015 2.57096774193548
2015 2.57096774193548
2015 6.47096774193548
2015 3.77096774193548
2015 3.17096774193548
2015 1.87096774193548
2015 5.67096774193548
2015 4.37096774193548
2015 11.2709677419355
2015 11.6709677419355
2015 5.57096774193548
2015 5.97096774193548
2015 8.17096774193548
2015 6.67096774193548
2015 15.9709677419355
2015 11.8709677419355
2015 0.570967741935484
2015 5.47096774193548
2015 1.97096774193548
2015 3.97096774193548
2015 2.97096774193548
2015 3.77096774193548
2015 16.9709677419355
2015 15.5709677419355
2015 8.47096774193549
2015 1.77096774193548
2015 7.87096774193548
2015 1.27096774193548
2015 -3.62903225806452
2015 -3.72903225806452
2015 -3.72903225806452
2015 -3.32903225806452
2015 -3.02903225806452
2015 -3.42903225806452
2015 -3.32903225806452
2015 -3.42903225806452
2015 -3.52903225806452
2015 -3.42903225806452
2015 -3.42903225806452
2015 -3.52903225806452
2015 -3.32903225806452
2015 -3.42903225806452
2015 -3.62903225806452
2015 -3.62903225806452
2015 -3.62903225806452
2015 -3.62903225806452
2015 -3.62903225806452
2015 -3.72903225806452
2015 -3.82903225806452
2015 -3.72903225806452
2015 -3.82903225806452
2015 -3.82903225806452
2015 -3.72903225806452
2015 -3.42903225806452
2015 -3.32903225806452
2015 -3.22903225806452
2015 -3.52903225806452
2015 -2.62903225806452
2015 -3.32903225806452
2015 -3.72903225806452
2015 -3.52903225806452
2015 -3.22903225806452
2015 -2.92903225806452
2015 -3.72903225806452
2015 -3.72903225806452
2015 -3.62903225806452
2015 -3.72903225806452
2015 -3.42903225806452
2015 -3.82903225806452
2015 -3.72903225806452
2016 0.4
2016 0.8
2016 0.1
2016 0.4
2016 0.8
2016 0.1
2016 0.4
2016 0.8
2016 1.2
2016 1.4
2016 0.4
2016 0
2016 0.2
2016 0.6
2016 0
2016 0
2016 0
2016 0.3
2016 0.6
2016 0.4
2016 0.8
2016 0.9
2016 3.6
2016 7.6
2016 1.8
2016 0.4
2016 1
2016 0.4
2016 0.9
2016 0.9
2016 1.6
2016 1
2016 0.6
2016 1
2016 0.3
2016 1.6
2016 0.6
2016 1.1
2016 0.4
2016 0.6
2016 0.5
2016 0.7
2016 0.3
2016 0
2016 2.3
2016 NA
2016 23.3
2016 20.4
2016 14.5
2016 14.2
2016 13.5
2016 13.7
2016 13.5
2016 11.7
2016 10.5
2016 10.7
2016 9.4
2016 5.5
2016 0.9
2016 0
2016 0.1
2016 1
2016 1.2
2016 0.7
2016 0.8
2016 0.8
2016 0.3
2016 1.2
2016 0.3
2016 0
2016 0
2016 0
2016 1.1
2016 2
2016 0.9
2016 0.6
2016 0.1
2016 0
2016 0.2
2016 1.6
2016 0.1
2016 0.2
2016 0.7
2016 1.4
2016 1.6
2016 2.9
2016 1.4
2016 2.2
2016 2.3
2016 1.3
2016 1.5
2016 0.6
2016 0.1
2016 0.2
2016 1.8
2016 1.2
2016 2.2
2016 0.9
2016 0.7
2016 0.2
2016 1.3
2016 1.8
2016 1.1
2016 1.6
2016 1.6
2016 2.5
2016 2.3
2016 2.3
2016 2.3
2016 2.3
2016 2.6
2016 1.6
2016 1.7
2016 1.7
2016 2
2016 2.5
2016 2.3
2016 2.3
2016 2.4
2016 1.8
2016 1.3
2016 1.9
2016 1.4
2016 1.9
2016 3.9
2016 5.6
2016 7.9
2016 4.3
2016 4.4
2016 3.7
2016 1.9
2016 NA
2016 NA
2016 10.8
2016 11.4
2016 12.7
2016 11.7
2016 10.6
2016 9.7
2016 10.5
2016 10.1
2016 10.5
2016 10.1
2016 10.2
2016 10.3
2016 8.6
2016 8.8
2016 8.1
2016 9.1
2016 8.9
2016 9
2016 9.5
2016 7.4
2016 7.8
2016 6.9
2016 7.3
2016 5.5
2016 4.9
2016 4.9
2016 5.8
2016 10.7
2016 11.1
2016 11.1
2016 10.9
2016 10.5
2016 14
2016 13.1
2016 18.3
2016 NA
2016 44.9
2016 37.7
2016 34.2
2016 33.4
2016 30.6
2016 28
2016 24.5
2016 21.7
2016 21.9
2016 21.6
2016 22.8
2016 40.8
2016 64.3
2016 67.9
2016 68
2016 59.4
2016 57.1
2016 56.1
2016 64.8
2016 64.9
2016 68.1
2016 70.6
2016 69.2
2016 67.5
2016 65.3
2016 64.4
2016 63.6
2016 63.1
2016 62.8
2016 61.9
2016 60.1
2016 59.3
2016 58.1
2016 56.7
2016 55
2016 53.2
2016 52.6
2016 53.2
2016 52.7
2016 52.8
2016 52.9
2016 50.8
2016 48.9
2016 44.9
2016 39.2
2016 34.1
2016 30.3
2016 26
2016 20.9
2016 14.8
2016 6.7
2016 5.6
2016 26.1
2016 17.9
2016 11.4
2016 5.4
2016 3.6
2016 1.2
2016 2.1
2016 3
2016 2.4
2016 2.8
2016 1.9
2016 1.7
2016 0.8
2016 1.5
2016 3
2016 1
2016 2
2016 2.4
2016 9.1
2016 9.4
2016 3.9
2016 3
2016 11.5
2016 15.2
2016 6.9
2016 2.2
2016 2.9
2016 2.4
2016 2.5
2016 2.6
2016 3.3
2016 3.1
2016 2.1
2016 1.5
2016 1.2
2016 1.2
2016 0.6
2016 0.5
2016 0.4
2016 0.9
2016 1.8
2016 1.1
2016 0.6
2016 0.4
2016 2.3
2016 2.7
2016 0.3
2016 0.4
2016 0.3
2016 0
2016 0.5
2016 1.1
2016 1.1
2016 1.6
2016 1.8
2016 1.2
2016 1.4
2016 1.5
2016 2.1
2016 0.9
2016 1.7
2016 2.3
2016 1.5
2016 1.6
2016 1.8
2016 2.2
2016 2.8
2016 1.4
2016 1
2016 0.7
2016 1.7
2016 2.2
2016 0.8
2016 0.3
2016 0.9
2016 1
2016 1.9
2016 1.2
2016 1.6
2016 1.6
2016 0.9
2016 1
2016 3
2016 NA
2016 NA
2016 NA
2016 NA
2016 NA
2016 NA
2016 NA
2016 NA
2016 NA
2016 NA
2016 NA
2016 NA
2016 NA
2016 NA
2016 NA
2016 NA
2016 NA
2016 NA
2016 NA
2016 NA
2016 NA
2016 NA
2016 NA
2016 NA
2016 NA
2016 NA
2016 NA
2016 NA
2016 NA
2016 NA
2016 NA
2016 NA
2016 NA
2016 NA
2016 NA
2016 NA
2016 NA
2016 NA
2016 NA
2016 NA
2016 NA
2016 NA
2016 NA
2016 NA
2016 NA
2016 NA
2016 NA
2016 NA
2016 NA
2016 NA
2016 NA
2016 NA
2016 NA
2016 NA
2016 NA
2016 NA
2016 NA
2016 NA
2016 NA
2016 NA
2016 NA
2016 NA
2017 NA
2017 NA
2017 NA
2017 NA
2017 NA
2017 NA
2017 NA
2017 NA
2017 NA
2017 NA
2017 2.83709677419355
2017 3.03709677419355
2017 5.13709677419355
2017 1.13709677419355
2017 3.43709677419355
2017 2.93709677419355
2017 0.937096774193548
2017 7.03709677419355
2017 0.637096774193548
2017 2.53709677419355
2017 8.73709677419355
2017 2.93709677419355
2017 3.93709677419355
2017 7.53709677419355
2017 4.83709677419355
2017 2.23709677419355
2017 3.13709677419355
2017 2.13709677419355
2017 4.03709677419355
2017 2.23709677419355
2017 0.837096774193549
2017 6.13709677419355
2017 2.43709677419355
2017 1.33709677419355
2017 0.837096774193549
2017 -1.16290322580645
2017 -0.162903225806452
2017 0.837096774193549
2017 1.33709677419355
2017 4.43709677419355
2017 -0.362903225806452
2017 0.337096774193548
2017 2.13709677419355
2017 6.53709677419355
2017 6.53709677419355
2017 6.53709677419355
2017 3.43709677419355
2017 5.53709677419355
2017 4.13709677419355
2017 6.93709677419355
2017 7.23709677419355
2017 4.43709677419355
2017 4.83709677419355
2017 5.23709677419355
2017 5.03709677419355
2017 5.33709677419355
2017 1.83709677419355
2017 0.537096774193548
2017 0.637096774193548
2017 -0.162903225806452
2017 2.73709677419355
2017 3.83709677419355
2017 3.53709677419355
2017 1.63709677419355
2017 4.03709677419355
2017 5.93709677419355
2017 5.33709677419355
2017 8.93709677419355
2017 1.63709677419355
2017 8.73709677419355
2017 5.93709677419355
2017 8.33709677419355
2017 6.43709677419355
2017 9.83709677419355
2017 9.33709677419355
2017 7.83709677419355
2017 6.63709677419355
2017 6.33709677419355
2017 6.43709677419355
2017 4.63709677419355
2017 1.13709677419355
2017 NA
2017 NA
2017 NA
2017 1.63709677419355
2017 2.23709677419355
2017 NA
2017 1.43709677419355
2017 5.03709677419355
2017 2.43709677419355
2017 2.63709677419355
2017 1.23709677419355
2017 3.53709677419355
2017 4.23709677419355
2017 6.13709677419355
2017 5.83709677419355
2017 4.93709677419355
2017 6.23709677419355
2017 9.03709677419355
2017 6.83709677419355
2017 5.23709677419355
2017 5.33709677419355
2017 4.23709677419355
2017 8.43709677419355
2017 10.0370967741935
2017 10.4370967741935
2017 4.83709677419355
2017 4.13709677419355
2017 4.43709677419355
2017 4.93709677419355
2017 0.337096774193548
2017 2.23709677419355
2017 1.03709677419355
2017 2.63709677419355
2017 0.337096774193548
2017 -2.06290322580645
2017 -2.06290322580645
2017 -2.06290322580645
2017 -2.36290322580645
2017 -2.56290322580645
2017 -2.76290322580645
2017 -2.16290322580645
2017 -1.66290322580645
2017 -1.16290322580645
2017 -1.96290322580645
2017 -1.96290322580645
2017 -2.86290322580645
2017 -3.06290322580645
2017 NA
2017 NA
2017 NA
2017 NA
2017 NA
2017 NA
2017 NA
2017 NA
2017 NA
2017 NA
2017 NA
2017 NA
2017 NA
2017 NA
2017 NA
2017 NA
2017 NA
2017 NA
2017 NA
2017 NA
2017 NA
2017 NA
2017 NA
2017 NA
2017 NA
2017 NA
2017 NA
2017 NA
2017 NA
2017 NA
2017 NA
2017 37.2370967741935
2017 35.5370967741936
2017 32.7370967741935
2017 32.6370967741936
2017 36.7370967741935
2017 34.8370967741935
2017 33.6370967741936
2017 32.0370967741936
2017 30.7370967741935
2017 31.0370967741936
2017 30.2370967741935
2017 29.3370967741935
2017 28.9370967741935
2017 28.9370967741935
2017 28.5370967741936
2017 27.8370967741935
2017 26.7370967741935
2017 26.3370967741935
2017 26.6370967741935
2017 26.6370967741935
2017 25.8370967741935
2017 25.3370967741935
2017 29.5370967741936
2017 29.3370967741935
2017 28.4370967741935
2017 26.1370967741935
2017 32.6370967741936
2017 36.5370967741936
2017 25.7370967741935
2017 24.5370967741936
2017 23.7370967741935
2017 21.8370967741935
2017 21.4370967741935
2017 21.8370967741935
2017 21.7370967741935
2017 20.8370967741935
2017 19.4370967741935
2017 18.9370967741935
2017 17.4370967741935
2017 16.0370967741936
2017 13.4370967741935
2017 9.83709677419355
2017 6.63709677419355
2017 4.73709677419355
2017 5.53709677419355
2017 5.33709677419355
2017 1.13709677419355
2017 -0.262903225806452
2017 0.237096774193548
2017 -3.06290322580645
2017 -3.56290322580645
2017 -3.46290322580645
2017 -3.56290322580645
2017 -3.56290322580645
2017 -3.36290322580645
2017 -3.36290322580645
2017 -2.06290322580645
2017 9.73709677419355
2017 7.83709677419355
2017 1.63709677419355
2017 -1.76290322580645
2017 -3.56290322580645
2017 -3.56290322580645
2017 -3.56290322580645
2017 -3.56290322580645
2017 -3.56290322580645
2017 -3.46290322580645
2017 -3.16290322580645
2017 -3.46290322580645
2017 -3.56290322580645
2017 -3.56290322580645
2017 -3.56290322580645
2017 -3.56290322580645
2017 -3.56290322580645
2017 -3.56290322580645
2017 -3.56290322580645
2017 -3.56290322580645
2017 -3.56290322580645
2017 0.637096774193548
2017 1.33709677419355
2017 1.13709677419355
2017 0.937096774193548
2017 -1.56290322580645
2017 1.83709677419355
2017 10.1370967741935
2017 4.63709677419355
2017 6.83709677419355
2017 5.63709677419355
2017 3.43709677419355
2017 4.13709677419355
2017 -2.46290322580645
2017 -3.56290322580645
2017 -3.26290322580645
2017 -3.56290322580645
2017 -3.36290322580645
2017 -3.56290322580645
2017 -3.56290322580645
2017 -3.56290322580645
2017 -3.56290322580645
2017 -3.56290322580645
2017 -3.56290322580645
2017 -3.56290322580645
2017 -3.56290322580645
2017 -3.56290322580645
2017 -3.56290322580645
2017 -3.56290322580645
2017 -3.56290322580645
2017 -3.56290322580645
2017 -3.56290322580645
2017 -3.56290322580645
2017 -3.56290322580645
2017 -3.56290322580645
2017 -3.46290322580645
2017 -3.06290322580645
2017 -3.46290322580645
2017 -3.46290322580645
2017 -3.46290322580645
2017 -3.46290322580645
2017 -3.36290322580645
2017 -3.46290322580645
2017 -3.36290322580645
2017 -3.06290322580645
2017 -2.96290322580645
2017 -3.56290322580645
2017 -3.26290322580645
2017 -1.96290322580645
2017 -2.46290322580645
2017 -1.26290322580645
2017 -2.46290322580645
2017 -3.36290322580645
2017 -3.56290322580645
2017 -3.46290322580645
2017 -3.56290322580645
2017 -1.36290322580645
2017 -0.662903225806452
2017 1.03709677419355
2017 -2.46290322580645
2017 -1.76290322580645
2017 0.637096774193548
2017 2.13709677419355
2017 3.73709677419355
2017 5.73709677419355
2017 7.83709677419355
2017 8.03709677419355
2017 7.83709677419355
2017 1.13709677419355
2017 1.53709677419355
2017 8.93709677419355
2017 6.83709677419355
2017 6.13709677419355
2017 5.53709677419355
2017 0.837096774193549
2017 3.53709677419355
2017 8.93709677419355
2017 5.13709677419355
2017 6.53709677419355
2017 4.43709677419355
2017 7.23709677419355
2017 0.537096774193548
2017 3.83709677419355
2017 6.03709677419355
2017 8.93709677419355
2017 4.83709677419355
2017 4.93709677419355
2017 6.63709677419355
2017 8.63709677419355
2017 8.13709677419355
2017 5.73709677419355
2017 -1.06290322580645
2017 -3.56290322580645
2017 -3.56290322580645
2017 -3.56290322580645
2017 -3.56290322580645
2017 -3.56290322580645
2017 -3.56290322580645
2017 -3.56290322580645
2017 -3.56290322580645
2017 -3.56290322580645
2017 -3.56290322580645
2017 -3.56290322580645
2017 -3.56290322580645
2017 -3.56290322580645
2017 -3.56290322580645
2017 -3.56290322580645
2017 -3.56290322580645
2017 -3.56290322580645
2017 -3.56290322580645
2017 -3.56290322580645
2017 -3.56290322580645
2017 -3.56290322580645
2017 -3.56290322580645
2017 -3.56290322580645
2017 -3.56290322580645
2017 -3.56290322580645
2017 -3.56290322580645
2017 -3.56290322580645
2017 -3.56290322580645
2017 -3.56290322580645
2017 -3.56290322580645
2017 -3.56290322580645
2017 -3.56290322580645
2017 -3.56290322580645
2017 -3.56290322580645
2017 -3.56290322580645
2017 -3.56290322580645
2017 -3.56290322580645
2018 -3.40322580645161
2018 -3.40322580645161
2018 -3.40322580645161
2018 -3.40322580645161
2018 -3.40322580645161
2018 -3.40322580645161
2018 -3.40322580645161
2018 -3.40322580645161
2018 -3.40322580645161
2018 -3.40322580645161
2018 -3.40322580645161
2018 -3.40322580645161
2018 -3.40322580645161
2018 -3.40322580645161
2018 -3.40322580645161
2018 -3.40322580645161
2018 -3.40322580645161
2018 -3.40322580645161
2018 -3.30322580645161
2018 -3.40322580645161
2018 -3.40322580645161
2018 -3.40322580645161
2018 -3.40322580645161
2018 -3.40322580645161
2018 -3.40322580645161
2018 -3.40322580645161
2018 -3.40322580645161
2018 -3.40322580645161
2018 -3.40322580645161
2018 -3.40322580645161
2018 -3.40322580645161
2018 -3.40322580645161
2018 -3.40322580645161
2018 -3.40322580645161
2018 -3.40322580645161
2018 -3.40322580645161
2018 -3.40322580645161
2018 -3.40322580645161
2018 -3.40322580645161
2018 -3.40322580645161
2018 -3.40322580645161
2018 -3.40322580645161
2018 -3.40322580645161
2018 -3.40322580645161
2018 -3.40322580645161
2018 -3.40322580645161
2018 -3.40322580645161
2018 -3.40322580645161
2018 -3.40322580645161
2018 -3.40322580645161
2018 -3.40322580645161
2018 -3.40322580645161
2018 -3.40322580645161
2018 -3.40322580645161
2018 -3.40322580645161
2018 -3.40322580645161
2018 -3.40322580645161
2018 -3.40322580645161
2018 -3.40322580645161
2018 -3.40322580645161
2018 -3.40322580645161
2018 -3.40322580645161
2018 -3.00322580645161
2018 -2.60322580645161
2018 -2.20322580645161
2018 -0.703225806451613
2018 26.5967741935484
2018 27.9967741935484
2018 29.3967741935484
2018 28.1967741935484
2018 23.8967741935484
2018 23.6967741935484
2018 23.8967741935484
2018 21.5967741935484
2018 22.1967741935484
2018 21.8967741935484
2018 21.8967741935484
2018 22.3967741935484
2018 21.9967741935484
2018 20.8967741935484
2018 20.0967741935484
2018 19.9967741935484
2018 19.9967741935484
2018 19.5967741935484
2018 18.9967741935484
2018 20.2967741935484
2018 21.1967741935484
2018 20.7967741935484
2018 21.0967741935484
2018 23.5967741935484
2018 31.7967741935484
2018 32.9967741935484
2018 31.6967741935484
2018 30.7967741935484
2018 28.7967741935484
2018 26.0967741935484
2018 26.0967741935484
2018 26.1967741935484
2018 25.3967741935484
2018 23.9967741935484
2018 24.7967741935484
2018 28.8967741935484
2018 27.6967741935484
2018 28.1967741935484
2018 25.8967741935484
2018 25.5967741935484
2018 25.3967741935484
2018 24.9967741935484
2018 24.5967741935484
2018 24.6967741935484
2018 24.9967741935484
2018 25.1967741935484
2018 24.6967741935484
2018 24.6967741935484
2018 24.4967741935484
2018 24.5967741935484
2018 25.4967741935484
2018 36.1967741935484
2018 58.7967741935484
2018 51.2967741935484
2018 50.2967741935484
2018 51.8967741935484
2018 53.8967741935484
2018 53.8967741935484
2018 48.8967741935484
2018 45.8967741935484
2018 46.1967741935484
2018 47.8967741935484
2018 48.2967741935484
2018 48.8967741935484
2018 52.9967741935484
2018 53.0967741935484
2018 52.9967741935484
2018 52.7967741935484
2018 52.1967741935484
2018 51.5967741935484
2018 51.2967741935484
2018 51.8967741935484
2018 51.5967741935484
2018 51.8967741935484
2018 51.7967741935484
2018 51.5967741935484
2018 51.5967741935484
2018 51.5967741935484
2018 51.9967741935484
2018 51.9967741935484
2018 52.4967741935484
2018 52.6967741935484
2018 52.7967741935484
2018 52.3967741935484
2018 52.2967741935484
2018 51.8967741935484
2018 51.2967741935484
2018 52.6967741935484
2018 60.8967741935484
2018 63.6967741935484
2018 64.0967741935484
2018 63.5967741935484
2018 63.9967741935484
2018 66.4967741935484
2018 66.4967741935484
2018 67.7967741935484
2018 65.1967741935484
2018 65.4967741935484
2018 67.4967741935484
2018 66.0967741935484
2018 65.5967741935484
2018 65.8967741935484
2018 65.8967741935484
2018 65.6967741935484
2018 69.3967741935484
2018 68.6967741935484
2018 67.4967741935484
2018 70.4967741935484
2018 72.5967741935484
2018 79.4967741935484
2018 80.0967741935484
2018 80.8967741935484
2018 85.5967741935484
2018 83.1967741935484
2018 81.6967741935484
2018 86.4967741935484
2018 89.0967741935484
2018 84.6967741935484
2018 86.7967741935484
2018 86.0967741935484
2018 90.7967741935484
2018 92.2967741935484
2018 95.9967741935484
2018 95.0967741935484
2018 93.7967741935484
2018 94.3967741935484
2018 99.7967741935484
2018 98.8967741935484
2018 96.1967741935484
2018 96.2967741935484
2018 105.196774193548
2018 104.396774193548
2018 125.496774193548
2018 140.296774193548
2018 140.496774193548
2018 136.796774193548
2018 134.696774193548
2018 130.396774193548
2018 128.796774193548
2018 127.596774193548
2018 125.596774193548
2018 124.596774193548
2018 123.096774193548
2018 123.496774193548
2018 126.496774193548
2018 128.096774193548
2018 136.296774193548
2018 132.896774193548
2018 130.096774193548
2018 138.396774193548
2018 131.796774193548
2018 126.996774193548
2018 123.296774193548
2018 119.396774193548
2018 115.696774193548
2018 116.596774193548
2018 120.496774193548
2018 139.996774193548
2018 147.096774193548
2018 141.796774193548
2018 133.096774193548
2018 125.896774193548
2018 119.296774193548
2018 112.696774193548
2018 106.496774193548
2018 98.1967741935484
2018 90.8967741935484
2018 82.0967741935484
2018 72.8967741935484
2018 63.3967741935484
2018 50.8967741935484
2018 36.9967741935484
2018 22.3967741935484
2018 12.2967741935484
2018 -2.50322580645161
2018 -2.30322580645161
2018 -2.30322580645161
2018 -0.903225806451613
2018 -2.30322580645161
2018 -2.20322580645161
2018 -2.40322580645161
2018 -3.30322580645161
2018 -3.40322580645161
2018 -3.30322580645161
2018 -2.60322580645161
2018 -2.50322580645161
2018 -2.20322580645161
2018 -2.90322580645161
2018 -2.90322580645161
2018 -2.40322580645161
2018 2.49677419354839
2018 4.19677419354839
2018 -1.10322580645161
2018 -2.80322580645161
2018 -2.90322580645161
2018 -2.80322580645161
2018 -3.10322580645161
2018 -2.70322580645161
2018 -2.30322580645161
2018 -1.60322580645161
2018 -2.30322580645161
2018 -3.30322580645161
2018 -2.20322580645161
2018 -1.80322580645161
2018 -0.403225806451613
2018 -1.10322580645161
2018 -2.00322580645161
2018 -1.80322580645161
2018 -0.00322580645161308
2018 -0.803225806451613
2018 -1.50322580645161
2018 -1.90322580645161
2018 -1.80322580645161
2018 -1.10322580645161
2018 -1.40322580645161
2018 -2.30322580645161
2018 -2.00322580645161
2018 -0.00322580645161308
2018 -0.603225806451613
2018 -0.103225806451613
2018 -0.603225806451613
2018 -0.403225806451613
2018 1.39677419354839
2018 0.896774193548387
2018 -0.803225806451613
2018 -0.503225806451613
2018 2.99677419354839
2018 2.99677419354839
2018 0.996774193548387
2018 3.59677419354839
2018 1.99677419354839
2018 1.69677419354839
2018 0.796774193548387
2018 -1.00322580645161
2018 -0.403225806451613
2018 2.49677419354839
2018 1.99677419354839
2018 2.99677419354839
2018 4.19677419354839
2018 0.196774193548387
2018 4.79677419354839
2018 3.49677419354839
2018 -0.503225806451613
2018 -1.20322580645161
2018 -0.803225806451613
2018 -1.00322580645161
2018 1.89677419354839
2018 5.99677419354839
2018 5.99677419354839
2018 9.79677419354839
2018 5.09677419354839
2018 6.29677419354839
2018 6.89677419354839
2018 -0.403225806451613
2018 -1.80322580645161
2018 -1.90322580645161
2018 0.596774193548387
2018 7.79677419354839
2018 0.996774193548387
2018 -1.50322580645161
2018 -0.603225806451613
2018 -0.00322580645161308
2018 -1.60322580645161
2018 0.196774193548387
2018 3.69677419354839
2018 0.996774193548387
2018 1.39677419354839
2018 -1.40322580645161
2018 -3.30322580645161
2018 -1.80322580645161
2018 -1.30322580645161
2018 -0.803225806451613
2018 -2.50322580645161
2018 -2.60322580645161
2018 -3.30322580645161
2018 -3.20322580645161
2018 -2.40322580645161
2018 -2.10322580645161
2018 -0.503225806451613
2018 -0.703225806451613
2018 -0.203225806451613
2018 -0.203225806451613
2018 -0.503225806451613
2018 -0.00322580645161308
2018 -0.303225806451613
2018 -0.303225806451613
2018 -0.803225806451613
2018 -1.30322580645161
2018 -3.10322580645161
2018 -3.40322580645161
2018 -2.60322580645161
2018 -1.40322580645161
2018 -2.80322580645161
2018 -3.20322580645161
2018 -3.40322580645161
2018 -3.40322580645161
2018 -3.30322580645161
2018 -3.00322580645161
2018 -2.80322580645161
2019 0.638709677419355
2019 0.238709677419355
2019 -0.0612903225806452
2019 -0.161290322580645
2019 0.0387096774193549
2019 0.138709677419355
2019 1.23870967741935
2019 -0.161290322580645
2019 -0.161290322580645
2019 -0.261290322580645
2019 -0.261290322580645
2019 -0.361290322580645
2019 -0.361290322580645
2019 -0.361290322580645
2019 0.0387096774193549
2019 0.238709677419355
2019 -0.0612903225806452
2019 -0.361290322580645
2019 -0.261290322580645
2019 -0.261290322580645
2019 -0.261290322580645
2019 -0.0612903225806452
2019 -0.0612903225806452
2019 -0.261290322580645
2019 -0.161290322580645
2019 -0.261290322580645
2019 -0.361290322580645
2019 -0.161290322580645
2019 -0.0612903225806452
2019 -0.161290322580645
2019 1.73870967741935
2019 2.93870967741935
2019 1.43870967741935
2019 1.13870967741935
2019 0.138709677419355
2019 0.738709677419355
2019 -0.361290322580645
2019 -0.361290322580645
2019 -0.361290322580645
2019 -0.261290322580645
2019 -0.261290322580645
2019 -0.261290322580645
2019 -0.361290322580645
2019 -0.361290322580645
2019 -0.361290322580645
2019 -0.161290322580645
2019 -0.161290322580645
2019 -0.161290322580645
2019 -0.0612903225806452
2019 -0.261290322580645
2019 -0.361290322580645
2019 -0.361290322580645
2019 -0.361290322580645
2019 -0.361290322580645
2019 -0.361290322580645
2019 -0.261290322580645
2019 0.438709677419355
2019 1.63870967741935
2019 1.73870967741935
2019 NA
2019 NA
2019 NA
2019 NA
2019 NA
2019 NA
2019 NA
2019 NA
2019 NA
2019 NA
2019 NA
2019 NA
2019 NA
2019 NA
2019 NA
2019 NA
2019 NA
2019 NA
2019 NA
2019 NA
2019 NA
2019 NA
2019 NA
2019 NA
2019 NA
2019 NA
2019 NA
2019 NA
2019 NA
2019 NA
2019 NA
2019 NA
2019 NA
2019 NA
2019 NA
2019 NA
2019 NA
2019 NA
2019 NA
2019 NA
2019 NA
2019 NA
2019 NA
2019 NA
2019 NA
2019 NA
2019 NA
2019 NA
2019 NA
2019 NA
2019 NA
2019 13.2387096774194
2019 14.1387096774194
2019 15.5387096774194
2019 15.1387096774194
2019 14.4387096774194
2019 14.0387096774194
2019 13.3387096774194
2019 13.5387096774194
2019 13.8387096774194
2019 13.4387096774194
2019 12.0387096774194
2019 11.0387096774194
2019 11.8387096774194
2019 10.8387096774194
2019 8.83870967741935
2019 7.43870967741935
2019 7.73870967741935
2019 7.33870967741935
2019 8.03870967741936
2019 8.23870967741935
2019 7.03870967741936
2019 6.63870967741935
2019 7.43870967741935
2019 6.23870967741935
2019 5.63870967741935
2019 6.63870967741935
2019 6.53870967741936
2019 7.03870967741936
2019 6.43870967741935
2019 9.13870967741935
2019 8.23870967741935
2019 8.23870967741935
2019 8.43870967741936
2019 7.73870967741935
2019 9.03870967741936
2019 8.93870967741936
2019 9.33870967741935
2019 8.63870967741935
2019 9.63870967741935
2019 11.8387096774194
2019 9.23870967741935
2019 9.43870967741936
2019 19.7387096774194
2019 24.3387096774194
2019 33.4387096774194
2019 65.1387096774194
2019 78.6387096774194
2019 73.7387096774194
2019 69.4387096774194
2019 63.2387096774194
2019 55.2387096774194
2019 57.8387096774194
2019 61.6387096774194
2019 57.3387096774194
2019 51.5387096774194
2019 52.0387096774194
2019 51.2387096774194
2019 50.2387096774194
2019 49.4387096774194
2019 48.5387096774194
2019 45.6387096774194
2019 44.1387096774194
2019 44.8387096774194
2019 42.9387096774194
2019 39.8387096774194
2019 40.1387096774194
2019 40.3387096774194
2019 38.5387096774194
2019 36.7387096774194
2019 35.2387096774194
2019 32.2387096774194
2019 31.6387096774194
2019 31.1387096774194
2019 31.2387096774194
2019 31.0387096774194
2019 32.9387096774194
2019 32.1387096774194
2019 31.2387096774194
2019 31.9387096774194
2019 31.9387096774194
2019 29.2387096774194
2019 27.6387096774194
2019 29.1387096774194
2019 29.6387096774194
2019 29.4387096774194
2019 26.6387096774194
2019 25.7387096774194
2019 23.4387096774194
2019 23.4387096774194
2019 23.5387096774194
2019 23.1387096774194
2019 23.3387096774194
2019 19.9387096774194
2019 15.2387096774194
2019 14.6387096774194
2019 13.1387096774194
2019 12.3387096774194
2019 12.0387096774194
2019 11.6387096774194
2019 11.5387096774194
2019 8.23870967741935
2019 4.23870967741935
2019 0.738709677419355
2019 0.238709677419355
2019 16.1387096774194
2019 6.03870967741936
2019 NA
2019 NA
2019 NA
2019 NA
2019 NA
2019 NA
2019 NA
2019 NA
2019 NA
2019 NA
2019 NA
2019 NA
2019 NA
2019 NA
2019 NA
2019 NA
2019 NA
2019 NA
2019 NA
2019 NA
2019 NA
2019 NA
2019 NA
2019 NA
2019 NA
2019 NA
2019 NA
2019 NA
2019 NA
2019 NA
2019 NA
2019 NA
2019 NA
2019 NA
2019 NA
2019 NA
2019 NA
2019 NA
2019 NA
2019 NA
2019 NA
2019 NA
2019 NA
2019 NA
2019 NA
2019 NA
2019 NA
2019 NA
2019 NA
2019 NA
2019 NA
2019 NA
2019 NA
2019 NA
2019 NA
2019 NA
2019 NA
2019 NA
2019 NA
2019 NA
2019 NA
2019 NA
2019 NA
2019 NA
2019 NA
2019 NA
2019 NA
2019 NA
2019 NA
2019 NA
2019 NA
2019 NA
2019 NA
2019 NA
2019 NA
2019 NA
2019 NA
2019 NA
2019 NA
2019 NA
2019 NA
2019 NA
2019 NA
2019 NA
2019 NA
2019 NA
2019 NA
2019 NA
2019 NA
2019 NA
2019 NA
2019 NA
2019 NA
2019 NA
2019 NA
2019 NA
2019 NA
2019 NA
2019 NA
2019 NA
2019 NA
2019 NA
2019 NA
2019 NA
2019 NA
2019 NA
2019 NA
2019 NA
2019 NA
2019 NA
2019 NA
2019 NA
2019 NA
2019 NA
2019 NA
2019 NA
2019 NA
2019 NA
2019 2.23870967741935
2019 5.73870967741935
2019 -0.161290322580645
2019 0.138709677419355
2019 1.33870967741935
2019 -0.361290322580645
2019 -0.361290322580645
2019 -0.261290322580645
2019 -0.361290322580645
2019 -0.361290322580645
2019 -0.361290322580645
2019 -0.361290322580645
2019 -0.361290322580645
2019 -0.361290322580645
2019 -0.361290322580645
2019 -0.361290322580645
2019 -0.361290322580645
2019 -0.361290322580645
2019 -0.361290322580645
2019 -0.361290322580645
2019 -0.361290322580645
2019 -0.361290322580645
2019 -0.361290322580645
2019 -0.361290322580645
2019 -0.361290322580645
2019 -0.361290322580645
2019 -0.361290322580645
2019 -0.361290322580645
2019 -0.361290322580645
2019 -0.361290322580645
2019 -0.361290322580645
2020 -0.340322580645161
2020 -0.340322580645161
2020 -0.340322580645161
2020 -0.340322580645161
2020 -0.340322580645161
2020 -0.340322580645161
2020 -0.340322580645161
2020 -0.340322580645161
2020 -0.340322580645161
2020 -0.340322580645161
2020 -0.340322580645161
2020 -0.340322580645161
2020 -0.340322580645161
2020 -0.340322580645161
2020 -0.340322580645161
2020 -0.340322580645161
2020 -0.340322580645161
2020 -0.340322580645161
2020 -0.340322580645161
2020 -0.340322580645161
2020 -0.340322580645161
2020 -0.340322580645161
2020 -0.340322580645161
2020 -0.340322580645161
2020 -0.340322580645161
2020 -0.340322580645161
2020 -0.340322580645161
2020 -0.340322580645161
2020 -0.340322580645161
2020 -0.340322580645161
2020 -0.340322580645161
2020 -0.340322580645161
2020 -0.340322580645161
2020 -0.340322580645161
2020 -0.340322580645161
2020 -0.340322580645161
2020 -0.340322580645161
2020 -0.340322580645161
2020 -0.340322580645161
2020 -0.340322580645161
2020 -0.340322580645161
2020 -0.340322580645161
2020 -0.340322580645161
2020 -0.340322580645161
2020 -0.340322580645161
2020 -0.340322580645161
2020 -0.340322580645161
2020 -0.340322580645161
2020 -0.340322580645161
2020 -0.340322580645161
2020 -0.340322580645161
2020 -0.340322580645161
2020 -0.340322580645161
2020 -0.340322580645161
2020 -0.340322580645161
2020 -0.340322580645161
2020 -0.340322580645161
2020 -0.340322580645161
2020 -0.340322580645161
2020 -0.340322580645161
2020 -0.340322580645161
2020 -0.340322580645161
2020 -0.340322580645161
2020 0.0596774193548387
2020 -0.340322580645161
2020 -0.340322580645161
2020 5.75967741935484
2020 22.5596774193548
2020 39.2596774193548
2020 50.6596774193548
2020 48.0596774193548
2020 45.4596774193548
2020 47.7596774193548
2020 90.3596774193548
2020 90.7596774193548
2020 78.8596774193548
2020 128.359677419355
2020 122.559677419355
2020 140.459677419355
2020 138.159677419355
2020 141.559677419355
2020 141.559677419355
2020 141.459677419355
2020 140.259677419355
2020 131.259677419355
2020 143.159677419355
2020 140.359677419355
2020 140.459677419355
2020 113.259677419355
2020 79.5596774193548
2020 78.9596774193548
2020 78.2596774193548
2020 86.6596774193548
2020 87.0596774193548
2020 85.5596774193548
2020 84.6596774193548
2020 81.9596774193548
2020 79.1596774193548
2020 79.3596774193548
2020 80.4596774193548
2020 70.3596774193548
2020 68.2596774193548
2020 69.6596774193548
2020 69.4596774193548
2020 67.7596774193548
2020 67.2596774193548
2020 66.9596774193548
2020 65.4596774193548
2020 60.0596774193548
2020 59.4596774193548
2020 58.3596774193548
2020 73.0596774193548
2020 113.959677419355
2020 130.359677419355
2020 124.559677419355
2020 121.759677419355
2020 119.459677419355
2020 117.659677419355
2020 113.759677419355
2020 112.359677419355
2020 111.259677419355
2020 110.659677419355
2020 109.259677419355
2020 108.559677419355
2020 107.659677419355
2020 105.859677419355
2020 103.159677419355
2020 102.659677419355
2020 101.859677419355
2020 101.359677419355
2020 101.159677419355
2020 101.559677419355
2020 101.359677419355
2020 101.259677419355
2020 100.859677419355
2020 100.759677419355
2020 100.959677419355
2020 100.959677419355
2020 100.559677419355
2020 101.159677419355
2020 101.059677419355
2020 100.959677419355
2020 100.859677419355
2020 99.5596774193548
2020 100.059677419355
2020 100.159677419355
2020 99.8596774193548
2020 102.159677419355
2020 101.659677419355
2020 99.2596774193548
2020 98.7596774193548
2020 98.6596774193548
2020 98.3596774193548
2020 98.2596774193548
2020 97.7596774193548
2020 96.6596774193548
2020 95.2596774193548
2020 95.4596774193548
2020 96.2596774193548
2020 95.8596774193548
2020 96.0596774193548
2020 96.2596774193548
2020 94.9596774193548
2020 95.2596774193548
2020 95.3596774193548
2020 94.8596774193548
2020 94.4596774193548
2020 94.6596774193548
2020 94.2596774193548
2020 93.0596774193548
2020 93.8596774193548
2020 93.6596774193548
2020 93.4596774193548
2020 92.8596774193548
2020 92.8596774193548
2020 91.8596774193548
2020 88.6596774193548
2020 86.9596774193548
2020 87.4596774193548
2020 87.5596774193548
2020 86.7596774193548
2020 86.7596774193548
2020 89.1596774193548
2020 88.6596774193548
2020 118.459677419355
2020 134.259677419355
2020 132.559677419355
2020 132.959677419355
2020 162.259677419355
2020 165.459677419355
2020 163.759677419355
2020 166.959677419355
2020 160.959677419355
2020 153.859677419355
2020 147.959677419355
2020 145.659677419355
2020 146.059677419355
2020 144.459677419355
2020 142.359677419355
2020 137.759677419355
2020 135.159677419355
2020 133.159677419355
2020 128.359677419355
2020 124.959677419355
2020 125.159677419355
2020 124.359677419355
2020 124.159677419355
2020 122.159677419355
2020 125.659677419355
2020 125.959677419355
2020 125.659677419355
2020 127.759677419355
2020 132.759677419355
2020 137.859677419355
2020 134.859677419355
2020 135.159677419355
2020 128.959677419355
2020 121.859677419355
2020 117.459677419355
2020 112.559677419355
2020 107.659677419355
2020 102.959677419355
2020 99.0596774193548
2020 94.5596774193548
2020 90.0596774193548
2020 84.6596774193548
2020 84.0596774193548
2020 81.6596774193548
2020 76.8596774193548
2020 71.8596774193548
2020 66.1596774193548
2020 58.9596774193548
2020 50.2596774193548
2020 46.4596774193548
2020 41.4596774193548
2020 36.5596774193548
2020 31.2596774193548
2020 26.3596774193548
2020 21.1596774193548
2020 13.2596774193548
2020 6.85967741935484
2020 6.95967741935484
2020 4.15967741935484
2020 9.75967741935484
2020 1.45967741935484
2020 -0.340322580645161
2020 -0.340322580645161
2020 -0.340322580645161
2020 -0.340322580645161
2020 -0.340322580645161
2020 -0.340322580645161
2020 -0.340322580645161
2020 -0.340322580645161
2020 -0.340322580645161
2020 -0.340322580645161
2020 -0.340322580645161
2020 -0.340322580645161
2020 -0.340322580645161
2020 -0.340322580645161
2020 -0.340322580645161
2020 -0.340322580645161
2020 -0.340322580645161
2020 -0.340322580645161
2020 -0.340322580645161
2020 -0.340322580645161
2020 -0.340322580645161
2020 -0.340322580645161
2020 -0.340322580645161
2020 -0.340322580645161
2020 -0.340322580645161
2020 -0.340322580645161
2020 -0.340322580645161
2020 -0.340322580645161
2020 -0.340322580645161
2020 -0.340322580645161
2020 -0.340322580645161
2020 -0.140322580645161
2020 -0.0403225806451613
2020 -0.240322580645161
2020 -0.340322580645161
2020 -0.0403225806451613
2020 -0.240322580645161
2020 0.559677419354839
2020 0.259677419354839
2020 0.0596774193548387
2020 0.0596774193548387
2020 0.0596774193548387
2020 0.0596774193548387
2020 -0.0403225806451613
2020 1.25967741935484
2020 1.15967741935484
2020 0.759677419354839
2020 0.459677419354839
2020 -0.340322580645161
2020 -0.340322580645161
2020 -0.340322580645161
2020 -0.340322580645161
2020 0.0596774193548387
2020 0.359677419354839
2020 0.559677419354839
2020 0.359677419354839
2020 -0.140322580645161
2020 0.359677419354839
2020 0.459677419354839
2020 0.659677419354839
2020 0.659677419354839
2020 0.859677419354839
2020 0.959677419354839
2020 0.859677419354839
2020 0.859677419354839
2020 0.159677419354839
2020 0.359677419354839
2020 -0.140322580645161
2020 0.0596774193548387
2020 -0.0403225806451613
2020 -0.0403225806451613
2020 0.959677419354839
2020 1.35967741935484
2020 1.35967741935484
2020 1.25967741935484
2020 -0.0403225806451613
2020 -0.340322580645161
2020 -0.240322580645161
2020 0.259677419354839
2020 0.759677419354839
2020 -0.140322580645161
2020 -0.340322580645161
2020 -0.340322580645161
2020 -0.340322580645161
2020 -0.340322580645161
2020 -0.340322580645161
2020 -0.340322580645161
2020 -0.340322580645161
2020 -0.340322580645161
2020 -0.340322580645161
2020 -0.340322580645161
2020 -0.340322580645161
2020 -0.140322580645161
2020 -0.240322580645161
2020 -0.340322580645161
2020 -0.240322580645161
2020 -0.340322580645161
2020 -0.340322580645161
2020 -0.340322580645161
2020 -0.140322580645161
2020 0.0596774193548387
2020 0.259677419354839
2020 0.159677419354839
2020 -0.140322580645161
2020 -0.340322580645161
2020 -0.340322580645161
2020 -0.340322580645161
2020 -0.340322580645161
2020 -0.340322580645161
2020 -0.240322580645161
2020 0.159677419354839
2020 -0.140322580645161
2020 -0.340322580645161
2020 -0.340322580645161
2020 -0.340322580645161
2020 -0.340322580645161
2020 -0.340322580645161
2020 -0.340322580645161
2020 -0.240322580645161
2020 -0.340322580645161
2020 -0.340322580645161
2021 -0.143548387096774
2021 0.256451612903226
2021 -0.143548387096774
2021 -0.243548387096774
2021 -0.243548387096774
2021 -0.143548387096774
2021 0.0564516129032258
2021 0.156451612903226
2021 -0.243548387096774
2021 -0.243548387096774
2021 -0.143548387096774
2021 0.256451612903226
2021 0.856451612903226
2021 0.456451612903226
2021 -0.243548387096774
2021 -0.243548387096774
2021 -0.243548387096774
2021 -0.243548387096774
2021 -0.243548387096774
2021 -0.243548387096774
2021 -0.243548387096774
2021 -0.0435483870967742
2021 0.556451612903226
2021 -0.243548387096774
2021 1.15645161290323
2021 3.65645161290323
2021 1.85645161290323
2021 3.95645161290323
2021 1.35645161290323
2021 -0.243548387096774
2021 -0.243548387096774
2021 -0.243548387096774
2021 -0.243548387096774
2021 -0.243548387096774
2021 1.25645161290323
2021 0.556451612903226
2021 -0.243548387096774
2021 -0.243548387096774
2021 -0.243548387096774
2021 -0.243548387096774
2021 32.3564516129032
2021 57.9564516129032
2021 53.1564516129032
2021 49.8564516129032
2021 49.8564516129032
2021 52.4564516129032
2021 51.0564516129032
2021 48.1564516129032
2021 45.9564516129032
2021 42.9564516129032
2021 39.1564516129032
2021 34.2564516129032
2021 24.7564516129032
2021 13.4564516129032
2021 8.55645161290323
2021 2.75645161290323
2021 5.35645161290323
2021 5.85645161290323
2021 4.25645161290323
2021 3.45645161290323
2021 3.15645161290323
2021 1.65645161290323
2021 -0.0435483870967742
2021 -0.243548387096774
2021 -0.243548387096774
2021 -0.243548387096774
2021 -0.243548387096774
2021 -0.243548387096774
2021 -0.243548387096774
2021 -0.243548387096774
2021 -0.243548387096774
2021 -0.243548387096774
2021 -0.243548387096774
2021 -0.243548387096774
2021 -0.243548387096774
2021 -0.243548387096774
2021 -0.243548387096774
2021 -0.243548387096774
2021 -0.243548387096774
2021 -0.243548387096774
2021 0.656451612903226
2021 1.75645161290323
2021 1.35645161290323
2021 0.956451612903226
2021 -0.243548387096774
2021 -0.243548387096774
2021 -0.243548387096774
2021 -0.243548387096774
2021 0.256451612903226
2021 0.956451612903226
2021 0.356451612903226
2021 0.256451612903226
2021 13.5564516129032
2021 22.7564516129032
2021 14.4564516129032
2021 11.5564516129032
2021 26.3564516129032
2021 83.7564516129032
2021 85.8564516129032
2021 100.456451612903
2021 101.356451612903
2021 97.9564516129032
2021 97.8564516129032
2021 95.9564516129032
2021 93.5564516129032
2021 88.9564516129032
2021 86.4564516129032
2021 84.7564516129032
2021 82.9564516129032
2021 83.5564516129032
2021 82.4564516129032
2021 81.7564516129032
2021 80.5564516129032
2021 79.7564516129032
2021 79.1564516129032
2021 78.7564516129032
2021 79.3564516129032
2021 78.3564516129032
2021 77.4564516129032
2021 78.6564516129032
2021 81.5564516129032
2021 80.2564516129032
2021 81.3564516129032
2021 102.456451612903
2021 116.056451612903
2021 113.256451612903
2021 110.856451612903
2021 112.356451612903
2021 108.556451612903
2021 108.056451612903
2021 107.156451612903
2021 104.456451612903
2021 104.756451612903
2021 103.856451612903
2021 102.156451612903
2021 103.156451612903
2021 102.756451612903
2021 101.656451612903
2021 101.356451612903
2021 105.456451612903
2021 104.356451612903
2021 103.956451612903
2021 105.056451612903
2021 115.556451612903
2021 124.756451612903
2021 133.156451612903
2021 139.156451612903
2021 145.256451612903
2021 139.056451612903
2021 137.156451612903
2021 135.856451612903
2021 134.756451612903
2021 138.856451612903
2021 138.256451612903
2021 136.456451612903
2021 133.856451612903
2021 131.956451612903
2021 130.756451612903
2021 129.156451612903
2021 130.356451612903
2021 142.756451612903
2021 141.356451612903
2021 145.656451612903
2021 159.856451612903
2021 157.056451612903
2021 154.256451612903
2021 152.256451612903
2021 153.456451612903
2021 152.456451612903
2021 151.856451612903
2021 150.356451612903
2021 149.656451612903
2021 148.556451612903
2021 147.356451612903
2021 146.256451612903
2021 144.656451612903
2021 142.956451612903
2021 141.256451612903
2021 138.656451612903
2021 137.156451612903
2021 135.656451612903
2021 135.456451612903
2021 134.756451612903
2021 133.856451612903
2021 133.456451612903
2021 133.256451612903
2021 132.556451612903
2021 132.556451612903
2021 132.556451612903
2021 132.056451612903
2021 137.056451612903
2021 139.856451612903
2021 137.556451612903
2021 135.956451612903
2021 136.156451612903
2021 134.056451612903
2021 133.256451612903
2021 133.456451612903
2021 133.456451612903
2021 132.856451612903
2021 131.856451612903
2021 131.756451612903
2021 131.856451612903
2021 131.656451612903
2021 130.956451612903
2021 129.356451612903
2021 126.156451612903
2021 124.556451612903
2021 123.256451612903
2021 121.156451612903
2021 117.256451612903
2021 113.256451612903
2021 108.956451612903
2021 104.756451612903
2021 102.456451612903
2021 102.056451612903
2021 102.056451612903
2021 100.356451612903
2021 99.1564516129032
2021 98.2564516129032
2021 98.7564516129032
2021 98.3564516129032
2021 103.856451612903
2021 111.156451612903
2021 175.756451612903
2021 190.856451612903
2021 190.356451612903
2021 185.856451612903
2021 182.156451612903
2021 179.156451612903
2021 184.856451612903
2021 179.456451612903
2021 176.456451612903
2021 172.856451612903
2021 168.656451612903
2021 163.256451612903
2021 159.256451612903
2021 156.056451612903
2021 153.356451612903
2021 148.656451612903
2021 143.056451612903
2021 135.156451612903
2021 126.556451612903
2021 121.056451612903
2021 119.056451612903
2021 116.356451612903
2021 112.856451612903
2021 109.856451612903
2021 104.556451612903
2021 102.056451612903
2021 94.5564516129032
2021 80.8564516129032
2021 68.7564516129032
2021 67.3564516129032
2021 63.6564516129032
2021 64.3564516129032
2021 66.4564516129032
2021 58.4564516129032
2021 53.3564516129032
2021 48.4564516129032
2021 53.1564516129032
2021 48.4564516129032
2021 44.1564516129032
2021 39.1564516129032
2021 33.8564516129032
2021 30.0564516129032
2021 24.5564516129032
2021 21.3564516129032
2021 14.8564516129032
2021 9.65645161290323
2021 2.95645161290323
2021 -0.243548387096774
2021 -0.243548387096774
2021 -0.243548387096774
2021 -0.243548387096774
2021 -0.243548387096774
2021 -0.243548387096774
2021 -0.243548387096774
2021 -0.243548387096774
2021 -0.243548387096774
2021 -0.243548387096774
2021 -0.243548387096774
2021 -0.243548387096774
2021 -0.243548387096774
2021 -0.243548387096774
2021 -0.243548387096774
2021 -0.243548387096774
2021 -0.243548387096774
2021 -0.243548387096774
2021 -0.243548387096774
2021 -0.243548387096774
2021 -0.143548387096774
2021 -0.243548387096774
2021 -0.243548387096774
2021 -0.243548387096774
2021 -0.243548387096774
2021 -0.243548387096774
2021 -0.243548387096774
2021 -0.243548387096774
2021 -0.0435483870967742
2021 -0.243548387096774
2021 -0.0435483870967742
2021 -0.143548387096774
2021 0.856451612903226
2021 1.75645161290323
2021 1.15645161290323
2021 2.95645161290323
2021 -0.143548387096774
2021 0.256451612903226
2021 -0.243548387096774
2021 0.756451612903226
2021 1.35645161290323
2021 0.756451612903226
2021 2.25645161290323
2021 0.456451612903226
2021 -0.243548387096774
2021 -0.243548387096774
2021 -0.243548387096774
2021 -0.243548387096774
2021 -0.243548387096774
2021 -0.243548387096774
2021 -0.243548387096774
2021 -0.243548387096774
2021 -0.243548387096774
2021 -0.243548387096774
2021 -0.243548387096774
2021 -0.243548387096774
2021 -0.243548387096774
2021 -0.243548387096774
2021 -0.243548387096774
2021 -0.243548387096774
2021 -0.243548387096774
2021 -0.243548387096774
2021 -0.243548387096774
2021 -0.243548387096774
2021 -0.243548387096774
2021 -0.243548387096774
2021 -0.243548387096774
2021 -0.243548387096774
2021 -0.243548387096774
2021 -0.243548387096774
2021 -0.243548387096774
2021 -0.243548387096774
2021 -0.243548387096774
2021 -0.243548387096774
2021 -0.243548387096774
2021 -0.243548387096774
2021 -0.243548387096774
2021 -0.243548387096774
2021 -0.243548387096774
2021 -0.243548387096774
2021 -0.243548387096774
2021 -0.243548387096774
2021 -0.243548387096774
2021 -0.243548387096774
2021 -0.243548387096774
2021 -0.243548387096774
2021 -0.243548387096774
2021 -0.243548387096774
2021 -0.243548387096774
2021 -0.243548387096774
2021 -0.243548387096774
2021 -0.243548387096774
2021 -0.243548387096774
2021 -0.243548387096774
2022 -0.654838709677419
2022 -0.654838709677419
2022 -0.654838709677419
2022 -0.654838709677419
2022 -0.654838709677419
2022 -0.654838709677419
2022 -0.654838709677419
2022 -0.654838709677419
2022 -0.654838709677419
2022 -0.654838709677419
2022 -0.654838709677419
2022 -0.654838709677419
2022 -0.654838709677419
2022 -0.654838709677419
2022 -0.654838709677419
2022 -0.654838709677419
2022 -0.654838709677419
2022 -0.654838709677419
2022 -0.654838709677419
2022 -0.654838709677419
2022 -0.654838709677419
2022 -0.654838709677419
2022 -0.654838709677419
2022 -0.654838709677419
2022 -0.654838709677419
2022 -0.654838709677419
2022 -0.654838709677419
2022 -0.654838709677419
2022 -0.654838709677419
2022 -0.654838709677419
2022 -0.654838709677419
2022 -0.654838709677419
2022 -0.654838709677419
2022 -0.654838709677419
2022 -0.654838709677419
2022 3.04516129032258
2022 5.34516129032258
2022 0.445161290322581
2022 -0.554838709677419
2022 -0.454838709677419
2022 -0.654838709677419
2022 -0.654838709677419
2022 -0.654838709677419
2022 -0.654838709677419
2022 -0.654838709677419
2022 -0.654838709677419
2022 -0.654838709677419
2022 -0.654838709677419
2022 -0.654838709677419
2022 -0.654838709677419
2022 -0.654838709677419
2022 -0.654838709677419
2022 -0.554838709677419
2022 -0.654838709677419
2022 -0.654838709677419
2022 -0.654838709677419
2022 -0.654838709677419
2022 -0.654838709677419
2022 -0.654838709677419
2022 -0.654838709677419
2022 -0.654838709677419
2022 1.44516129032258
2022 15.5451612903226
2022 19.8451612903226
2022 33.8451612903226
2022 30.6451612903226
2022 29.4451612903226
2022 30.0451612903226
2022 29.5451612903226
2022 28.0451612903226
2022 27.4451612903226
2022 26.1451612903226
2022 24.0451612903226
2022 22.4451612903226
2022 38.0451612903226
2022 42.3451612903226
2022 39.2451612903226
2022 34.7451612903226
2022 31.7451612903226
2022 30.4451612903226
2022 29.1451612903226
2022 28.6451612903226
2022 27.9451612903226
2022 31.5451612903226
2022 31.0451612903226
2022 32.5451612903226
2022 39.6451612903226
2022 45.4451612903226
2022 64.1451612903226
2022 78.8451612903226
2022 60.7451612903226
2022 59.5451612903226
2022 55.6451612903226
2022 49.8451612903226
2022 50.1451612903226
2022 55.9451612903226
2022 57.7451612903226
2022 55.9451612903226
2022 60.4451612903226
2022 61.3451612903226
2022 53.7451612903226
2022 44.4451612903226
2022 33.7451612903226
2022 33.5451612903226
2022 32.7451612903226
2022 32.2451612903226
2022 31.8451612903226
2022 31.2451612903226
2022 30.8451612903226
2022 31.0451612903226
2022 31.2451612903226
2022 31.9451612903226
2022 31.3451612903226
2022 31.6451612903226
2022 32.0451612903226
2022 32.3451612903226
2022 32.1451612903226
2022 31.9451612903226
2022 31.8451612903226
2022 32.0451612903226
2022 32.6451612903226
2022 32.3451612903226
2022 30.7451612903226
2022 31.8451612903226
2022 32.1451612903226
2022 31.8451612903226
2022 41.2451612903226
2022 45.1451612903226
2022 44.0451612903226
2022 42.7451612903226
2022 39.3451612903226
2022 37.2451612903226
2022 40.8451612903226
2022 40.6451612903226
2022 40.3451612903226
2022 39.5451612903226
2022 39.5451612903226
2022 39.0451612903226
2022 35.1451612903226
2022 34.9451612903226
2022 35.0451612903226
2022 34.5451612903226
2022 32.8451612903226
2022 31.1451612903226
2022 32.0451612903226
2022 30.4451612903226
2022 29.1451612903226
2022 28.6451612903226
2022 30.0451612903226
2022 28.5451612903226
2022 28.2451612903226
2022 27.8451612903226
2022 28.1451612903226
2022 27.1451612903226
2022 26.8451612903226
2022 26.2451612903226
2022 26.5451612903226
2022 27.1451612903226
2022 27.2451612903226
2022 26.2451612903226
2022 24.9451612903226
2022 25.0451612903226
2022 25.2451612903226
2022 24.7451612903226
2022 24.4451612903226
2022 24.6451612903226
2022 24.7451612903226
2022 55.1451612903226
2022 73.6451612903226
2022 75.2451612903226
2022 73.0451612903226
2022 70.2451612903226
2022 66.8451612903226
2022 64.7451612903226
2022 63.9451612903226
2022 62.6451612903226
2022 61.1451612903226
2022 60.5451612903226
2022 60.0451612903226
2022 59.8451612903226
2022 59.0451612903226
2022 58.9451612903226
2022 58.5451612903226
2022 57.8451612903226
2022 57.4451612903226
2022 55.0451612903226
2022 55.7451612903226
2022 55.6451612903226
2022 53.7451612903226
2022 54.9451612903226
2022 55.5451612903226
2022 55.8451612903226
2022 55.2451612903226
2022 52.5451612903226
2022 50.5451612903226
2022 50.0451612903226
2022 47.1451612903226
2022 44.1451612903226
2022 42.2451612903226
2022 41.3451612903226
2022 41.4451612903226
2022 41.1451612903226
2022 39.7451612903226
2022 36.4451612903226
2022 32.9451612903226
2022 31.2451612903226
2022 28.5451612903226
2022 27.3451612903226
2022 26.1451612903226
2022 24.6451612903226
2022 26.1451612903226
2022 29.3451612903226
2022 45.1451612903226
2022 60.7451612903226
2022 60.6451612903226
2022 57.8451612903226
2022 52.7451612903226
2022 44.8451612903226
2022 38.6451612903226
2022 33.0451612903226
2022 29.8451612903226
2022 29.3451612903226
2022 28.2451612903226
2022 23.4451612903226
2022 16.0451612903226
2022 10.1451612903226
2022 4.84516129032258
2022 0.245161290322581
2022 -0.654838709677419
2022 -0.654838709677419
2022 -0.654838709677419
2022 -0.654838709677419
2022 -0.654838709677419
2022 -0.654838709677419
2022 -0.654838709677419
2022 11.2451612903226
2022 9.04516129032258
2022 7.44516129032258
2022 6.14516129032258
2022 4.04516129032258
2022 0.545161290322581
2022 -0.654838709677419
2022 -0.254838709677419
2022 -0.654838709677419
2022 -0.654838709677419
2022 -0.654838709677419
2022 -0.654838709677419
2022 -0.654838709677419
2022 -0.654838709677419
2022 -0.654838709677419
2022 -0.654838709677419
2022 -0.654838709677419
2022 -0.654838709677419
2022 -0.654838709677419
2022 -0.654838709677419
2022 -0.654838709677419
2022 -0.654838709677419
2022 -0.654838709677419
2022 -0.654838709677419
2022 -0.654838709677419
2022 -0.654838709677419
2022 -0.654838709677419
2022 -0.654838709677419
2022 -0.654838709677419
2022 -0.654838709677419
2022 -0.654838709677419
2022 -0.654838709677419
2022 -0.654838709677419
2022 -0.654838709677419
2022 -0.654838709677419
2022 -0.654838709677419
2022 -0.654838709677419
2022 -0.654838709677419
2022 -0.654838709677419
2022 -0.654838709677419
2022 -0.654838709677419
2022 -0.654838709677419
2022 -0.654838709677419
2022 -0.654838709677419
2022 -0.254838709677419
2022 -0.654838709677419
2022 -0.654838709677419
2022 -0.654838709677419
2022 -0.554838709677419
2022 -0.654838709677419
2022 -0.354838709677419
2022 0.645161290322581
2022 1.24516129032258
2022 0.945161290322581
2022 -0.354838709677419
2022 0.245161290322581
2022 1.84516129032258
2022 0.945161290322581
2022 0.645161290322581
2022 2.24516129032258
2022 2.14516129032258
2022 4.94516129032258
2022 1.84516129032258
2022 0.745161290322581
2022 1.14516129032258
2022 1.54516129032258
2022 8.84516129032258
2022 4.24516129032258
2022 1.84516129032258
2022 1.74516129032258
2022 -0.254838709677419
2022 1.94516129032258
2022 2.24516129032258
2022 0.345161290322581
2022 -0.354838709677419
2022 1.44516129032258
2022 4.94516129032258
2022 3.04516129032258
2022 2.14516129032258
2022 4.74516129032258
2022 1.04516129032258
2022 1.14516129032258
2022 1.24516129032258
2022 2.24516129032258
2022 -0.0548387096774193
2022 -0.654838709677419
2022 -0.654838709677419
2022 -0.654838709677419
2022 -0.654838709677419
2022 -0.654838709677419
2022 -0.654838709677419
2022 -0.654838709677419
2022 -0.654838709677419
2022 -0.654838709677419
2022 -0.654838709677419
2022 -0.654838709677419
2022 -0.654838709677419
2022 -0.654838709677419
2022 -0.654838709677419
2022 -0.654838709677419
2022 -0.654838709677419
2022 -0.654838709677419
2022 -0.654838709677419
2022 -0.654838709677419
2022 -0.654838709677419
2022 -0.654838709677419
2022 -0.654838709677419
2022 -0.654838709677419
2022 -0.654838709677419
2022 -0.654838709677419
2022 -0.654838709677419
2022 -0.654838709677419
2022 -0.654838709677419
2022 -0.654838709677419
2022 -0.654838709677419
2022 -0.654838709677419
2022 -0.654838709677419
2022 -0.654838709677419
2022 -0.654838709677419
2022 -0.654838709677419
2022 -0.654838709677419
2022 -0.654838709677419
2022 -0.654838709677419
2022 -0.654838709677419
2022 -0.654838709677419
2022 -0.654838709677419
2022 -0.654838709677419
2022 -0.654838709677419
2022 -0.654838709677419
2022 -0.654838709677419
2023 -1.29677419354839
2023 -1.29677419354839
2023 -1.29677419354839
2023 -1.29677419354839
2023 -1.29677419354839
2023 -1.19677419354839
2023 -1.29677419354839
2023 -1.29677419354839
2023 -1.29677419354839
2023 -1.29677419354839
2023 -1.29677419354839
2023 -1.29677419354839
2023 -1.29677419354839
2023 -1.29677419354839
2023 -1.29677419354839
2023 -1.29677419354839
2023 0.403225806451613
2023 -0.196774193548387
2023 -1.29677419354839
2023 -1.29677419354839
2023 -1.29677419354839
2023 -1.19677419354839
2023 -1.29677419354839
2023 -0.696774193548387
2023 -0.996774193548387
2023 -1.29677419354839
2023 -1.29677419354839
2023 -1.29677419354839
2023 -1.29677419354839
2023 -1.29677419354839
2023 -1.29677419354839
2023 -1.29677419354839
2023 -1.29677419354839
2023 -1.29677419354839
2023 -1.29677419354839
2023 -1.29677419354839
2023 -1.29677419354839
2023 -1.29677419354839
2023 -1.29677419354839
2023 -1.29677419354839
2023 -1.29677419354839
2023 -1.29677419354839
2023 -1.19677419354839
2023 -1.29677419354839
2023 -1.29677419354839
2023 -1.29677419354839
2023 -1.29677419354839
2023 -1.29677419354839
2023 -1.29677419354839
2023 -1.29677419354839
2023 -1.29677419354839
2023 -1.29677419354839
2023 -1.29677419354839
2023 -1.29677419354839
2023 -1.29677419354839
2023 -1.29677419354839
2023 -1.29677419354839
2023 -1.29677419354839
2023 -1.29677419354839
2023 -1.29677419354839
2023 -1.29677419354839
2023 -1.29677419354839
2023 -1.29677419354839
2023 -1.29677419354839
2023 2.40322580645161
2023 4.80322580645161
2023 4.70322580645161
2023 4.20322580645161
2023 2.70322580645161
2023 1.40322580645161
2023 -0.896774193548387
2023 -1.29677419354839
2023 -1.29677419354839
2023 -1.29677419354839
2023 5.80322580645161
2023 4.30322580645161
2023 0.203225806451613
2023 -1.19677419354839
2023 -0.896774193548387
2023 -0.996774193548387
2023 -1.29677419354839
2023 -1.29677419354839
2023 19.4032258064516
2023 26.4032258064516
2023 24.9032258064516
2023 24.0032258064516
2023 22.2032258064516
2023 21.3032258064516
2023 20.0032258064516
2023 22.4032258064516
2023 23.1032258064516
2023 21.3032258064516
2023 26.5032258064516
2023 30.9032258064516
2023 44.6032258064516
2023 58.5032258064516
2023 61.3032258064516
2023 58.8032258064516
2023 56.5032258064516
2023 65.2032258064516
2023 68.8032258064516
2023 68.6032258064516
2023 67.9032258064516
2023 66.1032258064516
2023 65.2032258064516
2023 64.2032258064516
2023 64.8032258064516
2023 66.6032258064516
2023 65.4032258064516
2023 64.9032258064516
2023 64.1032258064516
2023 63.8032258064516
2023 63.0032258064516
2023 61.9032258064516
2023 61.4032258064516
2023 60.5032258064516
2023 59.8032258064516
2023 58.8032258064516
2023 58.5032258064516
2023 58.2032258064516
2023 58.6032258064516
2023 57.8032258064516
2023 56.6032258064516
2023 53.8032258064516
2023 53.1032258064516
2023 50.9032258064516
2023 51.3032258064516
2023 52.1032258064516
2023 51.9032258064516
2023 54.5032258064516
2023 61.2032258064516
2023 51.0032258064516
2023 49.6032258064516
2023 53.6032258064516
2023 52.5032258064516
2023 51.4032258064516
2023 51.9032258064516
2023 58.5032258064516
2023 65.1032258064516
2023 67.9032258064516
2023 67.6032258064516
2023 72.7032258064516
2023 61.8032258064516
2023 60.0032258064516
2023 72.8032258064516
2023 83.9032258064516
2023 81.9032258064516
2023 80.2032258064516
2023 78.4032258064516
2023 76.6032258064516
2023 75.0032258064516
2023 76.4032258064516
2023 84.9032258064516
2023 83.5032258064516
2023 82.7032258064516
2023 81.9032258064516
2023 79.4032258064516
2023 79.2032258064516
2023 79.1032258064516
2023 78.5032258064516
2023 77.4032258064516
2023 77.8032258064516
2023 77.3032258064516
2023 78.3032258064516
2023 77.8032258064516
2023 77.4032258064516
2023 76.7032258064516
2023 76.8032258064516
2023 76.8032258064516
2023 77.3032258064516
2023 75.4032258064516
2023 75.0032258064516
2023 73.9032258064516
2023 73.2032258064516
2023 73.4032258064516
2023 74.9032258064516
2023 74.6032258064516
2023 74.4032258064516
2023 72.7032258064516
2023 74.7032258064516
2023 75.2032258064516
2023 75.2032258064516
2023 77.2032258064516
2023 74.4032258064516
2023 77.3032258064516
2023 75.1032258064516
2023 74.8032258064516
2023 74.6032258064516
2023 76.2032258064516
2023 75.3032258064516
2023 72.3032258064516
2023 71.2032258064516
2023 71.0032258064516
2023 70.3032258064516
2023 71.2032258064516
2023 70.5032258064516
2023 70.0032258064516
2023 70.3032258064516
2023 69.3032258064516
2023 67.4032258064516
2023 67.0032258064516
2023 66.1032258064516
2023 62.8032258064516
2023 58.8032258064516
2023 54.6032258064516
2023 48.4032258064516
2023 47.7032258064516
2023 46.0032258064516
2023 44.8032258064516
2023 44.7032258064516
2023 43.1032258064516
2023 42.0032258064516
2023 44.0032258064516
2023 41.9032258064516
2023 43.2032258064516
2023 43.1032258064516
2023 42.4032258064516
2023 42.5032258064516
2023 40.5032258064516
2023 42.7032258064516
2023 43.2032258064516
2023 41.6032258064516
2023 38.5032258064516
2023 36.8032258064516
2023 47.0032258064516
2023 59.5032258064516
2023 63.9032258064516
2023 58.5032258064516
2023 55.6032258064516
2023 51.9032258064516
2023 50.0032258064516
2023 50.1032258064516
2023 57.1032258064516
2023 56.1032258064516
2023 51.1032258064516
2023 48.4032258064516
2023 47.7032258064516
2023 46.7032258064516
2023 42.9032258064516
2023 40.6032258064516
2023 37.5032258064516
2023 30.0032258064516
2023 22.3032258064516
2023 21.1032258064516
2023 19.2032258064516
2023 12.3032258064516
2023 3.40322580645161
2023 -1.29677419354839
2023 -1.29677419354839
2023 -1.29677419354839
2023 -1.29677419354839
2023 5.30322580645161
2023 34.4032258064516
2023 33.2032258064516
2023 22.4032258064516
2023 18.9032258064516
2023 17.0032258064516
2023 9.20322580645161
2023 6.40322580645161
2023 1.50322580645161
2023 -1.29677419354839
2023 -1.19677419354839
2023 -1.19677419354839
2023 -1.29677419354839
2023 -1.19677419354839
2023 -1.29677419354839
2023 -1.29677419354839
2023 -1.29677419354839
2023 -1.29677419354839
2023 -1.29677419354839
2023 -1.29677419354839
2023 -1.29677419354839
2023 -1.29677419354839
2023 -1.29677419354839
2023 -1.29677419354839
2023 -1.29677419354839
2023 -1.09677419354839
2023 -0.796774193548387
2023 -0.496774193548387
2023 -1.19677419354839
2023 -1.19677419354839
2023 -1.29677419354839
2023 -1.29677419354839
2023 -1.19677419354839
2023 -1.29677419354839
2023 -0.896774193548387
2023 -0.896774193548387
2023 -0.796774193548387
2023 -0.996774193548387
2023 -1.09677419354839
2023 -1.19677419354839
2023 -1.09677419354839
2023 -0.896774193548387
2023 -0.896774193548387
2023 -0.796774193548387
2023 0.303225806451613
2023 -0.796774193548387
2023 -0.696774193548387
2023 1.80322580645161
2023 1.80322580645161
2023 3.90322580645161
2023 3.70322580645161
2023 5.30322580645161
2023 10.1032258064516
2023 3.70322580645161
2023 7.20322580645161
2023 4.40322580645161
2023 5.40322580645161
2023 3.50322580645161
2023 3.50322580645161
2023 3.40322580645161
2023 1.90322580645161
2023 5.10322580645161
2023 3.10322580645161
2023 3.70322580645161
2023 5.40322580645161
2023 0.703225806451613
2023 -1.29677419354839
2023 -1.29677419354839
2023 -1.29677419354839
2023 -1.29677419354839
2023 -1.29677419354839
2023 -1.29677419354839
2023 -1.19677419354839
2023 -1.29677419354839
2023 -1.29677419354839
2023 -1.29677419354839
2023 -1.29677419354839
2023 -1.29677419354839
2023 -1.29677419354839
2023 -1.29677419354839
2023 -1.29677419354839
2023 -1.19677419354839
2023 -1.19677419354839
2023 -1.19677419354839
2023 -1.29677419354839
2023 -1.29677419354839
2023 -1.29677419354839
2023 -1.19677419354839
2023 -1.19677419354839
2023 -1.29677419354839
2023 -1.29677419354839
2023 -1.19677419354839
2023 -0.996774193548387
2023 -1.29677419354839
2023 -1.19677419354839
2023 -1.29677419354839
2023 -1.29677419354839
2023 -1.29677419354839
2023 -1.29677419354839
2023 -1.29677419354839
2023 -1.29677419354839
2023 -1.29677419354839
2023 -1.29677419354839
2023 -1.29677419354839
2023 -1.29677419354839
2023 -1.29677419354839
2023 -1.29677419354839
2023 -1.29677419354839
2023 -1.29677419354839
2023 -1.29677419354839
2023 -1.29677419354839
2023 -1.29677419354839
2023 -1.29677419354839
2023 -1.29677419354839
2024 0
2024 0
2024 0
2024 0
2024 0
2024 0
2024 0
2024 0
2024 0
2024 0
2024 0
2024 0
2024 0
2024 0.2
2024 0
2024 0
2024 0
2024 0
2024 0
2024 0
2024 0
2024 0
2024 0.1
2024 0
2024 0
2024 0
2024 0
2024 0
2024 0
2024 0
2024 0
2024 0
2024 0
2024 0
2024 0
2024 0
2024 0
2024 0
2024 0
2024 0
2024 0
2024 0
2024 0
2024 0
2024 0
2024 0
2024 0
2024 0
2024 0
2024 0
2024 0
2024 0
2024 0
2024 0
2024 0
2024 0
2024 0
2024 0
2024 0
2024 0
2024 0
2024 0
2024 0
2024 17.2
2024 30.7
2024 48.2
2024 44.9
2024 48.8
2024 47.1
2024 45.2
2024 50.3
2024 48.1
2024 45.3
2024 43.6
2024 40.7
2024 37.1
2024 36.3
2024 35.4
2024 34.8
2024 34.2
2024 33.4
2024 33.2
2024 32.7
2024 32.5
2024 31.1
2024 30.8
2024 31.3
2024 31.6
2024 31.3
2024 31.3
2024 33.4
2024 24.7
2024 16.8
2024 16.3
2024 17.2
2024 19.5
2024 18.8
2024 18
2024 19.1
2024 20.1
2024 20.4
2024 18.7
2024 18.2
2024 21.4
2024 27.6
2024 21.7
2024 18.5
2024 17.8
2024 17.6
2024 17.7
2024 18
2024 18.1
2024 17.6
2024 17.1
2024 15.5
2024 15.3
2024 15.9
2024 15.5
2024 15.2
2024 15.5
2024 15.4
2024 17.7
2024 37
2024 34.7
2024 32.9
2024 32.3
2024 32.3
2024 55
2024 86.9
2024 87.2
2024 79.7
2024 74.4
2024 74.9
2024 78.7
2024 81.3
2024 79.8
2024 78.6
2024 77.8
2024 77.1
2024 84.3
2024 91.6
2024 94.9
2024 92.8
2024 91.1
2024 88.6
2024 86
2024 84.8
2024 85
2024 83
2024 80.6
2024 80
2024 81.4
2024 79.9
2024 79.5
2024 79.5
2024 79.8
2024 79.4
2024 78.3
2024 77.7
2024 77.2
2024 76
2024 76.7
2024 77.2
2024 81.8
2024 92.6
2024 90.5
2024 88.6
2024 84.9
2024 83.4
2024 84.2
2024 81.4
2024 78.2
2024 77.7
2024 77.2
2024 77.1
2024 80.5
2024 90.4
2024 104.4
2024 106.5
2024 130.9
2024 147.3
2024 140.6
2024 142
2024 141.2
2024 137.5
2024 134.5
2024 129.7
2024 133.5
2024 133.9
2024 134.3
2024 132.5
2024 141.6
2024 153.3
2024 148.8
2024 147.2
2024 145.6
2024 142.5
2024 139.5
2024 137.2
2024 137.1
2024 135.8
2024 133
2024 130.6
2024 128.1
2024 126.2
2024 125.5
2024 124.8
2024 125.7
2024 135.7
2024 142.7
2024 134
2024 127.6
2024 131.2
2024 127.2
2024 125.1
2024 125.6
2024 124.2
2024 118.1
2024 110.8
2024 101.8
2024 92.8
2024 83.6
2024 81.5
2024 79.4
2024 72.9
2024 65.3
2024 56.1
2024 44.3
2024 35.5
2024 34.5
2024 36.2
2024 35.2
2024 33.5
2024 33.6
2024 48.4
2024 68.5
2024 67
2024 62.6
2024 58.3
2024 57.1
2024 52.6
2024 42.6
2024 33.4
2024 26.1
2024 27.2
2024 28
2024 26
2024 18.9
2024 9.2
2024 6.4
2024 2.8
2024 0.6
2024 0
2024 0
2024 0
2024 0
2024 0
2024 0
2024 0.1
2024 0.1
2024 0
2024 0
2024 0
2024 0
2024 0
2024 0
2024 0
2024 0
2024 0
2024 0
2024 0
2024 0
2024 0
2024 1.9
2024 0.4
2024 0
2024 0
2024 0
2024 0
2024 0
2024 NA
2024 NA
2024 NA
2024 NA
2024 NA
2024 NA
2024 NA
2024 NA
2024 NA
2024 NA
2024 NA
2024 NA
2024 NA
2024 NA
2024 NA
2024 NA
2024 NA
2024 NA
2024 NA
2024 NA
2024 NA
2024 NA
2024 NA
2024 NA
2024 NA
2024 NA
2024 NA
2024 NA
2024 NA
2024 NA
2024 NA
2024 NA
2024 NA
2024 NA
2024 NA
2024 NA
2024 NA
2024 NA
2024 NA
2024 NA
2024 NA
2024 NA
2024 NA
2024 NA
2024 NA
2024 NA
2024 NA
2024 NA
2024 NA
2024 NA
2024 NA
2024 NA
2024 NA
2024 NA
2024 NA
2024 NA
2024 NA
2024 NA
2024 NA
2024 NA
2024 NA
2024 NA
2024 NA
2024 NA
2024 NA
2024 NA
2024 NA
2024 NA
2024 NA
2024 NA
2024 NA
2024 NA
2024 NA
2024 NA
2024 NA
2024 NA
2024 NA
2024 NA
2024 NA
2024 NA
2024 NA
2024 NA
2024 NA
2024 NA
2024 NA
2024 NA
