2019 -0.672131147540984
2019 -0.672131147540984
2019 -0.672131147540984
2019 -1.67213114754098
2019 -0.672131147540984
2019 -0.672131147540984
2019 -0.672131147540984
2019 -0.672131147540984
2019 -0.672131147540984
2019 -0.672131147540984
2019 -0.672131147540984
2019 -0.672131147540984
2019 -0.672131147540984
2019 -1.67213114754098
2019 -1.67213114754098
2019 -0.672131147540984
2019 -0.672131147540984
2019 -1.67213114754098
2019 -2.67213114754098
2019 -0.672131147540984
2019 -2.67213114754098
2019 1.32786885245902
2019 0.327868852459016
2019 -0.672131147540984
2019 1.32786885245902
2019 1.32786885245902
2019 0.327868852459016
2019 NA
2019 NA
2019 NA
2019 16.327868852459
2019 5.32786885245902
2019 -0.672131147540984
2019 0.327868852459016
2019 -0.672131147540984
2019 -1.67213114754098
2019 -1.67213114754098
2019 -1.67213114754098
2019 -0.672131147540984
2019 -1.67213114754098
2019 -1.67213114754098
2019 -0.672131147540984
2019 -2.67213114754098
2019 -3.67213114754098
2019 -2.67213114754098
2019 -3.67213114754098
2019 -3.67213114754098
2019 -0.672131147540984
2019 -1.67213114754098
2019 -0.672131147540984
2019 -1.67213114754098
2019 -1.67213114754098
2019 -1.67213114754098
2019 -0.672131147540984
2019 -1.67213114754098
2019 1.32786885245902
2019 0.327868852459016
2019 15.327868852459
2019 NA
2019 NA
2019 NA
2019 61.327868852459
2019 58.327868852459
2019 46.327868852459
2019 43.327868852459
2019 NA
2019 39.327868852459
2019 37.327868852459
2019 37.327868852459
2019 37.327868852459
2019 35.327868852459
2019 37.327868852459
2019 35.327868852459
2019 34.327868852459
2019 33.327868852459
2019 33.327868852459
2019 33.327868852459
2019 34.327868852459
2019 33.327868852459
2019 40.327868852459
2019 46.327868852459
2019 43.327868852459
2019 42.327868852459
2019 43.327868852459
2019 53.327868852459
2019 52.327868852459
2019 51.327868852459
2019 54.327868852459
2019 52.327868852459
2019 52.327868852459
2019 51.327868852459
2019 51.327868852459
2019 51.327868852459
2019 53.327868852459
2019 52.327868852459
2019 51.327868852459
2019 56.327868852459
2019 56.327868852459
2019 59.327868852459
2019 61.327868852459
2019 60.327868852459
2019 62.327868852459
2019 61.327868852459
2019 60.327868852459
2019 61.327868852459
2019 60.327868852459
2019 60.327868852459
2019 60.327868852459
2019 59.327868852459
2019 60.327868852459
2019 62.327868852459
2019 62.327868852459
2019 61.327868852459
2019 62.327868852459
2019 68.327868852459
2019 66.327868852459
2019 65.327868852459
2019 65.327868852459
2019 66.327868852459
2019 66.327868852459
2019 64.327868852459
2019 63.327868852459
2019 63.327868852459
2019 68.327868852459
2019 65.327868852459
2019 64.327868852459
2019 63.327868852459
2019 62.327868852459
2019 62.327868852459
2019 62.327868852459
2019 62.327868852459
2019 62.327868852459
2019 62.327868852459
2019 62.327868852459
2019 65.327868852459
2019 68.327868852459
2019 65.327868852459
2019 64.327868852459
2019 67.327868852459
2019 67.327868852459
2019 66.327868852459
2019 66.327868852459
2019 66.327868852459
2019 66.327868852459
2019 71.327868852459
2019 70.327868852459
2019 69.327868852459
2019 69.327868852459
2019 69.327868852459
2019 87.327868852459
2019 83.327868852459
2019 83.327868852459
2019 87.327868852459
2019 NA
2019 NA
2019 NA
2019 145.327868852459
2019 139.327868852459
2019 135.327868852459
2019 132.327868852459
2019 131.327868852459
2019 128.327868852459
2019 127.327868852459
2019 114.327868852459
2019 105.327868852459
2019 104.327868852459
2019 NA
2019 103.327868852459
2019 102.327868852459
2019 102.327868852459
2019 102.327868852459
2019 101.327868852459
2019 101.327868852459
2019 101.327868852459
2019 99.327868852459
2019 96.327868852459
2019 96.327868852459
2019 96.327868852459
2019 95.327868852459
2019 95.327868852459
2019 94.327868852459
2019 93.327868852459
2019 93.327868852459
2019 94.327868852459
2019 94.327868852459
2019 94.327868852459
2019 94.327868852459
2019 103.327868852459
2019 110.327868852459
2019 107.327868852459
2019 104.327868852459
2019 103.327868852459
2019 103.327868852459
2019 104.327868852459
2019 103.327868852459
2019 108.327868852459
2019 106.327868852459
2019 105.327868852459
2019 121.327868852459
2019 117.327868852459
2019 116.327868852459
2019 114.327868852459
2019 111.327868852459
2019 108.327868852459
2019 105.327868852459
2019 103.327868852459
2019 104.327868852459
2019 104.327868852459
2019 103.327868852459
2019 103.327868852459
2019 102.327868852459
2019 100.327868852459
2019 98.327868852459
2019 96.327868852459
2019 107.327868852459
2019 121.327868852459
2019 141.327868852459
2019 132.327868852459
2019 NA
2019 128.327868852459
2019 127.327868852459
2019 125.327868852459
2019 132.327868852459
2019 128.327868852459
2019 123.327868852459
2019 128.327868852459
2019 123.327868852459
2019 123.327868852459
2019 121.327868852459
2019 116.327868852459
2019 116.327868852459
2019 112.327868852459
2019 110.327868852459
2019 107.327868852459
2019 105.327868852459
2019 104.327868852459
2019 101.327868852459
2019 106.327868852459
2019 103.327868852459
2019 156.327868852459
2019 159.327868852459
2019 146.327868852459
2019 134.327868852459
2019 127.327868852459
2019 122.327868852459
2019 132.327868852459
2019 172.327868852459
2019 160.327868852459
2019 155.327868852459
2019 154.327868852459
2019 143.327868852459
2019 137.327868852459
2019 136.327868852459
2019 152.327868852459
2019 145.327868852459
2019 138.327868852459
2019 141.327868852459
2019 139.327868852459
2019 136.327868852459
2019 136.327868852459
2019 133.327868852459
2019 139.327868852459
2019 136.327868852459
2019 129.327868852459
2019 126.327868852459
2019 119.327868852459
2019 118.327868852459
2019 110.327868852459
2019 111.327868852459
2019 110.327868852459
2019 NA
2019 NA
2019 107.327868852459
2019 104.327868852459
2019 97.327868852459
2019 90.327868852459
2019 83.327868852459
2019 74.327868852459
2019 68.327868852459
2019 61.327868852459
2019 49.327868852459
2019 43.327868852459
2019 32.327868852459
2019 19.327868852459
2019 8.32786885245902
2019 0.327868852459016
2019 -2.67213114754098
2019 -0.672131147540984
2019 -3.67213114754098
2019 -2.67213114754098
2019 -3.67213114754098
2019 0.327868852459016
2019 -0.672131147540984
2019 -1.67213114754098
2019 -1.67213114754098
2019 -3.67213114754098
2019 -0.672131147540984
2019 -1.67213114754098
2019 -2.67213114754098
2019 -2.67213114754098
2019 -2.67213114754098
2019 -2.67213114754098
2019 -1.67213114754098
2019 -0.672131147540984
2019 -0.672131147540984
2019 -2.67213114754098
2019 0.327868852459016
2019 -1.67213114754098
2019 1.32786885245902
2019 -1.67213114754098
2019 -0.672131147540984
2019 -0.672131147540984
2019 -1.67213114754098
2019 1.32786885245902
2019 -0.672131147540984
2019 0.327868852459016
2019 -0.672131147540984
2019 1.32786885245902
2019 -1.67213114754098
2019 0.327868852459016
2019 -2.67213114754098
2019 -3.67213114754098
2019 0.327868852459016
2019 -3.67213114754098
2019 -0.672131147540984
2019 -1.67213114754098
2019 -1.67213114754098
2019 0.327868852459016
2019 0.327868852459016
2019 -0.672131147540984
2019 1.32786885245902
2019 1.32786885245902
2019 -1.67213114754098
2019 3.32786885245902
2019 0.327868852459016
2019 1.32786885245902
2019 2.32786885245902
2019 -1.67213114754098
2019 -2.67213114754098
2019 1.32786885245902
2019 2.32786885245902
2019 0.327868852459016
2019 2.32786885245902
2019 1.32786885245902
2019 1.32786885245902
2019 3.32786885245902
2019 -0.672131147540984
2019 -0.672131147540984
2019 -2.67213114754098
2019 0.327868852459016
2019 -0.672131147540984
2019 -1.67213114754098
2019 1.32786885245902
2019 0.327868852459016
2019 1.32786885245902
2019 0.327868852459016
2019 1.32786885245902
2019 0.327868852459016
2019 NA
2019 1.32786885245902
2019 2.32786885245902
2019 1.32786885245902
2019 1.32786885245902
2019 1.32786885245902
2019 -0.672131147540984
2020 -1.83333333333333
2020 0.166666666666667
2020 1.16666666666667
2020 2.16666666666667
2020 0.166666666666667
2020 2.16666666666667
2020 3.16666666666667
2020 10.1666666666667
2020 3.16666666666667
2020 2.16666666666667
2020 0.166666666666667
2020 -0.833333333333333
2020 -0.833333333333333
2020 2.16666666666667
2020 1.16666666666667
2020 1.16666666666667
2020 2.16666666666667
2020 3.16666666666667
2020 1.16666666666667
2020 NA
2020 NA
2020 -2.83333333333333
2020 -0.833333333333333
2020 2.16666666666667
2020 -1.83333333333333
2020 2.16666666666667
2020 2.16666666666667
2020 2.16666666666667
2020 2.16666666666667
2020 2.16666666666667
2020 2.16666666666667
2020 2.16666666666667
2020 1.16666666666667
2020 0.166666666666667
2020 2.16666666666667
2020 1.16666666666667
2020 1.16666666666667
2020 0.166666666666667
2020 1.16666666666667
2020 0.166666666666667
2020 0.166666666666667
2020 1.16666666666667
2020 0.166666666666667
2020 1.16666666666667
2020 3.16666666666667
2020 1.16666666666667
2020 -0.833333333333333
2020 1.16666666666667
2020 4.16666666666667
2020 2.16666666666667
2020 -1.83333333333333
2020 1.16666666666667
2020 -1.83333333333333
2020 -1.83333333333333
2020 -0.833333333333333
2020 0.166666666666667
2020 0.166666666666667
2020 0.166666666666667
2020 0.166666666666667
2020 1.16666666666667
2020 1.16666666666667
2020 0.166666666666667
2020 0.166666666666667
2020 15.1666666666667
2020 15.1666666666667
2020 20.1666666666667
2020 22.1666666666667
2020 27.1666666666667
2020 61.1666666666667
2020 61.1666666666667
2020 55.1666666666667
2020 56.1666666666667
2020 67.1666666666667
2020 115.166666666667
2020 101.166666666667
2020 137.166666666667
2020 142.166666666667
2020 183.166666666667
2020 171.166666666667
2020 166.166666666667
2020 162.166666666667
2020 153.166666666667
2020 150.166666666667
2020 147.166666666667
2020 150.166666666667
2020 145.166666666667
2020 142.166666666667
2020 144.166666666667
2020 139.166666666667
2020 137.166666666667
2020 135.166666666667
2020 133.166666666667
2020 138.166666666667
2020 134.166666666667
2020 133.166666666667
2020 131.166666666667
2020 129.166666666667
2020 127.166666666667
2020 126.166666666667
2020 125.166666666667
2020 123.166666666667
2020 122.166666666667
2020 121.166666666667
2020 131.166666666667
2020 111.166666666667
2020 111.166666666667
2020 111.166666666667
2020 114.166666666667
2020 114.166666666667
2020 117.166666666667
2020 134.166666666667
2020 158.166666666667
2020 154.166666666667
2020 148.166666666667
2020 142.166666666667
2020 140.166666666667
2020 138.166666666667
2020 136.166666666667
2020 133.166666666667
2020 131.166666666667
2020 131.166666666667
2020 130.166666666667
2020 128.166666666667
2020 127.166666666667
2020 127.166666666667
2020 125.166666666667
2020 123.166666666667
2020 123.166666666667
2020 123.166666666667
2020 122.166666666667
2020 123.166666666667
2020 122.166666666667
2020 121.166666666667
2020 121.166666666667
2020 121.166666666667
2020 121.166666666667
2020 121.166666666667
2020 120.166666666667
2020 121.166666666667
2020 127.166666666667
2020 124.166666666667
2020 124.166666666667
2020 123.166666666667
2020 121.166666666667
2020 122.166666666667
2020 122.166666666667
2020 121.166666666667
2020 NA
2020 121.166666666667
2020 119.166666666667
2020 117.166666666667
2020 116.166666666667
2020 116.166666666667
2020 115.166666666667
2020 114.166666666667
2020 114.166666666667
2020 114.166666666667
2020 114.166666666667
2020 112.166666666667
2020 113.166666666667
2020 113.166666666667
2020 113.166666666667
2020 113.166666666667
2020 111.166666666667
2020 112.166666666667
2020 112.166666666667
2020 112.166666666667
2020 112.166666666667
2020 111.166666666667
2020 111.166666666667
2020 111.166666666667
2020 111.166666666667
2020 111.166666666667
2020 110.166666666667
2020 109.166666666667
2020 105.166666666667
2020 102.166666666667
2020 102.166666666667
2020 103.166666666667
2020 102.166666666667
2020 103.166666666667
2020 103.166666666667
2020 109.166666666667
2020 121.166666666667
2020 152.166666666667
2020 147.166666666667
2020 NA
2020 150.166666666667
2020 147.166666666667
2020 144.166666666667
2020 143.166666666667
2020 145.166666666667
2020 137.166666666667
2020 134.166666666667
2020 132.166666666667
2020 136.166666666667
2020 135.166666666667
2020 132.166666666667
2020 131.166666666667
2020 130.166666666667
2020 128.166666666667
2020 125.166666666667
2020 126.166666666667
2020 132.166666666667
2020 131.166666666667
2020 132.166666666667
2020 131.166666666667
2020 134.166666666667
2020 134.166666666667
2020 131.166666666667
2020 131.166666666667
2020 168.166666666667
2020 162.166666666667
2020 157.166666666667
2020 152.166666666667
2020 148.166666666667
2020 146.166666666667
2020 144.166666666667
2020 142.166666666667
2020 137.166666666667
2020 135.166666666667
2020 133.166666666667
2020 129.166666666667
2020 124.166666666667
2020 122.166666666667
2020 119.166666666667
2020 116.166666666667
2020 112.166666666667
2020 107.166666666667
2020 103.166666666667
2020 101.166666666667
2020 98.1666666666667
2020 97.1666666666667
2020 94.1666666666667
2020 87.1666666666667
2020 85.1666666666667
2020 82.1666666666667
2020 80.1666666666667
2020 78.1666666666667
2020 68.1666666666667
2020 70.1666666666667
2020 78.1666666666667
2020 72.1666666666667
2020 79.1666666666667
2020 77.1666666666667
2020 76.1666666666667
2020 71.1666666666667
2020 70.1666666666667
2020 66.1666666666667
2020 58.1666666666667
2020 54.1666666666667
2020 49.1666666666667
2020 44.1666666666667
2020 41.1666666666667
2020 36.1666666666667
2020 29.1666666666667
2020 25.1666666666667
2020 25.1666666666667
2020 18.1666666666667
2020 15.1666666666667
2020 10.1666666666667
2020 3.16666666666667
2020 0.166666666666667
2020 -0.833333333333333
2020 -2.83333333333333
2020 0.166666666666667
2020 -0.833333333333333
2020 -0.833333333333333
2020 -0.833333333333333
2020 -0.833333333333333
2020 -0.833333333333333
2020 0.166666666666667
2020 0.166666666666667
2020 0.166666666666667
2020 -2.83333333333333
2020 -0.833333333333333
2020 0.166666666666667
2020 1.16666666666667
2020 -1.83333333333333
2020 1.16666666666667
2020 1.16666666666667
2020 0.166666666666667
2020 -1.83333333333333
2020 -2.83333333333333
2020 -2.83333333333333
2020 -3.83333333333333
2020 -2.83333333333333
2020 -0.833333333333333
2020 1.16666666666667
2020 0.166666666666667
2020 0.166666666666667
2020 1.16666666666667
2020 4.16666666666667
2020 -0.833333333333333
2020 0.166666666666667
2020 0.166666666666667
2020 -1.83333333333333
2020 -0.833333333333333
2020 0.166666666666667
2020 -1.83333333333333
2020 0.166666666666667
2020 -0.833333333333333
2020 -0.833333333333333
2020 1.16666666666667
2020 2.16666666666667
2020 1.16666666666667
2020 1.16666666666667
2020 0.166666666666667
2020 NA
2020 NA
2020 -2.83333333333333
2020 0.166666666666667
2020 1.16666666666667
2020 1.16666666666667
2020 -0.833333333333333
2020 -3.83333333333333
2020 2.16666666666667
2020 1.16666666666667
2020 1.16666666666667
2020 -2.83333333333333
2020 1.16666666666667
2020 0.166666666666667
2020 1.16666666666667
2020 0.166666666666667
2020 0.166666666666667
2020 2.16666666666667
2020 1.16666666666667
2020 -3.83333333333333
2020 -1.83333333333333
2020 -0.833333333333333
2020 -2.83333333333333
2020 2.16666666666667
2020 6.16666666666667
2020 0.166666666666667
2020 5.16666666666667
2020 4.16666666666667
2020 7.16666666666667
2020 0.166666666666667
2020 0.166666666666667
2020 -0.833333333333333
2020 -0.833333333333333
2020 -2.83333333333333
2020 3.16666666666667
2020 0.166666666666667
2020 2.16666666666667
2020 0.166666666666667
2020 1.16666666666667
2020 0.166666666666667
2020 -3.83333333333333
2020 2.16666666666667
2020 -3.83333333333333
2020 -1.83333333333333
2020 -3.83333333333333
2020 -2.83333333333333
2020 -2.83333333333333
2020 -3.83333333333333
2020 -0.833333333333333
2020 -2.83333333333333
2020 -0.833333333333333
2020 -1.83333333333333
2020 0.166666666666667
2020 1.16666666666667
2020 2.16666666666667
2020 1.16666666666667
2020 -2.83333333333333
2020 -0.833333333333333
