2009 NA
2009 NA
2009 NA
2009 NA
2009 NA
2009 NA
2009 NA
2009 NA
2009 NA
2009 NA
2009 NA
2009 NA
2009 NA
2009 NA
2009 NA
2009 NA
2009 NA
2009 NA
2009 NA
2009 NA
2009 NA
2009 NA
2009 NA
2009 NA
2009 NA
2009 NA
2009 NA
2009 NA
2009 NA
2009 NA
2009 NA
2009 NA
2009 NA
2009 NA
2009 NA
2009 NA
2009 NA
2009 NA
2009 NA
2009 NA
2009 NA
2009 NA
2009 NA
2009 NA
2009 NA
2009 NA
2009 NA
2009 NA
2009 NA
2009 NA
2009 NA
2009 NA
2009 NA
2009 NA
2009 NA
2009 NA
2009 NA
2009 NA
2009 NA
2009 NA
2009 NA
2009 NA
2009 NA
2009 NA
2009 NA
2009 NA
2009 NA
2009 NA
2009 NA
2009 NA
2009 NA
2009 NA
2009 NA
2009 NA
2009 NA
2009 NA
2009 NA
2009 NA
2009 NA
2009 NA
2009 NA
2009 NA
2009 NA
2009 NA
2009 NA
2009 NA
2009 NA
2009 NA
2009 NA
2009 NA
2009 NA
2009 NA
2009 NA
2009 NA
2009 NA
2009 NA
2009 NA
2009 NA
2009 NA
2009 NA
2009 NA
2009 NA
2009 NA
2009 NA
2009 NA
2009 NA
2009 NA
2009 NA
2009 NA
2009 NA
2009 NA
2009 NA
2009 NA
2009 NA
2009 NA
2009 NA
2009 NA
2009 NA
2009 NA
2009 NA
2009 NA
2009 NA
2009 NA
2009 NA
2009 NA
2009 NA
2009 NA
2009 NA
2009 NA
2009 NA
2009 NA
2009 NA
2009 NA
2009 NA
2009 NA
2009 NA
2009 NA
2009 NA
2009 NA
2009 NA
2009 NA
2009 NA
2009 NA
2009 NA
2009 NA
2009 NA
2009 NA
2009 NA
2009 NA
2009 NA
2009 NA
2009 NA
2009 NA
2009 69.9193548387097
2009 78.9193548387097
2009 77.9193548387097
2009 76.9193548387097
2009 76.9193548387097
2009 100.91935483871
2009 111.91935483871
2009 106.91935483871
2009 104.91935483871
2009 99.9193548387097
2009 97.9193548387097
2009 96.9193548387097
2009 95.9193548387097
2009 95.9193548387097
2009 94.9193548387097
2009 93.9193548387097
2009 100.91935483871
2009 100.91935483871
2009 99.9193548387097
2009 98.9193548387097
2009 97.9193548387097
2009 96.9193548387097
2009 94.9193548387097
2009 93.9193548387097
2009 94.9193548387097
2009 92.9193548387097
2009 91.9193548387097
2009 90.9193548387097
2009 89.9193548387097
2009 87.9193548387097
2009 87.9193548387097
2009 88.9193548387097
2009 97.9193548387097
2009 96.9193548387097
2009 94.9193548387097
2009 94.9193548387097
2009 93.9193548387097
2009 93.9193548387097
2009 99.9193548387097
2009 98.9193548387097
2009 93.9193548387097
2009 94.9193548387097
2009 89.9193548387097
2009 89.9193548387097
2009 89.9193548387097
2009 89.9193548387097
2009 88.9193548387097
2009 88.9193548387097
2009 88.9193548387097
2009 88.9193548387097
2009 87.9193548387097
2009 88.9193548387097
2009 88.9193548387097
2009 87.9193548387097
2009 86.9193548387097
2009 83.9193548387097
2009 87.9193548387097
2009 83.9193548387097
2009 81.9193548387097
2009 75.9193548387097
2009 70.9193548387097
2009 64.9193548387097
2009 61.9193548387097
2009 58.9193548387097
2009 54.9193548387097
2009 50.9193548387097
2009 48.9193548387097
2009 46.9193548387097
2009 42.9193548387097
2009 38.9193548387097
2009 35.9193548387097
2009 31.9193548387097
2009 24.9193548387097
2009 19.9193548387097
2009 17.9193548387097
2009 18.9193548387097
2009 14.9193548387097
2009 7.91935483870968
2009 0.919354838709677
2009 0.919354838709677
2009 0.919354838709677
2009 -0.0806451612903225
2009 0.919354838709677
2009 0.919354838709677
2009 -0.0806451612903225
2009 -0.0806451612903225
2009 0.919354838709677
2009 -0.0806451612903225
2009 -0.0806451612903225
2009 -0.0806451612903225
2009 -0.0806451612903225
2009 -0.0806451612903225
2009 0.919354838709677
2009 -0.0806451612903225
2009 -0.0806451612903225
2009 -0.0806451612903225
2009 -0.0806451612903225
2009 -0.0806451612903225
2009 0.919354838709677
2009 0.919354838709677
2009 -0.0806451612903225
2009 -0.0806451612903225
2009 0.919354838709677
2009 0.919354838709677
2009 0.919354838709677
2009 0.919354838709677
2009 0.919354838709677
2009 0.919354838709677
2009 0.919354838709677
2009 0.919354838709677
2009 0.919354838709677
2009 0.919354838709677
2009 0.919354838709677
2009 0.919354838709677
2009 0.919354838709677
2009 0.919354838709677
2009 0.919354838709677
2009 0.919354838709677
2009 0.919354838709677
2009 0.919354838709677
2009 0.919354838709677
2009 0.919354838709677
2009 0.919354838709677
2009 0.919354838709677
2009 0.919354838709677
2009 0.919354838709677
2009 0.919354838709677
2009 0.919354838709677
2009 0.919354838709677
2009 0.919354838709677
2009 0.919354838709677
2009 -0.0806451612903225
2009 0.919354838709677
2009 0.919354838709677
2009 0.919354838709677
2009 -0.0806451612903225
2009 0.919354838709677
2009 0.919354838709677
2009 0.919354838709677
2009 -0.0806451612903225
2009 -0.0806451612903225
2009 -0.0806451612903225
2009 -0.0806451612903225
2009 -0.0806451612903225
2009 -0.0806451612903225
2009 0.919354838709677
2009 0.919354838709677
2009 -0.0806451612903225
2009 0.919354838709677
2009 0.919354838709677
2009 0.919354838709677
2009 -0.0806451612903225
2009 -0.0806451612903225
2009 0.919354838709677
2009 0.919354838709677
2009 -0.0806451612903225
2009 -0.0806451612903225
2009 0.919354838709677
2009 -0.0806451612903225
2009 -1.08064516129032
2009 -0.0806451612903225
2009 0.919354838709677
2009 -0.0806451612903225
2009 -0.0806451612903225
2009 -0.0806451612903225
2009 0.919354838709677
2009 -0.0806451612903225
2009 -0.0806451612903225
2009 -0.0806451612903225
2009 -0.0806451612903225
2009 0.919354838709677
2009 0.919354838709677
2009 -0.0806451612903225
2009 -0.0806451612903225
2009 0.919354838709677
2009 -0.0806451612903225
2009 -0.0806451612903225
2009 0.919354838709677
2009 -0.0806451612903225
2009 -0.0806451612903225
2009 -0.0806451612903225
2009 -0.0806451612903225
2009 -1.08064516129032
2009 -0.0806451612903225
2009 -0.0806451612903225
2009 0.919354838709677
2009 0.919354838709677
2009 -0.0806451612903225
2009 -1.08064516129032
2009 -0.0806451612903225
2009 -0.0806451612903225
2009 -0.0806451612903225
2009 -0.0806451612903225
2009 -0.0806451612903225
2009 -0.0806451612903225
2009 0.919354838709677
2009 -0.0806451612903225
2009 -1.08064516129032
2009 -0.0806451612903225
2009 -0.0806451612903225
2009 -0.0806451612903225
2009 -0.0806451612903225
2009 -1.08064516129032
2009 -1.08064516129032
2009 -0.0806451612903225
2009 -0.0806451612903225
2009 -0.0806451612903225
2009 -0.0806451612903225
2009 -0.0806451612903225
2009 -1.08064516129032
2009 -0.0806451612903225
2009 -1.08064516129032
2010 -0.290322580645161
2010 0.709677419354839
2010 -0.290322580645161
2010 0.709677419354839
2010 0.709677419354839
2010 -0.290322580645161
2010 -0.290322580645161
2010 0.709677419354839
2010 0.709677419354839
2010 -0.290322580645161
2010 -0.290322580645161
2010 -0.290322580645161
2010 -0.290322580645161
2010 -0.290322580645161
2010 -0.290322580645161
2010 0.709677419354839
2010 -0.290322580645161
2010 0.709677419354839
2010 0.709677419354839
2010 -0.290322580645161
2010 0.709677419354839
2010 -0.290322580645161
2010 -0.290322580645161
2010 -0.290322580645161
2010 -0.290322580645161
2010 0.709677419354839
2010 0.709677419354839
2010 1.70967741935484
2010 0.709677419354839
2010 0.709677419354839
2010 -0.290322580645161
2010 -0.290322580645161
2010 -0.290322580645161
2010 -0.290322580645161
2010 -0.290322580645161
2010 0.709677419354839
2010 -0.290322580645161
2010 -0.290322580645161
2010 -0.290322580645161
2010 -0.290322580645161
2010 -0.290322580645161
2010 3.70967741935484
2010 0.709677419354839
2010 18.7096774193548
2010 -0.290322580645161
2010 -0.290322580645161
2010 -0.290322580645161
2010 0.709677419354839
2010 -0.290322580645161
2010 -0.290322580645161
2010 -0.290322580645161
2010 -0.290322580645161
2010 -0.290322580645161
2010 -0.290322580645161
2010 -0.290322580645161
2010 0.709677419354839
2010 0.709677419354839
2010 -0.290322580645161
2010 -0.290322580645161
2010 -0.290322580645161
2010 0.709677419354839
2010 -0.290322580645161
2010 0.709677419354839
2010 0.709677419354839
2010 -0.290322580645161
2010 0.709677419354839
2010 4.70967741935484
2010 3.70967741935484
2010 8.70967741935484
2010 6.70967741935484
2010 6.70967741935484
2010 7.70967741935484
2010 6.70967741935484
2010 6.70967741935484
2010 1.70967741935484
2010 -0.290322580645161
2010 0.709677419354839
2010 0.709677419354839
2010 -0.290322580645161
2010 1.70967741935484
2010 -0.290322580645161
2010 0.709677419354839
2010 -0.290322580645161
2010 -0.290322580645161
2010 0.709677419354839
2010 -0.290322580645161
2010 -0.290322580645161
2010 0.709677419354839
2010 0.709677419354839
2010 -0.290322580645161
2010 NA
2010 31.7096774193548
2010 30.7096774193548
2010 28.7096774193548
2010 39.7096774193548
2010 37.7096774193548
2010 35.7096774193548
2010 35.7096774193548
2010 39.7096774193548
2010 35.7096774193548
2010 35.7096774193548
2010 35.7096774193548
2010 36.7096774193548
2010 36.7096774193548
2010 37.7096774193548
2010 36.7096774193548
2010 36.7096774193548
2010 36.7096774193548
2010 37.7096774193548
2010 36.7096774193548
2010 37.7096774193548
2010 36.7096774193548
2010 38.7096774193548
2010 53.7096774193548
2010 53.7096774193548
2010 56.7096774193548
2010 54.7096774193548
2010 53.7096774193548
2010 53.7096774193548
2010 54.7096774193548
2010 57.7096774193548
2010 353.709677419355
2010 59.7096774193548
2010 56.7096774193548
2010 57.7096774193548
2010 58.7096774193548
2010 57.7096774193548
2010 57.7096774193548
2010 59.7096774193548
2010 70.7096774193548
2010 68.7096774193548
2010 66.7096774193548
2010 66.7096774193548
2010 67.7096774193548
2010 66.7096774193548
2010 65.7096774193548
2010 65.7096774193548
2010 64.7096774193548
2010 62.7096774193548
2010 64.7096774193548
2010 62.7096774193548
2010 61.7096774193548
2010 62.7096774193548
2010 62.7096774193548
2010 63.7096774193548
2010 63.7096774193548
2010 61.7096774193548
2010 64.7096774193548
2010 NA
2010 NA
2010 62.7096774193548
2010 62.7096774193548
2010 61.7096774193548
2010 61.7096774193548
2010 61.7096774193548
2010 61.7096774193548
2010 61.7096774193548
2010 61.7096774193548
2010 61.7096774193548
2010 60.7096774193548
2010 60.7096774193548
2010 60.7096774193548
2010 61.7096774193548
2010 60.7096774193548
2010 60.7096774193548
2010 60.7096774193548
2010 60.7096774193548
2010 60.7096774193548
2010 60.7096774193548
2010 61.7096774193548
2010 63.7096774193548
2010 65.7096774193548
2010 62.7096774193548
2010 62.7096774193548
2010 64.7096774193548
2010 64.7096774193548
2010 63.7096774193548
2010 64.7096774193548
2010 67.7096774193548
2010 66.7096774193548
2010 65.7096774193548
2010 65.7096774193548
2010 65.7096774193548
2010 65.7096774193548
2010 65.7096774193548
2010 65.7096774193548
2010 64.7096774193548
2010 65.7096774193548
2010 64.7096774193548
2010 63.7096774193548
2010 64.7096774193548
2010 64.7096774193548
2010 64.7096774193548
2010 63.7096774193548
2010 62.7096774193548
2010 63.7096774193548
2010 63.7096774193548
2010 62.7096774193548
2010 60.7096774193548
2010 60.7096774193548
2010 55.7096774193548
2010 48.7096774193548
2010 42.7096774193548
2010 35.7096774193548
2010 30.7096774193548
2010 27.7096774193548
2010 16.7096774193548
2010 29.7096774193548
2010 26.7096774193548
2010 24.7096774193548
2010 23.7096774193548
2010 27.7096774193548
2010 35.7096774193548
2010 31.7096774193548
2010 32.7096774193548
2010 39.7096774193548
2010 34.7096774193548
2010 31.7096774193548
2010 29.7096774193548
2010 27.7096774193548
2010 22.7096774193548
2010 18.7096774193548
2010 17.7096774193548
2010 16.7096774193548
2010 16.7096774193548
2010 9.70967741935484
2010 4.70967741935484
2010 0.709677419354839
2010 -0.290322580645161
2010 0.709677419354839
2010 0.709677419354839
2010 -0.290322580645161
2010 0.709677419354839
2010 0.709677419354839
2010 0.709677419354839
2010 0.709677419354839
2010 0.709677419354839
2010 0.709677419354839
2010 0.709677419354839
2010 -0.290322580645161
2010 0.709677419354839
2010 0.709677419354839
2010 0.709677419354839
2010 0.709677419354839
2010 0.709677419354839
2010 0.709677419354839
2010 0.709677419354839
2010 0.709677419354839
2010 0.709677419354839
2010 0.709677419354839
2010 0.709677419354839
2010 0.709677419354839
2010 0.709677419354839
2010 0.709677419354839
2010 0.709677419354839
2010 0.709677419354839
2010 0.709677419354839
2010 -0.290322580645161
2010 0.709677419354839
2010 0.709677419354839
2010 0.709677419354839
2010 0.709677419354839
2010 0.709677419354839
2010 -0.290322580645161
2010 -0.290322580645161
2010 -0.290322580645161
2010 0.709677419354839
2010 0.709677419354839
2010 -0.290322580645161
2010 -0.290322580645161
2010 -0.290322580645161
2010 -0.290322580645161
2010 0.709677419354839
2010 0.709677419354839
2010 0.709677419354839
2010 NA
2010 -0.290322580645161
2010 -0.290322580645161
2010 0.709677419354839
2010 0.709677419354839
2010 -0.290322580645161
2010 -0.290322580645161
2010 -0.290322580645161
2010 -0.290322580645161
2010 0.709677419354839
2010 -0.290322580645161
2010 -0.290322580645161
2010 -0.290322580645161
2010 0.709677419354839
2010 -0.290322580645161
2010 -0.290322580645161
2010 -0.290322580645161
2010 -0.290322580645161
2010 -0.290322580645161
2010 -0.290322580645161
2010 -0.290322580645161
2010 -0.290322580645161
2010 -0.290322580645161
2010 -0.290322580645161
2010 -0.290322580645161
2010 -0.290322580645161
2010 -0.290322580645161
2010 -0.290322580645161
2010 -0.290322580645161
2010 0.709677419354839
2010 -0.290322580645161
2010 -0.290322580645161
2010 -0.290322580645161
2010 -0.290322580645161
2010 -0.290322580645161
2010 -0.290322580645161
2010 -0.290322580645161
2010 0.709677419354839
2010 0.709677419354839
2010 0.709677419354839
2010 0.709677419354839
2010 0.709677419354839
2010 0.709677419354839
2010 0.709677419354839
2010 0.709677419354839
2010 -0.290322580645161
2010 -0.290322580645161
2010 -0.290322580645161
2010 -0.290322580645161
2010 0.709677419354839
2010 -0.290322580645161
2010 -0.290322580645161
2010 -0.290322580645161
2010 -0.290322580645161
2010 -0.290322580645161
2010 0.709677419354839
2010 -0.290322580645161
2010 -0.290322580645161
2010 -0.290322580645161
2010 -0.290322580645161
2010 0.709677419354839
2010 -0.290322580645161
2010 -0.290322580645161
2010 0.709677419354839
2010 -0.290322580645161
2010 -0.290322580645161
2010 0.709677419354839
2010 0.709677419354839
2010 -0.290322580645161
2010 -0.290322580645161
2010 0.709677419354839
2010 0.709677419354839
2010 0.709677419354839
2010 -0.290322580645161
2010 -0.290322580645161
2010 -0.290322580645161
2010 -0.290322580645161
2010 -0.290322580645161
2010 -0.290322580645161
2010 -0.290322580645161
2010 -0.290322580645161
2010 -0.290322580645161
2010 -0.290322580645161
2010 -0.290322580645161
2010 -0.290322580645161
2010 -0.290322580645161
2010 -0.290322580645161
2010 -0.290322580645161
2010 -0.290322580645161
2010 -0.290322580645161
2011 -6.06451612903226
2011 -6.06451612903226
2011 -6.06451612903226
2011 -6.06451612903226
2011 -6.06451612903226
2011 -6.06451612903226
2011 -6.06451612903226
2011 -6.06451612903226
2011 -6.06451612903226
2011 -6.06451612903226
2011 -6.06451612903226
2011 -6.06451612903226
2011 -6.06451612903226
2011 -6.06451612903226
2011 -6.06451612903226
2011 -6.06451612903226
2011 -6.06451612903226
2011 -6.06451612903226
2011 -6.06451612903226
2011 -6.06451612903226
2011 -6.06451612903226
2011 -6.06451612903226
2011 -6.06451612903226
2011 -6.06451612903226
2011 -6.06451612903226
2011 -6.06451612903226
2011 -6.06451612903226
2011 -6.06451612903226
2011 -6.06451612903226
2011 -6.06451612903226
2011 -6.06451612903226
2011 -6.06451612903226
2011 -6.06451612903226
2011 -6.06451612903226
2011 -6.06451612903226
2011 -6.06451612903226
2011 -6.06451612903226
2011 -6.06451612903226
2011 -6.06451612903226
2011 -6.06451612903226
2011 -6.06451612903226
2011 -6.06451612903226
2011 -6.06451612903226
2011 -6.06451612903226
2011 -6.06451612903226
2011 -6.06451612903226
2011 -6.06451612903226
2011 -6.06451612903226
2011 -6.06451612903226
2011 -6.06451612903226
2011 -6.06451612903226
2011 -6.06451612903226
2011 -6.06451612903226
2011 -6.06451612903226
2011 3.93548387096774
2011 2.93548387096774
2011 2.93548387096774
2011 2.93548387096774
2011 1.93548387096774
2011 -0.064516129032258
2011 -5.06451612903226
2011 -6.06451612903226
2011 -6.06451612903226
2011 -6.06451612903226
2011 -6.06451612903226
2011 -6.06451612903226
2011 -6.06451612903226
2011 -6.06451612903226
2011 15.9354838709677
2011 13.9354838709677
2011 12.9354838709677
2011 10.9354838709677
2011 5.93548387096774
2011 1.93548387096774
2011 -3.06451612903226
2011 -6.06451612903226
2011 17.9354838709677
2011 14.9354838709677
2011 13.9354838709677
2011 20.9354838709677
2011 17.9354838709677
2011 22.9354838709677
2011 18.9354838709677
2011 20.9354838709677
2011 18.9354838709677
2011 17.9354838709677
2011 19.9354838709677
2011 20.9354838709677
2011 23.9354838709677
2011 24.9354838709677
2011 24.9354838709677
2011 37.9354838709677
2011 32.9354838709677
2011 30.9354838709677
2011 29.9354838709677
2011 34.9354838709677
2011 38.9354838709677
2011 34.9354838709677
2011 28.9354838709677
2011 27.9354838709677
2011 27.9354838709677
2011 27.9354838709677
2011 27.9354838709677
2011 26.9354838709677
2011 26.9354838709677
2011 27.9354838709677
2011 26.9354838709677
2011 28.9354838709677
2011 29.9354838709677
2011 29.9354838709677
2011 29.9354838709677
2011 30.9354838709677
2011 34.9354838709677
2011 31.9354838709677
2011 32.9354838709677
2011 32.9354838709677
2011 32.9354838709677
2011 32.9354838709677
2011 32.9354838709677
2011 33.9354838709677
2011 31.9354838709677
2011 32.9354838709677
2011 33.9354838709677
2011 32.9354838709677
2011 31.9354838709677
2011 32.9354838709677
2011 32.9354838709677
2011 33.9354838709677
2011 33.9354838709677
2011 33.9354838709677
2011 32.9354838709677
2011 41.9354838709677
2011 44.9354838709677
2011 42.9354838709677
2011 37.9354838709677
2011 36.9354838709677
2011 36.9354838709677
2011 36.9354838709677
2011 35.9354838709677
2011 35.9354838709677
2011 36.9354838709677
2011 36.9354838709677
2011 36.9354838709677
2011 36.9354838709677
2011 36.9354838709677
2011 37.9354838709677
2011 37.9354838709677
2011 37.9354838709677
2011 36.9354838709677
2011 37.9354838709677
2011 36.9354838709677
2011 36.9354838709677
2011 36.9354838709677
2011 36.9354838709677
2011 36.9354838709677
2011 37.9354838709677
2011 36.9354838709677
2011 36.9354838709677
2011 36.9354838709677
2011 36.9354838709677
2011 36.9354838709677
2011 37.9354838709677
2011 37.9354838709677
2011 37.9354838709677
2011 37.9354838709677
2011 37.9354838709677
2011 37.9354838709677
2011 37.9354838709677
2011 41.9354838709677
2011 41.9354838709677
2011 41.9354838709677
2011 40.9354838709677
2011 42.9354838709677
2011 43.9354838709677
2011 43.9354838709677
2011 40.9354838709677
2011 41.9354838709677
2011 45.9354838709677
2011 43.9354838709677
2011 43.9354838709677
2011 43.9354838709677
2011 42.9354838709677
2011 42.9354838709677
2011 42.9354838709677
2011 41.9354838709677
2011 41.9354838709677
2011 41.9354838709677
2011 42.9354838709677
2011 41.9354838709677
2011 41.9354838709677
2011 41.9354838709677
2011 40.9354838709677
2011 40.9354838709677
2011 40.9354838709677
2011 38.9354838709677
2011 36.9354838709677
2011 34.9354838709677
2011 35.9354838709677
2011 35.9354838709677
2011 35.9354838709677
2011 34.9354838709677
2011 33.9354838709677
2011 33.9354838709677
2011 29.9354838709677
2011 24.9354838709677
2011 21.9354838709677
2011 18.9354838709677
2011 16.9354838709677
2011 13.9354838709677
2011 8.93548387096774
2011 5.93548387096774
2011 -2.06451612903226
2011 -5.06451612903226
2011 -5.06451612903226
2011 -6.06451612903226
2011 -5.06451612903226
2011 -6.06451612903226
2011 -6.06451612903226
2011 -6.06451612903226
2011 -6.06451612903226
2011 -6.06451612903226
2011 -6.06451612903226
2011 -6.06451612903226
2011 -6.06451612903226
2011 -6.06451612903226
2011 -6.06451612903226
2011 -6.06451612903226
2011 -6.06451612903226
2011 -6.06451612903226
2011 -6.06451612903226
2011 -6.06451612903226
2011 -6.06451612903226
2011 -6.06451612903226
2011 -6.06451612903226
2011 -6.06451612903226
2011 -6.06451612903226
2011 -6.06451612903226
2011 -6.06451612903226
2011 -6.06451612903226
2011 -6.06451612903226
2011 -6.06451612903226
2011 -6.06451612903226
2011 -6.06451612903226
2011 -6.06451612903226
2011 -6.06451612903226
2011 -6.06451612903226
2011 -6.06451612903226
2011 -6.06451612903226
2011 -6.06451612903226
2011 -6.06451612903226
2011 -6.06451612903226
2011 -6.06451612903226
2011 -6.06451612903226
2011 -6.06451612903226
2011 -6.06451612903226
2011 -5.06451612903226
2011 -5.06451612903226
2011 -6.06451612903226
2011 -3.06451612903226
2011 -5.06451612903226
2011 -6.06451612903226
2011 -6.06451612903226
2011 -5.06451612903226
2011 -5.06451612903226
2011 -5.06451612903226
2011 -5.06451612903226
2011 -5.06451612903226
2011 -6.06451612903226
2011 -6.06451612903226
2011 -6.06451612903226
2011 -6.06451612903226
2011 -6.06451612903226
2011 -6.06451612903226
2011 -6.06451612903226
2011 -6.06451612903226
2011 -6.06451612903226
2011 -6.06451612903226
2011 -6.06451612903226
2011 -6.06451612903226
2011 -6.06451612903226
2011 -6.06451612903226
2011 -6.06451612903226
2011 -6.06451612903226
2011 -5.06451612903226
2011 -6.06451612903226
2011 -6.06451612903226
2011 -5.06451612903226
2011 -4.06451612903226
2011 -5.06451612903226
2011 -0.064516129032258
2011 -5.06451612903226
2011 -4.06451612903226
2011 -4.06451612903226
2011 -3.06451612903226
2011 -2.06451612903226
2011 -4.06451612903226
2011 -2.06451612903226
2011 1.93548387096774
2011 -0.064516129032258
2011 0.935483870967742
2011 -0.064516129032258
2011 0.935483870967742
2011 5.93548387096774
2011 7.93548387096774
2011 4.93548387096774
2011 6.93548387096774
2011 2.93548387096774
2011 6.93548387096774
2011 -6.06451612903226
2011 -6.06451612903226
2011 -6.06451612903226
2011 -6.06451612903226
2011 -6.06451612903226
2011 -6.06451612903226
2011 -6.06451612903226
2011 -3.06451612903226
2011 -4.06451612903226
2011 -6.06451612903226
2011 -3.06451612903226
2011 -3.06451612903226
2011 -5.06451612903226
2011 -4.06451612903226
2011 -4.06451612903226
2011 -5.06451612903226
2011 -6.06451612903226
2011 2.93548387096774
2011 0.935483870967742
2011 -1.06451612903226
2011 -0.064516129032258
2011 -1.06451612903226
2011 -5.06451612903226
2011 -3.06451612903226
2011 -0.064516129032258
2011 1.93548387096774
2011 -1.06451612903226
2011 -4.06451612903226
2011 -4.06451612903226
2011 -3.06451612903226
2011 -1.06451612903226
2011 0.935483870967742
2011 3.93548387096774
2011 -0.064516129032258
2011 0.935483870967742
2011 3.93548387096774
2011 2.93548387096774
2011 4.93548387096774
2011 2.93548387096774
2011 1.93548387096774
2011 3.93548387096774
2011 2.93548387096774
2011 1.93548387096774
2011 3.93548387096774
2011 1.93548387096774
2011 2.93548387096774
2011 2.93548387096774
2011 2.93548387096774
2011 1.93548387096774
2011 3.93548387096774
2011 3.93548387096774
2011 3.93548387096774
2011 4.93548387096774
2011 5.93548387096774
2011 5.93548387096774
2011 3.93548387096774
2011 -6.06451612903226
2012 -1.29032258064516
2012 -1.29032258064516
2012 -1.29032258064516
2012 -1.29032258064516
2012 -1.29032258064516
2012 -1.29032258064516
2012 -1.29032258064516
2012 -1.29032258064516
2012 -1.29032258064516
2012 -1.29032258064516
2012 -1.29032258064516
2012 -1.29032258064516
2012 -1.29032258064516
2012 -1.29032258064516
2012 -1.29032258064516
2012 -1.29032258064516
2012 -1.29032258064516
2012 -1.29032258064516
2012 NA
2012 1.70967741935484
2012 -1.29032258064516
2012 -1.29032258064516
2012 -1.29032258064516
2012 -1.29032258064516
2012 -1.29032258064516
2012 -1.29032258064516
2012 -1.29032258064516
2012 -1.29032258064516
2012 -1.29032258064516
2012 -1.29032258064516
2012 -1.29032258064516
2012 -1.29032258064516
2012 -1.29032258064516
2012 -1.29032258064516
2012 -1.29032258064516
2012 -1.29032258064516
2012 -1.29032258064516
2012 2.70967741935484
2012 16.7096774193548
2012 5.70967741935484
2012 -1.29032258064516
2012 -1.29032258064516
2012 -1.29032258064516
2012 -1.29032258064516
2012 -1.29032258064516
2012 -1.29032258064516
2012 -1.29032258064516
2012 -1.29032258064516
2012 -1.29032258064516
2012 -1.29032258064516
2012 -1.29032258064516
2012 -1.29032258064516
2012 -1.29032258064516
2012 -1.29032258064516
2012 -1.29032258064516
2012 -1.29032258064516
2012 -1.29032258064516
2012 -1.29032258064516
2012 -1.29032258064516
2012 -1.29032258064516
2012 -1.29032258064516
2012 -1.29032258064516
2012 -1.29032258064516
2012 -1.29032258064516
2012 -1.29032258064516
2012 -1.29032258064516
2012 -1.29032258064516
2012 -1.29032258064516
2012 -1.29032258064516
2012 -1.29032258064516
2012 -1.29032258064516
2012 -1.29032258064516
2012 -1.29032258064516
2012 -1.29032258064516
2012 -1.29032258064516
2012 -1.29032258064516
2012 -1.29032258064516
2012 -1.29032258064516
2012 -1.29032258064516
2012 -1.29032258064516
2012 -1.29032258064516
2012 -1.29032258064516
2012 -1.29032258064516
2012 -1.29032258064516
2012 -1.29032258064516
2012 -1.29032258064516
2012 -1.29032258064516
2012 -1.29032258064516
2012 -0.290322580645161
2012 -0.290322580645161
2012 -1.29032258064516
2012 -0.290322580645161
2012 0.709677419354839
2012 -0.290322580645161
2012 -0.290322580645161
2012 -0.290322580645161
2012 0.709677419354839
2012 -1.29032258064516
2012 4.70967741935484
2012 3.70967741935484
2012 3.70967741935484
2012 3.70967741935484
2012 14.7096774193548
2012 11.7096774193548
2012 11.7096774193548
2012 12.7096774193548
2012 13.7096774193548
2012 13.7096774193548
2012 12.7096774193548
2012 12.7096774193548
2012 16.7096774193548
2012 19.7096774193548
2012 42.7096774193548
2012 37.7096774193548
2012 36.7096774193548
2012 33.7096774193548
2012 32.7096774193548
2012 29.7096774193548
2012 28.7096774193548
2012 27.7096774193548
2012 41.7096774193548
2012 49.7096774193548
2012 45.7096774193548
2012 50.7096774193548
2012 49.7096774193548
2012 45.7096774193548
2012 46.7096774193548
2012 72.7096774193548
2012 60.7096774193548
2012 64.7096774193548
2012 61.7096774193548
2012 57.7096774193548
2012 55.7096774193548
2012 53.7096774193548
2012 51.7096774193548
2012 49.7096774193548
2012 48.7096774193548
2012 48.7096774193548
2012 47.7096774193548
2012 46.7096774193548
2012 47.7096774193548
2012 43.7096774193548
2012 59.7096774193548
2012 57.7096774193548
2012 55.7096774193548
2012 53.7096774193548
2012 52.7096774193548
2012 51.7096774193548
2012 52.7096774193548
2012 51.7096774193548
2012 50.7096774193548
2012 50.7096774193548
2012 51.7096774193548
2012 51.7096774193548
2012 51.7096774193548
2012 49.7096774193548
2012 49.7096774193548
2012 48.7096774193548
2012 47.7096774193548
2012 47.7096774193548
2012 45.7096774193548
2012 47.7096774193548
2012 46.7096774193548
2012 44.7096774193548
2012 44.7096774193548
2012 43.7096774193548
2012 44.7096774193548
2012 45.7096774193548
2012 44.7096774193548
2012 43.7096774193548
2012 44.7096774193548
2012 44.7096774193548
2012 43.7096774193548
2012 44.7096774193548
2012 44.7096774193548
2012 44.7096774193548
2012 42.7096774193548
2012 39.7096774193548
2012 39.7096774193548
2012 39.7096774193548
2012 39.7096774193548
2012 36.7096774193548
2012 35.7096774193548
2012 33.7096774193548
2012 31.7096774193548
2012 32.7096774193548
2012 35.7096774193548
2012 34.7096774193548
2012 33.7096774193548
2012 33.7096774193548
2012 32.7096774193548
2012 32.7096774193548
2012 31.7096774193548
2012 30.7096774193548
2012 27.7096774193548
2012 25.7096774193548
2012 23.7096774193548
2012 21.7096774193548
2012 19.7096774193548
2012 16.7096774193548
2012 47.7096774193548
2012 39.7096774193548
2012 32.7096774193548
2012 27.7096774193548
2012 25.7096774193548
2012 23.7096774193548
2012 20.7096774193548
2012 18.7096774193548
2012 15.7096774193548
2012 11.7096774193548
2012 6.70967741935484
2012 0.709677419354839
2012 0.709677419354839
2012 -0.290322580645161
2012 0.709677419354839
2012 0.709677419354839
2012 -0.290322580645161
2012 -0.290322580645161
2012 -0.290322580645161
2012 -1.29032258064516
2012 -1.29032258064516
2012 -1.29032258064516
2012 -1.29032258064516
2012 15.7096774193548
2012 7.70967741935484
2012 4.70967741935484
2012 0.709677419354839
2012 -1.29032258064516
2012 -1.29032258064516
2012 -1.29032258064516
2012 -1.29032258064516
2012 -1.29032258064516
2012 -1.29032258064516
2012 -1.29032258064516
2012 19.7096774193548
2012 12.7096774193548
2012 27.7096774193548
2012 16.7096774193548
2012 4.70967741935484
2012 -1.29032258064516
2012 -1.29032258064516
2012 -1.29032258064516
2012 -0.290322580645161
2012 -1.29032258064516
2012 -1.29032258064516
2012 -1.29032258064516
2012 -1.29032258064516
2012 -1.29032258064516
2012 -1.29032258064516
2012 -1.29032258064516
2012 -1.29032258064516
2012 -1.29032258064516
2012 -1.29032258064516
2012 -1.29032258064516
2012 -1.29032258064516
2012 -1.29032258064516
2012 -1.29032258064516
2012 -1.29032258064516
2012 -1.29032258064516
2012 -1.29032258064516
2012 -1.29032258064516
2012 -1.29032258064516
2012 -1.29032258064516
2012 -0.290322580645161
2012 -1.29032258064516
2012 -1.29032258064516
2012 -1.29032258064516
2012 -1.29032258064516
2012 -1.29032258064516
2012 -1.29032258064516
2012 -1.29032258064516
2012 -1.29032258064516
2012 -1.29032258064516
2012 -0.290322580645161
2012 -0.290322580645161
2012 -1.29032258064516
2012 -1.29032258064516
2012 6.70967741935484
2012 7.70967741935484
2012 1.70967741935484
2012 4.70967741935484
2012 -0.290322580645161
2012 5.70967741935484
2012 4.70967741935484
2012 1.70967741935484
2012 17.7096774193548
2012 11.7096774193548
2012 8.70967741935484
2012 6.70967741935484
2012 5.70967741935484
2012 4.70967741935484
2012 5.70967741935484
2012 8.70967741935484
2012 15.7096774193548
2012 11.7096774193548
2012 12.7096774193548
2012 7.70967741935484
2012 12.7096774193548
2012 16.7096774193548
2012 13.7096774193548
2012 8.70967741935484
2012 16.7096774193548
2012 -0.290322580645161
2012 -1.29032258064516
2012 -0.290322580645161
2012 -0.290322580645161
2012 -1.29032258064516
2012 -1.29032258064516
2012 -1.29032258064516
2012 -0.290322580645161
2012 -1.29032258064516
2012 -1.29032258064516
2012 -1.29032258064516
2012 1.70967741935484
2012 -0.290322580645161
2012 1.70967741935484
2012 1.70967741935484
2012 0.709677419354839
2012 4.70967741935484
2012 8.70967741935484
2012 1.70967741935484
2012 -1.29032258064516
2012 -1.29032258064516
2012 -1.29032258064516
2012 -1.29032258064516
2012 1.70967741935484
2012 -1.29032258064516
2012 -1.29032258064516
2012 -1.29032258064516
2012 -1.29032258064516
2012 -0.290322580645161
2012 -1.29032258064516
2012 -1.29032258064516
2012 0.709677419354839
2012 -1.29032258064516
2012 -1.29032258064516
2012 -1.29032258064516
2012 0.709677419354839
2012 -1.29032258064516
2012 -1.29032258064516
2012 -0.290322580645161
2012 2.70967741935484
2012 0.709677419354839
2012 1.70967741935484
2012 4.70967741935484
2012 1.70967741935484
2012 -0.290322580645161
2012 -0.290322580645161
2012 -0.290322580645161
2012 -1.29032258064516
2012 -0.290322580645161
2012 1.70967741935484
2012 0.709677419354839
2012 0.709677419354839
2012 0.709677419354839
2012 0.709677419354839
2012 -0.290322580645161
2012 1.70967741935484
2012 -1.29032258064516
2012 -1.29032258064516
2012 -1.29032258064516
2012 -1.29032258064516
2012 -1.29032258064516
2012 -1.29032258064516
2012 -1.29032258064516
2012 -1.29032258064516
2013 -0.967741935483871
2013 -0.967741935483871
2013 -0.967741935483871
2013 -0.967741935483871
2013 -0.967741935483871
2013 0.032258064516129
2013 0.032258064516129
2013 -0.967741935483871
2013 -0.967741935483871
2013 -0.967741935483871
2013 -0.967741935483871
2013 0.032258064516129
2013 0.032258064516129
2013 0.032258064516129
2013 -0.967741935483871
2013 -0.967741935483871
2013 -0.967741935483871
2013 -0.967741935483871
2013 -0.967741935483871
2013 -0.967741935483871
2013 -0.967741935483871
2013 -0.967741935483871
2013 -0.967741935483871
2013 -0.967741935483871
2013 -0.967741935483871
2013 -0.967741935483871
2013 -0.967741935483871
2013 -0.967741935483871
2013 -0.967741935483871
2013 -0.967741935483871
2013 -0.967741935483871
2013 -0.967741935483871
2013 -0.967741935483871
2013 -0.967741935483871
2013 -0.967741935483871
2013 -0.967741935483871
2013 -0.967741935483871
2013 -0.967741935483871
2013 -0.967741935483871
2013 -0.967741935483871
2013 -0.967741935483871
2013 -0.967741935483871
2013 -0.967741935483871
2013 -0.967741935483871
2013 NA
2013 14.0322580645161
2013 4.03225806451613
2013 -0.967741935483871
2013 -0.967741935483871
2013 -0.967741935483871
2013 -0.967741935483871
2013 -0.967741935483871
2013 -0.967741935483871
2013 -0.967741935483871
2013 -0.967741935483871
2013 -0.967741935483871
2013 -0.967741935483871
2013 10.0322580645161
2013 7.03225806451613
2013 5.03225806451613
2013 4.03225806451613
2013 1.03225806451613
2013 0.032258064516129
2013 -0.967741935483871
2013 -0.967741935483871
2013 -0.967741935483871
2013 -0.967741935483871
2013 -0.967741935483871
2013 -0.967741935483871
2013 -0.967741935483871
2013 -0.967741935483871
2013 -0.967741935483871
2013 -0.967741935483871
2013 -0.967741935483871
2013 -0.967741935483871
2013 -0.967741935483871
2013 -0.967741935483871
2013 -0.967741935483871
2013 -0.967741935483871
2013 -0.967741935483871
2013 -0.967741935483871
2013 -0.967741935483871
2013 -0.967741935483871
2013 -0.967741935483871
2013 -0.967741935483871
2013 -0.967741935483871
2013 -0.967741935483871
2013 -0.967741935483871
2013 -0.967741935483871
2013 7.03225806451613
2013 5.03225806451613
2013 5.03225806451613
2013 6.03225806451613
2013 7.03225806451613
2013 10.0322580645161
2013 10.0322580645161
2013 11.0322580645161
2013 12.0322580645161
2013 12.0322580645161
2013 13.0322580645161
2013 12.0322580645161
2013 15.0322580645161
2013 15.0322580645161
2013 16.0322580645161
2013 17.0322580645161
2013 20.0322580645161
2013 19.0322580645161
2013 18.0322580645161
2013 20.0322580645161
2013 18.0322580645161
2013 22.0322580645161
2013 25.0322580645161
2013 22.0322580645161
2013 25.0322580645161
2013 24.0322580645161
2013 24.0322580645161
2013 22.0322580645161
2013 24.0322580645161
2013 33.0322580645161
2013 29.0322580645161
2013 29.0322580645161
2013 28.0322580645161
2013 29.0322580645161
2013 32.0322580645161
2013 32.0322580645161
2013 31.0322580645161
2013 27.0322580645161
2013 27.0322580645161
2013 26.0322580645161
2013 27.0322580645161
2013 26.0322580645161
2013 27.0322580645161
2013 27.0322580645161
2013 28.0322580645161
2013 28.0322580645161
2013 27.0322580645161
2013 30.0322580645161
2013 31.0322580645161
2013 28.0322580645161
2013 26.0322580645161
2013 27.0322580645161
2013 45.0322580645161
2013 43.0322580645161
2013 41.0322580645161
2013 39.0322580645161
2013 39.0322580645161
2013 38.0322580645161
2013 39.0322580645161
2013 39.0322580645161
2013 37.0322580645161
2013 37.0322580645161
2013 38.0322580645161
2013 37.0322580645161
2013 36.0322580645161
2013 39.0322580645161
2013 35.0322580645161
2013 37.0322580645161
2013 40.0322580645161
2013 41.0322580645161
2013 41.0322580645161
2013 40.0322580645161
2013 40.0322580645161
2013 40.0322580645161
2013 40.0322580645161
2013 43.0322580645161
2013 41.0322580645161
2013 41.0322580645161
2013 40.0322580645161
2013 41.0322580645161
2013 42.0322580645161
2013 41.0322580645161
2013 39.0322580645161
2013 38.0322580645161
2013 40.0322580645161
2013 40.0322580645161
2013 41.0322580645161
2013 44.0322580645161
2013 43.0322580645161
2013 43.0322580645161
2013 43.0322580645161
2013 42.0322580645161
2013 42.0322580645161
2013 43.0322580645161
2013 42.0322580645161
2013 41.0322580645161
2013 41.0322580645161
2013 NA
2013 37.0322580645161
2013 37.0322580645161
2013 32.0322580645161
2013 28.0322580645161
2013 29.0322580645161
2013 29.0322580645161
2013 28.0322580645161
2013 25.0322580645161
2013 23.0322580645161
2013 26.0322580645161
2013 26.0322580645161
2013 NA
2013 NA
2013 NA
2013 37.0322580645161
2013 32.0322580645161
2013 31.0322580645161
2013 NA
2013 32.0322580645161
2013 31.0322580645161
2013 31.0322580645161
2013 NA
2013 32.0322580645161
2013 NA
2013 NA
2013 NA
2013 32.0322580645161
2013 32.0322580645161
2013 27.0322580645161
2013 27.0322580645161
2013 25.0322580645161
2013 22.0322580645161
2013 NA
2013 NA
2013 23.0322580645161
2013 16.0322580645161
2013 9.03225806451613
2013 NA
2013 -0.967741935483871
2013 -0.967741935483871
2013 -0.967741935483871
2013 -0.967741935483871
2013 NA
2013 -0.967741935483871
2013 NA
2013 3.03225806451613
2013 -0.967741935483871
2013 NA
2013 NA
2013 NA
2013 NA
2013 NA
2013 NA
2013 NA
2013 NA
2013 NA
2013 NA
2013 NA
2013 NA
2013 NA
2013 NA
2013 NA
2013 NA
2013 NA
2013 NA
2013 NA
2013 NA
2013 NA
2013 NA
2013 NA
2013 NA
2013 NA
2013 NA
2013 NA
2013 NA
2013 NA
2013 NA
2013 NA
2013 NA
2013 NA
2013 NA
2013 NA
2013 NA
2013 NA
2013 NA
2013 NA
2013 NA
2013 -0.967741935483871
2013 NA
2013 NA
2013 NA
2013 NA
2013 NA
2013 NA
2013 NA
2013 NA
2013 NA
2013 NA
2013 NA
2013 NA
2013 NA
2013 NA
2013 NA
2013 NA
2013 NA
2013 NA
2013 NA
2013 NA
2013 NA
2013 -0.967741935483871
2013 -0.967741935483871
2013 -0.967741935483871
2013 -0.967741935483871
2013 -0.967741935483871
2013 NA
2013 NA
2013 NA
2013 NA
2013 NA
2013 NA
2013 NA
2013 NA
2013 NA
2013 NA
2013 NA
2013 NA
2013 NA
2013 NA
2013 NA
2013 NA
2013 NA
2013 NA
2013 NA
2013 NA
2013 NA
2013 NA
2013 NA
2013 NA
2013 NA
2013 NA
2013 NA
2013 NA
2013 NA
2013 NA
2013 NA
2013 -0.967741935483871
2013 -0.967741935483871
2013 -0.967741935483871
2013 -0.967741935483871
2013 -0.967741935483871
2013 -0.967741935483871
2013 NA
2013 NA
2013 -0.967741935483871
2013 -0.967741935483871
2013 -0.967741935483871
2013 -0.967741935483871
2013 -0.967741935483871
2013 -0.967741935483871
2013 -0.967741935483871
2013 0.032258064516129
2013 -0.967741935483871
2013 -0.967741935483871
2013 0.032258064516129
2013 -0.967741935483871
2013 0.032258064516129
2013 1.03225806451613
2013 1.03225806451613
2013 1.03225806451613
2013 1.03225806451613
2013 1.03225806451613
2013 2.03225806451613
2013 1.03225806451613
2013 1.03225806451613
2013 1.03225806451613
2013 1.03225806451613
2013 3.03225806451613
2013 1.03225806451613
2014 -5.36842105263158
2014 -4.36842105263158
2014 -8.36842105263158
2014 -5.36842105263158
2014 -5.36842105263158
2014 -5.36842105263158
2014 -6.36842105263158
2014 -4.36842105263158
2014 -5.36842105263158
2014 -4.36842105263158
2014 -4.36842105263158
2014 -4.36842105263158
2014 -4.36842105263158
2014 -5.36842105263158
2014 -4.36842105263158
2014 -5.36842105263158
2014 -4.36842105263158
2014 -6.36842105263158
2014 -4.36842105263158
2014 -5.36842105263158
2014 -4.36842105263158
2014 -4.36842105263158
2014 -3.36842105263158
2014 -6.36842105263158
2014 -5.36842105263158
2014 -5.36842105263158
2014 -4.36842105263158
2014 -4.36842105263158
2014 -4.36842105263158
2014 -6.36842105263158
2014 -5.36842105263158
2014 -4.36842105263158
2014 -5.36842105263158
2014 -5.36842105263158
2014 -5.36842105263158
2014 -7.36842105263158
2014 -5.36842105263158
2014 -7.36842105263158
2014 -6.36842105263158
2014 44.6315789473684
2014 20.6315789473684
2014 18.6315789473684
2014 12.6315789473684
2014 5.63157894736842
2014 0.631578947368421
2014 -3.36842105263158
2014 -8.36842105263158
2014 -8.36842105263158
2014 -8.36842105263158
2014 -6.36842105263158
2014 -8.36842105263158
2014 -6.36842105263158
2014 -7.36842105263158
2014 -5.36842105263158
2014 -8.36842105263158
2014 -8.36842105263158
2014 -6.36842105263158
2014 -8.36842105263158
2014 -6.36842105263158
2014 -8.36842105263158
2014 -7.36842105263158
2014 -7.36842105263158
2014 -7.36842105263158
2014 -7.36842105263158
2014 -7.36842105263158
2014 -6.36842105263158
2014 -2.36842105263158
2014 -4.36842105263158
2014 -7.36842105263158
2014 -7.36842105263158
2014 -8.36842105263158
2014 -8.36842105263158
2014 -8.36842105263158
2014 -7.36842105263158
2014 -7.36842105263158
2014 0.631578947368421
2014 -2.36842105263158
2014 -2.36842105263158
2014 -3.36842105263158
2014 -4.36842105263158
2014 -5.36842105263158
2014 -3.36842105263158
2014 -0.368421052631579
2014 0.631578947368421
2014 -0.368421052631579
2014 -0.368421052631579
2014 -0.368421052631579
2014 -0.368421052631579
2014 0.631578947368421
2014 -0.368421052631579
2014 0.631578947368421
2014 -0.368421052631579
2014 -0.368421052631579
2014 -0.368421052631579
2014 -0.368421052631579
2014 -0.368421052631579
2014 -1.36842105263158
2014 -2.36842105263158
2014 -2.36842105263158
2014 -2.36842105263158
2014 -3.36842105263158
2014 -3.36842105263158
2014 -3.36842105263158
2014 -2.36842105263158
2014 -2.36842105263158
2014 -2.36842105263158
2014 -2.36842105263158
2014 -3.36842105263158
2014 -2.36842105263158
2014 -1.36842105263158
2014 -4.36842105263158
2014 -1.36842105263158
2014 -0.368421052631579
2014 -0.368421052631579
2014 -1.36842105263158
2014 1.63157894736842
2014 28.6315789473684
2014 21.6315789473684
2014 19.6315789473684
2014 28.6315789473684
2014 26.6315789473684
2014 24.6315789473684
2014 23.6315789473684
2014 24.6315789473684
2014 24.6315789473684
2014 36.6315789473684
2014 41.6315789473684
2014 37.6315789473684
2014 36.6315789473684
2014 35.6315789473684
2014 36.6315789473684
2014 36.6315789473684
2014 35.6315789473684
2014 38.6315789473684
2014 35.6315789473684
2014 61.6315789473684
2014 56.6315789473684
2014 54.6315789473684
2014 77.6315789473684
2014 70.6315789473684
2014 70.6315789473684
2014 70.6315789473684
2014 68.6315789473684
2014 66.6315789473684
2014 65.6315789473684
2014 65.6315789473684
2014 64.6315789473684
2014 67.6315789473684
2014 65.6315789473684
2014 63.6315789473684
2014 63.6315789473684
2014 61.6315789473684
2014 74.6315789473684
2014 71.6315789473684
2014 79.6315789473684
2014 75.6315789473684
2014 82.6315789473684
2014 79.6315789473684
2014 78.6315789473684
2014 90.6315789473684
2014 88.6315789473684
2014 88.6315789473684
2014 88.6315789473684
2014 87.6315789473684
2014 84.6315789473684
2014 85.6315789473684
2014 84.6315789473684
2014 86.6315789473684
2014 85.6315789473684
2014 92.6315789473684
2014 91.6315789473684
2014 96.6315789473684
2014 93.6315789473684
2014 91.6315789473684
2014 96.6315789473684
2014 95.6315789473684
2014 94.6315789473684
2014 93.6315789473684
2014 91.6315789473684
2014 93.6315789473684
2014 91.6315789473684
2014 90.6315789473684
2014 91.6315789473684
2014 90.6315789473684
2014 90.6315789473684
2014 89.6315789473684
2014 87.6315789473684
2014 87.6315789473684
2014 85.6315789473684
2014 84.6315789473684
2014 83.6315789473684
2014 82.6315789473684
2014 81.6315789473684
2014 78.6315789473684
2014 75.6315789473684
2014 71.6315789473684
2014 68.6315789473684
2014 63.6315789473684
2014 60.6315789473684
2014 57.6315789473684
2014 51.6315789473684
2014 48.6315789473684
2014 47.6315789473684
2014 83.6315789473684
2014 73.6315789473684
2014 70.6315789473684
2014 65.6315789473684
2014 62.6315789473684
2014 58.6315789473684
2014 55.6315789473684
2014 51.6315789473684
2014 48.6315789473684
2014 47.6315789473684
2014 42.6315789473684
2014 42.6315789473684
2014 38.6315789473684
2014 34.6315789473684
2014 30.6315789473684
2014 25.6315789473684
2014 22.6315789473684
2014 21.6315789473684
2014 16.6315789473684
2014 10.6315789473684
2014 5.63157894736842
2014 -1.36842105263158
2014 -7.36842105263158
2014 -8.36842105263158
2014 -7.36842105263158
2014 -8.36842105263158
2014 -8.36842105263158
2014 -8.36842105263158
2014 -8.36842105263158
2014 -6.36842105263158
2014 -8.36842105263158
2014 -8.36842105263158
2014 -7.36842105263158
2014 -8.36842105263158
2014 -8.36842105263158
2014 -8.36842105263158
2014 -8.36842105263158
2014 -8.36842105263158
2014 -7.36842105263158
2014 -8.36842105263158
2014 -8.36842105263158
2014 -8.36842105263158
2014 -8.36842105263158
2014 -8.36842105263158
2014 -8.36842105263158
2014 -8.36842105263158
2014 -7.36842105263158
2014 -8.36842105263158
2014 -8.36842105263158
2014 -8.36842105263158
2014 -8.36842105263158
2014 -6.36842105263158
2014 -7.36842105263158
2014 -8.36842105263158
2014 -8.36842105263158
2014 -8.36842105263158
2014 -8.36842105263158
2014 -8.36842105263158
2014 -8.36842105263158
2014 -8.36842105263158
2014 -8.36842105263158
2014 -8.36842105263158
2014 -8.36842105263158
2014 -8.36842105263158
2014 -8.36842105263158
2014 -8.36842105263158
2014 -8.36842105263158
2014 -8.36842105263158
2014 -6.36842105263158
2014 -7.36842105263158
2014 -6.36842105263158
2014 -7.36842105263158
2014 -5.36842105263158
2014 -5.36842105263158
2014 -6.36842105263158
2014 -4.36842105263158
2014 -4.36842105263158
2014 -3.36842105263158
2014 -1.36842105263158
2014 -2.36842105263158
2014 -8.36842105263158
2014 -8.36842105263158
2014 -8.36842105263158
2014 -8.36842105263158
2014 -6.36842105263158
2014 -6.36842105263158
2014 -3.36842105263158
2014 -2.36842105263158
2014 -1.36842105263158
2014 0.631578947368421
2014 0.631578947368421
2014 2.63157894736842
2014 4.63157894736842
2014 4.63157894736842
2014 -8.36842105263158
2014 -8.36842105263158
2014 -8.36842105263158
2014 -7.36842105263158
2014 -6.36842105263158
2014 -8.36842105263158
2014 -8.36842105263158
2014 -5.36842105263158
2014 -6.36842105263158
2014 -3.36842105263158
2014 -7.36842105263158
2014 -2.36842105263158
2014 -2.36842105263158
2014 -0.368421052631579
2014 -1.36842105263158
2014 -1.36842105263158
2014 0.631578947368421
2014 -0.368421052631579
2014 -0.368421052631579
2014 0.631578947368421
2014 0.631578947368421
2014 1.63157894736842
2014 2.63157894736842
2014 NA
2014 NA
2014 NA
2014 NA
2014 NA
2014 5.63157894736842
2014 4.63157894736842
2014 5.63157894736842
2014 6.63157894736842
2014 6.63157894736842
2014 6.63157894736842
2014 6.63157894736842
2014 9.63157894736842
2014 7.63157894736842
2014 9.63157894736842
2014 8.63157894736842
2014 10.6315789473684
2014 10.6315789473684
2014 10.6315789473684
2014 10.6315789473684
2014 11.6315789473684
2014 13.6315789473684
2014 -7.36842105263158
2014 -8.36842105263158
2014 -8.36842105263158
2014 -8.36842105263158
2014 -7.36842105263158
2014 -6.36842105263158
2014 -4.36842105263158
2014 -6.36842105263158
2014 -7.36842105263158
2014 -6.36842105263158
2014 -5.36842105263158
2014 -5.36842105263158
2014 -1.36842105263158
2014 -2.36842105263158
2014 -3.36842105263158
2014 -2.36842105263158
2014 -2.36842105263158
2014 -3.36842105263158
2014 -3.36842105263158
2014 -2.36842105263158
2014 -2.36842105263158
2014 -4.36842105263158
2014 -3.36842105263158
2015 1.48387096774194
2015 0.483870967741935
2015 -0.516129032258065
2015 -0.516129032258065
2015 -0.516129032258065
2015 1.48387096774194
2015 -0.516129032258065
2015 0.483870967741935
2015 -0.516129032258065
2015 0.483870967741935
2015 0.483870967741935
2015 1.48387096774194
2015 1.48387096774194
2015 0.483870967741935
2015 1.48387096774194
2015 1.48387096774194
2015 0.483870967741935
2015 0.483870967741935
2015 -1.51612903225806
2015 0.483870967741935
2015 -0.516129032258065
2015 1.48387096774194
2015 -0.516129032258065
2015 0.483870967741935
2015 0.483870967741935
2015 1.48387096774194
2015 0.483870967741935
2015 0.483870967741935
2015 -0.516129032258065
2015 0.483870967741935
2015 1.48387096774194
2015 -0.516129032258065
2015 0.483870967741935
2015 -0.516129032258065
2015 0.483870967741935
2015 0.483870967741935
2015 -1.51612903225806
2015 0.483870967741935
2015 0.483870967741935
2015 -1.51612903225806
2015 -1.51612903225806
2015 -4.51612903225806
2015 -4.51612903225806
2015 -5.51612903225806
2015 -5.51612903225806
2015 -5.51612903225806
2015 -5.51612903225806
2015 -5.51612903225806
2015 -5.51612903225806
2015 -5.51612903225806
2015 -5.51612903225806
2015 -5.51612903225806
2015 2.48387096774194
2015 -0.516129032258065
2015 -4.51612903225806
2015 -5.51612903225806
2015 -5.51612903225806
2015 -5.51612903225806
2015 -5.51612903225806
2015 -5.51612903225806
2015 -5.51612903225806
2015 -5.51612903225806
2015 -5.51612903225806
2015 -5.51612903225806
2015 -5.51612903225806
2015 -2.51612903225806
2015 10.4838709677419
2015 5.48387096774194
2015 1.48387096774194
2015 -0.516129032258065
2015 -3.51612903225806
2015 -4.51612903225806
2015 -5.51612903225806
2015 -4.51612903225806
2015 -5.51612903225806
2015 -3.51612903225806
2015 1.48387096774194
2015 1.48387096774194
2015 1.48387096774194
2015 0.483870967741935
2015 0.483870967741935
2015 1.48387096774194
2015 0.483870967741935
2015 0.483870967741935
2015 1.48387096774194
2015 -0.516129032258065
2015 -1.51612903225806
2015 -4.51612903225806
2015 -5.51612903225806
2015 -5.51612903225806
2015 -5.51612903225806
2015 -5.51612903225806
2015 -4.51612903225806
2015 -5.51612903225806
2015 -5.51612903225806
2015 NA
2015 -4.51612903225806
2015 -5.51612903225806
2015 -5.51612903225806
2015 -5.51612903225806
2015 -5.51612903225806
2015 -5.51612903225806
2015 -5.51612903225806
2015 -5.51612903225806
2015 -5.51612903225806
2015 -4.51612903225806
2015 -3.51612903225806
2015 -3.51612903225806
2015 -1.51612903225806
2015 -1.51612903225806
2015 -2.51612903225806
2015 -2.51612903225806
2015 -2.51612903225806
2015 -2.51612903225806
2015 -1.51612903225806
2015 -1.51612903225806
2015 -0.516129032258065
2015 3.48387096774194
2015 3.48387096774194
2015 -0.516129032258065
2015 0.483870967741935
2015 3.48387096774194
2015 2.48387096774194
2015 3.48387096774194
2015 3.48387096774194
2015 2.48387096774194
2015 1.48387096774194
2015 1.48387096774194
2015 1.48387096774194
2015 1.48387096774194
2015 2.48387096774194
2015 -0.516129032258065
2015 -0.516129032258065
2015 -0.516129032258065
2015 -0.516129032258065
2015 0.483870967741935
2015 -0.516129032258065
2015 5.48387096774194
2015 32.4838709677419
2015 27.4838709677419
2015 23.4838709677419
2015 21.4838709677419
2015 19.4838709677419
2015 23.4838709677419
2015 22.4838709677419
2015 21.4838709677419
2015 20.4838709677419
2015 21.4838709677419
2015 22.4838709677419
2015 23.4838709677419
2015 22.4838709677419
2015 21.4838709677419
2015 22.4838709677419
2015 22.4838709677419
2015 22.4838709677419
2015 21.4838709677419
2015 22.4838709677419
2015 22.4838709677419
2015 22.4838709677419
2015 22.4838709677419
2015 21.4838709677419
2015 19.4838709677419
2015 19.4838709677419
2015 19.4838709677419
2015 19.4838709677419
2015 20.4838709677419
2015 20.4838709677419
2015 20.4838709677419
2015 19.4838709677419
2015 20.4838709677419
2015 20.4838709677419
2015 19.4838709677419
2015 20.4838709677419
2015 21.4838709677419
2015 28.4838709677419
2015 27.4838709677419
2015 30.4838709677419
2015 27.4838709677419
2015 27.4838709677419
2015 34.4838709677419
2015 33.4838709677419
2015 30.4838709677419
2015 29.4838709677419
2015 28.4838709677419
2015 28.4838709677419
2015 27.4838709677419
2015 27.4838709677419
2015 27.4838709677419
2015 26.4838709677419
2015 25.4838709677419
2015 25.4838709677419
2015 23.4838709677419
2015 22.4838709677419
2015 23.4838709677419
2015 22.4838709677419
2015 22.4838709677419
2015 23.4838709677419
2015 22.4838709677419
2015 17.4838709677419
2015 15.4838709677419
2015 12.4838709677419
2015 13.4838709677419
2015 13.4838709677419
2015 10.4838709677419
2015 8.48387096774194
2015 5.48387096774194
2015 1.48387096774194
2015 0.483870967741935
2015 -3.51612903225806
2015 -4.51612903225806
2015 -4.51612903225806
2015 -4.51612903225806
2015 -4.51612903225806
2015 -4.51612903225806
2015 -4.51612903225806
2015 -4.51612903225806
2015 -4.51612903225806
2015 -4.51612903225806
2015 -4.51612903225806
2015 -4.51612903225806
2015 -4.51612903225806
2015 -5.51612903225806
2015 -3.51612903225806
2015 -5.51612903225806
2015 -4.51612903225806
2015 -5.51612903225806
2015 -5.51612903225806
2015 -5.51612903225806
2015 -5.51612903225806
2015 -5.51612903225806
2015 -4.51612903225806
2015 -5.51612903225806
2015 -5.51612903225806
2015 -5.51612903225806
2015 -5.51612903225806
2015 -5.51612903225806
2015 -5.51612903225806
2015 -5.51612903225806
2015 -5.51612903225806
2015 -5.51612903225806
2015 -5.51612903225806
2015 -5.51612903225806
2015 -5.51612903225806
2015 -5.51612903225806
2015 -5.51612903225806
2015 -5.51612903225806
2015 -5.51612903225806
2015 -5.51612903225806
2015 -4.51612903225806
2015 -5.51612903225806
2015 -5.51612903225806
2015 -5.51612903225806
2015 -5.51612903225806
2015 -5.51612903225806
2015 -4.51612903225806
2015 -5.51612903225806
2015 -5.51612903225806
2015 -5.51612903225806
2015 -5.51612903225806
2015 -5.51612903225806
2015 -5.51612903225806
2015 8.48387096774194
2015 2.48387096774194
2015 -4.51612903225806
2015 -5.51612903225806
2015 -5.51612903225806
2015 -4.51612903225806
2015 -3.51612903225806
2015 -4.51612903225806
2015 -3.51612903225806
2015 -2.51612903225806
2015 -2.51612903225806
2015 -3.51612903225806
2015 -5.51612903225806
2015 -5.51612903225806
2015 -5.51612903225806
2015 -5.51612903225806
2015 -5.51612903225806
2015 -4.51612903225806
2015 -3.51612903225806
2015 -2.51612903225806
2015 -4.51612903225806
2015 -0.516129032258065
2015 -0.516129032258065
2015 0.483870967741935
2015 1.48387096774194
2015 1.48387096774194
2015 3.48387096774194
2015 4.48387096774194
2015 -2.51612903225806
2015 -3.51612903225806
2015 1.48387096774194
2015 4.48387096774194
2015 1.48387096774194
2015 -0.516129032258065
2015 4.48387096774194
2015 4.48387096774194
2015 2.48387096774194
2015 -2.51612903225806
2015 -4.51612903225806
2015 0.483870967741935
2015 -0.516129032258065
2015 -5.51612903225806
2015 -5.51612903225806
2015 -5.51612903225806
2015 -5.51612903225806
2015 -5.51612903225806
2015 -5.51612903225806
2015 -4.51612903225806
2015 -5.51612903225806
2015 -4.51612903225806
2015 -4.51612903225806
2015 -5.51612903225806
2015 -3.51612903225806
2015 -4.51612903225806
2015 -3.51612903225806
2015 -4.51612903225806
2015 -3.51612903225806
2015 -3.51612903225806
2015 -2.51612903225806
2015 -2.51612903225806
2015 -2.51612903225806
2015 -1.51612903225806
2015 -1.51612903225806
2015 -2.51612903225806
2015 -2.51612903225806
2015 -1.51612903225806
2015 -0.516129032258065
2015 -0.516129032258065
2015 -0.516129032258065
2015 0.483870967741935
2015 2.48387096774194
2015 1.48387096774194
2015 0.483870967741935
2015 1.48387096774194
2015 1.48387096774194
2015 1.48387096774194
2015 2.48387096774194
2015 2.48387096774194
2015 3.48387096774194
2015 2.48387096774194
2015 3.48387096774194
2015 2.48387096774194
2015 3.48387096774194
2015 3.48387096774194
2015 2.48387096774194
2015 1.48387096774194
2015 2.48387096774194
2015 0.483870967741935
2015 1.48387096774194
2015 3.48387096774194
2015 1.48387096774194
2015 3.48387096774194
2015 4.48387096774194
2015 5.48387096774194
2015 3.48387096774194
2015 4.48387096774194
2015 4.48387096774194
2015 3.48387096774194
2015 3.48387096774194
2015 3.48387096774194
2015 2.48387096774194
2015 3.48387096774194
2015 2.48387096774194
2015 2.48387096774194
2016 8.88709677419355
2016 8.88709677419355
2016 6.88709677419355
2016 5.88709677419355
2016 5.88709677419355
2016 5.88709677419355
2016 6.88709677419355
2016 8.88709677419355
2016 5.88709677419355
2016 7.88709677419355
2016 6.88709677419355
2016 7.88709677419355
2016 4.88709677419355
2016 4.88709677419355
2016 6.88709677419355
2016 5.88709677419355
2016 7.88709677419355
2016 6.88709677419355
2016 6.88709677419355
2016 6.88709677419355
2016 6.88709677419355
2016 7.88709677419355
2016 3.88709677419355
2016 4.88709677419355
2016 4.88709677419355
2016 4.88709677419355
2016 4.88709677419355
2016 5.88709677419355
2016 6.88709677419355
2016 6.88709677419355
2016 7.88709677419355
2016 4.88709677419355
2016 5.88709677419355
2016 5.88709677419355
2016 -1.11290322580645
2016 -1.11290322580645
2016 -1.11290322580645
2016 -1.11290322580645
2016 -1.11290322580645
2016 -1.11290322580645
2016 -1.11290322580645
2016 -1.11290322580645
2016 -1.11290322580645
2016 -1.11290322580645
2016 -0.112903225806452
2016 -1.11290322580645
2016 -1.11290322580645
2016 -1.11290322580645
2016 -1.11290322580645
2016 -1.11290322580645
2016 -1.11290322580645
2016 -1.11290322580645
2016 -1.11290322580645
2016 -1.11290322580645
2016 -1.11290322580645
2016 -1.11290322580645
2016 -1.11290322580645
2016 -1.11290322580645
2016 -1.11290322580645
2016 -1.11290322580645
2016 -1.11290322580645
2016 -1.11290322580645
2016 -1.11290322580645
2016 -1.11290322580645
2016 -1.11290322580645
2016 -1.11290322580645
2016 -1.11290322580645
2016 -1.11290322580645
2016 -1.11290322580645
2016 -1.11290322580645
2016 -1.11290322580645
2016 -1.11290322580645
2016 -1.11290322580645
2016 -1.11290322580645
2016 -1.11290322580645
2016 -1.11290322580645
2016 -1.11290322580645
2016 -1.11290322580645
2016 -1.11290322580645
2016 -1.11290322580645
2016 -1.11290322580645
2016 -1.11290322580645
2016 -1.11290322580645
2016 -1.11290322580645
2016 -1.11290322580645
2016 -1.11290322580645
2016 -1.11290322580645
2016 -1.11290322580645
2016 -1.11290322580645
2016 -1.11290322580645
2016 -1.11290322580645
2016 -1.11290322580645
2016 -1.11290322580645
2016 -1.11290322580645
2016 -1.11290322580645
2016 -1.11290322580645
2016 -1.11290322580645
2016 -1.11290322580645
2016 -1.11290322580645
2016 -1.11290322580645
2016 -1.11290322580645
2016 -1.11290322580645
2016 -1.11290322580645
2016 -1.11290322580645
2016 -1.11290322580645
2016 -1.11290322580645
2016 -1.11290322580645
2016 -1.11290322580645
2016 -1.11290322580645
2016 -1.11290322580645
2016 -1.11290322580645
2016 -1.11290322580645
2016 -1.11290322580645
2016 -1.11290322580645
2016 -1.11290322580645
2016 -1.11290322580645
2016 -1.11290322580645
2016 -1.11290322580645
2016 -1.11290322580645
2016 -1.11290322580645
2016 -1.11290322580645
2016 -1.11290322580645
2016 -1.11290322580645
2016 0.887096774193548
2016 6.88709677419355
2016 5.88709677419355
2016 6.88709677419355
2016 4.88709677419355
2016 6.88709677419355
2016 7.88709677419355
2016 6.88709677419355
2016 9.88709677419355
2016 11.8870967741935
2016 11.8870967741935
2016 11.8870967741935
2016 10.8870967741935
2016 10.8870967741935
2016 11.8870967741935
2016 17.8870967741935
2016 16.8870967741935
2016 16.8870967741935
2016 15.8870967741935
2016 14.8870967741935
2016 14.8870967741935
2016 15.8870967741935
2016 16.8870967741935
2016 15.8870967741935
2016 15.8870967741935
2016 15.8870967741935
2016 15.8870967741935
2016 15.8870967741935
2016 15.8870967741935
2016 14.8870967741935
2016 8.88709677419355
2016 7.88709677419355
2016 8.88709677419355
2016 7.88709677419355
2016 17.8870967741935
2016 15.8870967741935
2016 21.8870967741935
2016 27.8870967741935
2016 26.8870967741935
2016 36.8870967741936
2016 33.8870967741936
2016 30.8870967741935
2016 31.8870967741935
2016 29.8870967741935
2016 29.8870967741935
2016 28.8870967741935
2016 31.8870967741935
2016 29.8870967741935
2016 29.8870967741935
2016 28.8870967741935
2016 24.8870967741935
2016 22.8870967741935
2016 20.8870967741935
2016 19.8870967741935
2016 21.8870967741935
2016 21.8870967741935
2016 21.8870967741935
2016 24.8870967741935
2016 27.8870967741935
2016 26.8870967741935
2016 25.8870967741935
2016 26.8870967741935
2016 26.8870967741935
2016 55.8870967741936
2016 53.8870967741936
2016 50.8870967741936
2016 48.8870967741936
2016 46.8870967741936
2016 45.8870967741936
2016 44.8870967741936
2016 42.8870967741936
2016 41.8870967741936
2016 41.8870967741936
2016 41.8870967741936
2016 43.8870967741936
2016 43.8870967741936
2016 42.8870967741936
2016 41.8870967741936
2016 39.8870967741936
2016 37.8870967741936
2016 36.8870967741936
2016 36.8870967741936
2016 35.8870967741936
2016 34.8870967741936
2016 32.8870967741936
2016 29.8870967741935
2016 27.8870967741935
2016 24.8870967741935
2016 22.8870967741935
2016 17.8870967741935
2016 10.8870967741935
2016 6.88709677419355
2016 -0.112903225806452
2016 -1.11290322580645
2016 -1.11290322580645
2016 -1.11290322580645
2016 -1.11290322580645
2016 -1.11290322580645
2016 -1.11290322580645
2016 -1.11290322580645
2016 -1.11290322580645
2016 -1.11290322580645
2016 -1.11290322580645
2016 -1.11290322580645
2016 -1.11290322580645
2016 -1.11290322580645
2016 -1.11290322580645
2016 1.88709677419355
2016 -1.11290322580645
2016 -1.11290322580645
2016 -1.11290322580645
2016 -1.11290322580645
2016 -1.11290322580645
2016 -1.11290322580645
2016 -1.11290322580645
2016 -1.11290322580645
2016 -1.11290322580645
2016 -1.11290322580645
2016 -1.11290322580645
2016 -1.11290322580645
2016 -1.11290322580645
2016 -1.11290322580645
2016 -1.11290322580645
2016 -1.11290322580645
2016 -1.11290322580645
2016 -1.11290322580645
2016 -1.11290322580645
2016 -1.11290322580645
2016 -1.11290322580645
2016 -1.11290322580645
2016 -1.11290322580645
2016 -1.11290322580645
2016 -1.11290322580645
2016 -1.11290322580645
2016 -1.11290322580645
2016 -1.11290322580645
2016 -1.11290322580645
2016 -1.11290322580645
2016 -1.11290322580645
2016 -1.11290322580645
2016 -1.11290322580645
2016 -1.11290322580645
2016 0.887096774193548
2016 -1.11290322580645
2016 -1.11290322580645
2016 -1.11290322580645
2016 -1.11290322580645
2016 -1.11290322580645
2016 -0.112903225806452
2016 0.887096774193548
2016 3.88709677419355
2016 4.88709677419355
2016 1.88709677419355
2016 4.88709677419355
2016 3.88709677419355
2016 2.88709677419355
2016 5.88709677419355
2016 6.88709677419355
2016 -0.112903225806452
2016 -1.11290322580645
2016 -1.11290322580645
2016 -1.11290322580645
2016 -0.112903225806452
2016 1.88709677419355
2016 2.88709677419355
2016 2.88709677419355
2016 4.88709677419355
2016 7.88709677419355
2016 4.88709677419355
2016 6.88709677419355
2016 7.88709677419355
2016 7.88709677419355
2016 8.88709677419355
2016 11.8870967741935
2016 12.8870967741935
2016 14.8870967741935
2016 14.8870967741935
2016 14.8870967741935
2016 16.8870967741935
2016 -1.11290322580645
2016 -1.11290322580645
2016 -1.11290322580645
2016 0.887096774193548
2016 -1.11290322580645
2016 -0.112903225806452
2016 0.887096774193548
2016 1.88709677419355
2016 0.887096774193548
2016 2.88709677419355
2016 1.88709677419355
2016 -1.11290322580645
2016 0.887096774193548
2016 -1.11290322580645
2016 -1.11290322580645
2016 -1.11290322580645
2016 -1.11290322580645
2016 -1.11290322580645
2016 -1.11290322580645
2016 -1.11290322580645
2016 -1.11290322580645
2016 -0.112903225806452
2016 -0.112903225806452
2016 -0.112903225806452
2016 -1.11290322580645
2016 3.88709677419355
2016 -1.11290322580645
2016 -1.11290322580645
2016 -1.11290322580645
2016 -1.11290322580645
2016 -1.11290322580645
2016 -0.112903225806452
2016 -1.11290322580645
2016 -1.11290322580645
2016 -1.11290322580645
2016 -1.11290322580645
2016 0.887096774193548
2016 -0.112903225806452
2016 -0.112903225806452
2016 -1.11290322580645
2016 -1.11290322580645
2016 -0.112903225806452
2016 1.88709677419355
2016 0.887096774193548
2016 -0.112903225806452
2016 -1.11290322580645
2016 -0.112903225806452
2016 0.887096774193548
2016 0.887096774193548
2016 -0.112903225806452
2016 3.88709677419355
2016 0.887096774193548
2016 1.88709677419355
2016 1.88709677419355
2016 1.88709677419355
2016 0.887096774193548
2016 1.88709677419355
2016 1.88709677419355
2016 -1.11290322580645
2016 -1.11290322580645
2016 -1.11290322580645
2016 -1.11290322580645
2016 -1.11290322580645
2016 -1.11290322580645
2017 0
2017 0
2017 0
2017 0
2017 0
2017 0
2017 0
2017 0
2017 0
2017 0
2017 0
2017 0
2017 0
2017 0
2017 0
2017 0
2017 0
2017 0
2017 0
2017 0
2017 0
2017 0
2017 0
2017 0
2017 0
2017 0
2017 0
2017 0
2017 0
2017 0
2017 0
2017 0
2017 0
2017 0
2017 0
2017 0
2017 0
2017 0
2017 0
2017 0
2017 0
2017 0
2017 0
2017 0
2017 0
2017 0
2017 0
2017 0
2017 0
2017 0
2017 0
2017 0
2017 0
2017 0
2017 0
2017 0
2017 0
2017 0
2017 0
2017 0
2017 0
2017 0
2017 0
2017 0
2017 0
2017 0
2017 16
2017 12
2017 11
2017 10
2017 10
2017 13
2017 12
2017 11
2017 11
2017 11
2017 8
2017 7
2017 6
2017 6
2017 5
2017 3
2017 2
2017 0
2017 0
2017 0
2017 0
2017 0
2017 0
2017 0
2017 1
2017 1
2017 1
2017 1
2017 1
2017 1
2017 1
2017 1
2017 1
2017 1
2017 1
2017 1
2017 1
2017 1
2017 1
2017 1
2017 1
2017 1
2017 1
2017 1
2017 1
2017 1
2017 1
2017 1
2017 1
2017 1
2017 1
2017 1
2017 1
2017 1
2017 1
2017 1
2017 1
2017 1
2017 1
2017 1
2017 5
2017 5
2017 5
2017 6
2017 6
2017 6
2017 6
2017 6
2017 14
2017 16
2017 15
2017 14
2017 14
2017 14
2017 14
2017 14
2017 14
2017 14
2017 14
2017 14
2017 14
2017 14
2017 14
2017 14
2017 14
2017 15
2017 21
2017 21
2017 20
2017 25
2017 27
2017 31
2017 33
2017 31
2017 30
2017 29
2017 31
2017 30
2017 29
2017 29
2017 28
2017 28
2017 28
2017 29
2017 28
2017 28
2017 28
2017 25
2017 22
2017 22
2017 22
2017 22
2017 21
2017 21
2017 36
2017 34
2017 30
2017 29
2017 32
2017 32
2017 35
2017 37
2017 35
2017 33
2017 31
2017 31
2017 30
2017 30
2017 29
2017 28
2017 27
2017 24
2017 20
2017 12
2017 6
2017 2
2017 2
2017 2
2017 2
2017 1
2017 1
2017 1
2017 1
2017 1
2017 1
2017 1
2017 1
2017 1
2017 1
2017 1
2017 1
2017 1
2017 1
2017 1
2017 1
2017 1
2017 1
2017 0
2017 0
2017 0
2017 0
2017 0
2017 0
2017 0
2017 0
2017 0
2017 0
2017 0
2017 0
2017 0
2017 0
2017 0
2017 13
2017 8
2017 3
2017 0
2017 8
2017 0
2017 0
2017 0
2017 0
2017 0
2017 0
2017 0
2017 0
2017 0
2017 0
2017 0
2017 0
2017 0
2017 0
2017 0
2017 0
2017 0
2017 0
2017 0
2017 0
2017 0
2017 0
2017 0
2017 0
2017 0
2017 0
2017 0
2017 0
2017 0
2017 0
2017 0
2017 0
2017 0
2017 0
2017 0
2017 0
2017 0
2017 0
2017 0
2017 0
2017 0
2017 0
2017 0
2017 0
2017 0
2017 0
2017 0
2017 0
2017 0
2017 0
2017 0
2017 0
2017 0
2017 0
2017 0
2017 0
2017 0
2017 0
2017 0
2017 0
2017 0
2017 0
2017 0
2017 0
2017 0
2017 0
2017 0
2017 0
2017 0
2017 0
2017 0
2017 0
2017 0
2017 0
2017 0
2017 0
2017 0
2017 0
2017 0
2017 0
2017 0
2017 0
2017 0
2017 0
2017 0
2017 0
2017 0
2017 0
2017 0
2017 0
2017 0
2017 0
2017 0
2017 0
2017 0
2017 0
2017 0
2017 0
2017 0
2017 0
2017 0
2017 0
2017 0
2017 0
2017 0
2017 0
2017 0
2017 0
2017 0
2017 0
2017 0
2017 0
2017 0
2017 0
2017 0
2017 0
2017 0
2017 0
2017 0
2017 0
2017 0
2017 0
2018 -0.161290322580645
2018 -0.161290322580645
2018 -0.161290322580645
2018 -0.161290322580645
2018 -0.161290322580645
2018 -0.161290322580645
2018 -0.161290322580645
2018 -0.161290322580645
2018 -0.161290322580645
2018 -0.161290322580645
2018 -0.161290322580645
2018 -0.161290322580645
2018 -0.161290322580645
2018 -0.161290322580645
2018 -0.161290322580645
2018 -0.161290322580645
2018 -0.161290322580645
2018 -0.161290322580645
2018 -0.161290322580645
2018 -0.161290322580645
2018 -0.161290322580645
2018 -0.161290322580645
2018 -0.161290322580645
2018 -0.161290322580645
2018 -0.161290322580645
2018 -0.161290322580645
2018 -0.161290322580645
2018 -0.161290322580645
2018 -0.161290322580645
2018 -0.161290322580645
2018 -0.161290322580645
2018 -0.161290322580645
2018 -0.161290322580645
2018 -0.161290322580645
2018 -0.161290322580645
2018 -0.161290322580645
2018 -0.161290322580645
2018 -0.161290322580645
2018 -0.161290322580645
2018 -0.161290322580645
2018 -0.161290322580645
2018 -0.161290322580645
2018 -0.161290322580645
2018 -0.161290322580645
2018 -0.161290322580645
2018 -0.161290322580645
2018 -0.161290322580645
2018 -0.161290322580645
2018 -0.161290322580645
2018 -0.161290322580645
2018 -0.161290322580645
2018 -0.161290322580645
2018 -0.161290322580645
2018 -0.161290322580645
2018 -0.161290322580645
2018 -0.161290322580645
2018 -0.161290322580645
2018 -0.161290322580645
2018 -0.161290322580645
2018 -0.161290322580645
2018 -0.161290322580645
2018 -0.161290322580645
2018 -0.161290322580645
2018 -0.161290322580645
2018 -0.161290322580645
2018 5.83870967741935
2018 22.8387096774194
2018 17.8387096774194
2018 16.8387096774194
2018 14.8387096774194
2018 13.8387096774194
2018 11.8387096774194
2018 7.83870967741935
2018 12.8387096774194
2018 11.8387096774194
2018 11.8387096774194
2018 11.8387096774194
2018 11.8387096774194
2018 12.8387096774194
2018 12.8387096774194
2018 12.8387096774194
2018 9.83870967741935
2018 10.8387096774194
2018 10.8387096774194
2018 10.8387096774194
2018 9.83870967741935
2018 9.83870967741935
2018 9.83870967741935
2018 9.83870967741935
2018 10.8387096774194
2018 10.8387096774194
2018 10.8387096774194
2018 10.8387096774194
2018 10.8387096774194
2018 10.8387096774194
2018 10.8387096774194
2018 10.8387096774194
2018 10.8387096774194
2018 10.8387096774194
2018 10.8387096774194
2018 12.8387096774194
2018 10.8387096774194
2018 13.8387096774194
2018 12.8387096774194
2018 14.8387096774194
2018 18.8387096774194
2018 17.8387096774194
2018 20.8387096774194
2018 21.8387096774194
2018 21.8387096774194
2018 21.8387096774194
2018 21.8387096774194
2018 21.8387096774194
2018 21.8387096774194
2018 21.8387096774194
2018 21.8387096774194
2018 22.8387096774194
2018 42.8387096774194
2018 38.8387096774194
2018 36.8387096774194
2018 44.8387096774194
2018 41.8387096774194
2018 42.8387096774194
2018 39.8387096774194
2018 47.8387096774194
2018 62.8387096774194
2018 56.8387096774194
2018 52.8387096774194
2018 51.8387096774194
2018 50.8387096774194
2018 58.8387096774194
2018 57.8387096774194
2018 56.8387096774194
2018 55.8387096774194
2018 55.8387096774194
2018 55.8387096774194
2018 54.8387096774194
2018 54.8387096774194
2018 52.8387096774194
2018 53.8387096774194
2018 53.8387096774194
2018 53.8387096774194
2018 67.8387096774194
2018 69.8387096774194
2018 66.8387096774194
2018 65.8387096774194
2018 64.8387096774194
2018 63.8387096774194
2018 64.8387096774194
2018 63.8387096774194
2018 63.8387096774194
2018 63.8387096774194
2018 62.8387096774194
2018 64.8387096774194
2018 63.8387096774194
2018 63.8387096774194
2018 63.8387096774194
2018 62.8387096774194
2018 62.8387096774194
2018 62.8387096774194
2018 62.8387096774194
2018 62.8387096774194
2018 62.8387096774194
2018 62.8387096774194
2018 63.8387096774194
2018 63.8387096774194
2018 63.8387096774194
2018 65.8387096774194
2018 62.8387096774194
2018 62.8387096774194
2018 63.8387096774194
2018 63.8387096774194
2018 63.8387096774194
2018 61.8387096774194
2018 61.8387096774194
2018 61.8387096774194
2018 61.8387096774194
2018 61.8387096774194
2018 63.8387096774194
2018 63.8387096774194
2018 63.8387096774194
2018 72.8387096774194
2018 70.8387096774194
2018 69.8387096774194
2018 69.8387096774194
2018 68.8387096774194
2018 68.8387096774194
2018 74.8387096774194
2018 72.8387096774194
2018 70.8387096774194
2018 69.8387096774194
2018 66.8387096774194
2018 66.8387096774194
2018 65.8387096774194
2018 65.8387096774194
2018 64.8387096774194
2018 65.8387096774194
2018 67.8387096774194
2018 69.8387096774194
2018 66.8387096774194
2018 66.8387096774194
2018 66.8387096774194
2018 65.8387096774194
2018 65.8387096774194
2018 65.8387096774194
2018 65.8387096774194
2018 65.8387096774194
2018 65.8387096774194
2018 62.8387096774194
2018 58.8387096774194
2018 59.8387096774194
2018 60.8387096774194
2018 58.8387096774194
2018 56.8387096774194
2018 55.8387096774194
2018 52.8387096774194
2018 47.8387096774194
2018 45.8387096774194
2018 42.8387096774194
2018 38.8387096774194
2018 35.8387096774194
2018 34.8387096774194
2018 31.8387096774194
2018 43.8387096774194
2018 39.8387096774194
2018 35.8387096774194
2018 32.8387096774194
2018 27.8387096774194
2018 22.8387096774194
2018 17.8387096774194
2018 10.8387096774194
2018 1.83870967741935
2018 1.83870967741935
2018 0.838709677419355
2018 -0.161290322580645
2018 -0.161290322580645
2018 -0.161290322580645
2018 -0.161290322580645
2018 -0.161290322580645
2018 -0.161290322580645
2018 -0.161290322580645
2018 -0.161290322580645
2018 -0.161290322580645
2018 -0.161290322580645
2018 -0.161290322580645
2018 -0.161290322580645
2018 -0.161290322580645
2018 -0.161290322580645
2018 -0.161290322580645
2018 -0.161290322580645
2018 -0.161290322580645
2018 -0.161290322580645
2018 -0.161290322580645
2018 -0.161290322580645
2018 -0.161290322580645
2018 -0.161290322580645
2018 -0.161290322580645
2018 -0.161290322580645
2018 -0.161290322580645
2018 1.83870967741935
2018 -0.161290322580645
2018 -0.161290322580645
2018 -0.161290322580645
2018 -0.161290322580645
2018 -0.161290322580645
2018 -0.161290322580645
2018 -0.161290322580645
2018 -0.161290322580645
2018 -0.161290322580645
2018 -0.161290322580645
2018 -0.161290322580645
2018 -0.161290322580645
2018 -0.161290322580645
2018 -0.161290322580645
2018 -0.161290322580645
2018 -0.161290322580645
2018 -0.161290322580645
2018 -0.161290322580645
2018 -0.161290322580645
2018 -0.161290322580645
2018 -0.161290322580645
2018 -0.161290322580645
2018 -0.161290322580645
2018 -0.161290322580645
2018 -0.161290322580645
2018 -0.161290322580645
2018 -0.161290322580645
2018 -0.161290322580645
2018 -0.161290322580645
2018 -0.161290322580645
2018 -0.161290322580645
2018 -0.161290322580645
2018 -0.161290322580645
2018 -0.161290322580645
2018 -0.161290322580645
2018 -0.161290322580645
2018 -0.161290322580645
2018 -0.161290322580645
2018 -0.161290322580645
2018 -0.161290322580645
2018 -0.161290322580645
2018 -0.161290322580645
2018 -0.161290322580645
2018 -0.161290322580645
2018 -0.161290322580645
2018 -0.161290322580645
2018 -0.161290322580645
2018 -0.161290322580645
2018 -0.161290322580645
2018 -0.161290322580645
2018 -0.161290322580645
2018 -0.161290322580645
2018 -0.161290322580645
2018 -0.161290322580645
2018 -0.161290322580645
2018 -0.161290322580645
2018 -0.161290322580645
2018 -0.161290322580645
2018 -0.161290322580645
2018 -0.161290322580645
2018 -0.161290322580645
2018 -0.161290322580645
2018 -0.161290322580645
2018 -0.161290322580645
2018 -0.161290322580645
2018 -0.161290322580645
2018 -0.161290322580645
2018 -0.161290322580645
2018 -0.161290322580645
2018 -0.161290322580645
2018 -0.161290322580645
2018 -0.161290322580645
2018 -0.161290322580645
2018 -0.161290322580645
2018 -0.161290322580645
2018 -0.161290322580645
2018 2.83870967741935
2018 -0.161290322580645
2018 -0.161290322580645
2018 -0.161290322580645
2018 -0.161290322580645
2018 -0.161290322580645
2018 -0.161290322580645
2018 -0.161290322580645
2018 -0.161290322580645
2018 -0.161290322580645
2018 -0.161290322580645
2018 -0.161290322580645
2018 -0.161290322580645
2018 -0.161290322580645
2018 6.83870967741935
2018 -0.161290322580645
2018 -0.161290322580645
2018 -0.161290322580645
2018 -0.161290322580645
2018 -0.161290322580645
2018 -0.161290322580645
2018 -0.161290322580645
2018 -0.161290322580645
2018 -0.161290322580645
2018 -0.161290322580645
2018 -0.161290322580645
2018 -0.161290322580645
2018 -0.161290322580645
2018 -0.161290322580645
2019 -3.27868852459016
2019 -3.27868852459016
2019 -3.27868852459016
2019 -3.27868852459016
2019 -3.27868852459016
2019 -3.27868852459016
2019 -3.27868852459016
2019 -3.27868852459016
2019 -3.27868852459016
2019 -3.27868852459016
2019 -3.27868852459016
2019 -3.27868852459016
2019 -3.27868852459016
2019 -3.27868852459016
2019 -3.27868852459016
2019 -3.27868852459016
2019 -3.27868852459016
2019 -3.27868852459016
2019 -3.27868852459016
2019 -3.27868852459016
2019 -3.27868852459016
2019 -3.27868852459016
2019 -3.27868852459016
2019 -3.27868852459016
2019 -3.27868852459016
2019 -3.27868852459016
2019 -3.27868852459016
2019 -3.27868852459016
2019 -3.27868852459016
2019 -3.27868852459016
2019 -3.27868852459016
2019 -3.27868852459016
2019 -3.27868852459016
2019 -3.27868852459016
2019 -3.27868852459016
2019 -3.27868852459016
2019 -3.27868852459016
2019 -3.27868852459016
2019 -3.27868852459016
2019 -3.27868852459016
2019 -3.27868852459016
2019 -3.27868852459016
2019 -3.27868852459016
2019 -3.27868852459016
2019 -3.27868852459016
2019 -3.27868852459016
2019 -3.27868852459016
2019 -3.27868852459016
2019 -3.27868852459016
2019 -3.27868852459016
2019 -3.27868852459016
2019 -3.27868852459016
2019 -3.27868852459016
2019 -3.27868852459016
2019 -3.27868852459016
2019 -3.27868852459016
2019 2.72131147540984
2019 33.7213114754098
2019 30.7213114754098
2019 28.7213114754098
2019 25.7213114754098
2019 25.7213114754098
2019 24.7213114754098
2019 22.7213114754098
2019 21.7213114754098
2019 19.7213114754098
2019 17.7213114754098
2019 15.7213114754098
2019 13.7213114754098
2019 9.72131147540984
2019 5.72131147540984
2019 0.721311475409836
2019 -3.27868852459016
2019 -3.27868852459016
2019 -3.27868852459016
2019 -3.27868852459016
2019 -3.27868852459016
2019 -3.27868852459016
2019 -3.27868852459016
2019 1.72131147540984
2019 1.72131147540984
2019 0.721311475409836
2019 0.721311475409836
2019 0.721311475409836
2019 3.72131147540984
2019 3.72131147540984
2019 3.72131147540984
2019 3.72131147540984
2019 3.72131147540984
2019 4.72131147540984
2019 5.72131147540984
2019 5.72131147540984
2019 7.72131147540984
2019 5.72131147540984
2019 4.72131147540984
2019 4.72131147540984
2019 6.72131147540984
2019 4.72131147540984
2019 5.72131147540984
2019 13.7213114754098
2019 30.7213114754098
2019 27.7213114754098
2019 24.7213114754098
2019 23.7213114754098
2019 22.7213114754098
2019 22.7213114754098
2019 24.7213114754098
2019 23.7213114754098
2019 23.7213114754098
2019 23.7213114754098
2019 26.7213114754098
2019 26.7213114754098
2019 25.7213114754098
2019 24.7213114754098
2019 29.7213114754098
2019 28.7213114754098
2019 28.7213114754098
2019 27.7213114754098
2019 27.7213114754098
2019 27.7213114754098
2019 23.7213114754098
2019 25.7213114754098
2019 25.7213114754098
2019 29.7213114754098
2019 25.7213114754098
2019 25.7213114754098
2019 30.7213114754098
2019 28.7213114754098
2019 27.7213114754098
2019 23.7213114754098
2019 32.7213114754098
2019 30.7213114754098
2019 28.7213114754098
2019 28.7213114754098
2019 41.7213114754098
2019 51.7213114754098
2019 53.7213114754098
2019 49.7213114754098
2019 46.7213114754098
2019 45.7213114754098
2019 45.7213114754098
2019 44.7213114754098
2019 44.7213114754098
2019 44.7213114754098
2019 44.7213114754098
2019 43.7213114754098
2019 43.7213114754098
2019 44.7213114754098
2019 46.7213114754098
2019 45.7213114754098
2019 44.7213114754098
2019 44.7213114754098
2019 44.7213114754098
2019 73.7213114754098
2019 86.7213114754098
2019 81.7213114754098
2019 78.7213114754098
2019 76.7213114754098
2019 73.7213114754098
2019 71.7213114754098
2019 69.7213114754098
2019 67.7213114754098
2019 66.7213114754098
2019 68.7213114754098
2019 65.7213114754098
2019 64.7213114754098
2019 64.7213114754098
2019 63.7213114754098
2019 63.7213114754098
2019 63.7213114754098
2019 62.7213114754098
2019 62.7213114754098
2019 62.7213114754098
2019 61.7213114754098
2019 56.7213114754098
2019 55.7213114754098
2019 55.7213114754098
2019 53.7213114754098
2019 53.7213114754098
2019 51.7213114754098
2019 49.7213114754098
2019 50.7213114754098
2019 50.7213114754098
2019 48.7213114754098
2019 50.7213114754098
2019 50.7213114754098
2019 49.7213114754098
2019 53.7213114754098
2019 53.7213114754098
2019 51.7213114754098
2019 49.7213114754098
2019 56.7213114754098
2019 57.7213114754098
2019 56.7213114754098
2019 57.7213114754098
2019 61.7213114754098
2019 55.7213114754098
2019 52.7213114754098
2019 57.7213114754098
2019 56.7213114754098
2019 56.7213114754098
2019 55.7213114754098
2019 53.7213114754098
2019 51.7213114754098
2019 49.7213114754098
2019 49.7213114754098
2019 49.7213114754098
2019 48.7213114754098
2019 45.7213114754098
2019 42.7213114754098
2019 39.7213114754098
2019 38.7213114754098
2019 34.7213114754098
2019 32.7213114754098
2019 33.7213114754098
2019 59.7213114754098
2019 54.7213114754098
2019 46.7213114754098
2019 42.7213114754098
2019 40.7213114754098
2019 41.7213114754098
2019 39.7213114754098
2019 36.7213114754098
2019 35.7213114754098
2019 33.7213114754098
2019 36.7213114754098
2019 32.7213114754098
2019 29.7213114754098
2019 26.7213114754098
2019 21.7213114754098
2019 17.7213114754098
2019 13.7213114754098
2019 5.72131147540984
2019 -1.27868852459016
2019 -2.27868852459016
2019 -3.27868852459016
2019 -3.27868852459016
2019 -1.27868852459016
2019 -3.27868852459016
2019 -3.27868852459016
2019 -3.27868852459016
2019 -3.27868852459016
2019 -3.27868852459016
2019 -3.27868852459016
2019 -3.27868852459016
2019 -3.27868852459016
2019 -3.27868852459016
2019 -3.27868852459016
2019 -3.27868852459016
2019 -3.27868852459016
2019 -3.27868852459016
2019 -3.27868852459016
2019 -3.27868852459016
2019 -3.27868852459016
2019 -3.27868852459016
2019 -3.27868852459016
2019 -3.27868852459016
2019 -3.27868852459016
2019 -3.27868852459016
2019 -3.27868852459016
2019 -3.27868852459016
2019 -3.27868852459016
2019 -3.27868852459016
2019 -3.27868852459016
2019 -3.27868852459016
2019 -3.27868852459016
2019 -3.27868852459016
2019 -3.27868852459016
2019 -3.27868852459016
2019 -3.27868852459016
2019 -3.27868852459016
2019 -3.27868852459016
2019 -3.27868852459016
2019 -3.27868852459016
2019 -3.27868852459016
2019 -3.27868852459016
2019 -3.27868852459016
2019 -3.27868852459016
2019 -3.27868852459016
2019 -3.27868852459016
2019 -3.27868852459016
2019 -3.27868852459016
2019 -3.27868852459016
2019 -3.27868852459016
2019 -3.27868852459016
2019 -3.27868852459016
2019 -3.27868852459016
2019 -3.27868852459016
2019 -3.27868852459016
2019 -3.27868852459016
2019 -3.27868852459016
2019 -3.27868852459016
2019 -3.27868852459016
2019 -3.27868852459016
2019 -3.27868852459016
2019 -3.27868852459016
2019 -3.27868852459016
2019 -1.27868852459016
2019 43.7213114754098
2019 5.72131147540984
2019 7.72131147540984
2019 -3.27868852459016
2019 -3.27868852459016
2019 13.7213114754098
2019 24.7213114754098
2019 11.7213114754098
2019 48.7213114754098
2019 29.7213114754098
2019 NA
2019 29.7213114754098
2019 18.7213114754098
2019 -3.27868852459016
2019 -3.27868852459016
2019 -3.27868852459016
2019 -3.27868852459016
2019 -3.27868852459016
2019 -3.27868852459016
2019 -3.27868852459016
2019 -3.27868852459016
2019 -3.27868852459016
2019 -3.27868852459016
2019 -3.27868852459016
2019 -3.27868852459016
2019 -3.27868852459016
2019 -3.27868852459016
2019 -3.27868852459016
2019 -3.27868852459016
2019 -3.27868852459016
2019 -3.27868852459016
2019 -3.27868852459016
2019 -3.27868852459016
2019 -3.27868852459016
2019 -3.27868852459016
2019 -3.27868852459016
2019 -3.27868852459016
2019 -3.27868852459016
2019 -3.27868852459016
2019 -3.27868852459016
2019 -3.27868852459016
2019 -3.27868852459016
2019 -3.27868852459016
2019 -3.27868852459016
2019 -3.27868852459016
2019 -3.27868852459016
2019 -3.27868852459016
2019 -3.27868852459016
2019 -3.27868852459016
2019 -3.27868852459016
2019 -3.27868852459016
2019 -3.27868852459016
2019 -3.27868852459016
2019 -3.27868852459016
2019 -3.27868852459016
2019 -3.27868852459016
2019 -3.27868852459016
2019 -3.27868852459016
2019 -3.27868852459016
2019 -3.27868852459016
2019 -3.27868852459016
2019 -3.27868852459016
2019 -3.27868852459016
2019 -3.27868852459016
2019 -3.27868852459016
2019 -3.27868852459016
2019 -3.27868852459016
2020 0
2020 0
2020 0
2020 0
2020 0
2020 4
2020 0
2020 3
2020 0
2020 0
2020 0
2020 0
2020 0
2020 0
2020 0
2020 0
2020 0
2020 0
2020 0
2020 0
2020 0
2020 0
2020 0
2020 2
2020 0
2020 0
2020 0
2020 0
2020 0
2020 3
2020 0
2020 0
2020 0
2020 0
2020 0
2020 0
2020 0
2020 0
2020 0
2020 0
2020 0
2020 0
2020 0
2020 0
2020 0
2020 0
2020 0
2020 0
2020 0
2020 0
2020 0
2020 0
2020 0
2020 0
2020 0
2020 0
2020 0
2020 0
2020 0
2020 0
2020 0
2020 0
2020 0
2020 0
2020 0
2020 6
2020 6
2020 5
2020 19
2020 18
2020 15
2020 19
2020 29
2020 25
2020 22
2020 43
2020 44
2020 49
2020 44
2020 48
2020 44
2020 41
2020 40
2020 35
2020 28
2020 27
2020 27
2020 28
2020 27
2020 27
2020 28
2020 30
2020 42
2020 40
2020 38
2020 38
2020 37
2020 36
2020 36
2020 36
2020 42
2020 41
2020 40
2020 37
2020 36
2020 36
2020 35
2020 34
2020 31
2020 31
2020 29
2020 36
2020 37
2020 36
2020 37
2020 36
2020 36
2020 36
2020 36
2020 36
2020 36
2020 36
2020 36
2020 36
2020 36
2020 36
2020 36
2020 36
2020 36
2020 36
2020 36
2020 36
2020 37
2020 37
2020 37
2020 37
2020 37
2020 37
2020 37
2020 40
2020 39
2020 39
2020 39
2020 39
2020 39
2020 39
2020 39
2020 39
2020 39
2020 43
2020 47
2020 45
2020 44
2020 43
2020 42
2020 27
2020 34
2020 34
2020 33
2020 33
2020 33
2020 31
2020 29
2020 28
2020 27
2020 27
2020 28
2020 28
2020 28
2020 29
2020 29
2020 29
2020 29
2020 29
2020 29
2020 28
2020 26
2020 26
2020 27
2020 28
2020 28
2020 27
2020 29
2020 42
2020 43
2020 41
2020 41
2020 44
2020 41
2020 41
2020 45
2020 54
2020 41
2020 36
2020 33
2020 35
2020 35
2020 34
2020 32
2020 29
2020 27
2020 24
2020 23
2020 19
2020 19
2020 18
2020 18
2020 16
2020 12
2020 9
2020 8
2020 8
2020 7
2020 5
2020 3
2020 3
2020 3
2020 3
2020 2
2020 2
2020 2
2020 1
2020 1
2020 0
2020 0
2020 0
2020 0
2020 0
2020 0
2020 0
2020 0
2020 0
2020 0
2020 0
2020 0
2020 0
2020 0
2020 0
2020 0
2020 0
2020 0
2020 0
2020 0
2020 0
2020 0
2020 0
2020 0
2020 0
2020 0
2020 0
2020 0
2020 0
2020 0
2020 0
2020 0
2020 0
2020 0
2020 0
2020 0
2020 0
2020 0
2020 0
2020 0
2020 0
2020 0
2020 0
2020 0
2020 0
2020 0
2020 0
2020 0
2020 0
2020 0
2020 0
2020 9
2020 0
2020 0
2020 0
2020 0
2020 0
2020 0
2020 0
2020 1
2020 1
2020 0
2020 0
2020 0
2020 0
2020 0
2020 0
2020 0
2020 0
2020 0
2020 0
2020 0
2020 0
2020 0
2020 0
2020 0
2020 0
2020 0
2020 0
2020 0
2020 0
2020 0
2020 0
2020 0
2020 0
2020 0
2020 0
2020 0
2020 0
2020 0
2020 0
2020 0
2020 0
2020 0
2020 0
2020 0
2020 0
2020 0
2020 0
2020 0
2020 0
2020 0
2020 0
2020 0
2020 0
2020 0
2020 0
2020 0
2020 0
2020 0
2020 0
2020 0
2020 0
2020 0
2020 0
2020 0
2020 0
2020 0
2020 0
2020 0
2020 0
2020 0
2020 0
2020 0
2020 0
2020 0
2020 0
2020 0
2020 0
2020 0
2020 0
2020 0
2020 0
2020 0
2020 0
2020 0
2020 0
2020 0
2020 0
2020 0
2020 0
2020 0
2020 0
