2005 -2.77049180327869
2005 -3.97049180327869
2005 -5.57049180327869
2005 -5.17049180327869
2005 -5.57049180327869
2005 -3.87049180327869
2005 -4.67049180327869
2005 -4.57049180327869
2005 -4.07049180327869
2005 -2.97049180327869
2005 -4.47049180327869
2005 -4.37049180327869
2005 -5.07049180327869
2005 -4.17049180327869
2005 -4.27049180327869
2005 -5.17049180327869
2005 -5.47049180327869
2005 -4.37049180327869
2005 -5.47049180327869
2005 -5.47049180327869
2005 -5.27049180327869
2005 -4.67049180327869
2005 -3.27049180327869
2005 -5.37049180327869
2005 -6.37049180327869
2005 -6.07049180327869
2005 -5.57049180327869
2005 -5.67049180327869
2005 -5.97049180327869
2005 -5.17049180327869
2005 -4.37049180327869
2005 -4.37049180327869
2005 -4.67049180327869
2005 -3.87049180327869
2005 -2.87049180327869
2005 -3.07049180327869
2005 -4.97049180327869
2005 10.1295081967213
2005 6.32950819672131
2005 9.82950819672131
2005 -7.17049180327869
2005 -7.97049180327869
2005 -7.97049180327869
2005 -7.27049180327869
2005 -7.37049180327869
2005 -7.07049180327869
2005 -6.87049180327869
2005 -6.97049180327869
2005 -6.67049180327869
2005 -4.97049180327869
2005 -2.47049180327869
2005 -4.77049180327869
2005 -4.97049180327869
2005 -5.57049180327869
2005 -4.37049180327869
2005 -5.37049180327869
2005 -4.57049180327869
2005 -6.07049180327869
2005 -4.37049180327869
2005 -5.17049180327869
2005 -5.07049180327869
2005 -4.17049180327869
2005 -3.97049180327869
2005 -4.77049180327869
2005 -4.97049180327869
2005 -6.07049180327869
2005 -6.27049180327869
2005 -6.67049180327869
2005 -5.77049180327869
2005 -7.57049180327869
2005 6.52950819672131
2005 113.629508196721
2005 -6.27049180327869
2005 -5.97049180327869
2005 -7.97049180327869
2005 -7.97049180327869
2005 -7.57049180327869
2005 -7.07049180327869
2005 -7.07049180327869
2005 -7.07049180327869
2005 -7.97049180327869
2005 -7.37049180327869
2005 -6.97049180327869
2005 -5.87049180327869
2005 -6.07049180327869
2005 -6.67049180327869
2005 -5.97049180327869
2005 -6.17049180327869
2005 -6.67049180327869
2005 -6.77049180327869
2005 4.92950819672131
2005 151.629508196721
2005 3.12950819672131
2005 -4.07049180327869
2005 -6.27049180327869
2005 -5.67049180327869
2005 -7.57049180327869
2005 -6.47049180327869
2005 -6.47049180327869
2005 -6.17049180327869
2005 -7.37049180327869
2005 -6.97049180327869
2005 -6.87049180327869
2005 -7.97049180327869
2005 -7.97049180327869
2005 -7.87049180327869
2005 -7.17049180327869
2005 -5.67049180327869
2005 -7.47049180327869
2005 -7.97049180327869
2005 -7.97049180327869
2005 -7.97049180327869
2005 -7.97049180327869
2005 -7.97049180327869
2005 -7.87049180327869
2005 -6.27049180327869
2005 -4.17049180327869
2005 -5.37049180327869
2005 45.2295081967213
2005 -7.97049180327869
2005 -7.07049180327869
2005 -5.17049180327869
2005 -4.77049180327869
2005 -5.07049180327869
2005 -6.07049180327869
2005 -5.07049180327869
2005 -5.77049180327869
2005 -5.87049180327869
2005 -5.77049180327869
2005 -6.97049180327869
2005 -6.37049180327869
2005 -5.37049180327869
2005 -6.17049180327869
2005 -6.57049180327869
2005 -5.67049180327869
2005 -6.47049180327869
2005 -7.07049180327869
2005 -6.57049180327869
2005 -6.57049180327869
2005 81.6295081967213
2005 22.5295081967213
2005 -0.870491803278689
2005 -0.670491803278689
2005 -3.77049180327869
2005 -4.37049180327869
2005 -5.37049180327869
2005 -7.97049180327869
2005 -4.67049180327869
2005 -7.17049180327869
2005 -7.97049180327869
2005 -7.97049180327869
2005 -7.97049180327869
2005 -5.77049180327869
2005 -4.77049180327869
2005 -5.77049180327869
2005 -5.67049180327869
2005 -5.97049180327869
2005 -7.97049180327869
2005 -7.67049180327869
2005 -7.77049180327869
2005 -7.97049180327869
2005 -5.27049180327869
2005 -5.47049180327869
2005 -4.57049180327869
2005 -4.67049180327869
2005 -4.47049180327869
2005 -7.57049180327869
2005 -7.97049180327869
2005 -7.97049180327869
2005 -7.97049180327869
2005 -6.67049180327869
2005 -6.67049180327869
2005 3.62950819672131
2005 39.9295081967213
2005 219.229508196721
2005 168.929508196721
2005 19.4295081967213
2005 80.8295081967213
2005 -3.47049180327869
2005 90.7295081967213
2005 216.129508196721
2005 142.629508196721
2005 6.52950819672131
2005 181.829508196721
2005 39.2295081967213
2005 142.929508196721
2005 76.3295081967213
2005 18.1295081967213
2005 9.92950819672131
2005 8.92950819672131
2005 6.52950819672131
2005 5.12950819672131
2005 3.52950819672131
2005 0.829508196721312
2005 -2.87049180327869
2005 -5.57049180327869
2005 -4.97049180327869
2005 -4.67049180327869
2005 -4.97049180327869
2005 -3.87049180327869
2005 -5.27049180327869
2005 -5.57049180327869
2005 -5.57049180327869
2005 -5.17049180327869
2005 -4.57049180327869
2005 -4.97049180327869
2005 -5.77049180327869
2005 -5.57049180327869
2005 -6.67049180327869
2005 -7.37049180327869
2005 -7.07049180327869
2005 -6.67049180327869
2005 -6.77049180327869
2005 -6.07049180327869
2005 -6.67049180327869
2005 -6.77049180327869
2005 -6.57049180327869
2005 -6.27049180327869
2005 -6.87049180327869
2005 -6.67049180327869
2005 -6.47049180327869
2005 -6.77049180327869
2005 -6.07049180327869
2005 -6.47049180327869
2005 -6.17049180327869
2005 -6.37049180327869
2005 -6.37049180327869
2005 -6.17049180327869
2005 -0.970491803278689
2005 -5.77049180327869
2005 -5.17049180327869
2005 -7.07049180327869
2005 -6.17049180327869
2005 -5.97049180327869
2005 -4.97049180327869
2005 -4.67049180327869
2005 -5.97049180327869
2005 -5.17049180327869
2005 -4.57049180327869
2005 -4.17049180327869
2005 -4.27049180327869
2005 -4.07049180327869
2005 -3.47049180327869
2005 -3.57049180327869
2005 -4.27049180327869
2005 -5.17049180327869
2005 -5.77049180327869
2005 -4.97049180327869
2005 -5.87049180327869
2005 -5.97049180327869
2005 -5.27049180327869
2005 -4.57049180327869
2005 -4.87049180327869
2005 -6.27049180327869
2005 -5.77049180327869
2005 -5.07049180327869
2005 -5.77049180327869
2005 -5.77049180327869
2005 -5.87049180327869
2005 -6.57049180327869
2005 -6.67049180327869
2005 -5.47049180327869
2005 -4.87049180327869
2005 -4.67049180327869
2005 -6.47049180327869
2005 -6.47049180327869
2005 -5.57049180327869
2005 -5.47049180327869
2005 41.2295081967213
2005 74.5295081967213
2005 41.7295081967213
2005 -3.17049180327869
2005 -6.27049180327869
2005 -5.67049180327869
2005 -4.47049180327869
2005 29.6295081967213
2005 29.5295081967213
2005 20.7295081967213
2005 -4.07049180327869
2005 10.3295081967213
2005 -6.07049180327869
2005 -4.87049180327869
2005 -6.07049180327869
2005 0.0295081967213111
2005 -4.07049180327869
2005 -5.57049180327869
2005 -6.27049180327869
2005 -4.57049180327869
2005 0.529508196721311
2005 -4.67049180327869
2005 2.92950819672131
2005 -0.470491803278689
2005 -5.07049180327869
2005 NA
2005 12.4295081967213
2005 NA
2005 NA
2005 -2.97049180327869
2005 6.82950819672131
2005 9.42950819672131
2005 11.2295081967213
2005 -3.07049180327869
2005 -0.170491803278689
2005 -4.57049180327869
2005 -5.57049180327869
2005 32.6295081967213
2005 97.5295081967213
2005 -3.47049180327869
2005 -6.17049180327869
2005 -5.77049180327869
2005 -4.97049180327869
2005 -5.77049180327869
2005 -7.07049180327869
2005 -6.37049180327869
2005 -4.67049180327869
2005 -0.370491803278689
2005 -2.97049180327869
2005 -1.87049180327869
2005 -1.97049180327869
2005 -0.270491803278689
2005 10.7295081967213
2005 -3.97049180327869
2005 -4.57049180327869
2005 -4.07049180327869
2005 -3.27049180327869
2005 -2.07049180327869
2005 -3.47049180327869
2005 -3.27049180327869
2005 -4.27049180327869
2005 18.6295081967213
2005 NA
2005 5.42950819672131
2005 3.92950819672131
2005 -4.07049180327869
2005 4.02950819672131
2005 1.12950819672131
2005 -4.07049180327869
2005 -3.77049180327869
2005 -5.87049180327869
2005 5.32950819672131
2005 -3.57049180327869
2005 -6.07049180327869
2005 -3.17049180327869
2005 -2.27049180327869
2005 -2.07049180327869
2005 -6.77049180327869
2005 12.2295081967213
2005 6.62950819672131
2005 -4.87049180327869
2005 -5.07049180327869
2005 -4.37049180327869
2005 -5.07049180327869
2005 -4.67049180327869
2005 -4.47049180327869
2005 -2.47049180327869
2005 -3.37049180327869
2005 -3.57049180327869
2005 -3.37049180327869
2005 -3.07049180327869
2005 -3.17049180327869
2005 -3.67049180327869
2005 -4.37049180327869
2005 -4.07049180327869
2005 -4.17049180327869
2005 -1.87049180327869
2006 -5.3741935483871
2006 -7.3741935483871
2006 -7.3741935483871
2006 -7.0741935483871
2006 -7.5741935483871
2006 -7.0741935483871
2006 -7.8741935483871
2006 -8.0741935483871
2006 -7.2741935483871
2006 -8.0741935483871
2006 -7.7741935483871
2006 -10.0741935483871
2006 -8.8741935483871
2006 -8.2741935483871
2006 -7.2741935483871
2006 -7.1741935483871
2006 -8.1741935483871
2006 -10.2741935483871
2006 -9.9741935483871
2006 -9.6741935483871
2006 -9.4741935483871
2006 -9.6741935483871
2006 NA
2006 -8.8741935483871
2006 -9.0741935483871
2006 -9.1741935483871
2006 -8.4741935483871
2006 -10.0741935483871
2006 -11.0741935483871
2006 -11.2741935483871
2006 -10.5741935483871
2006 -9.7741935483871
2006 -10.1741935483871
2006 -11.6741935483871
2006 -10.1741935483871
2006 -10.1741935483871
2006 -10.1741935483871
2006 -9.1741935483871
2006 -9.8741935483871
2006 -9.3741935483871
2006 -10.2741935483871
2006 -9.1741935483871
2006 -9.5741935483871
2006 -10.2741935483871
2006 -9.4741935483871
2006 -9.5741935483871
2006 -10.1741935483871
2006 -9.1741935483871
2006 -9.2741935483871
2006 -10.5741935483871
2006 -9.8741935483871
2006 -9.3741935483871
2006 -8.8741935483871
2006 -8.8741935483871
2006 -8.6741935483871
2006 -8.6741935483871
2006 -8.8741935483871
2006 -9.0741935483871
2006 -7.8741935483871
2006 -8.0741935483871
2006 -9.6741935483871
2006 -9.8741935483871
2006 -10.0741935483871
2006 -10.4741935483871
2006 -10.0741935483871
2006 -9.6741935483871
2006 -11.0741935483871
2006 -10.3741935483871
2006 -10.8741935483871
2006 -9.9741935483871
2006 -10.0741935483871
2006 -10.8741935483871
2006 -11.1741935483871
2006 -11.5741935483871
2006 -11.6741935483871
2006 -11.5741935483871
2006 -11.6741935483871
2006 -10.9741935483871
2006 -10.9741935483871
2006 -11.0741935483871
2006 -11.6741935483871
2006 -10.0741935483871
2006 -11.3741935483871
2006 -11.6741935483871
2006 -11.4741935483871
2006 181.925806451613
2006 304.625806451613
2006 119.625806451613
2006 2.4258064516129
2006 101.525806451613
2006 140.125806451613
2006 47.7258064516129
2006 22.6258064516129
2006 8.6258064516129
2006 5.9258064516129
2006 8.3258064516129
2006 9.4258064516129
2006 8.8258064516129
2006 7.4258064516129
2006 6.2258064516129
2006 5.9258064516129
2006 4.9258064516129
2006 6.4258064516129
2006 8.6258064516129
2006 8.4258064516129
2006 7.2258064516129
2006 6.7258064516129
2006 7.2258064516129
2006 5.9258064516129
2006 5.5258064516129
2006 5.4258064516129
2006 5.1258064516129
2006 6.0258064516129
2006 6.1258064516129
2006 5.3258064516129
2006 4.5258064516129
2006 13.7258064516129
2006 356.025806451613
2006 285.625806451613
2006 18.5258064516129
2006 16.4258064516129
2006 16.8258064516129
2006 20.3258064516129
2006 13.6258064516129
2006 15.3258064516129
2006 15.3258064516129
2006 15.0258064516129
2006 14.5258064516129
2006 14.3258064516129
2006 13.1258064516129
2006 12.3258064516129
2006 12.4258064516129
2006 13.1258064516129
2006 13.2258064516129
2006 12.8258064516129
2006 12.9258064516129
2006 11.8258064516129
2006 11.6258064516129
2006 12.4258064516129
2006 NA
2006 NA
2006 NA
2006 NA
2006 NA
2006 NA
2006 11.2258064516129
2006 11.2258064516129
2006 101.125806451613
2006 344.025806451613
2006 205.125806451613
2006 37.6258064516129
2006 30.4258064516129
2006 23.9258064516129
2006 22.9258064516129
2006 21.0258064516129
2006 19.6258064516129
2006 19.6258064516129
2006 16.5258064516129
2006 17.4258064516129
2006 17.6258064516129
2006 18.8258064516129
2006 17.9258064516129
2006 16.8258064516129
2006 16.4258064516129
2006 12.6258064516129
2006 14.4258064516129
2006 14.5258064516129
2006 12.7258064516129
2006 14.9258064516129
2006 14.3258064516129
2006 149.825806451613
2006 212.725806451613
2006 224.925806451613
2006 140.125806451613
2006 166.225806451613
2006 169.125806451613
2006 127.425806451613
2006 261.325806451613
2006 227.225806451613
2006 108.825806451613
2006 292.325806451613
2006 60.8258064516129
2006 51.6258064516129
2006 29.2258064516129
2006 32.8258064516129
2006 28.8258064516129
2006 26.0258064516129
2006 24.0258064516129
2006 23.1258064516129
2006 23.1258064516129
2006 20.8258064516129
2006 18.3258064516129
2006 14.1258064516129
2006 15.2258064516129
2006 15.8258064516129
2006 13.2258064516129
2006 NA
2006 NA
2006 NA
2006 NA
2006 NA
2006 NA
2006 -0.374193548387096
2006 -5.8741935483871
2006 -9.6741935483871
2006 -11.6741935483871
2006 -10.6741935483871
2006 -8.8741935483871
2006 -9.3741935483871
2006 -9.7741935483871
2006 -8.8741935483871
2006 -9.7741935483871
2006 -10.8741935483871
2006 -11.0741935483871
2006 -9.8741935483871
2006 -9.9741935483871
2006 -10.7741935483871
2006 -11.0741935483871
2006 -11.6741935483871
2006 -10.8741935483871
2006 -10.2741935483871
2006 -9.2741935483871
2006 -9.6741935483871
2006 -9.2741935483871
2006 -9.3741935483871
2006 -8.5741935483871
2006 -8.8741935483871
2006 -9.5741935483871
2006 -10.7741935483871
2006 -7.3741935483871
2006 -2.9741935483871
2006 -8.8741935483871
2006 -9.1741935483871
2006 -9.8741935483871
2006 -9.3741935483871
2006 -8.4741935483871
2006 -8.7741935483871
2006 -8.5741935483871
2006 -8.8741935483871
2006 -10.5741935483871
2006 -11.5741935483871
2006 -10.7741935483871
2006 -10.6741935483871
2006 -10.1741935483871
2006 -8.9741935483871
2006 -9.1741935483871
2006 -10.3741935483871
2006 -10.0741935483871
2006 -8.7741935483871
2006 -11.2741935483871
2006 -9.0741935483871
2006 -9.3741935483871
2006 -9.2741935483871
2006 -6.9741935483871
2006 -1.6741935483871
2006 -9.3741935483871
2006 -10.4741935483871
2006 -10.4741935483871
2006 -9.4741935483871
2006 -9.0741935483871
2006 -9.6741935483871
2006 -10.3741935483871
2006 -10.5741935483871
2006 -9.7741935483871
2006 -8.6741935483871
2006 -10.2741935483871
2006 -10.8741935483871
2006 -10.3741935483871
2006 -9.6741935483871
2006 -10.0741935483871
2006 23.0258064516129
2006 3.5258064516129
2006 -9.1741935483871
2006 -8.4741935483871
2006 -8.1741935483871
2006 -7.9741935483871
2006 -8.5741935483871
2006 -9.1741935483871
2006 -10.2741935483871
2006 -10.0741935483871
2006 -9.6741935483871
2006 -8.9741935483871
2006 -8.8741935483871
2006 -7.5741935483871
2006 -8.0741935483871
2006 -8.6741935483871
2006 -9.1741935483871
2006 -8.2741935483871
2006 -9.2741935483871
2006 -9.2741935483871
2006 -8.0741935483871
2006 22.9258064516129
2006 31.2258064516129
2006 6.7258064516129
2006 4.8258064516129
2006 9.0258064516129
2006 3.4258064516129
2006 -3.5741935483871
2006 8.8258064516129
2006 12.9258064516129
2006 -1.6741935483871
2006 -9.0741935483871
2006 8.9258064516129
2006 28.9258064516129
2006 98.8258064516129
2006 20.7258064516129
2006 1.8258064516129
2006 -10.0741935483871
2006 -5.4741935483871
2006 -1.7741935483871
2006 -6.2741935483871
2006 -8.2741935483871
2006 37.7258064516129
2006 28.6258064516129
2006 4.0258064516129
2006 -4.8741935483871
2006 -3.9741935483871
2006 -10.1741935483871
2006 1.0258064516129
2006 60.1258064516129
2006 -9.8741935483871
2006 25.1258064516129
2006 -3.1741935483871
2006 -7.3741935483871
2006 43.6258064516129
2006 15.2258064516129
2006 -11.6741935483871
2006 -11.6741935483871
2006 -11.6741935483871
2006 -11.6741935483871
2006 -9.7741935483871
2006 -4.8741935483871
2006 4.6258064516129
2006 -11.6741935483871
2006 58.1258064516129
2006 -8.8741935483871
2006 -11.6741935483871
2006 -11.6741935483871
2006 -8.5741935483871
2006 -11.6741935483871
2006 8.8258064516129
2006 -11.6741935483871
2006 -8.2741935483871
2006 -11.6741935483871
2006 -11.6741935483871
2006 -11.6741935483871
2006 -11.6741935483871
2006 -11.6741935483871
2006 -11.6741935483871
2006 -7.3741935483871
2006 -11.6741935483871
2006 -11.6741935483871
2006 -11.6741935483871
2006 2.3258064516129
2006 -11.6741935483871
2006 -11.6741935483871
2006 -11.6741935483871
2006 -11.6741935483871
2006 -11.6741935483871
2006 -11.6741935483871
2006 6.2258064516129
2006 -11.6741935483871
2006 -11.6741935483871
2006 -11.6741935483871
2006 -11.6741935483871
2007 0
2007 0
2007 0
2007 0
2007 0
2007 0
2007 0
2007 0
2007 0
2007 0
2007 0
2007 0
2007 0
2007 0
2007 0
2007 0
2007 0
2007 0
2007 0
2007 0
2007 120.1
2007 168.1
2007 176.6
2007 177
2007 5
2007 2.3
2007 14.4
2007 131.2
2007 35.3
2007 0
2007 19.4
2007 0
2007 62.5
2007 27.7
2007 0
2007 0
2007 0
2007 0
2007 0
2007 0
2007 0
2007 0
2007 0.3
2007 0
2007 0
2007 0
2007 0
2007 0
2007 0
2007 0
2007 0
2007 0
2007 0
2007 1.2
2007 0
2007 0
2007 0
2007 0
2007 0
2007 0
2007 0
2007 0
2007 0
2007 0
2007 0
2007 0
2007 0
2007 0
2007 0
2007 0
2007 1.8
2007 1.6
2007 0.3
2007 0
2007 0
2007 0
2007 0.2
2007 1.8
2007 0.1
2007 0.7
2007 0.9
2007 0
2007 0.7
2007 0
2007 0.9
2007 2.4
2007 2.4
2007 2.5
2007 1.7
2007 1.9
2007 1.7
2007 1.2
2007 0
2007 3.8
2007 32.4
2007 1.3
2007 0
2007 23.8
2007 22.4
2007 0.6
2007 0.6
2007 0
2007 2.5
2007 1.3
2007 1.3
2007 0.6
2007 1.4
2007 0
2007 0
2007 7
2007 5.5
2007 0
2007 1.1
2007 1.5
2007 2.4
2007 2.6
2007 1.3
2007 0
2007 0
2007 0
2007 0
2007 0
2007 0.6
2007 0
2007 0
2007 0
2007 0
2007 1.2
2007 0
2007 0.3
2007 0
2007 0.2
2007 0
2007 2.5
2007 3.1
2007 2.3
2007 3.6
2007 2.5
2007 2.1
2007 1.1
2007 1.7
2007 2.2
2007 1.3
2007 2.4
2007 1.5
2007 157.7
2007 212.4
2007 154.4
2007 217.1
2007 33.3
2007 9.4
2007 8.1
2007 4.7
2007 19.7
2007 1.2
2007 1.6
2007 0.2
2007 0.9
2007 1.6
2007 0.6
2007 54.1
2007 182.3
2007 1.1
2007 0
2007 18
2007 1.6
2007 1.7
2007 0.7
2007 0.1
2007 0
2007 0
2007 0
2007 0
2007 1.3
2007 0
2007 9.6
2007 0
2007 0
2007 1
2007 0
2007 0.9
2007 0.1
2007 2.1
2007 2
2007 1.7
2007 0.1
2007 20.5
2007 0
2007 12.5
2007 1.8
2007 1.6
2007 0.4
2007 1.9
2007 2.5
2007 2.7
2007 2.3
2007 2.4
2007 5.7
2007 0.1
2007 130.2
2007 169.7
2007 8.8
2007 0.8
2007 0
2007 0
2007 11.4
2007 0
2007 0
2007 0
2007 0
2007 0
2007 0.9
2007 7.1
2007 0
2007 4.2
2007 0.3
2007 0
2007 1.5
2007 1.3
2007 1.6
2007 1.8
2007 6.3
2007 0.8
2007 4.8
2007 12.4
2007 5.5
2007 4.2
2007 9.3
2007 41.5
2007 128.8
2007 48
2007 73.1
2007 174.8
2007 140.5
2007 34.8
2007 50.2
2007 28.1
2007 0
2007 0
2007 2.8
2007 8.5
2007 0.9
2007 3.9
2007 14.8
2007 0.9
2007 0.9
2007 0
2007 13.8
2007 0.9
2007 26.5
2007 5.7
2007 62.5
2007 15.2
2007 23.3
2007 0.9
2007 5.8
2007 6.3
2007 1.1
2007 0.7
2007 5.1
2007 6.6
2007 14.6
2007 11.7
2007 5.8
2007 16.5
2007 14.7
2007 21.8
2007 20.5
2007 3
2007 2.2
2007 0
2007 0.3
2007 0.5
2007 2
2007 1.4
2007 0.4
2007 0.1
2007 10.9
2007 0
2007 16.7
2007 1.6
2007 2.2
2007 4
2007 30.2
2007 11.1
2007 15.7
2007 96.7
2007 14.8
2007 9.4
2007 15.5
2007 45.7
2007 46
2007 4.3
2007 26.3
2007 38.3
2007 1.6
2007 89.4
2007 144.6
2007 58.5
2007 1.7
2007 2.2
2007 2.1
2007 NA
2007 NA
2007 NA
2007 NA
2007 NA
2007 NA
2007 NA
2007 NA
2007 NA
2007 NA
2007 NA
2007 NA
2007 NA
2007 NA
2007 NA
2007 NA
2007 NA
2007 NA
2007 NA
2007 NA
2007 NA
2007 NA
2007 NA
2007 NA
2007 NA
2007 NA
2007 NA
2007 NA
2007 NA
2007 NA
2007 NA
2007 NA
2007 NA
2007 NA
2007 NA
2007 NA
2007 NA
2007 NA
2007 NA
2007 NA
2007 NA
2007 NA
2007 NA
2007 NA
2007 NA
2007 NA
2007 NA
2007 NA
2007 NA
2007 NA
2007 NA
2007 NA
2007 NA
2007 NA
2007 NA
2007 NA
2007 NA
2007 NA
2007 NA
2007 NA
2007 NA
2007 NA
2007 NA
2008 NA
2008 NA
2008 NA
2008 NA
2008 NA
2008 NA
2008 NA
2008 NA
2008 NA
2008 NA
2008 NA
2008 NA
2008 NA
2008 NA
2008 NA
2008 NA
2008 NA
2008 NA
2008 NA
2008 NA
2008 NA
2008 NA
2008 NA
2008 NA
2008 NA
2008 NA
2008 NA
2008 NA
2008 NA
2008 NA
2008 NA
2008 NA
2008 NA
2008 NA
2008 NA
2008 NA
2008 NA
2008 NA
2008 NA
2008 NA
2008 NA
2008 -1.42258064516129
2008 -1.82258064516129
2008 -0.92258064516129
2008 -1.32258064516129
2008 -1.02258064516129
2008 -0.62258064516129
2008 -0.52258064516129
2008 -0.72258064516129
2008 -0.92258064516129
2008 -0.72258064516129
2008 -1.12258064516129
2008 -1.82258064516129
2008 0.67741935483871
2008 -0.22258064516129
2008 0.27741935483871
2008 -1.82258064516129
2008 -0.92258064516129
2008 -1.62258064516129
2008 0.37741935483871
2008 -0.42258064516129
2008 0.37741935483871
2008 -1.22258064516129
2008 -1.12258064516129
2008 -0.72258064516129
2008 -0.42258064516129
2008 -1.02258064516129
2008 -0.92258064516129
2008 -0.92258064516129
2008 -0.42258064516129
2008 -0.62258064516129
2008 -1.02258064516129
2008 -1.32258064516129
2008 -0.32258064516129
2008 -0.22258064516129
2008 -0.0225806451612902
2008 -0.52258064516129
2008 -0.42258064516129
2008 -0.32258064516129
2008 0.57741935483871
2008 0.17741935483871
2008 0.97741935483871
2008 0.77741935483871
2008 0.57741935483871
2008 0.37741935483871
2008 -0.12258064516129
2008 -0.72258064516129
2008 -1.02258064516129
2008 0.17741935483871
2008 -0.22258064516129
2008 -0.32258064516129
2008 -0.72258064516129
2008 -0.92258064516129
2008 -0.72258064516129
2008 -0.92258064516129
2008 -0.42258064516129
2008 -0.12258064516129
2008 0.57741935483871
2008 -0.0225806451612902
2008 0.0774193548387103
2008 -0.0225806451612902
2008 0.97741935483871
2008 0.17741935483871
2008 -0.72258064516129
2008 -0.12258064516129
2008 0.87741935483871
2008 1.57741935483871
2008 3.07741935483871
2008 2.97741935483871
2008 3.97741935483871
2008 0.97741935483871
2008 -0.52258064516129
2008 0.37741935483871
2008 0.37741935483871
2008 -0.42258064516129
2008 0.87741935483871
2008 0.67741935483871
2008 -0.0225806451612902
2008 -0.0225806451612902
2008 -0.22258064516129
2008 0.27741935483871
2008 -0.0225806451612902
2008 0.57741935483871
2008 0.17741935483871
2008 3.47741935483871
2008 13.1774193548387
2008 16.7774193548387
2008 20.2774193548387
2008 17.9774193548387
2008 17.3774193548387
2008 18.3774193548387
2008 17.5774193548387
2008 17.5774193548387
2008 14.7774193548387
2008 13.6774193548387
2008 12.0774193548387
2008 10.8774193548387
2008 16.6774193548387
2008 19.0774193548387
2008 15.1774193548387
2008 15.0774193548387
2008 14.3774193548387
2008 14.7774193548387
2008 14.0774193548387
2008 13.8774193548387
2008 13.9774193548387
2008 12.9774193548387
2008 11.8774193548387
2008 11.1774193548387
2008 7.97741935483871
2008 5.27741935483871
2008 4.67741935483871
2008 2.87741935483871
2008 1.77741935483871
2008 8.57741935483871
2008 9.87741935483871
2008 10.1774193548387
2008 12.6774193548387
2008 10.4774193548387
2008 8.37741935483871
2008 7.77741935483871
2008 7.87741935483871
2008 8.07741935483871
2008 8.07741935483871
2008 7.77741935483871
2008 8.07741935483871
2008 7.87741935483871
2008 6.87741935483871
2008 7.17741935483871
2008 7.47741935483871
2008 6.77741935483871
2008 6.27741935483871
2008 4.27741935483871
2008 2.77741935483871
2008 0.77741935483871
2008 -0.52258064516129
2008 -0.92258064516129
2008 -0.52258064516129
2008 -0.22258064516129
2008 -0.62258064516129
2008 -1.22258064516129
2008 -1.92258064516129
2008 -1.72258064516129
2008 -1.72258064516129
2008 -2.52258064516129
2008 -5.32258064516129
2008 -1.52258064516129
2008 -0.22258064516129
2008 -0.62258064516129
2008 -0.12258064516129
2008 0.67741935483871
2008 2.57741935483871
2008 2.47741935483871
2008 -0.42258064516129
2008 -0.52258064516129
2008 -0.62258064516129
2008 -0.72258064516129
2008 -0.52258064516129
2008 -1.32258064516129
2008 -1.92258064516129
2008 -1.42258064516129
2008 -1.52258064516129
2008 -0.62258064516129
2008 -0.92258064516129
2008 -0.12258064516129
2008 2.37741935483871
2008 -0.32258064516129
2008 -1.12258064516129
2008 -0.82258064516129
2008 10.6774193548387
2008 24.9774193548387
2008 25.0774193548387
2008 25.2774193548387
2008 24.9774193548387
2008 25.1774193548387
2008 24.9774193548387
2008 24.8774193548387
2008 25.4774193548387
2008 24.7774193548387
2008 23.9774193548387
2008 25.7774193548387
2008 25.7774193548387
2008 26.0774193548387
2008 26.2774193548387
2008 26.0774193548387
2008 25.6774193548387
2008 24.5774193548387
2008 21.0774193548387
2008 25.0774193548387
2008 25.8774193548387
2008 25.9774193548387
2008 25.4774193548387
2008 25.0774193548387
2008 26.2774193548387
2008 25.1774193548387
2008 24.7774193548387
2008 25.4774193548387
2008 24.7774193548387
2008 24.8774193548387
2008 25.3774193548387
2008 24.7774193548387
2008 25.5774193548387
2008 25.5774193548387
2008 25.0774193548387
2008 24.9774193548387
2008 24.5774193548387
2008 25.0774193548387
2008 25.0774193548387
2008 24.5774193548387
2008 25.1774193548387
2008 24.6774193548387
2008 24.2774193548387
2008 24.9774193548387
2008 25.4774193548387
2008 24.2774193548387
2008 24.3774193548387
2008 24.3774193548387
2008 24.8774193548387
2008 25.2774193548387
2008 26.1774193548387
2008 25.9774193548387
2008 24.3774193548387
2008 25.1774193548387
2008 25.2774193548387
2008 25.4774193548387
2008 24.8774193548387
2008 25.2774193548387
2008 24.5774193548387
2008 23.4774193548387
2008 22.3774193548387
2008 22.4774193548387
2008 24.4774193548387
2008 24.8774193548387
2008 23.9774193548387
2008 23.0774193548387
2008 23.9774193548387
2008 22.4774193548387
2008 25.1774193548387
2008 25.3774193548387
2008 25.1774193548387
2008 24.6774193548387
2008 24.6774193548387
2008 23.1774193548387
2008 24.0774193548387
2008 23.2774193548387
2008 23.6774193548387
2008 24.3774193548387
2008 27.4774193548387
2008 25.4774193548387
2008 16.4774193548387
2008 1.97741935483871
2008 0.27741935483871
2008 -0.42258064516129
2008 -1.22258064516129
2008 -0.82258064516129
2008 -1.22258064516129
2008 -1.12258064516129
2008 -0.72258064516129
2008 -2.42258064516129
2008 -2.02258064516129
2008 -2.12258064516129
2008 -0.92258064516129
2008 -0.92258064516129
2008 -1.02258064516129
2008 -0.52258064516129
2008 0.37741935483871
2008 -0.92258064516129
2008 -0.32258064516129
2008 -1.22258064516129
2008 4.07741935483871
2008 3.67741935483871
2008 0.87741935483871
2008 -0.12258064516129
2008 -1.72258064516129
2008 -0.82258064516129
2008 0.27741935483871
2008 1.87741935483871
2008 3.37741935483871
2008 1.27741935483871
2008 -0.22258064516129
2008 1.57741935483871
2008 0.37741935483871
2008 -1.42258064516129
2008 0.47741935483871
2008 -0.32258064516129
2008 1.57741935483871
2008 2.17741935483871
2008 0.67741935483871
2008 -0.62258064516129
2008 -0.22258064516129
2008 -0.82258064516129
2008 -1.92258064516129
2008 -1.42258064516129
2008 -1.32258064516129
2008 -0.52258064516129
2008 -0.52258064516129
2008 -1.02258064516129
2008 -1.62258064516129
2008 -1.12258064516129
2008 -1.42258064516129
2008 0.77741935483871
2008 -1.62258064516129
2008 -0.22258064516129
2008 0.37741935483871
2008 -1.12258064516129
2008 -0.82258064516129
2008 2.57741935483871
2008 -0.12258064516129
2008 -1.42258064516129
2008 1.57741935483871
2008 1.67741935483871
2008 0.47741935483871
2008 -0.12258064516129
2008 -0.22258064516129
2008 -0.12258064516129
2008 -1.02258064516129
2008 -0.92258064516129
2008 0.97741935483871
2008 1.27741935483871
2008 -0.62258064516129
2008 -0.92258064516129
2008 -0.72258064516129
2008 -0.82258064516129
2008 -0.42258064516129
2008 -0.92258064516129
2008 -0.0225806451612902
2009 3.1758064516129
2009 2.4758064516129
2009 2.3758064516129
2009 1.9758064516129
2009 1.9758064516129
2009 1.2758064516129
2009 3.5758064516129
2009 2.0758064516129
2009 1.3758064516129
2009 0.575806451612903
2009 0.675806451612903
2009 2.7758064516129
2009 7.5758064516129
2009 13.1758064516129
2009 10.2758064516129
2009 5.6758064516129
2009 5.7758064516129
2009 5.6758064516129
2009 4.4758064516129
2009 4.7758064516129
2009 9.4758064516129
2009 11.9758064516129
2009 7.1758064516129
2009 5.3758064516129
2009 14.6758064516129
2009 4.8758064516129
2009 15.0758064516129
2009 6.2758064516129
2009 5.7758064516129
2009 4.7758064516129
2009 3.7758064516129
2009 9.8758064516129
2009 12.9758064516129
2009 14.0758064516129
2009 10.8758064516129
2009 7.0758064516129
2009 4.1758064516129
2009 3.9758064516129
2009 3.5758064516129
2009 3.6758064516129
2009 4.0758064516129
2009 3.6758064516129
2009 3.9758064516129
2009 2.7758064516129
2009 3.0758064516129
2009 4.5758064516129
2009 3.9758064516129
2009 4.9758064516129
2009 5.3758064516129
2009 4.5758064516129
2009 5.4758064516129
2009 3.7758064516129
2009 3.5758064516129
2009 5.3758064516129
2009 5.3758064516129
2009 3.7758064516129
2009 8.1758064516129
2009 15.1758064516129
2009 12.7758064516129
2009 18.2758064516129
2009 18.8758064516129
2009 11.7758064516129
2009 7.7758064516129
2009 15.7758064516129
2009 13.7758064516129
2009 15.7758064516129
2009 11.0758064516129
2009 18.4758064516129
2009 10.2758064516129
2009 10.0758064516129
2009 10.9758064516129
2009 8.7758064516129
2009 21.1758064516129
2009 19.6758064516129
2009 15.0758064516129
2009 13.5758064516129
2009 16.5758064516129
2009 13.6758064516129
2009 21.9758064516129
2009 11.3758064516129
2009 -1.1241935483871
2009 -1.8241935483871
2009 -1.3241935483871
2009 -1.0241935483871
2009 9.5758064516129
2009 9.7758064516129
2009 6.7758064516129
2009 5.9758064516129
2009 8.6758064516129
2009 10.0758064516129
2009 13.4758064516129
2009 33.2758064516129
2009 46.5758064516129
2009 42.8758064516129
2009 39.0758064516129
2009 40.4758064516129
2009 38.4758064516129
2009 36.6758064516129
2009 35.5758064516129
2009 34.6758064516129
2009 48.9758064516129
2009 47.2758064516129
2009 36.2758064516129
2009 33.8758064516129
2009 35.6758064516129
2009 29.6758064516129
2009 24.2758064516129
2009 23.7758064516129
2009 22.9758064516129
2009 21.7758064516129
2009 21.3758064516129
2009 19.3758064516129
2009 17.7758064516129
2009 16.4758064516129
2009 13.8758064516129
2009 13.8758064516129
2009 20.9758064516129
2009 19.9758064516129
2009 19.4758064516129
2009 20.7758064516129
2009 19.5758064516129
2009 19.8758064516129
2009 25.7758064516129
2009 25.7758064516129
2009 25.6758064516129
2009 24.5758064516129
2009 25.3758064516129
2009 30.8758064516129
2009 36.1758064516129
2009 33.9758064516129
2009 32.3758064516129
2009 30.5758064516129
2009 29.8758064516129
2009 28.7758064516129
2009 28.1758064516129
2009 27.6758064516129
2009 27.2758064516129
2009 26.6758064516129
2009 27.2758064516129
2009 26.9758064516129
2009 27.8758064516129
2009 29.8758064516129
2009 26.9758064516129
2009 24.3758064516129
2009 23.7758064516129
2009 26.9758064516129
2009 26.3758064516129
2009 26.3758064516129
2009 26.2758064516129
2009 27.2758064516129
2009 24.7758064516129
2009 27.8758064516129
2009 28.2758064516129
2009 30.1758064516129
2009 38.2758064516129
2009 33.9758064516129
2009 30.3758064516129
2009 28.5758064516129
2009 27.7758064516129
2009 28.1758064516129
2009 29.4758064516129
2009 28.4758064516129
2009 28.3758064516129
2009 27.8758064516129
2009 26.9758064516129
2009 27.2758064516129
2009 27.3758064516129
2009 27.0758064516129
2009 26.5758064516129
2009 26.6758064516129
2009 27.6758064516129
2009 28.1758064516129
2009 27.7758064516129
2009 27.3758064516129
2009 27.4758064516129
2009 26.9758064516129
2009 25.9758064516129
2009 26.6758064516129
2009 25.9758064516129
2009 24.1758064516129
2009 22.2758064516129
2009 22.0758064516129
2009 20.2758064516129
2009 18.5758064516129
2009 18.5758064516129
2009 17.1758064516129
2009 17.3758064516129
2009 15.4758064516129
2009 13.6758064516129
2009 11.8758064516129
2009 12.2758064516129
2009 10.5758064516129
2009 8.1758064516129
2009 4.2758064516129
2009 0.675806451612903
2009 0.175806451612903
2009 -0.324193548387097
2009 -0.224193548387097
2009 -0.824193548387097
2009 -0.124193548387097
2009 0.375806451612903
2009 0.375806451612903
2009 0.175806451612903
2009 0.0758064516129031
2009 0.775806451612903
2009 0.575806451612903
2009 0.475806451612903
2009 0.875806451612903
2009 1.3758064516129
2009 1.8758064516129
2009 0.375806451612903
2009 -0.324193548387097
2009 -0.424193548387097
2009 0.675806451612903
2009 0.175806451612903
2009 0.175806451612903
2009 0.575806451612903
2009 -0.024193548387097
2009 -0.524193548387097
2009 -0.324193548387097
2009 -0.324193548387097
2009 0.0758064516129031
2009 -0.224193548387097
2009 0.0758064516129031
2009 -0.124193548387097
2009 -0.124193548387097
2009 -0.424193548387097
2009 0.875806451612903
2009 0.375806451612903
2009 -0.124193548387097
2009 -0.424193548387097
2009 -0.224193548387097
2009 -0.224193548387097
2009 -0.724193548387097
2009 -0.624193548387097
2009 0.475806451612903
2009 0.0758064516129031
2009 1.0758064516129
2009 1.4758064516129
2009 1.0758064516129
2009 0.475806451612903
2009 -0.424193548387097
2009 -0.724193548387097
2009 -0.424193548387097
2009 -0.224193548387097
2009 0.0758064516129031
2009 -0.024193548387097
2009 -0.724193548387097
2009 -0.924193548387097
2009 -1.4241935483871
2009 -1.0241935483871
2009 -0.424193548387097
2009 -0.424193548387097
2009 -0.224193548387097
2009 -0.324193548387097
2009 -0.424193548387097
2009 0.975806451612903
2009 0.375806451612903
2009 -0.124193548387097
2009 -0.824193548387097
2009 -1.2241935483871
2009 -1.2241935483871
2009 -1.1241935483871
2009 -1.2241935483871
2009 -0.624193548387097
2009 -0.224193548387097
2009 -1.4241935483871
2009 -1.2241935483871
2009 -0.024193548387097
2009 -0.124193548387097
2009 0.175806451612903
2009 -0.624193548387097
2009 0.975806451612903
2009 0.175806451612903
2009 -0.124193548387097
2009 0.275806451612903
2009 0.175806451612903
2009 -0.124193548387097
2009 1.3758064516129
2009 0.475806451612903
2009 1.3758064516129
2009 2.2758064516129
2009 0.275806451612903
2009 -0.024193548387097
2009 0.175806451612903
2009 -0.924193548387097
2009 -1.0241935483871
2009 -0.924193548387097
2009 -0.924193548387097
2009 0.0758064516129031
2009 -1.5241935483871
2009 -0.424193548387097
2009 -0.024193548387097
2009 -0.624193548387097
2009 0.475806451612903
2009 -0.024193548387097
2009 -0.424193548387097
2009 -0.324193548387097
2009 -0.024193548387097
2009 -0.024193548387097
2009 -1.0241935483871
2009 -0.224193548387097
2009 0.175806451612903
2009 -0.024193548387097
2009 -0.924193548387097
2009 -1.1241935483871
2009 -0.224193548387097
2009 -0.024193548387097
2009 -0.324193548387097
2009 -0.024193548387097
2009 -0.224193548387097
2009 -0.324193548387097
2009 0.575806451612903
2009 0.275806451612903
2009 0.275806451612903
2009 -0.024193548387097
2009 -0.624193548387097
2009 -0.424193548387097
2009 -1.2241935483871
2009 0.475806451612903
2009 0.575806451612903
2009 0.675806451612903
2009 0.275806451612903
2009 -0.124193548387097
2009 -0.624193548387097
2009 -0.824193548387097
2009 -0.924193548387097
2009 -0.424193548387097
2009 0.775806451612903
2009 0.375806451612903
2009 -0.624193548387097
2009 0.575806451612903
2009 0.375806451612903
2009 1.1758064516129
2009 0.475806451612903
2009 0.175806451612903
2009 2.2758064516129
2009 -0.124193548387097
2009 -0.024193548387097
2009 -0.824193548387097
2009 -0.024193548387097
2009 0.675806451612903
2009 0.675806451612903
2009 0.775806451612903
2009 -1.0241935483871
2009 0.0758064516129031
2009 0.275806451612903
2009 -0.824193548387097
2009 -0.524193548387097
2009 -0.524193548387097
2009 -0.124193548387097
2009 -0.824193548387097
2009 -0.824193548387097
2009 -1.0241935483871
2009 -0.924193548387097
2009 -0.824193548387097
2009 0.175806451612903
2009 2.3758064516129
2009 1.5758064516129
2009 0.675806451612903
2009 0.175806451612903
2009 0.175806451612903
2009 -0.624193548387097
2009 1.1758064516129
2009 -0.024193548387097
2010 0.137096774193548
2010 0.137096774193548
2010 3.13709677419355
2010 2.23709677419355
2010 2.43709677419355
2010 1.63709677419355
2010 1.63709677419355
2010 1.93709677419355
2010 1.53709677419355
2010 2.43709677419355
2010 1.33709677419355
2010 2.03709677419355
2010 2.13709677419355
2010 4.43709677419355
2010 3.03709677419355
2010 2.83709677419355
2010 0.937096774193548
2010 0.837096774193548
2010 1.53709677419355
2010 2.83709677419355
2010 1.73709677419355
2010 0.637096774193548
2010 -0.262903225806452
2010 0.937096774193548
2010 2.63709677419355
2010 4.13709677419355
2010 0.937096774193548
2010 1.23709677419355
2010 1.33709677419355
2010 2.83709677419355
2010 3.63709677419355
2010 2.33709677419355
2010 4.13709677419355
2010 3.23709677419355
2010 3.13709677419355
2010 3.53709677419355
2010 1.73709677419355
2010 0.637096774193548
2010 0.837096774193548
2010 0.837096774193548
2010 0.637096774193548
2010 0.637096774193548
2010 0.237096774193548
2010 0.637096774193548
2010 0.737096774193548
2010 0.937096774193548
2010 0.937096774193548
2010 0.937096774193548
2010 1.23709677419355
2010 1.23709677419355
2010 1.83709677419355
2010 1.03709677419355
2010 0.437096774193548
2010 -0.262903225806452
2010 -0.162903225806452
2010 -0.262903225806452
2010 -0.262903225806452
2010 -0.162903225806452
2010 0.437096774193548
2010 0.437096774193548
2010 0.937096774193548
2010 0.837096774193548
2010 1.73709677419355
2010 0.937096774193548
2010 1.63709677419355
2010 1.73709677419355
2010 2.43709677419355
2010 2.33709677419355
2010 1.83709677419355
2010 1.93709677419355
2010 1.43709677419355
2010 0.837096774193548
2010 1.13709677419355
2010 1.53709677419355
2010 2.43709677419355
2010 1.33709677419355
2010 0.637096774193548
2010 0.437096774193548
2010 1.03709677419355
2010 1.03709677419355
2010 1.03709677419355
2010 1.23709677419355
2010 1.93709677419355
2010 1.43709677419355
2010 0.837096774193548
2010 0.537096774193548
2010 1.83709677419355
2010 1.23709677419355
2010 0.437096774193548
2010 1.93709677419355
2010 1.93709677419355
2010 0.837096774193548
2010 0.637096774193548
2010 1.13709677419355
2010 9.23709677419355
2010 10.8370967741935
2010 9.63709677419355
2010 8.33709677419355
2010 4.93709677419355
2010 3.43709677419355
2010 3.63709677419355
2010 3.43709677419355
2010 3.73709677419355
2010 5.03709677419355
2010 6.43709677419355
2010 4.63709677419355
2010 5.73709677419355
2010 5.83709677419355
2010 7.13709677419355
2010 9.43709677419355
2010 9.83709677419355
2010 10.9370967741935
2010 28.2370967741935
2010 12.6370967741935
2010 6.03709677419355
2010 2.33709677419355
2010 2.63709677419355
2010 1.73709677419355
2010 2.43709677419355
2010 2.23709677419355
2010 3.33709677419355
2010 3.73709677419355
2010 3.23709677419355
2010 2.03709677419355
2010 2.23709677419355
2010 3.63709677419355
2010 4.03709677419355
2010 3.73709677419355
2010 6.73709677419355
2010 9.03709677419355
2010 7.33709677419355
2010 11.9370967741935
2010 10.6370967741935
2010 9.33709677419355
2010 8.03709677419355
2010 8.53709677419355
2010 9.03709677419355
2010 8.53709677419355
2010 9.33709677419355
2010 9.43709677419355
2010 9.83709677419355
2010 10.4370967741935
2010 10.2370967741935
2010 10.2370967741935
2010 10.3370967741935
2010 10.2370967741935
2010 10.7370967741935
2010 10.7370967741935
2010 10.7370967741935
2010 10.5370967741935
2010 10.3370967741935
2010 14.6370967741935
2010 14.3370967741935
2010 14.7370967741935
2010 14.5370967741935
2010 13.9370967741935
2010 14.6370967741935
2010 20.7370967741935
2010 26.6370967741935
2010 24.4370967741935
2010 24.5370967741935
2010 24.7370967741935
2010 24.2370967741935
2010 27.6370967741935
2010 31.2370967741935
2010 28.9370967741935
2010 29.2370967741935
2010 27.9370967741935
2010 27.5370967741935
2010 28.4370967741935
2010 29.4370967741935
2010 25.9370967741935
2010 22.8370967741935
2010 23.2370967741935
2010 23.5370967741935
2010 27.1370967741935
2010 25.1370967741935
2010 22.8370967741935
2010 21.9370967741935
2010 19.7370967741935
2010 21.1370967741935
2010 20.8370967741935
2010 19.9370967741935
2010 18.8370967741935
2010 19.4370967741935
2010 17.1370967741935
2010 16.9370967741935
2010 17.1370967741935
2010 17.1370967741935
2010 17.2370967741935
2010 24.5370967741935
2010 28.5370967741935
2010 24.1370967741935
2010 20.6370967741935
2010 18.1370967741935
2010 16.0370967741935
2010 14.1370967741935
2010 12.1370967741935
2010 8.63709677419355
2010 4.03709677419355
2010 1.03709677419355
2010 1.43709677419355
2010 0.837096774193548
2010 1.13709677419355
2010 0.937096774193548
2010 1.43709677419355
2010 2.13709677419355
2010 0.837096774193548
2010 0.437096774193548
2010 0.637096774193548
2010 2.43709677419355
2010 1.73709677419355
2010 2.23709677419355
2010 1.03709677419355
2010 2.13709677419355
2010 3.33709677419355
2010 0.837096774193548
2010 0.137096774193548
2010 0.537096774193548
2010 0.337096774193548
2010 0.537096774193548
2010 0.437096774193548
2010 3.53709677419355
2010 3.83709677419355
2010 1.73709677419355
2010 1.13709677419355
2010 1.43709677419355
2010 1.23709677419355
2010 1.63709677419355
2010 2.33709677419355
2010 1.23709677419355
2010 0.737096774193548
2010 0.537096774193548
2010 0.637096774193548
2010 1.83709677419355
2010 1.43709677419355
2010 0.937096774193548
2010 1.43709677419355
2010 1.73709677419355
2010 0.837096774193548
2010 1.33709677419355
2010 0.837096774193548
2010 1.33709677419355
2010 2.03709677419355
2010 1.33709677419355
2010 2.23709677419355
2010 2.13709677419355
2010 1.53709677419355
2010 1.93709677419355
2010 1.33709677419355
2010 1.03709677419355
2010 1.23709677419355
2010 1.23709677419355
2010 1.23709677419355
2010 1.43709677419355
2010 1.23709677419355
2010 0.937096774193548
2010 0.437096774193548
2010 0.137096774193548
2010 0.0370967741935484
2010 -0.362903225806452
2010 -0.462903225806452
2010 -0.462903225806452
2010 -0.362903225806452
2010 -0.162903225806452
2010 -1.16290322580645
2010 -0.962903225806452
2010 0.0370967741935484
2010 0.537096774193548
2010 -0.162903225806452
2010 -0.0629032258064517
2010 0.437096774193548
2010 -0.162903225806452
2010 0.137096774193548
2010 0.637096774193548
2010 -0.762903225806452
2010 -1.36290322580645
2010 -1.76290322580645
2010 -1.76290322580645
2010 -0.362903225806452
2010 1.03709677419355
2010 -1.16290322580645
2010 -0.862903225806452
2010 -1.86290322580645
2010 -1.36290322580645
2010 0.837096774193548
2010 -0.162903225806452
2010 1.53709677419355
2010 1.43709677419355
2010 1.13709677419355
2010 0.0370967741935484
2010 1.33709677419355
2010 2.83709677419355
2010 1.13709677419355
2010 -0.262903225806452
2010 0.437096774193548
2010 0.437096774193548
2010 0.137096774193548
2010 -0.162903225806452
2010 0.637096774193548
2010 0.237096774193548
2010 1.03709677419355
2010 0.537096774193548
2010 0.537096774193548
2010 1.03709677419355
2010 1.23709677419355
2010 0.337096774193548
2010 0.737096774193548
2010 0.637096774193548
2010 1.33709677419355
2010 1.93709677419355
2010 0.837096774193548
2010 2.33709677419355
2010 1.63709677419355
2010 1.93709677419355
2010 2.83709677419355
2010 2.53709677419355
2010 0.837096774193548
2010 -0.362903225806452
2010 0.437096774193548
2010 3.33709677419355
2010 2.13709677419355
2010 2.53709677419355
2010 0.137096774193548
2010 -1.76290322580645
2010 -0.262903225806452
2010 -0.862903225806452
2010 -0.162903225806452
2010 -0.462903225806452
2010 -0.462903225806452
2010 -1.56290322580645
2010 0.0370967741935484
2010 -1.56290322580645
2010 -1.76290322580645
2010 -1.96290322580645
2010 -2.16290322580645
2010 -1.36290322580645
2010 -1.66290322580645
2010 0.437096774193548
2010 -0.762903225806452
2010 -1.86290322580645
2010 -1.46290322580645
2010 -0.962903225806452
2010 -0.962903225806452
2010 -1.56290322580645
2010 0.0370967741935484
2010 0.537096774193548
2010 0.837096774193548
2010 0.937096774193548
2010 0.0370967741935484
2010 -0.0629032258064517
2010 0.837096774193548
2010 -0.862903225806452
2010 -0.562903225806452
2010 -0.962903225806452
2010 -1.36290322580645
2010 -0.962903225806452
2010 -0.562903225806452
2010 -0.762903225806452
2010 -1.56290322580645
2010 -0.362903225806452
2010 -0.762903225806452
2010 -0.262903225806452
2010 0.0370967741935484
2010 -0.0629032258064517
2011 -1.62741935483871
2011 -1.52741935483871
2011 -1.62741935483871
2011 -1.52741935483871
2011 -1.12741935483871
2011 -0.32741935483871
2011 0.97258064516129
2011 0.27258064516129
2011 -1.42741935483871
2011 -2.12741935483871
2011 -1.12741935483871
2011 -0.92741935483871
2011 -1.22741935483871
2011 -1.72741935483871
2011 -1.62741935483871
2011 -0.82741935483871
2011 0.67258064516129
2011 0.77258064516129
2011 -0.52741935483871
2011 0.07258064516129
2011 -1.02741935483871
2011 -1.12741935483871
2011 -1.02741935483871
2011 -0.42741935483871
2011 -0.22741935483871
2011 -0.72741935483871
2011 1.07258064516129
2011 0.17258064516129
2011 -0.22741935483871
2011 0.67258064516129
2011 1.17258064516129
2011 0.07258064516129
2011 0.77258064516129
2011 1.47258064516129
2011 0.07258064516129
2011 -1.02741935483871
2011 -0.0274193548387096
2011 0.67258064516129
2011 NA
2011 -0.12741935483871
2011 -0.0274193548387096
2011 -0.42741935483871
2011 0.07258064516129
2011 -0.32741935483871
2011 -1.22741935483871
2011 0.47258064516129
2011 0.67258064516129
2011 -0.12741935483871
2011 -0.22741935483871
2011 0.37258064516129
2011 0.27258064516129
2011 0.67258064516129
2011 1.67258064516129
2011 1.07258064516129
2011 1.57258064516129
2011 1.07258064516129
2011 1.47258064516129
2011 1.07258064516129
2011 0.17258064516129
2011 1.17258064516129
2011 1.77258064516129
2011 1.47258064516129
2011 1.67258064516129
2011 0.47258064516129
2011 -0.32741935483871
2011 -0.52741935483871
2011 -0.12741935483871
2011 1.07258064516129
2011 2.47258064516129
2011 1.27258064516129
2011 2.07258064516129
2011 1.37258064516129
2011 0.77258064516129
2011 0.87258064516129
2011 1.27258064516129
2011 1.47258064516129
2011 1.37258064516129
2011 0.17258064516129
2011 1.07258064516129
2011 1.17258064516129
2011 0.87258064516129
2011 1.17258064516129
2011 0.87258064516129
2011 0.67258064516129
2011 0.57258064516129
2011 1.47258064516129
2011 7.07258064516129
2011 9.17258064516129
2011 17.8725806451613
2011 21.7725806451613
2011 23.2725806451613
2011 36.1725806451613
2011 41.1725806451613
2011 40.1725806451613
2011 36.9725806451613
2011 36.9725806451613
2011 40.9725806451613
2011 35.0725806451613
2011 22.1725806451613
2011 13.8725806451613
2011 13.8725806451613
2011 12.7725806451613
2011 12.1725806451613
2011 12.1725806451613
2011 12.7725806451613
2011 13.3725806451613
2011 12.1725806451613
2011 14.6725806451613
2011 17.6725806451613
2011 18.1725806451613
2011 19.1725806451613
2011 18.3725806451613
2011 17.9725806451613
2011 8.67258064516129
2011 2.17258064516129
2011 1.57258064516129
2011 7.37258064516129
2011 7.47258064516129
2011 7.07258064516129
2011 5.87258064516129
2011 6.47258064516129
2011 5.77258064516129
2011 5.97258064516129
2011 4.67258064516129
2011 5.07258064516129
2011 6.57258064516129
2011 6.27258064516129
2011 7.07258064516129
2011 5.77258064516129
2011 2.97258064516129
2011 2.97258064516129
2011 2.57258064516129
2011 1.77258064516129
2011 1.17258064516129
2011 0.87258064516129
2011 0.17258064516129
2011 0.67258064516129
2011 0.47258064516129
2011 0.47258064516129
2011 0.97258064516129
2011 0.97258064516129
2011 2.07258064516129
2011 2.17258064516129
2011 1.97258064516129
2011 2.17258064516129
2011 2.17258064516129
2011 2.57258064516129
2011 1.67258064516129
2011 1.87258064516129
2011 2.17258064516129
2011 1.77258064516129
2011 3.57258064516129
2011 1.47258064516129
2011 1.47258064516129
2011 1.57258064516129
2011 1.77258064516129
2011 1.67258064516129
2011 0.97258064516129
2011 0.27258064516129
2011 0.17258064516129
2011 1.17258064516129
2011 1.37258064516129
2011 1.27258064516129
2011 1.17258064516129
2011 0.97258064516129
2011 2.07258064516129
2011 1.87258064516129
2011 2.87258064516129
2011 8.57258064516129
2011 7.57258064516129
2011 6.17258064516129
2011 3.77258064516129
2011 5.47258064516129
2011 4.87258064516129
2011 3.97258064516129
2011 4.27258064516129
2011 4.67258064516129
2011 4.27258064516129
2011 3.97258064516129
2011 2.27258064516129
2011 3.97258064516129
2011 4.27258064516129
2011 3.17258064516129
2011 3.07258064516129
2011 2.17258064516129
2011 1.27258064516129
2011 0.27258064516129
2011 1.97258064516129
2011 1.57258064516129
2011 1.37258064516129
2011 1.37258064516129
2011 0.37258064516129
2011 1.97258064516129
2011 1.97258064516129
2011 1.47258064516129
2011 1.87258064516129
2011 1.67258064516129
2011 0.97258064516129
2011 -0.22741935483871
2011 0.57258064516129
2011 0.07258064516129
2011 0.57258064516129
2011 0.87258064516129
2011 0.37258064516129
2011 -0.0274193548387096
2011 0.47258064516129
2011 0.47258064516129
2011 1.27258064516129
2011 0.67258064516129
2011 0.87258064516129
2011 -0.0274193548387096
2011 -0.32741935483871
2011 -0.0274193548387096
2011 -0.12741935483871
2011 -0.42741935483871
2011 0.07258064516129
2011 -0.42741935483871
2011 -0.32741935483871
2011 -0.82741935483871
2011 -0.62741935483871
2011 -0.42741935483871
2011 -0.0274193548387096
2011 -0.42741935483871
2011 -0.0274193548387096
2011 -0.42741935483871
2011 0.37258064516129
2011 0.47258064516129
2011 0.57258064516129
2011 0.37258064516129
2011 -0.82741935483871
2011 -0.42741935483871
2011 -0.72741935483871
2011 -1.02741935483871
2011 -0.82741935483871
2011 -0.0274193548387096
2011 -0.42741935483871
2011 -0.42741935483871
2011 -0.0274193548387096
2011 -0.72741935483871
2011 0.07258064516129
2011 0.87258064516129
2011 0.47258064516129
2011 -0.12741935483871
2011 0.27258064516129
2011 -0.22741935483871
2011 -0.22741935483871
2011 -0.42741935483871
2011 -0.32741935483871
2011 -1.22741935483871
2011 -2.02741935483871
2011 0.07258064516129
2011 -1.22741935483871
2011 -2.32741935483871
2011 -1.12741935483871
2011 -2.02741935483871
2011 -0.92741935483871
2011 -0.42741935483871
2011 -1.22741935483871
2011 -1.12741935483871
2011 -1.02741935483871
2011 -1.52741935483871
2011 -1.22741935483871
2011 -1.82741935483871
2011 -1.52741935483871
2011 -2.52741935483871
2011 -2.92741935483871
2011 -2.32741935483871
2011 -1.92741935483871
2011 -0.72741935483871
2011 -1.22741935483871
2011 -2.02741935483871
2011 -1.92741935483871
2011 -1.22741935483871
2011 -0.72741935483871
2011 -1.72741935483871
2011 -1.22741935483871
2011 0.17258064516129
2011 -0.42741935483871
2011 -0.0274193548387096
2011 0.77258064516129
2011 1.07258064516129
2011 0.07258064516129
2011 0.47258064516129
2011 0.17258064516129
2011 0.27258064516129
2011 1.17258064516129
2011 -1.12741935483871
2011 -1.02741935483871
2011 -1.22741935483871
2011 0.57258064516129
2011 1.57258064516129
2011 -0.32741935483871
2011 -0.32741935483871
2011 -1.02741935483871
2011 -0.12741935483871
2011 0.97258064516129
2011 -0.92741935483871
2011 -0.12741935483871
2011 -0.42741935483871
2011 -0.82741935483871
2011 -0.62741935483871
2011 0.07258064516129
2011 1.17258064516129
2011 0.57258064516129
2011 1.17258064516129
2011 0.47258064516129
2011 0.07258064516129
2011 0.37258064516129
2011 0.17258064516129
2011 1.97258064516129
2011 -0.22741935483871
2011 -0.52741935483871
2011 -0.82741935483871
2011 -0.62741935483871
2011 -0.72741935483871
2011 1.37258064516129
2011 0.77258064516129
2011 0.57258064516129
2011 0.47258064516129
2011 2.57258064516129
2011 0.77258064516129
2011 1.37258064516129
2011 1.07258064516129
2011 0.27258064516129
2011 0.27258064516129
2011 1.97258064516129
2011 1.47258064516129
2011 1.37258064516129
2011 1.97258064516129
2011 1.67258064516129
2011 1.47258064516129
2011 0.67258064516129
2011 1.37258064516129
2011 2.07258064516129
2011 1.77258064516129
2011 0.77258064516129
2011 1.37258064516129
2011 -0.22741935483871
2011 0.87258064516129
2011 0.97258064516129
2011 3.07258064516129
2011 0.87258064516129
2011 1.17258064516129
2011 -1.32741935483871
2011 -2.22741935483871
2011 -1.92741935483871
2011 -1.02741935483871
2011 -2.42741935483871
2011 -0.32741935483871
2011 -0.52741935483871
2011 -1.32741935483871
2011 -1.52741935483871
2011 -1.22741935483871
2011 -1.92741935483871
2011 -1.82741935483871
2011 -1.72741935483871
2011 -2.72741935483871
2011 -2.72741935483871
2011 -2.82741935483871
2011 -2.32741935483871
2011 -0.42741935483871
2011 -1.42741935483871
2011 -1.52741935483871
2011 -1.32741935483871
2011 -1.42741935483871
2012 2.6
2012 3.1
2012 2.6
2012 4.3
2012 3
2012 2.6
2012 2.3
2012 2.1
2012 1.1
2012 1.5
2012 1.3
2012 1.2
2012 0.6
2012 1.2
2012 1.5
2012 2
2012 2.8
2012 4.1
2012 3.3
2012 NA
2012 NA
2012 NA
2012 NA
2012 NA
2012 NA
2012 NA
2012 NA
2012 NA
2012 NA
2012 NA
2012 NA
2012 NA
2012 NA
2012 NA
2012 NA
2012 NA
2012 NA
2012 NA
2012 NA
2012 NA
2012 NA
2012 NA
2012 NA
2012 NA
2012 NA
2012 NA
2012 NA
2012 NA
2012 NA
2012 NA
2012 NA
2012 NA
2012 NA
2012 NA
2012 NA
2012 NA
2012 NA
2012 NA
2012 NA
2012 NA
2012 NA
2012 NA
2012 NA
2012 NA
2012 NA
2012 NA
2012 NA
2012 NA
2012 NA
2012 NA
2012 NA
2012 NA
2012 NA
2012 NA
2012 NA
2012 NA
2012 NA
2012 NA
2012 NA
2012 NA
2012 NA
2012 NA
2012 NA
2012 NA
2012 NA
2012 NA
2012 NA
2012 NA
2012 NA
2012 NA
2012 NA
2012 NA
2012 NA
2012 NA
2012 NA
2012 NA
2012 NA
2012 NA
2012 NA
2012 NA
2012 NA
2012 NA
2012 NA
2012 NA
2012 NA
2012 NA
2012 NA
2012 NA
2012 NA
2012 NA
2012 NA
2012 NA
2012 NA
2012 NA
2012 NA
2012 NA
2012 NA
2012 NA
2012 NA
2012 NA
2012 NA
2012 NA
2012 NA
2012 NA
2012 NA
2012 NA
2012 NA
2012 NA
2012 NA
2012 NA
2012 NA
2012 NA
2012 NA
2012 NA
2012 NA
2012 NA
2012 NA
2012 NA
2012 NA
2012 NA
2012 NA
2012 NA
2012 NA
2012 NA
2012 NA
2012 NA
2012 NA
2012 NA
2012 NA
2012 NA
2012 NA
2012 NA
2012 NA
2012 NA
2012 NA
2012 NA
2012 NA
2012 NA
2012 NA
2012 NA
2012 NA
2012 NA
2012 NA
2012 NA
2012 NA
2012 NA
2012 NA
2012 NA
2012 NA
2012 NA
2012 NA
2012 NA
2012 NA
2012 NA
2012 NA
2012 NA
2012 NA
2012 NA
2012 NA
2012 NA
2012 NA
2012 NA
2012 NA
2012 NA
2012 NA
2012 NA
2012 NA
2012 NA
2012 NA
2012 NA
2012 NA
2012 NA
2012 NA
2012 NA
2012 NA
2012 NA
2012 NA
2012 NA
2012 NA
2012 NA
2012 NA
2012 NA
2012 NA
2012 NA
2012 NA
2012 NA
2012 NA
2012 NA
2012 NA
2012 NA
2012 NA
2012 NA
2012 NA
2012 NA
2012 NA
2012 NA
2012 NA
2012 NA
2012 NA
2012 NA
2012 NA
2012 NA
2012 NA
2012 NA
2012 NA
2012 NA
2012 NA
2012 NA
2012 NA
2012 NA
2012 NA
2012 NA
2012 NA
2012 NA
2012 NA
2012 NA
2012 NA
2012 NA
2012 NA
2012 NA
2012 NA
2012 NA
2012 NA
2012 NA
2012 NA
2012 NA
2012 NA
2012 NA
2012 NA
2012 NA
2012 NA
2012 NA
2012 NA
2012 NA
2012 NA
2012 NA
2012 NA
2012 NA
2012 NA
2012 NA
2012 NA
2012 NA
2012 NA
2012 NA
2012 NA
2012 NA
2012 NA
2012 NA
2012 NA
2012 NA
2012 NA
2012 NA
2012 NA
2012 NA
2012 NA
2012 NA
2012 NA
2012 NA
2012 NA
2012 NA
2012 NA
2012 NA
2012 NA
2012 NA
2012 NA
2012 NA
2012 NA
2012 NA
2012 NA
2012 NA
2012 NA
2012 NA
2012 NA
2012 NA
2012 NA
2012 NA
2012 NA
2012 NA
2012 NA
2012 NA
2012 NA
2012 NA
2012 NA
2012 NA
2012 NA
2012 NA
2012 NA
2012 NA
2012 NA
2012 NA
2012 NA
2012 NA
2012 NA
2012 NA
2012 NA
2012 NA
2012 NA
2012 NA
2012 NA
2012 NA
2012 NA
2012 NA
2012 NA
2012 NA
2012 NA
2012 NA
2012 NA
2012 NA
2012 NA
2012 NA
2012 NA
2012 NA
2012 NA
2012 NA
2012 NA
2012 NA
2012 NA
2012 NA
2012 NA
2012 NA
2012 NA
2012 NA
2012 NA
2012 NA
2012 NA
2012 NA
2012 NA
2012 NA
2012 NA
2012 NA
2012 NA
2012 NA
2012 NA
2012 NA
2012 NA
2012 NA
2012 NA
2012 NA
2012 NA
2012 NA
2012 NA
2012 NA
2012 NA
2012 NA
2012 NA
2012 NA
2013 NA
2013 NA
2013 NA
2013 NA
2013 NA
2013 NA
2013 NA
2013 NA
2013 NA
2013 NA
2013 NA
2013 NA
2013 NA
2013 NA
2013 NA
2013 NA
2013 NA
2013 NA
2013 NA
2013 NA
2013 NA
2013 NA
2013 NA
2013 NA
2013 NA
2013 NA
2013 NA
2013 NA
2013 NA
2013 NA
2013 NA
2013 NA
2013 NA
2013 NA
2013 NA
2013 NA
2013 NA
2013 NA
2013 NA
2013 NA
2013 NA
2013 NA
2013 NA
2013 NA
2013 NA
2013 NA
2013 NA
2013 NA
2013 NA
2013 NA
2013 NA
2013 NA
2013 NA
2013 NA
2013 NA
2013 NA
2013 NA
2013 NA
2013 NA
2013 NA
2013 NA
2013 NA
2013 NA
2013 NA
2013 NA
2013 NA
2013 NA
2013 NA
2013 NA
2013 NA
2013 NA
2013 NA
2013 NA
2013 NA
2013 NA
2013 NA
2013 NA
2013 NA
2013 NA
2013 NA
2013 NA
2013 NA
2013 NA
2013 NA
2013 NA
2013 NA
2013 NA
2013 NA
2013 NA
2013 NA
2013 NA
2013 NA
2013 NA
2013 NA
2013 NA
2013 NA
2013 NA
2013 NA
2013 4
2013 NA
2013 NA
2013 NA
2013 NA
2013 NA
2013 13
2013 9.3
2013 6.4
2013 6.7
2013 7.1
2013 7.5
2013 7.1
2013 7.7
2013 6
2013 7.1
2013 6.4
2013 3.9
2013 3.5
2013 3.5
2013 3.3
2013 3.3
2013 3.4
2013 3.3
2013 3.5
2013 11.1
2013 7.5
2013 4
2013 3.2
2013 2.3
2013 NA
2013 NA
2013 NA
2013 NA
2013 NA
2013 NA
2013 NA
2013 NA
2013 6.5
2013 13.7
2013 10.4
2013 9.6
2013 8.1
2013 13.5
2013 15.4
2013 10.8
2013 7.6
2013 8.8
2013 11
2013 11.4
2013 11.4
2013 14.2
2013 12.8
2013 10.5
2013 9.2
2013 6.7
2013 5.2
2013 6.7
2013 5.5
2013 3.3
2013 8.3
2013 6.2
2013 8.5
2013 9.9
2013 9.3
2013 14.1
2013 26.4
2013 23.2
2013 19.6
2013 19.1
2013 16.5
2013 33.7
2013 31.9
2013 22.6
2013 21.8
2013 28.6
2013 34.9
2013 33.3
2013 40.8
2013 41.4
2013 37
2013 33
2013 29
2013 25.7
2013 21.2
2013 19.3
2013 17.4
2013 16.4
2013 16.2
2013 10.9
2013 8.2
2013 5.5
2013 NA
2013 NA
2013 NA
2013 NA
2013 NA
2013 NA
2013 NA
2013 NA
2013 42
2013 38.5
2013 28.7
2013 20.5
2013 13
2013 10.5
2013 7
2013 4.8
2013 6
2013 5.5
2013 9.5
2013 15.8
2013 7.7
2013 4
2013 NA
2013 NA
2013 NA
2013 NA
2013 NA
2013 NA
2013 NA
2013 NA
2013 NA
2013 NA
2013 NA
2013 NA
2013 NA
2013 NA
2013 NA
2013 NA
2013 NA
2013 NA
2013 NA
2013 NA
2013 NA
2013 NA
2013 NA
2013 NA
2013 NA
2013 NA
2013 NA
2013 NA
2013 NA
2013 NA
2013 NA
2013 NA
2013 NA
2013 NA
2013 NA
2013 NA
2013 NA
2013 NA
2013 NA
2013 NA
2013 NA
2013 NA
2013 NA
2013 NA
2013 NA
2013 NA
2013 NA
2013 NA
2013 NA
2013 NA
2013 NA
2013 NA
2013 NA
2013 NA
2013 NA
2013 NA
2013 NA
2013 NA
2013 NA
2013 NA
2013 NA
2013 NA
2013 NA
2013 NA
2013 NA
2013 NA
2013 NA
2013 NA
2013 NA
2013 NA
2013 NA
2013 NA
2013 NA
2013 NA
2013 NA
2013 NA
2013 NA
2013 NA
2013 NA
2013 NA
2013 NA
2013 NA
2013 NA
2013 NA
2013 NA
2013 NA
2013 NA
2013 NA
2013 NA
2013 NA
2013 NA
2013 NA
2013 NA
2013 NA
2013 NA
2013 NA
2013 NA
2013 NA
2013 NA
2013 NA
2013 NA
2013 NA
2013 NA
2013 NA
2013 NA
2013 NA
2013 NA
2013 NA
2013 NA
2013 NA
2013 NA
2013 NA
2013 NA
2013 NA
2013 NA
2013 NA
2013 NA
2013 NA
2013 NA
2013 NA
2013 NA
2013 NA
2013 NA
2013 NA
2013 NA
2013 NA
2013 NA
2013 NA
2013 NA
2013 NA
2013 NA
2013 NA
2013 NA
2013 NA
2013 NA
2013 NA
2013 NA
2013 NA
2013 NA
2013 NA
2013 NA
2013 NA
2013 NA
2013 NA
2013 NA
2013 NA
2013 NA
2013 NA
2013 NA
2013 NA
2013 NA
2013 NA
2013 NA
2014 NA
2014 NA
2014 NA
2014 NA
2014 NA
2014 NA
2014 NA
2014 NA
2014 NA
2014 NA
2014 NA
2014 NA
2014 NA
2014 NA
2014 NA
2014 NA
2014 NA
2014 NA
2014 NA
2014 NA
2014 NA
2014 NA
2014 NA
2014 NA
2014 NA
2014 NA
2014 NA
2014 NA
2014 NA
2014 NA
2014 NA
2014 NA
2014 NA
2014 NA
2014 NA
2014 NA
2014 NA
2014 NA
2014 NA
2014 NA
2014 NA
2014 5.8
2014 NA
2014 NA
2014 NA
2014 NA
2014 NA
2014 NA
2014 NA
2014 NA
2014 NA
2014 NA
2014 NA
2014 NA
2014 NA
2014 NA
2014 NA
2014 NA
2014 NA
2014 NA
2014 NA
2014 NA
2014 NA
2014 NA
2014 NA
2014 NA
2014 NA
2014 NA
2014 NA
2014 NA
2014 NA
2014 NA
2014 NA
2014 NA
2014 NA
2014 NA
2014 NA
2014 NA
2014 NA
2014 NA
2014 NA
2014 NA
2014 27.3
2014 21.1
2014 16
2014 11.4
2014 11.2
2014 9.4
2014 10.2
2014 10.3
2014 7
2014 7
2014 6.5
2014 6.3
2014 4.9
2014 NA
2014 NA
2014 NA
2014 NA
2014 NA
2014 NA
2014 NA
2014 NA
2014 NA
2014 NA
2014 NA
2014 NA
2014 NA
2014 NA
2014 NA
2014 NA
2014 NA
2014 NA
2014 NA
2014 NA
2014 NA
2014 NA
2014 NA
2014 NA
2014 NA
2014 NA
2014 NA
2014 NA
2014 NA
2014 4.2
2014 2.9
2014 NA
2014 NA
2014 NA
2014 NA
2014 NA
2014 NA
2014 NA
2014 NA
2014 NA
2014 0.3
2014 NA
2014 NA
2014 0.9
2014 NA
2014 NA
2014 NA
2014 NA
2014 NA
2014 NA
2014 NA
2014 NA
2014 NA
2014 NA
2014 NA
2014 NA
2014 7.5
2014 6.6
2014 NA
2014 NA
2014 NA
2014 NA
2014 NA
2014 NA
2014 NA
2014 5.2
2014 11.2
2014 15.5
2014 18.4
2014 13
2014 14.8
2014 21.3
2014 19.8
2014 15.9
2014 11.5
2014 9.3
2014 6.4
2014 NA
2014 NA
2014 NA
2014 NA
2014 NA
2014 NA
2014 NA
2014 8.2
2014 5.8
2014 5.6
2014 NA
2014 NA
2014 NA
2014 NA
2014 NA
2014 NA
2014 NA
2014 NA
2014 NA
2014 NA
2014 NA
2014 NA
2014 NA
2014 NA
2014 NA
2014 NA
2014 NA
2014 NA
2014 NA
2014 NA
2014 NA
2014 1.8
2014 NA
2014 NA
2014 NA
2014 NA
2014 NA
2014 NA
2014 NA
2014 NA
2014 NA
2014 NA
2014 NA
2014 NA
2014 NA
2014 NA
2014 NA
2014 NA
2014 NA
2014 NA
2014 NA
2014 NA
2014 NA
2014 NA
2014 NA
2014 NA
2014 NA
2014 NA
2014 NA
2014 NA
2014 NA
2014 NA
2014 NA
2014 NA
2014 NA
2014 NA
2014 NA
2014 NA
2014 NA
2014 NA
2014 NA
2014 NA
2014 NA
2014 NA
2014 NA
2014 NA
2014 NA
2014 NA
2014 NA
2014 NA
2014 NA
2014 NA
2014 NA
2014 NA
2014 NA
2014 NA
2014 NA
2014 NA
2014 NA
2014 NA
2014 NA
2014 NA
2014 NA
2014 NA
2014 NA
2014 NA
2014 NA
2014 NA
2014 NA
2014 NA
2014 NA
2014 NA
2014 NA
2014 NA
2014 NA
2014 NA
2014 NA
2014 NA
2014 NA
2014 NA
2014 NA
2014 NA
2014 NA
2014 NA
2014 NA
2014 NA
2014 NA
2014 NA
2014 NA
2014 NA
2014 NA
2014 NA
2014 NA
2014 NA
2014 NA
2014 NA
2014 NA
2014 NA
2014 NA
2014 NA
2014 NA
2014 NA
2014 NA
2014 NA
2014 NA
2014 NA
2014 NA
2014 NA
2014 NA
2014 NA
2014 NA
2014 NA
2014 NA
2014 NA
2014 NA
2014 NA
2014 NA
2014 NA
2014 NA
2014 NA
2014 NA
2014 NA
2014 NA
2014 NA
2014 NA
2014 NA
2014 NA
2014 NA
2014 NA
2014 NA
2014 NA
2014 NA
2014 NA
2014 NA
2014 NA
2014 NA
2014 NA
2014 NA
2014 NA
2014 NA
2014 NA
2014 NA
2014 NA
2014 NA
2014 NA
2014 NA
2014 NA
2014 NA
2014 NA
2014 NA
2014 NA
2014 NA
2014 NA
2014 NA
2014 NA
2014 NA
2014 NA
2014 NA
2014 NA
2014 NA
2014 NA
2014 NA
2014 NA
2015 NA
2015 NA
2015 NA
2015 NA
2015 NA
2015 NA
2015 NA
2015 NA
2015 NA
2015 NA
2015 NA
2015 NA
2015 NA
2015 NA
2015 NA
2015 NA
2015 NA
2015 NA
2015 NA
2015 NA
2015 NA
2015 NA
2015 NA
2015 NA
2015 NA
2015 NA
2015 NA
2015 NA
2015 NA
2015 NA
2015 NA
2015 NA
2015 NA
2015 NA
2015 NA
2015 NA
2015 NA
2015 NA
2015 NA
2015 NA
2015 NA
2015 NA
2015 NA
2015 NA
2015 NA
2015 NA
2015 NA
2015 NA
2015 NA
2015 NA
2015 NA
2015 NA
2015 NA
2015 NA
2015 NA
2015 NA
2015 NA
2015 NA
2015 NA
2015 NA
2015 NA
2015 NA
2015 NA
2015 NA
2015 NA
2015 NA
2015 NA
2015 NA
2015 NA
2015 NA
2015 NA
2015 NA
2015 NA
2015 NA
2015 NA
2015 NA
2015 NA
2015 NA
2015 NA
2015 NA
2015 NA
2015 NA
2015 NA
2015 NA
2015 NA
2015 NA
2015 NA
2015 NA
2015 NA
2015 NA
2015 NA
2015 NA
2015 NA
2015 NA
2015 NA
2015 NA
2015 NA
2015 NA
2015 NA
2015 13.8
2015 11.3
2015 9.9
2015 8.7
2015 8.3
2015 6.8
2015 5.8
2015 5.7
2015 NA
2015 NA
2015 NA
2015 NA
2015 NA
2015 NA
2015 NA
2015 NA
2015 NA
2015 NA
2015 NA
2015 21.5
2015 15.7
2015 14.5
2015 14.1
2015 13.1
2015 11
2015 NA
2015 NA
2015 NA
2015 NA
2015 NA
2015 NA
2015 NA
2015 NA
2015 NA
2015 NA
2015 NA
2015 NA
2015 NA
2015 NA
2015 NA
2015 16.2
2015 14.8
2015 12
2015 12.6
2015 14.3
2015 12.8
2015 11.7
2015 12.3
2015 10.9
2015 11.3
2015 11.9
2015 11
2015 12.2
2015 10.3
2015 11
2015 10.9
2015 9.7
2015 11.5
2015 13.4
2015 20.7
2015 22.4
2015 20.2
2015 18.3
2015 16
2015 13.7
2015 12.2
2015 10.1
2015 16.8
2015 20.5
2015 19.9
2015 14.4
2015 11.8
2015 11.5
2015 12.5
2015 19.6
2015 30.6
2015 24.3
2015 24.8
2015 22.6
2015 20.4
2015 19.2
2015 18.6
2015 14.4
2015 13.8
2015 11.9
2015 8.3
2015 6.5
2015 6.8
2015 7.3
2015 7.5
2015 7.6
2015 7.3
2015 5.5
2015 NA
2015 NA
2015 NA
2015 NA
2015 NA
2015 NA
2015 NA
2015 NA
2015 NA
2015 NA
2015 NA
2015 NA
2015 NA
2015 NA
2015 NA
2015 NA
2015 NA
2015 NA
2015 NA
2015 NA
2015 NA
2015 NA
2015 NA
2015 NA
2015 NA
2015 NA
2015 NA
2015 NA
2015 NA
2015 NA
2015 NA
2015 NA
2015 NA
2015 NA
2015 NA
2015 NA
2015 NA
2015 NA
2015 NA
2015 NA
2015 NA
2015 NA
2015 NA
2015 NA
2015 NA
2015 NA
2015 NA
2015 NA
2015 NA
2015 NA
2015 NA
2015 NA
2015 NA
2015 NA
2015 NA
2015 NA
2015 NA
2015 NA
2015 NA
2015 NA
2015 NA
2015 NA
2015 NA
2015 NA
2015 NA
2015 NA
2015 NA
2015 NA
2015 NA
2015 NA
2015 NA
2015 NA
2015 NA
2015 NA
2015 NA
2015 NA
2015 NA
2015 NA
2015 NA
2015 NA
2015 NA
2015 NA
2015 NA
2015 NA
2015 NA
2015 NA
2015 NA
2015 NA
2015 NA
2015 NA
2015 NA
2015 NA
2015 NA
2015 NA
2015 NA
2015 NA
2015 NA
2015 NA
2015 NA
2015 NA
2015 NA
2015 NA
2015 NA
2015 NA
2015 NA
2015 NA
2015 NA
2015 NA
2015 NA
2015 NA
2015 NA
2015 NA
2015 NA
2015 NA
2015 NA
2015 NA
2015 NA
2015 NA
2015 NA
2015 NA
2015 NA
2015 NA
2015 NA
2015 NA
2015 NA
2015 NA
2015 NA
2015 NA
2015 NA
2015 NA
2015 NA
2015 NA
2015 NA
2015 NA
2015 NA
2015 NA
2015 NA
2015 NA
2015 NA
2015 NA
2015 NA
2015 NA
2015 NA
2015 NA
2015 NA
2015 NA
2015 NA
2015 NA
2015 NA
2015 NA
2015 NA
2015 NA
2015 NA
2015 NA
2015 NA
2015 NA
2015 NA
2015 NA
2015 NA
2015 NA
2015 NA
2015 NA
2015 NA
2015 NA
2015 NA
2015 NA
2015 NA
2015 NA
2015 NA
2015 NA
2015 NA
2015 NA
2015 NA
2016 NA
2016 NA
2016 NA
2016 NA
2016 NA
2016 NA
2016 NA
2016 NA
2016 NA
2016 NA
2016 NA
2016 NA
2016 NA
2016 NA
2016 NA
2016 NA
2016 NA
2016 NA
2016 NA
2016 NA
2016 NA
2016 NA
2016 NA
2016 NA
2016 NA
2016 NA
2016 NA
2016 NA
2016 NA
2016 NA
2016 NA
2016 NA
2016 NA
2016 NA
2016 NA
2016 NA
2016 NA
2016 NA
2016 NA
2016 NA
2016 NA
2016 NA
2016 NA
2016 NA
2016 NA
2016 NA
2016 NA
2016 NA
2016 NA
2016 NA
2016 NA
2016 NA
2016 NA
2016 NA
2016 NA
2016 NA
2016 NA
2016 NA
2016 NA
2016 NA
2016 NA
2016 NA
2016 NA
2016 NA
2016 NA
2016 NA
2016 NA
2016 NA
2016 NA
2016 NA
2016 NA
2016 NA
2016 NA
2016 NA
2016 NA
2016 NA
2016 NA
2016 NA
2016 NA
2016 NA
2016 NA
2016 NA
2016 NA
2016 NA
2016 NA
2016 NA
2016 NA
2016 NA
2016 NA
2016 NA
2016 NA
2016 NA
2016 NA
2016 NA
2016 NA
2016 NA
2016 NA
2016 NA
2016 NA
2016 NA
2016 NA
2016 NA
2016 NA
2016 NA
2016 NA
2016 NA
2016 NA
2016 NA
2016 NA
2016 NA
2016 NA
2016 NA
2016 NA
2016 NA
2016 NA
2016 NA
2016 NA
2016 NA
2016 NA
2016 NA
2016 NA
2016 NA
2016 NA
2016 NA
2016 17.4
2016 17.9
2016 16.8
2016 16.5
2016 NA
2016 13.4
2016 13
2016 8.1
2016 7.7
2016 8.3
2016 6.5
2016 5.8
2016 6.9
2016 7.5
2016 8.1
2016 8
2016 7
2016 5.6
2016 NA
2016 NA
2016 NA
2016 NA
2016 NA
2016 NA
2016 NA
2016 NA
2016 NA
2016 NA
2016 NA
2016 NA
2016 NA
2016 NA
2016 NA
2016 NA
2016 NA
2016 NA
2016 NA
2016 NA
2016 11.5
2016 9.9
2016 11.6
2016 11.5
2016 10.1
2016 12.4
2016 11
2016 12.6
2016 9.8
2016 8.1
2016 7.3
2016 6.3
2016 7.3
2016 7.7
2016 6.7
2016 6.4
2016 5.9
2016 11
2016 6.8
2016 7.6
2016 8.2
2016 7.7
2016 11.1
2016 6.4
2016 14.5
2016 15.2
2016 11.8
2016 10.2
2016 11.6
2016 12
2016 9.5
2016 7.8
2016 8.5
2016 7.7
2016 8.6
2016 22.7
2016 14.3
2016 NA
2016 NA
2016 NA
2016 NA
2016 NA
2016 NA
2016 NA
2016 NA
2016 NA
2016 NA
2016 NA
2016 NA
2016 NA
2016 NA
2016 NA
2016 NA
2016 NA
2016 NA
2016 NA
2016 NA
2016 NA
2016 NA
2016 NA
2016 NA
2016 NA
2016 NA
2016 NA
2016 NA
2016 NA
2016 NA
2016 NA
2016 NA
2016 NA
2016 NA
2016 NA
2016 NA
2016 NA
2016 NA
2016 NA
2016 NA
2016 NA
2016 NA
2016 NA
2016 NA
2016 NA
2016 NA
2016 NA
2016 NA
2016 NA
2016 NA
2016 NA
2016 NA
2016 NA
2016 NA
2016 NA
2016 NA
2016 NA
2016 NA
2016 NA
2016 NA
2016 NA
2016 NA
2016 NA
2016 NA
2016 NA
2016 NA
2016 NA
2016 NA
2016 NA
2016 NA
2016 NA
2016 NA
2016 NA
2016 NA
2016 NA
2016 NA
2016 NA
2016 NA
2016 NA
2016 NA
2016 NA
2016 NA
2016 NA
2016 NA
2016 NA
2016 NA
2016 NA
2016 NA
2016 NA
2016 NA
2016 NA
2016 NA
2016 NA
2016 NA
2016 NA
2016 NA
2016 NA
2016 NA
2016 NA
2016 NA
2016 NA
2016 NA
2016 NA
2016 NA
2016 NA
2016 NA
2016 NA
2016 NA
2016 NA
2016 NA
2016 NA
2016 NA
2016 NA
2016 NA
2016 NA
2016 NA
2016 NA
2016 NA
2016 NA
2016 NA
2016 NA
2016 NA
2016 NA
2016 NA
2016 NA
2016 NA
2016 NA
2016 NA
2016 NA
2016 NA
2016 NA
2016 NA
2016 NA
2016 NA
2016 NA
2016 NA
2016 NA
2016 NA
2016 NA
2016 NA
2016 NA
2016 NA
2016 NA
2016 NA
2016 NA
2016 NA
2016 NA
2016 NA
2016 NA
2016 NA
2016 NA
2016 NA
2016 NA
2016 NA
2016 NA
2016 NA
2016 NA
2016 NA
2016 NA
2016 NA
2016 NA
2016 NA
2016 NA
2016 NA
2016 NA
2016 NA
2016 NA
2017 NA
2017 NA
2017 NA
2017 NA
2017 NA
2017 NA
2017 NA
2017 NA
2017 NA
2017 NA
2017 NA
2017 NA
2017 NA
2017 NA
2017 NA
2017 NA
2017 NA
2017 NA
2017 NA
2017 NA
2017 NA
2017 NA
2017 NA
2017 NA
2017 NA
2017 NA
2017 NA
2017 NA
2017 NA
2017 NA
2017 NA
2017 NA
2017 NA
2017 NA
2017 NA
2017 NA
2017 NA
2017 NA
2017 NA
2017 NA
2017 NA
2017 NA
2017 NA
2017 NA
2017 NA
2017 NA
2017 NA
2017 NA
2017 NA
2017 NA
2017 NA
2017 NA
2017 NA
2017 NA
2017 NA
2017 NA
2017 NA
2017 NA
2017 NA
2017 NA
2017 NA
2017 NA
2017 NA
2017 NA
2017 NA
2017 NA
2017 NA
2017 NA
2017 NA
2017 NA
2017 NA
2017 NA
2017 NA
2017 NA
2017 NA
2017 NA
2017 NA
2017 NA
2017 NA
2017 NA
2017 NA
2017 NA
2017 NA
2017 NA
2017 NA
2017 NA
2017 NA
2017 NA
2017 NA
2017 NA
2017 NA
2017 NA
2017 NA
2017 NA
2017 NA
2017 NA
2017 NA
2017 NA
2017 NA
2017 NA
2017 NA
2017 NA
2017 NA
2017 NA
2017 NA
2017 NA
2017 NA
2017 NA
2017 NA
2017 NA
2017 NA
2017 NA
2017 NA
2017 NA
2017 NA
2017 NA
2017 NA
2017 NA
2017 NA
2017 NA
2017 NA
2017 NA
2017 NA
2017 NA
2017 NA
2017 NA
2017 NA
2017 NA
2017 NA
2017 NA
2017 NA
2017 NA
2017 NA
2017 NA
2017 12.5
2017 12.4
2017 10
2017 9.1
2017 8.6
2017 8.9
2017 9.3
2017 9.6
2017 9.6
2017 10
2017 10
2017 8.6
2017 6.4
2017 4.1
2017 3.1
2017 2.7
2017 NA
2017 NA
2017 NA
2017 NA
2017 NA
2017 NA
2017 5.2
2017 8.6
2017 8.4
2017 6.9
2017 6.4
2017 5.5
2017 7.6
2017 10.7
2017 6.5
2017 4.6
2017 2.9
2017 2.2
2017 2.1
2017 2.7
2017 2.5
2017 2.8
2017 2.8
2017 3.3
2017 4
2017 4
2017 4
2017 3
2017 3.2
2017 3.2
2017 4.3
2017 NA
2017 NA
2017 NA
2017 NA
2017 NA
2017 NA
2017 NA
2017 NA
2017 NA
2017 NA
2017 NA
2017 NA
2017 NA
2017 NA
2017 NA
2017 NA
2017 NA
2017 NA
2017 NA
2017 NA
2017 NA
2017 NA
2017 NA
2017 NA
2017 NA
2017 NA
2017 NA
2017 NA
2017 NA
2017 NA
2017 NA
2017 NA
2017 NA
2017 NA
2017 NA
2017 NA
2017 NA
2017 NA
2017 NA
2017 NA
2017 NA
2017 NA
2017 NA
2017 NA
2017 NA
2017 NA
2017 NA
2017 NA
2017 NA
2017 NA
2017 NA
2017 NA
2017 NA
2017 NA
2017 NA
2017 NA
2017 NA
2017 NA
2017 NA
2017 NA
2017 NA
2017 NA
2017 NA
2017 NA
2017 NA
2017 NA
2017 NA
2017 NA
2017 NA
2017 NA
2017 NA
2017 NA
2017 NA
2017 NA
2017 NA
2017 NA
2017 NA
2017 NA
2017 NA
2017 NA
2017 NA
2017 NA
2017 NA
2017 NA
2017 NA
2017 NA
2017 NA
2017 NA
2017 NA
2017 NA
2017 NA
2017 NA
2017 NA
2017 NA
2017 NA
2017 NA
2017 NA
2017 NA
2017 NA
2017 NA
2017 NA
2017 NA
2017 NA
2017 NA
2017 NA
2017 NA
2017 NA
2017 NA
2017 NA
2017 NA
2017 NA
2017 NA
2017 NA
2017 NA
2017 NA
2017 NA
2017 NA
2017 NA
2017 NA
2017 NA
2017 NA
2017 NA
2017 NA
2017 NA
2017 NA
2017 NA
2017 NA
2017 NA
2017 NA
2017 NA
2017 NA
2017 NA
2017 NA
2017 NA
2017 NA
2017 NA
2017 NA
2017 NA
2017 NA
2017 NA
2017 NA
2017 NA
2017 NA
2017 NA
2017 NA
2017 NA
2017 NA
2017 NA
2017 NA
2017 NA
2017 NA
2017 NA
2017 NA
2017 NA
2017 NA
2017 NA
2017 NA
2017 NA
2017 NA
2017 NA
2017 NA
2017 NA
2017 NA
2017 NA
2017 NA
2017 NA
2017 NA
2017 NA
2017 NA
2017 NA
2017 NA
2017 NA
2017 NA
2017 NA
2017 NA
2017 NA
2017 NA
2017 NA
2017 NA
2017 NA
2017 NA
2017 NA
2017 NA
2017 NA
