2017 NA
2017 NA
2017 NA
2017 NA
2017 NA
2017 NA
2017 NA
2017 NA
2017 NA
2017 NA
2017 NA
2017 NA
2017 NA
2017 NA
2017 NA
2017 NA
2017 NA
2017 NA
2017 NA
2017 NA
2017 NA
2017 NA
2017 NA
2017 NA
2017 NA
2017 NA
2017 NA
2017 NA
2017 NA
2017 NA
2017 NA
2017 NA
2017 NA
2017 NA
2017 NA
2017 NA
2017 NA
2017 NA
2017 NA
2017 NA
2017 NA
2017 NA
2017 NA
2017 NA
2017 NA
2017 NA
2017 NA
2017 NA
2017 NA
2017 NA
2017 NA
2017 NA
2017 NA
2017 NA
2017 NA
2017 NA
2017 NA
2017 NA
2017 NA
2017 NA
2017 NA
2017 NA
2017 NA
2017 NA
2017 NA
2017 NA
2017 NA
2017 NA
2017 NA
2017 NA
2017 NA
2017 NA
2017 NA
2017 NA
2017 NA
2017 NA
2017 NA
2017 NA
2017 NA
2017 NA
2017 NA
2017 NA
2017 NA
2017 NA
2017 -0.00483870967741936
2017 -0.00483870967741936
2017 -0.00483870967741936
2017 -0.00483870967741936
2017 -0.00483870967741936
2017 -0.00483870967741936
2017 -0.00483870967741936
2017 -0.00483870967741936
2017 -0.00483870967741936
2017 -0.00483870967741936
2017 -0.00483870967741936
2017 -0.00483870967741936
2017 -0.00483870967741936
2017 -0.00483870967741936
2017 -0.00483870967741936
2017 -0.00483870967741936
2017 -0.00483870967741936
2017 0.0951612903225807
2017 0.395161290322581
2017 -0.00483870967741936
2017 -0.00483870967741936
2017 -0.00483870967741936
2017 -0.00483870967741936
2017 -0.00483870967741936
2017 -0.00483870967741936
2017 -0.00483870967741936
2017 -0.00483870967741936
2017 -0.00483870967741936
2017 -0.00483870967741936
2017 -0.00483870967741936
2017 -0.00483870967741936
2017 -0.00483870967741936
2017 -0.00483870967741936
2017 0.0951612903225807
2017 0.0951612903225807
2017 -0.00483870967741936
2017 -0.00483870967741936
2017 -0.00483870967741936
2017 -0.00483870967741936
2017 -0.00483870967741936
2017 -0.00483870967741936
2017 -0.00483870967741936
2017 -0.00483870967741936
2017 -0.00483870967741936
2017 -0.00483870967741936
2017 -0.00483870967741936
2017 -0.00483870967741936
2017 -0.00483870967741936
2017 0.0951612903225807
2017 -0.00483870967741936
2017 -0.00483870967741936
2017 -0.00483870967741936
2017 -0.00483870967741936
2017 -0.00483870967741936
2017 -0.00483870967741936
2017 -0.00483870967741936
2017 0.195161290322581
2017 -0.00483870967741936
2017 -0.00483870967741936
2017 -0.00483870967741936
2017 -0.00483870967741936
2017 -0.00483870967741936
2017 -0.00483870967741936
2017 -0.00483870967741936
2017 -0.00483870967741936
2017 -0.00483870967741936
2017 0.0951612903225807
2017 -0.00483870967741936
2017 -0.00483870967741936
2017 0.195161290322581
2017 0.395161290322581
2017 0.695161290322581
2017 NA
2017 NA
2017 NA
2017 45.6951612903226
2017 41.2951612903226
2017 40.7951612903226
2017 45.9951612903226
2017 60.9951612903226
2017 58.2951612903226
2017 53.2951612903226
2017 52.5951612903226
2017 50.8951612903226
2017 46.0951612903226
2017 36.8951612903226
2017 36.0951612903226
2017 35.2951612903226
2017 35.0951612903226
2017 33.8951612903226
2017 32.2951612903226
2017 29.2951612903226
2017 28.5951612903226
2017 29.7951612903226
2017 28.6951612903226
2017 28.9951612903226
2017 28.7951612903226
2017 31.7951612903226
2017 31.0951612903226
2017 31.1951612903226
2017 35.2951612903226
2017 37.1951612903226
2017 36.8951612903226
2017 36.8951612903226
2017 36.1951612903226
2017 33.9951612903226
2017 32.3951612903226
2017 30.9951612903226
2017 29.8951612903226
2017 29.4951612903226
2017 26.6951612903226
2017 23.1951612903226
2017 20.6951612903226
2017 18.5951612903226
2017 15.6951612903226
2017 12.6951612903226
2017 9.59516129032258
2017 5.69516129032258
2017 0.995161290322581
2017 0.0951612903225807
2017 -0.00483870967741936
2017 -0.00483870967741936
2017 -0.00483870967741936
2017 -0.00483870967741936
2017 -0.00483870967741936
2017 -0.00483870967741936
2017 -0.00483870967741936
2017 -0.00483870967741936
2017 -0.00483870967741936
2017 -0.00483870967741936
2017 -0.00483870967741936
2017 -0.00483870967741936
2017 -0.00483870967741936
2017 -0.00483870967741936
2017 -0.00483870967741936
2017 -0.00483870967741936
2017 -0.00483870967741936
2017 -0.00483870967741936
2017 -0.00483870967741936
2017 -0.00483870967741936
2017 -0.00483870967741936
2017 -0.00483870967741936
2017 -0.00483870967741936
2017 -0.00483870967741936
2017 -0.00483870967741936
2017 -0.00483870967741936
2017 -0.00483870967741936
2017 -0.00483870967741936
2017 -0.00483870967741936
2017 -0.00483870967741936
2017 -0.00483870967741936
2017 -0.00483870967741936
2017 -0.00483870967741936
2017 0.495161290322581
2017 -0.00483870967741936
2017 -0.00483870967741936
2017 -0.00483870967741936
2017 -0.00483870967741936
2017 2.09516129032258
2017 2.59516129032258
2017 6.19516129032258
2017 3.59516129032258
2017 1.09516129032258
2017 -0.00483870967741936
2017 -0.00483870967741936
2017 -0.00483870967741936
2017 -0.00483870967741936
2017 -0.00483870967741936
2017 -0.00483870967741936
2017 -0.00483870967741936
2017 -0.00483870967741936
2017 -0.00483870967741936
2017 -0.00483870967741936
2017 -0.00483870967741936
2017 -0.00483870967741936
2017 -0.00483870967741936
2017 -0.00483870967741936
2017 -0.00483870967741936
2017 -0.00483870967741936
2017 -0.00483870967741936
2017 -0.00483870967741936
2017 -0.00483870967741936
2017 -0.00483870967741936
2017 -0.00483870967741936
2017 -0.00483870967741936
2017 -0.00483870967741936
2017 -0.00483870967741936
2017 -0.00483870967741936
2017 -0.00483870967741936
2017 -0.00483870967741936
2017 -0.00483870967741936
2017 -0.00483870967741936
2017 -0.00483870967741936
2017 -0.00483870967741936
2017 -0.00483870967741936
2017 -0.00483870967741936
2017 -0.00483870967741936
2017 -0.00483870967741936
2017 -0.00483870967741936
2017 -0.00483870967741936
2017 -0.00483870967741936
2017 -0.00483870967741936
2017 -0.00483870967741936
2017 -0.00483870967741936
2017 -0.00483870967741936
2017 -0.00483870967741936
2017 -0.00483870967741936
2017 -0.00483870967741936
2017 -0.00483870967741936
2017 -0.00483870967741936
2017 -0.00483870967741936
2017 -0.00483870967741936
2017 -0.00483870967741936
2017 -0.00483870967741936
2017 -0.00483870967741936
2017 -0.00483870967741936
2017 -0.00483870967741936
2017 -0.00483870967741936
2017 -0.00483870967741936
2017 -0.00483870967741936
2017 -0.00483870967741936
2017 -0.00483870967741936
2017 -0.00483870967741936
2017 -0.00483870967741936
2017 -0.00483870967741936
2017 -0.00483870967741936
2017 -0.00483870967741936
2017 -0.00483870967741936
2017 -0.00483870967741936
2017 -0.00483870967741936
2017 -0.00483870967741936
2017 -0.00483870967741936
2017 -0.00483870967741936
2017 -0.00483870967741936
2017 -0.00483870967741936
2017 -0.00483870967741936
2017 -0.00483870967741936
2017 -0.00483870967741936
2017 -0.00483870967741936
2017 -0.00483870967741936
2017 -0.00483870967741936
2017 -0.00483870967741936
2017 -0.00483870967741936
2017 -0.00483870967741936
2017 -0.00483870967741936
2017 -0.00483870967741936
2017 -0.00483870967741936
2017 -0.00483870967741936
2017 -0.00483870967741936
2017 -0.00483870967741936
2017 -0.00483870967741936
2017 -0.00483870967741936
2017 -0.00483870967741936
2017 -0.00483870967741936
2017 -0.00483870967741936
2017 -0.00483870967741936
2017 -0.00483870967741936
2017 -0.00483870967741936
2017 -0.00483870967741936
2017 -0.00483870967741936
2017 0.195161290322581
2017 -0.00483870967741936
2017 -0.00483870967741936
2017 -0.00483870967741936
2017 -0.00483870967741936
2017 -0.00483870967741936
2017 -0.00483870967741936
2017 -0.00483870967741936
2017 0.0951612903225807
2017 -0.00483870967741936
2017 -0.00483870967741936
2017 -0.00483870967741936
2017 -0.00483870967741936
2017 -0.00483870967741936
2017 -0.00483870967741936
2017 -0.00483870967741936
2017 -0.00483870967741936
2017 -0.00483870967741936
2017 -0.00483870967741936
2017 -0.00483870967741936
2017 -0.00483870967741936
2018 -0.396774193548387
2018 -0.396774193548387
2018 -0.396774193548387
2018 -0.496774193548387
2018 -0.496774193548387
2018 -0.396774193548387
2018 -0.396774193548387
2018 -0.296774193548387
2018 -0.396774193548387
2018 -0.396774193548387
2018 -0.396774193548387
2018 -0.396774193548387
2018 -0.496774193548387
2018 -0.396774193548387
2018 -0.396774193548387
2018 -0.396774193548387
2018 -0.496774193548387
2018 -0.496774193548387
2018 -0.196774193548387
2018 -0.496774193548387
2018 -0.496774193548387
2018 -0.496774193548387
2018 -0.496774193548387
2018 -0.396774193548387
2018 -0.496774193548387
2018 -0.396774193548387
2018 -0.496774193548387
2018 -0.496774193548387
2018 -0.496774193548387
2018 -0.396774193548387
2018 -0.296774193548387
2018 -0.496774193548387
2018 -0.296774193548387
2018 -0.496774193548387
2018 -0.496774193548387
2018 -0.496774193548387
2018 -0.496774193548387
2018 -0.496774193548387
2018 -0.496774193548387
2018 -0.496774193548387
2018 0.803225806451613
2018 1.10322580645161
2018 -0.496774193548387
2018 -0.496774193548387
2018 -0.496774193548387
2018 -0.496774193548387
2018 -0.496774193548387
2018 -0.496774193548387
2018 -0.496774193548387
2018 -0.496774193548387
2018 -0.496774193548387
2018 -0.296774193548387
2018 -0.196774193548387
2018 -0.496774193548387
2018 -0.496774193548387
2018 -0.496774193548387
2018 -0.496774193548387
2018 -0.496774193548387
2018 -0.496774193548387
2018 -0.496774193548387
2018 -0.496774193548387
2018 -0.496774193548387
2018 -0.196774193548387
2018 -0.0967741935483871
2018 0.403225806451613
2018 1.50322580645161
2018 19.9032258064516
2018 18.2032258064516
2018 22.0032258064516
2018 23.2032258064516
2018 21.1032258064516
2018 18.7032258064516
2018 18.3032258064516
2018 29.8032258064516
2018 18.9032258064516
2018 16.8032258064516
2018 15.8032258064516
2018 15.3032258064516
2018 14.2032258064516
2018 14.1032258064516
2018 14.1032258064516
2018 14.5032258064516
2018 14.7032258064516
2018 15.8032258064516
2018 14.1032258064516
2018 15.4032258064516
2018 15.0032258064516
2018 14.4032258064516
2018 14.5032258064516
2018 14.6032258064516
2018 20.9032258064516
2018 19.8032258064516
2018 19.1032258064516
2018 19.1032258064516
2018 18.7032258064516
2018 18.1032258064516
2018 17.1032258064516
2018 17.5032258064516
2018 18.5032258064516
2018 20.5032258064516
2018 19.9032258064516
2018 23.0032258064516
2018 30.2032258064516
2018 29.7032258064516
2018 29.2032258064516
2018 29.3032258064516
2018 29.3032258064516
2018 29.6032258064516
2018 29.5032258064516
2018 29.6032258064516
2018 30.2032258064516
2018 29.8032258064516
2018 29.8032258064516
2018 29.8032258064516
2018 28.8032258064516
2018 28.7032258064516
2018 30.8032258064516
2018 59.0032258064516
2018 90.7032258064516
2018 86.5032258064516
2018 82.5032258064516
2018 78.0032258064516
2018 83.0032258064516
2018 84.5032258064516
2018 78.8032258064516
2018 76.3032258064516
2018 74.4032258064516
2018 74.0032258064516
2018 72.4032258064516
2018 70.0032258064516
2018 74.7032258064516
2018 75.2032258064516
2018 74.7032258064516
2018 74.3032258064516
2018 74.0032258064516
2018 74.2032258064516
2018 73.8032258064516
2018 73.5032258064516
2018 73.2032258064516
2018 72.4032258064516
2018 72.7032258064516
2018 72.5032258064516
2018 72.6032258064516
2018 72.2032258064516
2018 72.1032258064516
2018 71.6032258064516
2018 72.2032258064516
2018 72.2032258064516
2018 71.8032258064516
2018 68.4032258064516
2018 69.7032258064516
2018 70.4032258064516
2018 70.6032258064516
2018 70.1032258064516
2018 74.1032258064516
2018 74.8032258064516
2018 75.3032258064516
2018 76.1032258064516
2018 76.7032258064516
2018 82.9032258064516
2018 83.9032258064516
2018 90.9032258064516
2018 89.9032258064516
2018 89.3032258064516
2018 89.1032258064516
2018 86.6032258064516
2018 87.0032258064516
2018 86.4032258064516
2018 84.4032258064516
2018 80.9032258064516
2018 85.0032258064516
2018 84.4032258064516
2018 84.3032258064516
2018 83.7032258064516
2018 83.8032258064516
2018 86.3032258064516
2018 84.3032258064516
2018 84.8032258064516
2018 86.8032258064516
2018 86.6032258064516
2018 85.7032258064516
2018 91.8032258064516
2018 94.5032258064516
2018 97.3032258064516
2018 95.5032258064516
2018 95.3032258064516
2018 97.4032258064516
2018 102.203225806452
2018 106.703225806452
2018 103.203225806452
2018 102.203225806452
2018 104.803225806452
2018 115.103225806452
2018 110.903225806452
2018 107.803225806452
2018 108.903225806452
2018 120.703225806452
2018 119.803225806452
2018 130.903225806452
2018 141.403225806452
2018 140.903225806452
2018 134.903225806452
2018 134.103225806452
2018 131.803225806452
2018 129.003225806452
2018 127.803225806452
2018 127.303225806452
2018 126.503225806452
2018 124.403225806452
2018 121.803225806452
2018 120.703225806452
2018 127.803225806452
2018 134.203225806452
2018 127.603225806452
2018 125.503225806452
2018 126.403225806452
2018 121.903225806452
2018 117.303225806452
2018 113.503225806452
2018 109.803225806452
2018 105.503225806452
2018 103.403225806452
2018 103.203225806452
2018 111.703225806452
2018 122.403225806452
2018 114.103225806452
2018 108.703225806452
2018 102.303225806452
2018 93.8032258064516
2018 85.9032258064516
2018 78.6032258064516
2018 69.4032258064516
2018 59.4032258064516
2018 48.7032258064516
2018 38.2032258064516
2018 29.3032258064516
2018 16.3032258064516
2018 2.10322580645161
2018 0.103225806451613
2018 -0.196774193548387
2018 0.103225806451613
2018 0.403225806451613
2018 0.303225806451613
2018 0.203225806451613
2018 0.203225806451613
2018 0.303225806451613
2018 0.103225806451613
2018 -0.0967741935483871
2018 -0.0967741935483871
2018 -0.196774193548387
2018 0.403225806451613
2018 0.203225806451613
2018 0.103225806451613
2018 -0.0967741935483871
2018 0.303225806451613
2018 0.403225806451613
2018 0.403225806451613
2018 0.203225806451613
2018 0.203225806451613
2018 0.103225806451613
2018 0.303225806451613
2018 0.203225806451613
2018 0.203225806451613
2018 0.303225806451613
2018 0.203225806451613
2018 0.203225806451613
2018 -0.0967741935483871
2018 0.103225806451613
2018 0.203225806451613
2018 0.203225806451613
2018 0.303225806451613
2018 0.103225806451613
2018 0.203225806451613
2018 0.00322580645161291
2018 0.103225806451613
2018 -0.296774193548387
2018 0.00322580645161291
2018 -0.196774193548387
2018 -0.0967741935483871
2018 0.303225806451613
2018 0.00322580645161291
2018 -0.196774193548387
2018 0.00322580645161291
2018 0.00322580645161291
2018 0.303225806451613
2018 0.503225806451613
2018 0.103225806451613
2018 -0.0967741935483871
2018 0.00322580645161291
2018 -0.0967741935483871
2018 0.00322580645161291
2018 -0.196774193548387
2018 0.00322580645161291
2018 0.103225806451613
2018 0.103225806451613
2018 -0.0967741935483871
2018 0.00322580645161291
2018 0.00322580645161291
2018 -0.196774193548387
2018 -0.296774193548387
2018 0.303225806451613
2018 -0.0967741935483871
2018 -0.296774193548387
2018 0.203225806451613
2018 0.403225806451613
2018 0.00322580645161291
2018 -0.0967741935483871
2018 0.203225806451613
2018 0.203225806451613
2018 -0.196774193548387
2018 -0.296774193548387
2018 -0.196774193548387
2018 0.203225806451613
2018 0.303225806451613
2018 0.303225806451613
2018 0.103225806451613
2018 -0.0967741935483871
2018 0.103225806451613
2018 0.00322580645161291
2018 -0.296774193548387
2018 -0.396774193548387
2018 -0.296774193548387
2018 0.203225806451613
2018 0.303225806451613
2018 0.00322580645161291
2018 0.00322580645161291
2018 -0.196774193548387
2018 -0.296774193548387
2018 0.00322580645161291
2018 0.00322580645161291
2018 0.00322580645161291
2018 0.00322580645161291
2018 -0.0967741935483871
2018 -0.196774193548387
2018 -0.196774193548387
2018 -0.0967741935483871
2018 0.00322580645161291
2018 0.00322580645161291
2018 -0.196774193548387
2018 0.203225806451613
2018 -0.0967741935483871
2018 0.103225806451613
2018 0.00322580645161291
2018 0.103225806451613
2018 0.103225806451613
2018 0.303225806451613
2018 0.303225806451613
2018 0.00322580645161291
2018 -0.0967741935483871
2018 0.103225806451613
2018 0.00322580645161291
2018 -0.0967741935483871
2018 -0.196774193548387
2018 -0.0967741935483871
2018 -0.0967741935483871
2018 -0.196774193548387
2018 -0.196774193548387
2018 0.103225806451613
2018 0.303225806451613
2018 0.103225806451613
2018 -0.396774193548387
2018 -0.396774193548387
2018 -0.0967741935483871
2018 0.303225806451613
2018 0.503225806451613
2019 0.741935483870968
2019 0.541935483870968
2019 0.241935483870968
2019 0.0419354838709677
2019 0.0419354838709677
2019 0.441935483870968
2019 0.541935483870968
2019 0.141935483870968
2019 0.241935483870968
2019 0.0419354838709677
2019 -0.0580645161290322
2019 0.0419354838709677
2019 0.141935483870968
2019 0.241935483870968
2019 0.341935483870968
2019 0.541935483870968
2019 0.341935483870968
2019 0.441935483870968
2019 -0.0580645161290322
2019 0.0419354838709677
2019 0.241935483870968
2019 0.441935483870968
2019 0.441935483870968
2019 0.341935483870968
2019 0.0419354838709677
2019 -0.158064516129032
2019 -0.258064516129032
2019 -0.258064516129032
2019 0.0419354838709677
2019 0.341935483870968
2019 0.641935483870968
2019 0.0419354838709677
2019 0.0419354838709677
2019 -0.258064516129032
2019 -0.158064516129032
2019 0.441935483870968
2019 0.341935483870968
2019 0.241935483870968
2019 0.241935483870968
2019 0.141935483870968
2019 0.341935483870968
2019 -0.0580645161290322
2019 -0.0580645161290322
2019 0.0419354838709677
2019 0.341935483870968
2019 0.241935483870968
2019 0.141935483870968
2019 -0.0580645161290322
2019 -0.158064516129032
2019 0.0419354838709677
2019 -0.158064516129032
2019 -0.0580645161290322
2019 -0.158064516129032
2019 -0.0580645161290322
2019 -0.158064516129032
2019 0.441935483870968
2019 0.541935483870968
2019 0.641935483870968
2019 0.641935483870968
2019 2.14193548387097
2019 2.44193548387097
2019 2.54193548387097
2019 1.24193548387097
2019 0.141935483870968
2019 0.0419354838709677
2019 0.641935483870968
2019 0.641935483870968
2019 0.541935483870968
2019 0.441935483870968
2019 0.541935483870968
2019 0.441935483870968
2019 0.641935483870968
2019 0.541935483870968
2019 0.141935483870968
2019 -0.158064516129032
2019 -0.258064516129032
2019 0.241935483870968
2019 0.141935483870968
2019 0.241935483870968
2019 1.14193548387097
2019 8.64193548387097
2019 6.34193548387097
2019 8.74193548387097
2019 9.24193548387097
2019 30.541935483871
2019 28.141935483871
2019 27.641935483871
2019 26.941935483871
2019 25.941935483871
2019 25.341935483871
2019 24.941935483871
2019 24.641935483871
2019 24.541935483871
2019 24.041935483871
2019 23.841935483871
2019 23.341935483871
2019 23.841935483871
2019 23.641935483871
2019 24.541935483871
2019 24.341935483871
2019 24.641935483871
2019 24.641935483871
2019 24.441935483871
2019 24.241935483871
2019 24.741935483871
2019 24.841935483871
2019 24.841935483871
2019 25.041935483871
2019 24.241935483871
2019 25.241935483871
2019 29.141935483871
2019 27.541935483871
2019 27.441935483871
2019 27.541935483871
2019 28.141935483871
2019 28.141935483871
2019 27.641935483871
2019 27.641935483871
2019 27.641935483871
2019 27.841935483871
2019 28.141935483871
2019 28.141935483871
2019 27.541935483871
2019 27.841935483871
2019 27.541935483871
2019 27.541935483871
2019 27.241935483871
2019 26.541935483871
2019 25.541935483871
2019 25.441935483871
2019 25.641935483871
2019 25.641935483871
2019 25.641935483871
2019 25.241935483871
2019 25.041935483871
2019 25.241935483871
2019 24.841935483871
2019 24.341935483871
2019 24.941935483871
2019 27.241935483871
2019 26.741935483871
2019 25.141935483871
2019 25.741935483871
2019 25.741935483871
2019 26.341935483871
2019 25.041935483871
2019 26.541935483871
2019 25.541935483871
2019 27.441935483871
2019 33.141935483871
2019 32.241935483871
2019 32.041935483871
2019 36.741935483871
2019 55.941935483871
2019 94.041935483871
2019 111.541935483871
2019 110.141935483871
2019 105.241935483871
2019 100.041935483871
2019 95.641935483871
2019 92.141935483871
2019 92.041935483871
2019 91.241935483871
2019 91.041935483871
2019 89.141935483871
2019 87.741935483871
2019 86.241935483871
2019 84.541935483871
2019 81.641935483871
2019 80.141935483871
2019 79.841935483871
2019 79.841935483871
2019 78.941935483871
2019 78.041935483871
2019 76.841935483871
2019 74.341935483871
2019 73.041935483871
2019 71.941935483871
2019 70.941935483871
2019 68.641935483871
2019 66.541935483871
2019 66.141935483871
2019 65.541935483871
2019 65.241935483871
2019 64.941935483871
2019 65.441935483871
2019 64.841935483871
2019 70.041935483871
2019 77.141935483871
2019 74.941935483871
2019 72.141935483871
2019 70.441935483871
2019 70.141935483871
2019 69.541935483871
2019 69.441935483871
2019 69.241935483871
2019 67.541935483871
2019 66.641935483871
2019 75.041935483871
2019 76.241935483871
2019 74.841935483871
2019 73.541935483871
2019 70.341935483871
2019 67.341935483871
2019 64.641935483871
2019 62.241935483871
2019 61.641935483871
2019 61.141935483871
2019 58.941935483871
2019 54.641935483871
2019 50.341935483871
2019 47.941935483871
2019 45.141935483871
2019 42.141935483871
2019 43.141935483871
2019 73.941935483871
2019 119.841935483871
2019 100.341935483871
2019 89.941935483871
2019 86.141935483871
2019 82.541935483871
2019 82.541935483871
2019 78.341935483871
2019 74.741935483871
2019 71.541935483871
2019 72.441935483871
2019 73.241935483871
2019 69.241935483871
2019 66.841935483871
2019 64.341935483871
2019 60.841935483871
2019 56.541935483871
2019 51.941935483871
2019 47.941935483871
2019 45.241935483871
2019 40.241935483871
2019 26.541935483871
2019 19.141935483871
2019 13.541935483871
2019 22.241935483871
2019 26.541935483871
2019 21.041935483871
2019 14.141935483871
2019 7.24193548387097
2019 1.54193548387097
2019 0.241935483870968
2019 28.641935483871
2019 42.741935483871
2019 37.941935483871
2019 33.941935483871
2019 27.541935483871
2019 22.041935483871
2019 13.641935483871
2019 25.141935483871
2019 18.641935483871
2019 13.341935483871
2019 9.34193548387097
2019 6.84193548387097
2019 3.14193548387097
2019 0.541935483870968
2019 0.0419354838709677
2019 0.341935483870968
2019 0.141935483870968
2019 -0.0580645161290322
2019 -0.158064516129032
2019 -0.158064516129032
2019 0.0419354838709677
2019 0.0419354838709677
2019 0.341935483870968
2019 0.441935483870968
2019 0.341935483870968
2019 0.141935483870968
2019 -0.158064516129032
2019 -0.158064516129032
2019 -0.158064516129032
2019 -0.0580645161290322
2019 -0.158064516129032
2019 -0.0580645161290322
2019 0.0419354838709677
2019 -0.158064516129032
2019 -0.158064516129032
2019 -0.0580645161290322
2019 -0.158064516129032
2019 -0.158064516129032
2019 0.0419354838709677
2019 -0.258064516129032
2019 -0.258064516129032
2019 -0.158064516129032
2019 -0.158064516129032
2019 -0.258064516129032
2019 0.0419354838709677
2019 -0.0580645161290322
2019 -0.158064516129032
2019 -0.158064516129032
2019 0.0419354838709677
2019 -0.258064516129032
2019 -0.158064516129032
2019 -0.158064516129032
2019 -0.158064516129032
2019 -0.258064516129032
2019 -0.258064516129032
2019 0.0419354838709677
2019 0.141935483870968
2019 -0.0580645161290322
2019 -0.158064516129032
2019 0.141935483870968
2019 -0.0580645161290322
2019 -0.0580645161290322
2019 -0.158064516129032
2019 -0.0580645161290322
2019 -0.0580645161290322
2019 0.241935483870968
2019 0.141935483870968
2019 0.341935483870968
2019 -0.0580645161290322
2019 -0.0580645161290322
2019 -0.0580645161290322
2019 0.241935483870968
2019 -0.158064516129032
2019 -0.0580645161290322
2019 -0.0580645161290322
2019 0.0419354838709677
2019 0.141935483870968
2019 -0.0580645161290322
2019 -0.0580645161290322
2019 -0.0580645161290322
2019 0.0419354838709677
2019 0.0419354838709677
2019 -0.158064516129032
2019 0.0419354838709677
2019 0.441935483870968
2019 -0.158064516129032
2019 0.0419354838709677
2019 -0.0580645161290322
2019 -0.0580645161290322
2019 0.441935483870968
2019 -0.258064516129032
2019 -0.158064516129032
2019 0.141935483870968
2019 0.241935483870968
2019 0.241935483870968
2019 0.141935483870968
2019 0.141935483870968
2019 0.141935483870968
2019 -0.0580645161290322
2019 -0.0580645161290322
2019 -0.0580645161290322
2019 -0.0580645161290322
2019 0.241935483870968
2019 -0.0580645161290322
2019 -0.0580645161290322
2019 0.0419354838709677
2019 0.0419354838709677
2019 0.0419354838709677
2019 0.0419354838709677
2019 -0.0580645161290322
2019 -0.158064516129032
2019 -0.158064516129032
2019 -0.158064516129032
2019 -0.158064516129032
2019 -0.158064516129032
2019 -0.158064516129032
2019 -0.0580645161290322
2019 -0.258064516129032
2019 -0.0580645161290322
2020 -0.0112903225806452
2020 0.388709677419355
2020 -0.0112903225806452
2020 -0.111290322580645
2020 -0.111290322580645
2020 0.488709677419355
2020 0.388709677419355
2020 0.388709677419355
2020 -0.0112903225806452
2020 0.0887096774193548
2020 -0.0112903225806452
2020 -0.111290322580645
2020 -0.111290322580645
2020 -0.0112903225806452
2020 0.188709677419355
2020 -0.111290322580645
2020 -0.111290322580645
2020 0.0887096774193548
2020 0.488709677419355
2020 0.188709677419355
2020 -0.111290322580645
2020 0.188709677419355
2020 0.588709677419355
2020 -0.0112903225806452
2020 0.0887096774193548
2020 -0.111290322580645
2020 0.488709677419355
2020 0.188709677419355
2020 0.188709677419355
2020 -0.0112903225806452
2020 -0.0112903225806452
2020 0.288709677419355
2020 -0.0112903225806452
2020 0.0887096774193548
2020 -0.0112903225806452
2020 0.0887096774193548
2020 0.0887096774193548
2020 0.188709677419355
2020 0.288709677419355
2020 -0.111290322580645
2020 -0.111290322580645
2020 -0.111290322580645
2020 -0.111290322580645
2020 0.0887096774193548
2020 0.588709677419355
2020 0.0887096774193548
2020 0.0887096774193548
2020 0.188709677419355
2020 0.188709677419355
2020 0.288709677419355
2020 0.288709677419355
2020 -0.111290322580645
2020 -0.111290322580645
2020 -0.0112903225806452
2020 -0.111290322580645
2020 -0.111290322580645
2020 -0.111290322580645
2020 -0.0112903225806452
2020 0.488709677419355
2020 0.488709677419355
2020 0.288709677419355
2020 0.388709677419355
2020 0.388709677419355
2020 0.488709677419355
2020 0.0887096774193548
2020 0.388709677419355
2020 4.68870967741935
2020 8.98870967741935
2020 37.0887096774194
2020 39.2887096774194
2020 35.2887096774194
2020 38.0887096774194
2020 52.1887096774194
2020 90.6887096774194
2020 88.2887096774194
2020 111.988709677419
2020 126.288709677419
2020 136.388709677419
2020 128.688709677419
2020 137.788709677419
2020 133.888709677419
2020 126.688709677419
2020 124.488709677419
2020 133.988709677419
2020 131.388709677419
2020 121.188709677419
2020 114.888709677419
2020 111.388709677419
2020 110.288709677419
2020 107.188709677419
2020 104.888709677419
2020 105.288709677419
2020 120.688709677419
2020 119.088709677419
2020 115.888709677419
2020 113.088709677419
2020 109.888709677419
2020 109.788709677419
2020 109.488709677419
2020 109.088709677419
2020 108.288709677419
2020 105.988709677419
2020 109.588709677419
2020 106.588709677419
2020 103.788709677419
2020 103.288709677419
2020 99.7887096774194
2020 93.2887096774194
2020 84.5887096774194
2020 81.4887096774194
2020 82.9887096774194
2020 105.788709677419
2020 118.888709677419
2020 116.588709677419
2020 113.488709677419
2020 110.188709677419
2020 109.188709677419
2020 108.688709677419
2020 108.388709677419
2020 106.788709677419
2020 103.988709677419
2020 102.588709677419
2020 103.588709677419
2020 102.688709677419
2020 102.488709677419
2020 101.288709677419
2020 100.388709677419
2020 99.6887096774194
2020 100.488709677419
2020 99.3887096774194
2020 97.4887096774194
2020 97.6887096774194
2020 97.7887096774194
2020 96.6887096774194
2020 96.5887096774194
2020 96.3887096774194
2020 96.2887096774194
2020 95.9887096774194
2020 95.9887096774194
2020 96.6887096774194
2020 98.4887096774194
2020 98.5887096774194
2020 96.8887096774194
2020 95.6887096774194
2020 95.5887096774194
2020 95.2887096774194
2020 95.3887096774194
2020 95.6887096774194
2020 97.5887096774194
2020 96.9887096774194
2020 96.6887096774194
2020 96.0887096774194
2020 94.8887096774194
2020 94.4887096774194
2020 92.2887096774194
2020 89.9887096774194
2020 88.1887096774194
2020 88.7887096774194
2020 87.3887096774194
2020 86.4887096774194
2020 86.3887096774194
2020 85.6887096774194
2020 85.6887096774194
2020 84.9887096774194
2020 85.1887096774194
2020 83.3887096774194
2020 84.2887096774194
2020 83.3887096774194
2020 82.3887096774194
2020 83.5887096774194
2020 83.1887096774194
2020 83.6887096774194
2020 82.5887096774194
2020 81.3887096774194
2020 79.4887096774194
2020 78.4887096774194
2020 76.4887096774194
2020 75.4887096774194
2020 75.2887096774194
2020 75.2887096774194
2020 74.9887096774194
2020 74.6887096774194
2020 75.6887096774194
2020 86.8887096774194
2020 121.788709677419
2020 122.388709677419
2020 117.188709677419
2020 123.588709677419
2020 118.588709677419
2020 115.388709677419
2020 114.388709677419
2020 113.088709677419
2020 108.188709677419
2020 103.188709677419
2020 99.4887096774194
2020 103.388709677419
2020 107.688709677419
2020 102.388709677419
2020 97.9887096774194
2020 94.7887096774194
2020 91.5887096774194
2020 89.2887096774194
2020 86.6887096774194
2020 84.6887096774194
2020 83.3887096774194
2020 83.2887096774194
2020 83.6887096774194
2020 83.6887096774194
2020 83.4887096774194
2020 80.7887096774194
2020 78.2887096774194
2020 96.2887096774194
2020 102.688709677419
2020 97.6887096774194
2020 93.8887096774194
2020 91.9887096774194
2020 89.5887096774194
2020 85.1887096774194
2020 80.1887096774194
2020 76.9887096774194
2020 72.0887096774194
2020 68.3887096774194
2020 63.8887096774194
2020 58.8887096774194
2020 52.4887096774194
2020 47.9887096774194
2020 45.6887096774194
2020 40.0887096774194
2020 35.9887096774194
2020 32.1887096774194
2020 26.5887096774194
2020 19.6887096774194
2020 10.7887096774194
2020 6.68870967741935
2020 2.28870967741935
2020 -0.111290322580645
2020 -0.111290322580645
2020 -0.111290322580645
2020 -0.111290322580645
2020 -0.111290322580645
2020 -0.0112903225806452
2020 0.188709677419355
2020 -0.0112903225806452
2020 0.0887096774193548
2020 -0.111290322580645
2020 -0.111290322580645
2020 -0.0112903225806452
2020 -0.111290322580645
2020 -0.111290322580645
2020 -0.111290322580645
2020 -0.111290322580645
2020 -0.111290322580645
2020 -0.0112903225806452
2020 0.488709677419355
2020 0.0887096774193548
2020 0.288709677419355
2020 0.188709677419355
2020 0.388709677419355
2020 -0.0112903225806452
2020 0.0887096774193548
2020 -0.0112903225806452
2020 0.0887096774193548
2020 -0.111290322580645
2020 -0.111290322580645
2020 -0.111290322580645
2020 0.0887096774193548
2020 -0.111290322580645
2020 -0.111290322580645
2020 -0.111290322580645
2020 -0.0112903225806452
2020 -0.0112903225806452
2020 -0.0112903225806452
2020 0.0887096774193548
2020 0.0887096774193548
2020 -0.0112903225806452
2020 -0.0112903225806452
2020 -0.0112903225806452
2020 0.288709677419355
2020 0.288709677419355
2020 0.0887096774193548
2020 0.288709677419355
2020 0.288709677419355
2020 0.0887096774193548
2020 0.188709677419355
2020 0.0887096774193548
2020 -0.111290322580645
2020 -0.111290322580645
2020 0.0887096774193548
2020 0.0887096774193548
2020 -0.0112903225806452
2020 0.188709677419355
2020 -0.0112903225806452
2020 0.0887096774193548
2020 -0.111290322580645
2020 -0.111290322580645
2020 -0.111290322580645
2020 -0.111290322580645
2020 -0.0112903225806452
2020 -0.0112903225806452
2020 0.0887096774193548
2020 -0.0112903225806452
2020 -0.0112903225806452
2020 0.0887096774193548
2020 0.188709677419355
2020 -0.0112903225806452
2020 0.0887096774193548
2020 0.188709677419355
2020 -0.0112903225806452
2020 -0.111290322580645
2020 0.0887096774193548
2020 -0.0112903225806452
2020 -0.0112903225806452
2020 -0.0112903225806452
2020 0.0887096774193548
2020 0.388709677419355
2020 -0.0112903225806452
2020 0.0887096774193548
2020 0.288709677419355
2020 0.0887096774193548
2020 -0.0112903225806452
2020 -0.0112903225806452
2020 -0.0112903225806452
2020 -0.111290322580645
2020 -0.0112903225806452
2020 -0.0112903225806452
2020 -0.111290322580645
2020 -0.111290322580645
2020 0.0887096774193548
2020 -0.111290322580645
2020 -0.0112903225806452
2020 -0.0112903225806452
2020 -0.0112903225806452
2020 0.0887096774193548
2020 -0.0112903225806452
2020 -0.111290322580645
2020 -0.111290322580645
2020 -0.0112903225806452
2020 0.388709677419355
2020 0.288709677419355
2020 -0.111290322580645
2020 -0.0112903225806452
2020 -0.111290322580645
2020 -0.111290322580645
2020 -0.111290322580645
2020 -0.0112903225806452
2020 -0.0112903225806452
2020 -0.0112903225806452
2020 -0.0112903225806452
2020 0.0887096774193548
2020 -0.111290322580645
2020 -0.0112903225806452
2020 -0.0112903225806452
2020 -0.0112903225806452
2020 -0.0112903225806452
2020 -0.111290322580645
2020 -0.0112903225806452
2020 -0.0112903225806452
2020 -0.111290322580645
2020 -0.111290322580645
2020 -0.0112903225806452
2020 -0.111290322580645
2020 -0.111290322580645
2020 -0.0112903225806452
2020 -0.0112903225806452
2020 -0.0112903225806452
2020 -0.0112903225806452
2021 -0.00645161290322581
2021 -0.00645161290322581
2021 -0.00645161290322581
2021 -0.00645161290322581
2021 -0.00645161290322581
2021 -0.00645161290322581
2021 0.193548387096774
2021 -0.00645161290322581
2021 -0.00645161290322581
2021 -0.00645161290322581
2021 -0.00645161290322581
2021 -0.00645161290322581
2021 -0.00645161290322581
2021 -0.00645161290322581
2021 -0.00645161290322581
2021 -0.00645161290322581
2021 -0.00645161290322581
2021 -0.00645161290322581
2021 0.0935483870967742
2021 -0.00645161290322581
2021 -0.00645161290322581
2021 0.0935483870967742
2021 0.0935483870967742
2021 0.0935483870967742
2021 0.0935483870967742
2021 0.0935483870967742
2021 -0.00645161290322581
2021 -0.00645161290322581
2021 -0.00645161290322581
2021 -0.00645161290322581
2021 -0.00645161290322581
2021 -0.00645161290322581
2021 -0.00645161290322581
2021 0.0935483870967742
2021 0.0935483870967742
2021 -0.00645161290322581
2021 -0.00645161290322581
2021 -0.00645161290322581
2021 -0.00645161290322581
2021 -0.00645161290322581
2021 7.89354838709677
2021 18.9935483870968
2021 14.2935483870968
2021 10.5935483870968
2021 18.1935483870968
2021 30.5935483870968
2021 25.7935483870968
2021 24.1935483870968
2021 22.4935483870968
2021 21.0935483870968
2021 17.5935483870968
2021 11.7935483870968
2021 2.49354838709677
2021 -0.00645161290322581
2021 -0.00645161290322581
2021 -0.00645161290322581
2021 0.393548387096774
2021 -0.00645161290322581
2021 -0.00645161290322581
2021 -0.00645161290322581
2021 -0.00645161290322581
2021 -0.00645161290322581
2021 -0.00645161290322581
2021 -0.00645161290322581
2021 -0.00645161290322581
2021 -0.00645161290322581
2021 -0.00645161290322581
2021 -0.00645161290322581
2021 -0.00645161290322581
2021 -0.00645161290322581
2021 -0.00645161290322581
2021 -0.00645161290322581
2021 -0.00645161290322581
2021 -0.00645161290322581
2021 -0.00645161290322581
2021 -0.00645161290322581
2021 -0.00645161290322581
2021 -0.00645161290322581
2021 -0.00645161290322581
2021 -0.00645161290322581
2021 5.59354838709677
2021 4.89354838709677
2021 4.39354838709677
2021 3.99354838709677
2021 3.79354838709677
2021 3.59354838709677
2021 3.49354838709677
2021 3.59354838709677
2021 3.79354838709677
2021 3.89354838709677
2021 3.49354838709677
2021 3.49354838709677
2021 11.7935483870968
2021 16.6935483870968
2021 28.3935483870968
2021 82.9935483870968
2021 111.893548387097
2021 112.693548387097
2021 114.893548387097
2021 130.693548387097
2021 135.193548387097
2021 128.893548387097
2021 123.993548387097
2021 119.793548387097
2021 115.593548387097
2021 113.993548387097
2021 111.893548387097
2021 109.793548387097
2021 108.193548387097
2021 106.893548387097
2021 105.493548387097
2021 104.393548387097
2021 102.193548387097
2021 101.493548387097
2021 97.8935483870968
2021 95.9935483870968
2021 95.3935483870968
2021 92.2935483870968
2021 114.893548387097
2021 109.493548387097
2021 104.693548387097
2021 102.893548387097
2021 106.993548387097
2021 131.693548387097
2021 144.893548387097
2021 138.893548387097
2021 136.693548387097
2021 144.393548387097
2021 140.493548387097
2021 134.693548387097
2021 134.793548387097
2021 131.693548387097
2021 129.993548387097
2021 125.993548387097
2021 124.093548387097
2021 122.393548387097
2021 120.293548387097
2021 118.893548387097
2021 118.793548387097
2021 118.193548387097
2021 117.093548387097
2021 116.793548387097
2021 115.793548387097
2021 120.693548387097
2021 154.393548387097
2021 155.293548387097
2021 151.793548387097
2021 148.493548387097
2021 146.393548387097
2021 144.493548387097
2021 142.393548387097
2021 140.493548387097
2021 145.693548387097
2021 143.793548387097
2021 141.893548387097
2021 139.593548387097
2021 136.993548387097
2021 133.293548387097
2021 130.593548387097
2021 142.093548387097
2021 147.193548387097
2021 145.193548387097
2021 155.193548387097
2021 157.493548387097
2021 154.893548387097
2021 153.193548387097
2021 152.093548387097
2021 149.893548387097
2021 149.593548387097
2021 148.593548387097
2021 146.893548387097
2021 145.993548387097
2021 144.493548387097
2021 141.593548387097
2021 141.993548387097
2021 140.293548387097
2021 138.393548387097
2021 134.993548387097
2021 132.993548387097
2021 131.093548387097
2021 129.293548387097
2021 128.693548387097
2021 127.393548387097
2021 126.693548387097
2021 125.893548387097
2021 124.593548387097
2021 122.093548387097
2021 122.393548387097
2021 121.793548387097
2021 121.493548387097
2021 121.493548387097
2021 121.793548387097
2021 120.693548387097
2021 119.193548387097
2021 122.493548387097
2021 123.093548387097
2021 122.593548387097
2021 121.693548387097
2021 121.493548387097
2021 120.593548387097
2021 120.293548387097
2021 119.893548387097
2021 118.193548387097
2021 116.993548387097
2021 116.093548387097
2021 113.493548387097
2021 110.493548387097
2021 108.193548387097
2021 106.893548387097
2021 103.693548387097
2021 98.7935483870968
2021 93.8935483870968
2021 88.9935483870968
2021 84.1935483870968
2021 81.6935483870968
2021 79.1935483870968
2021 76.5935483870968
2021 75.3935483870968
2021 74.3935483870968
2021 73.8935483870968
2021 73.6935483870968
2021 72.1935483870968
2021 82.0935483870968
2021 86.2935483870968
2021 112.493548387097
2021 110.993548387097
2021 123.393548387097
2021 121.693548387097
2021 114.893548387097
2021 110.193548387097
2021 107.393548387097
2021 104.093548387097
2021 102.493548387097
2021 100.693548387097
2021 97.1935483870968
2021 92.7935483870968
2021 87.1935483870968
2021 82.7935483870968
2021 78.7935483870968
2021 74.6935483870968
2021 67.1935483870968
2021 58.5935483870968
2021 52.5935483870968
2021 46.3935483870968
2021 41.3935483870968
2021 38.1935483870968
2021 34.8935483870968
2021 28.8935483870968
2021 22.1935483870968
2021 17.4935483870968
2021 10.6935483870968
2021 1.79354838709677
2021 -0.00645161290322581
2021 -0.00645161290322581
2021 -0.00645161290322581
2021 -0.00645161290322581
2021 -0.00645161290322581
2021 -0.00645161290322581
2021 0.0935483870967742
2021 -0.00645161290322581
2021 -0.00645161290322581
2021 -0.00645161290322581
2021 -0.00645161290322581
2021 0.0935483870967742
2021 -0.00645161290322581
2021 -0.00645161290322581
2021 -0.00645161290322581
2021 -0.00645161290322581
2021 -0.00645161290322581
2021 -0.00645161290322581
2021 -0.00645161290322581
2021 -0.00645161290322581
2021 -0.00645161290322581
2021 -0.00645161290322581
2021 -0.00645161290322581
2021 -0.00645161290322581
2021 -0.00645161290322581
2021 -0.00645161290322581
2021 -0.00645161290322581
2021 -0.00645161290322581
2021 -0.00645161290322581
2021 -0.00645161290322581
2021 -0.00645161290322581
2021 -0.00645161290322581
2021 -0.00645161290322581
2021 -0.00645161290322581
2021 -0.00645161290322581
2021 -0.00645161290322581
2021 -0.00645161290322581
2021 -0.00645161290322581
2021 -0.00645161290322581
2021 -0.00645161290322581
2021 -0.00645161290322581
2021 -0.00645161290322581
2021 -0.00645161290322581
2021 -0.00645161290322581
2021 -0.00645161290322581
2021 -0.00645161290322581
2021 -0.00645161290322581
2021 -0.00645161290322581
2021 -0.00645161290322581
2021 -0.00645161290322581
2021 -0.00645161290322581
2021 -0.00645161290322581
2021 -0.00645161290322581
2021 -0.00645161290322581
2021 -0.00645161290322581
2021 -0.00645161290322581
2021 -0.00645161290322581
2021 -0.00645161290322581
2021 -0.00645161290322581
2021 -0.00645161290322581
2021 -0.00645161290322581
2021 -0.00645161290322581
2021 -0.00645161290322581
2021 -0.00645161290322581
2021 -0.00645161290322581
2021 -0.00645161290322581
2021 -0.00645161290322581
2021 -0.00645161290322581
2021 -0.00645161290322581
2021 -0.00645161290322581
2021 -0.00645161290322581
2021 -0.00645161290322581
2021 -0.00645161290322581
2021 -0.00645161290322581
2021 -0.00645161290322581
2021 -0.00645161290322581
2021 -0.00645161290322581
2021 -0.00645161290322581
2021 -0.00645161290322581
2021 -0.00645161290322581
2021 -0.00645161290322581
2021 -0.00645161290322581
2021 0.0935483870967742
2021 -0.00645161290322581
2021 -0.00645161290322581
2021 -0.00645161290322581
2021 0.0935483870967742
2021 -0.00645161290322581
2021 -0.00645161290322581
2021 -0.00645161290322581
2021 -0.00645161290322581
2021 -0.00645161290322581
2021 -0.00645161290322581
2021 -0.00645161290322581
2021 -0.00645161290322581
2021 -0.00645161290322581
2021 -0.00645161290322581
2021 0.0935483870967742
2021 -0.00645161290322581
2021 -0.00645161290322581
2021 -0.00645161290322581
2021 -0.00645161290322581
2021 -0.00645161290322581
2021 -0.00645161290322581
2021 -0.00645161290322581
2021 0.0935483870967742
2021 -0.00645161290322581
2021 -0.00645161290322581
2021 -0.00645161290322581
2021 -0.00645161290322581
2021 -0.00645161290322581
2021 -0.00645161290322581
2021 -0.00645161290322581
2022 0
2022 0
2022 0
2022 0
2022 0
2022 0
2022 0
2022 0
2022 0
2022 0
2022 0
2022 0
2022 0
2022 0
2022 0
2022 0.1
2022 0
2022 0
2022 0
2022 0
2022 0
2022 0
2022 0
2022 0
2022 0
2022 0
2022 0
2022 0
2022 0
2022 0
2022 0
2022 0
2022 0
2022 0
2022 0
2022 0.1
2022 0
2022 0
2022 0
2022 0
2022 0
2022 0
2022 0
2022 0
2022 0
2022 0
2022 0
2022 0
2022 0
2022 0
2022 0
2022 0
2022 0
2022 0
2022 0
2022 0
2022 0
2022 0
2022 0
2022 0
2022 0
2022 0.8
2022 3.7
2022 12.5
2022 25.5
2022 26.7
2022 25.3
2022 23
2022 22.5
2022 21.9
2022 19.2
2022 14.8
2022 13.4
2022 12.8
2022 17.3
2022 15.8
2022 13.1
2022 10.1
2022 7.3
2022 7.8
2022 7.1
2022 6.8
2022 7
2022 6.8
2022 6.5
2022 7.5
2022 16.3
2022 18.9
2022 41.3
2022 40.8
2022 36.3
2022 32.2
2022 28.8
2022 27.6
2022 27
2022 32.9
2022 33.7
2022 32.1
2022 37.6
2022 44.6
2022 42.6
2022 41.8
2022 40.1
2022 37.8
2022 37.4
2022 38.2
2022 37.3
2022 36.9
2022 36.5
2022 35.4
2022 32.7
2022 33.3
2022 30.1
2022 30.2
2022 32.3
2022 33.6
2022 34.1
2022 34.1
2022 33.9
2022 33.8
2022 34.4
2022 33.3
2022 32.3
2022 31.9
2022 32.7
2022 33.3
2022 46
2022 60.3
2022 55.5
2022 52.8
2022 51.7
2022 50.6
2022 49.6
2022 48.6
2022 47.5
2022 46.2
2022 45.8
2022 45.4
2022 45.6
2022 44.7
2022 44.3
2022 44.9
2022 45
2022 44.9
2022 44.6
2022 44.9
2022 44.9
2022 45.1
2022 44.1
2022 44.4
2022 44.6
2022 44.7
2022 43.8
2022 44.1
2022 43
2022 41.9
2022 42.1
2022 42.2
2022 43.1
2022 43.3
2022 42.9
2022 40.9
2022 40.2
2022 41.7
2022 41.2
2022 41.2
2022 41.7
2022 68.7
2022 78.9
2022 74.7
2022 70.7
2022 68.8
2022 66.8
2022 66.2
2022 64.9
2022 63.5
2022 61.8
2022 60.8
2022 61.3
2022 60.8
2022 60.4
2022 59.7
2022 58.5
2022 59.7
2022 59.6
2022 59.4
2022 59.2
2022 58.7
2022 58.7
2022 57.7
2022 56.6
2022 55.6
2022 55.5
2022 54.9
2022 54.6
2022 54.8
2022 52.1
2022 50.1
2022 45.6
2022 41.6
2022 40.8
2022 38.8
2022 38.4
2022 35.2
2022 31
2022 29.2
2022 27.3
2022 24.3
2022 22.3
2022 18.6
2022 17.5
2022 19.9
2022 29.7
2022 48.7
2022 52
2022 47.9
2022 42.2
2022 34.9
2022 28.9
2022 21.2
2022 15.2
2022 15.4
2022 13.8
2022 7.4
2022 2.3
2022 0
2022 0
2022 0
2022 0
2022 0
2022 0
2022 0
2022 0
2022 0
2022 0
2022 0.7
2022 0
2022 0
2022 0
2022 0
2022 0
2022 0
2022 0
2022 0
2022 0
2022 0
2022 0
2022 0
2022 0
2022 0
2022 0
2022 0
2022 0
2022 0
2022 0
2022 0
2022 0
2022 0
2022 0
2022 0
2022 0
2022 0
2022 0
2022 0
2022 0
2022 0
2022 0
2022 0
2022 0
2022 0
2022 0
2022 0
2022 0
2022 0
2022 0
2022 0
2022 0
2022 0
2022 0
2022 0
2022 0
2022 0
2022 0
2022 0
2022 0
2022 0
2022 0
2022 0
2022 0
2022 0
2022 0
2022 0
2022 0
2022 0
2022 0
2022 0
2022 0
2022 0
2022 0
2022 0
2022 0
2022 0
2022 0
2022 0
2022 0
2022 0
2022 0
2022 0
2022 0
2022 0
2022 0
2022 0
2022 0
2022 0
2022 0
2022 0
2022 0
2022 0
2022 0
2022 0
2022 0
2022 0
2022 0
2022 0
2022 0
2022 0
2022 0
2022 0
2022 0
2022 0
2022 0
2022 0
2022 0
2022 0
2022 0
2022 0
2022 0
2022 0
2022 0
2022 0
2022 0
2022 0
2022 0
2022 0
2022 0
2022 0
2022 0
2022 0
2022 0
2022 0
2022 0
2022 0
2022 0
2022 0
2022 0
2022 0
2022 0
2022 0
2022 0
2022 0
2022 0
2022 0
2022 0
2022 0
2022 0
2023 -0.0032258064516129
2023 -0.0032258064516129
2023 -0.0032258064516129
2023 -0.0032258064516129
2023 -0.0032258064516129
2023 -0.0032258064516129
2023 -0.0032258064516129
2023 -0.0032258064516129
2023 -0.0032258064516129
2023 -0.0032258064516129
2023 -0.0032258064516129
2023 -0.0032258064516129
2023 -0.0032258064516129
2023 -0.0032258064516129
2023 -0.0032258064516129
2023 -0.0032258064516129
2023 -0.0032258064516129
2023 -0.0032258064516129
2023 -0.0032258064516129
2023 -0.0032258064516129
2023 -0.0032258064516129
2023 -0.0032258064516129
2023 -0.0032258064516129
2023 -0.0032258064516129
2023 -0.0032258064516129
2023 -0.0032258064516129
2023 -0.0032258064516129
2023 -0.0032258064516129
2023 -0.0032258064516129
2023 -0.0032258064516129
2023 -0.0032258064516129
2023 -0.0032258064516129
2023 -0.0032258064516129
2023 -0.0032258064516129
2023 -0.0032258064516129
2023 -0.0032258064516129
2023 -0.0032258064516129
2023 -0.0032258064516129
2023 -0.0032258064516129
2023 -0.0032258064516129
2023 -0.0032258064516129
2023 -0.0032258064516129
2023 -0.0032258064516129
2023 -0.0032258064516129
2023 -0.0032258064516129
2023 -0.0032258064516129
2023 -0.0032258064516129
2023 -0.0032258064516129
2023 -0.0032258064516129
2023 -0.0032258064516129
2023 -0.0032258064516129
2023 -0.0032258064516129
2023 -0.0032258064516129
2023 -0.0032258064516129
2023 -0.0032258064516129
2023 -0.0032258064516129
2023 -0.0032258064516129
2023 -0.0032258064516129
2023 -0.0032258064516129
2023 -0.0032258064516129
2023 -0.0032258064516129
2023 -0.0032258064516129
2023 -0.0032258064516129
2023 -0.0032258064516129
2023 1.89677419354839
2023 2.09677419354839
2023 0.996774193548387
2023 0.0967741935483871
2023 0.196774193548387
2023 -0.0032258064516129
2023 -0.0032258064516129
2023 -0.0032258064516129
2023 -0.0032258064516129
2023 -0.0032258064516129
2023 1.59677419354839
2023 0.0967741935483871
2023 -0.0032258064516129
2023 -0.0032258064516129
2023 -0.0032258064516129
2023 -0.0032258064516129
2023 -0.0032258064516129
2023 -0.0032258064516129
2023 17.3967741935484
2023 25.8967741935484
2023 23.7967741935484
2023 22.4967741935484
2023 21.8967741935484
2023 20.4967741935484
2023 20.8967741935484
2023 22.9967741935484
2023 24.8967741935484
2023 21.6967741935484
2023 25.0967741935484
2023 27.3967741935484
2023 34.0967741935484
2023 48.8967741935484
2023 49.3967741935484
2023 46.9967741935484
2023 42.9967741935484
2023 56.4967741935484
2023 61.3967741935484
2023 61.3967741935484
2023 58.9967741935484
2023 57.7967741935484
2023 56.0967741935484
2023 57.8967741935484
2023 72.9967741935484
2023 65.2967741935484
2023 62.3967741935484
2023 62.0967741935484
2023 59.4967741935484
2023 59.2967741935484
2023 58.3967741935484
2023 56.5967741935484
2023 54.4967741935484
2023 52.2967741935484
2023 54.0967741935484
2023 51.7967741935484
2023 50.9967741935484
2023 50.5967741935484
2023 49.8967741935484
2023 48.0967741935484
2023 46.8967741935484
2023 41.7967741935484
2023 37.7967741935484
2023 36.8967741935484
2023 36.8967741935484
2023 36.4967741935484
2023 36.5967741935484
2023 38.3967741935484
2023 54.5967741935484
2023 57.2967741935484
2023 55.8967741935484
2023 55.1967741935484
2023 54.2967741935484
2023 53.9967741935484
2023 54.0967741935484
2023 56.8967741935484
2023 60.8967741935484
2023 63.4967741935484
2023 61.8967741935484
2023 64.1967741935484
2023 64.5967741935484
2023 62.8967741935484
2023 63.2967741935484
2023 64.3967741935484
2023 64.6967741935484
2023 63.8967741935484
2023 61.2967741935484
2023 61.9967741935484
2023 61.5967741935484
2023 61.0967741935484
2023 60.3967741935484
2023 60.2967741935484
2023 59.9967741935484
2023 59.4967741935484
2023 59.4967741935484
2023 58.6967741935484
2023 58.7967741935484
2023 55.7967741935484
2023 58.1967741935484
2023 58.2967741935484
2023 58.4967741935484
2023 57.6967741935484
2023 57.9967741935484
2023 56.5967741935484
2023 55.7967741935484
2023 53.6967741935484
2023 52.2967741935484
2023 52.1967741935484
2023 51.0967741935484
2023 50.3967741935484
2023 50.5967741935484
2023 49.7967741935484
2023 48.3967741935484
2023 48.5967741935484
2023 47.6967741935484
2023 46.0967741935484
2023 44.4967741935484
2023 46.6967741935484
2023 46.4967741935484
2023 46.2967741935484
2023 46.7967741935484
2023 46.0967741935484
2023 44.6967741935484
2023 43.9967741935484
2023 45.8967741935484
2023 45.8967741935484
2023 45.8967741935484
2023 44.8967741935484
2023 42.3967741935484
2023 40.1967741935484
2023 38.2967741935484
2023 37.2967741935484
2023 36.7967741935484
2023 37.7967741935484
2023 37.0967741935484
2023 36.6967741935484
2023 35.0967741935484
2023 33.3967741935484
2023 31.8967741935484
2023 30.0967741935484
2023 26.6967741935484
2023 22.1967741935484
2023 16.8967741935484
2023 13.8967741935484
2023 12.9967741935484
2023 13.2967741935484
2023 11.8967741935484
2023 9.79677419354839
2023 7.59677419354839
2023 5.49677419354839
2023 6.39677419354839
2023 4.89677419354839
2023 2.39677419354839
2023 0.896774193548387
2023 -0.0032258064516129
2023 -0.0032258064516129
2023 -0.0032258064516129
2023 -0.0032258064516129
2023 -0.0032258064516129
2023 -0.0032258064516129
2023 -0.0032258064516129
2023 -0.0032258064516129
2023 18.0967741935484
2023 31.9967741935484
2023 24.3967741935484
2023 18.7967741935484
2023 12.9967741935484
2023 8.69677419354839
2023 5.69677419354839
2023 6.59677419354839
2023 13.8967741935484
2023 7.89677419354839
2023 1.49677419354839
2023 -0.0032258064516129
2023 -0.0032258064516129
2023 -0.0032258064516129
2023 -0.0032258064516129
2023 -0.0032258064516129
2023 -0.0032258064516129
2023 -0.0032258064516129
2023 -0.0032258064516129
2023 -0.0032258064516129
2023 -0.0032258064516129
2023 -0.0032258064516129
2023 -0.0032258064516129
2023 -0.0032258064516129
2023 -0.0032258064516129
2023 -0.0032258064516129
2023 -0.0032258064516129
2023 -0.0032258064516129
2023 0.996774193548387
2023 -0.0032258064516129
2023 -0.0032258064516129
2023 -0.0032258064516129
2023 -0.0032258064516129
2023 -0.0032258064516129
2023 -0.0032258064516129
2023 -0.0032258064516129
2023 -0.0032258064516129
2023 -0.0032258064516129
2023 -0.0032258064516129
2023 -0.0032258064516129
2023 -0.0032258064516129
2023 -0.0032258064516129
2023 -0.0032258064516129
2023 -0.0032258064516129
2023 -0.0032258064516129
2023 -0.0032258064516129
2023 -0.0032258064516129
2023 -0.0032258064516129
2023 -0.0032258064516129
2023 -0.0032258064516129
2023 -0.0032258064516129
2023 -0.0032258064516129
2023 -0.0032258064516129
2023 -0.0032258064516129
2023 -0.0032258064516129
2023 -0.0032258064516129
2023 -0.0032258064516129
2023 -0.0032258064516129
2023 -0.0032258064516129
2023 -0.0032258064516129
2023 -0.0032258064516129
2023 -0.0032258064516129
2023 0.0967741935483871
2023 -0.0032258064516129
2023 -0.0032258064516129
2023 -0.0032258064516129
2023 -0.0032258064516129
2023 -0.0032258064516129
2023 -0.0032258064516129
2023 -0.0032258064516129
2023 -0.0032258064516129
2023 -0.0032258064516129
2023 -0.0032258064516129
2023 -0.0032258064516129
2023 -0.0032258064516129
2023 -0.0032258064516129
2023 -0.0032258064516129
2023 -0.0032258064516129
2023 -0.0032258064516129
2023 -0.0032258064516129
2023 -0.0032258064516129
2023 -0.0032258064516129
2023 -0.0032258064516129
2023 -0.0032258064516129
2023 -0.0032258064516129
2023 -0.0032258064516129
2023 -0.0032258064516129
2023 -0.0032258064516129
2023 -0.0032258064516129
2023 -0.0032258064516129
2023 -0.0032258064516129
2023 -0.0032258064516129
2023 -0.0032258064516129
2023 -0.0032258064516129
2023 -0.0032258064516129
2023 -0.0032258064516129
2023 0.0967741935483871
2023 -0.0032258064516129
2023 -0.0032258064516129
2023 -0.0032258064516129
2023 -0.0032258064516129
2023 -0.0032258064516129
2023 0.0967741935483871
2023 -0.0032258064516129
2023 -0.0032258064516129
2023 -0.0032258064516129
2023 -0.0032258064516129
2023 -0.0032258064516129
2023 -0.0032258064516129
2023 -0.0032258064516129
2023 -0.0032258064516129
2023 -0.0032258064516129
2023 -0.0032258064516129
2023 -0.0032258064516129
2023 -0.0032258064516129
2023 -0.0032258064516129
2023 -0.0032258064516129
2023 -0.0032258064516129
2023 -0.0032258064516129
2023 -0.0032258064516129
2023 -0.0032258064516129
2023 -0.0032258064516129
2023 -0.0032258064516129
2023 -0.0032258064516129
2023 -0.0032258064516129
2023 -0.0032258064516129
2023 -0.0032258064516129
2023 -0.0032258064516129
2023 -0.0032258064516129
2023 -0.0032258064516129
2023 -0.0032258064516129
2023 -0.0032258064516129
2023 -0.0032258064516129
2023 -0.0032258064516129
2023 -0.0032258064516129
2023 -0.0032258064516129
2023 -0.0032258064516129
2023 -0.0032258064516129
2023 -0.0032258064516129
2023 -0.0032258064516129
2023 -0.0032258064516129
2024 0
2024 0
2024 0
2024 0
2024 0
2024 0
2024 0
2024 0
2024 0
2024 0
2024 0
2024 0
2024 0
2024 0
2024 0
2024 0
2024 0
2024 0
2024 0
2024 0
2024 0
2024 0
2024 0
2024 0
2024 0
2024 0
2024 0
2024 0
2024 0
2024 0
2024 0
2024 0
2024 0
2024 0
2024 0
2024 0
2024 0
2024 0
2024 0
2024 0
2024 0
2024 0
2024 0
2024 0
2024 0
2024 0
2024 0
2024 0
2024 0
2024 0
2024 0
2024 0
2024 0
2024 0
2024 0
2024 0
2024 0
2024 0
2024 0
2024 0
2024 0
2024 0
2024 0
2024 11.9
2024 18.1
2024 40.2
2024 33.4
2024 30.5
2024 28.7
2024 29
2024 35
2024 32.9
2024 32.9
2024 31
2024 22.5
2024 15.9
2024 14.5
2024 14.4
2024 14.5
2024 13.8
2024 11.7
2024 12.8
2024 13.8
2024 13.1
2024 12.8
2024 14
2024 13.6
2024 13
2024 13.3
2024 12.9
2024 19.4
2024 8.8
2024 3.2
2024 5.4
2024 5.6
2024 6
2024 6.8
2024 6.2
2024 6.9
2024 5.9
2024 6.8
2024 6.3
2024 6.3
2024 6.1
2024 9.7
2024 9.5
2024 9.6
2024 8.1
2024 7
2024 6.7
2024 7.6
2024 7.1
2024 8.2
2024 8.2
2024 7.1
2024 6.4
2024 6.4
2024 5.9
2024 6.6
2024 7.1
2024 6.5
2024 8.7
2024 23.3
2024 22.4
2024 21.5
2024 20.2
2024 25.4
2024 57.2
2024 78.1
2024 76.4
2024 71
2024 68
2024 66.3
2024 64.6
2024 62.1
2024 60.4
2024 59.8
2024 59
2024 58.7
2024 62.1
2024 66.7
2024 65.9
2024 64
2024 63.8
2024 63
2024 61.6
2024 60.1
2024 58.9
2024 58.3
2024 56.8
2024 56
2024 56.5
2024 57.1
2024 56.9
2024 56.4
2024 54.5
2024 53.2
2024 52.2
2024 52.7
2024 53.5
2024 53.1
2024 55.7
2024 68.4
2024 77.5
2024 76.6
2024 75.6
2024 73
2024 71.7
2024 69.9
2024 68
2024 64.6
2024 63
2024 61.5
2024 60.9
2024 62
2024 86
2024 104.6
2024 110.2
2024 111.2
2024 148.6
2024 159.1
2024 146.2
2024 132.7
2024 124
2024 121.6
2024 120.1
2024 117
2024 123.6
2024 119.1
2024 118.6
2024 119.2
2024 130.5
2024 137
2024 131.2
2024 125.9
2024 122.3
2024 119
2024 115.4
2024 111.4
2024 111.2
2024 109.5
2024 106
2024 102.9
2024 99.7
2024 96.6
2024 95.5
2024 94.6
2024 93.2
2024 104.6
2024 116.6
2024 113.4
2024 101.8
2024 96.4
2024 89
2024 86.9
2024 86.4
2024 82.3
2024 76.7
2024 70
2024 62.8
2024 53.5
2024 44.6
2024 42.3
2024 39.1
2024 28.6
2024 20
2024 9.7
2024 0.5
2024 0
2024 0
2024 0
2024 0
2024 0
2024 0
2024 16.9
2024 48.3
2024 44.3
2024 37.2
2024 32.3
2024 27.9
2024 17
2024 6.2
2024 0.7
2024 0
2024 0
2024 0
2024 0
2024 0
2024 0
2024 0
2024 0
2024 0
2024 0
2024 0
2024 0
2024 0
2024 0
2024 0
2024 0
2024 0
2024 0
2024 0
2024 0
2024 0
2024 0
2024 0
2024 0
2024 0
2024 0
2024 0
2024 0
2024 0
2024 0
2024 0
2024 0
2024 0
2024 0
2024 0
2024 0
2024 0
2024 NA
2024 NA
2024 NA
2024 NA
2024 NA
2024 NA
2024 NA
2024 NA
2024 NA
2024 NA
2024 NA
2024 NA
2024 NA
2024 NA
2024 NA
2024 NA
2024 NA
2024 NA
2024 NA
2024 NA
2024 NA
2024 NA
2024 NA
2024 NA
2024 NA
2024 NA
2024 NA
2024 NA
2024 NA
2024 NA
2024 NA
2024 NA
2024 NA
2024 NA
2024 NA
2024 NA
2024 NA
2024 NA
2024 NA
2024 NA
2024 NA
2024 NA
2024 NA
2024 NA
2024 NA
2024 NA
2024 NA
2024 NA
2024 NA
2024 NA
2024 NA
2024 NA
2024 NA
2024 NA
2024 NA
2024 NA
2024 NA
2024 NA
2024 NA
2024 NA
2024 NA
2024 NA
2024 NA
2024 NA
2024 NA
2024 NA
2024 NA
2024 NA
2024 NA
2024 NA
2024 NA
2024 NA
2024 NA
2024 NA
2024 NA
2024 NA
2024 NA
2024 NA
2024 NA
2024 NA
2024 NA
2024 NA
2024 NA
2024 NA
2024 NA
2024 NA
