1989 0
1989 0
1989 0
1989 0
1989 0
1989 0
1989 0
1989 0
1989 0
1989 0
1989 0
1989 0
1989 0
1989 0
1989 0
1989 0
1989 0
1989 0
1989 0
1989 0
1989 0
1989 0
1989 0
1989 0
1989 0
1989 0
1989 0
1989 0
1989 0
1989 0
1989 0
1989 0
1989 0
1989 0
1989 0
1989 0
1989 0
1989 0
1989 0
1989 0
1989 0
1989 0
1989 0
1989 0
1989 0
1989 0
1989 0
1989 0
1989 0
1989 0
1989 0
1989 0
1989 0
1989 0
1989 0
1989 0
1989 0
1989 0
1989 0
1989 0
1989 0
1989 0
1989 0
1989 0
1989 0
1989 0
1989 0
1989 0
1989 0
1989 0
1989 0
1989 0
1989 0
1989 0
1989 0
1989 0
1989 0
1989 0
1989 0
1989 0
1989 8
1989 5
1989 4
1989 0
1989 0
1989 0
1989 0
1989 0
1989 0
1989 0
1989 0
1989 0
1989 0
1989 0
1989 0
1989 15
1989 10
1989 10
1989 9
1989 8
1989 5
1989 5
1989 5
1989 5
1989 5
1989 5
1989 5
1989 5
1989 5
1989 5
1989 8
1989 7
1989 7
1989 5
1989 0
1989 0
1989 0
1989 0
1989 0
1989 0
1989 0
1989 0
1989 0
1989 0
1989 0
1989 0
1989 0
1989 0
1989 0
1989 0
1989 0
1989 0
1989 0
1989 0
1989 0
1989 0
1989 0
1989 0
1989 0
1989 0
1989 0
1989 0
1989 0
1989 0
1989 0
1989 0
1989 0
1989 0
1989 0
1989 0
1989 0
1989 0
1989 0
1989 0
1989 0
1989 0
1989 0
1989 0
1989 0
1989 0
1989 0
1989 0
1989 0
1989 0
1989 0
1989 0
1989 0
1989 0
1989 0
1989 0
1989 0
1989 0
1989 0
1989 0
1989 0
1989 0
1989 5
1989 35
1989 33
1989 30
1989 30
1989 28
1989 25
1989 30
1989 28
1989 27
1989 27
1989 25
1989 28
1989 25
1989 25
1989 20
1989 20
1989 18
1989 18
1989 15
1989 10
1989 8
1989 8
1989 5
1989 5
1989 0
1989 0
1989 0
1989 0
1989 0
1989 0
1989 0
1989 0
1989 0
1989 0
1989 0
1989 0
1989 0
1989 0
1989 0
1989 0
1989 0
1989 0
1989 0
1989 0
1989 0
1989 0
1989 0
1989 0
1989 0
1989 0
1989 0
1989 0
1989 0
1989 0
1989 0
1989 0
1989 0
1989 0
1989 0
1989 0
1989 0
1989 0
1989 20
1989 15
1989 15
1989 10
1989 0
1989 0
1989 0
1989 0
1989 0
1989 0
1989 0
1989 0
1989 0
1989 0
1989 0
1989 0
1989 0
1989 0
1989 0
1989 0
1989 0
1989 0
1989 0
1989 0
1989 0
1989 0
1989 0
1989 0
1989 0
1989 0
1989 0
1989 0
1989 0
1989 0
1989 0
1989 0
1989 0
1989 0
1989 0
1989 0
1989 0
1989 0
1989 0
1989 0
1989 0
1989 0
1989 0
1989 0
1989 0
1989 0
1989 0
1989 0
1989 0
1989 0
1989 0
1989 0
1989 0
1989 0
1989 0
1989 0
1989 0
1989 0
1989 0
1989 0
1989 0
1989 0
1989 0
1989 0
1989 0
1989 0
1989 0
1989 0
1989 0
1989 0
1989 0
1989 0
1989 0
1989 0
1989 0
1989 0
1989 0
1989 0
1989 0
1989 0
1989 0
1989 0
1989 0
1989 0
1989 0
1989 0
1989 0
1989 0
1989 0
1989 0
1989 0
1989 0
1989 0
1989 0
1989 0
1989 0
1989 0
1989 0
1989 0
1989 0
1989 0
1989 0
1989 0
1989 0
1989 0
1989 0
1989 0
1989 0
1989 0
1989 0
1989 0
1989 0
1989 0
1989 0
1989 0
1989 0
1989 0
1989 0
1989 0
1989 0
1989 0
1989 0
