2011 0
2011 0
2011 0
2011 0
2011 0
2011 0
2011 0
2011 0
2011 0
2011 0
2011 0
2011 0
2011 0
2011 0
2011 0
2011 0
2011 0
2011 0
2011 0
2011 0
2011 0
2011 0
2011 0
2011 0
2011 0
2011 0
2011 0
2011 0
2011 0
2011 0
2011 0
2011 0
2011 0
2011 0
2011 0
2011 0
2011 0
2011 0
2011 0
2011 0
2011 0
2011 0
2011 0
2011 0
2011 0
2011 0
2011 0
2011 0
2011 0
2011 0
2011 0
2011 0
2011 0
2011 0
2011 0
2011 0
2011 0
2011 0
2011 0
2011 0
2011 16
2011 29
2011 26
2011 24.5
2011 23
2011 22
2011 22
2011 24
2011 25.75
2011 27.5
2011 29.25
2011 31
2011 52
2011 47
2011 46
2011 50
2011 80
2011 72
2011 70
2011 68
2011 67
2011 70
2011 69
2011 67
2011 64
2011 63
2011 62
2011 62
2011 61
2011 60
2011 61
2011 66
2011 66
2011 65
2011 65
2011 66
2011 70
2011 74
2011 73
2011 68
2011 56
2011 56
2011 57
2011 57
2011 57
2011 56
2011 57
2011 80
2011 76
2011 73
2011 72
2011 71
2011 71
2011 75
2011 96
2011 100
2011 95
2011 92
2011 88
2011 87
2011 86
2011 85
2011 85
2011 84
2011 84
2011 83
2011 83
2011 83
2011 83
2011 82
2011 82
2011 83
2011 85
2011 82
2011 74
2011 73
2011 74
2011 72
2011 73
2011 74
2011 74
2011 73
2011 73
2011 73
2011 73
2011 73
2011 73
2011 73
2011 73
2011 73
2011 73
2011 73
2011 73
2011 73
2011 73
2011 73
2011 74
2011 73
2011 72
2011 72.5
2011 73
2011 73
2011 72
2011 73
2011 73
2011 73
2011 73
2011 74
2011 75
2011 75
2011 75
2011 74
2011 81
2011 79
2011 79
2011 78
2011 80
2011 77
2011 77
2011 77
2011 85
2011 87
2011 90
2011 89
2011 94
2011 93
2011 92
2011 92
2011 91
2011 91
2011 91
2011 91
2011 91
2011 91
2011 89
2011 94
2011 116
2011 116
2011 112
2011 110
2011 108
2011 107
2011 106
2011 103
2011 102
2011 102
2011 102
2011 102
2011 102
2011 101
2011 108
2011 109
2011 102
2011 100
2011 98
2011 99
2011 98
2011 96
2011 93
2011 89
2011 85
2011 82
2011 78
2011 75
2011 74
2011 85
2011 82
2011 76
2011 75
2011 75
2011 74
2011 72
2011 72
2011 70
2011 71
2011 68
2011 67
2011 67
2011 67
2011 67
2011 67
2011 67
2011 65
2011 65
2011 65
2011 64
2011 63
2011 61
2011 56
2011 52
2011 47
2011 42
2011 40
2011 38
2011 31
2011 28
2011 29
2011 26
2011 23
2011 19
2011 14
2011 13
2011 9
2011 0
2011 0
2011 0
2011 0
2011 0
2011 0
2011 0
2011 0
2011 0
2011 0
2011 17
2011 0
2011 0
2011 0
2011 0
2011 0
2011 0
2011 0
2011 0
2011 0
2011 0
2011 0
2011 0
2011 0
2011 0
2011 0
2011 0
2011 0
2011 0
2011 0
2011 0
2011 0
2011 0
2011 0
2011 0
2011 0
2011 0
2011 0
2011 0
2011 0
2011 0
2011 0
2011 0
2011 0
2011 0
2011 0
2011 0
2011 0
2011 0
2011 0
2011 0
2011 0
2011 0
2011 0
2011 0
2011 0
2011 0
2011 0
2011 0
2011 0
2011 0
2011 0
2011 0
2011 0
2011 0
2011 0
2011 0
2011 0
2011 0
2011 0
2011 0
2011 0
2011 0
2011 0
2011 0
2011 0
2011 0
2011 0
2011 0
2011 0
2011 0
2011 0
2011 0
2011 0
2011 0
2011 0
2011 0
2011 0
2011 0
2011 0
2011 0
2011 0
2011 0
2011 0
2011 0
2011 0
2011 0
2011 0
2011 0
2011 0
2011 0
2011 0
2013 0
2013 0
2013 0
2013 0
2013 0
2013 0
2013 0
2013 0
2013 0
2013 0
2013 0
2013 0
2013 0
2013 0
2013 0
2013 0
2013 0
2013 0
2013 0
2013 0
2013 0
2013 0
2013 0
2013 0
2013 0
2013 0
2013 0
2013 0
2013 0
2013 0
2013 0
2013 0
2013 0
2013 0
2013 0
2013 0
2013 0
2013 0
2013 0
2013 0
2013 0
2013 0
2013 0
2013 0
2013 26
2013 18
2013 15
2013 11
2013 8
2013 7
2013 0
2013 0
2013 0
2013 0
2013 0
2013 0
2013 0
2013 44
2013 32
2013 27
2013 26
2013 24
2013 35
2013 32
2013 31
2013 37
2013 39
2013 37
2013 37
2013 35
2013 34
2013 55
2013 50
2013 49
2013 47
2013 46
2013 46
2013 45
2013 45
2013 44
2013 44
2013 44
2013 44
2013 44
2013 43
2013 44
2013 44
2013 56
2013 78
2013 87
2013 81
2013 76
2013 62
2013 69
2013 93
2013 104
2013 96
2013 106
2013 103
2013 96
2013 91
2013 87
2013 87
2013 85
2013 84
2013 92
2013 104
2013 107
2013 114
2013 107
2013 104
2013 106
2013 110
2013 120
2013 117
2013 115
2013 113
2013 133
2013 116
2013 113
2013 111
2013 110
2013 109
2013 107
2013 108
2013 106
2013 102
2013 99
2013 95
2013 94
2013 93
2013 94
2013 93
2013 93
2013 93
2013 93
2013 95
2013 103
2013 102
2013 100
2013 100
2013 100
2013 105
2013 108
2013 106
2013 104
2013 104
2013 104
2013 104
2013 114
2013 113
2013 112
2013 110
2013 155
2013 184
2013 176
2013 172
2013 165
2013 170
2013 169
2013 165
2013 163
2013 163
2013 169
2013 167
2013 165
2013 163
2013 167
2013 163
2013 163
2013 161
2013 162
2013 159
2013 160
2013 159
2013 155
2013 164
2013 169
2013 169
2013 169
2013 168
2013 167
2013 167
2013 166
2013 165
2013 164
2013 161
2013 161
2013 161
2013 163
2013 163
2013 161
2013 160
2013 160
2013 165
2013 163
2013 163
2013 162
2013 168
2013 164
2013 163
2013 161
2013 159
2013 160
2013 159
2013 159
2013 162
2013 159
2013 160
2013 163
2013 168
2013 165
2013 165
2013 163
2013 162
2013 164
2013 162
2013 163
2013 163
2013 170
2013 179
2013 174
2013 174
2013 179
2013 177
2013 172
2013 166
2013 164
2013 159
2013 154
2013 161
2013 188
2013 179
2013 175
2013 168
2013 165
2013 160
2013 157
2013 173
2013 179
2013 177
2013 168
2013 169
2013 164
2013 167
2013 162
2013 165
2013 166
2013 164
2013 163
2013 157
2013 158
2013 160
2013 158
2013 157
2013 155
2013 157
2013 174
2013 193
2013 186
2013 206
2013 211
2013 217
2013 206
2013 205
2013 203
2013 204
2013 201
2013 197
2013 193
2013 221
2013 210
2013 207
2013 197
2013 193
2013 189
2013 185
2013 183
2013 181
2013 175
2013 173
2013 176
2013 174
2013 172
2013 168
2013 163
2013 158
2013 153
2013 148
2013 140
2013 126
2013 118
2013 110
2013 104
2013 101
2013 99
2013 94
2013 94
2013 91
2013 93
2013 92
2013 95
2013 90
2013 85
2013 80
2013 77
2013 74
2013 68
2013 60
2013 53
2013 46
2013 34
2013 27
2013 16
2013 0
2013 0
2013 0
2013 0
2013 0
2013 0
2013 0
2013 0
2013 0
2013 0
2013 0
2013 0
2013 0
2013 0
2013 0
2013 0
2013 0
2013 0
2013 0
2013 0
2013 0
2013 0
2013 0
2013 0
2013 0
2013 0
2013 0
2013 0
2013 0
2013 0
2013 0
2013 0
2013 0
2013 0
2013 0
2013 0
2013 0
2013 0
2013 0
2013 0
2013 0
2013 0
2013 0
2013 0
2013 0
2013 0
2013 0
2013 0
2013 0
2013 0
2013 0
2014 0
2014 0
2014 0
2014 0
2014 0
2014 0
2014 0
2014 0
2014 0
2014 0
2014 0
2014 0
2014 0
2014 0
2014 0
2014 0
2014 0
2014 0
2014 0
2014 0
2014 0
2014 0
2014 0
2014 0
2014 0
2014 0
2014 0
2014 0
2014 0
2014 0
2014 0
2014 0
2014 0
2014 0
2014 0
2014 0
2014 0
2014 0
2014 0
2014 0
2014 9
2014 30
2014 22
2014 19
2014 18
2014 15
2014 13
2014 13
2014 13
2014 11
2014 11
2014 9
2014 0
2014 0
2014 0
2014 0
2014 0
2014 0
2014 0
2014 0
2014 0
2014 0
2014 0
2014 14
2014 12
2014 20
2014 19
2014 16
2014 15
2014 24
2014 23
2014 19
2014 18
2014 20
2014 17
2014 52
2014 44
2014 42
2014 40
2014 53
2014 53
2014 68
2014 69
2014 70
2014 64
2014 62
2014 59
2014 59
2014 59
2014 58
2014 62
2014 60
2014 59
2014 57
2014 57
2014 57
2014 57
2014 56
2014 57
2014 55
2014 56
2014 55
2014 55
2014 55
2014 56
2014 56
2014 55
2014 55
2014 55
2014 57
2014 58
2014 57
2014 56
2014 57
2014 56
2014 60
2014 125
2014 113
2014 107
2014 112
2014 110
2014 106
2014 104
2014 105
2014 102
2014 107
2014 114
2014 110
2014 107
2014 104
2014 103
2014 102
2014 101
2014 99
2014 99
2014 110
2014 107
2014 106
2014 108
2014 107
2014 110
2014 109
2014 107
2014 106
2014 106
2014 105
2014 104
2014 93
2014 112
2014 109
2014 108
2014 109
2014 111
2014 110
2014 124
2014 125
2014 129
2014 127
2014 125
2014 131
2014 133
2014 130
2014 130
2014 128
2014 124
2014 139
2014 128
2014 126
2014 136
2014 143
2014 139
2014 137
2014 139
2014 146
2014 142
2014 148
2014 145
2014 143
2014 143
2014 144
2014 147
2014 176
2014 172
2014 172
2014 181
2014 177
2014 174
2014 171
2014 168
2014 166
2014 164
2014 162
2014 159
2014 157
2014 156
2014 154
2014 151
2014 150
2014 148
2014 146
2014 144
2014 144
2014 150
2014 164
2014 155
2014 154
2014 152
2014 152
2014 151
2014 150
2014 148
2014 147
2014 146
2014 145
2014 145
2014 143
2014 143
2014 142
2014 140
2014 142
2014 141
2014 140
2014 139
2014 138
2014 135
2014 134
2014 133
2014 132
2014 131
2014 133
2014 171
2014 160
2014 153
2014 148
2014 146
2014 141
2014 137
2014 137
2014 175
2014 227
2014 207
2014 190
2014 180
2014 200
2014 191
2014 182
2014 176
2014 174
2014 180
2014 177
2014 173
2014 168
2014 165
2014 177
2014 171
2014 170
2014 169
2014 167
2014 167
2014 166
2014 165
2014 161
2014 158
2014 154
2014 151
2014 150
2014 146
2014 144
2014 145
2014 144
2014 143
2014 143
2014 141
2014 139
2014 137
2014 134
2014 132
2014 134
2014 128
2014 121
2014 113
2014 105
2014 96
2014 87
2014 80
2014 74
2014 71
2014 68
2014 60
2014 57
2014 46
2014 51
2014 44
2014 38
2014 28
2014 17
2014 14
2014 0
2014 0
2014 0
2014 0
2014 0
2014 7
2014 0
2014 0
2014 0
2014 0
2014 0
2014 0
2014 0
2014 0
2014 0
2014 0
2014 0
2014 0
2014 0
2014 0
2014 0
2014 0
2014 0
2014 0
2014 0
2014 0
2014 0
2014 0
2014 0
2014 0
2014 0
2014 0
2014 0
2014 0
2014 0
2014 0
2014 0
2014 0
2014 0
2014 0
2014 0
2014 0
2014 0
2014 0
2014 0
2014 0
2014 0
2014 0
2014 0
2014 0
2014 0
2014 0
2014 0
2014 0
2014 0
2014 0
2014 0
2014 0
2014 0
2014 0
2014 0
2014 0
2014 0
2014 0
2014 0
2014 0
2014 0
2014 0
2015 0
2015 0
2015 0
2015 0
2015 0
2015 0
2015 0
2015 0
2015 0
2015 0
2015 0
2015 0
2015 0
2015 0
2015 0
2015 0
2015 0
2015 0
2015 0
2015 0
2015 0
2015 0
2015 0
2015 0
2015 0
2015 0
2015 0
2015 0
2015 0
2015 0
2015 0
2015 0
2015 0
2015 0
2015 0
2015 0
2015 0
2015 0
2015 0
2015 0
2015 0
2015 0
2015 0
2015 0
2015 0
2015 0
2015 0
2015 0
2015 0
2015 0
2015 0
2015 0
2015 7
2015 0
2015 0
2015 0
2015 0
2015 0
2015 0
2015 0
2015 0
2015 0
2015 0
2015 0
2015 23
2015 72
2015 81
2015 73
2015 67
2015 65
2015 79
2015 70
2015 90
2015 91
2015 86
2015 92
2015 107
2015 102
2015 99
2015 101
2015 97
2015 96
2015 94
2015 92
2015 91
2015 89
2015 87
2015 87
2015 85
2015 84
2015 83
2015 89
2015 87
2015 87
2015 85
2015 85
2015 86
2015 85
2015 85
2015 84
2015 85
2015 84
2015 85
2015 84
2015 84
2015 84
2015 86
2015 94
2015 94
2015 93
2015 93
2015 92
2015 90
2015 88
2015 87
2015 87
2015 86
2015 107
2015 95
2015 86
2015 85
2015 85
2015 85
2015 85
2015 87
2015 86
2015 83
2015 82
2015 82
2015 82
2015 82
2015 84
2015 84
2015 83
2015 82
2015 82
2015 83
2015 83
2015 101
2015 96
2015 94
2015 94
2015 96
2015 97
2015 96
2015 96
2015 94
2015 96
2015 94
2015 93
2015 121
2015 104
2015 110
2015 108
2015 103
2015 102
2015 103
2015 108
2015 120
2015 120
2015 116
2015 112
2015 111
2015 111
2015 111
2015 111
2015 110
2015 119
2015 118
2015 117
2015 116
2015 116
2015 117
2015 116
2015 123
2015 125
2015 126
2015 124
2015 124
2015 126
2015 125
2015 128
2015 136
2015 138
2015 147
2015 141
2015 137
2015 136
2015 134
2015 133
2015 133
2015 130
2015 129
2015 128
2015 128
2015 128
2015 134
2015 131
2015 131
2015 130
2015 130
2015 138
2015 144
2015 141
2015 140
2015 150
2015 144
2015 142
2015 140
2015 140
2015 139
2015 152
2015 149
2015 148
2015 147
2015 156
2015 160
2015 156
2015 153
2015 152
2015 149
2015 146
2015 146
2015 144
2015 143
2015 140
2015 139
2015 139
2015 142
2015 140
2015 138
2015 136
2015 135
2015 133
2015 131
2015 128
2015 128
2015 128
2015 129
2015 129
2015 127
2015 128
2015 146
2015 154
2015 150
2015 141
2015 134
2015 133
2015 131
2015 127
2015 129
2015 126
2015 122
2015 115
2015 109
2015 103
2015 118
2015 111
2015 104
2015 101
2015 101
2015 109
2015 112
2015 108
2015 107
2015 103
2015 100
2015 100
2015 99
2015 94
2015 90
2015 88
2015 85
2015 81
2015 77
2015 72
2015 61
2015 52
2015 43
2015 31
2015 27
2015 22
2015 20
2015 12
2015 9
2015 0
2015 0
2015 0
2015 0
2015 0
2015 0
2015 0
2015 0
2015 0
2015 0
2015 0
2015 0
2015 0
2015 0
2015 0
2015 0
2015 0
2015 0
2015 0
2015 0
2015 0
2015 0
2015 0
2015 0
2015 0
2015 7
2015 8
2015 8
2015 0
2015 0
2015 0
2015 0
2015 0
2015 0
2015 0
2015 0
2015 0
2015 0
2015 0
2015 0
2015 0
2015 0
2015 0
2015 0
2015 0
2015 0
2015 0
2015 0
2015 0
2015 0
2015 0
2015 0
2015 0
2015 0
2015 0
2015 0
2015 0
2015 0
2015 0
2015 0
2015 0
2015 0
2015 0
2015 0
2015 0
2015 0
2015 0
2015 0
2015 0
2015 0
2015 0
2015 0
2015 0
2015 0
2015 0
2015 0
2015 0
2015 0
2015 0
2015 0
2016 0
2016 0
2016 0
2016 0
2016 0
2016 0
2016 0
2016 0
2016 0
2016 0
2016 0
2016 0
2016 0
2016 0
2016 0
2016 0
2016 0
2016 0
2016 0
2016 0
2016 0
2016 0
2016 0
2016 0
2016 0
2016 0
2016 0
2016 0
2016 0
2016 0
2016 0
2016 0
2016 0
2016 0
2016 0
2016 0
2016 0
2016 0
2016 0
2016 0
2016 0
2016 0
2016 0
2016 0
2016 24
2016 27
2016 24
2016 18
2016 21
2016 20
2016 19
2016 18
2016 16
2016 15
2016 16
2016 15
2016 13
2016 13
2016 23
2016 23
2016 22
2016 23
2016 22
2016 22
2016 22
2016 18
2016 20
2016 20
2016 19
2016 17
2016 15
2016 15
2016 15
2016 16
2016 16
2016 15
2016 15
2016 16
2016 17
2016 17
2016 30
2016 58
2016 41
2016 40
2016 38
2016 48
2016 43
2016 41
2016 41
2016 40
2016 39
2016 39
2016 39
2016 39
2016 38
2016 37
2016 37
2016 37
2016 36
2016 39
2016 40
2016 40
2016 38
2016 39
2016 39
2016 39
2016 45
2016 43
2016 43
2016 42
2016 42
2016 43
2016 42
2016 42
2016 43
2016 42
2016 42
2016 42
2016 42
2016 43
2016 42
2016 43
2016 42
2016 51
2016 51
2016 73
2016 73
2016 71
2016 89
2016 91
2016 94
2016 90
2016 107
2016 102
2016 96
2016 93
2016 83
2016 81
2016 72
2016 72
2016 72
2016 72
2016 71
2016 72
2016 70
2016 70
2016 69
2016 69
2016 69
2016 69
2016 69
2016 69
2016 122
2016 115
2016 112
2016 110
2016 107
2016 107
2016 105
2016 108
2016 109
2016 107
2016 99
2016 100
2016 101
2016 123
2016 131
2016 125
2016 124
2016 122
2016 119
2016 121
2016 123
2016 122
2016 120
2016 132
2016 130
2016 138
2016 135
2016 134
2016 180
2016 182
2016 172
2016 174
2016 153
2016 147
2016 158
2016 157
2016 152
2016 151
2016 149
2016 148
2016 146
2016 145
2016 143
2016 142
2016 140
2016 141
2016 143
2016 142
2016 141
2016 141
2016 140
2016 139
2016 139
2016 138
2016 138
2016 137
2016 140
2016 140
2016 139
2016 137
2016 137
2016 136
2016 135
2016 135
2016 133
2016 134
2016 133
2016 129
2016 144
2016 150
2016 143
2016 141
2016 139
2016 144
2016 141
2016 139
2016 143
2016 149
2016 153
2016 150
2016 148
2016 144
2016 143
2016 144
2016 142
2016 143
2016 143
2016 142
2016 142
2016 142
2016 142
2016 177
2016 162
2016 158
2016 154
2016 152
2016 153
2016 153
2016 152
2016 145
2016 142
2016 143
2016 158
2016 149
2016 149
2016 145
2016 146
2016 144
2016 143
2016 152
2016 143
2016 139
2016 133
2016 177
2016 158
2016 145
2016 142
2016 137
2016 132
2016 136
2016 137
2016 137
2016 135
2016 137
2016 134
2016 132
2016 129
2016 125
2016 121
2016 118
2016 115
2016 109
2016 109
2016 105
2016 102
2016 100
2016 98
2016 95
2016 98
2016 102
2016 95
2016 88
2016 82
2016 75
2016 65
2016 58
2016 53
2016 48
2016 43
2016 36
2016 26
2016 15
2016 0
2016 0
2016 0
2016 0
2016 0
2016 0
2016 0
2016 0
2016 0
2016 0
2016 0
2016 0
2016 0
2016 0
2016 0
2016 0
2016 0
2016 0
2016 0
2016 0
2016 0
2016 0
2016 0
2016 0
2016 0
2016 0
2016 0
2016 0
2016 0
2016 0
2016 0
2016 0
2016 0
2016 0
2016 0
2016 0
2016 0
2016 0
2016 0
2016 0
2016 0
2016 0
2016 0
2016 0
2016 0
2016 0
2016 0
2016 0
2016 0
2016 0
2016 0
2016 0
2016 0
2016 0
2016 0
2016 0
2016 0
2016 0
2016 0
2016 0
2016 0
2016 0
2017 0
2017 0
2017 0
2017 0
2017 0
2017 0
2017 0
2017 0
2017 0
2017 0
2017 0
2017 0
2017 0
2017 0
2017 0
2017 0
2017 0
2017 0
2017 0
2017 0
2017 0
2017 0
2017 0
2017 0
2017 0
2017 0
2017 0
2017 0
2017 0
2017 0
2017 0
2017 0
2017 0
2017 0
2017 0
2017 0
2017 0
2017 0
2017 0
2017 0
2017 0
2017 0
2017 0
2017 18
2017 14
2017 13
2017 14
2017 20
2017 19
2017 19
2017 18
2017 17
2017 19
2017 16
2017 14
2017 14
2017 13
2017 13
2017 12
2017 12
2017 12
2017 12
2017 13
2017 12
2017 12
2017 15
2017 32
2017 29
2017 30
2017 25
2017 29
2017 52
2017 44
2017 40
2017 45
2017 45
2017 43
2017 38
2017 39
2017 41
2017 44
2017 51
2017 52
2017 68
2017 57
2017 68
2017 67
2017 66
2017 65
2017 64
2017 65
2017 63
2017 63
2017 63
2017 62
2017 62
2017 61
2017 62
2017 62
2017 62
2017 61
2017 61
2017 55
2017 55
2017 56
2017 55
2017 55
2017 54
2017 56
2017 56
2017 56
2017 55
2017 55
2017 55
2017 56
2017 56
2017 56
2017 56
2017 55
2017 55
2017 55
2017 55
2017 55
2017 56
2017 55
2017 55
2017 55
2017 55
2017 55
2017 54
2017 54
2017 58
2017 56
2017 55
2017 55
2017 55
2017 55
2017 56
2017 55
2017 55
2017 55
2017 55
2017 54
2017 55
2017 55
2017 55
2017 55
2017 55
2017 55
2017 55
2017 54
2017 59
2017 69
2017 69
2017 64
2017 71
2017 71
2017 76
2017 72
2017 72
2017 76
2017 74
2017 74
2017 74
2017 74
2017 73
2017 72
2017 71
2017 72
2017 73
2017 72
2017 73
2017 72
2017 70
2017 70
2017 70
2017 70
2017 69
2017 70
2017 69
2017 77
2017 77
2017 94
2017 90
2017 110
2017 115
2017 125
2017 116
2017 114
2017 121
2017 117
2017 115
2017 114
2017 113
2017 111
2017 110
2017 108
2017 108
2017 107
2017 104
2017 101
2017 102
2017 101
2017 116
2017 118
2017 114
2017 125
2017 122
2017 120
2017 117
2017 115
2017 114
2017 112
2017 134
2017 132
2017 129
2017 128
2017 124
2017 121
2017 118
2017 116
2017 114
2017 112
2017 110
2017 107
2017 107
2017 106
2017 105
2017 104
2017 103
2017 103
2017 103
2017 102
2017 103
2017 102
2017 101
2017 100
2017 103
2017 110
2017 123
2017 116
2017 115
2017 123
2017 120
2017 121
2017 132
2017 124
2017 125
2017 121
2017 123
2017 122
2017 120
2017 120
2017 118
2017 118
2017 117
2017 114
2017 108
2017 104
2017 102
2017 118
2017 113
2017 106
2017 101
2017 98
2017 93
2017 86
2017 80
2017 78
2017 72
2017 68
2017 64
2017 55
2017 48
2017 42
2017 34
2017 29
2017 27
2017 24
2017 20
2017 14
2017 9
2017 0
2017 0
2017 0
2017 0
2017 0
2017 0
2017 0
2017 0
2017 0
2017 0
2017 0
2017 0
2017 0
2017 0
2017 0
2017 0
2017 0
2017 0
2017 0
2017 0
2017 0
2017 0
2017 0
2017 0
2017 0
2017 0
2017 0
2017 0
2017 0
2017 0
2017 0
2017 0
2017 0
2017 0
2017 0
2017 0
2017 0
2017 0
2017 0
2017 0
2017 0
2017 0
2017 0
2017 0
2017 0
2017 0
2017 0
2017 0
2017 0
2017 0
2017 0
2017 0
2017 0
2017 0
2017 0
2017 0
2017 0
2017 0
2017 0
2017 0
2017 0
2017 0
2017 0
2017 0
2017 0
2017 0
2017 0
2017 0
2017 0
2017 0
2017 0
2017 0
2017 0
2017 0
2017 0
2017 0
2017 0
2017 0
2017 0
2017 0
2017 0
2017 0
2017 0
2019 0
2019 0
2019 0
2019 0
2019 0
2019 0
2019 0
2019 0
2019 0
2019 0
2019 0
2019 0
2019 0
2019 0
2019 0
2019 0
2019 0
2019 0
2019 0
2019 0
2019 0
2019 0
2019 0
2019 0
2019 0
2019 0
2019 0
2019 0
2019 0
2019 0
2019 0
2019 0
2019 0
2019 0
2019 0
2019 0
2019 0
2019 0
2019 0
2019 0
2019 0
2019 0
2019 0
2019 0
2019 0
2019 0
2019 0
2019 0
2019 0
2019 0
2019 0
2019 0
2019 0
2019 0
2019 0
2019 0
2019 0
2019 36
2019 64
2019 76
2019 64
2019 86
2019 82
2019 80
2019 82
2019 79
2019 99
2019 99
2019 95
2019 93
2019 91
2019 89
2019 88
2019 86
2019 85
2019 84
2019 83
2019 84
2019 83
2019 83
2019 83
2019 82
2019 81
2019 82
2019 84
2019 83
2019 89
2019 87
2019 86
2019 85
2019 86
2019 85
2019 101
2019 125
2019 119
2019 115
2019 114
2019 113
2019 110
2019 107
2019 100
2019 93
2019 93
2019 92
2019 92
2019 91
2019 104
2019 103
2019 102
2019 105
2019 103
2019 111
2019 117
2019 121
2019 152
2019 144
2019 141
2019 140
2019 139
2019 137
2019 137
2019 136
2019 134
2019 133
2019 132
2019 132
2019 132
2019 131
2019 131
2019 131
2019 130
2019 129
2019 130
2019 129
2019 138
2019 155
2019 149
2019 148
2019 151
2019 153
2019 152
2019 150
2019 149
2019 148
2019 149
2019 149
2019 148
2019 144
2019 146
2019 144
2019 144
2019 144
2019 143
2019 149
2019 154
2019 157
2019 156
2019 154
2019 153
2019 153
2019 154
2019 154
2019 157
2019 157
2019 148
2019 148
2019 147
2019 147
2019 146
2019 147
2019 146
2019 147
2019 147
2019 146
2019 146
2019 146
2019 146
2019 146
2019 146
2019 145
2019 145
2019 147
2019 144
2019 144
2019 148
2019 148
2019 148
2019 159
2019 158
2019 166
2019 169
2019 165
2019 170
2019 169
2019 196
2019 197
2019 188
2019 187
2019 186
2019 184
2019 184
2019 182
2019 182
2019 181
2019 180
2019 179
2019 178
2019 178
2019 177
2019 176
2019 176
2019 175
2019 175
2019 175
2019 187
2019 229
2019 218
2019 214
2019 216
2019 212
2019 207
2019 206
2019 211
2019 205
2019 205
2019 208
2019 205
2019 205
2019 202
2019 200
2019 198
2019 196
2019 194
2019 191
2019 192
2019 213
2019 208
2019 234
2019 221
2019 219
2019 217
2019 213
2019 209
2019 214
2019 218
2019 226
2019 220
2019 216
2019 213
2019 214
2019 225
2019 214
2019 214
2019 214
2019 211
2019 208
2019 206
2019 206
2019 206
2019 204
2019 205
2019 207
2019 205
2019 203
2019 199
2019 195
2019 195
2019 192
2019 190
2019 191
2019 190
2019 187
2019 182
2019 176
2019 171
2019 166
2019 158
2019 152
2019 150
2019 144
2019 141
2019 138
2019 132
2019 135
2019 133
2019 125
2019 118
2019 107
2019 100
2019 92
2019 84
2019 79
2019 74
2019 69
2019 64
2019 52
2019 43
2019 31
2019 22
2019 11
2019 0
2019 0
2019 0
2019 0
2019 0
2019 0
2019 0
2019 0
2019 0
2019 0
2019 0
2019 0
2019 0
2019 0
2019 0
2019 0
2019 0
2019 0
2019 0
2019 0
2019 0
2019 0
2019 0
2019 0
2019 0
2019 0
2019 0
2019 0
2019 0
2019 0
2019 0
2019 0
2019 0
2019 0
2019 0
2019 0
2019 0
2019 0
2019 0
2019 0
2019 0
2019 0
2019 0
2019 0
2019 0
2019 0
2019 0
2019 0
2019 0
2019 0
2019 0
2019 0
2019 0
2019 0
2019 0
2019 0
2019 0
2019 0
2019 0
2019 0
2019 0
2019 0
2019 0
2019 0
2019 0
2020 0
2020 0
2020 0
2020 0
2020 0
2020 0
2020 0
2020 0
2020 0
2020 0
2020 0
2020 0
2020 0
2020 0
2020 0
2020 0
2020 0
2020 0
2020 0
2020 0
2020 0
2020 0
2020 0
2020 0
2020 0
2020 0
2020 0
2020 0
2020 0
2020 0
2020 0
2020 0
2020 0
2020 0
2020 0
2020 0
2020 0
2020 0
2020 0
2020 0
2020 0
2020 0
2020 0
2020 0
2020 0
2020 0
2020 0
2020 0
2020 0
2020 0
2020 0
2020 0
2020 0
2020 0
2020 0
2020 0
2020 0
2020 0
2020 0
2020 0
2020 0
2020 0
2020 0
2020 0
2020 12
2020 16
2020 18
2020 14
2020 45
2020 38
2020 34
2020 31
2020 35
2020 35
2020 33
2020 67
2020 66
2020 101
2020 89
2020 83
2020 78
2020 74
2020 70
2020 92
2020 96
2020 93
2020 88
2020 95
2020 100
2020 96
2020 91
2020 97
2020 91
2020 93
2020 91
2020 88
2020 88
2020 88
2020 87
2020 86
2020 85
2020 86
2020 91
2020 91
2020 98
2020 99
2020 98
2020 98
2020 96
2020 99
2020 108
2020 110
2020 111
2020 91
2020 116
2020 96
2020 95
2020 110
2020 107
2020 105
2020 104
2020 102
2020 101
2020 102
2020 101
2020 101
2020 100
2020 99
2020 100
2020 99
2020 99
2020 99
2020 97
2020 98
2020 98
2020 98
2020 98
2020 97
2020 98
2020 100
2020 100
2020 100
2020 98
2020 98
2020 98
2020 98
2020 99
2020 99
2020 99
2020 122
2020 131
2020 129
2020 130
2020 140.333333333333
2020 150.666666666667
2020 161
2020 211
2020 217
2020 213
2020 210
2020 208
2020 206
2020 205
2020 203
2020 202
2020 204
2020 220
2020 218
2020 217
2020 214
2020 221
2020 219
2020 217
2020 215
2020 214
2020 211
2020 209
2020 209
2020 207
2020 222
2020 214
2020 213
2020 216
2020 227
2020 228
2020 226
2020 240
2020 246
2020 242
2020 239
2020 238
2020 260
2020 246
2020 244
2020 249
2020 247
2020 245
2020 243
2020 241
2020 238
2020 235
2020 235
2020 233
2020 232
2020 231
2020 229
2020 229
2020 229
2020 229
2020 228
2020 235
2020 240
2020 235
2020 233
2020 232
2020 230
2020 228
2020 226
2020 225
2020 223
2020 223
2020 221
2020 218
2020 216
2020 213
2020 210
2020 208
2020 204
2020 201
2020 197
2020 194
2020 192
2020 192
2020 191
2020 188
2020 187
2020 183
2020 181
2020 186
2020 188
2020 185
2020 194
2020 201
2020 217
2020 222.5
2020 228
2020 216
2020 212
2020 207
2020 199
2020 195
2020 191
2020 185
2020 190
2020 187
2020 187
2020 185
2020 184
2020 182
2020 178
2020 174
2020 169
2020 162
2020 158
2020 153
2020 146
2020 146
2020 141
2020 136
2020 130
2020 124
2020 119
2020 116
2020 114
2020 110
2020 102
2020 97
2020 104
2020 106
2020 100
2020 99
2020 104
2020 101
2020 117
2020 110
2020 105
2020 101
2020 96
2020 94
2020 92
2020 94
2020 91
2020 94
2020 92
2020 80
2020 74
2020 65
2020 54
2020 42
2020 37
2020 31
2020 26
2020 17
2020 0
2020 0
2020 0
2020 0
2020 0
2020 0
2020 0
2020 0
2020 0
2020 0
2020 0
2020 0
2020 0
2020 0
2020 0
2020 0
2020 0
2020 0
2020 0
2020 0
2020 0
2020 0
2020 0
2020 0
2020 0
2020 0
2020 0
2020 0
2020 0
2020 0
2020 0
2020 0
2020 0
2020 0
2020 0
2020 0
2020 0
2020 0
2020 0
2020 0
2020 0
2020 0
2020 0
2020 0
2020 0
2020 0
2020 0
2020 0
2020 0
2020 0
2020 0
2020 0
2020 0
2020 0
2020 0
2020 0
2020 0
2020 0
2020 0
2020 0
2020 0
2020 0
2020 0
