1982 0
1982 0
1982 0
1982 0
1982 0
1982 0
1982 0
1982 0
1982 0
1982 0
1982 0
1982 0
1982 0
1982 0
1982 0
1982 0
1982 0
1982 0
1982 0
1982 0
1982 0
1982 0
1982 0
1982 0
1982 0
1982 0
1982 0
1982 0
1982 0
1982 0
1982 0
1982 0
1982 0
1982 0
1982 0
1982 0
1982 0
1982 0
1982 0
1982 0
1982 0
1982 0
1982 0
1982 0
1982 0
1982 0
1982 0
1982 0
1982 0
1982 0
1982 0
1982 12
1982 8
1982 5
1982 0
1982 9
1982 30
1982 24
1982 10
1982 10
1982 9
1982 3
1982 0
1982 0
1982 0
1982 0
1982 0
1982 0
1982 0
1982 0
1982 0
1982 0
1982 0
1982 0
1982 12
1982 13
1982 12
1982 11
1982 7
1982 5
1982 4
1982 4
1982 3
1982 0
1982 0
1982 0
1982 3
1982 3
1982 13
1982 10
1982 27
1982 48
1982 42
1982 30
1982 33
1982 32
1982 30
1982 29
1982 28
1982 31
1982 30
1982 29
1982 30
1982 26
1982 39
1982 43
1982 66
1982 58
1982 60
1982 55
1982 55
1982 55
1982 55
1982 48
1982 47
1982 46
1982 46
1982 46
1982 42
1982 56
1982 55
1982 47
1982 52
1982 50
1982 48
1982 42
1982 41
1982 48
1982 48
1982 52
1982 57
1982 56
1982 53
1982 50
1982 48
1982 48
1982 48
1982 47
1982 46
1982 45
1982 44
1982 44
1982 44
1982 44
1982 43
1982 45
1982 45
1982 45
1982 46
1982 48
1982 65
1982 82
1982 80
1982 76
1982 75
1982 74
1982 73
1982 71
1982 70
1982 68
1982 60
1982 58
1982 56
1982 53
1982 51
1982 51
1982 51
1982 51
1982 50
1982 48
1982 47
1982 45
1982 44
1982 40
1982 38
1982 40
1982 45
1982 45
1982 45
1982 45
1982 43
1982 40
1982 43
1982 41
1982 44
1982 46
1982 45
1982 45
1982 38
1982 35
1982 35
1982 40
1982 42
1982 42
1982 40
1982 39
1982 35
1982 35
1982 41
1982 42
1982 41
1982 39
1982 37
1982 36
1982 30
1982 26
1982 24
1982 20
1982 15
1982 10
1982 6
1982 0
1982 0
1982 0
1982 0
1982 0
1982 0
1982 0
1982 0
1982 0
1982 0
1982 0
1982 0
1982 0
1982 0
1982 0
1982 0
1982 0
1982 0
1982 0
1982 0
1982 0
1982 0
1982 0
1982 0
1982 0
1982 0
1982 0
1982 0
1982 0
1982 0
1982 0
1982 0
1982 0
1982 0
1982 0
1982 0
1982 0
1982 0
1982 0
1982 0
1982 0
1982 0
1982 0
1982 0
1982 0
1982 0
1982 0
1982 0
1982 0
1982 0
1982 0
1982 0
1982 0
1982 0
1982 0
1982 0
1982 0
1982 0
1982 0
1982 0
1982 0
1982 0
1982 0
1982 0
1982 0
1982 0
1982 0
1982 0
1982 0
1982 0
1982 0
1982 0
1982 0
1982 0
1982 0
1982 0
1982 0
1982 0
1982 0
1982 0
1982 0
1982 0
1982 0
1982 0
1982 0
1982 0
1982 0
1982 0
1982 0
1982 0
1982 0
1982 0
1982 0
1982 0
1982 0
1982 0
1982 0
1982 0
1982 0
1982 0
1982 0
1982 0
1982 0
1982 0
1982 0
1982 0
1982 0
1982 0
1982 0
1982 0
1982 0
1982 0
1982 0
1982 0
1982 0
1982 0
1982 0
1982 0
1982 0
1982 0
1982 0
1982 0
1982 0
1982 0
1982 0
1982 0
1982 0
1982 0
1982 0
1982 0
1982 0
1982 0
1982 0
1982 0
1982 0
1982 0
1982 0
1982 0
1982 0
1982 0
1982 0
1982 0
1982 0
1982 0
1982 0
1982 0
1982 0
1982 0
1982 0
1982 0
1982 0
1982 0
1982 0
1982 0
1983 0
1983 0
1983 0
1983 0
1983 0
1983 0
1983 0
1983 0
1983 0
1983 0
1983 0
1983 0
1983 0
1983 0
1983 0
1983 0
1983 0
1983 0
1983 0
1983 0
1983 0
1983 0
1983 0
1983 0
1983 0
1983 0
1983 0
1983 0
1983 0
1983 0
1983 0
1983 0
1983 0
1983 0
1983 0
1983 0
1983 0
1983 0
1983 0
1983 0
1983 0
1983 0
1983 0
1983 0
1983 0
1983 0
1983 0
1983 0
1983 0
1983 0
1983 0
1983 0
1983 0
1983 0
1983 0
1983 0
1983 0
1983 0
1983 0
1983 0
1983 0
1983 0
1983 0
1983 0
1983 0
1983 0
1983 0
1983 0
1983 0
1983 0
1983 0
1983 0
1983 0
1983 0
1983 0
1983 0
1983 0
1983 8
1983 12
1983 10
1983 10
1983 10
1983 10
1983 9
1983 6
1983 3
1983 0
1983 0
1983 0
1983 0
1983 0
1983 0
1983 0
1983 0
1983 0
1983 0
1983 0
1983 0
1983 0
1983 0
1983 0
1983 0
1983 0
1983 4
1983 3
1983 5
1983 0
1983 0
1983 25
1983 25
1983 25
1983 32
1983 31
1983 25
1983 26
1983 26
1983 22
1983 22
1983 21
1983 21
1983 21
1983 20
1983 20
1983 20
1983 20
1983 22
1983 18
1983 17
1983 16
1983 15
1983 15
1983 15
1983 15
1983 15
1983 15
1983 15
1983 60
1983 82
1983 80
1983 68
1983 68
1983 74
1983 74
1983 70
1983 70
1983 65
1983 65
1983 55
1983 45
1983 43
1983 38
1983 38
1983 42
1983 70
1983 67
1983 67
1983 66
1983 65
1983 70
1983 60
1983 58
1983 57
1983 56
1983 56
1983 55
1983 50
1983 50
1983 50
1983 50
1983 50
1983 50
1983 50
1983 50
1983 50
1983 50
1983 50
1983 45
1983 45
1983 45
1983 46
1983 47
1983 47
1983 48
1983 46
1983 44
1983 44
1983 44
1983 44
1983 40
1983 37
1983 35
1983 30
1983 26
1983 23
1983 20
1983 15
1983 14
1983 10
1983 9
1983 5
1983 0
1983 0
1983 0
1983 0
1983 0
1983 0
1983 0
1983 0
1983 0
1983 0
1983 0
1983 0
1983 0
1983 0
1983 0
1983 0
1983 0
1983 0
1983 0
1983 0
1983 0
1983 0
1983 0
1983 0
1983 0
1983 0
1983 0
1983 0
1983 0
1983 0
1983 0
1983 0
1983 0
1983 0
1983 0
1983 0
1983 0
1983 0
1983 0
1983 0
1983 0
1983 0
1983 0
1983 0
1983 0
1983 0
1983 0
1983 0
1983 0
1983 0
1983 0
1983 0
1983 0
1983 0
1983 0
1983 0
1983 0
1983 0
1983 0
1983 0
1983 0
1983 0
1983 0
1983 0
1983 0
1983 0
1983 0
1983 0
1983 0
1983 0
1983 0
1983 0
1983 0
1983 0
1983 0
1983 0
1983 0
1983 0
1983 0
1983 0
1983 0
1983 0
1983 0
1983 0
1983 0
1983 0
1983 0
1983 0
1983 0
1983 0
1983 0
1983 0
1983 0
1983 0
1983 0
1983 0
1983 0
1983 0
1983 0
1983 0
1983 0
1983 0
1983 0
1983 0
1983 0
1983 0
1983 0
1983 0
1983 0
1983 0
1983 0
1983 0
1983 0
1983 0
1983 0
1983 0
1983 0
1983 0
1983 0
1983 0
1983 0
1983 0
1983 0
1983 0
1983 0
1983 0
1983 0
1983 0
1983 0
1983 0
1983 0
1983 0
1983 0
1983 0
1983 0
1983 0
1983 0
1983 0
1983 0
1983 0
1983 0
1983 0
1983 0
1983 0
1983 0
1983 0
1983 0
1983 0
1983 0
1983 0
1983 0
1983 0
1983 0
1983 0
1983 0
1983 0
1983 0
1983 0
1983 0
1983 0
1983 0
1983 0
1983 0
1983 0
1983 0
1984 0
1984 0
1984 0
1984 0
1984 0
1984 0
1984 0
1984 0
1984 0
1984 0
1984 0
1984 0
1984 0
1984 0
1984 0
1984 0
1984 0
1984 0
1984 0
1984 0
1984 0
1984 0
1984 0
1984 0
1984 0
1984 0
1984 0
1984 0
1984 0
1984 0
1984 0
1984 0
1984 0
1984 0
1984 0
1984 0
1984 0
1984 0
1984 0
1984 0
1984 0
1984 0
1984 0
1984 0
1984 0
1984 0
1984 0
1984 0
1984 0
1984 0
1984 0
1984 0
1984 0
1984 0
1984 0
1984 0
1984 0
1984 0
1984 0
1984 0
1984 0
1984 0
1984 0
1984 0
1984 0
1984 0
1984 0
1984 0
1984 0
1984 0
1984 0
1984 0
1984 0
1984 0
1984 0
1984 0
1984 0
1984 0
1984 0
1984 0
1984 0
1984 0
1984 0
1984 0
1984 0
1984 0
1984 0
1984 0
1984 30
1984 32
1984 33
1984 35
1984 35
1984 30
1984 27
1984 26
1984 25
1984 26
1984 25
1984 25
1984 25
1984 25
1984 25
1984 25
1984 25
1984 24
1984 24
1984 26
1984 27
1984 30
1984 30
1984 30
1984 44
1984 43
1984 35
1984 35
1984 34
1984 42
1984 42
1984 38
1984 38
1984 34
1984 33
1984 30
1984 30
1984 30
1984 31
1984 31
1984 31
1984 33
1984 33
1984 34
1984 34
1984 34
1984 34
1984 33
1984 34
1984 36
1984 35
1984 40
1984 40
1984 39
1984 39
1984 37
1984 42
1984 45
1984 54
1984 49
1984 49
1984 54
1984 50
1984 46
1984 44
1984 44
1984 46
1984 50
1984 55
1984 51
1984 53
1984 62
1984 82
1984 98
1984 100
1984 92
1984 87
1984 87
1984 83
1984 83
1984 80
1984 80
1984 80
1984 80
1984 78
1984 76
1984 76
1984 75
1984 76
1984 74
1984 80
1984 78
1984 76
1984 74
1984 72
1984 70
1984 70
1984 68
1984 67
1984 65
1984 64
1984 64
1984 64
1984 63
1984 61
1984 59
1984 59
1984 59
1984 58
1984 56
1984 54
1984 46
1984 44
1984 38
1984 32
1984 30
1984 23
1984 21
1984 33
1984 25
1984 24
1984 18
1984 25
1984 25
1984 20
1984 19
1984 21
1984 20
1984 19
1984 18
1984 18
1984 10
1984 0
1984 0
1984 0
1984 0
1984 0
1984 0
1984 0
1984 0
1984 0
1984 0
1984 0
1984 0
1984 0
1984 0
1984 0
1984 0
1984 0
1984 0
1984 0
1984 0
1984 0
1984 0
1984 0
1984 0
1984 0
1984 0
1984 0
1984 0
1984 0
1984 0
1984 0
1984 0
1984 0
1984 0
1984 0
1984 0
1984 0
1984 0
1984 0
1984 0
1984 0
1984 0
1984 0
1984 0
1984 0
1984 0
1984 0
1984 0
1984 0
1984 0
1984 0
1984 0
1984 0
1984 0
1984 0
1984 0
1984 0
1984 0
1984 0
1984 0
1984 0
1984 0
1984 0
1984 0
1984 0
1984 0
1984 0
1984 0
1984 0
1984 0
1984 0
1984 0
1984 0
1984 0
1984 0
1984 0
1984 0
1984 0
1984 0
1984 0
1984 0
1984 0
1984 0
1984 0
1984 0
1984 0
1984 0
1984 0
1984 0
1984 0
1984 0
1984 0
1984 0
1984 0
1984 0
1984 0
1984 0
1984 0
1984 0
1984 0
1984 0
1984 0
1984 0
1984 0
1984 0
1984 0
1984 0
1984 0
1984 0
1984 0
1984 0
1984 0
1984 0
1984 0
1984 0
1984 0
1984 0
1984 0
1984 0
1984 0
1984 0
1984 0
1984 0
1984 0
1984 0
1984 0
1984 0
1984 0
1984 0
1984 0
1984 0
1984 0
1984 0
1984 0
1984 0
1984 0
1984 0
1984 0
1984 0
1984 0
1984 0
1984 0
1984 0
1984 0
1984 0
1984 0
1986 0
1986 0
1986 0
1986 0
1986 0
1986 0
1986 0
1986 0
1986 0
1986 0
1986 0
1986 0
1986 0
1986 0
1986 0
1986 0
1986 0
1986 0
1986 0
1986 0
1986 0
1986 0
1986 0
1986 0
1986 0
1986 0
1986 0
1986 0
1986 0
1986 0
1986 0
1986 0
1986 0
1986 0
1986 0
1986 0
1986 0
1986 0
1986 0
1986 0
1986 0
1986 0
1986 0
1986 0
1986 0
1986 0
1986 0
1986 0
1986 0
1986 0
1986 0
1986 0
1986 0
1986 0
1986 0
1986 0
1986 0
1986 0
1986 0
1986 0
1986 0
1986 0
1986 0
1986 0
1986 0
1986 0
1986 0
1986 0
1986 0
1986 0
1986 0
1986 0
1986 0
1986 22
1986 21
1986 14
1986 14
1986 14
1986 14
1986 14
1986 14
1986 20
1986 24
1986 23
1986 22
1986 21
1986 21
1986 21
1986 21
1986 28
1986 20
1986 18
1986 16
1986 16
1986 14
1986 14
1986 12
1986 11
1986 11
1986 11
1986 27
1986 28
1986 28
1986 28
1986 19
1986 19
1986 17
1986 17
1986 16
1986 15
1986 15
1986 15
1986 14
1986 14
1986 14
1986 14
1986 30
1986 28
1986 26
1986 32
1986 32
1986 32
1986 33
1986 33
1986 33
1986 33
1986 33
1986 36
1986 36
1986 36
1986 36
1986 37
1986 45
1986 65
1986 87
1986 85
1986 85
1986 90
1986 89
1986 88
1986 80
1986 80
1986 79
1986 76
1986 76
1986 95
1986 102
1986 102
1986 87
1986 87
1986 80
1986 80
1986 81
1986 115
1986 104
1986 104
1986 99
1986 96
1986 95
1986 95
1986 97
1986 95
1986 95
1986 95
1986 95
1986 92
1986 92
1986 90
1986 90
1986 90
1986 86
1986 88
1986 87
1986 87
1986 84
1986 88
1986 89
1986 87
1986 85
1986 85
1986 84
1986 84
1986 80
1986 78
1986 76
1986 70
1986 70
1986 67
1986 65
1986 66
1986 64
1986 58
1986 55
1986 54
1986 48
1986 46
1986 43
1986 42
1986 40
1986 40
1986 40
1986 36
1986 30
1986 29
1986 28
1986 30
1986 25
1986 21
1986 16
1986 14
1986 10
1986 10
1986 0
1986 0
1986 0
1986 0
1986 0
1986 0
1986 0
1986 0
1986 0
1986 0
1986 0
1986 7
1986 0
1986 0
1986 0
1986 0
1986 0
1986 0
1986 0
1986 0
1986 0
1986 0
1986 0
1986 0
1986 0
1986 0
1986 0
1986 0
1986 0
1986 0
1986 0
1986 0
1986 0
1986 0
1986 0
1986 0
1986 0
1986 0
1986 0
1986 0
1986 0
1986 0
1986 0
1986 0
1986 0
1986 0
1986 0
1986 0
1986 0
1986 0
1986 0
1986 0
1986 0
1986 0
1986 0
1986 0
1986 0
1986 0
1986 0
1986 0
1986 0
1986 0
1986 0
1986 0
1986 0
1986 0
1986 0
1986 0
1986 0
1986 0
1986 0
1986 0
1986 0
1986 0
1986 0
1986 0
1986 0
1986 0
1986 0
1986 0
1986 0
1986 0
1986 0
1986 0
1986 0
1986 0
1986 0
1986 0
1986 0
1986 0
1986 0
1986 0
1986 0
1986 0
1986 0
1986 0
1986 0
1986 0
1986 0
1986 0
1986 0
1986 0
1986 0
1986 0
1986 0
1986 0
1986 0
1986 0
1986 0
1986 0
1986 0
1986 0
1986 0
1986 0
1986 0
1986 0
1986 0
1986 0
1986 0
1986 0
1986 0
1986 0
1986 0
1986 0
1986 0
1986 0
1986 0
1986 0
1986 0
1986 0
1986 0
1986 0
1986 0
1986 0
1986 0
1986 0
1986 0
1986 0
1986 0
1986 0
1986 0
1986 0
1986 0
1986 0
1986 0
1986 0
1986 0
1986 0
1986 0
1986 0
1986 0
1986 0
1986 0
1987 0
1987 0
1987 0
1987 0
1987 0
1987 0
1987 0
1987 0
1987 0
1987 0
1987 0
1987 0
1987 0
1987 0
1987 0
1987 0
1987 0
1987 0
1987 0
1987 0
1987 0
1987 0
1987 0
1987 0
1987 0
1987 0
1987 0
1987 0
1987 0
1987 0
1987 0
1987 0
1987 0
1987 0
1987 0
1987 0
1987 0
1987 0
1987 0
1987 0
1987 0
1987 0
1987 0
1987 0
1987 0
1987 0
1987 0
1987 0
1987 0
1987 0
1987 0
1987 0
1987 0
1987 0
1987 0
1987 0
1987 0
1987 0
1987 0
1987 0
1987 0
1987 0
1987 0
1987 0
1987 0
1987 0
1987 0
1987 0
1987 0
1987 0
1987 0
1987 0
1987 0
1987 0
1987 0
1987 0
1987 0
1987 0
1987 0
1987 0
1987 0
1987 3
1987 3
1987 3
1987 4
1987 4
1987 4
1987 4
1987 4
1987 4
1987 4
1987 3
1987 3
1987 3
1987 3
1987 3
1987 0
1987 0
1987 0
1987 0
1987 0
1987 0
1987 0
1987 0
1987 4
1987 5
1987 5
1987 15
1987 21
1987 35
1987 50
1987 68
1987 66
1987 65
1987 40
1987 40
1987 43
1987 49
1987 55
1987 40
1987 40
1987 40
1987 35
1987 35
1987 37
1987 35
1987 35
1987 40
1987 44
1987 44
1987 43
1987 44
1987 48
1987 48
1987 46
1987 46
1987 46
1987 46
1987 45
1987 45
1987 45
1987 45
1987 43
1987 42
1987 42
1987 40
1987 40
1987 40
1987 40
1987 40
1987 40
1987 40
1987 40
1987 40
1987 38
1987 38
1987 38
1987 38
1987 38
1987 38
1987 35
1987 35
1987 35
1987 35
1987 32
1987 32
1987 32
1987 40
1987 40
1987 40
1987 45
1987 52
1987 43
1987 45
1987 45
1987 45
1987 45
1987 45
1987 45
1987 46
1987 43
1987 40
1987 40
1987 42
1987 42
1987 45
1987 45
1987 45
1987 45
1987 45
1987 45
1987 42
1987 42
1987 40
1987 40
1987 40
1987 41
1987 41
1987 35
1987 35
1987 39
1987 37
1987 35
1987 33
1987 31
1987 28
1987 25
1987 25
1987 30
1987 30
1987 25
1987 25
1987 25
1987 23
1987 18
1987 12
1987 10
1987 5
1987 3
1987 0
1987 0
1987 0
1987 0
1987 0
1987 0
1987 0
1987 0
1987 0
1987 0
1987 0
1987 0
1987 0
1987 0
1987 0
1987 0
1987 0
1987 0
1987 0
1987 0
1987 0
1987 0
1987 0
1987 0
1987 0
1987 0
1987 0
1987 0
1987 0
1987 0
1987 0
1987 0
1987 0
1987 0
1987 0
1987 0
1987 0
1987 0
1987 0
1987 0
1987 0
1987 0
1987 0
1987 0
1987 0
1987 0
1987 0
1987 0
1987 0
1987 0
1987 0
1987 0
1987 0
1987 0
1987 0
1987 0
1987 0
1987 0
1987 0
1987 0
1987 0
1987 0
1987 0
1987 0
1987 0
1987 0
1987 0
1987 0
1987 0
1987 0
1987 0
1987 0
1987 0
1987 0
1987 0
1987 0
1987 0
1987 0
1987 0
1987 0
1987 0
1987 0
1987 0
1987 0
1987 0
1987 0
1987 0
1987 0
1987 0
1987 0
1987 0
1987 0
1987 0
1987 0
1987 0
1987 0
1987 0
1987 0
1987 0
1987 0
1987 0
1987 0
1987 0
1987 0
1987 0
1987 0
1987 0
1987 0
1987 0
1987 0
1987 0
1987 0
1987 0
1987 0
1987 0
1987 0
1987 0
1987 0
1987 0
1987 0
1987 0
1987 0
1987 0
1987 0
1987 0
1987 0
1987 0
1987 0
1987 0
1987 0
1987 0
1987 0
1987 0
1987 0
1987 0
1987 0
1987 0
1987 0
1987 0
1987 0
1987 0
1987 0
1987 0
1987 0
1987 0
1987 0
1988 0
1988 0
1988 0
1988 0
1988 0
1988 0
1988 0
1988 0
1988 0
1988 0
1988 0
1988 0
1988 0
1988 0
1988 0
1988 0
1988 0
1988 0
1988 0
1988 0
1988 0
1988 0
1988 0
1988 0
1988 0
1988 0
1988 0
1988 0
1988 0
1988 0
1988 0
1988 0
1988 0
1988 0
1988 0
1988 0
1988 0
1988 0
1988 0
1988 0
1988 0
1988 0
1988 0
1988 0
1988 0
1988 0
1988 0
1988 0
1988 0
1988 0
1988 0
1988 0
1988 0
1988 0
1988 0
1988 0
1988 0
1988 0
1988 0
1988 0
1988 0
1988 0
1988 0
1988 0
1988 0
1988 0
1988 0
1988 0
1988 0
1988 0
1988 0
1988 0
1988 0
1988 0
1988 0
1988 0
1988 0
1988 0
1988 0
1988 0
1988 0
1988 18
1988 20
1988 16
1988 10
1988 13
1988 11
1988 11
1988 12
1988 12
1988 12
1988 8
1988 8
1988 8
1988 8
1988 7
1988 5
1988 4
1988 4
1988 4
1988 4
1988 4
1988 4
1988 4
1988 4
1988 4
1988 4
1988 4
1988 0
1988 0
1988 0
1988 0
1988 0
1988 0
1988 0
1988 0
1988 0
1988 0
1988 0
1988 0
1988 0
1988 0
1988 0
1988 0
1988 0
1988 4
1988 3
1988 0
1988 14
1988 14
1988 14
1988 14
1988 10
1988 10
1988 10
1988 10
1988 10
1988 10
1988 8
1988 8
1988 8
1988 8
1988 8
1988 8
1988 9
1988 12
1988 13
1988 16
1988 16
1988 16
1988 22
1988 20
1988 20
1988 20
1988 27
1988 27
1988 27
1988 25
1988 32
1988 70
1988 60
1988 60
1988 52
1988 53
1988 50
1988 50
1988 50
1988 45
1988 45
1988 45
1988 45
1988 45
1988 45
1988 45
1988 40
1988 40
1988 40
1988 38
1988 38
1988 38
1988 38
1988 38
1988 38
1988 40
1988 40
1988 40
1988 40
1988 35
1988 37
1988 45
1988 40
1988 40
1988 42
1988 42
1988 42
1988 35
1988 30
1988 30
1988 25
1988 25
1988 25
1988 25
1988 25
1988 20
1988 20
1988 30
1988 27
1988 25
1988 25
1988 30
1988 25
1988 25
1988 27
1988 22
1988 20
1988 20
1988 16
1988 14
1988 12
1988 0
1988 0
1988 0
1988 0
1988 0
1988 0
1988 0
1988 0
1988 0
1988 0
1988 0
1988 0
1988 0
1988 0
1988 0
1988 0
1988 0
1988 0
1988 0
1988 0
1988 0
1988 0
1988 0
1988 0
1988 0
1988 0
1988 0
1988 0
1988 0
1988 0
1988 0
1988 0
1988 0
1988 0
1988 0
1988 0
1988 0
1988 0
1988 0
1988 0
1988 0
1988 0
1988 0
1988 0
1988 0
1988 0
1988 0
1988 0
1988 0
1988 0
1988 0
1988 0
1988 0
1988 0
1988 0
1988 0
1988 0
1988 0
1988 0
1988 0
1988 0
1988 0
1988 0
1988 0
1988 0
1988 0
1988 0
1988 0
1988 0
1988 0
1988 0
1988 0
1988 0
1988 0
1988 0
1988 0
1988 0
1988 0
1988 0
1988 0
1988 0
1988 0
1988 0
1988 0
1988 0
1988 0
1988 0
1988 0
1988 0
1988 0
1988 0
1988 0
1988 0
1988 0
1988 0
1988 0
1988 0
1988 0
1988 0
1988 0
1988 0
1988 0
1988 0
1988 0
1988 0
1988 0
1988 0
1988 0
1988 0
1988 0
1988 0
1988 0
1988 0
1988 0
1988 0
1988 0
1988 0
1988 0
1988 0
1988 0
1988 0
1988 0
1988 0
1988 0
1988 0
1988 0
1988 0
1988 0
1988 0
1988 0
1988 0
1988 0
1988 0
1988 0
1988 0
1988 0
1988 0
1988 0
1988 0
1988 0
1988 0
1988 0
1988 0
1988 0
1988 0
1988 0
1988 0
1989 0
1989 0
1989 0
1989 0
1989 0
1989 0
1989 0
1989 0
1989 0
1989 0
1989 0
1989 0
1989 0
1989 0
1989 0
1989 0
1989 0
1989 0
1989 0
1989 0
1989 0
1989 0
1989 0
1989 0
1989 0
1989 0
1989 0
1989 0
1989 0
1989 0
1989 0
1989 0
1989 0
1989 0
1989 0
1989 0
1989 0
1989 0
1989 0
1989 0
1989 0
1989 0
1989 0
1989 0
1989 0
1989 0
1989 0
1989 0
1989 0
1989 0
1989 0
1989 0
1989 0
1989 0
1989 0
1989 0
1989 0
1989 0
1989 0
1989 0
1989 0
1989 0
1989 0
1989 0
1989 0
1989 0
1989 0
1989 0
1989 0
1989 0
1989 0
1989 0
1989 0
1989 0
1989 0
1989 0
1989 0
1989 0
1989 0
1989 0
1989 0
1989 0
1989 0
1989 0
1989 0
1989 0
1989 0
1989 0
1989 0
1989 0
1989 0
1989 0
1989 0
1989 0
1989 0
1989 10
1989 10
1989 10
1989 10
1989 14
1989 15
1989 15
1989 17
1989 17
1989 17
1989 18
1989 15
1989 15
1989 15
1989 15
1989 29
1989 29
1989 25
1989 25
1989 25
1989 25
1989 22
1989 22
1989 22
1989 22
1989 22
1989 22
1989 22
1989 22
1989 20
1989 20
1989 20
1989 20
1989 20
1989 20
1989 20
1989 20
1989 20
1989 20
1989 20
1989 20
1989 20
1989 20
1989 20
1989 20
1989 20
1989 20
1989 20
1989 20
1989 20
1989 20
1989 20
1989 20
1989 20
1989 20
1989 20
1989 20
1989 20
1989 20
1989 20
1989 20
1989 20
1989 20
1989 20
1989 20
1989 20
1989 20
1989 20
1989 20
1989 20
1989 22
1989 23
1989 15
1989 15
1989 15
1989 13
1989 10
1989 10
1989 10
1989 0
1989 0
1989 0
1989 12
1989 13
1989 12
1989 12
1989 12
1989 10
1989 10
1989 8
1989 8
1989 8
1989 7
1989 3
1989 0
1989 0
1989 0
1989 0
1989 0
1989 0
1989 0
1989 0
1989 0
1989 0
1989 0
1989 0
1989 0
1989 0
1989 0
1989 0
1989 0
1989 0
1989 0
1989 0
1989 0
1989 0
1989 0
1989 0
1989 0
1989 0
1989 0
1989 0
1989 0
1989 0
1989 0
1989 0
1989 0
1989 0
1989 0
1989 0
1989 0
1989 0
1989 0
1989 0
1989 0
1989 0
1989 0
1989 0
1989 0
1989 0
1989 0
1989 0
1989 0
1989 4
1989 0
1989 0
1989 0
1989 0
1989 0
1989 0
1989 0
1989 0
1989 0
1989 0
1989 0
1989 0
1989 0
1989 0
1989 0
1989 0
1989 0
1989 0
1989 0
1989 0
1989 0
1989 0
1989 0
1989 0
1989 0
1989 0
1989 0
1989 0
1989 0
1989 0
1989 0
1989 0
1989 0
1989 0
1989 0
1989 0
1989 0
1989 0
1989 0
1989 0
1989 0
1989 0
1989 0
1989 0
1989 0
1989 0
1989 0
1989 0
1989 0
1989 0
1989 0
1989 0
1989 0
1989 0
1989 0
1989 0
1989 0
1989 0
1989 0
1989 0
1989 0
1989 0
1989 0
1989 0
1989 0
1989 0
1989 0
1989 0
1989 0
1989 0
1989 0
1989 0
1989 0
1989 0
1989 0
1989 0
1989 0
1989 0
1989 0
1989 0
1989 0
1989 0
1989 0
1989 0
1989 0
1989 0
1989 0
1989 0
1989 0
1989 0
1989 0
1989 0
1989 0
1989 0
1989 0
1989 0
1989 0
1989 0
1989 0
1989 0
1989 0
1989 0
1989 0
1989 0
1989 0
1989 0
1989 0
1989 0
1989 0
1989 0
1989 0
1989 0
1989 0
1989 0
1989 0
1989 0
1989 0
1989 0
1989 0
1989 0
1989 0
1989 0
1989 0
1989 0
1989 0
1989 0
1990 0
1990 0
1990 0
1990 0
1990 0
1990 0
1990 0
1990 0
1990 0
1990 0
1990 0
1990 0
1990 0
1990 0
1990 0
1990 0
1990 0
1990 0
1990 0
1990 0
1990 0
1990 0
1990 0
1990 0
1990 0
1990 0
1990 0
1990 0
1990 0
1990 0
1990 0
1990 0
1990 0
1990 0
1990 0
1990 0
1990 0
1990 0
1990 0
1990 0
1990 0
1990 0
1990 0
1990 0
1990 0
1990 0
1990 0
1990 0
1990 0
1990 0
1990 0
1990 0
1990 0
1990 0
1990 0
1990 0
1990 0
1990 0
1990 0
1990 0
1990 0
1990 0
1990 0
1990 0
1990 0
1990 0
1990 6
1990 5
1990 5
1990 5
1990 5
1990 0
1990 0
1990 0
1990 0
1990 0
1990 0
1990 0
1990 0
1990 0
1990 0
1990 0
1990 0
1990 0
1990 0
1990 0
1990 0
1990 0
1990 0
1990 0
1990 0
1990 0
1990 0
1990 0
1990 0
1990 0
1990 0
1990 0
1990 0
1990 0
1990 0
1990 0
1990 0
1990 0
1990 0
1990 0
1990 0
1990 0
1990 0
1990 0
1990 0
1990 0
1990 0
1990 0
1990 5
1990 5
1990 5
1990 5
1990 5
1990 5
1990 0
1990 0
1990 0
1990 0
1990 0
1990 0
1990 0
1990 10
1990 10
1990 9
1990 8
1990 7
1990 7
1990 7
1990 7
1990 7
1990 7
1990 5
1990 5
1990 5
1990 5
1990 5
1990 5
1990 5
1990 5
1990 5
1990 5
1990 7
1990 7
1990 5
1990 10
1990 8
1990 7
1990 7
1990 7
1990 5
1990 5
1990 5
1990 5
1990 5
1990 5
1990 5
1990 5
1990 5
1990 5
1990 10
1990 65
1990 40
1990 40
1990 40
1990 35
1990 30
1990 30
1990 20
1990 20
1990 20
1990 20
1990 20
1990 20
1990 19
1990 52
1990 40
1990 43
1990 35
1990 35
1990 30
1990 30
1990 30
1990 20
1990 20
1990 20
1990 20
1990 20
1990 10
1990 5
1990 5
1990 0
1990 0
1990 0
1990 0
1990 0
1990 0
1990 0
1990 0
1990 0
1990 0
1990 0
1990 0
1990 0
1990 0
1990 0
1990 0
1990 0
1990 0
1990 0
1990 0
1990 0
1990 0
1990 0
1990 0
1990 0
1990 0
1990 0
1990 0
1990 0
1990 0
1990 0
1990 0
1990 0
1990 0
1990 0
1990 0
1990 0
1990 0
1990 0
1990 0
1990 0
1990 0
1990 0
1990 0
1990 0
1990 0
1990 0
1990 0
1990 0
1990 0
1990 0
1990 0
1990 0
1990 0
1990 0
1990 0
1990 0
1990 0
1990 0
1990 0
1990 0
1990 0
1990 0
1990 0
1990 0
1990 0
1990 0
1990 0
1990 0
1990 0
1990 0
1990 0
1990 0
1990 0
1990 0
1990 0
1990 0
1990 0
1990 0
1990 0
1990 0
1990 0
1990 0
1990 0
1990 0
1990 0
1990 0
1990 0
1990 0
1990 0
1990 0
1990 0
1990 0
1990 0
1990 0
1990 0
1990 0
1990 0
1990 0
1990 0
1990 0
1990 0
1990 0
1990 0
1990 0
1990 0
1990 0
1990 0
1990 0
1990 0
1990 0
1990 0
1990 0
1990 0
1990 0
1990 0
1990 0
1990 0
1990 0
1990 0
1990 0
1990 0
1990 0
1990 0
1990 0
1990 0
1990 0
1990 0
1990 0
1990 0
1990 0
1990 0
1990 0
1990 0
1990 0
1990 0
1990 0
1990 0
1990 0
1990 0
1990 0
1990 0
1990 0
1990 0
1990 0
1990 0
1990 0
1990 0
1990 0
1990 0
1990 0
1990 0
1990 0
1990 0
1990 0
1990 0
1990 0
1990 0
1990 0
1990 0
1990 0
1990 0
1990 0
1990 0
1990 0
1990 0
1990 0
1990 0
1990 0
1991 0
1991 0
1991 0
1991 0
1991 0
1991 0
1991 0
1991 0
1991 0
1991 0
1991 0
1991 0
1991 0
1991 0
1991 0
1991 0
1991 0
1991 0
1991 0
1991 0
1991 0
1991 0
1991 0
1991 0
1991 0
1991 0
1991 0
1991 0
1991 0
1991 0
1991 0
1991 0
1991 0
1991 0
1991 0
1991 0
1991 0
1991 0
1991 0
1991 0
1991 0
1991 0
1991 0
1991 0
1991 0
1991 0
1991 0
1991 0
1991 0
1991 0
1991 0
1991 0
1991 0
1991 0
1991 0
1991 0
1991 0
1991 0
1991 0
1991 0
1991 0
1991 0
1991 0
1991 0
1991 0
1991 0
1991 0
1991 0
1991 0
1991 0
1991 0
1991 0
1991 0
1991 0
1991 0
1991 0
1991 0
1991 0
1991 0
1991 0
1991 0
1991 0
1991 0
1991 0
1991 0
1991 8
1991 10
1991 13
1991 13
1991 13
1991 13
1991 13
1991 13
1991 13
1991 13
1991 18
1991 18
1991 18
1991 18
1991 15
1991 30
1991 30
1991 30
1991 30
1991 30
1991 30
1991 30
1991 30
1991 30
1991 30
1991 30
1991 30
1991 30
1991 30
1991 30
1991 27
1991 27
1991 30
1991 30
1991 30
1991 30
1991 30
1991 33
1991 34
1991 27
1991 27
1991 37
1991 37
1991 37
1991 28
1991 28
1991 28
1991 28
1991 28
1991 40
1991 40
1991 40
1991 40
1991 40
1991 40
1991 40
1991 40
1991 40
1991 40
1991 38
1991 38
1991 38
1991 37
1991 37
1991 35
1991 35
1991 35
1991 35
1991 35
1991 35
1991 35
1991 35
1991 35
1991 35
1991 35
1991 35
1991 35
1991 59
1991 60
1991 60
1991 55
1991 55
1991 55
1991 75
1991 59
1991 58
1991 55
1991 48
1991 48
1991 45
1991 40
1991 37
1991 30
1991 30
1991 30
1991 20
1991 20
1991 20
1991 8
1991 5
1991 0
1991 0
1991 0
1991 0
1991 0
1991 0
1991 0
1991 0
1991 0
1991 0
1991 0
1991 0
1991 0
1991 0
1991 0
1991 0
1991 0
1991 0
1991 0
1991 0
1991 0
1991 0
1991 0
1991 0
1991 0
1991 0
1991 0
1991 0
1991 0
1991 0
1991 0
1991 0
1991 0
1991 0
1991 0
1991 0
1991 0
1991 0
1991 0
1991 0
1991 0
1991 0
1991 0
1991 0
1991 0
1991 0
1991 0
1991 0
1991 0
1991 0
1991 0
1991 0
1991 0
1991 0
1991 0
1991 0
1991 0
1991 0
1991 0
1991 0
1991 0
1991 0
1991 0
1991 0
1991 0
1991 0
1991 0
1991 0
1991 0
1991 0
1991 0
1991 0
1991 0
1991 0
1991 0
1991 0
1991 0
1991 0
1991 0
1991 0
1991 0
1991 0
1991 0
1991 0
1991 0
1991 0
1991 0
1991 0
1991 0
1991 0
1991 0
1991 0
1991 0
1991 0
1991 0
1991 0
1991 0
1991 0
1991 0
1991 0
1991 0
1991 0
1991 0
1991 0
1991 0
1991 0
1991 0
1991 0
1991 0
1991 0
1991 0
1991 0
1991 0
1991 0
1991 0
1991 0
1991 0
1991 0
1991 0
1991 0
1991 0
1991 0
1991 0
1991 0
1991 0
1991 0
1991 0
1991 0
1991 0
1991 0
1991 0
1991 0
1991 0
1991 0
1991 0
1991 0
1991 0
1991 0
1991 0
1991 0
1991 0
1991 0
1991 0
1991 0
1991 0
1991 0
1991 0
1991 0
1991 0
1991 0
1991 0
1991 0
1991 0
1991 0
1991 0
1991 0
1991 0
1991 0
1991 0
1991 0
1991 0
1991 0
1991 0
1991 0
1991 0
1991 0
1991 0
1991 0
1991 0
1991 0
1991 0
1991 0
1991 0
1991 0
1991 0
1991 0
1991 0
1991 0
1991 0
1991 0
1992 0
1992 0
1992 0
1992 0
1992 0
1992 0
1992 0
1992 0
1992 0
1992 0
1992 0
1992 0
1992 0
1992 0
1992 0
1992 0
1992 0
1992 0
1992 0
1992 0
1992 0
1992 0
1992 0
1992 0
1992 0
1992 0
1992 0
1992 0
1992 0
1992 0
1992 0
1992 0
1992 0
1992 0
1992 0
1992 0
1992 0
1992 0
1992 0
1992 0
1992 0
1992 0
1992 0
1992 0
1992 0
1992 0
1992 0
1992 0
1992 0
1992 0
1992 0
1992 0
1992 0
1992 0
1992 0
1992 0
1992 0
1992 0
1992 0
1992 0
1992 0
1992 0
1992 0
1992 0
1992 0
1992 0
1992 0
1992 0
1992 0
1992 0
1992 0
1992 0
1992 0
1992 0
1992 10
1992 10
1992 16
1992 11
1992 11
1992 10
1992 12
1992 10
1992 10
1992 10
1992 10
1992 10
1992 10
1992 10
1992 10
1992 10
1992 8
1992 7
1992 7
1992 7
1992 6
1992 6
1992 6
1992 6
1992 6
1992 6
1992 6
1992 6
1992 6
1992 6
1992 6
1992 6
1992 5
1992 10
1992 20
1992 58
1992 60
1992 88
1992 76
1992 70
1992 70
1992 70
1992 70
1992 70
1992 62
1992 62
1992 60
1992 60
1992 60
1992 58
1992 56
1992 55
1992 55
1992 55
1992 55
1992 53
1992 50
1992 54
1992 53
1992 50
1992 50
1992 50
1992 50
1992 50
1992 50
1992 50
1992 50
1992 50
1992 50
1992 50
1992 50
1992 50
1992 50
1992 50
1992 50
1992 50
1992 50
1992 50
1992 50
1992 50
1992 50
1992 50
1992 72
1992 100
1992 88
1992 85
1992 85
1992 85
1992 85
1992 85
1992 68
1992 68
1992 64
1992 64
1992 60
1992 63
1992 62
1992 62
1992 62
1992 62
1992 60
1992 60
1992 60
1992 55
1992 55
1992 50
1992 50
1992 45
1992 45
1992 45
1992 45
1992 45
1992 45
1992 40
1992 40
1992 40
1992 35
1992 35
1992 35
1992 35
1992 25
1992 10
1992 15
1992 15
1992 15
1992 10
1992 10
1992 10
1992 10
1992 12
1992 10
1992 15
1992 15
1992 15
1992 10
1992 10
1992 10
1992 10
1992 10
1992 10
1992 5
1992 5
1992 0
1992 0
1992 0
1992 0
1992 0
1992 0
1992 0
1992 0
1992 0
1992 0
1992 0
1992 0
1992 0
1992 0
1992 0
1992 0
1992 0
1992 0
1992 0
1992 0
1992 0
1992 0
1992 0
1992 0
1992 0
1992 4
1992 0
1992 0
1992 0
1992 0
1992 0
1992 0
1992 0
1992 0
1992 0
1992 0
1992 0
1992 0
1992 0
1992 0
1992 0
1992 0
1992 0
1992 0
1992 0
1992 0
1992 0
1992 0
1992 0
1992 0
1992 0
1992 0
1992 0
1992 0
1992 0
1992 0
1992 0
1992 0
1992 0
1992 0
1992 0
1992 0
1992 0
1992 0
1992 0
1992 0
1992 0
1992 0
1992 0
1992 0
1992 0
1992 0
1992 0
1992 0
1992 0
1992 0
1992 0
1992 0
1992 0
1992 0
1992 0
1992 0
1992 0
1992 0
1992 0
1992 0
1992 0
1992 0
1992 0
1992 0
1992 0
1992 0
1992 0
1992 0
1992 0
1992 0
1992 0
1992 0
1992 0
1992 0
1992 0
1992 0
1992 0
1992 0
1992 0
1992 0
1992 0
1992 0
1992 0
1992 0
1992 0
1992 0
1992 0
1992 0
1992 0
1992 0
1992 0
1992 0
1992 0
1992 0
1992 0
1992 0
1992 0
1992 0
1992 0
1992 0
1992 0
1992 0
1992 0
1992 0
1992 0
1992 0
1992 0
1992 0
1992 0
1992 0
1992 0
1992 0
1992 0
1992 0
1992 0
1992 0
1992 0
1992 0
1992 0
1992 0
1992 0
1992 0
1992 0
1992 0
1993 0
1993 0
1993 0
1993 0
1993 0
1993 0
1993 0
1993 0
1993 0
1993 0
1993 0
1993 0
1993 0
1993 0
1993 0
1993 0
1993 0
1993 0
1993 0
1993 0
1993 0
1993 0
1993 0
1993 0
1993 0
1993 0
1993 0
1993 0
1993 0
1993 0
1993 0
1993 0
1993 0
1993 0
1993 0
1993 0
1993 0
1993 0
1993 0
1993 0
1993 0
1993 0
1993 0
1993 0
1993 0
1993 0
1993 0
1993 0
1993 0
1993 0
1993 0
1993 0
1993 0
1993 0
1993 0
1993 0
1993 0
1993 0
1993 0
1993 0
1993 0
1993 0
1993 0
1993 0
1993 0
1993 0
1993 0
1993 0
1993 0
1993 0
1993 0
1993 0
1993 0
1993 0
1993 0
1993 0
1993 10
1993 20
1993 22
1993 22
1993 26
1993 30
1993 18
1993 10
1993 10
1993 10
1993 10
1993 10
1993 10
1993 8
1993 6
1993 6
1993 4
1993 4
1993 16
1993 40
1993 38
1993 40
1993 45
1993 46
1993 44
1993 42
1993 40
1993 36
1993 36
1993 36
1993 34
1993 33
1993 33
1993 33
1993 31
1993 31
1993 31
1993 30
1993 30
1993 30
1993 30
1993 27
1993 27
1993 27
1993 25
1993 25
1993 25
1993 25
1993 25
1993 25
1993 25
1993 25
1993 22
1993 22
1993 17
1993 13
1993 12
1993 10
1993 10
1993 8
1993 8
1993 8
1993 8
1993 8
1993 8
1993 8
1993 8
1993 8
1993 8
1993 5
1993 4
1993 4
1993 18
1993 20
1993 17
1993 17
1993 15
1993 15
1993 15
1993 15
1993 15
1993 15
1993 12
1993 9
1993 9
1993 9
1993 7
1993 7
1993 7
1993 7
1993 7
1993 7
1993 7
1993 7
1993 7
1993 10
1993 22
1993 30
1993 25
1993 25
1993 25
1993 23
1993 20
1993 20
1993 20
1993 20
1993 20
1993 23
1993 23
1993 23
1993 20
1993 21
1993 19
1993 18
1993 18
1993 18
1993 17
1993 15
1993 13
1993 13
1993 13
1993 11
1993 10
1993 7
1993 4
1993 0
1993 0
1993 0
1993 3
1993 6
1993 6
1993 3
1993 0
1993 0
1993 0
1993 0
1993 0
1993 0
1993 0
1993 0
1993 0
1993 0
1993 3
1993 0
1993 0
1993 0
1993 0
1993 0
1993 0
1993 0
1993 0
1993 0
1993 0
1993 0
1993 0
1993 0
1993 0
1993 0
1993 0
1993 0
1993 0
1993 0
1993 0
1993 0
1993 0
1993 0
1993 0
1993 0
1993 0
1993 0
1993 0
1993 0
1993 0
1993 0
1993 0
1993 0
1993 0
1993 0
1993 0
1993 0
1993 0
1993 0
1993 0
1993 0
1993 0
1993 0
1993 0
1993 0
1993 0
1993 0
1993 0
1993 0
1993 0
1993 0
1993 0
1993 0
1993 0
1993 0
1993 0
1993 0
1993 0
1993 0
1993 0
1993 0
1993 0
1993 0
1993 0
1993 0
1993 0
1993 0
1993 0
1993 0
1993 0
1993 0
1993 0
1993 0
1993 0
1993 0
1993 0
1993 0
1993 0
1993 0
1993 0
1993 0
1993 0
1993 0
1993 0
1993 0
1993 0
1993 0
1993 0
1993 0
1993 0
1993 0
1993 0
1993 0
1993 0
1993 0
1993 0
1993 0
1993 0
1993 0
1993 0
1993 0
1993 0
1993 0
1993 0
1993 0
1993 0
1993 0
1993 0
1993 0
1993 0
1993 0
1993 0
1993 0
1993 0
1993 0
1993 0
1993 0
1993 0
1993 0
1993 0
1993 0
1993 0
1993 0
1993 0
1993 0
1993 0
1993 0
1993 0
1993 0
1993 0
1993 0
1993 0
1993 0
1993 0
1993 0
1993 0
1993 0
1993 0
1993 0
1993 0
1993 0
1993 0
1993 0
1993 0
1993 0
1993 0
1994 0
1994 0
1994 0
1994 0
1994 0
1994 0
1994 0
1994 0
1994 0
1994 0
1994 0
1994 0
1994 0
1994 0
1994 0
1994 0
1994 0
1994 0
1994 0
1994 0
1994 0
1994 0
1994 0
1994 0
1994 0
1994 0
1994 0
1994 0
1994 0
1994 0
1994 0
1994 0
1994 0
1994 0
1994 0
1994 0
1994 0
1994 0
1994 0
1994 0
1994 0
1994 0
1994 0
1994 0
1994 0
1994 0
1994 0
1994 0
1994 0
1994 0
1994 0
1994 0
1994 0
1994 0
1994 0
1994 0
1994 0
1994 0
1994 0
1994 0
1994 0
1994 0
1994 0
1994 0
1994 0
1994 0
1994 0
1994 0
1994 0
1994 0
1994 0
1994 0
1994 3
1994 3
1994 3
1994 3
1994 0
1994 0
1994 0
1994 0
1994 0
1994 0
1994 0
1994 0
1994 0
1994 0
1994 0
1994 0
1994 0
1994 0
1994 0
1994 0
1994 0
1994 0
1994 0
1994 0
1994 0
1994 0
1994 13
1994 10
1994 10
1994 9
1994 13
1994 11
1994 20
1994 20
1994 25
1994 32
1994 31
1994 33
1994 15
1994 14
1994 14
1994 13
1994 24
1994 35
1994 35
1994 35
1994 33
1994 33
1994 33
1994 30
1994 60
1994 70
1994 65
1994 68
1994 68
1994 65
1994 50
1994 40
1994 40
1994 40
1994 36
1994 34
1994 30
1994 29
1994 29
1994 29
1994 29
1994 29
1994 29
1994 29
1994 29
1994 29
1994 29
1994 31
1994 30
1994 31
1994 33
1994 50
1994 60
1994 50
1994 50
1994 50
1994 50
1994 48
1994 48
1994 48
1994 43
1994 43
1994 53
1994 50
1994 50
1994 65
1994 62
1994 60
1994 60
1994 60
1994 55
1994 53
1994 53
1994 52
1994 50
1994 50
1994 48
1994 45
1994 45
1994 45
1994 42
1994 42
1994 40
1994 39
1994 38
1994 30
1994 33
1994 30
1994 30
1994 30
1994 28
1994 28
1994 25
1994 10
1994 8
1994 5
1994 0
1994 0
1994 0
1994 0
1994 0
1994 0
1994 0
1994 0
1994 0
1994 0
1994 0
1994 0
1994 0
1994 0
1994 0
1994 0
1994 0
1994 0
1994 0
1994 0
1994 0
1994 0
1994 0
1994 0
1994 0
1994 0
1994 0
1994 0
1994 0
1994 0
1994 0
1994 0
1994 0
1994 0
1994 0
1994 0
1994 0
1994 0
1994 0
1994 0
1994 0
1994 0
1994 0
1994 0
1994 0
1994 0
1994 0
1994 0
1994 0
1994 0
1994 0
1994 0
1994 0
1994 0
1994 0
1994 0
1994 0
1994 0
1994 0
1994 0
1994 0
1994 0
1994 0
1994 0
1994 0
1994 0
1994 0
1994 0
1994 0
1994 0
1994 0
1994 0
1994 0
1994 0
1994 0
1994 0
1994 0
1994 0
1994 0
1994 0
1994 0
1994 0
1994 0
1994 0
1994 0
1994 0
1994 0
1994 0
1994 0
1994 0
1994 0
1994 0
1994 0
1994 0
1994 0
1994 0
1994 0
1994 0
1994 0
1994 0
1994 0
1994 0
1994 0
1994 0
1994 0
1994 0
1994 0
1994 0
1994 0
1994 0
1994 0
1994 0
1994 0
1994 0
1994 0
1994 0
1994 0
1994 0
1994 0
1994 0
1994 0
1994 0
1994 0
1994 0
1994 0
1994 0
1994 0
1994 0
1994 0
1994 0
1994 0
1994 0
1994 0
1994 0
1994 0
1994 0
1994 0
1994 0
1994 0
1994 0
1994 0
1994 0
1994 0
1994 0
1994 0
1994 0
1994 0
1994 0
1994 0
1994 0
1994 0
1994 0
1994 0
1994 0
1994 0
1994 0
1994 0
1994 0
1994 0
1994 0
1994 0
1994 0
1994 0
1994 0
1994 0
1994 0
1994 0
1994 0
1994 0
1994 0
1994 0
1995 0
1995 0
1995 0
1995 0
1995 0
1995 0
1995 0
1995 0
1995 0
1995 0
1995 0
1995 0
1995 0
1995 0
1995 0
1995 0
1995 0
1995 0
1995 0
1995 0
1995 0
1995 0
1995 0
1995 0
1995 0
1995 0
1995 0
1995 0
1995 0
1995 0
1995 0
1995 0
1995 0
1995 0
1995 0
1995 0
1995 0
1995 0
1995 0
1995 0
1995 0
1995 0
1995 0
1995 0
1995 0
1995 0
1995 0
1995 0
1995 0
1995 0
1995 0
1995 0
1995 0
1995 0
1995 0
1995 0
1995 0
1995 0
1995 0
1995 0
1995 0
1995 0
1995 0
1995 0
1995 0
1995 0
1995 0
1995 0
1995 0
1995 0
1995 0
1995 0
1995 0
1995 0
1995 0
1995 0
1995 0
1995 0
1995 0
1995 0
1995 0
1995 0
1995 0
1995 0
1995 0
1995 0
1995 0
1995 0
1995 0
1995 0
1995 0
1995 0
1995 0
1995 0
1995 0
1995 0
1995 0
1995 0
1995 0
1995 0
1995 0
1995 0
1995 0
1995 0
1995 0
1995 0
1995 0
1995 0
1995 0
1995 0
1995 17
1995 18
1995 16
1995 15
1995 15
1995 15
1995 15
1995 15
1995 12
1995 12
1995 13
1995 17
1995 18
1995 18
1995 22
1995 22
1995 22
1995 22
1995 20
1995 20
1995 20
1995 34
1995 100
1995 98
1995 85
1995 75
1995 70
1995 70
1995 70
1995 65
1995 64
1995 64
1995 65
1995 65
1995 63
1995 64
1995 80
1995 60
1995 67
1995 67
1995 70
1995 71
1995 57
1995 56
1995 49
1995 47
1995 47
1995 47
1995 45
1995 45
1995 45
1995 50
1995 50
1995 50
1995 50
1995 50
1995 51
1995 50
1995 50
1995 50
1995 60
1995 55
1995 53
1995 50
1995 50
1995 51
1995 52
1995 60
1995 61
1995 53
1995 50
1995 49
1995 46
1995 46
1995 60
1995 58
1995 58
1995 58
1995 58
1995 58
1995 54
1995 52
1995 50
1995 43
1995 42
1995 42
1995 42
1995 40
1995 45
1995 42
1995 44
1995 43
1995 35
1995 30
1995 26
1995 16
1995 14
1995 14
1995 13
1995 30
1995 25
1995 25
1995 20
1995 20
1995 10
1995 10
1995 5
1995 0
1995 0
1995 0
1995 0
1995 0
1995 0
1995 0
1995 0
1995 0
1995 0
1995 0
1995 0
1995 0
1995 0
1995 0
1995 0
1995 0
1995 0
1995 0
1995 0
1995 0
1995 0
1995 0
1995 0
1995 0
1995 0
1995 0
1995 0
1995 0
1995 0
1995 0
1995 0
1995 0
1995 0
1995 0
1995 0
1995 0
1995 0
1995 0
1995 0
1995 0
1995 0
1995 0
1995 0
1995 0
1995 0
1995 0
1995 0
1995 0
1995 0
1995 0
1995 0
1995 0
1995 0
1995 0
1995 0
1995 0
1995 0
1995 0
1995 0
1995 0
1995 0
1995 0
1995 0
1995 0
1995 0
1995 0
1995 0
1995 0
1995 0
1995 0
1995 0
1995 0
1995 0
1995 0
1995 0
1995 0
1995 0
1995 0
1995 0
1995 0
1995 0
1995 0
1995 0
1995 0
1995 0
1995 0
1995 0
1995 0
1995 0
1995 0
1995 0
1995 0
1995 0
1995 0
1995 0
1995 0
1995 0
1995 0
1995 0
1995 0
1995 0
1995 0
1995 0
1995 0
1995 0
1995 0
1995 0
1995 0
1995 0
1995 0
1995 0
1995 0
1995 0
1995 0
1995 0
1995 0
1995 0
1995 0
1995 0
1995 0
1995 0
1995 0
1995 0
1995 0
1995 0
1995 0
1995 0
1995 0
1995 0
1995 0
1995 0
1995 0
1995 0
1995 0
1995 0
1995 0
1995 0
1995 0
1995 0
1995 0
1995 0
1995 0
1995 0
1995 0
1995 0
1995 0
1995 0
1996 0
1996 0
1996 0
1996 0
1996 0
1996 0
1996 0
1996 0
1996 0
1996 0
1996 0
1996 0
1996 0
1996 0
1996 0
1996 0
1996 0
1996 0
1996 0
1996 0
1996 0
1996 0
1996 0
1996 0
1996 0
1996 0
1996 0
1996 0
1996 0
1996 0
1996 0
1996 0
1996 0
1996 0
1996 0
1996 0
1996 0
1996 0
1996 0
1996 0
1996 0
1996 0
1996 0
1996 0
1996 0
1996 0
1996 0
1996 0
1996 0
1996 0
1996 0
1996 0
1996 0
1996 0
1996 0
1996 0
1996 0
1996 0
1996 0
1996 0
1996 0
1996 0
1996 0
1996 0
1996 3
1996 3
1996 0
1996 0
1996 0
1996 0
1996 0
1996 0
1996 0
1996 0
1996 0
1996 0
1996 0
1996 0
1996 0
1996 0
1996 10
1996 7
1996 6
1996 6
1996 6
1996 6
1996 5
1996 4
1996 0
1996 7
1996 5
1996 0
1996 0
1996 0
1996 0
1996 0
1996 0
1996 0
1996 0
1996 0
1996 0
1996 0
1996 0
1996 0
1996 0
1996 4
1996 4
1996 4
1996 14
1996 20
1996 20
1996 15
1996 15
1996 13
1996 13
1996 13
1996 15
1996 22
1996 22
1996 22
1996 20
1996 24
1996 26
1996 26
1996 26
1996 19
1996 17
1996 17
1996 17
1996 19
1996 19
1996 17
1996 15
1996 12
1996 11
1996 10
1996 10
1996 10
1996 10
1996 9
1996 9
1996 9
1996 8
1996 7
1996 6
1996 6
1996 6
1996 7
1996 7
1996 6
1996 6
1996 6
1996 6
1996 6
1996 6
1996 10
1996 10
1996 10
1996 10
1996 10
1996 10
1996 8
1996 8
1996 8
1996 8
1996 10
1996 11
1996 11
1996 11
1996 20
1996 23
1996 29
1996 29
1996 30
1996 30
1996 30
1996 28
1996 28
1996 26
1996 26
1996 23
1996 15
1996 15
1996 14
1996 14
1996 14
1996 10
1996 10
1996 10
1996 10
1996 8
1996 6
1996 6
1996 6
1996 6
1996 5
1996 4
1996 4
1996 3
1996 3
1996 0
1996 0
1996 0
1996 0
1996 0
1996 0
1996 0
1996 0
1996 0
1996 0
1996 0
1996 0
1996 0
1996 0
1996 3
1996 0
1996 0
1996 0
1996 0
1996 0
1996 0
1996 0
1996 0
1996 0
1996 0
1996 0
1996 0
1996 0
1996 0
1996 0
1996 0
1996 0
1996 0
1996 0
1996 0
1996 0
1996 0
1996 0
1996 0
1996 0
1996 0
1996 0
1996 0
1996 0
1996 0
1996 0
1996 0
1996 0
1996 0
1996 0
1996 0
1996 0
1996 0
1996 0
1996 0
1996 0
1996 0
1996 0
1996 0
1996 0
1996 0
1996 0
1996 0
1996 0
1996 0
1996 0
1996 0
1996 0
1996 0
1996 0
1996 0
1996 0
1996 0
1996 0
1996 0
1996 0
1996 0
1996 0
1996 0
1996 0
1996 0
1996 0
1996 0
1996 0
1996 0
1996 0
1996 0
1996 0
1996 0
1996 0
1996 0
1996 0
1996 0
1996 0
1996 0
1996 0
1996 0
1996 0
1996 0
1996 0
1996 0
1996 0
1996 0
1996 0
1996 0
1996 0
1996 0
1996 0
1996 0
1996 0
1996 0
1996 0
1996 0
1996 0
1996 0
1996 0
1996 0
1996 0
1996 0
1996 0
1996 0
1996 0
1996 0
1996 0
1996 0
1996 0
1996 0
1996 0
1996 0
1996 0
1996 0
1996 0
1996 0
1996 0
1996 0
1996 0
1996 0
1996 0
1996 0
1996 0
1996 0
1996 0
1996 0
1996 0
1996 0
1996 0
1996 0
1996 0
1996 0
1996 0
1996 0
1996 0
1996 0
1996 0
1996 0
1996 0
1996 0
1996 0
1996 0
1996 0
1996 0
1996 0
1996 0
1996 0
1996 0
1996 0
1997 0
1997 0
1997 0
1997 0
1997 0
1997 0
1997 0
1997 0
1997 0
1997 0
1997 0
1997 0
1997 0
1997 0
1997 0
1997 0
1997 0
1997 0
1997 0
1997 0
1997 0
1997 0
1997 0
1997 0
1997 0
1997 0
1997 0
1997 0
1997 0
1997 0
1997 0
1997 0
1997 0
1997 0
1997 0
1997 0
1997 0
1997 0
1997 0
1997 0
1997 0
1997 0
1997 0
1997 0
1997 0
1997 0
1997 0
1997 0
1997 0
1997 0
1997 0
1997 0
1997 0
1997 0
1997 0
1997 0
1997 0
1997 0
1997 0
1997 0
1997 0
1997 0
1997 0
1997 0
1997 0
1997 0
1997 0
1997 0
1997 0
1997 0
1997 0
1997 0
1997 0
1997 0
1997 40
1997 40
1997 38
1997 29
1997 19
1997 16
1997 18
1997 15
1997 18
1997 18
1997 19
1997 19
1997 28
1997 25
1997 27
1997 27
1997 60
1997 65
1997 68
1997 65
1997 65
1997 60
1997 55
1997 55
1997 55
1997 45
1997 43
1997 41
1997 35
1997 35
1997 40
1997 40
1997 36
1997 36
1997 34
1997 32
1997 29
1997 27
1997 30
1997 30
1997 30
1997 30
1997 30
1997 30
1997 30
1997 30
1997 30
1997 30
1997 35
1997 36
1997 38
1997 40
1997 38
1997 35
1997 35
1997 33
1997 33
1997 30
1997 30
1997 30
1997 30
1997 29
1997 27
1997 27
1997 27
1997 27
1997 27
1997 31
1997 33
1997 32
1997 32
1997 32
1997 32
1997 32
1997 32
1997 30
1997 30
1997 30
1997 30
1997 30
1997 30
1997 30
1997 30
1997 32
1997 35
1997 35
1997 32
1997 32
1997 30
1997 27
1997 30
1997 30
1997 48
1997 45
1997 45
1997 40
1997 40
1997 50
1997 50
1997 50
1997 45
1997 45
1997 42
1997 35
1997 31
1997 43
1997 41
1997 40
1997 38
1997 36
1997 34
1997 30
1997 30
1997 25
1997 25
1997 24
1997 22
1997 15
1997 5
1997 0
1997 0
1997 0
1997 0
1997 0
1997 0
1997 0
1997 0
1997 0
1997 0
1997 0
1997 0
1997 0
1997 0
1997 0
1997 0
1997 3
1997 0
1997 0
1997 0
1997 0
1997 0
1997 0
1997 0
1997 0
1997 0
1997 0
1997 0
1997 0
1997 0
1997 0
1997 0
1997 0
1997 0
1997 0
1997 0
1997 0
1997 0
1997 0
1997 0
1997 0
1997 0
1997 0
1997 0
1997 0
1997 0
1997 0
1997 0
1997 0
1997 0
1997 0
1997 0
1997 0
1997 0
1997 0
1997 0
1997 0
1997 0
1997 0
1997 0
1997 0
1997 0
1997 0
1997 0
1997 0
1997 0
1997 0
1997 0
1997 0
1997 0
1997 0
1997 0
1997 0
1997 0
1997 0
1997 0
1997 0
1997 0
1997 0
1997 0
1997 0
1997 0
1997 0
1997 0
1997 0
1997 0
1997 0
1997 0
1997 0
1997 0
1997 0
1997 0
1997 0
1997 0
1997 0
1997 0
1997 0
1997 0
1997 0
1997 0
1997 0
1997 0
1997 0
1997 0
1997 0
1997 0
1997 0
1997 0
1997 0
1997 0
1997 0
1997 0
1997 0
1997 0
1997 0
1997 0
1997 0
1997 0
1997 0
1997 0
1997 0
1997 0
1997 0
1997 0
1997 0
1997 0
1997 0
1997 0
1997 0
1997 0
1997 0
1997 0
1997 0
1997 0
1997 0
1997 0
1997 0
1997 0
1997 0
1997 0
1997 0
1997 0
1997 0
1997 0
1997 0
1997 0
1997 0
1997 0
1997 0
1997 0
1997 0
1997 0
1997 0
1997 0
1997 0
1997 0
1997 0
1997 0
1997 0
1997 0
1997 0
1997 0
1997 0
1997 0
1997 0
1997 0
1997 0
1997 0
1997 0
1997 0
1997 0
1997 0
1998 0
1998 0
1998 0
1998 0
1998 0
1998 0
1998 0
1998 0
1998 0
1998 0
1998 0
1998 0
1998 0
1998 0
1998 0
1998 0
1998 0
1998 0
1998 0
1998 0
1998 0
1998 0
1998 0
1998 0
1998 0
1998 0
1998 0
1998 0
1998 0
1998 0
1998 0
1998 0
1998 0
1998 0
1998 0
1998 0
1998 0
1998 0
1998 0
1998 0
1998 0
1998 0
1998 0
1998 0
1998 0
1998 0
1998 0
1998 0
1998 0
1998 0
1998 0
1998 0
1998 0
1998 0
1998 0
1998 0
1998 0
1998 0
1998 0
1998 0
1998 0
1998 0
1998 0
1998 0
1998 0
1998 0
1998 0
1998 0
1998 0
1998 0
1998 0
1998 0
1998 0
1998 0
1998 0
1998 0
1998 0
1998 0
1998 0
1998 0
1998 0
1998 0
1998 0
1998 0
1998 0
1998 0
1998 0
1998 0
1998 0
1998 0
1998 0
1998 0
1998 0
1998 0
1998 0
1998 0
1998 0
1998 0
1998 0
1998 0
1998 0
1998 0
1998 5
1998 20
1998 20
1998 17
1998 17
1998 17
1998 15
1998 14
1998 5
1998 5
1998 4
1998 4
1998 4
1998 4
1998 17
1998 12
1998 13
1998 13
1998 13
1998 11
1998 11
1998 11
1998 10
1998 20
1998 20
1998 35
1998 25
1998 25
1998 20
1998 20
1998 20
1998 19
1998 19
1998 15
1998 18
1998 19
1998 35
1998 35
1998 30
1998 38
1998 38
1998 38
1998 38
1998 38
1998 39
1998 37
1998 35
1998 35
1998 35
1998 35
1998 33
1998 30
1998 30
1998 27
1998 27
1998 26
1998 24
1998 24
1998 20
1998 18
1998 18
1998 16
1998 14
1998 12
1998 12
1998 12
1998 12
1998 12
1998 12
1998 9
1998 7
1998 6
1998 5
1998 7
1998 3
1998 0
1998 0
1998 0
1998 0
1998 0
1998 0
1998 0
1998 0
1998 0
1998 0
1998 0
1998 0
1998 0
1998 0
1998 0
1998 0
1998 0
1998 0
1998 0
1998 0
1998 0
1998 0
1998 0
1998 0
1998 0
1998 0
1998 0
1998 0
1998 0
1998 0
1998 0
1998 0
1998 0
1998 0
1998 0
1998 0
1998 0
1998 0
1998 0
1998 0
1998 0
1998 0
1998 0
1998 0
1998 0
1998 0
1998 0
1998 0
1998 0
1998 0
1998 0
1998 0
1998 0
1998 0
1998 0
1998 0
1998 0
1998 0
1998 0
1998 0
1998 0
1998 0
1998 0
1998 0
1998 0
1998 0
1998 0
1998 0
1998 0
1998 0
1998 0
1998 0
1998 0
1998 0
1998 0
1998 0
1998 0
1998 0
1998 0
1998 0
1998 0
1998 0
1998 0
1998 0
1998 0
1998 0
1998 0
1998 0
1998 0
1998 0
1998 0
1998 0
1998 0
1998 0
1998 0
1998 0
1998 0
1998 0
1998 0
1998 0
1998 0
1998 0
1998 0
1998 0
1998 0
1998 0
1998 0
1998 0
1998 0
1998 0
1998 0
1998 0
1998 0
1998 0
1998 0
1998 0
1998 0
1998 0
1998 0
1998 0
1998 0
1998 0
1998 0
1998 0
1998 0
1998 0
1998 0
1998 0
1998 0
1998 0
1998 0
1998 0
1998 0
1998 0
1998 0
1998 0
1998 0
1998 0
1998 0
1998 0
1998 0
1998 0
1998 0
1998 0
1998 0
1998 0
1998 0
1998 0
1998 0
1998 0
1998 0
1998 0
1998 0
1998 0
1998 0
1998 0
1998 0
1998 0
1998 0
1998 0
1998 0
1998 0
1998 0
1998 0
1998 0
1998 0
1998 0
1998 0
1998 0
1998 0
1998 0
1998 0
1998 0
1998 0
1998 0
1998 0
1998 0
1998 0
1998 0
1998 0
1998 0
1998 0
1998 0
1998 0
1998 0
1998 0
1998 0
1998 0
1999 0
1999 0
1999 0
1999 0
1999 0
1999 0
1999 0
1999 0
1999 0
1999 0
1999 0
1999 0
1999 0
1999 0
1999 0
1999 0
1999 0
1999 0
1999 0
1999 0
1999 0
1999 0
1999 0
1999 0
1999 0
1999 0
1999 0
1999 0
1999 0
1999 0
1999 0
1999 0
1999 0
1999 0
1999 0
1999 0
1999 0
1999 0
1999 0
1999 0
1999 0
1999 0
1999 0
1999 0
1999 0
1999 0
1999 0
1999 0
1999 0
1999 0
1999 0
1999 0
1999 0
1999 0
1999 0
1999 0
1999 0
1999 0
1999 0
1999 0
1999 0
1999 0
1999 0
1999 0
1999 0
1999 0
1999 0
1999 0
1999 0
1999 0
1999 0
1999 0
1999 0
1999 0
1999 0
1999 5
1999 8
1999 5
1999 5
1999 0
1999 0
1999 0
1999 0
1999 0
1999 3
1999 0
1999 5
1999 4
1999 0
1999 0
1999 0
1999 0
1999 0
1999 0
1999 0
1999 0
1999 10
1999 12
1999 12
1999 12
1999 12
1999 14
1999 16
1999 10
1999 10
1999 10
1999 10
1999 9
1999 9
1999 9
1999 9
1999 11
1999 11
1999 10
1999 10
1999 10
1999 5
1999 5
1999 5
1999 5
1999 5
1999 5
1999 5
1999 5
1999 5
1999 12
1999 12
1999 12
1999 12
1999 12
1999 13
1999 11
1999 12
1999 12
1999 15
1999 16
1999 16
1999 16
1999 16
1999 15
1999 15
1999 14
1999 14
1999 14
1999 14
1999 14
1999 10
1999 9
1999 24
1999 60
1999 75
1999 75
1999 68
1999 68
1999 66
1999 40
1999 40
1999 33
1999 69
1999 80
1999 74
1999 85
1999 80
1999 77
1999 77
1999 77
1999 78
1999 80
1999 80
1999 85
1999 90
1999 87
1999 70
1999 62
1999 80
1999 87
1999 115
1999 116
1999 110
1999 107
1999 75
1999 75
1999 65
1999 60
1999 57
1999 65
1999 75
1999 75
1999 73
1999 68
1999 66
1999 60
1999 55
1999 50
1999 50
1999 48
1999 45
1999 42
1999 35
1999 35
1999 35
1999 34
1999 33
1999 34
1999 33
1999 30
1999 27
1999 23
1999 23
1999 20
1999 17
1999 10
1999 10
1999 5
1999 3
1999 0
1999 0
1999 0
1999 0
1999 0
1999 0
1999 0
1999 0
1999 0
1999 0
1999 0
1999 0
1999 27
1999 20
1999 15
1999 10
1999 0
1999 0
1999 0
1999 0
1999 0
1999 0
1999 0
1999 0
1999 0
1999 0
1999 0
1999 0
1999 0
1999 0
1999 0
1999 0
1999 0
1999 0
1999 0
1999 0
1999 0
1999 0
1999 0
1999 0
1999 0
1999 0
1999 0
1999 0
1999 0
1999 0
1999 0
1999 0
1999 0
1999 0
1999 0
1999 0
1999 0
1999 0
1999 0
1999 0
1999 0
1999 0
1999 0
1999 0
1999 0
1999 0
1999 0
1999 0
1999 0
1999 0
1999 0
1999 0
1999 0
1999 0
1999 0
1999 0
1999 0
1999 0
1999 0
1999 0
1999 0
1999 0
1999 0
1999 0
1999 0
1999 0
1999 0
1999 0
1999 0
1999 0
1999 0
1999 0
1999 0
1999 0
1999 0
1999 0
1999 0
1999 0
1999 0
1999 0
1999 0
1999 0
1999 0
1999 0
1999 0
1999 0
1999 0
1999 0
1999 0
1999 0
1999 0
1999 0
1999 0
1999 0
1999 0
1999 0
1999 0
1999 0
1999 0
1999 0
1999 0
1999 0
1999 0
1999 0
1999 0
1999 0
1999 0
1999 0
1999 0
1999 0
1999 0
1999 0
1999 0
1999 0
1999 0
1999 0
1999 0
1999 0
1999 0
1999 0
1999 0
1999 0
1999 0
1999 0
1999 0
1999 0
1999 0
1999 0
1999 0
1999 0
1999 0
1999 0
1999 0
1999 0
2000 0
2000 0
2000 0
2000 0
2000 0
2000 0
2000 0
2000 0
2000 0
2000 0
2000 0
2000 0
2000 0
2000 0
2000 0
2000 0
2000 0
2000 0
2000 0
2000 0
2000 0
2000 0
2000 0
2000 0
2000 0
2000 0
2000 0
2000 0
2000 0
2000 0
2000 0
2000 0
2000 0
2000 0
2000 0
2000 0
2000 0
2000 0
2000 0
2000 0
2000 0
2000 0
2000 0
2000 0
2000 0
2000 0
2000 0
2000 0
2000 0
2000 0
2000 0
2000 0
2000 0
2000 0
2000 0
2000 0
2000 0
2000 0
2000 0
2000 0
2000 0
2000 0
2000 0
2000 0
2000 0
2000 0
2000 5
2000 3
2000 0
2000 0
2000 0
2000 0
2000 0
2000 0
2000 0
2000 0
2000 0
2000 5
2000 5
2000 10
2000 9
2000 7
2000 7
2000 10
2000 7
2000 5
2000 4
2000 4
2000 3
2000 0
2000 0
2000 0
2000 0
2000 0
2000 0
2000 3
2000 3
2000 3
2000 3
2000 3
2000 10
2000 10
2000 12
2000 10
2000 13
2000 17
2000 17
2000 15
2000 15
2000 12
2000 13
2000 12
2000 12
2000 12
2000 11
2000 20
2000 35
2000 51
2000 57
2000 58
2000 58
2000 57
2000 58
2000 54
2000 50
2000 48
2000 45
2000 45
2000 45
2000 35
2000 35
2000 35
2000 35
2000 35
2000 35
2000 35
2000 35
2000 32
2000 30
2000 31
2000 33
2000 33
2000 33
2000 34
2000 37
2000 38
2000 38
2000 38
2000 38
2000 35
2000 38
2000 35
2000 35
2000 35
2000 35
2000 35
2000 35
2000 32
2000 30
2000 30
2000 27
2000 32
2000 40
2000 45
2000 45
2000 45
2000 40
2000 37
2000 32
2000 34
2000 44
2000 61
2000 67
2000 57
2000 55
2000 55
2000 55
2000 50
2000 50
2000 50
2000 40
2000 40
2000 40
2000 40
2000 35
2000 33
2000 33
2000 30
2000 28
2000 28
2000 25
2000 20
2000 20
2000 18
2000 10
2000 8
2000 5
2000 8
2000 8
2000 10
2000 8
2000 0
2000 0
2000 0
2000 0
2000 0
2000 0
2000 0
2000 18
2000 5
2000 8
2000 6
2000 4
2000 3
2000 3
2000 0
2000 0
2000 0
2000 0
2000 0
2000 0
2000 0
2000 0
2000 0
2000 0
2000 0
2000 0
2000 0
2000 0
2000 0
2000 0
2000 0
2000 0
2000 0
2000 0
2000 0
2000 0
2000 0
2000 0
2000 0
2000 0
2000 0
2000 0
2000 0
2000 0
2000 0
2000 0
2000 0
2000 0
2000 0
2000 0
2000 0
2000 0
2000 0
2000 0
2000 0
2000 0
2000 0
2000 0
2000 0
2000 0
2000 0
2000 0
2000 0
2000 0
2000 0
2000 0
2000 0
2000 0
2000 0
2000 0
2000 0
2000 0
2000 0
2000 0
2000 0
2000 0
2000 0
2000 0
2000 0
2000 0
2000 0
2000 0
2000 0
2000 0
2000 0
2000 0
2000 0
2000 0
2000 0
2000 0
2000 0
2000 0
2000 0
2000 0
2000 0
2000 0
2000 0
2000 0
2000 0
2000 0
2000 0
2000 0
2000 0
2000 0
2000 0
2000 0
2000 0
2000 0
2000 0
2000 0
2000 0
2000 0
2000 0
2000 0
2000 0
2000 0
2000 0
2000 0
2000 0
2000 0
2000 0
2000 0
2000 0
2000 0
2000 0
2000 0
2000 0
2000 0
2000 0
2000 0
2000 0
2000 0
2000 0
2000 0
2000 0
2000 0
2000 0
2000 0
2000 0
2000 0
2000 0
2000 0
2000 0
2000 0
2000 0
2000 0
2000 0
2000 0
2000 0
2000 0
2000 0
2000 0
2000 0
2000 0
2000 0
2000 0
2000 0
2000 0
2000 0
2000 0
2000 0
2000 0
2000 0
2000 0
2000 0
2001 0
2001 0
2001 0
2001 0
2001 0
2001 0
2001 0
2001 0
2001 0
2001 0
2001 0
2001 0
2001 0
2001 0
2001 0
2001 0
2001 0
2001 0
2001 0
2001 0
2001 0
2001 0
2001 0
2001 0
2001 0
2001 0
2001 0
2001 0
2001 0
2001 0
2001 0
2001 0
2001 0
2001 0
2001 0
2001 0
2001 0
2001 0
2001 0
2001 0
2001 0
2001 0
2001 0
2001 0
2001 0
2001 0
2001 0
2001 0
2001 0
2001 0
2001 0
2001 0
2001 0
2001 0
2001 0
2001 0
2001 0
2001 0
2001 0
2001 0
2001 0
2001 5
2001 4
2001 0
2001 3
2001 0
2001 0
2001 0
2001 0
2001 0
2001 0
2001 0
2001 0
2001 0
2001 0
2001 0
2001 0
2001 8
2001 18
2001 16
2001 11
2001 25
2001 16
2001 10
2001 10
2001 10
2001 13
2001 10
2001 11
2001 9
2001 7
2001 7
2001 7
2001 7
2001 7
2001 7
2001 7
2001 7
2001 3
2001 3
2001 3
2001 3
2001 3
2001 3
2001 3
2001 6
2001 8
2001 7
2001 7
2001 7
2001 7
2001 3
2001 3
2001 3
2001 3
2001 7
2001 7
2001 7
2001 9
2001 14
2001 15
2001 15
2001 15
2001 18
2001 20
2001 22
2001 23
2001 15
2001 29
2001 45
2001 45
2001 40
2001 34
2001 30
2001 30
2001 30
2001 30
2001 30
2001 30
2001 37
2001 37
2001 37
2001 33
2001 33
2001 33
2001 30
2001 32
2001 42
2001 42
2001 30
2001 30
2001 30
2001 30
2001 30
2001 30
2001 40
2001 48
2001 45
2001 45
2001 43
2001 37
2001 44
2001 40
2001 38
2001 38
2001 37
2001 37
2001 37
2001 34
2001 38
2001 37
2001 37
2001 37
2001 37
2001 50
2001 55
2001 50
2001 50
2001 50
2001 50
2001 50
2001 50
2001 50
2001 50
2001 40
2001 40
2001 33
2001 33
2001 30
2001 28
2001 28
2001 25
2001 20
2001 22
2001 22
2001 14
2001 12
2001 10
2001 9
2001 7
2001 0
2001 0
2001 0
2001 0
2001 0
2001 0
2001 0
2001 0
2001 0
2001 0
2001 5
2001 0
2001 0
2001 0
2001 0
2001 0
2001 0
2001 0
2001 4
2001 0
2001 0
2001 0
2001 0
2001 0
2001 0
2001 0
2001 0
2001 0
2001 0
2001 0
2001 0
2001 7
2001 0
2001 0
2001 0
2001 0
2001 0
2001 0
2001 0
2001 0
2001 0
2001 0
2001 0
2001 0
2001 0
2001 0
2001 0
2001 0
2001 0
2001 0
2001 0
2001 0
2001 0
2001 0
2001 0
2001 0
2001 0
2001 0
2001 0
2001 0
2001 0
2001 0
2001 0
2001 0
2001 0
2001 0
2001 0
2001 0
2001 0
2001 0
2001 0
2001 0
2001 0
2001 0
2001 0
2001 0
2001 0
2001 0
2001 0
2001 0
2001 0
2001 0
2001 0
2001 0
2001 0
2001 0
2001 0
2001 0
2001 0
2001 0
2001 0
2001 0
2001 0
2001 0
2001 0
2001 0
2001 0
2001 0
2001 0
2001 0
2001 0
2001 0
2001 0
2001 0
2001 0
2001 0
2001 0
2001 0
2001 0
2001 0
2001 0
2001 0
2001 0
2001 0
2001 0
2001 0
2001 0
2001 0
2001 0
2001 0
2001 0
2001 0
2001 0
2001 0
2001 0
2001 0
2001 0
2001 0
2001 0
2001 0
2001 0
2001 0
2001 0
2001 0
2001 0
2001 0
2001 0
2001 0
2001 0
2001 0
2001 0
2001 0
2001 0
2001 0
2001 0
2001 0
2001 0
2001 0
2001 0
2001 0
2001 0
2001 0
2001 0
2001 0
2001 0
2001 0
2001 0
2001 0
2001 0
2001 0
2001 0
2001 0
2001 0
2001 0
2001 0
2003 0
2003 0
2003 0
2003 0
2003 0
2003 0
2003 0
2003 0
2003 0
2003 0
2003 0
2003 0
2003 0
2003 0
2003 0
2003 0
2003 0
2003 0
2003 0
2003 0
2003 0
2003 0
2003 0
2003 0
2003 0
2003 0
2003 0
2003 0
2003 0
2003 0
2003 0
2003 0
2003 0
2003 0
2003 0
2003 0
2003 0
2003 0
2003 0
2003 0
2003 0
2003 0
2003 0
2003 0
2003 0
2003 0
2003 0
2003 0
2003 0
2003 0
2003 0
2003 0
2003 0
2003 0
2003 0
2003 0
2003 0
2003 0
2003 0
2003 0
2003 0
2003 0
2003 0
2003 0
2003 0
2003 0
2003 0
2003 0
2003 0
2003 0
2003 0
2003 0
2003 0
2003 0
2003 0
2003 0
2003 0
2003 0
2003 3
2003 0
2003 0
2003 0
2003 0
2003 0
2003 0
2003 0
2003 0
2003 0
2003 0
2003 3
2003 0
2003 0
2003 3
2003 4
2003 4
2003 4
2003 3
2003 3
2003 3
2003 3
2003 3
2003 0
2003 0
2003 0
2003 0
2003 0
2003 0
2003 25
2003 25
2003 25
2003 23
2003 20
2003 9
2003 8
2003 8
2003 6
2003 6
2003 6
2003 7
2003 9
2003 11
2003 8
2003 10
2003 9
2003 8
2003 8
2003 12
2003 12
2003 14
2003 14
2003 12
2003 10
2003 12
2003 12
2003 12
2003 17
2003 17
2003 17
2003 15
2003 12
2003 12
2003 11
2003 11
2003 17
2003 15
2003 18
2003 18
2003 18
2003 19
2003 19
2003 10
2003 13
2003 17
2003 17
2003 17
2003 17
2003 25
2003 26
2003 26
2003 26
2003 25
2003 18
2003 18
2003 18
2003 18
2003 18
2003 18
2003 18
2003 18
2003 20
2003 20
2003 18
2003 18
2003 18
2003 16
2003 16
2003 16
2003 16
2003 15
2003 15
2003 13
2003 12
2003 12
2003 10
2003 8
2003 8
2003 4
2003 4
2003 4
2003 0
2003 0
2003 0
2003 0
2003 0
2003 0
2003 0
2003 0
2003 0
2003 0
2003 0
2003 0
2003 0
2003 0
2003 0
2003 0
2003 0
2003 0
2003 0
2003 0
2003 0
2003 0
2003 0
2003 0
2003 0
2003 0
2003 0
2003 0
2003 0
2003 0
2003 0
2003 0
2003 0
2003 0
2003 0
2003 0
2003 0
2003 0
2003 0
2003 0
2003 0
2003 0
2003 0
2003 0
2003 0
2003 0
2003 0
2003 0
2003 0
2003 0
2003 0
2003 0
2003 0
2003 0
2003 0
2003 0
2003 0
2003 0
2003 0
2003 0
2003 0
2003 0
2003 0
2003 0
2003 0
2003 0
2003 0
2003 0
2003 0
2003 0
2003 0
2003 0
2003 0
2003 0
2003 0
2003 0
2003 0
2003 0
2003 0
2003 0
2003 0
2003 0
2003 0
2003 0
2003 0
2003 0
2003 0
2003 0
2003 0
2003 0
2003 0
2003 0
2003 0
2003 0
2003 0
2003 0
2003 0
2003 0
2003 0
2003 0
2003 0
2003 0
2003 0
2003 0
2003 0
2003 0
2003 0
2003 0
2003 0
2003 0
2003 0
2003 0
2003 0
2003 0
2003 0
2003 0
2003 0
2003 0
2003 0
2003 0
2003 0
2003 0
2003 0
2003 0
2003 0
2003 0
2003 0
2003 0
2003 0
2003 0
2003 0
2003 0
2003 0
2003 0
2003 0
2003 0
2003 0
2003 0
2003 0
2003 0
2003 0
2003 0
2003 0
2003 0
2003 0
2003 0
2003 0
2003 0
2003 0
2003 0
2003 0
2003 0
2003 0
2003 0
2003 0
2003 0
2003 0
2003 0
2003 0
2003 0
2003 0
2003 0
2003 0
2003 0
2003 0
2003 0
2003 0
2003 0
2003 0
2003 0
2003 0
2003 0
2003 0
2003 0
2003 0
2003 0
2004 0
2004 0
2004 0
2004 0
2004 0
2004 0
2004 0
2004 0
2004 0
2004 0
2004 0
2004 0
2004 0
2004 0
2004 0
2004 0
2004 0
2004 0
2004 0
2004 0
2004 0
2004 0
2004 0
2004 0
2004 0
2004 0
2004 0
2004 0
2004 0
2004 0
2004 0
2004 0
2004 0
2004 0
2004 0
2004 0
2004 0
2004 0
2004 0
2004 0
2004 0
2004 0
2004 0
2004 0
2004 0
2004 0
2004 0
2004 0
2004 0
2004 0
2004 0
2004 0
2004 0
2004 0
2004 0
2004 0
2004 0
2004 0
2004 0
2004 0
2004 0
2004 0
2004 0
2004 0
2004 0
2004 0
2004 0
2004 0
2004 4
2004 0
2004 0
2004 0
2004 0
2004 0
2004 0
2004 0
2004 0
2004 0
2004 0
2004 0
2004 0
2004 0
2004 0
2004 0
2004 0
2004 0
2004 0
2004 0
2004 0
2004 8
2004 6
2004 5
2004 0
2004 0
2004 0
2004 0
2004 0
2004 0
2004 0
2004 0
2004 0
2004 0
2004 0
2004 0
2004 0
2004 10
2004 20
2004 15
2004 15
2004 13
2004 10
2004 10
2004 15
2004 13
2004 13
2004 13
2004 11
2004 10
2004 8
2004 28
2004 28
2004 30
2004 26
2004 28
2004 28
2004 26
2004 25
2004 25
2004 32
2004 32
2004 37
2004 48
2004 45
2004 46
2004 50
2004 46
2004 46
2004 46
2004 47
2004 49
2004 46
2004 54
2004 54
2004 51
2004 50
2004 50
2004 51
2004 51
2004 49
2004 49
2004 51
2004 51
2004 51
2004 51
2004 51
2004 50
2004 49
2004 49
2004 49
2004 45
2004 45
2004 54
2004 54
2004 52
2004 53
2004 54
2004 53
2004 45
2004 45
2004 45
2004 45
2004 48
2004 48
2004 45
2004 45
2004 48
2004 50
2004 50
2004 48
2004 50
2004 50
2004 50
2004 50
2004 50
2004 45
2004 40
2004 40
2004 40
2004 40
2004 40
2004 40
2004 40
2004 45
2004 50
2004 49
2004 45
2004 25
2004 23
2004 23
2004 23
2004 18
2004 18
2004 17
2004 17
2004 5
2004 5.66666666666667
2004 6.33333333333333
2004 7
2004 0
2004 0
2004 0
2004 0
2004 0
2004 0
2004 0
2004 0
2004 0
2004 0
2004 0
2004 0
2004 0
2004 0
2004 0
2004 4
2004 0
2004 0
2004 0
2004 0
2004 0
2004 0
2004 0
2004 0
2004 0
2004 0
2004 0
2004 0
2004 0
2004 0
2004 0
2004 0
2004 0
2004 0
2004 0
2004 0
2004 0
2004 0
2004 0
2004 0
2004 0
2004 0
2004 0
2004 0
2004 0
2004 0
2004 0
2004 0
2004 0
2004 0
2004 0
2004 0
2004 0
2004 0
2004 0
2004 0
2004 0
2004 0
2004 0
2004 0
2004 0
2004 0
2004 0
2004 0
2004 0
2004 0
2004 0
2004 0
2004 0
2004 0
2004 0
2004 0
2004 0
2004 0
2004 0
2004 0
2004 0
2004 0
2004 0
2004 0
2004 0
2004 0
2004 0
2004 0
2004 0
2004 0
2004 0
2004 0
2004 0
2004 0
2004 0
2004 0
2004 0
2004 0
2004 0
2004 0
2004 0
2004 0
2004 0
2004 0
2004 0
2004 0
2004 0
2004 0
2004 0
2004 0
2004 0
2004 0
2004 0
2004 0
2004 0
2004 0
2004 0
2004 0
2004 0
2004 0
2004 0
2004 0
2004 0
2004 0
2004 0
2004 0
2004 0
2004 0
2004 0
2004 0
2004 0
2004 0
2004 0
2004 0
2004 0
2004 0
2004 0
2004 0
2004 0
2004 0
2004 0
2004 0
2004 0
2004 0
2004 0
2004 0
2004 0
2004 0
2004 0
2004 0
2004 0
2004 0
2004 0
2004 0
2004 0
2004 0
2004 0
2004 0
2004 0
2004 0
2004 0
2004 0
2005 0
2005 0
2005 0
2005 0
2005 0
2005 0
2005 0
2005 0
2005 0
2005 0
2005 0
2005 0
2005 0
2005 0
2005 0
2005 0
2005 0
2005 0
2005 0
2005 0
2005 0
2005 0
2005 0
2005 0
2005 0
2005 0
2005 0
2005 0
2005 0
2005 0
2005 0
2005 0
2005 0
2005 0
2005 0
2005 0
2005 0
2005 0
2005 0
2005 0
2005 0
2005 0
2005 0
2005 0
2005 0
2005 0
2005 0
2005 0
2005 0
2005 0
2005 0
2005 0
2005 0
2005 0
2005 0
2005 0
2005 0
2005 0
2005 0
2005 0
2005 0
2005 0
2005 0
2005 0
2005 0
2005 0
2005 0
2005 0
2005 0
2005 0
2005 0
2005 0
2005 0
2005 0
2005 0
2005 0
2005 0
2005 0
2005 0
2005 0
2005 0
2005 0
2005 0
2005 0
2005 0
2005 0
2005 0
2005 0
2005 0
2005 0
2005 0
2005 0
2005 0
2005 0
2005 0
2005 0
2005 0
2005 0
2005 0
2005 0
2005 0
2005 0
2005 0
2005 0
2005 0
2005 0
2005 0
2005 0
2005 0
2005 20
2005 18
2005 17
2005 17
2005 17
2005 17
2005 17
2005 18
2005 18
2005 18
2005 17
2005 15
2005 15
2005 15
2005 15
2005 15
2005 15
2005 14
2005 14
2005 12
2005 12
2005 12
2005 12
2005 11
2005 10
2005 10
2005 10
2005 10
2005 10
2005 8
2005 6
2005 14
2005 19
2005 17
2005 27
2005 28
2005 26
2005 26
2005 26
2005 26
2005 26
2005 26
2005 26
2005 26
2005 38
2005 39
2005 39
2005 38.3333333333333
2005 37.6666666666667
2005 37
2005 37
2005 37
2005 37
2005 37
2005 30
2005 30
2005 27
2005 27.5
2005 28
2005 28
2005 28
2005 27
2005 27
2005 27
2005 27
2005 27
2005 28
2005 27
2005 27
2005 27
2005 27
2005 27
2005 27
2005 27
2005 27
2005 25
2005 25
2005 26
2005 26.5
2005 27
2005 27
2005 22
2005 21
2005 21
2005 21
2005 18
2005 18
2005 12
2005 10
2005 0
2005 0
2005 0
2005 0
2005 0
2005 0
2005 0
2005 0
2005 0
2005 0
2005 0
2005 0
2005 0
2005 0
2005 0
2005 0
2005 0
2005 0
2005 0
2005 0
2005 0
2005 0
2005 6
2005 0
2005 0
2005 0
2005 0
2005 0
2005 0
2005 0
2005 0
2005 0
2005 0
2005 0
2005 0
2005 0
2005 0
2005 0
2005 0
2005 0
2005 0
2005 0
2005 0
2005 0
2005 0
2005 0
2005 0
2005 0
2005 0
2005 0
2005 0
2005 0
2005 0
2005 0
2005 0
2005 0
2005 0
2005 0
2005 0
2005 0
2005 0
2005 0
2005 0
2005 0
2005 0
2005 0
2005 0
2005 0
2005 0
2005 0
2005 0
2005 0
2005 0
2005 0
2005 0
2005 0
2005 0
2005 0
2005 0
2005 0
2005 0
2005 0
2005 0
2005 0
2005 0
2005 0
2005 0
2005 0
2005 0
2005 0
2005 0
2005 0
2005 0
2005 0
2005 0
2005 0
2005 0
2005 0
2005 0
2005 0
2005 0
2005 0
2005 0
2005 0
2005 0
2005 0
2005 0
2005 0
2005 0
2005 0
2005 0
2005 0
2005 0
2005 0
2005 0
2005 0
2005 0
2005 0
2005 0
2005 0
2005 0
2005 0
2005 0
2005 0
2005 0
2005 0
2005 0
2005 0
2005 0
2005 0
2005 0
2005 0
2005 0
2005 0
2005 0
2005 0
2005 0
2005 0
2005 0
2005 0
2005 0
2005 0
2005 0
2005 0
2005 0
2005 0
2005 0
2005 0
2005 0
2005 0
2005 0
2005 0
2005 0
2005 0
2005 0
2005 0
2005 0
2005 0
2005 0
2005 0
2005 0
2005 0
2005 0
2005 0
2005 0
2005 0
2005 0
2007 0
2007 0
2007 0
2007 0
2007 0
2007 0
2007 0
2007 0
2007 0
2007 0
2007 0
2007 0
2007 0
2007 0
2007 0
2007 0
2007 0
2007 0
2007 0
2007 0
2007 0
2007 0
2007 0
2007 0
2007 0
2007 0
2007 0
2007 0
2007 0
2007 0
2007 0
2007 0
2007 0
2007 0
2007 0
2007 0
2007 0
2007 0
2007 0
2007 0
2007 0
2007 0
2007 0
2007 0
2007 0
2007 0
2007 0
2007 0
2007 0
2007 0
2007 0
2007 0
2007 0
2007 0
2007 0
2007 0
2007 0
2007 0
2007 0
2007 0
2007 0
2007 0
2007 0
2007 0
2007 0
2007 0
2007 0
2007 0
2007 0
2007 0
2007 0
2007 0
2007 0
2007 0
2007 0
2007 0
2007 0
2007 0
2007 0
2007 0
2007 0
2007 0
2007 0
2007 0
2007 0
2007 0
2007 0
2007 0
2007 0
2007 0
2007 0
2007 0
2007 0
2007 0
2007 0
2007 0
2007 0
2007 0
2007 0
2007 10
2007 10
2007 10
2007 10
2007 10
2007 10
2007 10
2007 10
2007 5
2007 5
2007 5
2007 5
2007 5
2007 5
2007 5
2007 5
2007 4
2007 4
2007 4
2007 4
2007 4
2007 4
2007 4
2007 4
2007 7
2007 17
2007 15
2007 14
2007 13
2007 12
2007 12
2007 11
2007 11
2007 8
2007 4
2007 4
2007 4
2007 4
2007 4
2007 4
2007 4
2007 0
2007 0
2007 0
2007 0
2007 15
2007 17
2007 15
2007 17
2007 16
2007 16
2007 16
2007 12
2007 12
2007 12
2007 12
2007 12
2007 12
2007 7
2007 5
2007 6
2007 5
2007 4
2007 4
2007 4
2007 6
2007 20
2007 20
2007 17
2007 16
2007 15
2007 14
2007 12
2007 10
2007 8
2007 6
2007 4
2007 3
2007 3
2007 10
2007 12
2007 15
2007 0
2007 0
2007 7
2007 3
2007 0
2007 0
2007 0
2007 0
2007 0
2007 0
2007 0
2007 0
2007 0
2007 0
2007 0
2007 0
2007 0
2007 0
2007 0
2007 3
2007 0
2007 0
2007 0
2007 0
2007 0
2007 0
2007 0
2007 0
2007 0
2007 0
2007 0
2007 0
2007 0
2007 0
2007 0
2007 0
2007 0
2007 0
2007 0
2007 0
2007 0
2007 0
2007 0
2007 0
2007 0
2007 0
2007 0
2007 0
2007 0
2007 0
2007 0
2007 0
2007 0
2007 0
2007 0
2007 0
2007 0
2007 0
2007 0
2007 0
2007 0
2007 0
2007 0
2007 0
2007 0
2007 0
2007 0
2007 0
2007 0
2007 0
2007 0
2007 0
2007 0
2007 0
2007 0
2007 0
2007 0
2007 0
2007 0
2007 0
2007 0
2007 0
2007 0
2007 0
2007 0
2007 0
2007 0
2007 0
2007 0
2007 0
2007 0
2007 0
2007 0
2007 0
2007 0
2007 0
2007 0
2007 0
2007 0
2007 0
2007 0
2007 0
2007 0
2007 0
2007 0
2007 0
2007 0
2007 0
2007 0
2007 0
2007 0
2007 0
2007 0
2007 0
2007 0
2007 0
2007 0
2007 0
2007 0
2007 0
2007 0
2007 0
2007 0
2007 0
2007 0
2007 0
2007 0
2007 0
2007 0
2007 0
2007 0
2007 0
2007 0
2007 0
2007 0
2007 0
2007 0
2007 0
2007 0
2007 0
2007 0
2007 0
2007 0
2007 0
2007 0
2007 0
2007 0
2007 0
2007 0
2007 0
2007 0
2007 0
2007 0
2007 0
2007 0
2007 0
2007 0
2007 0
2007 0
2007 0
2007 0
2007 0
2007 0
2007 0
2007 0
2007 0
2007 0
2007 0
2007 0
2007 0
2007 0
2007 0
2007 0
2007 0
2007 0
2007 0
2007 0
2007 0
2007 0
2007 0
2007 0
2007 0
2007 0
2007 0
2008 0
2008 0
2008 0
2008 0
2008 0
2008 0
2008 0
2008 0
2008 0
2008 0
2008 0
2008 0
2008 0
2008 0
2008 0
2008 0
2008 0
2008 0
2008 0
2008 0
2008 0
2008 0
2008 0
2008 0
2008 0
2008 0
2008 0
2008 0
2008 0
2008 0
2008 0
2008 0
2008 0
2008 0
2008 0
2008 0
2008 0
2008 0
2008 0
2008 0
2008 0
2008 0
2008 0
2008 0
2008 0
2008 0
2008 0
2008 0
2008 0
2008 0
2008 0
2008 0
2008 0
2008 0
2008 0
2008 0
2008 0
2008 0
2008 0
2008 0
2008 0
2008 0
2008 0
2008 0
2008 0
2008 0
2008 0
2008 0
2008 0
2008 5
2008 23
2008 25
2008 20
2008 20
2008 27
2008 27
2008 27
2008 26
2008 26
2008 26
2008 25
2008 20
2008 20
2008 18
2008 19
2008 18
2008 18
2008 18
2008 17
2008 17
2008 13
2008 13
2008 12
2008 20
2008 43
2008 43
2008 40
2008 35
2008 33
2008 33
2008 33
2008 37
2008 38
2008 38
2008 38
2008 38
2008 37
2008 38
2008 37
2008 37
2008 36
2008 36
2008 36
2008 36
2008 36
2008 36
2008 36
2008 36
2008 36
2008 36
2008 36
2008 36
2008 36
2008 36
2008 36
2008 36
2008 36
2008 45
2008 45
2008 42
2008 42
2008 42
2008 42
2008 52
2008 52
2008 50
2008 50
2008 50
2008 48
2008 48
2008 48
2008 45
2008 56
2008 56
2008 54
2008 52
2008 52
2008 52
2008 49
2008 48
2008 48
2008 45
2008 43
2008 43
2008 40
2008 40
2008 42
2008 45
2008 43
2008 50
2008 48
2008 48
2008 45
2008 45
2008 43
2008 40
2008 38
2008 38
2008 38
2008 38
2008 38
2008 38
2008 38
2008 36
2008 36
2008 32
2008 28
2008 25
2008 22
2008 22
2008 20
2008 18
2008 15
2008 5
2008 0
2008 0
2008 0
2008 0
2008 0
2008 0
2008 0
2008 0
2008 0
2008 0
2008 0
2008 0
2008 0
2008 0
2008 0
2008 0
2008 0
2008 0
2008 0
2008 0
2008 0
2008 0
2008 0
2008 0
2008 0
2008 0
2008 0
2008 0
2008 0
2008 0
2008 0
2008 8
2008 5
2008 0
2008 0
2008 12
2008 8
2008 3
2008 0
2008 0
2008 0
2008 0
2008 0
2008 3
2008 0
2008 0
2008 0
2008 0
2008 0
2008 0
2008 0
2008 0
2008 0
2008 0
2008 0
2008 0
2008 0
2008 0
2008 0
2008 0
2008 0
2008 0
2008 0
2008 0
2008 0
2008 0
2008 0
2008 0
2008 0
2008 0
2008 0
2008 0
2008 0
2008 0
2008 0
2008 0
2008 0
2008 0
2008 0
2008 0
2008 0
2008 0
2008 0
2008 0
2008 0
2008 0
2008 0
2008 0
2008 0
2008 0
2008 0
2008 0
2008 0
2008 0
2008 0
2008 0
2008 0
2008 0
2008 0
2008 0
2008 0
2008 0
2008 0
2008 0
2008 0
2008 0
2008 0
2008 0
2008 0
2008 0
2008 0
2008 0
2008 0
2008 0
2008 0
2008 0
2008 0
2008 0
2008 0
2008 0
2008 0
2008 0
2008 0
2008 0
2008 0
2008 0
2008 0
2008 0
2008 0
2008 0
2008 0
2008 0
2008 0
2008 0
2008 0
2008 0
2008 0
2008 0
2008 0
2008 0
2008 0
2008 0
2008 0
2008 0
2008 0
2008 0
2008 0
2008 0
2008 0
2008 0
2008 0
2008 0
2008 0
2008 0
2008 0
2008 0
2008 0
2008 0
2008 0
2008 0
2008 0
2008 0
2008 0
2008 0
2008 0
2008 0
2008 0
2008 0
2008 0
2008 0
2008 0
2008 0
2008 0
2008 0
2008 0
2008 0
2008 0
2008 0
2008 0
2008 0
2008 0
2008 0
2009 0
2009 0
2009 0
2009 0
2009 0
2009 0
2009 0
2009 0
2009 0
2009 0
2009 0
2009 0
2009 0
2009 0
2009 0
2009 0
2009 0
2009 0
2009 0
2009 0
2009 0
2009 0
2009 0
2009 0
2009 0
2009 0
2009 0
2009 0
2009 0
2009 0
2009 0
2009 0
2009 0
2009 0
2009 0
2009 0
2009 0
2009 0
2009 0
2009 0
2009 0
2009 0
2009 0
2009 0
2009 0
2009 0
2009 0
2009 0
2009 0
2009 0
2009 0
2009 0
2009 0
2009 0
2009 0
2009 0
2009 0
2009 0
2009 0
2009 0
2009 0
2009 0
2009 0
2009 0
2009 0
2009 0
2009 0
2009 0
2009 0
2009 0
2009 0
2009 0
2009 0
2009 0
2009 0
2009 0
2009 0
2009 0
2009 0
2009 0
2009 0
2009 7
2009 18
2009 10
2009 14
2009 14
2009 14
2009 13
2009 14
2009 13
2009 20
2009 36
2009 36
2009 34
2009 33
2009 34
2009 28
2009 35
2009 35
2009 35
2009 42
2009 49
2009 54
2009 54
2009 52
2009 50
2009 48
2009 51
2009 50
2009 54
2009 57
2009 54
2009 50
2009 48
2009 48
2009 48
2009 47
2009 47
2009 47
2009 47
2009 47
2009 47
2009 49
2009 49
2009 51
2009 51
2009 49
2009 49
2009 48
2009 48
2009 48
2009 48
2009 48
2009 48
2009 48
2009 48
2009 49
2009 49
2009 49
2009 49
2009 51
2009 89
2009 87
2009 82
2009 93
2009 90
2009 87
2009 87
2009 85
2009 82
2009 79
2009 79
2009 79
2009 79
2009 79
2009 79
2009 74
2009 73
2009 76
2009 78
2009 77
2009 77
2009 79
2009 80
2009 80
2009 79
2009 79
2009 79
2009 77
2009 84
2009 87
2009 87
2009 87
2009 82
2009 82
2009 89
2009 80
2009 80
2009 80
2009 85
2009 78
2009 78
2009 76
2009 66
2009 62
2009 65
2009 64
2009 62
2009 61
2009 60
2009 59
2009 69
2009 68
2009 62
2009 61
2009 60
2009 57
2009 53
2009 49
2009 45
2009 45
2009 44
2009 42
2009 40
2009 40
2009 40
2009 49
2009 50
2009 45
2009 47
2009 45
2009 40
2009 37
2009 35
2009 30
2009 25
2009 13
2009 7
2009 0
2009 0
2009 0
2009 0
2009 0
2009 0
2009 0
2009 0
2009 0
2009 0
2009 0
2009 0
2009 0
2009 0
2009 0
2009 0
2009 0
2009 0
2009 0
2009 0
2009 0
2009 0
2009 0
2009 0
2009 0
2009 0
2009 0
2009 0
2009 0
2009 0
2009 0
2009 0
2009 0
2009 0
2009 0
2009 0
2009 0
2009 0
2009 0
2009 0
2009 0
2009 0
2009 0
2009 0
2009 0
2009 0
2009 0
2009 0
2009 0
2009 0
2009 0
2009 0
2009 0
2009 0
2009 0
2009 0
2009 0
2009 0
2009 0
2009 0
2009 0
2009 0
2009 0
2009 0
2009 0
2009 0
2009 0
2009 0
2009 0
2009 0
2009 0
2009 0
2009 0
2009 0
2009 0
2009 0
2009 0
2009 0
2009 0
2009 0
2009 0
2009 0
2009 0
2009 0
2009 0
2009 0
2009 0
2009 0
2009 0
2009 0
2009 0
2009 0
2009 0
2009 0
2009 0
2009 0
2009 0
2009 0
2009 0
2009 0
2009 0
2009 0
2009 0
2009 0
2009 0
2009 0
2009 0
2009 0
2009 0
2009 0
2009 0
2009 0
2009 0
2009 0
2009 0
2009 0
2009 0
2009 0
2009 0
2009 0
2009 0
2009 0
2009 0
2009 0
2009 0
2009 0
2009 0
2009 0
2009 0
2009 0
2009 0
2009 0
2009 0
2009 0
2009 0
2009 0
2009 0
2009 0
2009 0
2009 0
2009 0
2009 0
2009 0
2009 0
2009 0
2009 0
2009 0
2010 0
2010 0
2010 0
2010 0
2010 0
2010 0
2010 0
2010 0
2010 0
2010 0
2010 0
2010 0
2010 0
2010 0
2010 0
2010 0
2010 0
2010 0
2010 0
2010 0
2010 0
2010 0
2010 0
2010 0
2010 0
2010 0
2010 0
2010 0
2010 0
2010 0
2010 0
2010 0
2010 0
2010 0
2010 0
2010 0
2010 0
2010 0
2010 0
2010 0
2010 0
2010 0
2010 0
2010 0
2010 0
2010 0
2010 0
2010 0
2010 0
2010 0
2010 0
2010 0
2010 0
2010 0
2010 0
2010 0
2010 0
2010 0
2010 0
2010 0
2010 0
2010 0
2010 0
2010 0
2010 0
2010 0
2010 0
2010 0
2010 0
2010 0
2010 0
2010 0
2010 0
2010 0
2010 0
2010 0
2010 0
2010 0
2010 0
2010 0
2010 0
2010 0
2010 0
2010 0
2010 0
2010 0
2010 0
2010 0
2010 0
2010 0
2010 6
2010 16
2010 14
2010 10
2010 13
2010 13
2010 12
2010 11
2010 14
2010 13
2010 13
2010 14
2010 14
2010 14
2010 14
2010 14
2010 16
2010 16
2010 16
2010 16
2010 16
2010 17
2010 16
2010 36
2010 34
2010 38
2010 38
2010 36
2010 35
2010 35
2010 38
2010 36
2010 36
2010 36
2010 36
2010 35
2010 35
2010 34
2010 32
2010 38
2010 39
2010 39
2010 37
2010 37
2010 38
2010 38
2010 37
2010 37
2010 37
2010 35
2010 35
2010 35
2010 38
2010 36
2010 36
2010 36
2010 36
2010 37
2010 37
2010 37
2010 37
2010 37
2010 37
2010 37
2010 37
2010 35
2010 35
2010 39
2010 40
2010 38
2010 38
2010 37
2010 37
2010 38
2010 38
2010 38
2010 37
2010 37
2010 37
2010 37
2010 37
2010 36
2010 36
2010 36
2010 33
2010 32
2010 32
2010 27
2010 32
2010 30
2010 26
2010 26
2010 24
2010 24
2010 22
2010 20
2010 21
2010 20
2010 20
2010 20
2010 20
2010 19
2010 19
2010 19
2010 18
2010 18
2010 10
2010 10
2010 0
2010 0
2010 0
2010 0
2010 0
2010 0
2010 0
2010 0
2010 3
2010 0
2010 0
2010 0
2010 0
2010 0
2010 3
2010 0
2010 0
2010 0
2010 0
2010 0
2010 0
2010 0
2010 0
2010 0
2010 0
2010 0
2010 0
2010 0
2010 0
2010 0
2010 0
2010 0
2010 0
2010 0
2010 0
2010 0
2010 0
2010 0
2010 0
2010 0
2010 0
2010 0
2010 0
2010 0
2010 0
2010 0
2010 0
2010 0
2010 0
2010 0
2010 0
2010 0
2010 0
2010 0
2010 0
2010 0
2010 0
2010 0
2010 0
2010 0
2010 0
2010 0
2010 0
2010 0
2010 0
2010 0
2010 0
2010 0
2010 0
2010 0
2010 0
2010 0
2010 0
2010 0
2010 0
2010 0
2010 0
2010 0
2010 0
2010 0
2010 0
2010 0
2010 0
2010 0
2010 0
2010 0
2010 0
2010 0
2010 0
2010 0
2010 0
2010 0
2010 0
2010 0
2010 0
2010 0
2010 0
2010 0
2010 0
2010 0
2010 0
2010 0
2010 0
2010 0
2010 0
2010 0
2010 0
2010 0
2010 0
2010 0
2010 0
2010 0
2010 0
2010 0
2010 0
2010 0
2010 0
2010 0
2010 0
2010 0
2010 0
2010 0
2010 0
2010 0
2010 0
2010 0
2010 0
2010 0
2010 0
2010 0
2010 0
2010 0
2010 0
2010 0
2010 0
2010 0
2010 0
2010 0
2010 0
2010 0
2010 0
2010 0
2010 0
2010 0
2010 0
2010 0
2010 0
2010 0
2010 0
2010 0
2010 0
2010 0
2010 0
2010 0
2010 0
2010 0
2010 0
2010 0
2010 0
2010 0
2010 0
2010 0
2010 0
2010 0
2010 0
2010 0
2010 0
2011 0
2011 0
2011 0
2011 0
2011 0
2011 0
2011 0
2011 0
2011 0
2011 0
2011 0
2011 0
2011 0
2011 0
2011 0
2011 0
2011 0
2011 0
2011 0
2011 0
2011 0
2011 0
2011 0
2011 0
2011 0
2011 0
2011 0
2011 0
2011 0
2011 0
2011 0
2011 0
2011 0
2011 0
2011 0
2011 0
2011 0
2011 0
2011 0
2011 0
2011 0
2011 0
2011 0
2011 0
2011 0
2011 0
2011 0
2011 0
2011 0
2011 0
2011 0
2011 0
2011 0
2011 0
2011 8
2011 4
2011 0
2011 0
2011 0
2011 0
2011 0
2011 0
2011 0
2011 0
2011 0
2011 0
2011 0
2011 0
2011 15
2011 14
2011 5
2011 4
2011 0
2011 0
2011 0
2011 0
2011 9
2011 8
2011 6
2011 5
2011 4
2011 3
2011 7
2011 5
2011 5
2011 6
2011 7
2011 7
2011 8
2011 8
2011 8
2011 17
2011 20
2011 19
2011 19
2011 18
2011 22
2011 19
2011 16.5
2011 14
2011 14
2011 18
2011 18
2011 20
2011 18
2011 17
2011 17
2011 17
2011 19
2011 18
2011 18
2011 18
2011 15
2011 10
2011 7
2011 8
2011 10
2011 10
2011 10
2011 16
2011 13
2011 13
2011 13
2011 13
2011 13
2011 12
2011 12
2011 12
2011 11
2011 11
2011 10
2011 10
2011 9
2011 8
2011 10
2011 9
2011 9
2011 9
2011 9
2011 9
2011 7
2011 6
2011 0
2011 0
2011 0
2011 0
2011 0
2011 0
2011 0
2011 0
2011 0
2011 0
2011 0
2011 0
2011 0
2011 0
2011 0
2011 0
2011 0
2011 0
2011 0
2011 0
2011 0
2011 0
2011 0
2011 0
2011 0
2011 0
2011 0
2011 0
2011 0
2011 0
2011 0
2011 0
2011 0
2011 0
2011 0
2011 0
2011 0
2011 0
2011 0
2011 0
2011 0
2011 0
2011 0
2011 0
2011 0
2011 0
2011 0
2011 0
2011 0
2011 0
2011 0
2011 0
2011 0
2011 0
2011 0
2011 0
2011 0
2011 0
2011 0
2011 0
2011 0
2011 0
2011 0
2011 0
2011 0
2011 0
2011 0
2011 0
2011 0
2011 0
2011 0
2011 0
2011 0
2011 0
2011 0
2011 0
2011 0
2011 0
2011 0
2011 0
2011 0
2011 0
2011 0
2011 0
2011 0
2011 0
2011 0
2011 0
2011 0
2011 0
2011 0
2011 0
2011 0
2011 0
2011 0
2011 0
2011 0
2011 0
2011 0
2011 0
2011 0
2011 0
2011 0
2011 0
2011 0
2011 0
2011 0
2011 0
2011 0
2011 0
2011 0
2011 0
2011 0
2011 0
2011 0
2011 0
2011 0
2011 0
2011 0
2011 0
2011 0
2011 0
2011 0
2011 0
2011 0
2011 0
2011 0
2011 0
2011 0
2011 0
2011 0
2011 0
2011 0
2011 0
2011 0
2011 0
2011 0
2011 0
2011 0
2011 0
2011 0
2011 0
2011 0
2011 0
2011 0
2011 0
2011 0
2011 0
2011 0
2011 0
2011 0
2011 0
2011 0
2011 0
2011 0
2011 0
2011 0
2011 0
2011 0
2011 0
2011 0
2011 0
2011 0
2011 0
2011 0
2011 0
2011 0
2011 0
2011 0
2011 0
2011 0
2011 0
2011 0
2011 0
2011 0
2011 0
2011 0
2011 0
2011 0
2011 0
2011 0
2011 0
2011 0
2011 0
2011 0
2011 0
2011 0
2011 0
2011 0
2011 0
2011 0
2011 0
2011 0
2011 0
2011 0
2011 0
2011 0
2011 0
2011 0
2011 0
2011 0
2011 0
2011 0
2011 0
2011 0
2011 0
2011 0
2011 0
2011 0
2011 0
2011 0
2011 0
2011 0
2011 0
2011 0
2011 0
2011 0
2011 0
2011 0
2011 0
2011 0
2011 0
2011 0
