2003 0
2003 0
2003 0
2003 0
2003 0
2003 0
2003 0
2003 0
2003 0
2003 0
2003 0
2003 0
2003 0
2003 0
2003 0
2003 0
2003 0
2003 0
2003 0
2003 0
2003 0
2003 0
2003 0
2003 11
2003 9
2003 0
2003 0
2003 0
2003 0
2003 0
2003 0
2003 0
2003 0
2003 0
2003 0
2003 0
2003 0
2003 0
2003 0
2003 0
2003 0
2003 0
2003 0
2003 0
2003 0
2003 0
2003 0
2003 28
2003 23
2003 19
2003 17
2003 13
2003 12
2003 15
2003 15
2003 11
2003 10
2003 8
2003 9
2003 8
2003 8
2003 9
2003 19
2003 19
2003 22
2003 25
2003 24
2003 25
2003 26
2003 23
2003 24
2003 27
2003 25
2003 27
2003 50
2003 107
2003 124
2003 112
2003 115
2003 118
2003 112
2003 109
2003 120
2003 113
2003 116
2003 140
2003 151
2003 140
2003 136
2003 161
2003 153
2003 147
2003 152
2003 158
2003 153
2003 153
2003 150
2003 145
2003 142
2003 141
2003 140
2003 139
2003 137
2003 138
2003 136
2003 139
2003 138
2003 152
2003 150
2003 147
2003 144
2003 144
2003 146
2003 137
2003 136
2003 138
2003 137
2003 137
2003 148
2003 147
2003 146
2003 148
2003 148
2003 152
2003 150
2003 148
2003 151
2003 149
2003 149
2003 148
2003 147
2003 146
2003 146
2003 146
2003 146
2003 146
2003 146
2003 145
2003 144
2003 144
2003 144
2003 144
2003 148
2003 152
2003 153
2003 153
2003 152
2003 151
2003 153
2003 161
2003 167
2003 167
2003 167
2003 166
2003 167
2003 167
2003 179
2003 180
2003 178
2003 177
2003 178
2003 176
2003 175
2003 174
2003 173
2003 173
2003 173
2003 172
2003 172
2003 172
2003 171
2003 171
2003 171
2003 171
2003 170
2003 170
2003 170
2003 169
2003 169
2003 169
2003 170
2003 169
2003 170
2003 173
2003 172
2003 172
2003 171
2003 174
2003 173
2003 172
2003 171
2003 171
2003 171
2003 171
2003 171
2003 170
2003 170
2003 170
2003 169
2003 169
2003 169
2003 168
2003 168
2003 168
2003 168
2003 167
2003 167
2003 166
2003 164
2003 162
2003 161
2003 161
2003 160
2003 166
2003 163
2003 166
2003 166
2003 164
2003 164
2003 159
2003 164
2003 169
2003 165
2003 169
2003 166
2003 164
2003 161
2003 159
2003 158
2003 156
2003 154
2003 154
2003 153
2003 151
2003 150
2003 147
2003 142
2003 139
2003 139
2003 137
2003 131
2003 127
2003 124
2003 121
2003 118
2003 111
2003 106
2003 98
2003 92
2003 83
2003 78
2003 76
2003 70
2003 69
2003 60
2003 66
2003 64
2003 59
2003 57
2003 51
2003 47
2003 55
2003 54
2003 53
2003 42
2003 35
2003 31
2003 20
2003 12
2003 0
2003 0
2003 0
2003 0
2003 0
2003 0
2003 0
2003 0
2003 0
2003 0
2003 0
2003 0
2003 0
2003 0
2003 0
2003 0
2003 0
2003 0
2003 0
2003 0
2003 0
2003 0
2003 0
2003 0
2003 0
2003 0
2003 0
2003 0
2003 0
2003 0
2003 0
2003 0
2003 0
2003 0
2003 0
2003 0
2003 0
2003 0
2003 0
2003 0
2003 0
2003 0
2003 0
2003 0
2003 0
2003 0
2003 0
2003 0
2003 0
2003 0
2003 0
2003 0
2003 0
2003 0
2003 0
2003 0
2003 0
2003 0
2003 0
2003 0
2003 0
2003 0
2003 0
2003 0
2003 0
2003 0
2003 0
2003 0
2003 0
2003 0
2003 0
2003 0
2003 0
2003 0
2003 0
2003 0
2003 0
2003 0
2003 0
2003 0
2003 0
2003 0
2003 0
2003 0
2003 0
2003 0
2003 0
2003 0
2003 0
2003 0
2003 0
2003 0
2003 0
2003 0
2003 0
2003 0
2004 0
2004 0
2004 0
2004 0
2004 0
2004 0
2004 0
2004 0
2004 0
2004 0
2004 0
2004 0
2004 0
2004 0
2004 0
2004 0
2004 0
2004 0
2004 0
2004 0
2004 0
2004 0
2004 0
2004 0
2004 0
2004 0
2004 0
2004 0
2004 0
2004 0
2004 0
2004 0
2004 0
2004 0
2004 21
2004 18
2004 14
2004 17
2004 15
2004 11
2004 8
2004 7
2004 0
2004 0
2004 0
2004 0
2004 6
2004 0
2004 0
2004 9
2004 19
2004 17
2004 29
2004 28
2004 27
2004 25
2004 23
2004 24
2004 25
2004 30
2004 30
2004 71
2004 66
2004 62
2004 59
2004 57
2004 55
2004 54
2004 59
2004 58
2004 57
2004 55
2004 55
2004 56
2004 54
2004 53
2004 53
2004 59
2004 59
2004 56
2004 55
2004 55
2004 55
2004 54
2004 52
2004 52
2004 55
2004 55
2004 72
2004 75
2004 74
2004 73
2004 72
2004 70
2004 69
2004 67
2004 67
2004 67
2004 66
2004 67
2004 67
2004 66
2004 66.5
2004 67
2004 86
2004 75
2004 75
2004 74
2004 74
2004 74
2004 74
2004 74
2004 74
2004 74
2004 74
2004 74
2004 74
2004 75
2004 81
2004 100
2004 95
2004 96
2004 95.5
2004 95
2004 93
2004 93
2004 91
2004 91
2004 103
2004 101
2004 105
2004 121
2004 116
2004 132
2004 153
2004 152
2004 155
2004 151
2004 157
2004 156
2004 153
2004 157
2004 149
2004 147
2004 146
2004 145
2004 145
2004 144
2004 147
2004 147
2004 149
2004 148
2004 146
2004 144
2004 143
2004 142
2004 141
2004 140
2004 140
2004 140
2004 140
2004 123
2004 124
2004 126
2004 125
2004 125
2004 124
2004 124
2004 124
2004 124
2004 124
2004 124
2004 125
2004 125
2004 130
2004 143
2004 145
2004 143
2004 142
2004 148
2004 146
2004 145
2004 145
2004 144
2004 144
2004 143
2004 143
2004 144
2004 149
2004 150
2004 149
2004 152
2004 158
2004 156
2004 152
2004 153
2004 153
2004 151
2004 148
2004 148
2004 146
2004 144
2004 143
2004 147
2004 154
2004 165
2004 163
2004 161
2004 159
2004 158
2004 156
2004 155
2004 153
2004 151
2004 150
2004 149
2004 147
2004 161
2004 159
2004 154
2004 153
2004 155
2004 155
2004 173
2004 168
2004 164
2004 163
2004 167
2004 166
2004 163
2004 161
2004 169.5
2004 178
2004 171
2004 165
2004 160
2004 154
2004 154
2004 153
2004 151
2004 149
2004 146
2004 147
2004 144
2004 142
2004 142
2004 147
2004 163
2004 180
2004 175
2004 171
2004 174
2004 166
2004 164
2004 158
2004 157
2004 153
2004 150
2004 146
2004 140
2004 138
2004 131
2004 124
2004 119
2004 116
2004 114
2004 111
2004 108
2004 104
2004 101
2004 100
2004 97
2004 91
2004 92
2004 88
2004 89
2004 86
2004 81
2004 77
2004 69
2004 64
2004 58
2004 48
2004 40
2004 25
2004 9
2004 0
2004 0
2004 0
2004 0
2004 0
2004 0
2004 0
2004 0
2004 0
2004 0
2004 0
2004 0
2004 0
2004 0
2004 0
2004 0
2004 0
2004 0
2004 0
2004 0
2004 0
2004 0
2004 0
2004 0
2004 0
2004 0
2004 0
2004 0
2004 0
2004 0
2004 0
2004 0
2004 0
2004 0
2004 0
2004 0
2004 0
2004 0
2004 0
2004 0
2004 0
2004 0
2004 0
2004 0
2004 0
2004 0
2004 0
2004 0
2004 0
2004 0
2004 0
2004 0
2004 0
2004 0
2004 0
2004 0
2004 0
2004 0
2004 0
2004 0
2004 0
2004 0
2004 0
2004 0
2004 0
2004 0
2004 0
2004 0
2004 0
2004 0
2004 0
2004 0
2004 0
2004 0
2004 0
2004 0
2004 0
2004 0
2004 0
2004 0
2005 0
2005 0
2005 0
2005 0
2005 0
2005 0
2005 0
2005 0
2005 0
2005 0
2005 0
2005 0
2005 0
2005 0
2005 0
2005 0
2005 0
2005 0
2005 0
2005 0
2005 0
2005 0
2005 0
2005 0
2005 0
2005 0
2005 0
2005 0
2005 0
2005 0
2005 0
2005 0
2005 0
2005 0
2005 0
2005 0
2005 0
2005 0
2005 0
2005 0
2005 0
2005 0
2005 0
2005 0
2005 0
2005 19
2005 14
2005 11
2005 9
2005 0
2005 0
2005 0
2005 0
2005 0
2005 0
2005 0
2005 0
2005 0
2005 0
2005 6
2005 11
2005 0
2005 0
2005 0
2005 0
2005 0
2005 0
2005 0
2005 0
2005 0
2005 0
2005 9
2005 8
2005 8
2005 0
2005 0
2005 0
2005 0
2005 0
2005 10
2005 8
2005 7
2005 6
2005 0
2005 0
2005 0
2005 0
2005 0
2005 0
2005 10
2005 22
2005 22
2005 24
2005 21
2005 20
2005 20
2005 19
2005 18
2005 19
2005 19
2005 19
2005 18
2005 19
2005 19
2005 17
2005 18
2005 19
2005 22
2005 22
2005 29
2005 26
2005 27
2005 28
2005 27
2005 27
2005 28
2005 40
2005 37
2005 38
2005 41
2005 39
2005 37
2005 37
2005 37
2005 42
2005 41
2005 42
2005 41
2005 40
2005 40
2005 40
2005 39
2005 39
2005 39
2005 40
2005 39
2005 39
2005 39
2005 38
2005 39
2005 43
2005 50
2005 38
2005 38
2005 36
2005 37
2005 38
2005 37
2005 38
2005 38
2005 37
2005 37
2005 37
2005 43
2005 43
2005 42
2005 42
2005 42
2005 42
2005 42
2005 41
2005 41
2005 42
2005 47
2005 45
2005 53
2005 55
2005 56
2005 55
2005 53
2005 53
2005 54
2005 55
2005 57
2005 57
2005 57
2005 57
2005 57
2005 57
2005 58
2005 57
2005 57
2005 57
2005 58
2005 57
2005 58
2005 59
2005 58
2005 60
2005 61
2005 61
2005 61
2005 59
2005 59
2005 59
2005 58
2005 58
2005 58
2005 56
2005 52
2005 48
2005 45
2005 43
2005 39
2005 36
2005 37
2005 34
2005 40
2005 34
2005 36
2005 37
2005 35
2005 36
2005 36
2005 36
2005 36
2005 36
2005 36
2005 35
2005 38
2005 63
2005 56
2005 53
2005 50
2005 46
2005 44
2005 43
2005 47
2005 51
2005 48
2005 57
2005 61
2005 56
2005 55
2005 55
2005 55
2005 56.5
2005 58
2005 55
2005 51.5
2005 48
2005 42
2005 37
2005 31
2005 25
2005 24
2005 24
2005 24
2005 24
2005 22
2005 21
2005 21
2005 17
2005 15
2005 11
2005 8
2005 0
2005 0
2005 0
2005 16
2005 6
2005 0
2005 0
2005 0
2005 17
2005 0
2005 0
2005 0
2005 0
2005 0
2005 0
2005 0
2005 0
2005 0
2005 0
2005 0
2005 0
2005 0
2005 0
2005 0
2005 0
2005 0
2005 0
2005 0
2005 0
2005 0
2005 0
2005 0
2005 0
2005 0
2005 0
2005 0
2005 0
2005 0
2005 0
2005 0
2005 0
2005 0
2005 0
2005 0
2005 0
2005 0
2005 0
2005 0
2005 0
2005 0
2005 0
2005 0
2005 0
2005 0
2005 0
2005 0
2005 0
2005 0
2005 0
2005 0
2005 0
2005 0
2005 0
2005 0
2005 0
2005 0
2005 0
2005 0
2005 0
2005 0
2005 0
2005 0
2005 0
2005 0
2005 0
2005 0
2005 0
2005 0
2005 0
2005 0
2005 0
2005 0
2005 0
2005 0
2005 0
2005 0
2005 0
2005 0
2005 0
2005 0
2005 0
2005 0
2005 0
2005 0
2005 0
2005 0
2005 0
2005 0
2005 0
2005 0
2005 0
2005 0
2005 0
2005 0
2005 0
2005 0
2005 0
2005 0
2005 0
2006 0
2006 0
2006 0
2006 0
2006 0
2006 0
2006 0
2006 0
2006 0
2006 0
2006 0
2006 0
2006 0
2006 0
2006 0
2006 0
2006 0
2006 0
2006 0
2006 0
2006 0
2006 0
2006 0
2006 0
2006 0
2006 0
2006 0
2006 0
2006 0
2006 0
2006 0
2006 27
2006 41
2006 51
2006 42
2006 32
2006 21
2006 14
2006 10
2006 7
2006 6
2006 0
2006 0
2006 0
2006 0
2006 0
2006 0
2006 0
2006 0
2006 0
2006 0
2006 0
2006 0
2006 0
2006 0
2006 0
2006 0
2006 0
2006 0
2006 0
2006 0
2006 0
2006 0
2006 0
2006 0
2006 0
2006 9
2006 10
2006 9
2006 8
2006 7
2006 7
2006 7
2006 7
2006 7
2006 7
2006 8
2006 9
2006 10
2006 9
2006 10
2006 11
2006 10
2006 9
2006 9
2006 15
2006 22
2006 21
2006 20
2006 25
2006 23
2006 22
2006 25
2006 55
2006 49
2006 50
2006 47
2006 45
2006 45
2006 42
2006 41
2006 41
2006 40
2006 41
2006 40
2006 41
2006 42
2006 41
2006 50
2006 49
2006 49
2006 48
2006 46
2006 46
2006 45
2006 45
2006 45
2006 47
2006 53
2006 52
2006 51
2006 57
2006 61
2006 59
2006 61
2006 59
2006 58
2006 58
2006 57
2006 56
2006 56
2006 56
2006 56
2006 57
2006 57
2006 57
2006 56
2006 57
2006 58
2006 71
2006 73
2006 71
2006 68
2006 68
2006 66
2006 65
2006 66
2006 68
2006 79
2006 76
2006 74
2006 72
2006 72
2006 71
2006 71
2006 70.5
2006 70
2006 70
2006 70
2006 71
2006 72
2006 73
2006 72
2006 75
2006 76
2006 77
2006 76
2006 80
2006 92
2006 96
2006 110
2006 105
2006 108
2006 104
2006 103
2006 101
2006 93
2006 95
2006 96
2006 95
2006 94
2006 96
2006 97
2006 100
2006 105
2006 116
2006 115
2006 119
2006 124
2006 141
2006 138
2006 135
2006 131
2006 129
2006 127
2006 125
2006 123
2006 123
2006 122
2006 120
2006 120
2006 121
2006 119
2006 117
2006 122
2006 124
2006 119
2006 116
2006 129
2006 125
2006 123
2006 120
2006 120
2006 119
2006 119
2006 118
2006 127
2006 132
2006 129
2006 125
2006 124
2006 131
2006 154
2006 148
2006 147
2006 138
2006 139
2006 135
2006 132
2006 130
2006 128
2006 126
2006 124
2006 121
2006 117
2006 114
2006 113
2006 110
2006 108
2006 111
2006 107
2006 105
2006 104
2006 101
2006 97
2006 93
2006 92
2006 93
2006 92
2006 88
2006 106
2006 93
2006 88
2006 85
2006 80
2006 79
2006 75
2006 69
2006 60
2006 55
2006 47
2006 43
2006 39
2006 32
2006 27
2006 32
2006 25
2006 16
2006 0
2006 0
2006 0
2006 0
2006 0
2006 0
2006 0
2006 0
2006 0
2006 0
2006 0
2006 0
2006 0
2006 0
2006 0
2006 0
2006 0
2006 0
2006 0
2006 0
2006 0
2006 0
2006 0
2006 0
2006 0
2006 0
2006 0
2006 0
2006 0
2006 0
2006 0
2006 0
2006 0
2006 0
2006 0
2006 0
2006 0
2006 0
2006 0
2006 0
2006 0
2006 0
2006 0
2006 0
2006 0
2006 0
2006 0
2006 0
2006 0
2006 0
2006 0
2006 0
2006 0
2006 0
2006 0
2006 0
2006 0
2006 0
2006 0
2006 0
2006 0
2006 0
2006 0
2006 0
2006 0
2006 0
2006 0
2006 0
2006 0
2006 0
2006 0
2006 0
2006 0
2006 0
2006 0
2006 0
2006 0
2006 0
2006 0
2006 0
2006 0
2006 0
2006 0
2006 0
2006 0
2006 0
2006 0
2006 0
2006 0
2006 0
2006 0
2006 0
2006 0
2006 0
2006 0
2006 0
2006 0
2007 0
2007 0
2007 0
2007 0
2007 0
2007 0
2007 0
2007 0
2007 0
2007 0
2007 0
2007 0
2007 0
2007 0
2007 0
2007 0
2007 0
2007 0
2007 0
2007 0
2007 0
2007 0
2007 0
2007 0
2007 0
2007 0
2007 0
2007 0
2007 0
2007 0
2007 0
2007 0
2007 0
2007 0
2007 0
2007 0
2007 0
2007 0
2007 0
2007 0
2007 0
2007 0
2007 0
2007 0
2007 0
2007 0
2007 0
2007 0
2007 0
2007 0
2007 0
2007 0
2007 0
2007 0
2007 0
2007 0
2007 0
2007 0
2007 0
2007 0
2007 0
2007 0
2007 0
2007 0
2007 0
2007 0
2007 0
2007 0
2007 0
2007 0
2007 0
2007 0
2007 0
2007 0
2007 0
2007 0
2007 0
2007 0
2007 0
2007 0
2007 7
2007 7
2007 18
2007 15
2007 14
2007 12
2007 11
2007 12
2007 11
2007 11
2007 12
2007 12
2007 12
2007 12
2007 12
2007 13
2007 19
2007 30
2007 31
2007 69
2007 61
2007 57
2007 54
2007 52
2007 50
2007 49
2007 49
2007 48
2007 47
2007 46
2007 46
2007 47
2007 40
2007 35
2007 35
2007 34
2007 34
2007 35
2007 35
2007 35
2007 35
2007 35
2007 35
2007 38
2007 48
2007 48
2007 43
2007 42
2007 42
2007 42
2007 43
2007 43
2007 42
2007 41
2007 41
2007 41
2007 41
2007 41
2007 41
2007 41
2007 40
2007 40
2007 40
2007 40
2007 60
2007 61
2007 59
2007 59
2007 55
2007 57
2007 52
2007 51
2007 51
2007 52
2007 52
2007 51
2007 51
2007 51
2007 52
2007 52
2007 54
2007 53
2007 55
2007 53
2007 58
2007 67
2007 63
2007 60
2007 60
2007 59
2007 59
2007 58
2007 59
2007 59
2007 58
2007 59
2007 57
2007 62
2007 64
2007 70
2007 74
2007 73
2007 86
2007 84
2007 83
2007 83
2007 82
2007 99
2007 96
2007 96
2007 95
2007 88
2007 86
2007 85
2007 84
2007 83
2007 81
2007 81
2007 79
2007 101
2007 90
2007 91
2007 90
2007 90
2007 90
2007 86
2007 84
2007 83
2007 83
2007 83
2007 82
2007 85
2007 85
2007 82
2007 82
2007 82
2007 81
2007 80
2007 79
2007 78
2007 76
2007 73
2007 70
2007 66
2007 65
2007 59
2007 54
2007 50
2007 48
2007 45
2007 40
2007 35
2007 31
2007 25
2007 20
2007 15
2007 6
2007 0
2007 0
2007 0
2007 0
2007 0
2007 0
2007 0
2007 0
2007 0
2007 0
2007 0
2007 0
2007 0
2007 0
2007 0
2007 0
2007 0
2007 0
2007 0
2007 0
2007 0
2007 0
2007 0
2007 0
2007 0
2007 0
2007 0
2007 0
2007 0
2007 0
2007 0
2007 0
2007 0
2007 11
2007 0
2007 0
2007 0
2007 0
2007 0
2007 0
2007 0
2007 0
2007 0
2007 0
2007 0
2007 0
2007 0
2007 0
2007 0
2007 0
2007 0
2007 0
2007 0
2007 0
2007 0
2007 0
2007 0
2007 0
2007 0
2007 0
2007 0
2007 0
2007 0
2007 0
2007 0
2007 0
2007 0
2007 0
2007 0
2007 0
2007 0
2007 0
2007 0
2007 0
2007 0
2007 0
2007 0
2007 0
2007 0
2007 0
2007 0
2007 0
2007 0
2007 0
2007 0
2007 0
2007 0
2007 0
2007 0
2007 0
2007 0
2007 0
2007 0
2007 0
2007 0
2007 0
2007 0
2007 0
2007 0
2007 0
2007 0
2007 0
2007 0
2007 0
2007 0
2007 0
2007 0
2007 0
2007 0
2007 0
2007 0
2007 0
2007 0
2007 0
2007 0
2007 0
2007 0
2007 0
2007 0
2007 0
2007 0
2007 0
2007 0
2007 0
2007 0
2007 0
2007 0
2007 0
2008 0
2008 0
2008 0
2008 0
2008 0
2008 0
2008 0
2008 0
2008 0
2008 0
2008 0
2008 0
2008 0
2008 0
2008 0
2008 0
2008 0
2008 0
2008 0
2008 0
2008 0
2008 0
2008 0
2008 0
2008 0
2008 13
2008 26
2008 25
2008 20
2008 10
2008 6
2008 0
2008 0
2008 0
2008 0
2008 0
2008 0
2008 0
2008 0
2008 0
2008 0
2008 0
2008 0
2008 0
2008 0
2008 0
2008 0
2008 0
2008 0
2008 0
2008 0
2008 0
2008 0
2008 0
2008 0
2008 0
2008 0
2008 0
2008 0
2008 0
2008 0
2008 0
2008 0
2008 0
2008 0
2008 0
2008 0
2008 0
2008 0
2008 8
2008 21
2008 9
2008 11
2008 11
2008 16
2008 17
2008 16
2008 16
2008 16
2008 16
2008 16
2008 17
2008 21
2008 41
2008 52
2008 53
2008 54
2008 49
2008 52
2008 47
2008 44
2008 45
2008 44
2008 49
2008 70
2008 62
2008 60
2008 63
2008 68
2008 64
2008 62
2008 67
2008 66
2008 65
2008 62
2008 59
2008 60
2008 55
2008 54
2008 54
2008 54
2008 54
2008 54
2008 54
2008 54
2008 54
2008 54
2008 53
2008 53
2008 53
2008 54
2008 53
2008 53
2008 54
2008 58
2008 60
2008 67
2008 75
2008 74
2008 74.25
2008 74.5
2008 74.75
2008 75
2008 107
2008 100
2008 96
2008 96
2008 98
2008 98
2008 99
2008 97
2008 95
2008 93
2008 102
2008 96
2008 95
2008 94
2008 93
2008 90
2008 89
2008 88
2008 89
2008 88
2008 89
2008 98
2008 97
2008 103
2008 108
2008 117
2008 119
2008 115
2008 114
2008 113
2008 110
2008 109
2008 109
2008 108
2008 107
2008 107
2008 106
2008 106
2008 105
2008 104
2008 105
2008 104
2008 104
2008 103
2008 103
2008 103
2008 103
2008 103
2008 104
2008 101
2008 100
2008 100
2008 100
2008 100
2008 100
2008 99
2008 99
2008 99
2008 108
2008 122
2008 131
2008 127
2008 122
2008 120
2008 128
2008 129
2008 126
2008 124
2008 123
2008 128
2008 130
2008 132
2008 134
2008 115
2008 112
2008 113
2008 115
2008 113
2008 112
2008 111
2008 109
2008 118
2008 127
2008 123
2008 122
2008 122
2008 136
2008 133
2008 133
2008 129
2008 142
2008 152
2008 144
2008 148
2008 153
2008 153
2008 150
2008 150
2008 149
2008 146
2008 145
2008 158
2008 154
2008 152
2008 151
2008 149
2008 148
2008 143
2008 146
2008 144
2008 142
2008 139
2008 135
2008 132
2008 128
2008 124
2008 121
2008 116
2008 113
2008 109
2008 104
2008 102
2008 99
2008 97
2008 95
2008 90
2008 87
2008 96
2008 88
2008 83
2008 82
2008 77
2008 72
2008 71
2008 65
2008 61
2008 47
2008 33
2008 16
2008 10
2008 0
2008 0
2008 0
2008 0
2008 0
2008 0
2008 0
2008 0
2008 0
2008 0
2008 0
2008 0
2008 0
2008 0
2008 0
2008 0
2008 0
2008 0
2008 0
2008 0
2008 0
2008 0
2008 0
2008 0
2008 0
2008 0
2008 0
2008 0
2008 0
2008 0
2008 0
2008 0
2008 0
2008 0
2008 0
2008 0
2008 0
2008 0
2008 0
2008 0
2008 0
2008 0
2008 0
2008 0
2008 0
2008 0
2008 0
2008 0
2008 0
2008 0
2008 0
2008 0
2008 0
2008 0
2008 0
2008 0
2008 0
2008 0
2008 0
2008 0
2008 0
2008 0
2008 0
2008 0
2008 0
2008 0
2008 0
2008 0
2008 0
2008 0
2008 0
2008 0
2008 0
2008 0
2008 0
2008 0
2008 0
2008 0
2008 0
2008 0
2008 0
2008 0
2008 0
2008 0
2008 0
2008 0
2008 0
2008 0
2008 0
2008 0
2008 0
2008 0
2008 0
2009 0
2009 0
2009 0
2009 0
2009 0
2009 0
2009 0
2009 0
2009 0
2009 0
2009 0
2009 0
2009 0
2009 0
2009 0
2009 0
2009 0
2009 0
2009 0
2009 0
2009 0
2009 0
2009 0
2009 0
2009 0
2009 0
2009 0
2009 0
2009 0
2009 0
2009 0
2009 0
2009 24
2009 21
2009 16
2009 9
2009 0
2009 0
2009 0
2009 0
2009 0
2009 0
2009 0
2009 0
2009 0
2009 0
2009 0
2009 0
2009 0
2009 0
2009 0
2009 0
2009 0
2009 0
2009 0
2009 0
2009 0
2009 0
2009 19
2009 40
2009 54
2009 47
2009 43
2009 45
2009 51
2009 56
2009 54
2009 52
2009 50
2009 49
2009 48
2009 47
2009 56
2009 66
2009 62
2009 62
2009 60
2009 60
2009 60
2009 59
2009 58
2009 54
2009 69
2009 67
2009 67
2009 66
2009 65
2009 63
2009 67
2009 66
2009 95
2009 112
2009 107
2009 104
2009 101
2009 100
2009 97
2009 99
2009 97
2009 96
2009 110
2009 113
2009 120
2009 115
2009 121
2009 119
2009 115
2009 115
2009 116
2009 119
2009 115
2009 134
2009 129
2009 126
2009 126
2009 121
2009 119
2009 118
2009 118
2009 116
2009 115
2009 115
2009 117
2009 118
2009 117
2009 117
2009 116
2009 116
2009 116
2009 115
2009 114
2009 114
2009 113
2009 114
2009 113
2009 116
2009 117
2009 117
2009 117
2009 119
2009 124
2009 164
2009 160
2009 155
2009 159
2009 162
2009 159
2009 156
2009 156
2009 153
2009 151
2009 149
2009 148
2009 146
2009 151
2009 149
2009 147
2009 148
2009 166
2009 176
2009 175
2009 173
2009 178
2009 182
2009 180
2009 180
2009 178
2009 176
2009 174
2009 177
2009 187
2009 185
2009 184
2009 183
2009 181
2009 181
2009 182
2009 180
2009 177
2009 176
2009 174
2009 174
2009 175
2009 176
2009 189
2009 194
2009 200
2009 197
2009 194
2009 205
2009 205
2009 208
2009 220
2009 222
2009 218
2009 217
2009 215
2009 213
2009 211
2009 211
2009 211
2009 210
2009 209
2009 207
2009 211
2009 217
2009 225
2009 227
2009 227
2009 229
2009 229
2009 225
2009 222
2009 220
2009 218
2009 216
2009 215
2009 214
2009 212
2009 210
2009 208
2009 207
2009 204
2009 202
2009 200
2009 197
2009 194
2009 206
2009 208
2009 203
2009 201
2009 198
2009 195
2009 192
2009 193
2009 195
2009 191
2009 192
2009 207
2009 203
2009 213
2009 210
2009 205
2009 203
2009 200
2009 199
2009 198
2009 195
2009 190
2009 187
2009 183
2009 176
2009 171
2009 166
2009 158
2009 155
2009 153
2009 145
2009 142
2009 137
2009 131
2009 125
2009 119
2009 111
2009 103
2009 94
2009 83
2009 75
2009 69
2009 66
2009 60
2009 56
2009 55
2009 48
2009 48
2009 41
2009 35
2009 28
2009 22
2009 21
2009 20
2009 14
2009 10
2009 0
2009 0
2009 0
2009 0
2009 0
2009 0
2009 0
2009 0
2009 0
2009 0
2009 0
2009 0
2009 0
2009 0
2009 0
2009 0
2009 0
2009 0
2009 0
2009 0
2009 0
2009 0
2009 0
2009 0
2009 0
2009 0
2009 0
2009 0
2009 0
2009 0
2009 0
2009 0
2009 0
2009 0
2009 0
2009 0
2009 0
2009 0
2009 0
2009 0
2009 0
2009 0
2009 0
2009 0
2009 0
2009 0
2009 0
2009 0
2009 0
2009 0
2009 0
2009 0
2009 0
2009 0
2009 0
2009 0
2009 0
2009 0
2009 0
2009 0
2009 0
2009 0
2009 0
2009 0
2009 0
2009 0
2009 0
2009 0
2009 0
2009 0
2009 0
2009 0
2009 0
2009 0
2009 0
2009 0
2009 0
2009 0
2009 0
2009 0
2009 0
2009 0
2010 0
2010 0
2010 0
2010 0
2010 0
2010 0
2010 0
2010 0
2010 0
2010 0
2010 0
2010 0
2010 0
2010 0
2010 0
2010 0
2010 0
2010 0
2010 0
2010 0
2010 0
2010 0
2010 0
2010 0
2010 0
2010 0
2010 0
2010 0
2010 0
2010 0
2010 0
2010 0
2010 0
2010 0
2010 0
2010 0
2010 0
2010 0
2010 0
2010 0
2010 0
2010 21
2010 7
2010 11
2010 10
2010 12
2010 18
2010 13
2010 10
2010 11
2010 13
2010 22
2010 26
2010 23
2010 18
2010 17
2010 17
2010 15
2010 15
2010 14
2010 14
2010 14
2010 31
2010 34
2010 33
2010 31
2010 40
2010 37
2010 41
2010 39
2010 38
2010 37
2010 37
2010 36
2010 36
2010 35
2010 32
2010 32
2010 31
2010 30
2010 29
2010 30
2010 30
2010 30
2010 36
2010 35
2010 34
2010 33
2010 33
2010 34
2010 93
2010 91
2010 85
2010 82
2010 90
2010 87
2010 83
2010 80
2010 89
2010 85
2010 85
2010 81
2010 79.5
2010 78
2010 77
2010 76
2010 75
2010 75
2010 74
2010 76
2010 76
2010 79
2010 82
2010 106
2010 116
2010 150
2010 138
2010 133
2010 129
2010 125
2010 128
2010 131
2010 127
2010 125
2010 122
2010 120
2010 119
2010 117
2010 115
2010 120
2010 117
2010 118
2010 116
2010 114
2010 118
2010 116
2010 114
2010 114
2010 116
2010 113
2010 114
2010 113
2010 116
2010 114
2010 112
2010 110
2010 109
2010 111
2010 112
2010 115
2010 119
2010 119
2010 118
2010 118
2010 118
2010 118
2010 118
2010 118
2010 123
2010 123
2010 123
2010 123
2010 123
2010 122
2010 123
2010 122
2010 122
2010 122
2010 124
2010 124
2010 126
2010 140
2010 146
2010 143
2010 144
2010 141
2010 140
2010 142
2010 144
2010 144
2010 149
2010 147
2010 146
2010 145
2010 144
2010 142
2010 142
2010 141
2010 141
2010 139
2010 140
2010 145
2010 143
2010 143
2010 148
2010 151
2010 151
2010 150
2010 150
2010 149
2010 148
2010 146
2010 145
2010 142
2010 142
2010 141
2010 164
2010 162
2010 160
2010 158
2010 159
2010 166
2010 186
2010 177
2010 174
2010 181
2010 179
2010 174
2010 171
2010 168
2010 165
2010 162
2010 161
2010 161
2010 161
2010 164
2010 161
2010 160
2010 159
2010 171
2010 163
2010 162
2010 162
2010 160
2010 157
2010 150
2010 145
2010 141
2010 137
2010 133
2010 129
2010 125
2010 122
2010 118
2010 126
2010 128
2010 140
2010 137
2010 135
2010 135
2010 131
2010 127
2010 127
2010 129
2010 123
2010 123
2010 123
2010 128
2010 126
2010 126
2010 124
2010 123
2010 119
2010 113
2010 110
2010 103
2010 94
2010 86
2010 84
2010 82
2010 78
2010 73
2010 76
2010 70
2010 70
2010 61
2010 52
2010 45
2010 34
2010 24
2010 15
2010 0
2010 0
2010 0
2010 0
2010 0
2010 0
2010 0
2010 0
2010 0
2010 0
2010 0
2010 0
2010 0
2010 0
2010 0
2010 0
2010 0
2010 0
2010 0
2010 0
2010 0
2010 0
2010 0
2010 0
2010 0
2010 0
2010 0
2010 0
2010 0
2010 0
2010 0
2010 0
2010 0
2010 0
2010 0
2010 0
2010 0
2010 0
2010 0
2010 0
2010 0
2010 0
2010 0
2010 0
2010 0
2010 0
2010 0
2010 0
2010 0
2010 0
2010 0
2010 0
2010 0
2010 0
2010 0
2010 0
2010 0
2010 0
2010 0
2010 0
2010 0
2010 0
2010 0
2010 0
2010 0
2010 0
2010 0
2010 0
2010 0
2010 0
2010 0
2010 0
2010 0
2010 0
2010 0
2010 0
2010 0
2010 0
2010 0
2010 0
2010 0
2010 0
2010 0
2010 0
2011 0
2011 0
2011 0
2011 0
2011 0
2011 0
2011 0
2011 0
2011 0
2011 0
2011 0
2011 0
2011 0
2011 0
2011 0
2011 0
2011 0
2011 0
2011 0
2011 0
2011 0
2011 0
2011 0
2011 0
2011 15
2011 8
2011 12
2011 14
2011 10
2011 6
2011 7
2011 0
2011 0
2011 0
2011 0
2011 0
2011 0
2011 0
2011 0
2011 0
2011 0
2011 0
2011 0
2011 0
2011 0
2011 0
2011 0
2011 0
2011 0
2011 0
2011 0
2011 0
2011 0
2011 0
2011 45
2011 37
2011 33
2011 29
2011 27
2011 25
2011 42
2011 38
2011 33
2011 29
2011 28
2011 27
2011 27
2011 30
2011 58
2011 57
2011 54
2011 51
2011 48
2011 45
2011 44
2011 39
2011 82
2011 76
2011 74
2011 87
2011 83
2011 87
2011 93
2011 91
2011 88
2011 85
2011 89
2011 86
2011 86
2011 87
2011 85
2011 98
2011 98
2011 94
2011 95
2011 93
2011 99
2011 97
2011 96
2011 93
2011 95
2011 93
2011 90
2011 92
2011 90
2011 90
2011 90
2011 93
2011 93
2011 93
2011 94
2011 94
2011 95
2011 109
2011 112
2011 113
2011 118
2011 117
2011 113
2011 110
2011 108
2011 107
2011 107
2011 106
2011 105
2011 104
2011 105
2011 105
2011 104
2011 104
2011 104
2011 115
2011 114
2011 114
2011 112
2011 110
2011 109
2011 109
2011 108
2011 107
2011 107
2011 106
2011 106
2011 105
2011 105
2011 106
2011 106
2011 107
2011 106
2011 106
2011 106
2011 107
2011 106
2011 106
2011 106
2011 106
2011 105
2011 106
2011 105
2011 105
2011 105
2011 104
2011 105
2011 105
2011 105
2011 105
2011 105
2011 106
2011 112
2011 110
2011 111
2011 111
2011 115
2011 118
2011 118
2011 118
2011 118
2011 117
2011 117
2011 122
2011 119
2011 115
2011 115
2011 115
2011 115
2011 115
2011 114
2011 114
2011 113
2011 114
2011 114
2011 113
2011 114
2011 119
2011 118
2011 118
2011 121
2011 136
2011 137
2011 136
2011 134
2011 133
2011 131
2011 129
2011 127
2011 127
2011 126
2011 126
2011 124
2011 123
2011 123
2011 122
2011 120
2011 118
2011 115
2011 119
2011 117
2011 112
2011 106
2011 100
2011 94
2011 90
2011 86
2011 84
2011 85
2011 84
2011 82
2011 80
2011 79
2011 77
2011 75
2011 72
2011 70
2011 67
2011 64.3333333333333
2011 61.6666666666667
2011 59
2011 57
2011 57
2011 54
2011 56
2011 56
2011 53
2011 50
2011 49
2011 48
2011 46
2011 41
2011 37
2011 33
2011 29
2011 24
2011 18
2011 17
2011 8
2011 0
2011 12
2011 10
2011 0
2011 0
2011 0
2011 0
2011 0
2011 0
2011 0
2011 0
2011 0
2011 0
2011 0
2011 0
2011 0
2011 0
2011 0
2011 0
2011 0
2011 0
2011 0
2011 0
2011 0
2011 0
2011 0
2011 0
2011 0
2011 0
2011 0
2011 0
2011 0
2011 0
2011 0
2011 0
2011 0
2011 0
2011 0
2011 0
2011 0
2011 0
2011 0
2011 0
2011 0
2011 0
2011 0
2011 0
2011 0
2011 0
2011 0
2011 0
2011 0
2011 0
2011 0
2011 0
2011 0
2011 0
2011 0
2011 0
2011 0
2011 0
2011 0
2011 0
2011 0
2011 0
2011 0
2011 0
2011 0
2011 0
2011 0
2011 0
2011 0
2011 0
2011 0
2011 0
2011 0
2011 0
2011 0
2011 0
2011 0
2011 0
2011 0
2011 0
2011 0
2011 0
2011 0
2011 0
2011 0
2011 0
2011 0
2011 0
2011 0
2011 0
2011 0
2011 0
2011 0
2011 0
2011 0
2011 0
2011 0
2011 0
2011 0
2011 0
2011 0
2011 0
2011 0
2011 0
2011 0
2011 0
2011 0
2012 0
2012 0
2012 0
2012 0
2012 0
2012 0
2012 0
2012 0
2012 0
2012 0
2012 0
2012 0
2012 0
2012 0
2012 0
2012 0
2012 0
2012 0
2012 50
2012 33
2012 20
2012 13
2012 9
2012 0
2012 0
2012 0
2012 0
2012 0
2012 0
2012 0
2012 0
2012 0
2012 0
2012 0
2012 0
2012 0
2012 0
2012 11
2012 22
2012 0
2012 0
2012 0
2012 0
2012 0
2012 0
2012 0
2012 0
2012 0
2012 0
2012 9
2012 7
2012 7
2012 7
2012 8
2012 15
2012 22
2012 20
2012 19
2012 17
2012 15
2012 14
2012 14
2012 14
2012 14
2012 12
2012 0
2012 0
2012 0
2012 10
2012 9
2012 8
2012 10
2012 10
2012 10
2012 10
2012 10
2012 10
2012 10
2012 10
2012 10
2012 10
2012 10
2012 10
2012 10
2012 10
2012 10
2012 10
2012 10
2012 9
2012 11
2012 10
2012 10
2012 11
2012 12
2012 12
2012 11
2012 11
2012 31
2012 21
2012 20
2012 20
2012 19
2012 23
2012 24
2012 28
2012 28
2012 31
2012 42
2012 41
2012 41
2012 41
2012 41
2012 57
2012 57
2012 55
2012 53
2012 52
2012 51
2012 51
2012 51
2012 62
2012 79
2012 74
2012 78
2012 79
2012 87.5
2012 96
2012 128
2012 141
2012 141
2012 137
2012 133
2012 128
2012 124
2012 107
2012 105
2012 104
2012 103
2012 103
2012 102
2012 102
2012 104
2012 125
2012 102
2012 100
2012 107
2012 106
2012 105
2012 105
2012 109
2012 106
2012 105
2012 105
2012 105
2012 106
2012 104
2012 105
2012 105
2012 105
2012 105
2012 97
2012 102
2012 102
2012 102
2012 103
2012 103
2012 103
2012 101
2012 101
2012 101
2012 101
2012 102
2012 102
2012 102
2012 102
2012 102
2012 102
2012 101
2012 102
2012 101
2012 100
2012 100
2012 100
2012 99
2012 100
2012 99
2012 110
2012 109
2012 107
2012 108
2012 108
2012 106
2012 107
2012 99
2012 98
2012 98
2012 97
2012 98
2012 98
2012 98
2012 125
2012 118
2012 114
2012 112
2012 111
2012 111
2012 110
2012 107
2012 108
2012 106
2012 104
2012 104
2012 102
2012 102
2012 101
2012 102
2012 100
2012 106
2012 104
2012 106
2012 105
2012 105
2012 104
2012 120
2012 117
2012 116
2012 123
2012 125
2012 126
2012 122
2012 127
2012 130
2012 143
2012 137
2012 167
2012 161
2012 186
2012 175
2012 165
2012 153
2012 140
2012 131
2012 124
2012 119
2012 115
2012 113
2012 109
2012 107
2012 108
2012 104
2012 100
2012 96
2012 89
2012 81
2012 76
2012 74
2012 71
2012 70.5
2012 70
2012 66
2012 62
2012 59
2012 54
2012 54
2012 51
2012 42
2012 36
2012 28
2012 22
2012 17
2012 13
2012 8
2012 0
2012 0
2012 0
2012 0
2012 0
2012 7
2012 0
2012 0
2012 0
2012 0
2012 0
2012 0
2012 0
2012 14
2012 0
2012 0
2012 0
2012 0
2012 0
2012 0
2012 0
2012 0
2012 0
2012 0
2012 0
2012 0
2012 0
2012 0
2012 0
2012 0
2012 0
2012 0
2012 0
2012 0
2012 0
2012 0
2012 0
2012 0
2012 0
2012 0
2012 0
2012 0
2012 0
2012 0
2012 0
2012 0
2012 0
2012 0
2012 0
2012 0
2012 0
2012 0
2012 0
2012 0
2012 0
2012 0
2012 0
2012 0
2012 0
2012 0
2012 0
2012 0
2012 0
2012 0
2012 0
2012 0
2012 0
2012 0
2012 0
2012 0
2012 0
2012 0
2012 0
2012 0
2012 0
2012 0
2012 0
2012 0
2012 0
2012 0
2012 0
2012 0
2012 0
2012 0
2012 0
2012 0
2012 0
2012 0
2012 0
2012 0
2012 0
2012 0
2012 0
2012 0
2013 0
2013 0
2013 0
2013 0
2013 0
2013 0
2013 0
2013 0
2013 0
2013 0
2013 0
2013 0
2013 0
2013 0
2013 0
2013 0
2013 0
2013 0
2013 0
2013 0
2013 0
2013 0
2013 0
2013 0
2013 0
2013 0
2013 0
2013 0
2013 0
2013 0
2013 0
2013 0
2013 0
2013 0
2013 0
2013 0
2013 0
2013 0
2013 0
2013 0
2013 0
2013 0
2013 0
2013 0
2013 38
2013 34
2013 28
2013 20
2013 16
2013 14
2013 10
2013 0
2013 0
2013 0
2013 0
2013 0
2013 8
2013 28
2013 23
2013 16
2013 14
2013 15
2013 22
2013 19
2013 15
2013 30
2013 27
2013 25
2013 25
2013 24
2013 24
2013 45
2013 40
2013 38
2013 37
2013 36
2013 36
2013 36
2013 36
2013 36
2013 34
2013 35
2013 36
2013 36
2013 36
2013 36
2013 37
2013 45
2013 60
2013 70
2013 68
2013 64
2013 64
2013 63
2013 64.5
2013 66
2013 57
2013 59
2013 60
2013 59
2013 72
2013 73
2013 71
2013 76
2013 77
2013 86
2013 83
2013 81
2013 80
2013 80
2013 80
2013 80
2013 81
2013 91
2013 89
2013 88
2013 101
2013 100
2013 120
2013 115
2013 110
2013 108
2013 106
2013 105
2013 105
2013 105
2013 106
2013 103
2013 104
2013 103
2013 102
2013 101
2013 106
2013 105
2013 104
2013 105
2013 109
2013 117
2013 116
2013 114
2013 118.5
2013 123
2013 127
2013 128
2013 125
2013 123
2013 121
2013 120
2013 119
2013 122
2013 121
2013 122
2013 126
2013 124
2013 136
2013 130
2013 141
2013 138
2013 144
2013 142
2013 140
2013 139
2013 138
2013 132
2013 137
2013 134
2013 133
2013 135
2013 133
2013 131
2013 132
2013 132
2013 130
2013 132
2013 136
2013 136
2013 138
2013 137
2013 136
2013 135
2013 133
2013 133
2013 132
2013 132
2013 132
2013 133
2013 132
2013 131
2013 133
2013 135
2013 134
2013 135
2013 133
2013 134
2013 136
2013 137
2013 137
2013 138
2013 160
2013 158
2013 162
2013 157
2013 156
2013 154
2013 154
2013 155
2013 158
2013 156
2013 159
2013 157
2013 164
2013 166
2013 163
2013 163
2013 161
2013 159
2013 160
2013 159
2013 158
2013 160
2013 164
2013 163
2013 159
2013 160
2013 162
2013 157
2013 151
2013 145
2013 140
2013 136
2013 132
2013 141
2013 139
2013 137
2013 133
2013 129
2013 123
2013 122
2013 122
2013 122
2013 119
2013 114
2013 106
2013 101
2013 96
2013 93
2013 90
2013 87
2013 82
2013 76
2013 71
2013 70
2013 69
2013 68.5
2013 68
2013 65
2013 62
2013 64
2013 66
2013 68
2013 73
2013 73
2013 72
2013 71
2013 70.5
2013 70
2013 69
2013 67.5
2013 66
2013 70.5
2013 75
2013 77
2013 73
2013 76
2013 75
2013 70
2013 65
2013 59.5
2013 54
2013 49
2013 42
2013 39
2013 35
2013 28
2013 19
2013 0
2013 0
2013 0
2013 0
2013 0
2013 0
2013 0
2013 0
2013 0
2013 0
2013 0
2013 0
2013 0
2013 0
2013 0
2013 0
2013 0
2013 0
2013 0
2013 0
2013 0
2013 0
2013 0
2013 0
2013 0
2013 0
2013 0
2013 0
2013 0
2013 0
2013 0
2013 0
2013 0
2013 0
2013 0
2013 0
2013 0
2013 0
2013 0
2013 0
2013 0
2013 0
2013 0
2013 0
2013 0
2013 0
2013 0
2013 0
2013 0
2013 0
2013 0
2013 0
2013 0
2013 0
2013 0
2013 0
2013 0
2013 0
2013 0
2013 0
2013 0
2013 0
2013 0
2013 0
2013 0
2013 0
2013 0
2013 0
2013 0
2013 0
2013 0
2013 0
2013 0
2013 0
2013 0
2013 0
2013 0
2013 0
2013 0
2013 0
2014 0
2014 0
2014 0
2014 0
2014 0
2014 0
2014 0
2014 0
2014 0
2014 0
2014 0
2014 0
2014 0
2014 0
2014 0
2014 0
2014 0
2014 0
2014 0
2014 0
2014 0
2014 0
2014 0
2014 0
2014 0
2014 0
2014 0
2014 0
2014 0
2014 0
2014 0
2014 0
2014 0
2014 0
2014 0
2014 0
2014 0
2014 0
2014 0
2014 0
2014 56
2014 62
2014 51
2014 43
2014 37
2014 37
2014 32
2014 29
2014 26
2014 22
2014 19
2014 14
2014 7
2014 9
2014 7
2014 0
2014 0
2014 0
2014 0
2014 0
2014 0
2014 0
2014 0
2014 0
2014 0
2014 0
2014 21
2014 18
2014 17
2014 20
2014 27
2014 23
2014 22
2014 21
2014 27
2014 31
2014 27
2014 28
2014 27
2014 33
2014 32
2014 33
2014 40
2014 44
2014 43
2014 43
2014 41
2014 40
2014 40
2014 39
2014 40
2014 40
2014 39
2014 39
2014 38
2014 38
2014 45
2014 48
2014 48
2014 48
2014 48
2014 47
2014 47
2014 47
2014 48
2014 47
2014 47
2014 48
2014 47
2014 49
2014 49
2014 49
2014 51
2014 50
2014 50
2014 60
2014 77
2014 77
2014 79.5
2014 82
2014 80
2014 78
2014 76
2014 79
2014 78
2014 96
2014 116
2014 110
2014 106
2014 102
2014 99
2014 97
2014 95
2014 93
2014 93
2014 107
2014 103
2014 100
2014 111
2014 109
2014 110
2014 106
2014 107
2014 106
2014 106
2014 107
2014 108
2014 118
2014 118
2014 117
2014 116
2014 114
2014 141
2014 141
2014 149
2014 140
2014 147
2014 156
2014 154
2014 160
2014 161
2014 165
2014 165
2014 163
2014 159
2014 164
2014 163
2014 160
2014 171
2014 179
2014 176
2014 177
2014 174
2014 170
2014 180
2014 176
2014 173
2014 170
2014 167
2014 168
2014 167
2014 161
2014 167
2014 165
2014 166
2014 166
2014 164
2014 163
2014 159
2014 158
2014 157
2014 156
2014 155
2014 154
2014 153
2014 151
2014 149
2014 147
2014 145
2014 145
2014 144
2014 144
2014 143
2014 193
2014 184
2014 177
2014 178
2014 172
2014 168
2014 165
2014 164
2014 161
2014 159
2014 158
2014 156
2014 156
2014 153
2014 150
2014 148
2014 144
2014 145
2014 143
2014 141
2014 139
2014 141
2014 138
2014 141
2014 141
2014 140
2014 140
2014 147
2014 139
2014 144
2014 138
2014 137
2014 135
2014 133
2014 128
2014 131
2014 132
2014 130
2014 146
2014 138
2014 136
2014 137
2014 134
2014 133
2014 129
2014 130
2014 126
2014 121
2014 114
2014 114
2014 114
2014 118
2014 120
2014 121
2014 117
2014 115
2014 111
2014 107
2014 103
2014 96
2014 87
2014 78
2014 72
2014 67
2014 64
2014 61
2014 58
2014 56
2014 51
2014 47
2014 42
2014 42
2014 38
2014 33
2014 28
2014 20
2014 12
2014 0
2014 0
2014 0
2014 0
2014 0
2014 0
2014 0
2014 0
2014 0
2014 0
2014 0
2014 0
2014 0
2014 0
2014 0
2014 0
2014 0
2014 0
2014 0
2014 0
2014 0
2014 0
2014 0
2014 0
2014 0
2014 0
2014 0
2014 0
2014 0
2014 0
2014 0
2014 0
2014 0
2014 0
2014 0
2014 0
2014 0
2014 0
2014 0
2014 0
2014 0
2014 0
2014 0
2014 0
2014 0
2014 0
2014 0
2014 0
2014 0
2014 0
2014 0
2014 0
2014 0
2014 0
2014 0
2014 0
2014 0
2014 0
2014 0
2014 0
2014 0
2014 0
2014 0
2014 0
2014 0
2014 0
2014 0
2014 0
2014 0
2014 0
2014 0
2014 0
2014 0
2014 0
2014 0
2014 0
2014 0
2014 0
2014 0
2014 0
2014 0
2014 0
2014 0
2014 0
2014 0
2015 0
2015 0
2015 0
2015 0
2015 0
2015 0
2015 0
2015 0
2015 0
2015 0
2015 0
2015 0
2015 0
2015 0
2015 0
2015 0
2015 0
2015 0
2015 0
2015 0
2015 0
2015 0
2015 0
2015 0
2015 0
2015 0
2015 0
2015 0
2015 0
2015 0
2015 0
2015 0
2015 0
2015 0
2015 0
2015 0
2015 0
2015 0
2015 0
2015 0
2015 0
2015 0
2015 0
2015 0
2015 0
2015 0
2015 0
2015 0
2015 0
2015 0
2015 0
2015 17
2015 14
2015 10
2015 6
2015 0
2015 0
2015 0
2015 0
2015 0
2015 0
2015 0
2015 0
2015 0
2015 0
2015 41
2015 61
2015 49
2015 46
2015 45
2015 45
2015 45
2015 42
2015 39
2015 38
2015 50
2015 77
2015 74.3333333333333
2015 71.6666666666667
2015 69
2015 66.6666666666667
2015 64.3333333333333
2015 62
2015 60
2015 59
2015 58
2015 56
2015 55
2015 53
2015 56
2015 55
2015 63
2015 63
2015 64
2015 65.5
2015 67
2015 65
2015 64
2015 64
2015 65
2015 65
2015 65
2015 65
2015 64
2015 63
2015 63
2015 69
2015 68
2015 69
2015 68
2015 68
2015 67
2015 66
2015 65
2015 64
2015 64
2015 64
2015 71
2015 72
2015 73
2015 74.3333333333333
2015 75.6666666666667
2015 77
2015 78
2015 78
2015 77.5
2015 77
2015 76
2015 76
2015 75
2015 74
2015 83
2015 82
2015 81
2015 81
2015 82
2015 82
2015 94
2015 128
2015 125
2015 122
2015 119
2015 117
2015 113
2015 111
2015 110
2015 110
2015 109
2015 114
2015 113
2015 114
2015 120
2015 117
2015 117
2015 116
2015 116
2015 115
2015 113
2015 113
2015 111
2015 113
2015 127
2015 127
2015 126
2015 126
2015 125
2015 125
2015 125
2015 125
2015 124
2015 123
2015 122
2015 122
2015 122
2015 130
2015 128
2015 147
2015 142
2015 139
2015 143
2015 142
2015 143
2015 152
2015 148
2015 146
2015 146
2015 144
2015 143
2015 141
2015 141
2015 140
2015 140
2015 139
2015 138
2015 138
2015 139
2015 137
2015 137
2015 136
2015 136
2015 135
2015 137
2015 140
2015 139
2015 139
2015 140
2015 139
2015 150
2015 147
2015 143
2015 143
2015 141
2015 140
2015 140
2015 139
2015 140
2015 139
2015 140
2015 140
2015 140
2015 136
2015 135
2015 134
2015 131
2015 129
2015 127
2015 123
2015 121
2015 120
2015 118
2015 117
2015 115
2015 112
2015 109
2015 108
2015 106
2015 104
2015 102
2015 100
2015 98
2015 99
2015 99
2015 100
2015 97
2015 91
2015 87
2015 81
2015 77
2015 72
2015 70
2015 66
2015 61
2015 56
2015 51
2015 41
2015 25
2015 26
2015 14
2015 0
2015 0
2015 0
2015 43
2015 38
2015 32
2015 30
2015 22
2015 17
2015 11
2015 9
2015 0
2015 0
2015 0
2015 0
2015 0
2015 0
2015 0
2015 0
2015 0
2015 0
2015 0
2015 0
2015 0
2015 0
2015 0
2015 0
2015 0
2015 0
2015 0
2015 0
2015 0
2015 0
2015 0
2015 0
2015 0
2015 0
2015 0
2015 0
2015 0
2015 0
2015 0
2015 0
2015 0
2015 0
2015 0
2015 0
2015 0
2015 0
2015 0
2015 0
2015 0
2015 0
2015 0
2015 0
2015 0
2015 0
2015 0
2015 0
2015 0
2015 0
2015 0
2015 0
2015 0
2015 0
2015 0
2015 0
2015 0
2015 0
2015 0
2015 0
2015 0
2015 0
2015 0
2015 0
2015 0
2015 0
2015 0
2015 0
2015 0
2015 0
2015 0
2015 0
2015 0
2015 0
2015 0
2015 0
2015 0
2015 0
2015 0
2015 0
2015 0
2015 0
2015 0
2015 0
2015 0
2015 0
2015 0
2015 0
2015 0
2015 0
2015 0
2015 0
2015 0
2015 0
2015 0
2015 0
2016 0
2016 0
2016 0
2016 0
2016 0
2016 0
2016 0
2016 0
2016 0
2016 0
2016 0
2016 0
2016 0
2016 0
2016 0
2016 0
2016 0
2016 0
2016 0
2016 0
2016 0
2016 0
2016 0
2016 0
2016 0
2016 0
2016 0
2016 0
2016 0
2016 0
2016 0
2016 0
2016 0
2016 0
2016 0
2016 0
2016 0
2016 0
2016 0
2016 0
2016 0
2016 0
2016 0
2016 8
2016 27
2016 37
2016 32
2016 27
2016 29
2016 26
2016 22
2016 22
2016 18
2016 17
2016 15
2016 14
2016 14
2016 13
2016 15
2016 12
2016 11
2016 11
2016 9
2016 11
2016 10
2016 9
2016 9
2016 7
2016 0
2016 0
2016 0
2016 0
2016 0
2016 0
2016 0
2016 0
2016 0
2016 0
2016 0
2016 0
2016 0
2016 0
2016 0
2016 0
2016 0
2016 0
2016 0
2016 0
2016 0
2016 0
2016 0
2016 0
2016 0
2016 0
2016 0
2016 0
2016 0
2016 0
2016 0
2016 0
2016 0
2016 0
2016 0
2016 0
2016 0
2016 0
2016 6
2016 7
2016 7
2016 6
2016 6
2016 6
2016 6
2016 6
2016 6
2016 6
2016 6
2016 6
2016 6
2016 6
2016 6
2016 7
2016 7
2016 8
2016 22
2016 25
2016 24
2016 22
2016 29
2016 27
2016 30
2016 36
2016 50
2016 50
2016 40
2016 38
2016 38
2016 37
2016 51
2016 48
2016 48
2016 46
2016 45
2016 45
2016 50
2016 47
2016 46
2016 44
2016 44
2016 44
2016 43
2016 43
2016 50
2016 40
2016 38
2016 45
2016 57
2016 66
2016 63
2016 70
2016 78
2016 77
2016 94
2016 89
2016 85
2016 87
2016 89
2016 89
2016 88
2016 88
2016 85
2016 85
2016 87
2016 84
2016 83
2016 90
2016 92
2016 90
2016 89
2016 91
2016 90
2016 93
2016 97
2016 96
2016 101
2016 101
2016 119
2016 124
2016 119
2016 115
2016 112
2016 111
2016 108
2016 107
2016 106
2016 105
2016 104
2016 104
2016 102
2016 102
2016 102
2016 101
2016 101
2016 100
2016 100
2016 99
2016 101
2016 101
2016 100
2016 99
2016 98
2016 95
2016 94
2016 92
2016 88
2016 85
2016 82
2016 78
2016 75
2016 71
2016 76
2016 73
2016 70
2016 68
2016 66
2016 64
2016 63
2016 61
2016 61
2016 64
2016 85
2016 82
2016 79
2016 75
2016 71
2016 74
2016 74
2016 79
2016 78
2016 81
2016 77
2016 75
2016 75
2016 86
2016 81
2016 80
2016 79
2016 77
2016 75
2016 74
2016 68
2016 69
2016 65.5
2016 62
2016 71
2016 69
2016 63
2016 63
2016 63
2016 63
2016 61
2016 78
2016 65
2016 60
2016 53
2016 54.3333333333333
2016 55.6666666666667
2016 57
2016 52
2016 40
2016 32
2016 28
2016 26
2016 20
2016 13
2016 6
2016 0
2016 0
2016 0
2016 0
2016 0
2016 0
2016 0
2016 0
2016 0
2016 0
2016 0
2016 0
2016 0
2016 0
2016 0
2016 0
2016 0
2016 0
2016 0
2016 0
2016 0
2016 0
2016 0
2016 0
2016 0
2016 0
2016 0
2016 0
2016 0
2016 0
2016 0
2016 0
2016 0
2016 0
2016 0
2016 0
2016 0
2016 0
2016 0
2016 0
2016 0
2016 0
2016 0
2016 0
2016 0
2016 0
2016 0
2016 0
2016 0
2016 0
2016 0
2016 0
2016 0
2016 0
2016 0
2016 0
2016 0
2016 0
2016 0
2016 0
2016 0
2016 0
2016 0
2016 0
2016 0
2016 0
2016 0
2016 0
2016 0
2016 0
2016 0
2016 0
2016 0
2016 0
2016 0
2016 0
2016 0
2016 0
2016 0
2016 0
2016 0
2016 0
2016 0
2016 0
2016 0
2016 0
2016 0
2016 0
2016 0
2016 0
2017 0
2017 0
2017 0
2017 0
2017 0
2017 0
2017 0
2017 0
2017 0
2017 0
2017 0
2017 0
2017 0
2017 0
2017 0
2017 0
2017 0
2017 0
2017 0
2017 0
2017 0
2017 0
2017 0
2017 0
2017 0
2017 0
2017 0
2017 0
2017 0
2017 0
2017 0
2017 0
2017 0
2017 0
2017 0
2017 0
2017 0
2017 0
2017 0
2017 0
2017 0
2017 0
2017 6
2017 0
2017 0
2017 0
2017 0
2017 0
2017 0
2017 0
2017 0
2017 0
2017 0
2017 0
2017 0
2017 0
2017 0
2017 0
2017 0
2017 0
2017 0
2017 0
2017 0
2017 0
2017 0
2017 0
2017 36
2017 30
2017 28
2017 26
2017 24
2017 28
2017 26
2017 25
2017 24
2017 23
2017 20
2017 19
2017 19
2017 36
2017 33
2017 36
2017 33
2017 29
2017 28
2017 27
2017 27
2017 29
2017 27
2017 28
2017 28
2017 27
2017 26
2017 25
2017 26
2017 25
2017 25
2017 26
2017 25
2017 25
2017 24
2017 24
2017 24
2017 24
2017 24
2017 24
2017 24
2017 24
2017 25
2017 31
2017 30
2017 29
2017 29
2017 29
2017 30
2017 29
2017 29
2017 29
2017 25
2017 24
2017 24
2017 24
2017 24
2017 25
2017 24
2017 26
2017 34
2017 34
2017 34
2017 33
2017 32
2017 32
2017 33
2017 25
2017 34
2017 41
2017 40
2017 39
2017 39
2017 38
2017 37
2017 36
2017 37
2017 36
2017 37
2017 37
2017 37
2017 37
2017 37
2017 37
2017 37
2017 41
2017 47
2017 65
2017 63
2017 69
2017 67
2017 60
2017 65
2017 63
2017 62
2017 60
2017 62
2017 63
2017 61
2017 61
2017 60
2017 60
2017 59
2017 60
2017 59
2017 60
2017 59
2017 59
2017 61
2017 60
2017 64
2017 63
2017 62
2017 62
2017 84
2017 88
2017 86
2017 83
2017 93
2017 95
2017 97
2017 102
2017 99
2017 123
2017 126
2017 121
2017 116
2017 114
2017 112
2017 109
2017 107
2017 105
2017 103
2017 101
2017 98
2017 97
2017 96
2017 98
2017 95
2017 93
2017 92
2017 91
2017 89
2017 88
2017 86
2017 85
2017 83
2017 82
2017 81
2017 82
2017 81
2017 81
2017 80
2017 78
2017 76
2017 72
2017 73
2017 71
2017 69
2017 68
2017 69
2017 70
2017 67
2017 72
2017 72
2017 70
2017 70
2017 68.5
2017 67
2017 65.5
2017 64
2017 74
2017 84
2017 104
2017 93
2017 87
2017 96
2017 93
2017 103
2017 106
2017 97
2017 100
2017 100
2017 98
2017 94
2017 92
2017 90
2017 87
2017 82
2017 79
2017 74
2017 68
2017 65
2017 57
2017 55
2017 54
2017 48
2017 42
2017 38
2017 32
2017 24
2017 13
2017 0
2017 0
2017 0
2017 0
2017 0
2017 0
2017 0
2017 0
2017 0
2017 0
2017 0
2017 0
2017 0
2017 0
2017 0
2017 0
2017 0
2017 0
2017 0
2017 0
2017 0
2017 0
2017 0
2017 0
2017 0
2017 0
2017 0
2017 0
2017 0
2017 0
2017 0
2017 0
2017 0
2017 0
2017 0
2017 0
2017 0
2017 0
2017 0
2017 0
2017 0
2017 0
2017 0
2017 0
2017 0
2017 0
2017 0
2017 0
2017 0
2017 0
2017 0
2017 0
2017 0
2017 0
2017 0
2017 0
2017 0
2017 0
2017 0
2017 0
2017 0
2017 0
2017 0
2017 0
2017 0
2017 0
2017 0
2017 0
2017 0
2017 0
2017 0
2017 0
2017 0
2017 0
2017 0
2017 0
2017 0
2017 0
2017 0
2017 0
2017 0
2017 0
2017 0
2017 0
2017 0
2017 0
2017 0
2017 0
2017 0
2017 0
2017 0
2017 0
2017 0
2017 0
2017 0
2017 0
2017 0
2018 0
2018 0
2018 0
2018 0
2018 0
2018 0
2018 0
2018 0
2018 0
2018 0
2018 0
2018 0
2018 0
2018 0
2018 0
2018 0
2018 0
2018 0
2018 0
2018 0
2018 0
2018 0
2018 0
2018 0
2018 0
2018 0
2018 0
2018 0
2018 0
2018 0
2018 0
2018 0
2018 0
2018 0
2018 0
2018 0
2018 0
2018 0
2018 0
2018 0
2018 0
2018 0
2018 0
2018 0
2018 0
2018 0
2018 0
2018 0
2018 0
2018 0
2018 0
2018 0
2018 16
2018 10
2018 0
2018 0
2018 0
2018 0
2018 0
2018 0
2018 0
2018 0
2018 0
2018 0
2018 0
2018 22
2018 38
2018 34
2018 36
2018 32
2018 31
2018 31
2018 31
2018 38
2018 36
2018 35
2018 35
2018 34
2018 34
2018 34
2018 31
2018 33
2018 32
2018 32
2018 32
2018 37
2018 36
2018 36
2018 35
2018 36
2018 38
2018 37
2018 37
2018 38
2018 38
2018 37
2018 37
2018 37
2018 39
2018 38
2018 44
2018 61
2018 85
2018 86
2018 83
2018 86
2018 84
2018 84
2018 82
2018 79
2018 81
2018 80
2018 79
2018 77
2018 75
2018 75
2018 85
2018 95
2018 103
2018 100
2018 105
2018 106
2018 109
2018 114
2018 130
2018 156
2018 145
2018 139
2018 138
2018 135
2018 143
2018 141
2018 138
2018 135
2018 133
2018 132
2018 131
2018 136
2018 154
2018 181
2018 173
2018 171
2018 189
2018 240
2018 228
2018 221
2018 217
2018 213
2018 210
2018 207
2018 205
2018 202
2018 202
2018 206
2018 208
2018 205
2018 203
2018 201
2018 201
2018 201
2018 198
2018 196
2018 195
2018 196
2018 196
2018 194
2018 194
2018 195
2018 195
2018 193
2018 196
2018 195
2018 194
2018 193
2018 190
2018 190
2018 189
2018 188
2018 188
2018 187
2018 187
2018 189
2018 189
2018 190
2018 189
2018 189
2018 189
2018 192
2018 192
2018 190
2018 192
2018 193
2018 192
2018 195
2018 196
2018 197
2018 203
2018 202
2018 210
2018 215
2018 211
2018 208
2018 207
2018 205
2018 204
2018 203
2018 202
2018 203
2018 205
2018 204
2018 216
2018 235
2018 226
2018 223
2018 220
2018 223
2018 217
2018 215
2018 212
2018 208
2018 206
2018 204
2018 205
2018 210
2018 208
2018 204
2018 206
2018 206
2018 199
2018 194
2018 188
2018 183
2018 179
2018 173
2018 168
2018 162
2018 156
2018 151
2018 149
2018 144
2018 142
2018 139
2018 137
2018 139
2018 134
2018 128
2018 122
2018 117
2018 113
2018 109
2018 105
2018 102
2018 97
2018 92
2018 89
2018 86
2018 88
2018 84
2018 81
2018 78
2018 77
2018 75
2018 68
2018 66
2018 58
2018 52
2018 44
2018 37
2018 28
2018 18
2018 0
2018 0
2018 0
2018 0
2018 0
2018 0
2018 0
2018 0
2018 0
2018 0
2018 0
2018 0
2018 0
2018 0
2018 0
2018 0
2018 0
2018 0
2018 0
2018 0
2018 0
2018 0
2018 0
2018 0
2018 0
2018 0
2018 0
2018 0
2018 0
2018 0
2018 0
2018 0
2018 0
2018 0
2018 0
2018 0
2018 0
2018 0
2018 0
2018 0
2018 0
2018 0
2018 0
2018 0
2018 0
2018 0
2018 0
2018 0
2018 0
2018 0
2018 0
2018 0
2018 0
2018 0
2018 0
2018 0
2018 0
2018 0
2018 0
2018 0
2018 0
2018 0
2018 0
2018 0
2018 0
2018 0
2018 0
2018 0
2018 0
2018 0
2018 0
2018 0
2018 0
2018 0
2018 0
2018 0
2018 0
2018 0
2018 0
2018 0
2018 0
2018 0
2018 0
2018 0
2018 0
2018 0
2018 0
2018 0
2018 0
2018 0
2018 0
2018 0
2018 0
2018 0
2018 0
2019 0
2019 0
2019 0
2019 0
2019 0
2019 0
2019 0
2019 0
2019 0
2019 0
2019 0
2019 0
2019 0
2019 0
2019 0
2019 0
2019 0
2019 0
2019 0
2019 0
2019 0
2019 0
2019 0
2019 0
2019 0
2019 0
2019 0
2019 0
2019 0
2019 0
2019 0
2019 0
2019 0
2019 0
2019 0
2019 0
2019 0
2019 0
2019 0
2019 0
2019 0
2019 0
2019 0
2019 0
2019 0
2019 0
2019 0
2019 0
2019 0
2019 0
2019 0
2019 0
2019 0
2019 0
2019 0
2019 0
2019 17
2019 72
2019 78
2019 64
2019 60
2019 66
2019 67
2019 59
2019 56
2019 52
2019 48
2019 46
2019 44
2019 42
2019 42
2019 41
2019 40
2019 39
2019 38
2019 37
2019 38
2019 38
2019 38
2019 51
2019 51
2019 48
2019 46
2019 47
2019 55
2019 53
2019 53
2019 53
2019 54
2019 53
2019 52
2019 52
2019 61
2019 71
2019 71
2019 68
2019 68
2019 66
2019 65
2019 74
2019 107
2019 110
2019 102
2019 98
2019 95
2019 94
2019 92
2019 89
2019 89
2019 88
2019 88
2019 90
2019 91
2019 91
2019 119
2019 113
2019 110
2019 109
2019 107
2019 106
2019 114
2019 112
2019 109
2019 111
2019 115
2019 111
2019 116
2019 118
2019 116
2019 100
2019 120
2019 117
2019 115
2019 116
2019 140
2019 163
2019 155
2019 153
2019 149
2019 151
2019 148
2019 146
2019 144
2019 143
2019 142
2019 141
2019 140
2019 141
2019 139
2019 144
2019 143
2019 143
2019 143
2019 165
2019 185
2019 191
2019 185
2019 181
2019 177
2019 173
2019 173
2019 172
2019 170
2019 177
2019 174
2019 172
2019 170
2019 168
2019 167
2019 166
2019 165
2019 165
2019 164
2019 163
2019 163
2019 161
2019 161
2019 160
2019 160
2019 159
2019 159
2019 161
2019 164
2019 163
2019 163
2019 156
2019 156
2019 174
2019 171
2019 170
2019 167
2019 162
2019 167
2019 166
2019 168
2019 177
2019 168
2019 165
2019 173
2019 171
2019 169
2019 167
2019 167
2019 165
2019 163
2019 164
2019 163
2019 162
2019 162
2019 161
2019 160
2019 160
2019 159
2019 159
2019 175
2019 206
2019 205
2019 199
2019 195
2019 197
2019 201
2019 200
2019 199
2019 195
2019 194
2019 206
2019 197
2019 194
2019 192
2019 189
2019 186
2019 183
2019 179
2019 177
2019 175
2019 176
2019 176
2019 181
2019 178
2019 185
2019 191
2019 183
2019 180
2019 185
2019 182
2019 183
2019 191
2019 187
2019 187
2019 186
2019 185
2019 180
2019 189
2019 191
2019 184
2019 184
2019 183
2019 190
2019 185
2019 185
2019 183
2019 184
2019 183
2019 177
2019 173
2019 168
2019 165
2019 161
2019 159
2019 160
2019 160
2019 155
2019 149
2019 143
2019 135
2019 129
2019 122
2019 115
2019 110
2019 101
2019 96
2019 91
2019 79
2019 70
2019 57
2019 46
2019 37
2019 22
2019 11
2019 0
2019 0
2019 0
2019 0
2019 0
2019 0
2019 0
2019 0
2019 0
2019 0
2019 0
2019 0
2019 0
2019 0
2019 0
2019 0
2019 0
2019 0
2019 0
2019 0
2019 0
2019 0
2019 0
2019 0
2019 0
2019 0
2019 0
2019 0
2019 0
2019 0
2019 0
2019 0
2019 0
2019 0
2019 0
2019 0
2019 0
2019 0
2019 0
2019 0
2019 0
2019 0
2019 0
2019 0
2019 0
2019 0
2019 0
2019 0
2019 0
2019 0
2019 0
2019 0
2019 0
2019 0
2019 0
2019 0
2019 0
2019 0
2019 0
2019 0
2019 0
2019 0
2019 0
2019 0
2019 0
2019 0
2019 0
2019 0
2019 0
2019 0
2019 0
2019 0
2019 0
2019 0
2019 0
2019 0
2020 0
2020 0
2020 0
2020 0
2020 0
2020 0
2020 0
2020 0
2020 0
2020 0
2020 0
2020 0
2020 0
2020 0
2020 0
2020 0
2020 0
2020 0
2020 0
2020 0
2020 0
2020 0
2020 0
2020 0
2020 0
2020 0
2020 0
2020 0
2020 0
2020 0
2020 0
2020 0
2020 0
2020 0
2020 0
2020 0
2020 0
2020 0
2020 0
2020 0
2020 0
2020 0
2020 0
2020 0
2020 0
2020 0
2020 0
2020 0
2020 0
2020 0
2020 0
2020 0
2020 0
2020 0
2020 0
2020 0
2020 0
2020 0
2020 0
2020 0
2020 0
2020 0
2020 0
2020 17
2020 20
2020 43
2020 39
2020 35
2020 51
2020 46
2020 42
2020 46
2020 58
2020 64
2020 59
2020 75
2020 72
2020 92
2020 90
2020 89
2020 85
2020 81
2020 81
2020 83
2020 84
2020 80
2020 78
2020 80
2020 79
2020 81
2020 80
2020 80
2020 83
2020 80
2020 79
2020 78
2020 75
2020 75
2020 74
2020 73
2020 79
2020 77
2020 81
2020 86
2020 68
2020 68
2020 68
2020 69
2020 76
2020 74
2020 81
2020 99
2020 105
2020 108
2020 113
2020 139
2020 132
2020 132
2020 132
2020 124
2020 123
2020 121
2020 120
2020 119
2020 118
2020 118
2020 116
2020 116
2020 115
2020 115
2020 114
2020 114
2020 113
2020 113
2020 113
2020 112
2020 113
2020 112
2020 112
2020 117
2020 116
2020 116
2020 115
2020 115
2020 114
2020 115
2020 115
2020 114
2020 115
2020 123
2020 133
2020 131
2020 131
2020 130
2020 130
2020 126
2020 147
2020 141
2020 136
2020 135
2020 134
2020 136
2020 135
2020 133
2020 131
2020 132
2020 130
2020 130
2020 130
2020 130
2020 129
2020 132
2020 131
2020 128
2020 127
2020 123
2020 122
2020 122
2020 121
2020 129
2020 135
2020 131
2020 137
2020 149
2020 165
2020 161
2020 164
2020 163
2020 163
2020 160
2020 163
2020 171
2020 157
2020 152
2020 150
2020 154
2020 152
2020 151
2020 149
2020 149
2020 148
2020 148
2020 148
2020 147
2020 146
2020 146
2020 146
2020 146
2020 145
2020 145
2020 145
2020 153
2020 151
2020 149
2020 148
2020 147
2020 145
2020 145
2020 144
2020 143
2020 141
2020 139
2020 136
2020 134
2020 131
2020 128
2020 129
2020 125
2020 123
2020 119
2020 115
2020 111
2020 108
2020 103
2020 98
2020 95
2020 91
2020 90
2020 87
2020 85
2020 84
2020 86
2020 90
2020 89
2020 91
2020 90
2020 86
2020 82
2020 77
2020 72
2020 69
2020 63
2020 59
2020 54
2020 50
2020 49
2020 44
2020 39
2020 37
2020 28
2020 21
2020 14
2020 6
2020 0
2020 0
2020 0
2020 0
2020 0
2020 0
2020 0
2020 0
2020 0
2020 0
2020 0
2020 0
2020 0
2020 0
2020 0
2020 0
2020 0
2020 0
2020 0
2020 0
2020 0
2020 0
2020 0
2020 0
2020 0
2020 0
2020 0
2020 0
2020 0
2020 0
2020 0
2020 0
2020 0
2020 0
2020 0
2020 0
2020 0
2020 0
2020 0
2020 0
2020 0
2020 0
2020 0
2020 0
2020 0
2020 0
2020 0
2020 0
2020 0
2020 0
2020 0
2020 0
2020 0
2020 0
2020 0
2020 0
2020 0
2020 0
2020 0
2020 0
2020 0
2020 0
2020 0
2020 0
2020 0
2020 0
2020 0
2020 0
2020 0
2020 0
2020 0
2020 0
2020 0
2020 0
2020 0
2020 0
2020 0
2020 0
2020 0
2020 0
2020 0
2020 0
2020 0
2020 0
2020 0
2020 0
2020 0
2020 0
2020 0
2020 0
2020 0
2020 0
2020 0
2020 0
2020 0
2020 0
2020 0
2020 0
2020 0
2020 0
2020 0
2020 0
2020 0
