2003 0
2003 0
2003 0
2003 0
2003 0
2003 0
2003 0
2003 0
2003 0
2003 0
2003 0
2003 0
2003 0
2003 0
2003 0
2003 0
2003 0
2003 0
2003 0
2003 0
2003 0
2003 0
2003 0
2003 0
2003 0
2003 0
2003 0
2003 0
2003 0
2003 0
2003 0
2003 0
2003 0
2003 0
2003 0
2003 0
2003 0
2003 0
2003 0
2003 0
2003 0
2003 0
2003 0
2003 0
2003 0
2003 0
2003 0
2003 0
2003 0
2003 0
2003 0
2003 0
2003 0
2003 0
2003 0
2003 0
2003 0
2003 0
2003 0
2003 0
2003 0
2003 0
2003 0
2003 0
2003 4
2003 6
2003 6
2003 4
2003 4
2003 5
2003 8
2003 12
2003 13
2003 12
2003 16
2003 73
2003 130
2003 190
2003 190
2003 225
2003 220
2003 220
2003 240
2003 255
2003 260
2003 300
2003 340
2003 350
2003 340
2003 340
2003 335
2003 330
2003 326
2003 320
2003 318
2003 315
2003 315
2003 310
2003 310
2003 310
2003 308
2003 305
2003 300
2003 300
2003 298
2003 295
2003 293
2003 293
2003 290
2003 290
2003 284
2003 282
2003 281
2003 285
2003 283
2003 280
2003 280
2003 280
2003 290
2003 292
2003 290
2003 286
2003 283
2003 280
2003 290
2003 288
2003 288
2003 286
2003 285
2003 285
2003 283
2003 280
2003 278
2003 277
2003 275
2003 272
2003 270
2003 268
2003 266
2003 263
2003 261
2003 260
2003 260
2003 274
2003 275
2003 280
2003 278
2003 276
2003 274
2003 272
2003 278
2003 284
2003 282
2003 280
2003 278
2003 276
2003 315
2003 320
2003 320
2003 318
2003 318
2003 318
2003 317
2003 317
2003 316
2003 315
2003 314
2003 313
2003 311
2003 310
2003 309
2003 309
2003 308
2003 307
2003 305
2003 305
2003 304
2003 302
2003 300
2003 300
2003 299
2003 298
2003 297
2003 297
2003 294
2003 294
2003 293
2003 292
2003 291
2003 290
2003 290
2003 289
2003 288
2003 287
2003 286
2003 285
2003 284
2003 283
2003 282
2003 281
2003 280
2003 279
2003 278
2003 277
2003 275
2003 273
2003 273
2003 272
2003 271
2003 270
2003 269
2003 268
2003 267
2003 266
2003 266
2003 266
2003 266
2003 266
2003 266
2003 266
2003 269
2003 299
2003 300
2003 300
2003 300
2003 299
2003 298
2003 297
2003 296
2003 295
2003 294
2003 300
2003 300
2003 299
2003 297
2003 295
2003 293
2003 290
2003 295
2003 293
2003 290
2003 288
2003 303
2003 298
2003 295
2003 292
2003 289
2003 285
2003 280
2003 260
2003 245
2003 235
2003 230
2003 225
2003 224
2003 224
2003 224
2003 220
2003 216
2003 213
2003 200
2003 200
2003 205
2003 205
2003 204
2003 203
2003 202
2003 200
2003 198
2003 195
2003 190
2003 188
2003 185
2003 180
2003 172
2003 168
2003 165
2003 161
2003 158
2003 155
2003 150
2003 145
2003 140
2003 135
2003 120
2003 110
2003 100
2003 85
2003 80
2003 75
2003 70
2003 60
2003 40
2003 30
2003 20
2003 10
2003 0
2003 0
2003 0
2003 0
2003 0
2003 0
2003 0
2003 0
2003 0
2003 0
2003 0
2003 0
2003 0
2003 0
2003 0
2003 0
2003 0
2003 0
2003 0
2003 0
2003 0
2003 0
2003 0
2003 0
2003 0
2003 0
2003 0
2003 0
2003 0
2003 0
2003 0
2003 0
2003 0
2003 0
2003 0
2003 0
2003 0
2003 0
2003 0
2003 0
2003 0
2003 0
2003 0
2003 0
2003 0
2003 0
2003 0
2003 0
2003 0
2003 0
2003 0
2003 0
2003 0
2003 0
2003 0
2003 0
2003 0
2003 0
2003 0
2003 0
2003 0
2003 0
2003 0
2003 0
2003 0
2003 0
2003 0
2003 0
2003 0
2007 0
2007 0
2007 0
2007 0
2007 0
2007 0
2007 0
2007 0
2007 0
2007 0
2007 0
2007 0
2007 0
2007 0
2007 0
2007 0
2007 0
2007 0
2007 0
2007 0
2007 0
2007 0
2007 0
2007 0
2007 0
2007 0
2007 0
2007 0
2007 0
2007 0
2007 0
2007 0
2007 0
2007 0
2007 0
2007 0
2007 0
2007 0
2007 0
2007 0
2007 0
2007 0
2007 0
2007 0
2007 0
2007 0
2007 0
2007 0
2007 0
2007 0
2007 0
2007 0
2007 0
2007 0
2007 0
2007 0
2007 0
2007 0
2007 0
2007 0
2007 0
2007 0
2007 2
2007 0
2007 0
2007 0
2007 0
2007 0
2007 0
2007 0
2007 3
2007 0
2007 3
2007 4
2007 7.6
2007 11.2
2007 14.8
2007 18.4
2007 22
2007 15
2007 15
2007 12
2007 17
2007 15
2007 13
2007 14
2007 10
2007 8
2007 5
2007 3
2007 3
2007 3
2007 3
2007 3
2007 7
2007 15
2007 22
2007 30
2007 34
2007 110
2007 120
2007 120
2007 118
2007 116
2007 114
2007 112
2007 110
2007 108
2007 108
2007 108
2007 108
2007 108
2007 107
2007 107
2007 106
2007 106
2007 105
2007 105
2007 105
2007 105
2007 103
2007 101
2007 103
2007 126.5
2007 150
2007 150
2007 150
2007 150
2007 148
2007 148
2007 156
2007 155
2007 155
2007 154
2007 153
2007 152
2007 151
2007 150
2007 149
2007 147
2007 149
2007 143
2007 140
2007 135
2007 140
2007 180
2007 170
2007 170
2007 173
2007 171
2007 168
2007 165
2007 162
2007 160
2007 158
2007 156
2007 154
2007 152
2007 150
2007 152
2007 154
2007 150
2007 147
2007 145
2007 150
2007 155
2007 155
2007 155
2007 152
2007 150
2007 149
2007 148
2007 147
2007 144
2007 143
2007 142
2007 141
2007 144
2007 148
2007 170
2007 172
2007 168
2007 180
2007 195
2007 196
2007 191
2007 180
2007 200
2007 222
2007 220
2007 218
2007 215
2007 210
2007 205
2007 200
2007 199
2007 198
2007 197
2007 196
2007 197
2007 198
2007 200
2007 197
2007 197
2007 197
2007 196
2007 197
2007 199
2007 200
2007 199
2007 197
2007 200
2007 201
2007 200
2007 198
2007 196
2007 195
2007 194
2007 193
2007 192
2007 191
2007 190
2007 189
2007 186
2007 184
2007 180
2007 174
2007 168
2007 160
2007 153
2007 150
2007 147
2007 143
2007 139
2007 135
2007 130
2007 125
2007 120
2007 118
2007 116
2007 114
2007 112
2007 110
2007 112
2007 118
2007 118
2007 118
2007 120
2007 118
2007 113
2007 110
2007 105
2007 100
2007 95
2007 90
2007 85
2007 100
2007 97
2007 100
2007 110
2007 107
2007 104
2007 101
2007 95
2007 90
2007 85
2007 78
2007 72
2007 67
2007 85
2007 100
2007 100
2007 95
2007 110
2007 110
2007 100
2007 95
2007 85
2007 75
2007 70
2007 67
2007 64
2007 60
2007 50
2007 45
2007 40
2007 35
2007 30
2007 24
2007 18
2007 12
2007 7
2007 0
2007 0
2007 0
2007 0
2007 0
2007 0
2007 0
2007 0
2007 0
2007 0
2007 0
2007 0
2007 0
2007 0
2007 0
2007 0
2007 0
2007 0
2007 0
2007 0
2007 0
2007 0
2007 0
2007 0
2007 0
2007 0
2007 0
2007 0
2007 0
2007 0
2007 0
2007 0
2007 0
2007 0
2007 0
2007 0
2007 0
2007 0
2007 0
2007 0
2007 0
2007 0
2007 0
2007 0
2007 0
2007 0
2007 0
2007 0
2007 0
2007 0
2007 0
2007 0
2007 0
2007 0
2007 0
2007 0
2007 0
2007 0
2007 0
2007 0
2007 0
2007 0
2007 0
2007 0
2007 0
2007 0
2007 0
2007 0
2007 0
2007 0
2007 0
2007 0
2007 0
2008 0
2008 0
2008 0
2008 0
2008 0
2008 0
2008 0
2008 0
2008 0
2008 0
2008 0
2008 0
2008 0
2008 0
2008 0
2008 0
2008 0
2008 0
2008 0
2008 0
2008 0
2008 0
2008 0
2008 0
2008 0
2008 0
2008 0
2008 0
2008 0
2008 0
2008 0
2008 0
2008 0
2008 0
2008 0
2008 0
2008 0
2008 0
2008 0
2008 0
2008 0
2008 0
2008 0
2008 0
2008 0
2008 0
2008 0
2008 0
2008 0
2008 0
2008 0
2008 0
2008 0
2008 0
2008 0
2008 0
2008 0
2008 0
2008 0
2008 0
2008 0
2008 0
2008 0
2008 0
2008 0
2008 0
2008 0
2008 0
2008 0
2008 0
2008 3
2008 4
2008 5
2008 5
2008 13
2008 25
2008 22
2008 19
2008 15
2008 12
2008 12
2008 12
2008 15
2008 32.5
2008 50
2008 53
2008 53
2008 53
2008 52
2008 49
2008 45
2008 42
2008 40
2008 70
2008 100
2008 105
2008 102
2008 105
2008 104
2008 110
2008 110
2008 110
2008 108
2008 107
2008 106
2008 105
2008 104
2008 103
2008 102
2008 101
2008 97
2008 95
2008 90
2008 90
2008 87
2008 85
2008 82
2008 80
2008 78
2008 77
2008 76
2008 76
2008 75
2008 74
2008 80
2008 95
2008 120
2008 136
2008 150
2008 152
2008 150
2008 142
2008 135
2008 150
2008 200
2008 196
2008 205
2008 211
2008 221
2008 225
2008 220
2008 215
2008 210
2008 204
2008 209
2008 204
2008 200
2008 199
2008 198
2008 197
2008 196
2008 190
2008 187
2008 182
2008 185
2008 180
2008 183
2008 185
2008 180
2008 182
2008 180
2008 176
2008 172
2008 168
2008 164
2008 162
2008 160
2008 158
2008 156
2008 154
2008 152
2008 150
2008 146
2008 144
2008 140
2008 135
2008 130
2008 127
2008 122
2008 119
2008 116
2008 113
2008 113
2008 115
2008 112
2008 111
2008 116
2008 115
2008 114
2008 113
2008 112
2008 117
2008 130
2008 140
2008 150
2008 145
2008 138
2008 138
2008 135
2008 135
2008 134
2008 134
2008 134
2008 154
2008 154
2008 154
2008 154
2008 156
2008 158
2008 160
2008 160
2008 160
2008 180
2008 210
2008 210
2008 220
2008 235
2008 230
2008 235
2008 240
2008 235
2008 235
2008 233
2008 233
2008 248
2008 248
2008 256
2008 286
2008 290
2008 290
2008 293
2008 300
2008 300
2008 300
2008 315
2008 320
2008 315
2008 305
2008 295
2008 285
2008 275
2008 285
2008 280
2008 295
2008 292
2008 287
2008 280
2008 268
2008 260
2008 255
2008 250
2008 245
2008 240
2008 235
2008 230
2008 220
2008 210
2008 200
2008 194
2008 185
2008 185
2008 180
2008 170
2008 162
2008 158
2008 153
2008 148
2008 143
2008 138
2008 130
2008 125
2008 120
2008 115
2008 110
2008 105
2008 100
2008 95
2008 90
2008 85
2008 80
2008 75
2008 70
2008 65
2008 60
2008 57
2008 54
2008 51
2008 48
2008 45
2008 42
2008 40.5
2008 39
2008 37.5
2008 36
2008 35
2008 34
2008 32
2008 28
2008 24
2008 18
2008 10
2008 2
2008 0
2008 0
2008 0
2008 0
2008 0
2008 0
2008 0
2008 0
2008 0
2008 0
2008 0
2008 0
2008 0
2008 0
2008 0
2008 0
2008 0
2008 0
2008 0
2008 0
2008 0
2008 0
2008 0
2008 0
2008 0
2008 0
2008 0
2008 0
2008 0
2008 0
2008 0
2008 0
2008 0
2008 0
2008 0
2008 0
2008 0
2008 0
2008 0
2008 0
2008 0
2008 0
2008 0
2008 0
2008 0
2008 0
2008 0
2008 0
2008 0
2008 0
2008 0
2008 0
2008 0
2008 0
2008 0
2008 0
2008 0
2008 0
2008 0
2008 0
2008 0
2008 0
2008 0
2008 0
2010 0
2010 0
2010 0
2010 0
2010 0
2010 0
2010 0
2010 0
2010 0
2010 0
2010 0
2010 0
2010 0
2010 0
2010 0
2010 0
2010 0
2010 0
2010 0
2010 0
2010 0
2010 0
2010 0
2010 0
2010 0
2010 0
2010 0
2010 0
2010 0
2010 0
2010 0
2010 0
2010 0
2010 0
2010 0
2010 0
2010 0
2010 0
2010 0
2010 0
2010 0
2010 0
2010 0
2010 0
2010 0
2010 0
2010 0
2010 0
2010 0
2010 0
2010 0
2010 0
2010 0
2010 0
2010 0
2010 0
2010 0
2010 0
2010 0
2010 0
2010 0
2010 0
2010 0
2010 15
2010 25
2010 20
2010 15
2010 15
2010 20
2010 25
2010 25
2010 22
2010 20
2010 22
2010 20
2010 22
2010 30
2010 28
2010 26
2010 24
2010 22
2010 22
2010 20
2010 20
2010 22
2010 20
2010 20
2010 20
2010 20
2010 20
2010 65
2010 160
2010 155
2010 150
2010 150
2010 152
2010 150
2010 145
2010 153
2010 150
2010 148
2010 146
2010 144
2010 142
2010 148
2010 146
2010 144
2010 143
2010 136
2010 128
2010 120
2010 122
2010 127
2010 140
2010 140
2010 165
2010 160
2010 158
2010 158
2010 160
2010 162
2010 166
2010 170
2010 172
2010 170
2010 168
2010 172
2010 168
2010 162
2010 164
2010 172
2010 182
2010 175
2010 173
2010 173
2010 170
2010 168
2010 165
2010 167
2010 165
2010 162
2010 160
2010 162
2010 160
2010 158
2010 156
2010 154
2010 153
2010 150
2010 150
2010 165
2010 183
2010 176
2010 172
2010 168
2010 168
2010 166
2010 170
2010 180
2010 177
2010 174
2010 172
2010 170
2010 171
2010 170
2010 169
2010 168
2010 167
2010 168
2010 169
2010 169
2010 173
2010 175
2010 175
2010 176
2010 177
2010 174
2010 172
2010 180
2010 178
2010 178
2010 176
2010 174
2010 173
2010 175
2010 174
2010 175
2010 178
2010 182
2010 183
2010 188
2010 189
2010 187
2010 184
2010 181
2010 178
2010 180
2010 177
2010 174
2010 171
2010 168
2010 171
2010 170
2010 168
2010 166
2010 171
2010 172
2010 190
2010 200
2010 202
2010 206
2010 231
2010 234
2010 246
2010 243
2010 248
2010 261
2010 258
2010 255
2010 251
2010 248
2010 245
2010 242
2010 250
2010 254
2010 252
2010 250
2010 248
2010 246
2010 244
2010 240
2010 235
2010 230
2010 225
2010 218
2010 215
2010 205
2010 195
2010 190
2010 184
2010 180
2010 174
2010 176
2010 172
2010 200
2010 200
2010 210
2010 230
2010 232
2010 235
2010 230
2010 235
2010 240
2010 252
2010 264
2010 286
2010 290
2010 291
2010 285
2010 280
2010 282
2010 280
2010 277
2010 275
2010 272
2010 268
2010 260
2010 250
2010 243
2010 237
2010 220
2010 210
2010 225
2010 215
2010 205
2010 190
2010 174
2010 155
2010 135
2010 115
2010 110
2010 105
2010 100
2010 95
2010 90
2010 85
2010 80
2010 75
2010 70
2010 67.1428571428571
2010 64.2857142857143
2010 61.4285714285714
2010 58.5714285714286
2010 55.7142857142857
2010 52.8571428571429
2010 50
2010 45
2010 40
2010 32
2010 24
2010 16
2010 8
2010 0
2010 0
2010 0
2010 0
2010 0
2010 0
2010 0
2010 0
2010 0
2010 0
2010 0
2010 0
2010 0
2010 0
2010 0
2010 0
2010 0
2010 0
2010 0
2010 0
2010 0
2010 0
2010 0
2010 0
2010 0
2010 0
2010 0
2010 0
2010 0
2010 0
2010 0
2010 0
2010 0
2010 0
2010 0
2010 0
2010 0
2010 0
2010 0
2010 0
2010 0
2010 0
2010 0
2010 0
2010 0
2010 0
2010 0
2010 0
2010 0
2010 0
2010 0
2010 0
2010 0
2010 0
2010 0
2010 0
2010 0
2010 0
2010 0
2010 0
2010 0
2010 0
2010 0
2018 0
2018 0
2018 0
2018 0
2018 0
2018 0
2018 0
2018 0
2018 0
2018 0
2018 0
2018 0
2018 0
2018 0
2018 0
2018 0
2018 0
2018 0
2018 0
2018 0
2018 0
2018 0
2018 0
2018 0
2018 0
2018 0
2018 0
2018 0
2018 0
2018 0
2018 0
2018 0
2018 0
2018 0
2018 0
2018 0
2018 0
2018 0
2018 0
2018 0
2018 0
2018 0
2018 0
2018 0
2018 0
2018 0
2018 0
2018 0
2018 0
2018 0
2018 0
2018 0
2018 0
2018 0
2018 0
2018 0
2018 0
2018 0
2018 0
2018 0
2018 0
2018 0
2018 0
2018 0
2018 0
2018 8
2018 30
2018 28
2018 38
2018 45
2018 45
2018 36
2018 32
2018 58
2018 46
2018 40
2018 35
2018 32
2018 32
2018 32
2018 42
2018 40
2018 40
2018 40
2018 40
2018 40
2018 51
2018 51
2018 49
2018 50
2018 48
2018 48
2018 52
2018 50
2018 47
2018 45
2018 37
2018 42
2018 45
2018 55
2018 54
2018 87
2018 100
2018 100
2018 100
2018 165
2018 125
2018 128
2018 123
2018 118
2018 109
2018 108
2018 96
2018 86
2018 83
2018 82
2018 93.3333333333333
2018 104.666666666667
2018 116
2018 115
2018 135
2018 130
2018 125
2018 120
2018 130
2018 164
2018 181
2018 198
2018 199
2018 222
2018 259
2018 280
2018 267
2018 260
2018 250
2018 240
2018 238
2018 244
2018 246
2018 256
2018 260
2018 270
2018 281
2018 308
2018 320
2018 310
2018 297
2018 291
2018 300
2018 293
2018 289
2018 283
2018 281
2018 283
2018 299
2018 285
2018 284
2018 289
2018 291
2018 288
2018 282
2018 278
2018 275
2018 272
2018 276
2018 272
2018 270
2018 268
2018 284
2018 277
2018 277
2018 275
2018 275
2018 275
2018 275
2018 274
2018 270
2018 270
2018 270
2018 270
2018 271
2018 272
2018 273
2018 274
2018 272
2018 272
2018 270
2018 268
2018 267
2018 265
2018 264
2018 268
2018 287
2018 281
2018 281
2018 280
2018 293
2018 290
2018 297
2018 300
2018 300
2018 295
2018 290
2018 287
2018 282
2018 280
2018 280
2018 280
2018 280
2018 285
2018 285
2018 330
2018 334
2018 334
2018 327
2018 320
2018 327
2018 320
2018 310
2018 300
2018 300
2018 320
2018 330
2018 355
2018 375
2018 350
2018 340
2018 340
2018 324
2018 314
2018 309
2018 300
2018 294
2018 287
2018 285
2018 270
2018 265
2018 260
2018 260
2018 255
2018 257.5
2018 260
2018 280
2018 290
2018 300
2018 290
2018 280
2018 270
2018 260
2018 250
2018 245
2018 245
2018 245
2018 230
2018 230
2018 236
2018 250
2018 246.5
2018 243
2018 240
2018 238
2018 236.5
2018 235
2018 235
2018 235
2018 233
2018 228
2018 222
2018 217
2018 207
2018 196
2018 191
2018 188
2018 185
2018 181
2018 175
2018 170
2018 163
2018 160.5
2018 158
2018 157
2018 148
2018 134
2018 130
2018 128
2018 125
2018 119.5
2018 114
2018 104.5
2018 95
2018 85
2018 75
2018 68
2018 66
2018 57
2018 57
2018 30
2018 23.3333333333333
2018 16.6666666666667
2018 10
2018 5
2018 0
2018 0
2018 0
2018 0
2018 0
2018 0
2018 0
2018 0
2018 0
2018 0
2018 0
2018 0
2018 0
2018 0
2018 0
2018 0
2018 0
2018 0
2018 0
2018 0
2018 0
2018 0
2018 0
2018 0
2018 0
2018 0
2018 0
2018 0
2018 0
2018 0
2018 0
2018 0
2018 0
2018 0
2018 0
2018 0
2018 0
2018 0
2018 0
2018 0
2018 0
2018 0
2018 0
2018 0
2018 0
2018 0
2018 0
2018 0
2018 0
2018 0
2018 0
2018 0
2018 0
2018 0
2018 0
2018 0
2018 0
2018 0
2018 0
2018 0
2018 0
2018 0
2018 0
2018 0
