2019 0
2019 0
2019 0
2019 0
2019 0
2019 0
2019 0
2019 0
2019 0
2019 0
2019 0
2019 0
2019 0
2019 0
2019 0
2019 0
2019 0
2019 0
2019 0
2019 0
2019 0
2019 0
2019 0
2019 0
2019 0
2019 0
2019 0
2019 0
2019 9
2019 13
2019 17
2019 6
2019 0
2019 0
2019 0
2019 0
2019 0
2019 0
2019 0
2019 0
2019 0
2019 0
2019 0
2019 0
2019 0
2019 0
2019 0
2019 0
2019 0
2019 0
2019 0
2019 0
2019 0
2019 0
2019 0
2019 0
2019 0
2019 16
2019 27.5
2019 39
2019 50.5
2019 62
2019 59
2019 47
2019 44
2019 42
2019 40
2019 38
2019 38
2019 38
2019 36
2019 38
2019 36
2019 35
2019 34
2019 34
2019 34
2019 35
2019 34
2019 41
2019 47
2019 44
2019 43
2019 44
2019 54
2019 53
2019 52
2019 55
2019 53
2019 53
2019 52
2019 52
2019 52
2019 54
2019 53
2019 52
2019 57
2019 57
2019 60
2019 62
2019 61
2019 63
2019 62
2019 61
2019 62
2019 61
2019 61
2019 61
2019 60
2019 61
2019 63
2019 63
2019 62
2019 63
2019 69
2019 67
2019 66
2019 66
2019 67
2019 67
2019 65
2019 64
2019 64
2019 69
2019 66
2019 65
2019 64
2019 63
2019 63
2019 63
2019 63
2019 63
2019 63
2019 63
2019 66
2019 69
2019 66
2019 65
2019 68
2019 68
2019 67
2019 67
2019 67
2019 67
2019 72
2019 71
2019 70
2019 70
2019 70
2019 88
2019 84
2019 84
2019 88
2019 102.5
2019 117
2019 131.5
2019 146
2019 140
2019 136
2019 133
2019 132
2019 129
2019 128
2019 115
2019 106
2019 105
2019 104.5
2019 104
2019 103
2019 103
2019 103
2019 102
2019 102
2019 102
2019 100
2019 97
2019 97
2019 97
2019 96
2019 96
2019 95
2019 94
2019 94
2019 95
2019 95
2019 95
2019 95
2019 104
2019 111
2019 108
2019 105
2019 104
2019 104
2019 105
2019 104
2019 109
2019 107
2019 106
2019 122
2019 118
2019 117
2019 115
2019 112
2019 109
2019 106
2019 104
2019 105
2019 105
2019 104
2019 104
2019 103
2019 101
2019 99
2019 97
2019 108
2019 122
2019 142
2019 133
2019 131
2019 129
2019 128
2019 126
2019 133
2019 129
2019 124
2019 129
2019 124
2019 124
2019 122
2019 117
2019 117
2019 113
2019 111
2019 108
2019 106
2019 105
2019 102
2019 107
2019 104
2019 157
2019 160
2019 147
2019 135
2019 128
2019 123
2019 133
2019 173
2019 161
2019 156
2019 155
2019 144
2019 138
2019 137
2019 153
2019 146
2019 139
2019 142
2019 140
2019 137
2019 137
2019 134
2019 140
2019 137
2019 130
2019 127
2019 120
2019 119
2019 111
2019 112
2019 111
2019 110
2019 109
2019 108
2019 105
2019 98
2019 91
2019 84
2019 75
2019 69
2019 62
2019 50
2019 44
2019 33
2019 20
2019 9
2019 0
2019 0
2019 0
2019 0
2019 0
2019 0
2019 0
2019 0
2019 0
2019 0
2019 0
2019 0
2019 0
2019 0
2019 0
2019 0
2019 0
2019 0
2019 0
2019 0
2019 0
2019 0
2019 0
2019 0
2019 0
2019 0
2019 0
2019 0
2019 0
2019 0
2019 0
2019 0
2019 0
2019 0
2019 0
2019 0
2019 0
2019 0
2019 0
2019 0
2019 0
2019 0
2019 0
2019 0
2019 0
2019 0
2019 0
2019 0
2019 0
2019 0
2019 0
2019 0
2019 0
2019 0
2019 0
2019 0
2019 0
2019 0
2019 0
2019 0
2019 0
2019 0
2019 0
2019 0
2019 0
2019 0
2019 0
2019 0
2019 0
2019 0
2019 0
2019 0
2019 0
2019 0
2019 0
2019 0
2019 0
2019 0
2019 0
2019 0
2020 0
2020 0
2020 0
2020 0
2020 0
2020 0
2020 0
2020 10
2020 0
2020 0
2020 0
2020 0
2020 0
2020 0
2020 0
2020 0
2020 0
2020 0
2020 0
2020 0
2020 0
2020 0
2020 0
2020 0
2020 0
2020 0
2020 0
2020 0
2020 0
2020 0
2020 0
2020 0
2020 0
2020 0
2020 0
2020 0
2020 0
2020 0
2020 0
2020 0
2020 0
2020 0
2020 0
2020 0
2020 0
2020 0
2020 0
2020 0
2020 0
2020 0
2020 0
2020 0
2020 0
2020 0
2020 0
2020 0
2020 0
2020 0
2020 0
2020 0
2020 0
2020 0
2020 0
2020 15
2020 15
2020 20
2020 22
2020 27
2020 61
2020 61
2020 55
2020 56
2020 67
2020 115
2020 101
2020 137
2020 142
2020 183
2020 171
2020 166
2020 162
2020 153
2020 150
2020 147
2020 150
2020 145
2020 142
2020 144
2020 139
2020 137
2020 135
2020 133
2020 138
2020 134
2020 133
2020 131
2020 129
2020 127
2020 126
2020 125
2020 123
2020 122
2020 121
2020 131
2020 111
2020 111
2020 111
2020 114
2020 114
2020 117
2020 134
2020 158
2020 154
2020 148
2020 142
2020 140
2020 138
2020 136
2020 133
2020 131
2020 131
2020 130
2020 128
2020 127
2020 127
2020 125
2020 123
2020 123
2020 123
2020 122
2020 123
2020 122
2020 121
2020 121
2020 121
2020 121
2020 121
2020 120
2020 121
2020 127
2020 124
2020 124
2020 123
2020 121
2020 122
2020 122
2020 121
2020 121
2020 121
2020 119
2020 117
2020 116
2020 116
2020 115
2020 114
2020 114
2020 114
2020 114
2020 112
2020 113
2020 113
2020 113
2020 113
2020 111
2020 112
2020 112
2020 112
2020 112
2020 111
2020 111
2020 111
2020 111
2020 111
2020 110
2020 109
2020 105
2020 102
2020 102
2020 103
2020 102
2020 103
2020 103
2020 109
2020 121
2020 152
2020 147
2020 148.5
2020 150
2020 147
2020 144
2020 143
2020 145
2020 137
2020 134
2020 132
2020 136
2020 135
2020 132
2020 131
2020 130
2020 128
2020 125
2020 126
2020 132
2020 131
2020 132
2020 131
2020 134
2020 134
2020 131
2020 131
2020 168
2020 162
2020 157
2020 152
2020 148
2020 146
2020 144
2020 142
2020 137
2020 135
2020 133
2020 129
2020 124
2020 122
2020 119
2020 116
2020 112
2020 107
2020 103
2020 101
2020 98
2020 97
2020 94
2020 87
2020 85
2020 82
2020 80
2020 78
2020 68
2020 70
2020 78
2020 72
2020 79
2020 77
2020 76
2020 71
2020 70
2020 66
2020 58
2020 54
2020 49
2020 44
2020 41
2020 36
2020 29
2020 25
2020 25
2020 18
2020 15
2020 10
2020 0
2020 0
2020 0
2020 0
2020 0
2020 0
2020 0
2020 0
2020 0
2020 0
2020 0
2020 0
2020 0
2020 0
2020 0
2020 0
2020 0
2020 0
2020 0
2020 0
2020 0
2020 0
2020 0
2020 0
2020 0
2020 0
2020 0
2020 0
2020 0
2020 0
2020 0
2020 0
2020 0
2020 0
2020 0
2020 0
2020 0
2020 0
2020 0
2020 0
2020 0
2020 0
2020 0
2020 0
2020 0
2020 0
2020 0
2020 0
2020 0
2020 0
2020 0
2020 0
2020 0
2020 0
2020 0
2020 0
2020 0
2020 0
2020 0
2020 0
2020 0
2020 0
2020 0
2020 0
2020 0
2020 0
2020 0
2020 0
2020 0
2020 0
2020 0
2020 0
2020 0
2020 0
2020 0
2020 0
2020 0
2020 0
2020 0
2020 0
2020 0
2020 0
2020 0
2020 0
2020 0
2020 0
2020 0
2020 0
2020 0
2020 0
2020 0
2020 0
2020 0
2020 0
2020 0
2020 0
2020 0
2020 0
2020 0
2020 0
2020 0
2020 0
2020 0
2020 0
2020 0
