1998 0
1998 0
1998 0
1998 0
1998 0
1998 0
1998 0
1998 0
1998 0
1998 0
1998 0
1998 0
1998 0
1998 0
1998 0
1998 0
1998 0
1998 0
1998 0
1998 0
1998 0
1998 0
1998 0
1998 0
1998 0
1998 0
1998 0
1998 0
1998 0
1998 0
1998 0
1998 0
1998 0
1998 0
1998 0
1998 0
1998 0
1998 0
1998 5.25
1998 6
1998 6.75
1998 7.5
1998 8.25
1998 9
1998 9
1998 0
1998 0
1998 0
1998 0
1998 0
1998 0
1998 0
1998 0
1998 0
1998 0
1998 0
1998 0
1998 6
1998 7
1998 7
1998 7
1998 7
1998 6
1998 7
1998 7
1998 7
1998 33
1998 37
1998 37
1998 53
1998 51
1998 67
1998 121
1998 109
1998 104
1998 99
1998 97
1998 93
1998 91
1998 90
1998 88
1998 86
1998 83
1998 83
1998 83
1998 84
1998 85
1998 83
1998 82
1998 81
1998 81
1998 85
1998 107
1998 103
1998 99
1998 95
1998 94
1998 92
1998 91
1998 90
1998 89
1998 88
1998 100
1998 115
1998 109
1998 107
1998 111
1998 136
1998 130
1998 143
1998 191
1998 178
1998 171
1998 167
1998 161
1998 157
1998 160
1998 157
1998 156
1998 153
1998 151
1998 150
1998 156
1998 164
1998 161
1998 163
1998 163
1998 163
1998 160
1998 157
1998 155
1998 152
1998 150
1998 149
1998 149
1998 155
1998 157
1998 160
1998 156
1998 155
1998 173
1998 173
1998 167
1998 164
1998 162
1998 160
1998 179
1998 172
1998 169
1998 164
1998 162
1998 160
1998 159
1998 156
1998 157
1998 154
1998 155
1998 154
1998 153
1998 153
1998 151
1998 151
1998 151
1998 149
1998 150
1998 149
1998 148
1998 147
1998 147
1998 146
1998 145
1998 144.5
1998 144
1998 142
1998 158
1998 162
1998 158
1998 154
1998 154
1998 151
1998 150
1998 150
1998 150
1998 150
1998 150
1998 154
1998 152
1998 150
1998 167
1998 161
1998 156
1998 155
1998 155
1998 154
1998 153
1998 153
1998 153
1998 151
1998 149
1998 147
1998 147
1998 147
1998 147
1998 151
1998 160
1998 157
1998 155
1998 152
1998 148
1998 144
1998 142
1998 139
1998 139
1998 138
1998 139
1998 168
1998 183
1998 174
1998 198
1998 187
1998 192
1998 295
1998 315
1998 295
1998 281
1998 269
1998 292
1998 285
1998 284
1998 271
1998 265
1998 258
1998 250
1998 236
1998 226
1998 216
1998 209
1998 205
1998 232
1998 244
1998 238
1998 235
1998 234
1998 228
1998 220
1998 213
1998 207
1998 205
1998 199
1998 193
1998 187
1998 181
1998 174
1998 166
1998 161
1998 154
1998 148
1998 141
1998 138
1998 135
1998 131
1998 124
1998 122
1998 116
1998 113
1998 110
1998 83
1998 102
1998 99
1998 98
1998 98
1998 92
1998 89
1998 84
1998 76
1998 73
1998 62
1998 56
1998 46
1998 40
1998 28
1998 23
1998 23
1998 16
1998 19
1998 12
1998 12
1998 7
1998 0
1998 0
1998 0
1998 0
1998 0
1998 0
1998 0
1998 0
1998 0
1998 0
1998 0
1998 0
1998 0
1998 0
1998 0
1998 0
1998 0
1998 0
1998 0
1998 0
1998 0
1998 0
1998 0
1998 0
1998 0
1998 0
1998 0
1998 0
1998 0
1998 0
1998 0
1998 0
1998 0
1998 0
1998 0
1998 0
1998 0
1998 0
1998 0
1998 0
1998 0
1998 0
1998 0
1998 0
1998 0
1998 0
1998 0
1998 0
1998 0
1998 0
1998 0
1998 0
1998 0
1998 0
1998 0
1998 0
1998 0
1998 0
1998 0
1998 0
1998 0
1998 0
1998 0
1998 0
1998 0
1998 0
1998 0
1998 0
1998 0
1998 0
1998 0
1998 0
1998 0
1998 0
1998 0
1998 0
1998 0
1999 0
1999 0
1999 0
1999 0
1999 0
1999 0
1999 0
1999 0
1999 0
1999 0
1999 0
1999 0
1999 0
1999 0
1999 0
1999 0
1999 0
1999 0
1999 0
1999 0
1999 0
1999 0
1999 0
1999 0
1999 0
1999 0
1999 0
1999 0
1999 0
1999 0
1999 0
1999 0
1999 0
1999 0
1999 0
1999 0
1999 0
1999 0
1999 0
1999 0
1999 0
1999 0
1999 0
1999 0
1999 0
1999 0
1999 0
1999 0
1999 0
1999 0
1999 0
1999 0
1999 0
1999 0
1999 31
1999 38
1999 39
1999 25
1999 11
1999 28
1999 29
1999 47
1999 42
1999 42
1999 39
1999 41
1999 40
1999 39
1999 37
1999 32
1999 29
1999 31
1999 31
1999 30
1999 35
1999 48
1999 48
1999 43
1999 43
1999 42
1999 42
1999 40
1999 40
1999 40
1999 37
1999 40
1999 42
1999 36
1999 42
1999 42
1999 43
1999 45
1999 43
1999 45
1999 45
1999 50
1999 58
1999 55
1999 53
1999 53
1999 52
1999 51
1999 50
1999 52
1999 51
1999 51
1999 51
1999 50
1999 51
1999 51
1999 56
1999 55
1999 54
1999 53
1999 53
1999 52
1999 53
1999 53
1999 53
1999 53
1999 54
1999 62
1999 82
1999 81
1999 81
1999 79
1999 76
1999 76
1999 74
1999 74
1999 80
1999 98
1999 144
1999 139
1999 136
1999 128
1999 121
1999 117
1999 114.5
1999 112
1999 107
1999 105
1999 104
1999 104
1999 102
1999 102
1999 101
1999 100
1999 127
1999 154
1999 157
1999 145
1999 138
1999 135
1999 131
1999 128
1999 125
1999 128
1999 158
1999 172
1999 167
1999 188
1999 178
1999 171
1999 163
1999 159
1999 157
1999 154
1999 152
1999 164
1999 197
1999 188
1999 189
1999 202
1999 231
1999 235
1999 238
1999 227
1999 220
1999 215
1999 211
1999 209
1999 204
1999 202
1999 304
1999 484
1999 468
1999 456
1999 447
1999 445
1999 438
1999 433
1999 427
1999 420
1999 414
1999 408
1999 404
1999 401
1999 397
1999 396
1999 396
1999 392
1999 400
1999 412
1999 406
1999 409
1999 416
1999 437
1999 428
1999 423
1999 418
1999 413
1999 410
1999 407
1999 403
1999 396
1999 392
1999 387
1999 391
1999 385
1999 382
1999 380
1999 378
1999 377
1999 380
1999 384
1999 456
1999 506
1999 482
1999 474
1999 466
1999 460
1999 458
1999 448
1999 443
1999 437
1999 431
1999 427
1999 423
1999 418
1999 414
1999 403
1999 394
1999 389
1999 385
1999 380
1999 373
1999 369
1999 366
1999 361
1999 355
1999 348
1999 340
1999 329
1999 320
1999 312
1999 307
1999 301
1999 298
1999 297
1999 304
1999 306
1999 305
1999 298
1999 288
1999 281
1999 275
1999 267
1999 259
1999 252
1999 244
1999 237
1999 230
1999 220
1999 215
1999 205
1999 194
1999 196
1999 188
1999 186
1999 182
1999 173
1999 173
1999 166
1999 162
1999 154
1999 153
1999 147
1999 139
1999 133
1999 128
1999 123
1999 114
1999 106
1999 93
1999 93
1999 83
1999 74
1999 75
1999 68
1999 57
1999 54
1999 44
1999 32
1999 18
1999 6
1999 0
1999 0
1999 0
1999 0
1999 0
1999 0
1999 0
1999 0
1999 0
1999 0
1999 0
1999 0
1999 0
1999 0
1999 0
1999 0
1999 0
1999 0
1999 0
1999 0
1999 0
1999 0
1999 0
1999 0
1999 0
1999 0
1999 0
1999 0
1999 0
1999 0
1999 0
1999 0
1999 0
1999 0
1999 0
1999 0
1999 0
1999 0
1999 0
1999 0
1999 0
1999 0
1999 0
1999 0
1999 0
1999 0
1999 0
1999 0
1999 0
1999 0
1999 0
1999 0
1999 0
1999 0
1999 0
1999 0
1999 0
1999 0
1999 0
2000 0
2000 0
2000 0
2000 0
2000 0
2000 0
2000 0
2000 0
2000 0
2000 0
2000 0
2000 0
2000 0
2000 0
2000 0
2000 0
2000 0
2000 0
2000 0
2000 0
2000 0
2000 0
2000 0
2000 0
2000 0
2000 0
2000 0
2000 0
2000 0
2000 0
2000 0
2000 0
2000 0
2000 0
2000 0
2000 0
2000 0
2000 0
2000 0
2000 0
2000 0
2000 0
2000 0
2000 0
2000 0
2000 0
2000 0
2000 0
2000 0
2000 0
2000 20
2000 11
2000 11
2000 19
2000 7
2000 10
2000 11
2000 8
2000 6
2000 0
2000 0
2000 0
2000 0
2000 0
2000 0
2000 0
2000 27
2000 22
2000 20
2000 18
2000 18
2000 60
2000 49
2000 40
2000 36
2000 32
2000 32
2000 35
2000 38
2000 39
2000 38
2000 38
2000 37
2000 37
2000 36
2000 34
2000 35
2000 35
2000 36
2000 35
2000 35
2000 35
2000 34
2000 32
2000 33
2000 41
2000 39
2000 38
2000 38
2000 42
2000 54
2000 51
2000 63
2000 73
2000 83
2000 79
2000 74
2000 71
2000 69
2000 86
2000 69
2000 67
2000 65
2000 66
2000 65
2000 79
2000 105
2000 149
2000 164
2000 157
2000 151
2000 146
2000 141
2000 138
2000 135
2000 133
2000 129
2000 127
2000 126
2000 123
2000 122
2000 122
2000 121
2000 120
2000 119
2000 119
2000 119
2000 118.5
2000 118
2000 117
2000 116
2000 116
2000 116
2000 116
2000 118
2000 120
2000 118
2000 118.5
2000 119
2000 120.5
2000 122
2000 144
2000 136
2000 134
2000 134
2000 134
2000 132
2000 132
2000 131
2000 131
2000 131
2000 148
2000 145
2000 141
2000 145
2000 143
2000 141
2000 140
2000 155
2000 166
2000 177
2000 189
2000 190
2000 182
2000 177
2000 174
2000 171
2000 170
2000 166
2000 165
2000 164
2000 172
2000 182
2000 178
2000 174
2000 177
2000 175
2000 173
2000 171
2000 170
2000 160
2000 156
2000 153
2000 151
2000 151
2000 150
2000 155
2000 151
2000 151
2000 151
2000 150
2000 150
2000 148
2000 148
2000 147
2000 147
2000 148
2000 179
2000 171
2000 169
2000 215
2000 206
2000 199
2000 195
2000 196
2000 204
2000 209
2000 203
2000 199
2000 197
2000 194
2000 196
2000 198
2000 199
2000 211
2000 226
2000 229
2000 245
2000 251
2000 347
2000 385
2000 369
2000 351
2000 336
2000 323
2000 309
2000 308
2000 295
2000 290
2000 285
2000 285
2000 291
2000 280
2000 273
2000 267
2000 260
2000 253
2000 248
2000 246
2000 240
2000 237
2000 229
2000 222
2000 215
2000 209
2000 204
2000 193
2000 187
2000 179
2000 174
2000 168
2000 165
2000 162
2000 159
2000 154
2000 148
2000 143
2000 137
2000 131
2000 126
2000 124
2000 117
2000 114
2000 97
2000 96
2000 90
2000 83
2000 72
2000 63
2000 60
2000 52
2000 49
2000 41
2000 33
2000 27
2000 18
2000 8
2000 0
2000 0
2000 0
2000 0
2000 0
2000 0
2000 0
2000 0
2000 0
2000 0
2000 0
2000 0
2000 0
2000 0
2000 0
2000 0
2000 0
2000 0
2000 0
2000 0
2000 0
2000 0
2000 0
2000 0
2000 0
2000 0
2000 0
2000 0
2000 0
2000 0
2000 0
2000 0
2000 0
2000 0
2000 0
2000 0
2000 0
2000 0
2000 0
2000 0
2000 0
2000 0
2000 0
2000 0
2000 0
2000 0
2000 0
2000 0
2000 0
2000 0
2000 0
2000 0
2000 0
2000 0
2000 0
2000 0
2000 0
2000 0
2000 0
2000 0
2000 0
2000 0
2000 0
2000 0
2000 0
2000 0
2000 0
2000 0
2000 0
2000 0
2000 0
2000 0
2000 0
2000 0
2000 0
2000 0
2000 0
2000 0
2000 0
2001 0
2001 0
2001 0
2001 0
2001 0
2001 0
2001 0
2001 0
2001 0
2001 0
2001 0
2001 0
2001 0
2001 0
2001 0
2001 0
2001 0
2001 0
2001 0
2001 0
2001 0
2001 0
2001 0
2001 0
2001 0
2001 0
2001 0
2001 0
2001 0
2001 0
2001 0
2001 0
2001 0
2001 0
2001 0
2001 0
2001 0
2001 0
2001 0
2001 0
2001 31
2001 27
2001 17
2001 0
2001 0
2001 23
2001 23
2001 18
2001 17
2001 12
2001 9
2001 7
2001 8
2001 7
2001 7
2001 0
2001 0
2001 0
2001 0
2001 0
2001 24
2001 20
2001 26
2001 52
2001 65
2001 59
2001 83.3333333333333
2001 107.666666666667
2001 132
2001 126
2001 120
2001 113
2001 111
2001 128
2001 166
2001 160
2001 159
2001 226
2001 219
2001 203
2001 199
2001 194
2001 188
2001 195
2001 234
2001 224
2001 219
2001 216
2001 211
2001 207
2001 202
2001 196
2001 202
2001 203
2001 201
2001 196
2001 195
2001 200
2001 214
2001 216
2001 212
2001 208
2001 205
2001 203
2001 200
2001 206
2001 206
2001 202
2001 200
2001 198
2001 196
2001 196
2001 193
2001 190
2001 191
2001 199
2001 198
2001 198
2001 196
2001 203
2001 201
2001 198
2001 197
2001 200
2001 198
2001 200
2001 196
2001 205
2001 223
2001 238
2001 231
2001 230
2001 226
2001 224
2001 225
2001 220
2001 219
2001 217
2001 217
2001 226
2001 223
2001 221
2001 220
2001 217
2001 218
2001 224
2001 227
2001 230
2001 248
2001 240
2001 236
2001 233
2001 230
2001 228
2001 225
2001 231
2001 249
2001 243
2001 242
2001 246
2001 295
2001 294
2001 286
2001 278
2001 273
2001 268
2001 264
2001 261
2001 260
2001 257
2001 255
2001 253
2001 250
2001 248
2001 246
2001 259
2001 254
2001 252
2001 251
2001 252
2001 273
2001 270
2001 279
2001 285
2001 284
2001 279
2001 276
2001 271
2001 279
2001 280
2001 280
2001 284
2001 280
2001 285
2001 303
2001 291
2001 287
2001 295
2001 290
2001 290
2001 287
2001 295
2001 309
2001 300
2001 290
2001 286
2001 282
2001 280
2001 278
2001 301
2001 312
2001 301
2001 294
2001 289
2001 284
2001 290
2001 290
2001 288
2001 300
2001 292
2001 292
2001 291
2001 287
2001 286
2001 285
2001 284
2001 288
2001 289
2001 286
2001 283
2001 287
2001 285
2001 285
2001 283
2001 282
2001 278
2001 285
2001 281
2001 279
2001 275
2001 276
2001 283
2001 281
2001 276
2001 277
2001 281
2001 276
2001 270
2001 265
2001 256
2001 251
2001 245
2001 238
2001 230
2001 222
2001 220
2001 221
2001 217
2001 212
2001 206
2001 197
2001 194
2001 191
2001 184
2001 179
2001 171
2001 165
2001 157
2001 146
2001 138
2001 124
2001 113
2001 107
2001 97
2001 99
2001 93
2001 93
2001 85
2001 84
2001 73
2001 70
2001 67
2001 62
2001 57
2001 49
2001 49
2001 38
2001 30
2001 27
2001 25
2001 16
2001 9
2001 0
2001 0
2001 0
2001 0
2001 0
2001 0
2001 0
2001 0
2001 0
2001 0
2001 0
2001 0
2001 0
2001 0
2001 0
2001 0
2001 0
2001 0
2001 0
2001 0
2001 0
2001 0
2001 0
2001 0
2001 0
2001 0
2001 0
2001 0
2001 0
2001 0
2001 0
2001 0
2001 0
2001 0
2001 0
2001 0
2001 0
2001 0
2001 0
2001 0
2001 0
2001 0
2001 0
2001 0
2001 0
2001 0
2001 0
2001 0
2001 0
2001 0
2001 0
2001 0
2001 0
2001 0
2001 0
2001 0
2001 0
2001 0
2001 0
2001 0
2001 0
2001 0
2001 0
2001 0
2001 0
2001 0
2001 0
2001 0
2001 0
2001 0
2001 0
2001 0
2001 0
2002 0
2002 0
2002 0
2002 0
2002 0
2002 0
2002 0
2002 0
2002 0
2002 0
2002 0
2002 0
2002 0
2002 0
2002 0
2002 0
2002 0
2002 0
2002 0
2002 0
2002 0
2002 0
2002 0
2002 0
2002 0
2002 0
2002 0
2002 0
2002 0
2002 0
2002 0
2002 0
2002 0
2002 0
2002 0
2002 0
2002 0
2002 0
2002 0
2002 0
2002 0
2002 0
2002 0
2002 0
2002 0
2002 0
2002 0
2002 0
2002 0
2002 0
2002 0
2002 0
2002 0
2002 0
2002 0
2002 0
2002 0
2002 0
2002 0
2002 0
2002 0
2002 0
2002 0
2002 0
2002 0
2002 0
2002 0
2002 0
2002 6
2002 9
2002 8
2002 7
2002 0
2002 0
2002 0
2002 0
2002 0
2002 0
2002 6
2002 0
2002 0
2002 0
2002 0
2002 21
2002 17
2002 16
2002 15
2002 17
2002 17
2002 19
2002 20
2002 18
2002 18
2002 18.5
2002 19
2002 21
2002 21
2002 20
2002 20
2002 20
2002 20
2002 21
2002 20
2002 21
2002 24
2002 24
2002 24
2002 24
2002 24
2002 24
2002 24
2002 24
2002 24
2002 24
2002 24
2002 24
2002 33
2002 30
2002 29
2002 50
2002 68
2002 61
2002 57
2002 55
2002 53
2002 52
2002 51
2002 50
2002 49
2002 49
2002 48
2002 48
2002 48
2002 48
2002 48
2002 48
2002 47
2002 48
2002 47
2002 47
2002 48
2002 47
2002 46
2002 48
2002 47
2002 55
2002 55
2002 54
2002 57
2002 54
2002 54
2002 53
2002 52
2002 53
2002 52
2002 52
2002 52
2002 52
2002 85
2002 82
2002 80
2002 77
2002 92
2002 86
2002 83
2002 80
2002 88
2002 118
2002 126
2002 123
2002 119
2002 115
2002 111
2002 116
2002 112
2002 109
2002 128
2002 122
2002 118
2002 120
2002 121
2002 122
2002 127
2002 169
2002 169
2002 167
2002 166
2002 160
2002 156
2002 154
2002 151
2002 151
2002 149
2002 148
2002 153
2002 146
2002 149
2002 144
2002 143
2002 164
2002 152
2002 146
2002 164
2002 166
2002 162
2002 159
2002 157
2002 156
2002 155
2002 154
2002 154
2002 151
2002 149
2002 147
2002 146
2002 144
2002 144
2002 142
2002 142
2002 147
2002 143
2002 145
2002 155
2002 148
2002 157
2002 159
2002 155
2002 154
2002 154
2002 152
2002 151
2002 151
2002 148
2002 146
2002 145
2002 141
2002 134
2002 130
2002 130
2002 129
2002 129
2002 123
2002 123
2002 162
2002 272
2002 282
2002 284
2002 269
2002 255
2002 241
2002 223
2002 216
2002 209
2002 205
2002 196.5
2002 188
2002 182
2002 177
2002 168
2002 164
2002 158
2002 151
2002 146
2002 141
2002 140
2002 139
2002 137
2002 133
2002 175
2002 157
2002 146
2002 137
2002 128
2002 122
2002 116
2002 114
2002 107
2002 101
2002 100
2002 92
2002 88
2002 82
2002 73
2002 65
2002 58
2002 48
2002 37
2002 27
2002 17
2002 0
2002 6
2002 6
2002 0
2002 0
2002 0
2002 0
2002 0
2002 0
2002 0
2002 0
2002 0
2002 0
2002 0
2002 0
2002 0
2002 0
2002 0
2002 0
2002 0
2002 0
2002 0
2002 0
2002 0
2002 0
2002 0
2002 0
2002 0
2002 0
2002 0
2002 0
2002 0
2002 0
2002 0
2002 0
2002 0
2002 0
2002 0
2002 0
2002 0
2002 0
2002 0
2002 0
2002 0
2002 0
2002 0
2002 0
2002 0
2002 0
2002 0
2002 0
2002 0
2002 0
2002 0
2002 0
2002 0
2002 0
2002 0
2002 0
2002 0
2002 0
2002 0
2002 0
2002 0
2002 0
2002 0
2002 0
2002 0
2002 0
2002 0
2002 0
2002 0
2002 0
2002 0
2002 0
2002 0
2003 0
2003 0
2003 0
2003 0
2003 0
2003 0
2003 0
2003 0
2003 0
2003 0
2003 0
2003 0
2003 0
2003 0
2003 0
2003 0
2003 0
2003 0
2003 0
2003 0
2003 0
2003 0
2003 0
2003 0
2003 0
2003 0
2003 0
2003 0
2003 0
2003 0
2003 0
2003 0
2003 0
2003 0
2003 0
2003 0
2003 0
2003 0
2003 0
2003 0
2003 0
2003 0
2003 0
2003 0
2003 0
2003 0
2003 0
2003 0
2003 6
2003 0
2003 0
2003 6
2003 0
2003 0
2003 9
2003 11
2003 11
2003 10
2003 10
2003 10
2003 11
2003 11
2003 13
2003 7
2003 12
2003 17
2003 15
2003 16
2003 17
2003 19
2003 29
2003 28
2003 27
2003 29
2003 76
2003 100
2003 154
2003 156
2003 161
2003 164
2003 160
2003 184
2003 202
2003 194
2003 218
2003 262
2003 296
2003 276
2003 255
2003 260
2003 254
2003 248
2003 236
2003 235.5
2003 235
2003 223
2003 230
2003 227
2003 224
2003 227
2003 223
2003 225
2003 227
2003 224
2003 226
2003 223
2003 224
2003 234
2003 244
2003 242
2003 239
2003 237
2003 247
2003 247
2003 245
2003 242
2003 241
2003 243
2003 256
2003 256
2003 253
2003 251
2003 250
2003 264
2003 260
2003 263
2003 258
2003 257
2003 255
2003 254
2003 251
2003 249
2003 249
2003 248
2003 247
2003 245
2003 244
2003 243
2003 242
2003 241
2003 242
2003 240
2003 271
2003 266
2003 265
2003 270
2003 265
2003 263
2003 260
2003 261
2003 271
2003 276
2003 272
2003 269
2003 266
2003 282
2003 313
2003 309
2003 305
2003 300
2003 296
2003 292
2003 289
2003 286
2003 285
2003 282
2003 280
2003 280
2003 282
2003 281
2003 279
2003 278
2003 277
2003 275
2003 274
2003 274
2003 273
2003 272
2003 271
2003 270
2003 270
2003 270
2003 274
2003 272
2003 271
2003 270
2003 269
2003 269
2003 268
2003 266
2003 264
2003 261
2003 260
2003 260
2003 259
2003 262
2003 260
2003 259
2003 258
2003 258
2003 257
2003 257
2003 257
2003 256
2003 255
2003 253
2003 251
2003 248
2003 247
2003 244
2003 242
2003 240
2003 239
2003 245
2003 242
2003 240
2003 236
2003 236
2003 235
2003 235
2003 243
2003 259
2003 251
2003 249
2003 244
2003 241
2003 236
2003 234
2003 229
2003 227
2003 224
2003 243
2003 238
2003 230
2003 223
2003 218
2003 215
2003 211
2003 211
2003 209
2003 207
2003 205
2003 200
2003 198
2003 191
2003 188
2003 182
2003 175
2003 166
2003 158
2003 156
2003 153
2003 148
2003 142
2003 137
2003 135
2003 132
2003 131
2003 131
2003 122
2003 113
2003 108
2003 106
2003 102
2003 92
2003 91
2003 84
2003 81
2003 72
2003 67
2003 61
2003 53
2003 44
2003 35
2003 26
2003 19
2003 12
2003 0
2003 0
2003 0
2003 0
2003 0
2003 0
2003 0
2003 0
2003 0
2003 0
2003 0
2003 0
2003 0
2003 0
2003 0
2003 0
2003 0
2003 0
2003 0
2003 0
2003 0
2003 0
2003 0
2003 0
2003 0
2003 0
2003 0
2003 0
2003 0
2003 0
2003 0
2003 0
2003 0
2003 0
2003 0
2003 0
2003 0
2003 0
2003 0
2003 0
2003 0
2003 0
2003 0
2003 0
2003 0
2003 0
2003 0
2003 0
2003 0
2003 0
2003 0
2003 0
2003 0
2003 0
2003 0
2003 0
2003 0
2003 0
2003 0
2003 0
2003 0
2003 0
2003 0
2003 0
2003 0
2003 0
2003 0
2003 0
2003 0
2003 0
2003 0
2003 0
2003 0
2003 0
2003 0
2003 0
2003 0
2003 0
2003 0
2003 0
2003 0
2003 0
2003 0
2003 0
2003 0
2003 0
2003 0
2003 0
2004 0
2004 0
2004 0
2004 0
2004 0
2004 0
2004 0
2004 0
2004 0
2004 0
2004 0
2004 0
2004 0
2004 0
2004 0
2004 0
2004 0
2004 0
2004 0
2004 0
2004 0
2004 0
2004 0
2004 0
2004 0
2004 0
2004 0
2004 0
2004 0
2004 0
2004 0
2004 0
2004 0
2004 0
2004 0
2004 0
2004 12
2004 28
2004 0
2004 0
2004 0
2004 0
2004 0
2004 0
2004 0
2004 0
2004 0
2004 0
2004 0
2004 0
2004 0
2004 7
2004 13
2004 11
2004 12
2004 12
2004 13
2004 12
2004 12
2004 24
2004 41
2004 100
2004 93
2004 87
2004 83
2004 81
2004 79
2004 98
2004 124
2004 111
2004 105
2004 100
2004 96
2004 92
2004 88
2004 86
2004 86
2004 89
2004 85
2004 82
2004 81
2004 80
2004 86
2004 89
2004 103
2004 102
2004 103
2004 150
2004 157
2004 149
2004 143
2004 144
2004 173
2004 178
2004 172
2004 169
2004 164
2004 162
2004 158
2004 157
2004 160
2004 156
2004 153
2004 149
2004 149
2004 150
2004 151
2004 148
2004 147
2004 144
2004 143
2004 149
2004 162
2004 155
2004 152
2004 150
2004 149
2004 148
2004 189
2004 202
2004 217
2004 212
2004 205
2004 202
2004 197
2004 194
2004 186
2004 183
2004 179
2004 178
2004 202
2004 197
2004 196
2004 230
2004 257
2004 247
2004 254
2004 245
2004 255
2004 244
2004 238
2004 253
2004 250
2004 243
2004 238
2004 235
2004 233
2004 237
2004 237
2004 236
2004 233
2004 228
2004 226
2004 222
2004 219
2004 216
2004 214
2004 212
2004 210
2004 210
2004 216
2004 222
2004 219
2004 222
2004 218
2004 216
2004 214
2004 212
2004 210
2004 210
2004 209
2004 234
2004 274
2004 272
2004 260
2004 262
2004 253
2004 250
2004 248
2004 245
2004 244
2004 242
2004 240
2004 238
2004 235
2004 235
2004 233
2004 234
2004 235
2004 233
2004 231
2004 261
2004 304
2004 288
2004 277
2004 268
2004 261
2004 255
2004 244
2004 238
2004 231
2004 225
2004 222
2004 222
2004 222
2004 222
2004 224
2004 224
2004 220
2004 219
2004 218
2004 217
2004 217
2004 215
2004 214
2004 219
2004 215
2004 214
2004 216
2004 218
2004 219
2004 244
2004 253
2004 238
2004 235
2004 233
2004 231
2004 242
2004 249
2004 239
2004 235
2004 294
2004 276
2004 260
2004 250
2004 242
2004 236
2004 234
2004 230
2004 226
2004 226
2004 227
2004 242
2004 240
2004 237
2004 242
2004 242
2004 305
2004 313
2004 300
2004 294
2004 288
2004 280
2004 270
2004 262
2004 256
2004 252
2004 246
2004 242
2004 235
2004 229
2004 222
2004 217
2004 212
2004 207
2004 205
2004 200
2004 195
2004 191
2004 185
2004 179
2004 173
2004 168
2004 167
2004 164
2004 160
2004 155
2004 149
2004 143
2004 132
2004 128
2004 120
2004 112
2004 99
2004 92
2004 86
2004 84
2004 76
2004 68
2004 61
2004 56
2004 50
2004 42
2004 37
2004 30
2004 27
2004 21
2004 9
2004 0
2004 0
2004 0
2004 0
2004 0
2004 0
2004 0
2004 0
2004 0
2004 0
2004 0
2004 0
2004 0
2004 0
2004 0
2004 0
2004 0
2004 0
2004 0
2004 0
2004 0
2004 0
2004 0
2004 0
2004 0
2004 0
2004 0
2004 0
2004 0
2004 0
2004 0
2004 0
2004 0
2004 0
2004 0
2004 0
2004 0
2004 0
2004 0
2004 0
2004 0
2004 0
2004 0
2004 0
2004 0
2004 0
2004 0
2004 0
2004 0
2004 0
2004 0
2004 0
2004 0
2004 0
2004 0
2004 0
2004 0
2004 0
2004 0
2004 0
2004 0
2004 0
2004 0
2004 0
2004 0
2004 0
2004 0
2004 0
2005 0
2005 0
2005 0
2005 0
2005 0
2005 0
2005 0
2005 0
2005 0
2005 0
2005 0
2005 0
2005 0
2005 0
2005 0
2005 0
2005 0
2005 0
2005 0
2005 0
2005 0
2005 0
2005 0
2005 0
2005 0
2005 0
2005 0
2005 0
2005 0
2005 0
2005 0
2005 0
2005 0
2005 0
2005 0
2005 0
2005 0
2005 0
2005 0
2005 0
2005 0
2005 0
2005 0
2005 0
2005 0
2005 20
2005 15
2005 13
2005 18
2005 9
2005 0
2005 0
2005 0
2005 0
2005 0
2005 0
2005 0
2005 0
2005 8
2005 12
2005 10
2005 8
2005 0
2005 0
2005 0
2005 0
2005 0
2005 0
2005 0
2005 0
2005 0
2005 18
2005 18
2005 18
2005 16
2005 14
2005 14
2005 14
2005 13
2005 30
2005 29
2005 27
2005 26
2005 25
2005 24
2005 24
2005 24
2005 22
2005 24
2005 35
2005 55
2005 73
2005 66
2005 61
2005 56
2005 52
2005 51
2005 49
2005 49
2005 48
2005 48
2005 46
2005 46
2005 46
2005 46
2005 46
2005 46
2005 51
2005 72
2005 108
2005 98
2005 90
2005 86
2005 82
2005 78
2005 82
2005 124
2005 118
2005 112
2005 108
2005 104
2005 99
2005 97
2005 95
2005 93
2005 92
2005 89
2005 87
2005 86
2005 85
2005 84
2005 83
2005 82
2005 82
2005 82
2005 81
2005 82
2005 80
2005 80
2005 85
2005 82
2005 81
2005 95
2005 123
2005 122
2005 121
2005 117
2005 114
2005 112
2005 111
2005 110
2005 109
2005 108
2005 118
2005 116
2005 113
2005 112
2005 112
2005 110
2005 109
2005 109
2005 109
2005 109
2005 116.5
2005 124
2005 141
2005 138
2005 135
2005 130
2005 127
2005 126
2005 125
2005 124
2005 123
2005 122
2005 122
2005 132
2005 133
2005 132
2005 129.5
2005 127
2005 127
2005 126
2005 125
2005 126
2005 126
2005 126
2005 125
2005 124.5
2005 124
2005 123.5
2005 123
2005 123
2005 124
2005 124
2005 122
2005 120
2005 118
2005 116
2005 113
2005 109
2005 109
2005 109
2005 104
2005 102
2005 99
2005 99
2005 103
2005 103
2005 100
2005 99
2005 102
2005 100
2005 96
2005 97
2005 95
2005 94
2005 92
2005 91
2005 120
2005 129
2005 123
2005 113
2005 107
2005 103
2005 98
2005 106
2005 165
2005 159
2005 151
2005 141
2005 141
2005 137
2005 133
2005 131
2005 130
2005 133
2005 130
2005 126
2005 117
2005 112
2005 103
2005 97
2005 92
2005 86
2005 81
2005 79
2005 78
2005 76
2005 74
2005 73
2005 74
2005 68
2005 69
2005 70
2005 67
2005 60
2005 69
2005 71
2005 66
2005 61
2005 56
2005 50
2005 47
2005 49
2005 41
2005 33
2005 23
2005 14
2005 0
2005 0
2005 0
2005 0
2005 0
2005 0
2005 0
2005 0
2005 0
2005 0
2005 0
2005 0
2005 0
2005 0
2005 0
2005 0
2005 0
2005 0
2005 0
2005 0
2005 0
2005 0
2005 0
2005 0
2005 0
2005 0
2005 0
2005 0
2005 0
2005 0
2005 0
2005 0
2005 0
2005 0
2005 0
2005 0
2005 0
2005 0
2005 0
2005 0
2005 0
2005 0
2005 0
2005 0
2005 0
2005 0
2005 0
2005 0
2005 0
2005 0
2005 0
2005 0
2005 0
2005 0
2005 0
2005 0
2005 0
2005 0
2005 0
2005 0
2005 0
2005 0
2005 0
2005 0
2005 0
2005 0
2005 0
2005 0
2005 0
2005 0
2005 0
2005 0
2005 0
2005 0
2005 0
2005 0
2005 0
2005 0
2005 0
2005 0
2005 0
2005 0
2005 0
2005 0
2005 0
2005 0
2005 0
2005 0
2005 0
2005 0
2005 0
2005 0
2005 0
2005 0
2005 0
2005 0
2006 0
2006 0
2006 0
2006 0
2006 0
2006 0
2006 0
2006 0
2006 0
2006 0
2006 0
2006 0
2006 0
2006 0
2006 0
2006 0
2006 0
2006 0
2006 0
2006 0
2006 0
2006 0
2006 0
2006 0
2006 0
2006 0
2006 0
2006 0
2006 0
2006 0
2006 0
2006 0
2006 8
2006 0
2006 0
2006 0
2006 0
2006 0
2006 0
2006 0
2006 0
2006 0
2006 0
2006 0
2006 0
2006 0
2006 0
2006 0
2006 0
2006 0
2006 0
2006 0
2006 0
2006 0
2006 0
2006 0
2006 0
2006 0
2006 0
2006 0
2006 0
2006 0
2006 0
2006 0
2006 0
2006 0
2006 0
2006 0
2006 0
2006 0
2006 0
2006 0
2006 0
2006 0
2006 0
2006 0
2006 0
2006 0
2006 0
2006 0
2006 7
2006 7
2006 7
2006 8
2006 8
2006 14
2006 11
2006 13
2006 12
2006 20
2006 18
2006 15
2006 21
2006 45
2006 41
2006 42
2006 39
2006 35
2006 40
2006 36
2006 37
2006 34
2006 33
2006 34
2006 35
2006 34
2006 37
2006 60
2006 57
2006 54
2006 51
2006 50
2006 49
2006 48
2006 48
2006 47
2006 46
2006 61
2006 58
2006 55
2006 54
2006 83
2006 81
2006 78
2006 74
2006 70
2006 68
2006 67
2006 65
2006 64
2006 65
2006 63
2006 63
2006 63
2006 63
2006 63
2006 62
2006 62
2006 66
2006 79
2006 75
2006 74
2006 73
2006 73
2006 70
2006 71
2006 70
2006 71
2006 112
2006 149
2006 131
2006 123
2006 118
2006 115
2006 112
2006 108
2006 106
2006 105
2006 102
2006 101
2006 99
2006 103
2006 107
2006 104
2006 102
2006 102
2006 101
2006 109
2006 126
2006 131
2006 140
2006 161
2006 203
2006 187
2006 195
2006 182
2006 183
2006 175
2006 174
2006 169
2006 166
2006 169
2006 167
2006 181
2006 201
2006 194
2006 187
2006 186
2006 199
2006 214
2006 215
2006 206
2006 203
2006 197
2006 193
2006 190
2006 187
2006 185
2006 183
2006 181
2006 179
2006 177
2006 173
2006 169
2006 174
2006 169
2006 164
2006 160
2006 174
2006 169
2006 167
2006 166
2006 164
2006 161
2006 162
2006 160
2006 184
2006 178
2006 173
2006 169
2006 171
2006 196
2006 205
2006 199
2006 196
2006 186
2006 184
2006 183
2006 180
2006 176
2006 174
2006 170
2006 165
2006 160
2006 154
2006 153
2006 151
2006 144
2006 140
2006 138
2006 135
2006 132
2006 131
2006 124
2006 122
2006 115
2006 112.5
2006 110
2006 106
2006 106
2006 123
2006 119
2006 112
2006 105
2006 99
2006 96
2006 94
2006 89
2006 79
2006 74
2006 69
2006 65
2006 61
2006 59
2006 59
2006 53
2006 50
2006 42
2006 27
2006 16
2006 9
2006 13
2006 14
2006 14
2006 11
2006 9
2006 8
2006 8
2006 8
2006 0
2006 0
2006 0
2006 0
2006 0
2006 0
2006 0
2006 0
2006 0
2006 0
2006 0
2006 0
2006 0
2006 0
2006 0
2006 0
2006 0
2006 0
2006 0
2006 0
2006 0
2006 0
2006 0
2006 0
2006 0
2006 0
2006 0
2006 0
2006 0
2006 0
2006 0
2006 0
2006 0
2006 0
2006 0
2006 0
2006 0
2006 0
2006 0
2006 0
2006 0
2006 0
2006 0
2006 0
2006 0
2006 0
2006 0
2006 0
2006 0
2006 0
2006 0
2006 0
2006 0
2006 0
2006 0
2006 0
2006 0
2006 0
2006 0
2006 0
2006 0
2006 0
2006 0
2006 0
2006 0
2006 0
2006 0
2006 0
2006 0
2006 0
2006 0
2006 0
2006 0
2006 0
2006 0
2006 0
2006 0
2006 0
2006 0
2006 0
2006 0
2006 0
2006 0
2006 0
2006 0
2006 0
2007 0
2007 0
2007 0
2007 0
2007 0
2007 0
2007 0
2007 0
2007 0
2007 0
2007 0
2007 0
2007 0
2007 0
2007 0
2007 0
2007 0
2007 0
2007 0
2007 0
2007 0
2007 0
2007 0
2007 0
2007 0
2007 0
2007 0
2007 0
2007 0
2007 0
2007 0
2007 0
2007 0
2007 0
2007 0
2007 0
2007 0
2007 0
2007 0
2007 0
2007 0
2007 0
2007 0
2007 0
2007 0
2007 0
2007 0
2007 0
2007 0
2007 0
2007 0
2007 0
2007 0
2007 0
2007 0
2007 0
2007 0
2007 0
2007 0
2007 0
2007 0
2007 0
2007 0
2007 0
2007 0
2007 0
2007 0
2007 0
2007 0
2007 0
2007 0
2007 0
2007 7
2007 0
2007 0
2007 0
2007 6
2007 9
2007 21
2007 24
2007 32
2007 30
2007 36
2007 33
2007 33
2007 37
2007 32
2007 32
2007 32
2007 32
2007 31
2007 31
2007 32
2007 32
2007 38
2007 38
2007 67
2007 73
2007 108
2007 155
2007 141
2007 135
2007 129
2007 124
2007 120
2007 117.5
2007 115
2007 113
2007 110
2007 109
2007 107
2007 105
2007 105
2007 104
2007 102
2007 102
2007 101
2007 101
2007 100
2007 99
2007 98
2007 98
2007 109
2007 120
2007 131
2007 131
2007 127
2007 124
2007 122
2007 120.5
2007 119
2007 117.5
2007 116
2007 119
2007 116
2007 115
2007 114
2007 114
2007 113
2007 121
2007 117
2007 116
2007 115
2007 115
2007 154
2007 162
2007 155
2007 151
2007 146
2007 143
2007 139
2007 136
2007 135
2007 134
2007 133
2007 132
2007 131
2007 131
2007 129
2007 133
2007 138
2007 137
2007 136
2007 137
2007 150
2007 154
2007 149
2007 145
2007 142
2007 143
2007 143
2007 142
2007 140
2007 140
2007 140
2007 138
2007 146
2007 149
2007 158
2007 152
2007 154
2007 159
2007 182
2007 204
2007 192
2007 188
2007 185
2007 224
2007 215
2007 210
2007 205
2007 202
2007 200
2007 196
2007 194
2007 189
2007 188
2007 183
2007 178
2007 179
2007 177
2007 175
2007 175
2007 175
2007 175
2007 175
2007 172
2007 173
2007 172
2007 172
2007 176
2007 177
2007 177
2007 174
2007 170
2007 171
2007 168
2007 166
2007 162
2007 158
2007 153
2007 148
2007 144
2007 142
2007 140
2007 134
2007 130
2007 126
2007 121
2007 118
2007 115
2007 109.5
2007 104
2007 99
2007 96
2007 91
2007 85
2007 82
2007 78
2007 72
2007 69
2007 67
2007 59
2007 65
2007 61
2007 68
2007 73
2007 68
2007 65
2007 54
2007 47
2007 43
2007 37
2007 29
2007 25
2007 21
2007 30
2007 26
2007 32
2007 21
2007 13
2007 0
2007 0
2007 0
2007 0
2007 0
2007 0
2007 0
2007 0
2007 34
2007 28
2007 16
2007 12
2007 13
2007 11
2007 0
2007 0
2007 0
2007 0
2007 0
2007 0
2007 0
2007 0
2007 0
2007 0
2007 0
2007 0
2007 0
2007 0
2007 0
2007 0
2007 0
2007 0
2007 0
2007 0
2007 0
2007 0
2007 0
2007 0
2007 0
2007 0
2007 0
2007 0
2007 0
2007 0
2007 0
2007 0
2007 0
2007 0
2007 0
2007 0
2007 0
2007 0
2007 0
2007 0
2007 0
2007 0
2007 0
2007 0
2007 0
2007 0
2007 0
2007 0
2007 0
2007 0
2007 0
2007 0
2007 0
2007 0
2007 0
2007 0
2007 0
2007 0
2007 0
2007 0
2007 0
2007 0
2007 0
2007 0
2007 0
2007 0
2007 0
2007 0
2007 0
2007 0
2007 0
2007 0
2007 0
2007 0
2007 0
2007 0
2007 0
2007 0
2007 0
2007 0
2007 0
2007 0
2007 0
2007 0
2007 0
2007 0
2007 0
2007 0
2007 0
2007 0
2008 0
2008 0
2008 0
2008 0
2008 0
2008 0
2008 0
2008 0
2008 0
2008 0
2008 0
2008 0
2008 0
2008 0
2008 0
2008 0
2008 0
2008 0
2008 0
2008 0
2008 0
2008 0
2008 0
2008 0
2008 0
2008 0
2008 0
2008 0
2008 0
2008 0
2008 0
2008 0
2008 0
2008 0
2008 0
2008 0
2008 0
2008 0
2008 0
2008 0
2008 0
2008 0
2008 0
2008 0
2008 0
2008 0
2008 0
2008 0
2008 0
2008 0
2008 0
2008 0
2008 0
2008 0
2008 0
2008 0
2008 0
2008 0
2008 0
2008 0
2008 0
2008 0
2008 0
2008 0
2008 0
2008 0
2008 0
2008 0
2008 0
2008 15
2008 38
2008 35
2008 35
2008 33
2008 45
2008 41
2008 38
2008 36
2008 35
2008 35
2008 35
2008 34
2008 52
2008 89
2008 84
2008 81
2008 77
2008 75
2008 74
2008 73
2008 71
2008 70
2008 68
2008 110
2008 114
2008 104
2008 100
2008 106
2008 104
2008 106
2008 112
2008 115
2008 109
2008 105
2008 103
2008 100
2008 99
2008 97
2008 97
2008 95
2008 95
2008 93
2008 93
2008 93
2008 92
2008 91
2008 91
2008 90
2008 90
2008 89
2008 89
2008 88
2008 89
2008 89
2008 103
2008 111
2008 115
2008 131
2008 133
2008 129
2008 125
2008 124.5
2008 124
2008 202
2008 183
2008 180
2008 181
2008 204
2008 192
2008 187
2008 178
2008 171
2008 168
2008 184
2008 175
2008 171
2008 166
2008 164
2008 160
2008 154
2008 153
2008 153
2008 152
2008 154
2008 161
2008 162
2008 194
2008 182
2008 183
2008 185
2008 179
2008 175
2008 170
2008 169
2008 166
2008 165
2008 163
2008 161
2008 160
2008 160
2008 158
2008 157
2008 157
2008 156
2008 154
2008 152
2008 151
2008 150
2008 150
2008 150
2008 150
2008 149
2008 150
2008 160
2008 158
2008 159
2008 156
2008 155
2008 155
2008 155
2008 155
2008 191
2008 196
2008 210
2008 204
2008 198
2008 195
2008 197
2008 195
2008 193
2008 192
2008 191
2008 223
2008 224
2008 218
2008 215
2008 224
2008 223
2008 222
2008 217
2008 212
2008 210
2008 215
2008 209
2008 224
2008 229
2008 220
2008 213
2008 213
2008 215
2008 215
2008 213
2008 213
2008 229
2008 228
2008 223
2008 254
2008 243
2008 237
2008 239
2008 243
2008 236
2008 243
2008 256
2008 255
2008 247
2008 239
2008 233
2008 228
2008 223
2008 221
2008 221
2008 235
2008 230
2008 223
2008 218
2008 211
2008 201
2008 197
2008 192
2008 187
2008 182
2008 176
2008 172
2008 167
2008 160
2008 157
2008 153
2008 151
2008 147
2008 146
2008 139
2008 135
2008 132
2008 128
2008 123
2008 118
2008 114
2008 107.5
2008 101
2008 90
2008 80
2008 76
2008 71
2008 65
2008 60
2008 50
2008 43
2008 39
2008 38
2008 31
2008 24
2008 16
2008 0
2008 0
2008 0
2008 0
2008 0
2008 0
2008 0
2008 0
2008 0
2008 0
2008 0
2008 0
2008 0
2008 0
2008 0
2008 0
2008 0
2008 0
2008 0
2008 0
2008 0
2008 0
2008 0
2008 0
2008 0
2008 0
2008 0
2008 0
2008 0
2008 0
2008 0
2008 0
2008 0
2008 0
2008 0
2008 0
2008 0
2008 0
2008 0
2008 0
2008 0
2008 0
2008 0
2008 0
2008 0
2008 0
2008 0
2008 0
2008 0
2008 0
2008 0
2008 0
2008 0
2008 0
2008 0
2008 0
2008 0
2008 0
2008 0
2008 0
2008 0
2008 0
2008 0
2008 0
2008 0
2008 0
2008 0
2008 0
2008 0
2008 0
2008 0
2008 0
2008 0
2008 0
2008 0
2008 0
2008 0
2008 0
2008 0
2008 0
2008 0
2008 0
2008 0
2009 0
2009 0
2009 0
2009 0
2009 0
2009 0
2009 0
2009 0
2009 0
2009 0
2009 0
2009 0
2009 0
2009 0
2009 0
2009 0
2009 0
2009 0
2009 0
2009 0
2009 0
2009 0
2009 0
2009 0
2009 0
2009 0
2009 0
2009 0
2009 0
2009 0
2009 0
2009 0
2009 0
2009 0
2009 0
2009 0
2009 0
2009 0
2009 0
2009 0
2009 0
2009 0
2009 0
2009 0
2009 0
2009 0
2009 0
2009 0
2009 0
2009 0
2009 0
2009 0
2009 0
2009 0
2009 0
2009 0
2009 0
2009 6
2009 36
2009 91
2009 101
2009 93
2009 78
2009 86
2009 88
2009 111.5
2009 135
2009 133
2009 126
2009 125
2009 122
2009 118
2009 123
2009 123.5
2009 124
2009 121
2009 119
2009 118
2009 116
2009 122.333333333333
2009 128.666666666667
2009 135
2009 143
2009 145
2009 148
2009 143
2009 140
2009 139
2009 155
2009 157
2009 211
2009 214
2009 203
2009 195
2009 190
2009 195
2009 195
2009 189
2009 185
2009 183
2009 214
2009 243
2009 232
2009 242
2009 267
2009 281
2009 271
2009 273
2009 263
2009 257
2009 247
2009 242
2009 239
2009 235
2009 232
2009 228
2009 239
2009 234
2009 231
2009 249
2009 238
2009 236
2009 240
2009 235
2009 230
2009 228
2009 225
2009 229
2009 228
2009 232
2009 228
2009 225
2009 222
2009 221
2009 219
2009 218
2009 217
2009 214
2009 213
2009 223
2009 234
2009 239
2009 240
2009 238
2009 262
2009 260
2009 257
2009 254
2009 250
2009 248
2009 245
2009 242
2009 240
2009 248
2009 287
2009 281
2009 273
2009 282
2009 331
2009 462
2009 436
2009 421
2009 428
2009 415
2009 407
2009 398
2009 392
2009 385
2009 381
2009 389
2009 390
2009 383
2009 378
2009 374
2009 370
2009 367
2009 366
2009 362
2009 359
2009 356
2009 353
2009 350
2009 350
2009 360
2009 402
2009 443
2009 428
2009 417
2009 409
2009 417
2009 414
2009 423
2009 411
2009 402
2009 396
2009 392
2009 389
2009 385
2009 382
2009 380
2009 378
2009 376
2009 374
2009 373
2009 391
2009 386
2009 408
2009 404
2009 420
2009 430
2009 419
2009 408
2009 402
2009 393
2009 389
2009 385
2009 378
2009 375
2009 371
2009 368
2009 364
2009 362
2009 364
2009 360
2009 354
2009 349
2009 346
2009 378
2009 373
2009 364
2009 363
2009 360
2009 354
2009 347
2009 343
2009 360
2009 357
2009 366
2009 431
2009 476
2009 472
2009 458
2009 442
2009 429
2009 416
2009 403
2009 397
2009 390
2009 384
2009 380
2009 375
2009 370
2009 366
2009 361
2009 353
2009 348
2009 345
2009 337
2009 333
2009 325
2009 319
2009 312
2009 303
2009 292
2009 284
2009 273
2009 263
2009 255
2009 247
2009 243
2009 233
2009 232
2009 227
2009 222
2009 215
2009 211
2009 203
2009 198
2009 197
2009 191
2009 184
2009 188
2009 180
2009 174
2009 167
2009 160
2009 152
2009 136
2009 131
2009 119
2009 111
2009 103
2009 96
2009 95
2009 88
2009 85
2009 76
2009 68
2009 63
2009 55
2009 39
2009 32
2009 16
2009 0
2009 0
2009 0
2009 0
2009 0
2009 0
2009 0
2009 0
2009 0
2009 0
2009 0
2009 0
2009 0
2009 0
2009 0
2009 0
2009 0
2009 0
2009 0
2009 0
2009 0
2009 0
2009 0
2009 0
2009 0
2009 0
2009 0
2009 0
2009 0
2009 0
2009 0
2009 0
2009 0
2009 0
2009 0
2009 0
2009 0
2009 0
2009 0
2009 0
2009 0
2009 0
2009 0
2009 0
2009 0
2009 0
2009 0
2009 0
2009 0
2009 0
2009 0
2009 0
2009 0
2009 0
2009 0
2009 0
2009 0
2009 0
2009 0
2009 0
2009 0
2009 0
2010 0
2010 0
2010 0
2010 0
2010 0
2010 0
2010 0
2010 0
2010 0
2010 0
2010 0
2010 0
2010 0
2010 0
2010 0
2010 0
2010 0
2010 0
2010 0
2010 0
2010 0
2010 0
2010 0
2010 0
2010 0
2010 0
2010 0
2010 0
2010 0
2010 0
2010 0
2010 0
2010 0
2010 0
2010 0
2010 0
2010 0
2010 0
2010 0
2010 0
2010 0
2010 16
2010 10
2010 10
2010 10
2010 7
2010 6
2010 9
2010 10
2010 10
2010 10
2010 33
2010 34
2010 32
2010 27
2010 25
2010 25
2010 23
2010 21
2010 20
2010 22
2010 20
2010 38
2010 34
2010 47
2010 42
2010 42
2010 41
2010 52
2010 47
2010 47
2010 45
2010 45
2010 44
2010 43
2010 36
2010 41
2010 40
2010 39
2010 39
2010 39
2010 38
2010 39
2010 39
2010 52
2010 49
2010 46
2010 47
2010 47
2010 76
2010 179
2010 172
2010 161
2010 151
2010 155
2010 148
2010 143
2010 138
2010 144
2010 138
2010 135
2010 130
2010 131
2010 128
2010 125
2010 125
2010 125
2010 123
2010 122
2010 121
2010 119
2010 132
2010 147
2010 152
2010 171
2010 188
2010 178
2010 174
2010 171
2010 171
2010 173
2010 173
2010 169
2010 168
2010 166
2010 167
2010 162
2010 161
2010 160
2010 186
2010 183
2010 192
2010 187
2010 183
2010 185
2010 181
2010 178
2010 176
2010 176
2010 173
2010 171
2010 169
2010 167
2010 165
2010 163
2010 163
2010 162
2010 160
2010 159
2010 161
2010 162
2010 169
2010 167
2010 164
2010 164
2010 168
2010 166
2010 182
2010 179
2010 176
2010 173
2010 173
2010 171
2010 171
2010 171
2010 169
2010 167
2010 168
2010 176
2010 182
2010 179
2010 196
2010 193
2010 191
2010 202
2010 196
2010 193
2010 198.5
2010 204
2010 199
2010 202
2010 201
2010 198
2010 195
2010 197
2010 195
2010 194
2010 196
2010 193
2010 193
2010 194
2010 195
2010 193
2010 193
2010 191
2010 189
2010 188
2010 187
2010 186
2010 184
2010 184
2010 182
2010 180
2010 176
2010 174
2010 181
2010 221
2010 211
2010 216
2010 210
2010 250
2010 240
2010 254
2010 242
2010 244
2010 265
2010 256
2010 245
2010 236
2010 228
2010 222
2010 215
2010 212
2010 218
2010 211
2010 210
2010 209
2010 206
2010 203
2010 203
2010 200
2010 197
2010 195
2010 189
2010 186
2010 181
2010 175
2010 170
2010 167
2010 162
2010 157
2010 154
2010 152
2010 154
2010 184
2010 190
2010 192
2010 187
2010 186
2010 183
2010 180
2010 183
2010 189
2010 185
2010 186
2010 201
2010 194
2010 191
2010 190
2010 189
2010 187
2010 180
2010 173
2010 167
2010 162
2010 155
2010 145
2010 136
2010 133
2010 128
2010 123
2010 117
2010 115
2010 108
2010 106
2010 98
2010 89
2010 81
2010 76
2010 65
2010 57
2010 54
2010 44
2010 36
2010 31
2010 26
2010 20
2010 0
2010 0
2010 0
2010 0
2010 0
2010 0
2010 0
2010 0
2010 0
2010 0
2010 0
2010 0
2010 0
2010 0
2010 0
2010 0
2010 0
2010 0
2010 0
2010 0
2010 0
2010 0
2010 0
2010 0
2010 0
2010 0
2010 0
2010 0
2010 0
2010 0
2010 0
2010 0
2010 0
2010 0
2010 0
2010 0
2010 0
2010 0
2010 0
2010 0
2010 0
2010 0
2010 0
2010 0
2010 0
2010 0
2010 0
2010 0
2010 0
2010 0
2010 0
2010 0
2010 0
2010 0
2010 0
2010 0
2010 0
2010 0
2010 0
2010 0
2010 0
2010 0
2010 0
2010 0
2010 0
2010 0
2010 0
2010 0
2010 0
2010 0
2010 0
2010 0
2010 0
2010 0
2010 0
2010 0
2010 0
2010 0
2011 0
2011 0
2011 0
2011 0
2011 0
2011 0
2011 0
2011 0
2011 0
2011 0
2011 0
2011 0
2011 0
2011 0
2011 0
2011 0
2011 0
2011 0
2011 0
2011 0
2011 0
2011 0
2011 0
2011 0
2011 0
2011 0
2011 0
2011 0
2011 0
2011 0
2011 0
2011 0
2011 0
2011 0
2011 0
2011 0
2011 0
2011 0
2011 0
2011 0
2011 0
2011 0
2011 0
2011 0
2011 0
2011 0
2011 0
2011 0
2011 0
2011 12
2011 11
2011 8
2011 8
2011 12
2011 23
2011 19
2011 18
2011 17
2011 16
2011 18
2011 75
2011 85
2011 67
2011 62
2011 59
2011 55
2011 54
2011 67
2011 82
2011 75
2011 85
2011 86
2011 89
2011 86
2011 84
2011 104
2011 130
2011 124
2011 124
2011 124
2011 137.5
2011 151
2011 160
2011 151
2011 145
2011 140
2011 138
2011 134
2011 137
2011 137
2011 132
2011 151
2011 145
2011 139
2011 136
2011 132
2011 145
2011 144
2011 141
2011 142
2011 139
2011 134
2011 133
2011 131
2011 130.333333333333
2011 129.666666666667
2011 129
2011 135
2011 134
2011 136
2011 139
2011 142
2011 144
2011 192
2011 202
2011 199
2011 195
2011 189
2011 188
2011 184
2011 181
2011 180
2011 177
2011 174
2011 173
2011 171
2011 169
2011 171
2011 173
2011 174
2011 179
2011 179
2011 176
2011 178
2011 176
2011 174
2011 172
2011 171
2011 169
2011 169
2011 168
2011 168
2011 168
2011 167
2011 167
2011 166
2011 166
2011 165
2011 164
2011 164
2011 172
2011 168
2011 168
2011 168
2011 167
2011 165
2011 165
2011 163
2011 162
2011 161
2011 160
2011 160
2011 159
2011 159
2011 159
2011 159
2011 159
2011 171
2011 182
2011 185
2011 183
2011 180
2011 179
2011 179
2011 179
2011 177
2011 175
2011 177
2011 175
2011 172
2011 175
2011 175
2011 174
2011 179
2011 181
2011 177
2011 174
2011 176
2011 172
2011 173
2011 173
2011 172
2011 170
2011 188
2011 187
2011 193
2011 224
2011 216
2011 214
2011 218
2011 214
2011 212
2011 210
2011 206
2011 203
2011 203
2011 199
2011 195
2011 196
2011 195
2011 194
2011 192
2011 188
2011 179
2011 176
2011 173
2011 169
2011 160
2011 153
2011 148
2011 143
2011 139
2011 136
2011 136
2011 137
2011 136
2011 134
2011 132
2011 131
2011 126
2011 122
2011 120
2011 116
2011 112.75
2011 109.5
2011 106.25
2011 103
2011 98
2011 97
2011 97
2011 99
2011 99
2011 96
2011 94
2011 91
2011 88
2011 82
2011 79
2011 74
2011 67
2011 61
2011 57
2011 53
2011 47
2011 39
2011 33
2011 29
2011 26
2011 24
2011 18
2011 6
2011 0
2011 0
2011 0
2011 0
2011 0
2011 0
2011 0
2011 0
2011 0
2011 0
2011 0
2011 0
2011 0
2011 0
2011 0
2011 0
2011 0
2011 0
2011 0
2011 0
2011 0
2011 0
2011 0
2011 0
2011 0
2011 0
2011 0
2011 0
2011 0
2011 0
2011 0
2011 0
2011 0
2011 0
2011 0
2011 0
2011 0
2011 0
2011 0
2011 0
2011 0
2011 0
2011 0
2011 0
2011 0
2011 0
2011 0
2011 0
2011 0
2011 0
2011 0
2011 0
2011 0
2011 0
2011 0
2011 0
2011 0
2011 0
2011 0
2011 0
2011 0
2011 0
2011 0
2011 0
2011 0
2011 0
2011 0
2011 0
2011 0
2011 0
2011 0
2011 0
2011 0
2011 0
2011 0
2011 0
2011 0
2011 0
2011 0
2011 0
2011 0
2011 0
2011 0
2011 0
2011 0
2011 0
2011 0
2011 0
2011 0
2011 0
2011 0
2011 0
2011 0
2011 0
2011 0
2011 0
2011 0
2011 0
2011 0
2011 0
2011 0
2011 0
2011 0
2011 0
2012 0
2012 0
2012 0
2012 0
2012 0
2012 0
2012 0
2012 0
2012 0
2012 0
2012 0
2012 0
2012 0
2012 0
2012 0
2012 0
2012 0
2012 0
2012 0
2012 0
2012 0
2012 0
2012 0
2012 0
2012 0
2012 0
2012 0
2012 0
2012 0
2012 0
2012 0
2012 0
2012 0
2012 0
2012 0
2012 0
2012 0
2012 0
2012 0
2012 0
2012 0
2012 0
2012 0
2012 0
2012 0
2012 0
2012 0
2012 0
2012 0
2012 0
2012 0
2012 0
2012 0
2012 0
2012 34
2012 33
2012 32
2012 30
2012 29
2012 27
2012 27
2012 26
2012 27
2012 27
2012 33
2012 34
2012 35
2012 32
2012 53
2012 55
2012 56
2012 51
2012 54
2012 53
2012 51
2012 51
2012 50
2012 49
2012 49
2012 48
2012 49
2012 48
2012 48
2012 48
2012 48
2012 49
2012 49
2012 48
2012 49
2012 49
2012 48
2012 48
2012 49
2012 53
2012 53
2012 68
2012 80
2012 115
2012 109
2012 102
2012 97
2012 93
2012 97
2012 94
2012 97
2012 107
2012 159
2012 165
2012 154
2012 146
2012 162
2012 166
2012 161
2012 152
2012 149
2012 143
2012 141
2012 137
2012 134
2012 133
2012 154
2012 174
2012 162
2012 162
2012 156
2012 153
2012 182
2012 195
2012 185
2012 203
2012 197
2012 188
2012 184
2012 181
2012 179
2012 176
2012 174
2012 171
2012 170
2012 168
2012 167
2012 195
2012 223
2012 221
2012 213
2012 224
2012 222
2012 216
2012 211
2012 220
2012 229
2012 225
2012 230
2012 225
2012 220
2012 219
2012 214
2012 212
2012 209
2012 206
2012 205
2012 204
2012 202
2012 200
2012 199
2012 198
2012 197
2012 206
2012 203
2012 201
2012 200
2012 204
2012 203
2012 200
2012 199
2012 197
2012 195
2012 193
2012 195
2012 192
2012 192
2012 189
2012 188
2012 187
2012 186
2012 186
2012 217
2012 215
2012 210
2012 208
2012 206
2012 204
2012 203
2012 200
2012 197
2012 195
2012 193
2012 191
2012 201
2012 222
2012 262
2012 248
2012 237
2012 228
2012 224
2012 219
2012 217
2012 214
2012 211
2012 209
2012 205
2012 201
2012 197
2012 195
2012 195
2012 193
2012 202
2012 208
2012 200
2012 198
2012 201
2012 198
2012 200
2012 217
2012 208
2012 211
2012 212
2012 218
2012 214
2012 208
2012 226
2012 230
2012 219
2012 219
2012 218
2012 220
2012 246
2012 243
2012 246
2012 231
2012 218
2012 211
2012 217
2012 222
2012 227
2012 219
2012 215
2012 222
2012 225
2012 219
2012 218
2012 212
2012 205
2012 198
2012 191
2012 189
2012 182
2012 179
2012 185
2012 178
2012 174
2012 172
2012 171
2012 176
2012 168
2012 157
2012 147
2012 138
2012 129
2012 128
2012 123
2012 115
2012 111
2012 101
2012 92
2012 85
2012 80
2012 75
2012 66
2012 63
2012 59
2012 54
2012 47
2012 42
2012 34
2012 32
2012 23
2012 19
2012 0
2012 0
2012 0
2012 0
2012 0
2012 0
2012 0
2012 0
2012 0
2012 0
2012 0
2012 0
2012 0
2012 0
2012 0
2012 0
2012 0
2012 0
2012 0
2012 0
2012 0
2012 0
2012 0
2012 0
2012 0
2012 0
2012 0
2012 0
2012 0
2012 0
2012 0
2012 0
2012 0
2012 0
2012 0
2012 0
2012 0
2012 0
2012 0
2012 0
2012 0
2012 0
2012 0
2012 0
2012 0
2012 0
2012 0
2012 0
2012 0
2012 0
2012 0
2012 0
2012 0
2012 0
2012 0
2012 0
2012 0
2012 0
2012 0
2012 0
2012 0
2012 0
2012 0
2012 0
2012 0
2012 0
2012 0
2012 0
2012 0
2012 0
2012 0
2012 0
2012 0
2012 0
2012 0
2012 0
2012 0
2012 0
2013 0
2013 0
2013 0
2013 0
2013 0
2013 0
2013 0
2013 0
2013 0
2013 0
2013 0
2013 0
2013 0
2013 0
2013 0
2013 0
2013 0
2013 0
2013 0
2013 0
2013 0
2013 0
2013 0
2013 0
2013 0
2013 0
2013 0
2013 0
2013 0
2013 0
2013 0
2013 0
2013 0
2013 0
2013 0
2013 0
2013 0
2013 0
2013 0
2013 0
2013 0
2013 0
2013 0
2013 0
2013 58
2013 48
2013 38
2013 25
2013 22
2013 19
2013 16
2013 12
2013 9
2013 8
2013 7
2013 7
2013 7
2013 18
2013 14
2013 13
2013 14
2013 33
2013 39
2013 44
2013 43
2013 40
2013 43
2013 41
2013 41
2013 40
2013 61
2013 106
2013 97
2013 92
2013 88
2013 86
2013 86
2013 86
2013 84
2013 85
2013 83
2013 85
2013 83
2013 81
2013 82
2013 82
2013 92
2013 144
2013 181
2013 187
2013 178
2013 171
2013 168
2013 163
2013 190
2013 183
2013 178
2013 178
2013 172
2013 166
2013 182
2013 177
2013 170
2013 168
2013 173
2013 176
2013 173
2013 172
2013 176
2013 185
2013 179
2013 177
2013 177
2013 186
2013 178
2013 175
2013 178
2013 187
2013 194
2013 188
2013 184
2013 181
2013 179
2013 176
2013 175
2013 172
2013 170
2013 168
2013 166
2013 164
2013 162
2013 162
2013 169
2013 167
2013 165
2013 164
2013 166
2013 167
2013 165
2013 164
2013 165
2013 173
2013 184
2013 180
2013 179
2013 176
2013 174
2013 173
2013 172
2013 173
2013 171
2013 169
2013 169
2013 187
2013 194
2013 182
2013 181
2013 179
2013 187
2013 185
2013 184
2013 184
2013 182
2013 186
2013 185
2013 182
2013 182
2013 180
2013 181
2013 179
2013 182
2013 180
2013 180
2013 186
2013 187
2013 187
2013 194
2013 200
2013 200
2013 195
2013 193
2013 193
2013 190
2013 188
2013 188
2013 187
2013 190
2013 189
2013 192
2013 191
2013 190
2013 189
2013 190
2013 189
2013 189
2013 188
2013 188
2013 207
2013 227
2013 220
2013 221
2013 219
2013 213
2013 212
2013 214
2013 212
2013 210
2013 209
2013 213
2013 219
2013 221
2013 218
2013 217
2013 213
2013 211
2013 218
2013 216
2013 212
2013 210
2013 213
2013 219
2013 214
2013 215
2013 215
2013 212
2013 206
2013 200
2013 192
2013 186
2013 178
2013 196
2013 265
2013 246
2013 228
2013 215
2013 205
2013 198
2013 197
2013 210
2013 218
2013 221
2013 211
2013 208
2013 200
2013 205
2013 199
2013 193
2013 190
2013 184
2013 177
2013 173
2013 167
2013 164
2013 161
2013 157
2013 154
2013 164
2013 198
2013 206
2013 205
2013 241
2013 236
2013 248
2013 232
2013 225
2013 222
2013 222
2013 219
2013 212
2013 210
2013 225
2013 218
2013 215
2013 209
2013 204
2013 198
2013 189
2013 188
2013 179
2013 174
2013 171
2013 167
2013 164
2013 157
2013 152
2013 143
2013 133
2013 123
2013 110
2013 98
2013 87
2013 80
2013 71
2013 65
2013 57
2013 54
2013 48
2013 45
2013 39
2013 37
2013 37
2013 31
2013 18
2013 0
2013 0
2013 0
2013 0
2013 0
2013 0
2013 0
2013 0
2013 0
2013 0
2013 0
2013 0
2013 0
2013 0
2013 0
2013 0
2013 0
2013 0
2013 0
2013 0
2013 0
2013 0
2013 0
2013 0
2013 0
2013 0
2013 0
2013 0
2013 0
2013 0
2013 0
2013 0
2013 0
2013 0
2013 0
2013 0
2013 0
2013 0
2013 0
2013 0
2013 0
2013 0
2013 0
2013 0
2013 0
2013 0
2013 0
2013 0
2013 0
2013 0
2013 0
2013 0
2013 0
2013 0
2013 0
2013 0
2013 0
2013 0
2013 0
2013 0
2013 0
2013 0
2014 0
2014 0
2014 0
2014 0
2014 0
2014 0
2014 0
2014 0
2014 0
2014 0
2014 0
2014 0
2014 0
2014 0
2014 0
2014 0
2014 0
2014 0
2014 0
2014 0
2014 0
2014 0
2014 0
2014 0
2014 0
2014 0
2014 0
2014 0
2014 0
2014 0
2014 0
2014 0
2014 0
2014 0
2014 0
2014 0
2014 0
2014 0
2014 0
2014 0
2014 6
2014 54
2014 59
2014 51
2014 42
2014 39
2014 31
2014 29
2014 27
2014 24
2014 21
2014 15
2014 6
2014 0
2014 0
2014 0
2014 0
2014 0
2014 0
2014 0
2014 0
2014 0
2014 0
2014 0
2014 0
2014 0
2014 14
2014 11
2014 11
2014 15
2014 42
2014 36
2014 32
2014 30
2014 29
2014 49
2014 43
2014 41
2014 42
2014 67
2014 73
2014 119
2014 105
2014 97
2014 90
2014 85
2014 82
2014 79
2014 77
2014 75
2014 73
2014 70
2014 70
2014 69
2014 69
2014 69
2014 66
2014 65
2014 65
2014 64
2014 64
2014 63
2014 63
2014 63
2014 63
2014 62
2014 62
2014 63
2014 62
2014 66
2014 74
2014 74
2014 75
2014 76
2014 84
2014 146
2014 270
2014 253
2014 246
2014 252
2014 241
2014 235
2014 230
2014 231
2014 226
2014 236
2014 239
2014 232
2014 228
2014 224
2014 220
2014 226
2014 222
2014 220
2014 217
2014 239
2014 233
2014 229
2014 245
2014 247
2014 257
2014 253
2014 248
2014 243
2014 241
2014 239
2014 237
2014 235
2014 251
2014 245
2014 242
2014 259
2014 279
2014 289
2014 313
2014 323
2014 342
2014 362
2014 342
2014 342
2014 336
2014 331
2014 375
2014 353
2014 341
2014 346
2014 345
2014 336
2014 331
2014 342
2014 333
2014 337
2014 329
2014 327
2014 322
2014 317
2014 314
2014 312
2014 321
2014 317
2014 330
2014 368
2014 360
2014 366
2014 363
2014 354
2014 347
2014 342
2014 335
2014 331
2014 328
2014 323
2014 319
2014 316
2014 313
2014 306
2014 300
2014 294
2014 288
2014 284
2014 280
2014 278
2014 302
2014 339
2014 323
2014 315
2014 318
2014 316
2014 307
2014 302
2014 298
2014 294
2014 290
2014 287
2014 286
2014 281
2014 279
2014 274
2014 269
2014 264
2014 264
2014 258
2014 252
2014 249
2014 245
2014 242
2014 239
2014 239
2014 237
2014 234
2014 242
2014 239
2014 238
2014 236
2014 231
2014 226
2014 222
2014 217
2014 250
2014 266
2014 252
2014 245
2014 237
2014 246
2014 241
2014 234
2014 231
2014 230
2014 225
2014 221
2014 214
2014 208
2014 208
2014 206
2014 205
2014 206
2014 205
2014 204
2014 198
2014 192
2014 190
2014 187
2014 184
2014 180
2014 175
2014 168
2014 164
2014 163
2014 156
2014 150
2014 146
2014 139
2014 132
2014 128
2014 124
2014 119
2014 117
2014 110
2014 103
2014 94
2014 85
2014 75
2014 63
2014 51
2014 45
2014 36
2014 28
2014 25
2014 16
2014 6
2014 0
2014 0
2014 0
2014 0
2014 0
2014 0
2014 0
2014 0
2014 0
2014 0
2014 0
2014 0
2014 0
2014 0
2014 0
2014 0
2014 0
2014 0
2014 0
2014 0
2014 0
2014 0
2014 0
2014 0
2014 0
2014 0
2014 0
2014 0
2014 0
2014 0
2014 0
2014 0
2014 0
2014 0
2014 0
2014 0
2014 0
2014 0
2014 0
2014 0
2014 0
2014 0
2014 0
2014 0
2014 0
2014 0
2014 0
2014 0
2014 0
2014 0
2014 0
2014 0
2014 0
2014 0
2014 0
2014 0
2014 0
2014 0
2014 0
2014 0
2014 0
2014 0
2014 0
2014 0
2014 0
2014 0
2014 0
2014 0
2014 0
2014 0
2014 0
2014 0
2014 0
2014 0
2014 0
2015 0
2015 0
2015 0
2015 0
2015 0
2015 0
2015 0
2015 0
2015 0
2015 0
2015 0
2015 0
2015 0
2015 0
2015 0
2015 0
2015 0
2015 0
2015 0
2015 0
2015 0
2015 0
2015 0
2015 0
2015 0
2015 0
2015 0
2015 0
2015 0
2015 0
2015 0
2015 0
2015 0
2015 0
2015 0
2015 0
2015 0
2015 0
2015 0
2015 0
2015 7
2015 6
2015 7
2015 0
2015 0
2015 6
2015 0
2015 0
2015 0
2015 0
2015 0
2015 21
2015 14
2015 8
2015 0
2015 0
2015 0
2015 0
2015 0
2015 0
2015 0
2015 0
2015 0
2015 0
2015 28
2015 139
2015 142
2015 132
2015 125
2015 120
2015 158
2015 166
2015 190
2015 180
2015 170
2015 199
2015 218
2015 249
2015 238
2015 224
2015 215
2015 208
2015 202
2015 197
2015 192
2015 188
2015 182
2015 181
2015 192
2015 188
2015 180
2015 183
2015 179
2015 176
2015 181
2015 180
2015 177
2015 177
2015 177
2015 177
2015 176
2015 176
2015 175
2015 175
2015 175
2015 174
2015 182
2015 189
2015 182
2015 180
2015 180
2015 179
2015 177
2015 175
2015 175
2015 175
2015 174
2015 186
2015 194
2015 192
2015 189
2015 187
2015 185
2015 185
2015 187
2015 205
2015 200
2015 198
2015 196
2015 195
2015 191
2015 190
2015 192
2015 189
2015 189
2015 199
2015 196
2015 222
2015 283
2015 271
2015 265
2015 275
2015 280
2015 283
2015 276
2015 271
2015 266
2015 262
2015 260
2015 257
2015 269
2015 280
2015 274
2015 273
2015 271
2015 266
2015 265
2015 275
2015 269
2015 266
2015 262
2015 259
2015 257
2015 256
2015 254
2015 254
2015 265
2015 345
2015 327
2015 317
2015 309
2015 303
2015 298
2015 351
2015 352
2015 338
2015 330
2015 324
2015 318
2015 317
2015 312
2015 311
2015 335
2015 330
2015 326
2015 317
2015 312
2015 309
2015 306
2015 300
2015 297
2015 295
2015 293
2015 291
2015 290
2015 297
2015 323
2015 327
2015 319
2015 312
2015 308
2015 310
2015 318
2015 311
2015 309
2015 314
2015 311
2015 311
2015 308
2015 308
2015 342
2015 337
2015 339
2015 336
2015 333
2015 332
2015 326
2015 324
2015 321
2015 317
2015 314
2015 310
2015 306
2015 302
2015 298
2015 295
2015 291
2015 288
2015 286
2015 283
2015 282
2015 278
2015 273
2015 267
2015 262
2015 256
2015 254
2015 251
2015 253
2015 250
2015 248
2015 244
2015 260
2015 250
2015 245
2015 239
2015 234
2015 226
2015 223
2015 219
2015 215
2015 205
2015 203
2015 199
2015 192
2015 184
2015 229
2015 200
2015 190
2015 184
2015 180
2015 183
2015 184
2015 183
2015 179
2015 174
2015 171
2015 166
2015 160
2015 153
2015 152
2015 143
2015 142
2015 135
2015 123
2015 114
2015 102.5
2015 91
2015 83
2015 70
2015 64
2015 62
2015 54
2015 50
2015 45
2015 39
2015 35
2015 27
2015 25
2015 11
2015 0
2015 0
2015 0
2015 0
2015 0
2015 0
2015 0
2015 0
2015 0
2015 0
2015 0
2015 0
2015 0
2015 0
2015 0
2015 0
2015 0
2015 0
2015 0
2015 0
2015 0
2015 0
2015 0
2015 0
2015 0
2015 0
2015 0
2015 0
2015 0
2015 0
2015 0
2015 0
2015 0
2015 0
2015 0
2015 0
2015 0
2015 0
2015 0
2015 0
2015 0
2015 0
2015 0
2015 0
2015 0
2015 0
2015 0
2015 0
2015 0
2015 0
2015 0
2015 0
2015 0
2015 0
2015 0
2015 0
2015 0
2015 0
2015 0
2015 0
2015 0
2015 0
2015 0
2015 0
2015 0
2015 0
2015 0
2015 0
2015 0
2015 0
2015 0
2015 0
2015 0
2015 0
2015 0
2016 0
2016 0
2016 0
2016 0
2016 0
2016 0
2016 0
2016 0
2016 0
2016 0
2016 0
2016 0
2016 0
2016 0
2016 0
2016 0
2016 0
2016 0
2016 0
2016 0
2016 0
2016 0
2016 0
2016 0
2016 0
2016 0
2016 0
2016 0
2016 0
2016 0
2016 0
2016 0
2016 0
2016 0
2016 0
2016 0
2016 0
2016 0
2016 0
2016 0
2016 0
2016 0
2016 0
2016 0
2016 19
2016 23
2016 13
2016 14
2016 16
2016 14
2016 13
2016 11
2016 7
2016 0
2016 0
2016 0
2016 0
2016 0
2016 10
2016 8
2016 8
2016 8
2016 8
2016 8
2016 7
2016 7
2016 0
2016 0
2016 0
2016 0
2016 0
2016 0
2016 0
2016 0
2016 0
2016 0
2016 0
2016 0
2016 0
2016 0
2016 0
2016 22
2016 22
2016 19
2016 20
2016 23
2016 30
2016 26
2016 24
2016 26
2016 23
2016 22
2016 20
2016 20
2016 21
2016 21
2016 21
2016 21
2016 20
2016 22
2016 20
2016 20
2016 20
2016 20
2016 21
2016 20
2016 22
2016 22
2016 22
2016 21
2016 21
2016 22
2016 22
2016 21
2016 22
2016 21
2016 21
2016 21
2016 21
2016 21
2016 21
2016 22
2016 21
2016 26
2016 26
2016 45
2016 40
2016 38
2016 56
2016 54
2016 52
2016 58
2016 71
2016 88
2016 96
2016 88
2016 87
2016 82
2016 82
2016 79
2016 77
2016 74
2016 72
2016 72
2016 71
2016 71
2016 70
2016 69
2016 68
2016 68
2016 67
2016 67
2016 119
2016 101
2016 98
2016 97
2016 101
2016 106
2016 103
2016 131
2016 134
2016 145
2016 148
2016 140
2016 146
2016 150
2016 153
2016 147
2016 144
2016 141
2016 139
2016 139
2016 143
2016 135
2016 131
2016 136
2016 135
2016 150
2016 145
2016 159
2016 199
2016 187
2016 179
2016 191
2016 189
2016 182
2016 237
2016 218
2016 208
2016 200
2016 195
2016 190
2016 187
2016 182
2016 181
2016 177
2016 176
2016 211
2016 195
2016 187
2016 183
2016 178
2016 175
2016 172
2016 171
2016 169
2016 174
2016 169
2016 168
2016 169
2016 167
2016 165
2016 165
2016 168
2016 163
2016 163
2016 165
2016 172
2016 165
2016 160
2016 185
2016 180
2016 172
2016 169
2016 166
2016 174
2016 167
2016 168
2016 178
2016 182
2016 202
2016 190
2016 185
2016 180
2016 176
2016 173
2016 172
2016 174
2016 173
2016 175
2016 172
2016 169
2016 178
2016 189
2016 179
2016 181
2016 175
2016 171
2016 169
2016 168
2016 168
2016 164
2016 161
2016 158
2016 161
2016 156
2016 151
2016 149
2016 148
2016 143
2016 142
2016 146
2016 138
2016 131
2016 129
2016 153
2016 135
2016 128
2016 121
2016 112
2016 107
2016 102
2016 95
2016 93
2016 85
2016 83
2016 79
2016 73
2016 67
2016 60
2016 53
2016 43
2016 38
2016 29
2016 26
2016 18
2016 10
2016 0
2016 0
2016 0
2016 0
2016 0
2016 0
2016 0
2016 0
2016 0
2016 0
2016 0
2016 0
2016 0
2016 0
2016 0
2016 0
2016 0
2016 0
2016 0
2016 0
2016 0
2016 0
2016 0
2016 0
2016 0
2016 0
2016 0
2016 0
2016 0
2016 0
2016 0
2016 0
2016 0
2016 0
2016 0
2016 0
2016 0
2016 0
2016 0
2016 0
2016 0
2016 0
2016 0
2016 0
2016 0
2016 0
2016 0
2016 0
2016 0
2016 0
2016 0
2016 0
2016 0
2016 0
2016 0
2016 0
2016 0
2016 0
2016 0
2016 0
2016 0
2016 0
2016 0
2016 0
2016 0
2016 0
2016 0
2016 0
2016 0
2016 0
2016 0
2016 0
2016 0
2016 0
2016 0
2016 0
2016 0
2016 0
2016 0
2017 0
2017 0
2017 0
2017 0
2017 0
2017 0
2017 0
2017 0
2017 0
2017 0
2017 0
2017 0
2017 0
2017 0
2017 0
2017 0
2017 0
2017 0
2017 0
2017 0
2017 0
2017 0
2017 0
2017 0
2017 0
2017 0
2017 0
2017 0
2017 0
2017 0
2017 0
2017 0
2017 0
2017 0
2017 0
2017 0
2017 0
2017 0
2017 0
2017 0
2017 0
2017 0
2017 0
2017 11
2017 0
2017 0
2017 0
2017 0
2017 0
2017 0
2017 0
2017 0
2017 0
2017 0
2017 0
2017 0
2017 0
2017 0
2017 0
2017 0
2017 0
2017 0
2017 0
2017 0
2017 0
2017 0
2017 16
2017 15
2017 15
2017 14
2017 38
2017 53
2017 45
2017 40
2017 36
2017 36
2017 32
2017 32
2017 33
2017 41
2017 45
2017 74
2017 82
2017 81
2017 84
2017 85
2017 80
2017 80
2017 78
2017 77
2017 77
2017 76
2017 76
2017 77
2017 76
2017 76
2017 75
2017 74
2017 75
2017 75
2017 75
2017 75
2017 74
2017 74
2017 74
2017 73
2017 73
2017 73
2017 73
2017 103
2017 107
2017 107
2017 104
2017 103
2017 100
2017 99
2017 97
2017 97
2017 96
2017 95
2017 94
2017 94
2017 93
2017 94
2017 94
2017 95
2017 101
2017 99
2017 99
2017 97
2017 98
2017 99
2017 100
2017 98
2017 122
2017 124
2017 120
2017 118
2017 115
2017 114
2017 113
2017 112
2017 111
2017 111
2017 110
2017 109
2017 111
2017 110
2017 111
2017 112
2017 111
2017 113
2017 124
2017 126
2017 128
2017 143
2017 158
2017 157
2017 155
2017 152
2017 152
2017 150
2017 170
2017 166
2017 163
2017 159
2017 156
2017 155
2017 153
2017 153
2017 151
2017 149
2017 148
2017 148
2017 147
2017 146
2017 148
2017 148
2017 147
2017 147
2017 157
2017 161
2017 163
2017 161
2017 204
2017 230
2017 249
2017 234
2017 226
2017 223
2017 217
2017 212
2017 207
2017 204
2017 202
2017 199
2017 194
2017 190
2017 188
2017 184
2017 179
2017 176
2017 194
2017 261
2017 251
2017 238
2017 229
2017 221
2017 215
2017 211
2017 206
2017 203
2017 200
2017 207
2017 203
2017 201
2017 198
2017 195
2017 191
2017 185
2017 182
2017 176
2017 174
2017 169
2017 167
2017 162
2017 162
2017 164
2017 162
2017 164
2017 165
2017 162
2017 161
2017 158
2017 156
2017 154
2017 164
2017 199
2017 216
2017 218
2017 209
2017 203
2017 224
2017 214
2017 214
2017 209
2017 201
2017 202
2017 197
2017 191
2017 186
2017 180
2017 185
2017 180
2017 174
2017 167
2017 162
2017 156
2017 150
2017 146
2017 149
2017 146
2017 140
2017 132
2017 125
2017 118
2017 109
2017 99
2017 93
2017 87
2017 78
2017 69
2017 63
2017 50
2017 42
2017 34
2017 24
2017 22
2017 15
2017 7
2017 0
2017 0
2017 0
2017 0
2017 0
2017 0
2017 0
2017 0
2017 0
2017 0
2017 0
2017 0
2017 0
2017 0
2017 0
2017 0
2017 0
2017 0
2017 0
2017 0
2017 0
2017 0
2017 0
2017 0
2017 0
2017 0
2017 0
2017 0
2017 0
2017 0
2017 0
2017 0
2017 0
2017 0
2017 0
2017 0
2017 0
2017 0
2017 0
2017 0
2017 0
2017 0
2017 0
2017 0
2017 0
2017 0
2017 0
2017 0
2017 0
2017 0
2017 0
2017 0
2017 0
2017 0
2017 0
2017 0
2017 0
2017 0
2017 0
2017 0
2017 0
2017 0
2017 0
2017 0
2017 0
2017 0
2017 0
2017 0
2017 0
2017 0
2017 0
2017 0
2017 0
2017 0
2017 0
2017 0
2017 0
2017 0
2017 0
2017 0
2017 0
2017 0
2017 0
2017 0
2017 0
2018 0
2018 0
2018 0
2018 0
2018 0
2018 0
2018 0
2018 0
2018 0
2018 0
2018 0
2018 0
2018 0
2018 0
2018 0
2018 0
2018 0
2018 0
2018 0
2018 0
2018 0
2018 0
2018 0
2018 0
2018 0
2018 0
2018 0
2018 0
2018 0
2018 0
2018 0
2018 0
2018 0
2018 0
2018 0
2018 0
2018 0
2018 0
2018 0
2018 0
2018 0
2018 0
2018 0
2018 0
2018 0
2018 0
2018 0
2018 0
2018 0
2018 0
2018 0
2018 0
2018 9
2018 0
2018 0
2018 0
2018 0
2018 0
2018 0
2018 0
2018 0
2018 0
2018 0
2018 0
2018 0
2018 45
2018 45
2018 41
2018 51
2018 52
2018 49
2018 48
2018 53
2018 49
2018 45
2018 44
2018 44
2018 43
2018 42
2018 47
2018 43
2018 41
2018 40
2018 41
2018 40
2018 45
2018 50
2018 47
2018 47
2018 46
2018 48
2018 48
2018 50
2018 50
2018 49
2018 48
2018 48
2018 48
2018 64
2018 65
2018 81
2018 105
2018 112
2018 106
2018 116
2018 131
2018 124
2018 120
2018 118
2018 116
2018 112
2018 110
2018 107
2018 104
2018 103
2018 101
2018 102
2018 146
2018 138
2018 133
2018 157
2018 151
2018 146
2018 150
2018 171
2018 201
2018 181
2018 176
2018 190
2018 204
2018 256
2018 258
2018 247
2018 237
2018 230
2018 225
2018 223
2018 233
2018 251
2018 269
2018 270
2018 273
2018 292
2018 307
2018 292
2018 283
2018 277
2018 280
2018 276
2018 273
2018 268
2018 264
2018 262
2018 279
2018 272
2018 267
2018 263
2018 273
2018 270
2018 264
2018 260
2018 259
2018 259
2018 255
2018 256
2018 253
2018 251
2018 269
2018 264
2018 263
2018 261
2018 259
2018 256
2018 254
2018 255
2018 253
2018 251
2018 250
2018 249
2018 246
2018 247
2018 247
2018 251
2018 249
2018 246
2018 246
2018 245
2018 247
2018 245
2018 244
2018 247
2018 272
2018 265
2018 265
2018 264
2018 275
2018 273
2018 290
2018 292
2018 285
2018 281
2018 277
2018 276
2018 274
2018 273
2018 272
2018 270
2018 268
2018 270
2018 273
2018 301
2018 342
2018 330
2018 322
2018 321
2018 329
2018 317
2018 313
2018 309
2018 305
2018 308
2018 323
2018 320
2018 349
2018 350
2018 338
2018 327
2018 315
2018 306
2018 298
2018 291
2018 283
2018 276
2018 265
2018 260
2018 250
2018 244
2018 237
2018 235
2018 230
2018 228
2018 244
2018 250
2018 246
2018 236
2018 229
2018 222
2018 216
2018 210
2018 202
2018 197
2018 192
2018 186
2018 183
2018 181
2018 182
2018 181
2018 174
2018 173
2018 167
2018 165
2018 163
2018 158
2018 158
2018 153
2018 146
2018 141
2018 135
2018 130
2018 125
2018 120
2018 114
2018 87
2018 101
2018 89
2018 82
2018 75
2018 67
2018 60
2018 52
2018 52
2018 42
2018 35
2018 24
2018 16
2018 10
2018 0
2018 0
2018 0
2018 0
2018 0
2018 0
2018 0
2018 0
2018 0
2018 0
2018 0
2018 0
2018 0
2018 0
2018 0
2018 0
2018 0
2018 0
2018 0
2018 0
2018 0
2018 0
2018 0
2018 0
2018 0
2018 0
2018 0
2018 0
2018 0
2018 0
2018 0
2018 0
2018 0
2018 0
2018 0
2018 0
2018 0
2018 0
2018 0
2018 0
2018 0
2018 0
2018 0
2018 0
2018 0
2018 0
2018 0
2018 0
2018 0
2018 0
2018 0
2018 0
2018 0
2018 0
2018 0
2018 0
2018 0
2018 0
2018 0
2018 0
2018 0
2018 0
2018 0
2018 0
2018 0
2018 0
2018 0
2018 0
2018 0
2018 0
2018 0
2018 0
2018 0
2018 0
2018 0
2018 0
2018 0
2018 0
2018 0
2019 0
2019 0
2019 0
2019 0
2019 0
2019 0
2019 0
2019 0
2019 0
2019 0
2019 0
2019 0
2019 0
2019 0
2019 0
2019 0
2019 0
2019 0
2019 0
2019 0
2019 0
2019 0
2019 0
2019 0
2019 0
2019 0
2019 0
2019 0
2019 0
2019 0
2019 0
2019 0
2019 0
2019 0
2019 0
2019 0
2019 0
2019 0
2019 0
2019 0
2019 0
2019 0
2019 0
2019 0
2019 0
2019 0
2019 0
2019 0
2019 0
2019 0
2019 0
2019 0
2019 0
2019 0
2019 0
2019 0
2019 8
2019 69
2019 109
2019 142
2019 147.5
2019 153
2019 158.5
2019 164
2019 146
2019 123
2019 118
2019 128
2019 122
2019 122
2019 125
2019 126
2019 121
2019 120
2019 118
2019 117
2019 117
2019 120
2019 118
2019 145
2019 159
2019 149
2019 143
2019 141
2019 156
2019 153
2019 150
2019 148
2019 146
2019 145
2019 143
2019 142
2019 159
2019 153
2019 167
2019 161
2019 160
2019 158
2019 167
2019 193
2019 212
2019 206
2019 200
2019 196
2019 193
2019 191
2019 213
2019 207
2019 203
2019 200
2019 200
2019 221
2019 214
2019 213
2019 226
2019 212
2019 207
2019 205
2019 204
2019 202
2019 200
2019 199
2019 197
2019 197
2019 197
2019 195
2019 194
2019 195
2019 193
2019 194
2019 204
2019 201
2019 200
2019 199
2019 225
2019 230
2019 232
2019 228
2019 227
2019 226
2019 226
2019 225
2019 222
2019 221
2019 219
2019 217
2019 218
2019 216
2019 218
2019 224
2019 224
2019 227
2019 226
2019 252
2019 258
2019 253
2019 249
2019 247
2019 244
2019 241
2019 241
2019 239
2019 242
2019 252
2019 248
2019 245
2019 243
2019 242
2019 240
2019 240
2019 238
2019 237
2019 236
2019 235
2019 232
2019 231
2019 230
2019 229
2019 227
2019 225
2019 224
2019 230
2019 229
2019 227
2019 235
2019 236
2019 234
2019 253
2019 248
2019 251
2019 246
2019 262
2019 257
2019 257
2019 281
2019 288
2019 278
2019 278
2019 284
2019 280
2019 276
2019 273
2019 270
2019 267
2019 262
2019 262
2019 261
2019 260
2019 258
2019 258
2019 257
2019 255
2019 255
2019 267
2019 314
2019 467
2019 437
2019 419
2019 411
2019 400
2019 386
2019 373
2019 367
2019 361
2019 355
2019 349
2019 343
2019 340
2019 334
2019 329
2019 325
2019 320
2019 317
2019 313
2019 319
2019 338
2019 344
2019 366
2019 360
2019 360
2019 356
2019 351
2019 346
2019 351
2019 344
2019 342
2019 342
2019 341
2019 339
2019 346
2019 342
2019 334
2019 333
2019 334
2019 329
2019 325
2019 323
2019 321
2019 325
2019 325
2019 321
2019 316
2019 312
2019 306
2019 300
2019 296
2019 292
2019 286
2019 284
2019 283
2019 280
2019 274
2019 268
2019 258
2019 251
2019 246
2019 236
2019 229
2019 227
2019 220
2019 209
2019 205
2019 196
2019 194
2019 189
2019 181
2019 173
2019 165
2019 157
2019 146
2019 136
2019 125
2019 119
2019 117
2019 109
2019 97
2019 87
2019 69
2019 53
2019 37
2019 19
2019 9
2019 0
2019 0
2019 0
2019 0
2019 0
2019 0
2019 0
2019 0
2019 0
2019 0
2019 0
2019 0
2019 0
2019 0
2019 0
2019 0
2019 0
2019 0
2019 0
2019 0
2019 0
2019 0
2019 0
2019 0
2019 0
2019 0
2019 0
2019 0
2019 0
2019 0
2019 0
2019 0
2019 0
2019 0
2019 0
2019 0
2019 0
2019 0
2019 0
2019 0
2019 0
2019 0
2019 0
2019 0
2019 0
2019 0
2019 0
2019 0
2019 0
2019 0
2019 0
2019 0
2019 0
2019 0
2019 0
2019 0
2019 0
2019 0
2019 0
2019 0
2019 0
2019 0
2019 0
2020 0
2020 0
2020 0
2020 0
2020 0
2020 0
2020 0
2020 0
2020 0
2020 0
2020 0
2020 0
2020 0
2020 0
2020 0
2020 0
2020 0
2020 0
2020 0
2020 0
2020 0
2020 0
2020 0
2020 0
2020 0
2020 0
2020 0
2020 0
2020 0
2020 0
2020 0
2020 0
2020 0
2020 0
2020 0
2020 0
2020 0
2020 0
2020 0
2020 0
2020 0
2020 0
2020 0
2020 0
2020 0
2020 0
2020 0
2020 0
2020 0
2020 0
2020 0
2020 0
2020 0
2020 0
2020 0
2020 0
2020 0
2020 0
2020 0
2020 0
2020 0
2020 0
2020 0
2020 32
2020 31
2020 34
2020 32
2020 25
2020 44.5
2020 64
2020 58
2020 58
2020 65
2020 61
2020 83
2020 117
2020 126
2020 156
2020 151
2020 150
2020 140
2020 137
2020 175
2020 213
2020 222
2020 198
2020 187
2020 179
2020 181
2020 187
2020 183
2020 184
2020 178
2020 174
2020 170
2020 168
2020 167
2020 166
2020 165
2020 181
2020 179
2020 174
2020 174
2020 188
2020 186
2020 182
2020 184
2020 203
2020 202
2020 213
2020 229.5
2020 246
2020 254
2020 260
2020 259
2020 248
2020 242
2020 241
2020 235
2020 230
2020 228
2020 224
2020 221
2020 219
2020 217
2020 215
2020 212
2020 211
2020 209
2020 207
2020 205
2020 205
2020 203
2020 202
2020 201
2020 201
2020 200
2020 199
2020 198
2020 197
2020 198
2020 197
2020 196
2020 195
2020 195
2020 195
2020 194
2020 193
2020 194
2020 224
2020 256
2020 241
2020 239
2020 235
2020 234
2020 222
2020 226
2020 222
2020 220
2020 220
2020 218
2020 219
2020 217
2020 234
2020 234
2020 230
2020 249
2020 244
2020 240
2020 238
2020 238
2020 244
2020 236
2020 233
2020 230
2020 225
2020 222
2020 222
2020 239
2020 258
2020 256
2020 251
2020 250
2020 272
2020 263
2020 260
2020 267
2020 268
2020 264
2020 260
2020 258
2020 265
2020 246
2020 242
2020 239
2020 238
2020 236
2020 235
2020 233
2020 229
2020 228
2020 225
2020 224
2020 222
2020 221
2020 220
2020 219
2020 219
2020 218
2020 217
2020 216
2020 222
2020 218
2020 216
2020 217
2020 216
2020 214
2020 213
2020 210
2020 209
2020 206
2020 204
2020 202
2020 198
2020 196
2020 193
2020 192
2020 187
2020 186
2020 183
2020 179
2020 176
2020 173
2020 169
2020 162
2020 157
2020 152
2020 149
2020 144
2020 138
2020 135
2020 132
2020 141
2020 138
2020 141
2020 138
2020 132
2020 125
2020 120
2020 115
2020 109
2020 102
2020 100
2020 100
2020 94
2020 91
2020 87
2020 81
2020 80
2020 70
2020 64
2020 55
2020 44
2020 37
2020 31
2020 27
2020 20
2020 14
2020 0
2020 0
2020 0
2020 0
2020 0
2020 0
2020 0
2020 0
2020 0
2020 0
2020 0
2020 0
2020 0
2020 0
2020 0
2020 0
2020 0
2020 0
2020 0
2020 0
2020 0
2020 0
2020 0
2020 0
2020 0
2020 0
2020 0
2020 0
2020 0
2020 0
2020 0
2020 0
2020 0
2020 0
2020 0
2020 0
2020 0
2020 0
2020 0
2020 0
2020 0
2020 0
2020 0
2020 0
2020 0
2020 0
2020 0
2020 0
2020 0
2020 0
2020 0
2020 0
2020 0
2020 0
2020 0
2020 0
2020 0
2020 0
2020 0
2020 0
2020 0
2020 0
2020 0
2020 0
2020 0
2020 0
2020 0
2020 0
2020 0
2020 0
2020 0
2020 0
2020 0
2020 0
2020 0
2020 0
2020 0
2020 0
2020 0
2020 0
2020 0
2020 0
2020 0
2020 0
2020 0
2020 0
2020 0
2020 0
2020 0
2020 0
2020 0
2020 0
2020 0
2020 0
2020 0
2020 0
2020 0
2020 0
