2014 0
2014 0
2014 0
2014 0
2014 0
2014 0
2014 0
2014 0
2014 0
2014 0
2014 0
2014 0
2014 0
2014 0
2014 0
2014 0
2014 0
2014 0
2014 0
2014 0
2014 0
2014 0
2014 0
2014 0
2014 0
2014 0
2014 0
2014 0
2014 0
2014 0
2014 0
2014 0
2014 0
2014 0
2014 0
2014 0
2014 0
2014 0
2014 0
2014 0
2014 0
2014 0
2014 0
2014 0
2014 0
2014 0
2014 0
2014 0
2014 0
2014 0
2014 0
2014 0
2014 0
2014 0
2014 0
2014 0
2014 0
2014 0
2014 0
2014 0
2014 0
2014 0
2014 0
2014 0
2014 0
2014 0
2014 0
2014 0
2014 0
2014 0
2014 0
2014 0
2014 0
2014 0
2014 0
2014 0
2014 0
2014 0
2014 0
2014 0
2014 0
2014 0
2014 0
2014 0
2014 0
2014 0
2014 0
2014 0
2014 0
2014 0
2014 0
2014 0
2014 0
2014 0
2014 0
2014 0
2014 0
2014 0
2014 0
2014 0
2014 0
2014 0
2014 0
2014 0
2014 0
2014 0
2014 0
2014 0
2014 0
2014 0
2014 0
2014 0
2014 0
2014 0
2014 0
2014 0
2014 5.3
2014 6.4
2014 0
2014 0
2014 0
2014 0
2014 0
2014 0
2014 4.5
2014 6.9
2014 5.3
2014 0
2014 0
2014 4.1
2014 4.4
2014 4.9
2014 0
2014 0
2014 0
2014 11.6
2014 18.7
2014 17.2
2014 22.7
2014 24.9
2014 23.1
2014 19.3
2014 18.2
2014 17.8
2014 19.8
2014 22.2
2014 21.8
2014 22.1
2014 21.3
2014 25.3
2014 28.2
2014 32.3
2014 85.7
2014 77.7
2014 65.7
2014 58.1
2014 55.6
2014 62.6
2014 56.9
2014 55.1
2014 61.9
2014 62
2014 61.2
2014 72.5
2014 70.3
2014 67.7
2014 66.9
2014 63.1
2014 61.8
2014 57.9
2014 56.1
2014 55.2
2014 53.6
2014 49
2014 48.3
2014 48.4
2014 46.2
2014 45.9
2014 46.3
2014 43.6
2014 43.4
2014 41
2014 48.4
2014 46.5
2014 44.6
2014 42
2014 41
2014 39.3
2014 36.3
2014 31.4
2014 27
2014 23
2014 20.4
2014 19.3
2014 14.9
2014 10.7
2014 6.4
2014 0
2014 0
2014 0
2014 0
2014 0
2014 0
2014 0
2014 0
2014 0
2014 0
2014 0
2014 0
2014 0
2014 0
2014 0
2014 0
2014 0
2014 0
2014 0
2014 0
2014 0
2014 0
2014 0
2014 0
2014 0
2014 0
2014 0
2014 0
2014 0
2014 0
2014 0
2014 0
2014 0
2014 0
2014 0
2014 0
2014 0
2014 0
2014 0
2014 0
2014 0
2014 0
2014 0
2014 0
2014 0
2014 0
2014 0
2014 0
2014 0
2014 0
2014 0
2014 0
2014 0
2014 0
2014 0
2014 0
2014 0
2014 0
2014 0
2014 0
2014 0
2014 0
2014 0
2014 0
2014 0
2014 0
2014 0
2014 0
2014 0
2014 0
2014 0
2014 0
2014 0
2014 0
2014 0
2014 0
2014 0
2014 0
2014 0
2014 0
2014 0
2014 0
2014 0
2014 0
2014 0
2014 0
2014 0
2014 0
2014 0
2014 0
2014 0
2014 0
2014 0
2014 0
2014 0
2014 0
2014 0
2014 0
2014 0
2014 0
2014 0
2014 0
2014 0
2014 0
2014 0
2014 0
2014 0
2014 0
2014 0
2014 0
2014 0
2014 0
2014 0
2014 0
2014 0
2014 0
2014 0
2014 0
2014 0
2014 0
2014 0
2014 0
2014 0
2014 0
2014 0
2014 0
2014 0
2014 0
2014 0
2014 0
2014 0
2014 0
2014 0
2014 0
2014 0
2014 0
2014 0
2014 0
2014 0
2014 0
2014 0
2014 0
2014 0
2014 0
2014 0
2014 0
2014 0
2014 0
2014 0
2014 0
2014 0
2014 0
2014 0
2014 0
2014 0
2014 0
2014 0
2014 0
2014 0
2014 0
2014 0
2014 0
2014 0
2014 0
2014 0
2014 0
2014 0
2014 0
2015 0
2015 0
2015 0
2015 0
2015 0
2015 0
2015 0
2015 0
2015 0
2015 0
2015 0
2015 0
2015 0
2015 0
2015 0
2015 0
2015 0
2015 0
2015 0
2015 0
2015 0
2015 0
2015 0
2015 0
2015 0
2015 0
2015 0
2015 0
2015 0
2015 0
2015 0
2015 0
2015 0
2015 0
2015 0
2015 0
2015 0
2015 0
2015 0
2015 0
2015 0
2015 0
2015 0
2015 0
2015 0
2015 0
2015 0
2015 0
2015 0
2015 0
2015 0
2015 0
2015 0
2015 0
2015 0
2015 0
2015 0
2015 0
2015 0
2015 0
2015 0
2015 0
2015 0
2015 0
2015 0
2015 0
2015 0
2015 0
2015 0
2015 0
2015 0
2015 0
2015 0
2015 0
2015 0
2015 0
2015 0
2015 0
2015 0
2015 0
2015 0
2015 0
2015 0
2015 0
2015 0
2015 0
2015 0
2015 0
2015 0
2015 0
2015 0
2015 0
2015 0
2015 0
2015 0
2015 0
2015 0
2015 0
2015 0
2015 6.4
2015 7.8
2015 8.1
2015 6.3
2015 5.4
2015 0
2015 0
2015 0
2015 0
2015 0
2015 0
2015 0
2015 0
2015 0
2015 0
2015 0
2015 0
2015 0
2015 0
2015 4.1
2015 0
2015 0
2015 4.9
2015 0
2015 0
2015 0
2015 0
2015 0
2015 0
2015 0
2015 0
2015 0
2015 0
2015 0
2015 0
2015 0
2015 0
2015 0
2015 0
2015 6.8
2015 7.7
2015 5.8
2015 6.2
2015 7.7
2015 17.4
2015 15.3
2015 15
2015 14.2
2015 14.3
2015 15.1
2015 14.9
2015 15.6
2015 18.7
2015 21.5
2015 20.2
2015 19.3
2015 18.2
2015 17.5
2015 26.3
2015 53.6
2015 48.2
2015 45.2
2015 45
2015 40.7
2015 38.4
2015 38.5
2015 37.3
2015 32.4
2015 36
2015 36.1
2015 35.5
2015 33.2
2015 31.2
2015 30.8
2015 29.7
2015 37.1
2015 37.8
2015 33.8
2015 30.9
2015 26.5
2015 26.7
2015 23.8
2015 19.3
2015 18.3
2015 16.9
2015 15.4
2015 14.2
2015 12.4
2015 10
2015 8.8
2015 7.2
2015 0
2015 0
2015 0
2015 0
2015 0
2015 0
2015 0
2015 0
2015 0
2015 0
2015 0
2015 0
2015 0
2015 0
2015 0
2015 0
2015 0
2015 0
2015 0
2015 0
2015 0
2015 0
2015 0
2015 0
2015 0
2015 0
2015 0
2015 0
2015 0
2015 0
2015 0
2015 0
2015 0
2015 0
2015 0
2015 0
2015 0
2015 0
2015 0
2015 0
2015 0
2015 0
2015 0
2015 0
2015 0
2015 0
2015 0
2015 0
2015 0
2015 0
2015 0
2015 0
2015 0
2015 0
2015 0
2015 0
2015 0
2015 0
2015 0
2015 0
2015 0
2015 0
2015 0
2015 0
2015 0
2015 0
2015 0
2015 0
2015 0
2015 0
2015 0
2015 0
2015 0
2015 0
2015 0
2015 0
2015 0
2015 0
2015 0
2015 0
2015 0
2015 0
2015 0
2015 0
2015 0
2015 0
2015 0
2015 0
2015 0
2015 0
2015 0
2015 0
2015 0
2015 0
2015 0
2015 0
2015 0
2015 0
2015 0
2015 0
2015 0
2015 0
2015 0
2015 0
2015 0
2015 0
2015 0
2015 0
2015 0
2015 0
2015 0
2015 0
2015 0
2015 0
2015 0
2015 0
2015 0
2015 0
2015 0
2015 0
2015 0
2015 0
2015 0
2015 0
2015 0
2015 0
2015 0
2015 0
2015 0
2015 0
2015 0
2015 0
2015 0
2015 0
2015 0
2015 0
2015 0
2015 0
2015 0
2015 0
2015 0
2015 0
2015 0
2015 0
2015 0
2015 0
2015 0
2015 0
2015 0
2015 0
2015 0
2015 0
2015 0
2015 0
2015 0
2015 0
2015 0
2015 0
2015 0
2015 0
2015 0
2015 0
2015 0
2015 0
2015 0
2015 0
2015 0
2015 0
2015 0
2015 0
2015 0
2015 0
2015 0
2015 0
2015 0
2018 0
2018 0
2018 0
2018 0
2018 0
2018 0
2018 0
2018 0
2018 0
2018 0
2018 0
2018 0
2018 0
2018 0
2018 0
2018 0
2018 0
2018 0
2018 0
2018 0
2018 0
2018 0
2018 0
2018 0
2018 0
2018 0
2018 0
2018 0
2018 0
2018 0
2018 0
2018 0
2018 0
2018 0
2018 0
2018 0
2018 0
2018 0
2018 0
2018 0
2018 0
2018 0
2018 0
2018 0
2018 0
2018 0
2018 0
2018 0
2018 0
2018 0
2018 0
2018 0
2018 0
2018 0
2018 0
2018 0
2018 0
2018 0
2018 0
2018 0
2018 0
2018 0
2018 0
2018 0
2018 0
2018 0
2018 0
2018 0
2018 0
2018 0
2018 0
2018 0
2018 0
2018 0
2018 0
2018 0
2018 0
2018 0
2018 0
2018 0
2018 0
2018 0
2018 0
2018 0
2018 0
2018 0
2018 0
2018 0
2018 0
2018 0
2018 0
2018 6
2018 5.1
2018 0
2018 0
2018 4.2
2018 0
2018 0
2018 0
2018 4.2
2018 5.4
2018 19.9
2018 9.9
2018 9.8
2018 9.5
2018 9.7
2018 8.8
2018 8.9
2018 9.1
2018 8.9
2018 8.6
2018 8.6
2018 7.9
2018 7.1
2018 6.9
2018 6.8
2018 8.3
2018 21.6
2018 46.5
2018 42.8
2018 40.8
2018 40.4
2018 44
2018 43.5
2018 42.8
2018 41
2018 41.6
2018 43.3
2018 41
2018 38.1
2018 33.7
2018 32.8
2018 32.4
2018 30.6
2018 29.8
2018 30.8
2018 30.7
2018 30.1
2018 30.9
2018 30.2
2018 31
2018 31.1
2018 31
2018 32.3
2018 32.1
2018 31.4
2018 31.4
2018 32
2018 31.6
2018 31.6
2018 31.1
2018 32.2
2018 33.2
2018 34.3
2018 40.1
2018 39.3
2018 38.5
2018 38
2018 37.4
2018 35.2
2018 35.8
2018 38
2018 38.2
2018 37
2018 37.6
2018 36.6
2018 35.1
2018 34.1
2018 34.8
2018 36.7
2018 36.3
2018 37.9
2018 37.4
2018 34.7
2018 32.9
2018 33.6
2018 34.6
2018 32.7
2018 32.8
2018 34.3
2018 34.2
2018 32.5
2018 33.7
2018 38.9
2018 37.1
2018 37.2
2018 37
2018 36.6
2018 33.1
2018 30.5
2018 29.7
2018 27.5
2018 24.5
2018 22.5
2018 19.3
2018 17.3
2018 15.7
2018 12
2018 12
2018 11.7
2018 12.1
2018 9.4
2018 10
2018 5.5
2018 0
2018 0
2018 0
2018 0
2018 0
2018 0
2018 0
2018 0
2018 0
2018 0
2018 0
2018 0
2018 0
2018 0
2018 0
2018 0
2018 0
2018 0
2018 0
2018 0
2018 0
2018 0
2018 0
2018 0
2018 0
2018 0
2018 0
2018 0
2018 0
2018 0
2018 0
2018 0
2018 0
2018 0
2018 0
2018 0
2018 0
2018 0
2018 0
2018 0
2018 0
2018 0
2018 0
2018 0
2018 0
2018 0
2018 0
2018 0
2018 0
2018 0
2018 0
2018 0
2018 0
2018 0
2018 0
2018 0
2018 0
2018 0
2018 0
2018 0
2018 0
2018 0
2018 0
2018 0
2018 0
2018 0
2018 0
2018 0
2018 0
2018 0
2018 0
2018 0
2018 0
2018 0
2018 0
2018 0
2018 0
2018 0
2018 0
2018 0
2018 0
2018 0
2018 0
2018 0
2018 0
2018 0
2018 0
2018 0
2018 0
2018 0
2018 0
2018 0
2018 0
2018 0
2018 0
2018 0
2018 0
2018 0
2018 0
2018 0
2018 0
2018 0
2018 0
2018 0
2018 0
2018 0
2018 0
2018 0
2018 0
2018 0
2018 0
2018 0
2018 0
2018 0
2018 0
2018 0
2018 0
2018 0
2018 0
2018 0
2018 0
2018 0
2018 0
2018 0
2018 0
2018 0
2018 0
2018 0
2018 0
2018 0
2018 0
2018 0
2018 0
2018 0
2018 0
2018 0
2018 0
2018 0
2018 0
2018 0
2018 0
2018 0
2018 0
2018 0
2018 0
2018 0
2018 0
2018 0
2018 0
2018 0
2018 0
2018 0
2018 0
2018 0
2018 0
2018 0
2018 0
2018 0
2018 0
2018 0
2018 0
2019 0
2019 0
2019 0
2019 0
2019 0
2019 0
2019 0
2019 0
2019 0
2019 0
2019 0
2019 0
2019 0
2019 0
2019 0
2019 0
2019 0
2019 0
2019 0
2019 0
2019 0
2019 0
2019 0
2019 0
2019 0
2019 0
2019 0
2019 0
2019 0
2019 0
2019 0
2019 0
2019 0
2019 0
2019 0
2019 0
2019 0
2019 0
2019 0
2019 0
2019 0
2019 0
2019 0
2019 0
2019 0
2019 0
2019 0
2019 0
2019 0
2019 0
2019 0
2019 0
2019 0
2019 0
2019 0
2019 0
2019 0
2019 0
2019 0
2019 0
2019 0
2019 0
2019 0
2019 0
2019 0
2019 0
2019 0
2019 0
2019 0
2019 0
2019 0
2019 0
2019 0
2019 0
2019 0
2019 0
2019 0
2019 0
2019 0
2019 0
2019 0
2019 0
2019 0
2019 0
2019 0
2019 0
2019 0
2019 0
2019 0
2019 0
2019 0
2019 0
2019 0
2019 0
2019 0
2019 0
2019 0
2019 0
2019 0
2019 0
2019 0
2019 0
2019 0
2019 0
2019 0
2019 0
2019 0
2019 0
2019 0
2019 0
2019 0
2019 0
2019 0
2019 0
2019 0
2019 0
2019 0
2019 0
2019 0
2019 0
2019 0
2019 0
2019 0
2019 0
2019 0
2019 0
2019 0
2019 0
2019 0
2019 0
2019 0
2019 0
2019 0
2019 0
2019 0
2019 0
2019 0
2019 0
2019 0
2019 0
2019 0
2019 0
2019 0
2019 0
2019 0
2019 0
2019 0
2019 0
2019 0
2019 12.2
2019 7
2019 6.2
2019 4.1
2019 19.3
2019 12.3
2019 12.7
2019 13.7
2019 11.5
2019 11.6
2019 12.4
2019 11
2019 10.7
2019 12.1
2019 13
2019 10.6
2019 8
2019 6.3
2019 7
2019 8.3
2019 7.6
2019 7.4
2019 7.8
2019 7.6
2019 7
2019 8.3
2019 7.3
2019 6.7
2019 6.8
2019 6.7
2019 6.2
2019 0
2019 0
2019 0
2019 0
2019 0
2019 0
2019 0
2019 0
2019 0
2019 0
2019 0
2019 0
2019 0
2019 0
2019 0
2019 0
2019 0
2019 0
2019 0
2019 0
2019 0
2019 0
2019 0
2019 0
2019 0
2019 0
2019 0
2019 0
2019 0
2019 0
2019 0
2019 0
2019 0
2019 0
2019 0
2019 0
2019 0
2019 0
2019 0
2019 0
2019 0
2019 0
2019 0
2019 0
2019 0
2019 0
2019 0
2019 0
2019 0
2019 0
2019 0
2019 0
2019 0
2019 0
2019 0
2019 0
2019 0
2019 0
2019 0
2019 0
2019 0
2019 0
2019 0
2019 0
2019 0
2019 0
2019 0
2019 0
2019 0
2019 0
2019 0
2019 0
2019 0
2019 0
2019 0
2019 0
2019 0
2019 0
2019 0
2019 0
2019 0
2019 0
2019 0
2019 0
2019 0
2019 0
2019 0
2019 0
2019 0
2019 0
2019 0
2019 0
2019 0
2019 0
2019 0
2019 0
2019 0
2019 0
2019 0
2019 0
2019 0
2019 0
2019 0
2019 0
2019 0
2019 0
2019 0
2019 0
2019 0
2019 0
2019 0
2019 0
2019 0
2019 0
2019 0
2019 0
2019 0
2019 0
2019 0
2019 0
2019 0
2019 0
2019 0
2019 0
2019 0
2019 0
2019 0
2019 0
2019 0
2019 0
2019 0
2019 0
2019 0
2019 0
2019 0
2019 0
2019 0
2019 0
2019 0
2019 0
2019 0
2019 0
2019 0
2019 0
2019 0
2019 0
2019 0
2019 0
2019 0
2019 0
2019 0
2019 0
2019 0
2019 0
2019 0
2019 0
2019 0
2019 0
2019 0
2019 0
2019 0
2019 0
2019 0
2019 0
2019 0
2019 0
2019 0
2019 0
2019 0
2019 0
2019 0
2019 0
2019 0
2019 0
2019 0
2019 0
2019 0
2019 0
2019 0
2019 0
2019 0
2019 0
2019 0
2019 0
2019 0
2020 0
2020 0
2020 0
2020 0
2020 0
2020 0
2020 0
2020 0
2020 0
2020 0
2020 0
2020 0
2020 0
2020 0
2020 0
2020 0
2020 0
2020 0
2020 0
2020 0
2020 0
2020 0
2020 0
2020 0
2020 0
2020 0
2020 0
2020 0
2020 0
2020 0
2020 0
2020 0
2020 0
2020 0
2020 0
2020 0
2020 0
2020 0
2020 0
2020 0
2020 0
2020 0
2020 0
2020 0
2020 0
2020 0
2020 0
2020 0
2020 0
2020 0
2020 0
2020 0
2020 0
2020 0
2020 0
2020 0
2020 0
2020 0
2020 0
2020 0
2020 0
2020 0
2020 0
2020 0
2020 0
2020 0
2020 0
2020 0
2020 0
2020 0
2020 0
2020 0
2020 0
2020 0
2020 0
2020 0
2020 0
2020 0
2020 0
2020 0
2020 0
2020 0
2020 0
2020 0
2020 0
2020 0
2020 0
2020 0
2020 0
2020 0
2020 0
2020 0
2020 0
2020 0
2020 0
2020 0
2020 0
2020 0
2020 0
2020 0
2020 0
2020 0
2020 0
2020 0
2020 0
2020 0
2020 0
2020 0
2020 0
2020 0
2020 0
2020 0
2020 0
2020 0
2020 0
2020 0
2020 0
2020 0
2020 0
2020 0
2020 0
2020 0
2020 0
2020 0
2020 0
2020 0
2020 0
2020 0
2020 0
2020 0
2020 0
2020 0
2020 0
2020 0
2020 0
2020 0
2020 0
2020 0
2020 0
2020 0
2020 0
2020 0
2020 0
2020 0
2020 0
2020 0
2020 0
2020 0
2020 0
2020 0
2020 0
2020 0
2020 0
2020 0
2020 0
2020 0
2020 0
2020 0
2020 0
2020 0
2020 0
2020 0
2020 0
2020 0
2020 0
2020 0
2020 0
2020 0
2020 0
2020 0
2020 0
2020 0
2020 0
2020 0
2020 0
2020 0
2020 0
2020 0
2020 0
2020 0
2020 0
2020 0
2020 0
2020 0
2020 6.8
2020 0
2020 0
2020 4.1
2020 0
2020 0
2020 0
2020 0
2020 0
2020 0
2020 0
2020 0
2020 0
2020 0
2020 0
2020 0
2020 0
2020 0
2020 0
2020 0
2020 0
2020 0
2020 0
2020 0
2020 0
2020 0
2020 0
2020 0
2020 0
2020 0
2020 0
2020 0
2020 0
2020 0
2020 0
2020 0
2020 0
2020 0
2020 0
2020 0
2020 0
2020 0
2020 0
2020 0
2020 0
2020 0
2020 0
2020 0
2020 0
2020 0
2020 0
2020 0
2020 0
2020 0
2020 0
2020 0
2020 0
2020 0
2020 0
2020 0
2020 0
2020 0
2020 0
2020 0
2020 0
2020 0
2020 0
2020 0
2020 0
2020 0
2020 0
2020 0
2020 0
2020 0
2020 0
2020 0
2020 0
2020 0
2020 0
2020 0
2020 0
2020 0
2020 0
2020 0
2020 0
2020 0
2020 0
2020 0
2020 0
2020 0
2020 0
2020 0
2020 0
2020 0
2020 0
2020 0
2020 0
2020 0
2020 0
2020 0
2020 0
2020 0
2020 0
2020 0
2020 0
2020 0
2020 0
2020 0
2020 0
2020 0
2020 0
2020 0
2020 0
2020 0
2020 0
2020 0
2020 0
2020 0
2020 0
2020 0
2020 0
2020 0
2020 0
2020 0
2020 0
2020 0
2020 0
2020 0
2020 0
2020 0
2020 0
2020 0
2020 0
2020 0
2020 0
2020 0
2020 0
2020 0
2020 0
2020 0
2020 0
2020 0
2020 0
2020 0
2020 0
2020 0
2020 0
2020 0
2020 0
2020 0
2020 0
2020 0
2020 0
2020 0
2020 0
2020 0
2020 0
2020 0
2020 0
2020 0
2020 0
2020 0
2020 0
2020 0
2020 0
2020 0
2020 0
2020 0
2020 0
2020 0
2020 0
2020 0
2020 0
2020 0
2020 0
2020 0
2020 0
2020 0
2020 0
2020 0
2020 0
2020 0
2021 0
2021 0
2021 0
2021 0
2021 0
2021 0
2021 0
2021 0
2021 0
2021 0
2021 0
2021 0
2021 0
2021 0
2021 0
2021 0
2021 0
2021 0
2021 0
2021 0
2021 0
2021 0
2021 0
2021 0
2021 0
2021 0
2021 0
2021 0
2021 0
2021 0
2021 0
2021 0
2021 0
2021 0
2021 0
2021 0
2021 0
2021 0
2021 0
2021 0
2021 0
2021 0
2021 0
2021 0
2021 0
2021 0
2021 0
2021 0
2021 0
2021 0
2021 0
2021 0
2021 0
2021 0
2021 0
2021 0
2021 0
2021 0
2021 0
2021 0
2021 0
2021 0
2021 0
2021 0
2021 0
2021 0
2021 0
2021 0
2021 0
2021 0
2021 0
2021 0
2021 0
2021 0
2021 0
2021 0
2021 0
2021 0
2021 0
2021 0
2021 0
2021 0
2021 0
2021 0
2021 0
2021 0
2021 0
2021 0
2021 0
2021 0
2021 0
2021 0
2021 0
2021 4.3
2021 9.1
2021 22.9
2021 11.7
2021 9.8
2021 13.3
2021 18.5
2021 19.1
2021 18.3
2021 17.6
2021 17.2
2021 17.3
2021 17.8
2021 16.2
2021 13.9
2021 13.7
2021 14.2
2021 15
2021 15.6
2021 15.7
2021 16.5
2021 15.8
2021 15.6
2021 14.6
2021 14.5
2021 38.9
2021 54.7
2021 50.8
2021 49.1
2021 53.7
2021 75.8
2021 77.2
2021 73.8
2021 71.2
2021 66.1
2021 63.7
2021 64.6
2021 63.3
2021 64.7
2021 63.6
2021 64.3
2021 64.7
2021 63.5
2021 65.6
2021 63
2021 63.6
2021 62.2
2021 61.1
2021 61.8
2021 64.5
2021 66.8
2021 72.5
2021 71.5
2021 66
2021 67.2
2021 67.2
2021 67.7
2021 68.1
2021 68.2
2021 69.6
2021 68.5
2021 66.9
2021 67.4
2021 66.5
2021 65.4
2021 64.6
2021 64.3
2021 61.2
2021 59.4
2021 62.7
2021 64.6
2021 63.5
2021 62.8
2021 61.7
2021 61.4
2021 61.4
2021 60.9
2021 59.7
2021 58.3
2021 57.3
2021 56.8
2021 55.7
2021 54.6
2021 54.1
2021 52.5
2021 51.2
2021 49.8
2021 48
2021 44.9
2021 43.4
2021 43.8
2021 42
2021 39.4
2021 36.5
2021 32.8
2021 30.7
2021 30.1
2021 28.6
2021 26.9
2021 25.6
2021 21.7
2021 18.7
2021 15.3
2021 14.5
2021 12.5
2021 12.2
2021 9.1
2021 8.7
2021 9.4
2021 7.4
2021 5.1
2021 0
2021 0
2021 0
2021 0
2021 0
2021 0
2021 0
2021 0
2021 0
2021 0
2021 0
2021 0
2021 0
2021 0
2021 0
2021 0
2021 0
2021 0
2021 0
2021 0
2021 0
2021 0
2021 0
2021 0
2021 0
2021 0
2021 0
2021 0
2021 0
2021 0
2021 0
2021 0
2021 0
2021 0
2021 0
2021 0
2021 0
2021 0
2021 0
2021 0
2021 0
2021 0
2021 0
2021 0
2021 0
2021 0
2021 0
2021 0
2021 0
2021 0
2021 0
2021 0
2021 0
2021 0
2021 0
2021 0
2021 0
2021 0
2021 0
2021 0
2021 0
2021 0
2021 0
2021 0
2021 0
2021 0
2021 0
2021 0
2021 0
2021 0
2021 0
2021 0
2021 0
2021 0
2021 0
2021 0
2021 0
2021 0
2021 0
2021 0
2021 0
2021 0
2021 0
2021 0
2021 0
2021 0
2021 0
2021 0
2021 0
2021 0
2021 0
2021 0
2021 0
2021 0
2021 0
2021 0
2021 0
2021 0
2021 0
2021 0
2021 0
2021 0
2021 0
2021 0
2021 0
2021 0
2021 0
2021 0
2021 0
2021 0
2021 0
2021 0
2021 0
2021 0
2021 0
2021 0
2021 0
2021 0
2021 0
2021 0
2021 0
2021 0
2021 0
2021 0
2021 0
2021 0
2021 0
2021 0
2021 0
2021 0
2021 0
2021 0
2021 0
2021 0
2021 0
2021 0
2021 0
2021 0
2021 0
2021 0
2021 0
2021 0
2021 0
2021 0
2021 0
2021 0
2021 0
2021 0
2021 0
2021 0
2021 0
2021 0
2021 0
2021 0
2021 0
2021 0
2021 0
2021 0
2021 0
2021 0
2021 0
2022 0
2022 0
2022 0
2022 0
2022 0
2022 0
2022 0
2022 0
2022 0
2022 0
2022 0
2022 0
2022 0
2022 0
2022 0
2022 0
2022 0
2022 0
2022 0
2022 0
2022 0
2022 0
2022 0
2022 0
2022 0
2022 0
2022 0
2022 0
2022 0
2022 0
2022 0
2022 0
2022 0
2022 0
2022 0
2022 0
2022 0
2022 0
2022 0
2022 0
2022 0
2022 0
2022 0
2022 0
2022 0
2022 0
2022 0
2022 0
2022 0
2022 0
2022 0
2022 0
2022 0
2022 0
2022 0
2022 0
2022 0
2022 0
2022 0
2022 0
2022 0
2022 0
2022 0
2022 0
2022 0
2022 0
2022 0
2022 0
2022 0
2022 0
2022 0
2022 0
2022 0
2022 0
2022 0
2022 0
2022 0
2022 0
2022 0
2022 0
2022 0
2022 0
2022 0
2022 0
2022 0
2022 0
2022 0
2022 0
2022 0
2022 0
2022 0
2022 0
2022 0
2022 0
2022 0
2022 0
2022 0
2022 0
2022 5.8
2022 14.6
2022 11.9
2022 12.6
2022 11.4
2022 10.9
2022 9.4
2022 8.7
2022 7.1
2022 5.5
2022 7
2022 6
2022 6.3
2022 6.4
2022 5.7
2022 5.5
2022 5.4
2022 5.2
2022 4.5
2022 0
2022 0
2022 6
2022 6.2
2022 0
2022 0
2022 0
2022 0
2022 0
2022 0
2022 0
2022 0
2022 0
2022 0
2022 0
2022 0
2022 0
2022 0
2022 0
2022 0
2022 0
2022 0
2022 0
2022 0
2022 0
2022 0
2022 0
2022 0
2022 0
2022 0
2022 0
2022 0
2022 0
2022 0
2022 0
2022 0
2022 0
2022 0
2022 0
2022 0
2022 0
2022 0
2022 0
2022 0
2022 0
2022 0
2022 0
2022 0
2022 0
2022 0
2022 5.4
2022 5.8
2022 0
2022 0
2022 0
2022 0
2022 0
2022 0
2022 0
2022 0
2022 0
2022 0
2022 0
2022 0
2022 0
2022 0
2022 0
2022 0
2022 0
2022 0
2022 0
2022 0
2022 0
2022 0
2022 0
2022 0
2022 0
2022 0
2022 0
2022 0
2022 0
2022 0
2022 0
2022 0
2022 0
2022 0
2022 0
2022 0
2022 0
2022 0
2022 0
2022 0
2022 0
2022 0
2022 0
2022 0
2022 0
2022 0
2022 0
2022 0
2022 0
2022 0
2022 0
2022 0
2022 0
2022 0
2022 0
2022 0
2022 0
2022 0
2022 0
2022 0
2022 0
2022 0
2022 0
2022 0
2022 0
2022 0
2022 0
2022 0
2022 0
2022 0
2022 0
2022 0
2022 0
2022 0
2022 0
2022 0
2022 0
2022 0
2022 0
2022 0
2022 0
2022 0
2022 0
2022 0
2022 0
2022 0
2022 0
2022 0
2022 0
2022 0
2022 0
2022 0
2022 0
2022 0
2022 0
2022 0
2022 0
2022 0
2022 0
2022 0
2022 0
2022 0
2022 0
2022 0
2022 0
2022 0
2022 0
2022 0
2022 0
2022 0
2022 0
2022 0
2022 0
2022 0
2022 0
2022 0
2022 0
2022 0
2022 0
2022 0
2022 0
2022 0
2022 0
2022 0
2022 0
2022 0
2022 0
2022 0
2022 0
2022 0
2022 0
2022 0
2022 0
2022 0
2022 0
2022 0
2022 0
2022 0
2022 0
2022 0
2022 0
2022 0
2022 0
2022 0
2022 0
2022 0
2022 0
2022 0
2022 0
2022 0
2022 0
2022 0
2022 0
2022 0
2022 0
2022 0
2022 0
2022 0
2022 0
2022 0
2022 0
2022 0
2022 0
2022 0
2022 0
2022 0
2022 0
2022 0
2022 0
2022 0
2022 0
2022 0
2022 0
2022 0
2022 0
2022 0
2022 0
2022 0
2022 0
2022 0
2022 0
2022 0
2022 0
2022 0
2022 0
2022 0
2022 0
2022 0
2022 0
2022 0
2022 0
2022 0
2022 0
2022 0
2022 0
2022 0
2023 0
2023 0
2023 0
2023 0
2023 0
2023 0
2023 0
2023 0
2023 0
2023 0
2023 0
2023 0
2023 0
2023 0
2023 0
2023 0
2023 0
2023 0
2023 0
2023 0
2023 0
2023 0
2023 0
2023 0
2023 0
2023 0
2023 0
2023 0
2023 0
2023 0
2023 0
2023 0
2023 0
2023 0
2023 0
2023 0
2023 0
2023 0
2023 0
2023 0
2023 0
2023 0
2023 0
2023 0
2023 0
2023 0
2023 0
2023 0
2023 0
2023 0
2023 0
2023 0
2023 0
2023 0
2023 0
2023 0
2023 0
2023 0
2023 0
2023 0
2023 0
2023 0
2023 0
2023 0
2023 0
2023 0
2023 0
2023 0
2023 0
2023 0
2023 0
2023 0
2023 0
2023 0
2023 0
2023 0
2023 0
2023 0
2023 0
2023 0
2023 0
2023 0
2023 0
2023 0
2023 0
2023 0
2023 0
2023 0
2023 0
2023 0
2023 0
2023 0
2023 0
2023 0
2023 0
2023 0
2023 0
2023 0
2023 0
2023 0
2023 0
2023 0
2023 0
2023 0
2023 0
2023 0
2023 6
2023 0
2023 0
2023 0
2023 0
2023 0
2023 0
2023 0
2023 0
2023 0
2023 0
2023 0
2023 0
2023 0
2023 0
2023 0
2023 0
2023 0
2023 0
2023 0
2023 0
2023 0
2023 0
2023 0
2023 0
2023 0
2023 0
2023 0
2023 0
2023 0
2023 0
2023 0
2023 0
2023 0
2023 0
2023 4.3
2023 5.9
2023 5
2023 6.4
2023 8.4
2023 7.3
2023 7.4
2023 7.8
2023 7.6
2023 7.1
2023 6.7
2023 7.1
2023 6
2023 6.5
2023 5
2023 0
2023 0
2023 0
2023 0
2023 0
2023 0
2023 0
2023 0
2023 0
2023 0
2023 0
2023 0
2023 0
2023 0
2023 0
2023 0
2023 0
2023 0
2023 0
2023 0
2023 0
2023 0
2023 0
2023 0
2023 0
2023 0
2023 0
2023 0
2023 0
2023 0
2023 0
2023 0
2023 0
2023 0
2023 0
2023 0
2023 0
2023 0
2023 0
2023 0
2023 0
2023 0
2023 0
2023 0
2023 0
2023 0
2023 0
2023 0
2023 0
2023 0
2023 0
2023 0
2023 0
2023 0
2023 0
2023 0
2023 0
2023 0
2023 0
2023 0
2023 0
2023 0
2023 0
2023 0
2023 0
2023 0
2023 0
2023 0
2023 0
2023 0
2023 0
2023 0
2023 0
2023 0
2023 0
2023 0
2023 0
2023 0
2023 0
2023 0
2023 0
2023 0
2023 0
2023 0
2023 0
2023 0
2023 0
2023 0
2023 0
2023 0
2023 0
2023 0
2023 0
2023 0
2023 0
2023 0
2023 0
2023 0
2023 0
2023 0
2023 0
2023 0
2023 0
2023 0
2023 0
2023 0
2023 0
2023 0
2023 0
2023 0
2023 0
2023 0
2023 0
2023 0
2023 0
2023 0
2023 0
2023 0
2023 0
2023 0
2023 0
2023 0
2023 0
2023 0
2023 0
2023 0
2023 0
2023 0
2023 0
2023 0
2023 0
2023 0
2023 0
2023 0
2023 0
2023 0
2023 0
2023 0
2023 0
2023 0
2023 0
2023 0
2023 0
2023 0
2023 0
2023 0
2023 0
2023 0
2023 0
2023 0
2023 0
2023 0
2023 0
2023 0
2023 0
2023 0
2023 0
2023 0
2023 0
2023 0
2023 0
2023 0
2023 0
2023 0
2023 0
2023 0
2023 0
2023 0
2023 0
2023 0
2023 0
2023 0
2023 0
2023 0
2023 0
2023 0
2023 0
2023 0
2023 0
2023 0
2023 0
2023 0
2023 0
2023 0
2023 0
2023 0
2023 0
2023 0
2023 0
2023 0
2023 0
2023 0
2023 0
2023 0
2023 0
2023 0
2023 0
2023 0
2023 0
2023 0
2023 0
2023 0
2023 0
2023 0
2023 0
2023 0
2023 0
2023 0
2023 0
