2014 NA
2014 NA
2014 NA
2014 NA
2014 NA
2014 NA
2014 NA
2014 NA
2014 NA
2014 NA
2014 NA
2014 NA
2014 NA
2014 NA
2014 NA
2014 NA
2014 NA
2014 NA
2014 NA
2014 NA
2014 NA
2014 NA
2014 NA
2014 NA
2014 NA
2014 NA
2014 NA
2014 NA
2014 NA
2014 NA
2014 NA
2014 NA
2014 NA
2014 NA
2014 NA
2014 NA
2014 NA
2014 NA
2014 NA
2014 NA
2014 NA
2014 NA
2014 NA
2014 NA
2014 NA
2014 NA
2014 NA
2014 NA
2014 NA
2014 NA
2014 NA
2014 NA
2014 NA
2014 NA
2014 NA
2014 NA
2014 NA
2014 NA
2014 NA
2014 NA
2014 NA
2014 NA
2014 NA
2014 NA
2014 NA
2014 NA
2014 NA
2014 NA
2014 NA
2014 NA
2014 NA
2014 NA
2014 NA
2014 NA
2014 NA
2014 NA
2014 NA
2014 NA
2014 NA
2014 NA
2014 NA
2014 NA
2014 NA
2014 NA
2014 NA
2014 NA
2014 NA
2014 NA
2014 NA
2014 NA
2014 NA
2014 NA
2014 NA
2014 NA
2014 NA
2014 NA
2014 NA
2014 NA
2014 NA
2014 NA
2014 NA
2014 20
2014 20
2014 20
2014 20
2014 20
2014 20
2014 20
2014 20
2014 15
2014 25
2014 25
2014 20
2014 15
2014 15
2014 NA
2014 35
2014 40
2014 40
2014 55
2014 50
2014 50
2014 NA
2014 50
2014 50
2014 45
2014 50
2014 50
2014 45
2014 45
2014 45
2014 40
2014 40
2014 40
2014 40
2014 70
2014 75
2014 75
2014 80
2014 75
2014 70
2014 70
2014 75
2014 70
2014 70
2014 80
2014 80
2014 80
2014 80
2014 82
2014 80
2014 90
2014 90
2014 90
2014 95
2014 100
2014 100
2014 100
2014 115
2014 115
2014 125
2014 NA
2014 125
2014 140
2014 140
2014 140
2014 140
2014 120
2014 140
2014 150
2014 150
2014 140
2014 140
2014 120
2014 130
2014 130
2014 130
2014 130
2014 130
2014 155
2014 150
2014 175
2014 NA
2014 175
2014 180
2014 180
2014 180
2014 180
2014 180
2014 180
2014 170
2014 140
2014 135
2014 130
2014 125
2014 110
2014 110
2014 100
2014 95
2014 90
2014 90
2014 85
2014 75
2014 95
2014 105
2014 104
2014 100
2014 90
2014 85
2014 80
2014 75
2014 NA
2014 NA
2014 NA
2014 NA
2014 NA
2014 NA
2014 NA
2014 NA
2014 NA
2014 NA
2014 NA
2014 NA
2014 NA
2014 NA
2014 NA
2014 NA
2014 NA
2014 NA
2014 NA
2014 NA
2014 NA
2014 NA
2014 NA
2014 NA
2014 NA
2014 NA
2014 NA
2014 NA
2014 NA
2014 NA
2014 NA
2014 NA
2014 NA
2014 NA
2014 NA
2014 NA
2014 NA
2014 NA
2014 NA
2014 NA
2014 NA
2014 NA
2014 NA
2014 NA
2014 NA
2014 NA
2014 NA
2014 NA
2014 NA
2014 NA
2014 NA
2014 NA
2014 NA
2014 NA
2014 NA
2014 NA
2014 NA
2014 NA
2014 NA
2014 NA
2014 NA
2014 NA
2014 NA
2014 NA
2014 NA
2014 NA
2014 NA
2014 NA
2014 NA
2014 NA
2014 NA
2014 NA
2014 NA
2014 NA
2014 NA
2014 NA
2014 NA
2014 NA
2014 NA
2014 NA
2014 NA
2014 NA
2014 NA
2014 NA
2014 NA
2014 NA
2014 NA
2014 NA
2014 NA
2014 NA
2014 NA
2014 NA
2014 NA
2014 NA
2014 NA
2014 NA
2014 NA
2014 NA
2014 NA
2014 NA
2014 NA
2014 NA
2014 NA
2014 NA
2014 NA
2014 NA
2014 NA
2014 NA
2014 NA
2014 NA
2014 NA
2014 NA
2014 NA
2014 NA
2014 NA
2014 NA
2014 NA
2014 NA
2014 NA
2014 NA
2014 NA
2014 NA
2014 NA
2014 NA
2014 NA
2014 NA
2014 NA
2014 NA
2014 NA
2014 NA
2014 NA
2014 NA
2014 NA
2014 NA
2014 NA
2014 NA
2014 NA
2014 NA
2014 NA
2014 NA
2014 NA
2014 NA
2014 NA
2014 NA
2014 NA
2014 NA
2014 NA
2014 NA
2014 NA
2014 NA
2014 NA
2014 NA
2014 NA
2014 NA
2015 NA
2015 NA
2015 NA
2015 NA
2015 NA
2015 NA
2015 NA
2015 NA
2015 NA
2015 NA
2015 NA
2015 NA
2015 NA
2015 NA
2015 NA
2015 NA
2015 NA
2015 NA
2015 NA
2015 NA
2015 NA
2015 NA
2015 NA
2015 NA
2015 NA
2015 NA
2015 NA
2015 NA
2015 NA
2015 NA
2015 NA
2015 NA
2015 NA
2015 NA
2015 NA
2015 NA
2015 NA
2015 NA
2015 NA
2015 NA
2015 NA
2015 NA
2015 NA
2015 NA
2015 NA
2015 NA
2015 NA
2015 NA
2015 NA
2015 NA
2015 NA
2015 NA
2015 NA
2015 NA
2015 NA
2015 NA
2015 NA
2015 NA
2015 NA
2015 NA
2015 NA
2015 NA
2015 NA
2015 NA
2015 NA
2015 NA
2015 NA
2015 NA
2015 NA
2015 NA
2015 NA
2015 NA
2015 NA
2015 NA
2015 NA
2015 NA
2015 NA
2015 NA
2015 NA
2015 NA
2015 NA
2015 NA
2015 NA
2015 NA
2015 NA
2015 NA
2015 NA
2015 NA
2015 NA
2015 NA
2015 NA
2015 NA
2015 NA
2015 NA
2015 NA
2015 NA
2015 NA
2015 NA
2015 NA
2015 NA
2015 NA
2015 NA
2015 NA
2015 NA
2015 NA
2015 NA
2015 5
2015 3
2015 3
2015 2
2015 NA
2015 NA
2015 NA
2015 NA
2015 NA
2015 NA
2015 0
2015 NA
2015 50
2015 40
2015 40
2015 43
2015 NA
2015 43
2015 35
2015 32
2015 20
2015 20
2015 20
2015 20
2015 17
2015 17
2015 17
2015 13
2015 12
2015 12
2015 NA
2015 NA
2015 40
2015 45
2015 45
2015 55
2015 55
2015 55
2015 55
2015 50
2015 58
2015 55
2015 65
2015 65
2015 60
2015 100
2015 110
2015 NA
2015 130
2015 125
2015 130
2015 130
2015 110
2015 110
2015 110
2015 110
2015 105
2015 100
2015 100
2015 90
2015 100
2015 100
2015 100
2015 95
2015 95
2015 90
2015 80
2015 80
2015 110
2015 110
2015 120
2015 120
2015 120
2015 130
2015 135
2015 125
2015 100
2015 90
2015 90
2015 90
2015 90
2015 90
2015 85
2015 85
2015 85
2015 NA
2015 80
2015 80
2015 75
2015 75
2015 NA
2015 75
2015 75
2015 75
2015 70
2015 70
2015 75
2015 60
2015 60
2015 55
2015 55
2015 55
2015 50
2015 45
2015 NA
2015 NA
2015 NA
2015 NA
2015 NA
2015 NA
2015 NA
2015 NA
2015 NA
2015 NA
2015 NA
2015 NA
2015 NA
2015 NA
2015 NA
2015 NA
2015 NA
2015 NA
2015 NA
2015 NA
2015 NA
2015 NA
2015 NA
2015 NA
2015 NA
2015 NA
2015 NA
2015 NA
2015 NA
2015 NA
2015 NA
2015 NA
2015 NA
2015 NA
2015 NA
2015 NA
2015 NA
2015 NA
2015 NA
2015 NA
2015 NA
2015 NA
2015 NA
2015 NA
2015 NA
2015 NA
2015 NA
2015 NA
2015 NA
2015 NA
2015 NA
2015 NA
2015 NA
2015 NA
2015 NA
2015 NA
2015 NA
2015 NA
2015 NA
2015 NA
2015 NA
2015 NA
2015 NA
2015 NA
2015 NA
2015 NA
2015 NA
2015 NA
2015 NA
2015 NA
2015 NA
2015 NA
2015 NA
2015 NA
2015 NA
2015 NA
2015 NA
2015 NA
2015 NA
2015 NA
2015 NA
2015 NA
2015 NA
2015 NA
2015 NA
2015 NA
2015 NA
2015 NA
2015 NA
2015 NA
2015 NA
2015 NA
2015 NA
2015 NA
2015 NA
2015 NA
2015 NA
2015 NA
2015 NA
2015 NA
2015 NA
2015 NA
2015 NA
2015 NA
2015 NA
2015 NA
2015 NA
2015 NA
2015 NA
2015 NA
2015 NA
2015 NA
2015 NA
2015 NA
2015 NA
2015 NA
2015 NA
2015 NA
2015 NA
2015 NA
2015 NA
2015 NA
2015 NA
2015 NA
2015 NA
2015 NA
2015 NA
2015 NA
2015 NA
2015 NA
2015 NA
2015 NA
2015 NA
2015 NA
2015 NA
2015 NA
2015 NA
2015 NA
2015 NA
2015 NA
2015 NA
2015 NA
2015 NA
2015 NA
2015 NA
2015 NA
2015 NA
2015 NA
2015 NA
2015 NA
2015 NA
2015 NA
2015 NA
2015 NA
2015 NA
2016 NA
2016 NA
2016 NA
2016 NA
2016 NA
2016 NA
2016 NA
2016 NA
2016 NA
2016 NA
2016 NA
2016 NA
2016 NA
2016 NA
2016 NA
2016 NA
2016 NA
2016 NA
2016 NA
2016 NA
2016 NA
2016 NA
2016 NA
2016 NA
2016 NA
2016 NA
2016 NA
2016 NA
2016 NA
2016 NA
2016 NA
2016 NA
2016 NA
2016 NA
2016 NA
2016 NA
2016 NA
2016 NA
2016 NA
2016 NA
2016 NA
2016 NA
2016 NA
2016 NA
2016 NA
2016 NA
2016 NA
2016 NA
2016 NA
2016 NA
2016 NA
2016 NA
2016 NA
2016 NA
2016 NA
2016 NA
2016 NA
2016 NA
2016 NA
2016 NA
2016 NA
2016 NA
2016 NA
2016 NA
2016 NA
2016 NA
2016 NA
2016 NA
2016 NA
2016 NA
2016 NA
2016 NA
2016 NA
2016 NA
2016 NA
2016 NA
2016 NA
2016 NA
2016 NA
2016 NA
2016 NA
2016 NA
2016 NA
2016 NA
2016 18
2016 NA
2016 NA
2016 NA
2016 NA
2016 NA
2016 NA
2016 NA
2016 NA
2016 NA
2016 NA
2016 NA
2016 NA
2016 NA
2016 NA
2016 NA
2016 NA
2016 NA
2016 NA
2016 NA
2016 NA
2016 NA
2016 NA
2016 NA
2016 NA
2016 NA
2016 NA
2016 NA
2016 NA
2016 NA
2016 NA
2016 NA
2016 NA
2016 NA
2016 NA
2016 NA
2016 NA
2016 NA
2016 NA
2016 NA
2016 NA
2016 25
2016 27
2016 NA
2016 38
2016 32
2016 22
2016 18
2016 NA
2016 15
2016 35
2016 40
2016 47
2016 55
2016 55
2016 50
2016 50
2016 48
2016 48
2016 48
2016 43
2016 45
2016 40
2016 NA
2016 30
2016 25
2016 25
2016 20
2016 15
2016 10
2016 10
2016 10
2016 30
2016 32
2016 30
2016 25
2016 40
2016 35
2016 NA
2016 40
2016 50
2016 55
2016 52
2016 45
2016 45
2016 45
2016 45
2016 47
2016 47
2016 45
2016 40
2016 30
2016 30
2016 30
2016 NA
2016 35
2016 35
2016 35
2016 35
2016 35
2016 60
2016 70
2016 100
2016 105
2016 90
2016 100
2016 100
2016 100
2016 100
2016 95
2016 NA
2016 90
2016 85
2016 90
2016 85
2016 80
2016 80
2016 NA
2016 75
2016 70
2016 65
2016 65
2016 65
2016 60
2016 55
2016 55
2016 NA
2016 NA
2016 NA
2016 NA
2016 NA
2016 NA
2016 NA
2016 NA
2016 NA
2016 NA
2016 NA
2016 NA
2016 NA
2016 NA
2016 NA
2016 NA
2016 NA
2016 NA
2016 NA
2016 NA
2016 NA
2016 NA
2016 NA
2016 NA
2016 NA
2016 NA
2016 NA
2016 NA
2016 NA
2016 NA
2016 NA
2016 NA
2016 NA
2016 NA
2016 NA
2016 NA
2016 NA
2016 NA
2016 NA
2016 NA
2016 NA
2016 NA
2016 NA
2016 NA
2016 NA
2016 NA
2016 NA
2016 NA
2016 NA
2016 NA
2016 NA
2016 NA
2016 NA
2016 NA
2016 NA
2016 NA
2016 NA
2016 NA
2016 NA
2016 NA
2016 NA
2016 NA
2016 NA
2016 NA
2016 NA
2016 NA
2016 NA
2016 NA
2016 NA
2016 NA
2016 NA
2016 NA
2016 NA
2016 NA
2016 NA
2016 NA
2016 NA
2016 NA
2016 NA
2016 NA
2016 NA
2016 NA
2016 NA
2016 NA
2016 NA
2016 NA
2016 NA
2016 NA
2016 NA
2016 NA
2016 NA
2016 NA
2016 NA
2016 NA
2016 NA
2016 NA
2016 NA
2016 NA
2016 NA
2016 NA
2016 NA
2016 NA
2016 NA
2016 NA
2016 NA
2016 NA
2016 NA
2016 NA
2016 NA
2016 NA
2016 NA
2016 NA
2016 NA
2016 NA
2016 NA
2016 NA
2016 NA
2016 NA
2016 NA
2016 NA
2016 NA
2016 NA
2016 NA
2016 NA
2016 NA
2016 NA
2016 NA
2016 NA
2016 NA
2016 NA
2016 NA
2016 NA
2016 NA
2016 NA
2016 NA
2016 NA
2016 NA
2016 NA
2016 NA
2016 NA
2016 NA
2016 NA
2016 NA
2016 NA
2016 NA
2016 NA
2016 NA
2016 NA
2016 NA
2016 NA
2016 NA
2016 NA
2016 NA
2016 NA
2016 NA
2016 NA
2017 NA
2017 NA
2017 NA
2017 NA
2017 NA
2017 NA
2017 NA
2017 NA
2017 NA
2017 NA
2017 NA
2017 NA
2017 NA
2017 NA
2017 NA
2017 NA
2017 NA
2017 NA
2017 NA
2017 NA
2017 NA
2017 NA
2017 NA
2017 NA
2017 NA
2017 NA
2017 NA
2017 NA
2017 NA
2017 NA
2017 NA
2017 NA
2017 NA
2017 NA
2017 NA
2017 NA
2017 NA
2017 NA
2017 NA
2017 NA
2017 NA
2017 NA
2017 NA
2017 NA
2017 NA
2017 NA
2017 NA
2017 NA
2017 NA
2017 NA
2017 NA
2017 NA
2017 NA
2017 NA
2017 NA
2017 NA
2017 NA
2017 NA
2017 NA
2017 NA
2017 NA
2017 NA
2017 NA
2017 NA
2017 NA
2017 NA
2017 NA
2017 NA
2017 NA
2017 NA
2017 NA
2017 NA
2017 NA
2017 NA
2017 NA
2017 NA
2017 NA
2017 NA
2017 NA
2017 NA
2017 NA
2017 NA
2017 NA
2017 NA
2017 NA
2017 NA
2017 NA
2017 NA
2017 NA
2017 NA
2017 NA
2017 NA
2017 NA
2017 NA
2017 NA
2017 NA
2017 NA
2017 NA
2017 NA
2017 NA
2017 NA
2017 NA
2017 NA
2017 NA
2017 NA
2017 NA
2017 NA
2017 NA
2017 NA
2017 NA
2017 NA
2017 NA
2017 NA
2017 NA
2017 NA
2017 NA
2017 NA
2017 NA
2017 NA
2017 NA
2017 NA
2017 NA
2017 NA
2017 NA
2017 NA
2017 NA
2017 NA
2017 NA
2017 NA
2017 NA
2017 NA
2017 NA
2017 NA
2017 NA
2017 NA
2017 45
2017 45
2017 45
2017 45
2017 45
2017 45
2017 40
2017 40
2017 40
2017 35
2017 35
2017 35
2017 35
2017 32
2017 30
2017 30
2017 30
2017 20
2017 20
2017 7
2017 25
2017 35
2017 35
2017 65
2017 65
2017 68
2017 85
2017 85
2017 85
2017 80
2017 75
2017 70
2017 70
2017 65
2017 65
2017 65
2017 60
2017 55
2017 NA
2017 52
2017 50
2017 NA
2017 45
2017 45
2017 40
2017 40
2017 45
2017 45
2017 42
2017 44
2017 50
2017 65
2017 100
2017 100
2017 80
2017 70
2017 65
2017 50
2017 NA
2017 50
2017 50
2017 50
2017 45
2017 40
2017 40
2017 35
2017 35
2017 30
2017 25
2017 16
2017 NA
2017 NA
2017 NA
2017 NA
2017 NA
2017 NA
2017 NA
2017 NA
2017 NA
2017 NA
2017 NA
2017 NA
2017 NA
2017 NA
2017 NA
2017 NA
2017 NA
2017 NA
2017 NA
2017 NA
2017 NA
2017 NA
2017 NA
2017 NA
2017 NA
2017 NA
2017 NA
2017 NA
2017 NA
2017 NA
2017 NA
2017 NA
2017 NA
2017 NA
2017 NA
2017 NA
2017 NA
2017 NA
2017 NA
2017 NA
2017 NA
2017 NA
2017 NA
2017 NA
2017 NA
2017 NA
2017 NA
2017 NA
2017 NA
2017 NA
2017 NA
2017 NA
2017 NA
2017 NA
2017 NA
2017 NA
2017 NA
2017 NA
2017 NA
2017 NA
2017 NA
2017 NA
2017 NA
2017 NA
2017 NA
2017 NA
2017 NA
2017 NA
2017 NA
2017 NA
2017 NA
2017 NA
2017 NA
2017 NA
2017 NA
2017 NA
2017 NA
2017 NA
2017 NA
2017 NA
2017 NA
2017 NA
2017 NA
2017 NA
2017 NA
2017 NA
2017 NA
2017 NA
2017 NA
2017 NA
2017 NA
2017 NA
2017 NA
2017 NA
2017 NA
2017 NA
2017 NA
2017 NA
2017 NA
2017 NA
2017 NA
2017 NA
2017 NA
2017 NA
2017 NA
2017 NA
2017 NA
2017 NA
2017 NA
2017 NA
2017 NA
2017 NA
2017 NA
2017 NA
2017 NA
2017 NA
2017 NA
2017 NA
2017 NA
2017 NA
2017 NA
2017 NA
2017 NA
2017 NA
2017 NA
2017 NA
2017 NA
2017 NA
2017 NA
2017 NA
2017 NA
2017 NA
2017 NA
2017 NA
2017 NA
2017 NA
2017 NA
2017 NA
2017 NA
2017 NA
2017 NA
2017 NA
2017 NA
2017 NA
2017 NA
2017 NA
2017 NA
2017 NA
2017 NA
2017 NA
2017 NA
2017 NA
2017 NA
2017 NA
2017 NA
2017 NA
2017 NA
2017 NA
2017 NA
2017 NA
