1990 NA
1990 NA
1990 NA
1990 NA
1990 NA
1990 NA
1990 NA
1990 NA
1990 NA
1990 NA
1990 NA
1990 NA
1990 NA
1990 NA
1990 NA
1990 NA
1990 NA
1990 NA
1990 NA
1990 NA
1990 NA
1990 NA
1990 NA
1990 NA
1990 NA
1990 NA
1990 NA
1990 NA
1990 NA
1990 NA
1990 NA
1990 NA
1990 NA
1990 NA
1990 NA
1990 NA
1990 NA
1990 NA
1990 NA
1990 NA
1990 NA
1990 NA
1990 NA
1990 NA
1990 NA
1990 NA
1990 NA
1990 NA
1990 NA
1990 NA
1990 NA
1990 NA
1990 NA
1990 NA
1990 NA
1990 NA
1990 NA
1990 NA
1990 NA
1990 NA
1990 NA
1990 NA
1990 NA
1990 NA
1990 NA
1990 NA
1990 NA
1990 NA
1990 NA
1990 NA
1990 NA
1990 NA
1990 NA
1990 NA
1990 NA
1990 NA
1990 NA
1990 NA
1990 NA
1990 NA
1990 NA
1990 NA
1990 NA
1990 NA
1990 NA
1990 NA
1990 NA
1990 NA
1990 NA
1990 NA
1990 NA
1990 NA
1990 NA
1990 NA
1990 NA
1990 NA
1990 NA
1990 NA
1990 NA
1990 NA
1990 NA
1990 NA
1990 NA
1990 NA
1990 NA
1990 NA
1990 NA
1990 NA
1990 NA
1990 NA
1990 NA
1990 NA
1990 NA
1990 NA
1990 NA
1990 NA
1990 NA
1990 NA
1990 NA
1990 NA
1990 NA
1990 NA
1990 NA
1990 NA
1990 NA
1990 NA
1990 NA
1990 NA
1990 NA
1990 NA
1990 NA
1990 NA
1990 NA
1990 NA
1990 NA
1990 NA
1990 NA
1990 NA
1990 NA
1990 NA
1990 NA
1990 NA
1990 NA
1990 NA
1990 NA
1990 NA
1990 NA
1990 NA
1990 NA
1990 NA
1990 NA
1990 NA
1990 NA
1990 NA
1990 NA
1990 NA
1990 NA
1990 NA
1990 NA
1990 NA
1990 NA
1990 0
1990 0
1990 2
1990 12
1990 32
1990 NA
1990 NA
1990 NA
1990 NA
1990 NA
1990 NA
1990 NA
1990 0
1990 0
1990 0
1990 0
1990 NA
1990 0
1990 0
1990 11
1990 2
1990 4
1990 15
1990 6
1990 4
1990 NA
1990 0
1990 0
1990 0
1990 NA
1990 NA
1990 NA
1990 NA
1990 NA
1990 NA
1990 NA
1990 NA
1990 NA
1990 NA
1990 NA
1990 NA
1990 NA
1990 NA
1990 NA
1990 NA
1990 NA
1990 NA
1990 NA
1990 NA
1990 NA
1990 NA
1990 NA
1990 NA
1990 NA
1990 NA
1990 NA
1990 NA
1990 NA
1990 NA
1990 NA
1990 NA
1990 NA
1990 NA
1990 NA
1990 NA
1990 NA
1990 NA
1990 NA
1990 NA
1990 NA
1990 NA
1990 NA
1990 NA
1990 NA
1990 NA
1990 NA
1990 NA
1990 NA
1990 NA
1990 NA
1990 NA
1990 NA
1990 NA
1990 NA
1990 NA
1990 NA
1990 NA
1990 NA
1990 NA
1990 NA
1990 NA
1990 NA
1990 NA
1990 NA
1990 NA
1990 NA
1990 NA
1990 NA
1990 NA
1990 NA
1990 NA
1990 NA
1990 NA
1990 NA
1990 NA
1990 NA
1990 NA
1990 NA
1990 NA
1990 NA
1990 NA
1990 NA
1990 NA
1990 NA
1990 NA
1990 NA
1990 NA
1990 NA
1990 NA
1990 NA
1990 NA
1990 NA
1990 NA
1990 NA
1990 NA
1990 NA
1990 NA
1990 NA
1990 NA
1990 NA
1990 NA
1990 NA
1990 NA
1990 NA
1990 NA
1990 NA
1990 NA
1990 NA
1990 NA
1990 NA
1990 NA
1990 NA
1990 NA
1990 NA
1990 NA
1990 NA
1990 NA
1990 NA
1990 NA
1990 NA
1990 NA
1990 NA
1990 NA
1990 NA
1990 NA
1990 NA
1990 NA
1990 NA
1990 NA
1990 NA
1990 NA
1990 NA
1990 NA
1990 NA
1990 NA
1990 NA
1990 NA
1990 NA
1990 NA
1990 NA
1990 NA
1990 NA
1990 NA
1990 NA
1990 NA
1990 NA
1990 NA
1990 NA
1990 NA
1990 NA
1990 NA
1990 NA
1990 NA
1990 NA
1990 NA
1990 NA
1990 NA
1990 NA
1990 NA
1990 NA
1990 NA
1990 NA
1990 NA
1990 NA
1990 NA
1990 NA
1990 NA
1990 NA
1990 NA
1990 NA
1990 NA
1990 NA
1990 NA
1990 NA
1991 NA
1991 NA
1991 NA
1991 NA
1991 NA
1991 NA
1991 NA
1991 NA
1991 NA
1991 NA
1991 NA
1991 NA
1991 NA
1991 NA
1991 NA
1991 NA
1991 NA
1991 NA
1991 NA
1991 NA
1991 NA
1991 NA
1991 NA
1991 NA
1991 NA
1991 NA
1991 NA
1991 NA
1991 NA
1991 NA
1991 NA
1991 NA
1991 NA
1991 NA
1991 NA
1991 NA
1991 NA
1991 NA
1991 NA
1991 NA
1991 NA
1991 NA
1991 NA
1991 NA
1991 NA
1991 NA
1991 NA
1991 NA
1991 NA
1991 NA
1991 NA
1991 NA
1991 NA
1991 NA
1991 NA
1991 NA
1991 NA
1991 NA
1991 NA
1991 NA
1991 NA
1991 NA
1991 NA
1991 NA
1991 NA
1991 NA
1991 NA
1991 NA
1991 NA
1991 NA
1991 NA
1991 NA
1991 NA
1991 NA
1991 NA
1991 NA
1991 NA
1991 NA
1991 NA
1991 NA
1991 NA
1991 NA
1991 NA
1991 NA
1991 NA
1991 NA
1991 NA
1991 NA
1991 NA
1991 NA
1991 NA
1991 NA
1991 NA
1991 NA
1991 NA
1991 NA
1991 NA
1991 NA
1991 NA
1991 NA
1991 NA
1991 NA
1991 NA
1991 NA
1991 NA
1991 NA
1991 NA
1991 NA
1991 NA
1991 NA
1991 NA
1991 NA
1991 NA
1991 NA
1991 NA
1991 45
1991 55
1991 52
1991 50
1991 48
1991 45
1991 37
1991 NA
1991 37
1991 35
1991 30
1991 34
1991 30
1991 NA
1991 NA
1991 NA
1991 NA
1991 NA
1991 NA
1991 NA
1991 NA
1991 NA
1991 10
1991 10
1991 10
1991 10
1991 10
1991 10
1991 10
1991 10
1991 10
1991 10
1991 10
1991 10
1991 10
1991 10
1991 10
1991 10
1991 10
1991 NA
1991 NA
1991 10
1991 10
1991 NA
1991 10
1991 30
1991 33
1991 41
1991 35
1991 35
1991 39
1991 34
1991 32
1991 50
1991 40
1991 35
1991 30
1991 28
1991 25
1991 23
1991 23
1991 20
1991 NA
1991 10
1991 NA
1991 5
1991 NA
1991 0
1991 0
1991 0
1991 0
1991 0
1991 0
1991 0
1991 NA
1991 NA
1991 NA
1991 NA
1991 NA
1991 NA
1991 NA
1991 NA
1991 NA
1991 NA
1991 NA
1991 NA
1991 NA
1991 NA
1991 NA
1991 NA
1991 NA
1991 NA
1991 NA
1991 NA
1991 NA
1991 NA
1991 NA
1991 NA
1991 NA
1991 NA
1991 NA
1991 NA
1991 NA
1991 NA
1991 NA
1991 NA
1991 NA
1991 NA
1991 NA
1991 NA
1991 NA
1991 NA
1991 NA
1991 NA
1991 NA
1991 NA
1991 NA
1991 NA
1991 NA
1991 NA
1991 NA
1991 NA
1991 NA
1991 NA
1991 NA
1991 NA
1991 NA
1991 NA
1991 NA
1991 NA
1991 NA
1991 NA
1991 NA
1991 NA
1991 NA
1991 NA
1991 NA
1991 NA
1991 NA
1991 NA
1991 NA
1991 NA
1991 NA
1991 NA
1991 NA
1991 NA
1991 NA
1991 NA
1991 NA
1991 NA
1991 NA
1991 NA
1991 NA
1991 NA
1991 NA
1991 NA
1991 NA
1991 NA
1991 NA
1991 NA
1991 NA
1991 NA
1991 NA
1991 NA
1991 NA
1991 NA
1991 NA
1991 NA
1991 NA
1991 NA
1991 NA
1991 NA
1991 NA
1991 NA
1991 NA
1991 NA
1991 NA
1991 NA
1991 NA
1991 NA
1991 NA
1991 NA
1991 NA
1991 NA
1991 NA
1991 NA
1991 NA
1991 NA
1991 NA
1991 NA
1991 NA
1991 NA
1991 NA
1991 NA
1991 NA
1991 NA
1991 NA
1991 NA
1991 NA
1991 NA
1991 NA
1991 NA
1991 NA
1991 NA
1991 NA
1991 NA
1991 NA
1991 NA
1991 NA
1991 NA
1991 NA
1991 NA
1991 NA
1991 NA
1991 NA
1991 NA
1991 NA
1991 NA
1991 NA
1991 NA
1991 NA
1991 NA
1991 NA
1991 NA
1991 NA
1991 NA
1991 NA
1991 NA
1991 NA
1991 NA
1991 NA
1991 NA
1991 NA
1991 NA
1991 NA
1991 NA
1991 NA
1991 NA
1991 NA
1991 NA
1991 NA
1991 NA
1991 NA
1991 NA
1991 NA
1991 NA
1991 NA
1991 NA
1991 NA
1991 NA
1992 NA
1992 NA
1992 NA
1992 NA
1992 NA
1992 NA
1992 NA
1992 NA
1992 NA
1992 NA
1992 NA
1992 NA
1992 NA
1992 NA
1992 NA
1992 NA
1992 NA
1992 NA
1992 NA
1992 NA
1992 NA
1992 NA
1992 NA
1992 NA
1992 NA
1992 NA
1992 NA
1992 NA
1992 NA
1992 NA
1992 NA
1992 NA
1992 NA
1992 NA
1992 NA
1992 NA
1992 NA
1992 NA
1992 NA
1992 NA
1992 NA
1992 NA
1992 NA
1992 NA
1992 NA
1992 NA
1992 NA
1992 NA
1992 NA
1992 NA
1992 NA
1992 NA
1992 NA
1992 NA
1992 NA
1992 NA
1992 NA
1992 NA
1992 NA
1992 NA
1992 NA
1992 NA
1992 NA
1992 NA
1992 NA
1992 NA
1992 NA
1992 NA
1992 NA
1992 NA
1992 NA
1992 NA
1992 NA
1992 NA
1992 NA
1992 NA
1992 NA
1992 NA
1992 NA
1992 NA
1992 NA
1992 NA
1992 NA
1992 NA
1992 NA
1992 NA
1992 NA
1992 NA
1992 NA
1992 NA
1992 NA
1992 NA
1992 NA
1992 NA
1992 NA
1992 NA
1992 NA
1992 NA
1992 NA
1992 NA
1992 NA
1992 NA
1992 NA
1992 NA
1992 NA
1992 NA
1992 NA
1992 NA
1992 NA
1992 NA
1992 NA
1992 NA
1992 NA
1992 NA
1992 NA
1992 NA
1992 NA
1992 NA
1992 45
1992 45
1992 42
1992 NA
1992 40
1992 40
1992 38
1992 38
1992 38
1992 35
1992 35
1992 NA
1992 30
1992 40
1992 40
1992 40
1992 40
1992 40
1992 NA
1992 38
1992 35
1992 35
1992 35
1992 35
1992 35
1992 42
1992 42
1992 40
1992 NA
1992 NA
1992 32
1992 30
1992 30
1992 NA
1992 25
1992 NA
1992 NA
1992 NA
1992 18
1992 25
1992 20
1992 18
1992 15
1992 15
1992 15
1992 15
1992 10
1992 10
1992 30
1992 30
1992 20
1992 25
1992 NA
1992 NA
1992 20
1992 20
1992 16
1992 NA
1992 NA
1992 10
1992 6
1992 5
1992 NA
1992 5
1992 NA
1992 NA
1992 NA
1992 NA
1992 NA
1992 NA
1992 NA
1992 NA
1992 NA
1992 NA
1992 NA
1992 NA
1992 NA
1992 NA
1992 NA
1992 NA
1992 NA
1992 NA
1992 NA
1992 NA
1992 NA
1992 NA
1992 NA
1992 NA
1992 NA
1992 NA
1992 NA
1992 NA
1992 NA
1992 NA
1992 NA
1992 NA
1992 NA
1992 NA
1992 NA
1992 NA
1992 NA
1992 NA
1992 NA
1992 NA
1992 NA
1992 NA
1992 NA
1992 NA
1992 NA
1992 NA
1992 NA
1992 NA
1992 NA
1992 NA
1992 NA
1992 NA
1992 NA
1992 NA
1992 NA
1992 NA
1992 NA
1992 NA
1992 NA
1992 NA
1992 NA
1992 NA
1992 NA
1992 NA
1992 NA
1992 NA
1992 NA
1992 NA
1992 NA
1992 NA
1992 NA
1992 NA
1992 NA
1992 NA
1992 NA
1992 NA
1992 NA
1992 NA
1992 NA
1992 NA
1992 NA
1992 NA
1992 NA
1992 NA
1992 NA
1992 NA
1992 NA
1992 NA
1992 NA
1992 NA
1992 NA
1992 NA
1992 NA
1992 NA
1992 NA
1992 NA
1992 NA
1992 NA
1992 NA
1992 NA
1992 NA
1992 NA
1992 NA
1992 NA
1992 NA
1992 NA
1992 NA
1992 NA
1992 NA
1992 NA
1992 NA
1992 NA
1992 NA
1992 NA
1992 NA
1992 NA
1992 NA
1992 NA
1992 NA
1992 NA
1992 NA
1992 NA
1992 NA
1992 NA
1992 NA
1992 NA
1992 NA
1992 NA
1992 NA
1992 NA
1992 NA
1992 NA
1992 NA
1992 NA
1992 NA
1992 NA
1992 NA
1992 NA
1992 NA
1992 NA
1992 NA
1992 NA
1992 NA
1992 NA
1992 NA
1992 NA
1992 NA
1992 NA
1992 NA
1992 NA
1992 NA
1992 NA
1992 NA
1992 NA
1992 NA
1992 NA
1992 NA
1992 NA
1992 NA
1992 NA
1992 NA
1992 NA
1992 NA
1992 NA
1992 NA
1992 NA
1992 NA
1992 NA
1992 NA
1992 NA
1992 NA
1992 NA
1992 NA
1992 NA
1992 NA
1992 NA
1992 NA
1992 NA
1992 NA
1992 NA
1992 NA
1992 NA
1992 NA
1992 NA
1993 NA
1993 NA
1993 NA
1993 NA
1993 NA
1993 NA
1993 NA
1993 NA
1993 NA
1993 NA
1993 NA
1993 NA
1993 NA
1993 NA
1993 NA
1993 NA
1993 NA
1993 NA
1993 NA
1993 NA
1993 NA
1993 NA
1993 NA
1993 NA
1993 NA
1993 NA
1993 NA
1993 NA
1993 NA
1993 NA
1993 NA
1993 NA
1993 NA
1993 NA
1993 NA
1993 NA
1993 NA
1993 NA
1993 NA
1993 NA
1993 NA
1993 NA
1993 NA
1993 NA
1993 NA
1993 NA
1993 NA
1993 NA
1993 NA
1993 NA
1993 NA
1993 NA
1993 NA
1993 NA
1993 NA
1993 NA
1993 NA
1993 NA
1993 NA
1993 NA
1993 NA
1993 NA
1993 NA
1993 NA
1993 NA
1993 NA
1993 NA
1993 NA
1993 NA
1993 NA
1993 NA
1993 NA
1993 NA
1993 NA
1993 NA
1993 NA
1993 NA
1993 NA
1993 NA
1993 NA
1993 NA
1993 NA
1993 NA
1993 NA
1993 NA
1993 NA
1993 NA
1993 NA
1993 NA
1993 NA
1993 NA
1993 NA
1993 NA
1993 NA
1993 NA
1993 NA
1993 NA
1993 NA
1993 NA
1993 NA
1993 NA
1993 NA
1993 NA
1993 NA
1993 NA
1993 NA
1993 NA
1993 NA
1993 NA
1993 NA
1993 NA
1993 0
1993 0
1993 0
1993 0
1993 0
1993 0
1993 0
1993 0
1993 0
1993 0
1993 0
1993 NA
1993 0
1993 0
1993 0
1993 0
1993 0
1993 NA
1993 NA
1993 NA
1993 NA
1993 0
1993 NA
1993 0
1993 0
1993 NA
1993 NA
1993 0
1993 NA
1993 NA
1993 NA
1993 0
1993 NA
1993 NA
1993 NA
1993 NA
1993 0
1993 6
1993 6
1993 0
1993 NA
1993 NA
1993 NA
1993 NA
1993 NA
1993 0
1993 NA
1993 0
1993 NA
1993 NA
1993 0
1993 0
1993 NA
1993 NA
1993 NA
1993 NA
1993 0
1993 0
1993 0
1993 NA
1993 0
1993 0
1993 3
1993 15
1993 16
1993 16
1993 17
1993 16
1993 NA
1993 19
1993 NA
1993 NA
1993 NA
1993 NA
1993 NA
1993 NA
1993 NA
1993 NA
1993 NA
1993 NA
1993 NA
1993 NA
1993 NA
1993 NA
1993 NA
1993 NA
1993 NA
1993 NA
1993 NA
1993 NA
1993 NA
1993 NA
1993 NA
1993 NA
1993 NA
1993 NA
1993 NA
1993 NA
1993 NA
1993 NA
1993 NA
1993 NA
1993 NA
1993 NA
1993 NA
1993 NA
1993 NA
1993 NA
1993 NA
1993 NA
1993 NA
1993 NA
1993 NA
1993 NA
1993 NA
1993 NA
1993 NA
1993 NA
1993 NA
1993 NA
1993 NA
1993 NA
1993 NA
1993 NA
1993 NA
1993 NA
1993 NA
1993 NA
1993 NA
1993 NA
1993 NA
1993 NA
1993 NA
1993 NA
1993 NA
1993 NA
1993 NA
1993 NA
1993 NA
1993 NA
1993 NA
1993 NA
1993 NA
1993 NA
1993 NA
1993 NA
1993 NA
1993 NA
1993 NA
1993 NA
1993 NA
1993 NA
1993 NA
1993 NA
1993 NA
1993 NA
1993 NA
1993 NA
1993 NA
1993 NA
1993 NA
1993 NA
1993 NA
1993 NA
1993 NA
1993 NA
1993 NA
1993 NA
1993 NA
1993 NA
1993 NA
1993 NA
1993 NA
1993 NA
1993 NA
1993 NA
1993 NA
1993 NA
1993 NA
1993 NA
1993 NA
1993 NA
1993 NA
1993 NA
1993 NA
1993 NA
1993 NA
1993 NA
1993 NA
1993 NA
1993 NA
1993 NA
1993 NA
1993 NA
1993 NA
1993 NA
1993 NA
1993 NA
1993 NA
1993 NA
1993 NA
1993 NA
1993 NA
1993 NA
1993 NA
1993 NA
1993 NA
1993 NA
1993 NA
1993 NA
1993 NA
1993 NA
1993 NA
1993 NA
1993 NA
1993 NA
1993 NA
1993 NA
1993 NA
1993 NA
1993 NA
1993 NA
1993 NA
1993 NA
1993 NA
1993 NA
1993 NA
1993 NA
1993 NA
1993 NA
1993 NA
1993 NA
1993 NA
1993 NA
1993 NA
1993 NA
1993 NA
1993 NA
1993 NA
1993 NA
1993 NA
1993 NA
1993 NA
1993 NA
1993 NA
1993 NA
1993 NA
1993 NA
1993 NA
1993 NA
1993 NA
1993 NA
1993 NA
1993 NA
1994 NA
1994 NA
1994 NA
1994 NA
1994 NA
1994 NA
1994 NA
1994 NA
1994 NA
1994 NA
1994 NA
1994 NA
1994 NA
1994 NA
1994 NA
1994 NA
1994 NA
1994 NA
1994 NA
1994 NA
1994 NA
1994 NA
1994 NA
1994 NA
1994 NA
1994 NA
1994 NA
1994 NA
1994 NA
1994 NA
1994 NA
1994 NA
1994 NA
1994 NA
1994 NA
1994 NA
1994 NA
1994 NA
1994 NA
1994 NA
1994 NA
1994 NA
1994 NA
1994 NA
1994 NA
1994 NA
1994 NA
1994 NA
1994 NA
1994 NA
1994 NA
1994 NA
1994 NA
1994 NA
1994 NA
1994 NA
1994 NA
1994 NA
1994 NA
1994 NA
1994 NA
1994 NA
1994 NA
1994 NA
1994 NA
1994 NA
1994 NA
1994 NA
1994 NA
1994 NA
1994 NA
1994 NA
1994 NA
1994 NA
1994 NA
1994 NA
1994 NA
1994 NA
1994 NA
1994 NA
1994 NA
1994 NA
1994 NA
1994 NA
1994 NA
1994 NA
1994 NA
1994 NA
1994 NA
1994 NA
1994 NA
1994 NA
1994 NA
1994 NA
1994 NA
1994 NA
1994 NA
1994 NA
1994 NA
1994 NA
1994 NA
1994 NA
1994 NA
1994 NA
1994 NA
1994 NA
1994 NA
1994 NA
1994 NA
1994 NA
1994 NA
1994 0
1994 3
1994 7
1994 10
1994 60
1994 70
1994 53
1994 49
1994 45
1994 38
1994 31
1994 NA
1994 35
1994 25
1994 20
1994 20
1994 18
1994 14
1994 NA
1994 14
1994 12
1994 35
1994 45
1994 35
1994 25
1994 20
1994 20
1994 45
1994 NA
1994 36
1994 34
1994 34
1994 32
1994 32
1994 29
1994 18
1994 12
1994 14
1994 12
1994 15
1994 14
1994 13
1994 12
1994 11
1994 11
1994 6
1994 3
1994 2
1994 1
1994 3
1994 2
1994 NA
1994 6
1994 6
1994 6
1994 5
1994 15
1994 15
1994 11
1994 10
1994 10
1994 10
1994 15
1994 10
1994 6
1994 11
1994 6
1994 NA
1994 0
1994 0
1994 0
1994 0
1994 0
1994 NA
1994 0
1994 0
1994 NA
1994 0
1994 NA
1994 0
1994 NA
1994 NA
1994 NA
1994 NA
1994 NA
1994 NA
1994 NA
1994 NA
1994 NA
1994 NA
1994 NA
1994 NA
1994 NA
1994 NA
1994 NA
1994 NA
1994 NA
1994 NA
1994 NA
1994 NA
1994 NA
1994 NA
1994 NA
1994 NA
1994 NA
1994 NA
1994 NA
1994 NA
1994 NA
1994 NA
1994 NA
1994 NA
1994 NA
1994 NA
1994 NA
1994 NA
1994 NA
1994 NA
1994 NA
1994 NA
1994 NA
1994 NA
1994 NA
1994 NA
1994 NA
1994 NA
1994 NA
1994 NA
1994 NA
1994 NA
1994 NA
1994 NA
1994 NA
1994 NA
1994 NA
1994 NA
1994 NA
1994 NA
1994 NA
1994 NA
1994 NA
1994 NA
1994 NA
1994 NA
1994 NA
1994 NA
1994 NA
1994 NA
1994 NA
1994 NA
1994 NA
1994 NA
1994 NA
1994 NA
1994 NA
1994 NA
1994 NA
1994 NA
1994 NA
1994 NA
1994 NA
1994 NA
1994 NA
1994 NA
1994 NA
1994 NA
1994 NA
1994 NA
1994 NA
1994 NA
1994 NA
1994 NA
1994 NA
1994 NA
1994 NA
1994 NA
1994 NA
1994 NA
1994 NA
1994 NA
1994 NA
1994 NA
1994 NA
1994 NA
1994 NA
1994 NA
1994 NA
1994 NA
1994 NA
1994 NA
1994 NA
1994 NA
1994 NA
1994 NA
1994 NA
1994 NA
1994 NA
1994 NA
1994 NA
1994 NA
1994 NA
1994 NA
1994 NA
1994 NA
1994 NA
1994 NA
1994 NA
1994 NA
1994 NA
1994 NA
1994 NA
1994 NA
1994 NA
1994 NA
1994 NA
1994 NA
1994 NA
1994 NA
1994 NA
1994 NA
1994 NA
1994 NA
1994 NA
1994 NA
1994 NA
1994 NA
1994 NA
1994 NA
1994 NA
1994 NA
1994 NA
1994 NA
1994 NA
1994 NA
1994 NA
1994 NA
1994 NA
1994 NA
1994 NA
1994 NA
1994 NA
1994 NA
1994 NA
1994 NA
1994 NA
1994 NA
1994 NA
1994 NA
1994 NA
1994 NA
1994 NA
1994 NA
1994 NA
1994 NA
1995 NA
1995 NA
1995 NA
1995 NA
1995 NA
1995 NA
1995 NA
1995 NA
1995 NA
1995 NA
1995 NA
1995 NA
1995 NA
1995 NA
1995 NA
1995 NA
1995 NA
1995 NA
1995 NA
1995 NA
1995 NA
1995 NA
1995 NA
1995 NA
1995 NA
1995 NA
1995 NA
1995 NA
1995 NA
1995 NA
1995 NA
1995 NA
1995 NA
1995 NA
1995 NA
1995 NA
1995 NA
1995 NA
1995 NA
1995 NA
1995 NA
1995 NA
1995 NA
1995 NA
1995 NA
1995 NA
1995 NA
1995 NA
1995 NA
1995 NA
1995 NA
1995 NA
1995 NA
1995 NA
1995 NA
1995 NA
1995 NA
1995 NA
1995 NA
1995 NA
1995 NA
1995 NA
1995 NA
1995 NA
1995 NA
1995 NA
1995 NA
1995 NA
1995 NA
1995 NA
1995 NA
1995 NA
1995 NA
1995 NA
1995 NA
1995 NA
1995 NA
1995 NA
1995 NA
1995 NA
1995 NA
1995 NA
1995 NA
1995 NA
1995 NA
1995 NA
1995 NA
1995 NA
1995 NA
1995 NA
1995 NA
1995 NA
1995 NA
1995 NA
1995 NA
1995 NA
1995 NA
1995 NA
1995 NA
1995 NA
1995 NA
1995 NA
1995 NA
1995 NA
1995 NA
1995 NA
1995 NA
1995 NA
1995 NA
1995 2
1995 6
1995 2
1995 2
1995 NA
1995 1
1995 NA
1995 1
1995 1
1995 0
1995 0
1995 0
1995 0
1995 NA
1995 30
1995 36
1995 27
1995 27
1995 20
1995 24
1995 20
1995 20
1995 18
1995 65
1995 NA
1995 68
1995 60
1995 55
1995 55
1995 NA
1995 48
1995 60
1995 50
1995 45
1995 50
1995 48
1995 NA
1995 40
1995 37
1995 50
1995 42
1995 38
1995 38
1995 NA
1995 42
1995 NA
1995 36
1995 35
1995 35
1995 NA
1995 35
1995 34
1995 32
1995 34
1995 32
1995 29
1995 NA
1995 NA
1995 18
1995 12
1995 10
1995 10
1995 15
1995 10
1995 8
1995 5
1995 5
1995 NA
1995 NA
1995 10
1995 15
1995 3
1995 NA
1995 8
1995 6
1995 23
1995 20
1995 40
1995 52
1995 NA
1995 NA
1995 40
1995 32
1995 26
1995 23
1995 19
1995 16
1995 20
1995 NA
1995 13
1995 7
1995 10
1995 NA
1995 NA
1995 NA
1995 NA
1995 NA
1995 NA
1995 NA
1995 NA
1995 NA
1995 NA
1995 NA
1995 NA
1995 NA
1995 NA
1995 NA
1995 NA
1995 NA
1995 NA
1995 NA
1995 NA
1995 NA
1995 NA
1995 NA
1995 NA
1995 NA
1995 NA
1995 NA
1995 NA
1995 NA
1995 NA
1995 NA
1995 NA
1995 NA
1995 NA
1995 NA
1995 NA
1995 NA
1995 NA
1995 NA
1995 NA
1995 NA
1995 NA
1995 NA
1995 NA
1995 NA
1995 NA
1995 NA
1995 NA
1995 NA
1995 NA
1995 NA
1995 NA
1995 NA
1995 NA
1995 NA
1995 NA
1995 NA
1995 NA
1995 NA
1995 NA
1995 NA
1995 NA
1995 NA
1995 NA
1995 NA
1995 NA
1995 NA
1995 NA
1995 NA
1995 NA
1995 NA
1995 NA
1995 NA
1995 NA
1995 NA
1995 NA
1995 NA
1995 NA
1995 NA
1995 NA
1995 NA
1995 NA
1995 NA
1995 NA
1995 NA
1995 NA
1995 NA
1995 NA
1995 NA
1995 NA
1995 NA
1995 NA
1995 NA
1995 NA
1995 NA
1995 NA
1995 NA
1995 NA
1995 NA
1995 NA
1995 NA
1995 NA
1995 NA
1995 NA
1995 NA
1995 NA
1995 NA
1995 NA
1995 NA
1995 NA
1995 NA
1995 NA
1995 NA
1995 NA
1995 NA
1995 NA
1995 NA
1995 NA
1995 NA
1995 NA
1995 NA
1995 NA
1995 NA
1995 NA
1995 NA
1995 NA
1995 NA
1995 NA
1995 NA
1995 NA
1995 NA
1995 NA
1995 NA
1995 NA
1995 NA
1995 NA
1995 NA
1995 NA
1995 NA
1995 NA
1995 NA
1995 NA
1995 NA
1995 NA
1995 NA
1995 NA
1995 NA
1995 NA
1995 NA
1995 NA
1995 NA
1995 NA
1995 NA
1995 NA
1995 NA
1995 NA
1995 NA
1995 NA
1995 NA
1995 NA
1995 NA
1995 NA
1995 NA
1995 NA
1996 NA
1996 NA
1996 NA
1996 NA
1996 NA
1996 NA
1996 NA
1996 NA
1996 NA
1996 NA
1996 NA
1996 NA
1996 NA
1996 NA
1996 NA
1996 NA
1996 NA
1996 NA
1996 NA
1996 NA
1996 NA
1996 NA
1996 NA
1996 NA
1996 NA
1996 NA
1996 NA
1996 NA
1996 NA
1996 NA
1996 NA
1996 NA
1996 NA
1996 NA
1996 NA
1996 NA
1996 NA
1996 NA
1996 NA
1996 NA
1996 NA
1996 NA
1996 NA
1996 NA
1996 NA
1996 NA
1996 NA
1996 NA
1996 NA
1996 NA
1996 NA
1996 NA
1996 NA
1996 NA
1996 NA
1996 NA
1996 NA
1996 NA
1996 NA
1996 NA
1996 NA
1996 NA
1996 NA
1996 NA
1996 NA
1996 NA
1996 NA
1996 NA
1996 NA
1996 NA
1996 NA
1996 NA
1996 NA
1996 NA
1996 NA
1996 NA
1996 NA
1996 NA
1996 NA
1996 NA
1996 NA
1996 NA
1996 NA
1996 NA
1996 NA
1996 NA
1996 NA
1996 NA
1996 NA
1996 NA
1996 NA
1996 NA
1996 NA
1996 NA
1996 NA
1996 NA
1996 NA
1996 NA
1996 NA
1996 NA
1996 NA
1996 NA
1996 NA
1996 NA
1996 NA
1996 NA
1996 NA
1996 NA
1996 NA
1996 0
1996 NA
1996 0
1996 NA
1996 NA
1996 NA
1996 NA
1996 NA
1996 NA
1996 0
1996 19
1996 12
1996 5
1996 NA
1996 0
1996 0
1996 0
1996 0
1996 NA
1996 NA
1996 NA
1996 0
1996 0
1996 0
1996 0
1996 NA
1996 NA
1996 NA
1996 NA
1996 NA
1996 NA
1996 NA
1996 NA
1996 NA
1996 NA
1996 NA
1996 NA
1996 NA
1996 NA
1996 NA
1996 NA
1996 NA
1996 NA
1996 NA
1996 NA
1996 NA
1996 NA
1996 NA
1996 NA
1996 NA
1996 NA
1996 38
1996 35
1996 30
1996 20
1996 20
1996 NA
1996 60
1996 NA
1996 52
1996 NA
1996 48
1996 55
1996 NA
1996 60
1996 NA
1996 NA
1996 52
1996 NA
1996 NA
1996 NA
1996 NA
1996 NA
1996 NA
1996 NA
1996 NA
1996 NA
1996 NA
1996 NA
1996 NA
1996 NA
1996 NA
1996 NA
1996 NA
1996 NA
1996 NA
1996 NA
1996 NA
1996 NA
1996 NA
1996 NA
1996 NA
1996 NA
1996 NA
1996 NA
1996 NA
1996 NA
1996 NA
1996 NA
1996 NA
1996 NA
1996 NA
1996 NA
1996 NA
1996 NA
1996 NA
1996 NA
1996 NA
1996 NA
1996 NA
1996 NA
1996 NA
1996 NA
1996 NA
1996 NA
1996 NA
1996 NA
1996 NA
1996 NA
1996 NA
1996 NA
1996 NA
1996 NA
1996 NA
1996 NA
1996 NA
1996 NA
1996 NA
1996 NA
1996 NA
1996 NA
1996 NA
1996 NA
1996 NA
1996 NA
1996 NA
1996 NA
1996 NA
1996 NA
1996 NA
1996 NA
1996 NA
1996 NA
1996 NA
1996 NA
1996 NA
1996 NA
1996 NA
1996 NA
1996 NA
1996 NA
1996 NA
1996 NA
1996 NA
1996 NA
1996 NA
1996 NA
1996 NA
1996 NA
1996 NA
1996 NA
1996 NA
1996 NA
1996 NA
1996 NA
1996 NA
1996 NA
1996 NA
1996 NA
1996 NA
1996 NA
1996 NA
1996 NA
1996 NA
1996 NA
1996 NA
1996 NA
1996 NA
1996 NA
1996 NA
1996 NA
1996 NA
1996 NA
1996 NA
1996 NA
1996 NA
1996 NA
1996 NA
1996 NA
1996 NA
1996 NA
1996 NA
1996 NA
1996 NA
1996 NA
1996 NA
1996 NA
1996 NA
1996 NA
1996 NA
1996 NA
1996 NA
1996 NA
1996 NA
1996 NA
1996 NA
1996 NA
1996 NA
1996 NA
1996 NA
1996 NA
1996 NA
1996 NA
1996 NA
1996 NA
1996 NA
1996 NA
1996 NA
1996 NA
1996 NA
1996 NA
1996 NA
1996 NA
1996 NA
1996 NA
1996 NA
1996 NA
1996 NA
1996 NA
1996 NA
1996 NA
1996 NA
1996 NA
1996 NA
1996 NA
1996 NA
1996 NA
1996 NA
1996 NA
1996 NA
1996 NA
1996 NA
1996 NA
1996 NA
1996 NA
1996 NA
1996 NA
1996 NA
1996 NA
1996 NA
1996 NA
1996 NA
1996 NA
1996 NA
1996 NA
1996 NA
1996 NA
1997 NA
1997 NA
1997 NA
1997 NA
1997 NA
1997 NA
1997 NA
1997 NA
1997 NA
1997 NA
1997 NA
1997 NA
1997 NA
1997 NA
1997 NA
1997 NA
1997 NA
1997 NA
1997 NA
1997 NA
1997 NA
1997 NA
1997 NA
1997 NA
1997 NA
1997 NA
1997 NA
1997 NA
1997 NA
1997 NA
1997 NA
1997 NA
1997 NA
1997 NA
1997 NA
1997 NA
1997 NA
1997 NA
1997 NA
1997 NA
1997 NA
1997 NA
1997 NA
1997 NA
1997 NA
1997 NA
1997 NA
1997 NA
1997 NA
1997 NA
1997 NA
1997 NA
1997 NA
1997 NA
1997 NA
1997 NA
1997 NA
1997 NA
1997 NA
1997 NA
1997 NA
1997 NA
1997 NA
1997 NA
1997 NA
1997 NA
1997 NA
1997 NA
1997 NA
1997 NA
1997 NA
1997 NA
1997 NA
1997 NA
1997 NA
1997 NA
1997 NA
1997 NA
1997 NA
1997 NA
1997 NA
1997 NA
1997 NA
1997 NA
1997 NA
1997 NA
1997 NA
1997 NA
1997 NA
1997 NA
1997 NA
1997 NA
1997 NA
1997 NA
1997 NA
1997 NA
1997 NA
1997 NA
1997 NA
1997 NA
1997 NA
1997 NA
1997 NA
1997 NA
1997 NA
1997 NA
1997 NA
1997 NA
1997 NA
1997 NA
1997 NA
1997 NA
1997 18
1997 NA
1997 NA
1997 NA
1997 0
1997 NA
1997 2
1997 8
1997 6
1997 NA
1997 NA
1997 NA
1997 38
1997 30
1997 28
1997 NA
1997 NA
1997 30
1997 33
1997 35
1997 30
1997 28
1997 28
1997 28
1997 28
1997 NA
1997 NA
1997 25
1997 24
1997 32
1997 19
1997 0
1997 NA
1997 NA
1997 NA
1997 NA
1997 NA
1997 NA
1997 NA
1997 NA
1997 NA
1997 NA
1997 NA
1997 NA
1997 NA
1997 NA
1997 NA
1997 NA
1997 NA
1997 NA
1997 NA
1997 NA
1997 NA
1997 NA
1997 NA
1997 NA
1997 NA
1997 NA
1997 NA
1997 NA
1997 NA
1997 NA
1997 NA
1997 NA
1997 NA
1997 NA
1997 NA
1997 NA
1997 NA
1997 NA
1997 NA
1997 NA
1997 NA
1997 NA
1997 NA
1997 NA
1997 NA
1997 NA
1997 NA
1997 NA
1997 NA
1997 NA
1997 NA
1997 NA
1997 NA
1997 NA
1997 NA
1997 NA
1997 NA
1997 NA
1997 NA
1997 NA
1997 NA
1997 NA
1997 NA
1997 NA
1997 NA
1997 NA
1997 NA
1997 NA
1997 NA
1997 NA
1997 NA
1997 NA
1997 NA
1997 NA
1997 NA
1997 NA
1997 NA
1997 NA
1997 NA
1997 NA
1997 NA
1997 NA
1997 NA
1997 NA
1997 NA
1997 NA
1997 NA
1997 NA
1997 NA
1997 NA
1997 NA
1997 NA
1997 NA
1997 NA
1997 NA
1997 NA
1997 NA
1997 NA
1997 NA
1997 NA
1997 NA
1997 NA
1997 NA
1997 NA
1997 NA
1997 NA
1997 NA
1997 NA
1997 NA
1997 NA
1997 NA
1997 NA
1997 NA
1997 NA
1997 NA
1997 NA
1997 NA
1997 NA
1997 NA
1997 NA
1997 NA
1997 NA
1997 NA
1997 NA
1997 NA
1997 NA
1997 NA
1997 NA
1997 NA
1997 NA
1997 NA
1997 NA
1997 NA
1997 NA
1997 NA
1997 NA
1997 NA
1997 NA
1997 NA
1997 NA
1997 NA
1997 NA
1997 NA
1997 NA
1997 NA
1997 NA
1997 NA
1997 NA
1997 NA
1997 NA
1997 NA
1997 NA
1997 NA
1997 NA
1997 NA
1997 NA
1997 NA
1997 NA
1997 NA
1997 NA
1997 NA
1997 NA
1997 NA
1997 NA
1997 NA
1997 NA
1997 NA
1997 NA
1997 NA
1997 NA
1997 NA
1997 NA
1997 NA
1997 NA
1997 NA
1997 NA
1997 NA
1997 NA
1997 NA
1997 NA
1997 NA
1997 NA
1997 NA
1997 NA
1997 NA
1997 NA
1997 NA
1997 NA
1997 NA
1997 NA
1997 NA
1997 NA
1997 NA
1997 NA
1997 NA
1997 NA
1997 NA
1997 NA
1997 NA
1997 NA
1997 NA
1997 NA
1997 NA
1997 NA
1997 NA
1997 NA
1997 NA
1997 NA
1997 NA
1997 NA
1997 NA
1997 NA
1997 NA
1997 NA
1997 NA
1997 NA
1997 NA
1997 NA
1997 NA
1997 NA
1997 NA
1998 NA
1998 NA
1998 NA
1998 NA
1998 NA
1998 NA
1998 NA
1998 NA
1998 NA
1998 NA
1998 NA
1998 NA
1998 NA
1998 NA
1998 NA
1998 NA
1998 NA
1998 NA
1998 NA
1998 NA
1998 NA
1998 NA
1998 NA
1998 NA
1998 NA
1998 NA
1998 NA
1998 NA
1998 NA
1998 NA
1998 NA
1998 NA
1998 NA
1998 NA
1998 NA
1998 NA
1998 NA
1998 NA
1998 NA
1998 NA
1998 NA
1998 NA
1998 NA
1998 NA
1998 NA
1998 NA
1998 NA
1998 NA
1998 NA
1998 NA
1998 NA
1998 NA
1998 NA
1998 NA
1998 NA
1998 NA
1998 NA
1998 NA
1998 NA
1998 NA
1998 NA
1998 NA
1998 NA
1998 NA
1998 NA
1998 NA
1998 NA
1998 NA
1998 NA
1998 NA
1998 NA
1998 NA
1998 NA
1998 NA
1998 NA
1998 NA
1998 NA
1998 NA
1998 NA
1998 NA
1998 NA
1998 NA
1998 NA
1998 NA
1998 NA
1998 NA
1998 NA
1998 NA
1998 NA
1998 NA
1998 NA
1998 NA
1998 NA
1998 NA
1998 NA
1998 NA
1998 NA
1998 NA
1998 NA
1998 NA
1998 NA
1998 NA
1998 NA
1998 NA
1998 NA
1998 NA
1998 NA
1998 NA
1998 NA
1998 NA
1998 NA
1998 NA
1998 NA
1998 NA
1998 NA
1998 NA
1998 NA
1998 NA
1998 NA
1998 28
1998 24
1998 14
1998 NA
1998 NA
1998 NA
1998 NA
1998 NA
1998 0
1998 0
1998 NA
1998 0
1998 0
1998 NA
1998 0
1998 0
1998 3
1998 12
1998 6
1998 36
1998 34
1998 28
1998 40
1998 30
1998 28
1998 27
1998 25
1998 25
1998 25
1998 NA
1998 25
1998 NA
1998 25
1998 23
1998 NA
1998 22
1998 22
1998 22
1998 22
1998 NA
1998 NA
1998 20
1998 20
1998 18
1998 15
1998 12
1998 10
1998 8
1998 NA
1998 NA
1998 3
1998 2
1998 NA
1998 NA
1998 NA
1998 NA
1998 NA
1998 1
1998 NA
1998 NA
1998 NA
1998 NA
1998 NA
1998 NA
1998 NA
1998 NA
1998 NA
1998 NA
1998 NA
1998 NA
1998 NA
1998 NA
1998 NA
1998 NA
1998 NA
1998 NA
1998 NA
1998 NA
1998 NA
1998 NA
1998 NA
1998 NA
1998 NA
1998 NA
1998 NA
1998 NA
1998 NA
1998 NA
1998 NA
1998 NA
1998 NA
1998 NA
1998 NA
1998 NA
1998 NA
1998 NA
1998 NA
1998 NA
1998 NA
1998 NA
1998 NA
1998 NA
1998 NA
1998 NA
1998 NA
1998 NA
1998 NA
1998 NA
1998 NA
1998 NA
1998 NA
1998 NA
1998 NA
1998 NA
1998 NA
1998 NA
1998 NA
1998 NA
1998 NA
1998 NA
1998 NA
1998 NA
1998 NA
1998 NA
1998 NA
1998 NA
1998 NA
1998 NA
1998 NA
1998 NA
1998 NA
1998 NA
1998 NA
1998 NA
1998 NA
1998 NA
1998 NA
1998 NA
1998 NA
1998 NA
1998 NA
1998 NA
1998 NA
1998 NA
1998 NA
1998 NA
1998 NA
1998 NA
1998 NA
1998 NA
1998 NA
1998 NA
1998 NA
1998 NA
1998 NA
1998 NA
1998 NA
1998 NA
1998 NA
1998 NA
1998 NA
1998 NA
1998 NA
1998 NA
1998 NA
1998 NA
1998 NA
1998 NA
1998 NA
1998 NA
1998 NA
1998 NA
1998 NA
1998 NA
1998 NA
1998 NA
1998 NA
1998 NA
1998 NA
1998 NA
1998 NA
1998 NA
1998 NA
1998 NA
1998 NA
1998 NA
1998 NA
1998 NA
1998 NA
1998 NA
1998 NA
1998 NA
1998 NA
1998 NA
1998 NA
1998 NA
1998 NA
1998 NA
1998 NA
1998 NA
1998 NA
1998 NA
1998 NA
1998 NA
1998 NA
1998 NA
1998 NA
1998 NA
1998 NA
1998 NA
1998 NA
1998 NA
1998 NA
1998 NA
1998 NA
1998 NA
1998 NA
1998 NA
1998 NA
1998 NA
1998 NA
1998 NA
1998 NA
1998 NA
1998 NA
1998 NA
1998 NA
1998 NA
1998 NA
1998 NA
1998 NA
1998 NA
1998 NA
1998 NA
1998 NA
1998 NA
1998 NA
1998 NA
1998 NA
1998 NA
1998 NA
1998 NA
1998 NA
1998 NA
1998 NA
1998 NA
1999 NA
1999 NA
1999 NA
1999 NA
1999 NA
1999 NA
1999 NA
1999 NA
1999 NA
1999 NA
1999 NA
1999 NA
1999 NA
1999 NA
1999 NA
1999 NA
1999 NA
1999 NA
1999 NA
1999 NA
1999 NA
1999 NA
1999 NA
1999 NA
1999 NA
1999 NA
1999 NA
1999 NA
1999 NA
1999 NA
1999 NA
1999 NA
1999 NA
1999 NA
1999 NA
1999 NA
1999 NA
1999 NA
1999 NA
1999 NA
1999 NA
1999 NA
1999 NA
1999 NA
1999 NA
1999 NA
1999 NA
1999 NA
1999 NA
1999 NA
1999 NA
1999 NA
1999 NA
1999 NA
1999 NA
1999 NA
1999 NA
1999 NA
1999 NA
1999 NA
1999 NA
1999 NA
1999 NA
1999 NA
1999 NA
1999 NA
1999 NA
1999 NA
1999 NA
1999 NA
1999 NA
1999 NA
1999 NA
1999 NA
1999 NA
1999 NA
1999 NA
1999 NA
1999 NA
1999 NA
1999 NA
1999 NA
1999 NA
1999 NA
1999 NA
1999 NA
1999 NA
1999 NA
1999 NA
1999 NA
1999 NA
1999 NA
1999 NA
1999 NA
1999 NA
1999 NA
1999 NA
1999 NA
1999 NA
1999 NA
1999 NA
1999 NA
1999 NA
1999 NA
1999 NA
1999 NA
1999 NA
1999 NA
1999 NA
1999 NA
1999 NA
1999 NA
1999 NA
1999 NA
1999 6
1999 23
1999 18
1999 10
1999 10
1999 8
1999 6
1999 5
1999 NA
1999 NA
1999 NA
1999 3
1999 3
1999 NA
1999 1
1999 NA
1999 NA
1999 8
1999 47
1999 45
1999 55
1999 59
1999 50
1999 44
1999 33
1999 18
1999 18
1999 16
1999 NA
1999 12
1999 11
1999 NA
1999 11
1999 10
1999 25
1999 38
1999 61
1999 71
1999 66
1999 65
1999 NA
1999 64
1999 64
1999 64
1999 65
1999 82
1999 112
1999 118
1999 132
1999 NA
1999 125
1999 120
1999 110
1999 100
1999 96
1999 90
1999 95
1999 93
1999 90
1999 75
1999 70
1999 110
1999 110
1999 105
1999 100
1999 NA
1999 88
1999 78
1999 75
1999 72
1999 98
1999 95
1999 105
1999 110
1999 NA
1999 NA
1999 NA
1999 NA
1999 NA
1999 NA
1999 NA
1999 NA
1999 NA
1999 NA
1999 NA
1999 NA
1999 NA
1999 NA
1999 NA
1999 NA
1999 NA
1999 NA
1999 NA
1999 NA
1999 NA
1999 NA
1999 NA
1999 NA
1999 NA
1999 NA
1999 NA
1999 NA
1999 NA
1999 NA
1999 NA
1999 NA
1999 NA
1999 NA
1999 NA
1999 NA
1999 NA
1999 NA
1999 NA
1999 NA
1999 NA
1999 NA
1999 NA
1999 NA
1999 NA
1999 NA
1999 NA
1999 NA
1999 NA
1999 NA
1999 NA
1999 NA
1999 NA
1999 NA
1999 NA
1999 NA
1999 NA
1999 NA
1999 NA
1999 NA
1999 NA
1999 NA
1999 NA
1999 NA
1999 NA
1999 NA
1999 NA
1999 NA
1999 NA
1999 NA
1999 NA
1999 NA
1999 NA
1999 NA
1999 NA
1999 NA
1999 NA
1999 NA
1999 NA
1999 NA
1999 NA
1999 NA
1999 NA
1999 NA
1999 NA
1999 NA
1999 NA
1999 NA
1999 NA
1999 NA
1999 NA
1999 NA
1999 NA
1999 NA
1999 NA
1999 NA
1999 NA
1999 NA
1999 NA
1999 NA
1999 NA
1999 NA
1999 NA
1999 NA
1999 NA
1999 NA
1999 NA
1999 NA
1999 NA
1999 NA
1999 NA
1999 NA
1999 NA
1999 NA
1999 NA
1999 NA
1999 NA
1999 NA
1999 NA
1999 NA
1999 NA
1999 NA
1999 NA
1999 NA
1999 NA
1999 NA
1999 NA
1999 NA
1999 NA
1999 NA
1999 NA
1999 NA
1999 NA
1999 NA
1999 NA
1999 NA
1999 NA
1999 NA
1999 NA
1999 NA
1999 NA
1999 NA
1999 NA
1999 NA
1999 NA
1999 NA
1999 NA
1999 NA
1999 NA
1999 NA
1999 NA
1999 NA
1999 NA
1999 NA
1999 NA
1999 NA
1999 NA
1999 NA
1999 NA
1999 NA
1999 NA
1999 NA
1999 NA
1999 NA
1999 NA
1999 NA
1999 NA
1999 NA
1999 NA
1999 NA
1999 NA
1999 NA
1999 NA
1999 NA
1999 NA
1999 NA
1999 NA
2000 NA
2000 NA
2000 NA
2000 NA
2000 NA
2000 NA
2000 NA
2000 NA
2000 NA
2000 NA
2000 NA
2000 NA
2000 NA
2000 NA
2000 NA
2000 NA
2000 NA
2000 NA
2000 NA
2000 NA
2000 NA
2000 NA
2000 NA
2000 NA
2000 NA
2000 NA
2000 NA
2000 NA
2000 NA
2000 NA
2000 NA
2000 NA
2000 NA
2000 NA
2000 NA
2000 NA
2000 NA
2000 NA
2000 NA
2000 NA
2000 NA
2000 NA
2000 NA
2000 NA
2000 NA
2000 NA
2000 NA
2000 NA
2000 NA
2000 NA
2000 NA
2000 NA
2000 NA
2000 NA
2000 NA
2000 NA
2000 NA
2000 NA
2000 NA
2000 NA
2000 NA
2000 NA
2000 NA
2000 NA
2000 NA
2000 NA
2000 NA
2000 NA
2000 NA
2000 NA
2000 NA
2000 NA
2000 NA
2000 NA
2000 NA
2000 NA
2000 NA
2000 NA
2000 NA
2000 NA
2000 NA
2000 NA
2000 NA
2000 NA
2000 NA
2000 NA
2000 NA
2000 NA
2000 NA
2000 NA
2000 NA
2000 NA
2000 NA
2000 NA
2000 NA
2000 NA
2000 NA
2000 NA
2000 NA
2000 NA
2000 NA
2000 NA
2000 NA
2000 NA
2000 NA
2000 NA
2000 NA
2000 NA
2000 NA
2000 15
2000 13
2000 13
2000 13
2000 13
2000 12
2000 NA
2000 NA
2000 3
2000 13
2000 58
2000 55
2000 50
2000 48
2000 45
2000 43
2000 NA
2000 NA
2000 40
2000 37
2000 30
2000 28
2000 NA
2000 30
2000 30
2000 30
2000 NA
2000 30
2000 30
2000 NA
2000 30
2000 NA
2000 30
2000 NA
2000 30
2000 52
2000 50
2000 45
2000 NA
2000 45
2000 40
2000 40
2000 38
2000 NA
2000 NA
2000 NA
2000 NA
2000 20
2000 15
2000 13
2000 13
2000 10
2000 8
2000 9
2000 5
2000 6
2000 6
2000 NA
2000 4
2000 2
2000 28
2000 31
2000 30
2000 40
2000 35
2000 34
2000 32
2000 30
2000 28
2000 24
2000 22
2000 15
2000 10
2000 10
2000 22
2000 17
2000 12
2000 NA
2000 NA
2000 NA
2000 NA
2000 NA
2000 NA
2000 NA
2000 NA
2000 NA
2000 NA
2000 NA
2000 NA
2000 NA
2000 NA
2000 NA
2000 NA
2000 NA
2000 NA
2000 NA
2000 NA
2000 NA
2000 NA
2000 NA
2000 NA
2000 NA
2000 NA
2000 NA
2000 NA
2000 NA
2000 NA
2000 NA
2000 NA
2000 NA
2000 NA
2000 NA
2000 NA
2000 NA
2000 NA
2000 NA
2000 NA
2000 NA
2000 NA
2000 NA
2000 NA
2000 NA
2000 NA
2000 NA
2000 NA
2000 NA
2000 NA
2000 NA
2000 NA
2000 NA
2000 NA
2000 NA
2000 NA
2000 NA
2000 NA
2000 NA
2000 NA
2000 NA
2000 NA
2000 NA
2000 NA
2000 NA
2000 NA
2000 NA
2000 NA
2000 NA
2000 NA
2000 NA
2000 NA
2000 NA
2000 NA
2000 NA
2000 NA
2000 NA
2000 NA
2000 NA
2000 NA
2000 NA
2000 NA
2000 NA
2000 NA
2000 NA
2000 NA
2000 NA
2000 NA
2000 NA
2000 NA
2000 NA
2000 NA
2000 NA
2000 NA
2000 NA
2000 NA
2000 NA
2000 NA
2000 NA
2000 NA
2000 NA
2000 NA
2000 NA
2000 NA
2000 NA
2000 NA
2000 NA
2000 NA
2000 NA
2000 NA
2000 NA
2000 NA
2000 NA
2000 NA
2000 NA
2000 NA
2000 NA
2000 NA
2000 NA
2000 NA
2000 NA
2000 NA
2000 NA
2000 NA
2000 NA
2000 NA
2000 NA
2000 NA
2000 NA
2000 NA
2000 NA
2000 NA
2000 NA
2000 NA
2000 NA
2000 NA
2000 NA
2000 NA
2000 NA
2000 NA
2000 NA
2000 NA
2000 NA
2000 NA
2000 NA
2000 NA
2000 NA
2000 NA
2000 NA
2000 NA
2000 NA
2000 NA
2000 NA
2000 NA
2000 NA
2000 NA
2000 NA
2000 NA
2000 NA
2000 NA
2000 NA
2000 NA
2000 NA
2000 NA
2000 NA
2000 NA
2000 NA
2000 NA
2000 NA
2000 NA
2000 NA
2000 NA
2000 NA
2000 NA
2000 NA
2000 NA
2000 NA
2000 NA
2000 NA
2000 NA
2001 NA
2001 NA
2001 NA
2001 NA
2001 NA
2001 NA
2001 NA
2001 NA
2001 NA
2001 NA
2001 NA
2001 NA
2001 NA
2001 NA
2001 NA
2001 NA
2001 NA
2001 NA
2001 NA
2001 NA
2001 NA
2001 NA
2001 NA
2001 NA
2001 NA
2001 NA
2001 NA
2001 NA
2001 NA
2001 NA
2001 NA
2001 NA
2001 NA
2001 NA
2001 NA
2001 NA
2001 NA
2001 NA
2001 NA
2001 NA
2001 NA
2001 NA
2001 NA
2001 NA
2001 NA
2001 NA
2001 NA
2001 NA
2001 NA
2001 NA
2001 NA
2001 NA
2001 NA
2001 NA
2001 NA
2001 NA
2001 NA
2001 NA
2001 NA
2001 NA
2001 NA
2001 NA
2001 NA
2001 NA
2001 NA
2001 NA
2001 NA
2001 NA
2001 NA
2001 NA
2001 NA
2001 NA
2001 NA
2001 NA
2001 NA
2001 NA
2001 NA
2001 NA
2001 NA
2001 NA
2001 NA
2001 NA
2001 NA
2001 NA
2001 NA
2001 NA
2001 NA
2001 NA
2001 NA
2001 NA
2001 NA
2001 NA
2001 NA
2001 NA
2001 NA
2001 NA
2001 NA
2001 NA
2001 NA
2001 NA
2001 NA
2001 NA
2001 NA
2001 NA
2001 NA
2001 NA
2001 NA
2001 NA
2001 NA
2001 NA
2001 NA
2001 NA
2001 NA
2001 NA
2001 NA
2001 NA
2001 NA
2001 NA
2001 NA
2001 NA
2001 NA
2001 NA
2001 NA
2001 NA
2001 0
2001 NA
2001 0
2001 NA
2001 NA
2001 NA
2001 3
2001 1
2001 1
2001 0
2001 NA
2001 NA
2001 NA
2001 0
2001 NA
2001 4
2001 10
2001 16
2001 10
2001 8
2001 2
2001 0
2001 0
2001 3
2001 NA
2001 NA
2001 3
2001 1
2001 1
2001 1
2001 0
2001 NA
2001 NA
2001 0
2001 0
2001 0
2001 0
2001 4
2001 NA
2001 NA
2001 NA
2001 0
2001 0
2001 NA
2001 NA
2001 NA
2001 NA
2001 0
2001 0
2001 0
2001 0
2001 0
2001 NA
2001 NA
2001 2
2001 0
2001 6
2001 5
2001 6
2001 NA
2001 NA
2001 0
2001 0
2001 0
2001 0
2001 NA
2001 NA
2001 NA
2001 NA
2001 NA
2001 NA
2001 NA
2001 NA
2001 NA
2001 NA
2001 NA
2001 NA
2001 NA
2001 NA
2001 NA
2001 NA
2001 NA
2001 NA
2001 NA
2001 NA
2001 NA
2001 NA
2001 NA
2001 NA
2001 NA
2001 NA
2001 NA
2001 NA
2001 NA
2001 NA
2001 NA
2001 NA
2001 NA
2001 NA
2001 NA
2001 NA
2001 NA
2001 NA
2001 NA
2001 NA
2001 NA
2001 NA
2001 NA
2001 NA
2001 NA
2001 NA
2001 NA
2001 NA
2001 NA
2001 NA
2001 NA
2001 NA
2001 NA
2001 NA
2001 NA
2001 NA
2001 NA
2001 NA
2001 NA
2001 NA
2001 NA
2001 NA
2001 NA
2001 NA
2001 NA
2001 NA
2001 NA
2001 NA
2001 NA
2001 NA
2001 NA
2001 NA
2001 NA
2001 NA
2001 NA
2001 NA
2001 NA
2001 NA
2001 NA
2001 NA
2001 NA
2001 NA
2001 NA
2001 NA
2001 NA
2001 NA
2001 NA
2001 NA
2001 NA
2001 NA
2001 NA
2001 NA
2001 NA
2001 NA
2001 NA
2001 NA
2001 NA
2001 NA
2001 NA
2001 NA
2001 NA
2001 NA
2001 NA
2001 NA
2001 NA
2001 NA
2001 NA
2001 NA
2001 NA
2001 NA
2001 NA
2001 NA
2001 NA
2001 NA
2001 NA
2001 NA
2001 NA
2001 NA
2001 NA
2001 NA
2001 NA
2001 NA
2001 NA
2001 NA
2001 NA
2001 NA
2001 NA
2001 NA
2001 NA
2001 NA
2001 NA
2001 NA
2001 NA
2001 NA
2001 NA
2001 NA
2001 NA
2001 NA
2001 NA
2001 NA
2001 NA
2001 NA
2001 NA
2001 NA
2001 NA
2001 NA
2001 NA
2001 NA
2001 NA
2001 NA
2001 NA
2001 NA
2001 NA
2001 NA
2001 NA
2001 NA
2001 NA
2001 NA
2001 NA
2001 NA
2001 NA
2001 NA
2001 NA
2001 NA
2001 NA
2001 NA
2001 NA
2001 NA
2001 NA
2001 NA
2001 NA
2001 NA
2001 NA
2001 NA
2001 NA
2001 NA
2002 NA
2002 NA
2002 NA
2002 NA
2002 NA
2002 NA
2002 NA
2002 NA
2002 NA
2002 NA
2002 NA
2002 NA
2002 NA
2002 NA
2002 NA
2002 NA
2002 NA
2002 NA
2002 NA
2002 NA
2002 NA
2002 NA
2002 NA
2002 NA
2002 NA
2002 NA
2002 NA
2002 NA
2002 NA
2002 NA
2002 NA
2002 NA
2002 NA
2002 NA
2002 NA
2002 NA
2002 NA
2002 NA
2002 NA
2002 NA
2002 NA
2002 NA
2002 NA
2002 NA
2002 NA
2002 NA
2002 NA
2002 NA
2002 NA
2002 NA
2002 NA
2002 NA
2002 NA
2002 NA
2002 NA
2002 NA
2002 NA
2002 NA
2002 NA
2002 NA
2002 NA
2002 NA
2002 NA
2002 NA
2002 NA
2002 NA
2002 NA
2002 NA
2002 NA
2002 NA
2002 NA
2002 NA
2002 NA
2002 NA
2002 NA
2002 NA
2002 NA
2002 NA
2002 NA
2002 NA
2002 NA
2002 NA
2002 NA
2002 NA
2002 NA
2002 NA
2002 NA
2002 NA
2002 NA
2002 NA
2002 NA
2002 NA
2002 NA
2002 NA
2002 NA
2002 NA
2002 NA
2002 NA
2002 NA
2002 NA
2002 NA
2002 NA
2002 NA
2002 NA
2002 NA
2002 NA
2002 NA
2002 NA
2002 NA
2002 NA
2002 NA
2002 NA
2002 NA
2002 NA
2002 NA
2002 NA
2002 NA
2002 32
2002 30
2002 20
2002 12
2002 12
2002 12
2002 12
2002 12
2002 11
2002 11
2002 11
2002 11
2002 NA
2002 11
2002 11
2002 NA
2002 10
2002 10
2002 10
2002 10
2002 20
2002 19
2002 19
2002 19
2002 19
2002 18
2002 NA
2002 14
2002 11
2002 15
2002 NA
2002 NA
2002 9
2002 5
2002 2
2002 1
2002 1
2002 NA
2002 NA
2002 0
2002 0
2002 19
2002 23
2002 20
2002 15
2002 9
2002 3
2002 NA
2002 0
2002 0
2002 32
2002 25
2002 20
2002 15
2002 13
2002 12
2002 36
2002 28
2002 22
2002 27
2002 25
2002 23
2002 15
2002 13
2002 11
2002 15
2002 27
2002 NA
2002 NA
2002 NA
2002 NA
2002 NA
2002 NA
2002 NA
2002 NA
2002 NA
2002 NA
2002 NA
2002 NA
2002 NA
2002 NA
2002 NA
2002 NA
2002 NA
2002 NA
2002 NA
2002 NA
2002 NA
2002 NA
2002 NA
2002 NA
2002 NA
2002 NA
2002 NA
2002 NA
2002 NA
2002 NA
2002 NA
2002 NA
2002 NA
2002 NA
2002 NA
2002 NA
2002 NA
2002 NA
2002 NA
2002 NA
2002 NA
2002 NA
2002 NA
2002 NA
2002 NA
2002 NA
2002 NA
2002 NA
2002 NA
2002 NA
2002 NA
2002 NA
2002 NA
2002 NA
2002 NA
2002 NA
2002 NA
2002 NA
2002 NA
2002 NA
2002 NA
2002 NA
2002 NA
2002 NA
2002 NA
2002 NA
2002 NA
2002 NA
2002 NA
2002 NA
2002 NA
2002 NA
2002 NA
2002 NA
2002 NA
2002 NA
2002 NA
2002 NA
2002 NA
2002 NA
2002 NA
2002 NA
2002 NA
2002 NA
2002 NA
2002 NA
2002 NA
2002 NA
2002 NA
2002 NA
2002 NA
2002 NA
2002 NA
2002 NA
2002 NA
2002 NA
2002 NA
2002 NA
2002 NA
2002 NA
2002 NA
2002 NA
2002 NA
2002 NA
2002 NA
2002 NA
2002 NA
2002 NA
2002 NA
2002 NA
2002 NA
2002 NA
2002 NA
2002 NA
2002 NA
2002 NA
2002 NA
2002 NA
2002 NA
2002 NA
2002 NA
2002 NA
2002 NA
2002 NA
2002 NA
2002 NA
2002 NA
2002 NA
2002 NA
2002 NA
2002 NA
2002 NA
2002 NA
2002 NA
2002 NA
2002 NA
2002 NA
2002 NA
2002 NA
2002 NA
2002 NA
2002 NA
2002 NA
2002 NA
2002 NA
2002 NA
2002 NA
2002 NA
2002 NA
2002 NA
2002 NA
2002 NA
2002 NA
2002 NA
2002 NA
2002 NA
2002 NA
2002 NA
2002 NA
2002 NA
2002 NA
2002 NA
2002 NA
2002 NA
2002 NA
2002 NA
2002 NA
2002 NA
2002 NA
2002 NA
2002 NA
2002 NA
2002 NA
2002 NA
2002 NA
2002 NA
2002 NA
2002 NA
2002 NA
2002 NA
2002 NA
2003 NA
2003 NA
2003 NA
2003 NA
2003 NA
2003 NA
2003 NA
2003 NA
2003 NA
2003 NA
2003 NA
2003 NA
2003 NA
2003 NA
2003 NA
2003 NA
2003 NA
2003 NA
2003 NA
2003 NA
2003 NA
2003 NA
2003 NA
2003 NA
2003 NA
2003 NA
2003 NA
2003 NA
2003 NA
2003 NA
2003 NA
2003 NA
2003 NA
2003 NA
2003 NA
2003 NA
2003 NA
2003 NA
2003 NA
2003 NA
2003 NA
2003 NA
2003 NA
2003 NA
2003 NA
2003 NA
2003 NA
2003 NA
2003 NA
2003 NA
2003 NA
2003 NA
2003 NA
2003 NA
2003 NA
2003 NA
2003 NA
2003 NA
2003 NA
2003 NA
2003 NA
2003 NA
2003 NA
2003 NA
2003 NA
2003 NA
2003 NA
2003 NA
2003 NA
2003 NA
2003 NA
2003 NA
2003 NA
2003 NA
2003 NA
2003 NA
2003 NA
2003 NA
2003 NA
2003 NA
2003 NA
2003 NA
2003 NA
2003 NA
2003 NA
2003 NA
2003 NA
2003 NA
2003 NA
2003 NA
2003 NA
2003 NA
2003 NA
2003 NA
2003 NA
2003 NA
2003 NA
2003 NA
2003 NA
2003 NA
2003 NA
2003 NA
2003 NA
2003 NA
2003 NA
2003 NA
2003 NA
2003 NA
2003 NA
2003 NA
2003 NA
2003 NA
2003 NA
2003 NA
2003 NA
2003 NA
2003 NA
2003 NA
2003 NA
2003 NA
2003 NA
2003 NA
2003 NA
2003 NA
2003 NA
2003 NA
2003 NA
2003 NA
2003 NA
2003 NA
2003 NA
2003 NA
2003 NA
2003 NA
2003 10
2003 10
2003 7
2003 NA
2003 NA
2003 NA
2003 NA
2003 10
2003 5
2003 7
2003 17
2003 20
2003 NA
2003 15
2003 NA
2003 12
2003 20
2003 70
2003 NA
2003 52
2003 NA
2003 43
2003 46
2003 60
2003 NA
2003 56
2003 53
2003 50
2003 50
2003 50
2003 48
2003 48
2003 48
2003 47
2003 47
2003 50
2003 48
2003 48
2003 47
2003 45
2003 42
2003 40
2003 40
2003 37
2003 35
2003 32
2003 30
2003 28
2003 22
2003 22
2003 20
2003 15
2003 NA
2003 10
2003 8
2003 8
2003 NA
2003 NA
2003 NA
2003 NA
2003 NA
2003 NA
2003 NA
2003 NA
2003 NA
2003 NA
2003 NA
2003 NA
2003 NA
2003 NA
2003 NA
2003 NA
2003 NA
2003 NA
2003 NA
2003 NA
2003 NA
2003 NA
2003 NA
2003 NA
2003 NA
2003 NA
2003 NA
2003 NA
2003 NA
2003 70
2003 NA
2003 NA
2003 NA
2003 NA
2003 NA
2003 NA
2003 NA
2003 NA
2003 NA
2003 NA
2003 NA
2003 NA
2003 NA
2003 NA
2003 NA
2003 NA
2003 NA
2003 NA
2003 NA
2003 NA
2003 NA
2003 NA
2003 NA
2003 NA
2003 NA
2003 NA
2003 NA
2003 NA
2003 NA
2003 NA
2003 NA
2003 NA
2003 NA
2003 NA
2003 NA
2003 NA
2003 NA
2003 NA
2003 NA
2003 NA
2003 NA
2003 NA
2003 NA
2003 NA
2003 NA
2003 NA
2003 NA
2003 NA
2003 NA
2003 NA
2003 NA
2003 NA
2003 NA
2003 NA
2003 NA
2003 NA
2003 NA
2003 NA
2003 NA
2003 NA
2003 NA
2003 NA
2003 NA
2003 NA
2003 NA
2003 NA
2003 NA
2003 NA
2003 NA
2003 NA
2003 NA
2003 NA
2003 NA
2003 NA
2003 NA
2003 NA
2003 NA
2003 NA
2003 NA
2003 NA
2003 NA
2003 NA
2003 NA
2003 NA
2003 NA
2003 NA
2003 NA
2003 NA
2003 NA
2003 NA
2003 NA
2003 NA
2003 NA
2003 NA
2003 NA
2003 NA
2003 NA
2003 NA
2003 NA
2003 NA
2003 NA
2003 NA
2003 NA
2003 NA
2003 NA
2003 NA
2003 NA
2003 NA
2003 NA
2003 NA
2003 NA
2003 NA
2003 NA
2003 NA
2003 NA
2003 NA
2003 NA
2003 NA
2003 NA
2003 NA
2003 NA
2003 NA
2003 NA
2003 NA
2003 NA
2003 NA
2003 NA
2003 NA
2003 NA
2003 NA
2003 NA
2003 NA
2003 NA
2003 NA
2003 NA
2003 NA
2003 NA
2003 NA
2003 NA
2003 NA
2003 NA
2003 NA
2003 NA
2003 NA
2003 NA
2004 NA
2004 NA
2004 NA
2004 NA
2004 NA
2004 NA
2004 NA
2004 NA
2004 NA
2004 NA
2004 NA
2004 NA
2004 NA
2004 NA
2004 NA
2004 NA
2004 NA
2004 NA
2004 NA
2004 NA
2004 NA
2004 NA
2004 NA
2004 NA
2004 NA
2004 NA
2004 NA
2004 NA
2004 NA
2004 NA
2004 NA
2004 NA
2004 NA
2004 NA
2004 NA
2004 NA
2004 NA
2004 NA
2004 NA
2004 NA
2004 NA
2004 NA
2004 NA
2004 NA
2004 NA
2004 NA
2004 NA
2004 NA
2004 NA
2004 NA
2004 NA
2004 NA
2004 NA
2004 NA
2004 NA
2004 NA
2004 NA
2004 NA
2004 NA
2004 NA
2004 NA
2004 NA
2004 NA
2004 NA
2004 NA
2004 NA
2004 NA
2004 NA
2004 NA
2004 NA
2004 NA
2004 NA
2004 NA
2004 NA
2004 NA
2004 NA
2004 NA
2004 NA
2004 NA
2004 NA
2004 NA
2004 NA
2004 NA
2004 NA
2004 NA
2004 NA
2004 NA
2004 NA
2004 NA
2004 NA
2004 NA
2004 NA
2004 NA
2004 NA
2004 NA
2004 NA
2004 NA
2004 NA
2004 NA
2004 NA
2004 NA
2004 NA
2004 NA
2004 NA
2004 NA
2004 NA
2004 NA
2004 NA
2004 NA
2004 NA
2004 NA
2004 NA
2004 NA
2004 NA
2004 NA
2004 NA
2004 NA
2004 NA
2004 6
2004 10
2004 10
2004 10
2004 NA
2004 NA
2004 10
2004 10
2004 NA
2004 10
2004 8
2004 5
2004 NA
2004 NA
2004 NA
2004 NA
2004 NA
2004 NA
2004 NA
2004 NA
2004 8
2004 30
2004 25
2004 25
2004 23
2004 20
2004 22
2004 21
2004 26
2004 22
2004 NA
2004 NA
2004 NA
2004 NA
2004 52
2004 39
2004 NA
2004 NA
2004 25
2004 NA
2004 NA
2004 NA
2004 NA
2004 33
2004 10
2004 10
2004 10
2004 10
2004 9
2004 9
2004 9
2004 8
2004 5
2004 7
2004 7
2004 3
2004 NA
2004 9
2004 9
2004 8
2004 5
2004 5
2004 5
2004 5
2004 7
2004 8
2004 8
2004 6
2004 NA
2004 NA
2004 NA
2004 NA
2004 NA
2004 NA
2004 NA
2004 NA
2004 NA
2004 NA
2004 NA
2004 NA
2004 NA
2004 NA
2004 NA
2004 NA
2004 NA
2004 NA
2004 NA
2004 NA
2004 NA
2004 NA
2004 NA
2004 NA
2004 NA
2004 NA
2004 NA
2004 NA
2004 NA
2004 NA
2004 NA
2004 NA
2004 NA
2004 NA
2004 NA
2004 NA
2004 NA
2004 NA
2004 NA
2004 NA
2004 NA
2004 NA
2004 NA
2004 NA
2004 NA
2004 NA
2004 NA
2004 NA
2004 NA
2004 NA
2004 NA
2004 NA
2004 NA
2004 NA
2004 NA
2004 NA
2004 NA
2004 NA
2004 NA
2004 NA
2004 NA
2004 NA
2004 NA
2004 NA
2004 NA
2004 NA
2004 NA
2004 NA
2004 NA
2004 NA
2004 NA
2004 NA
2004 NA
2004 NA
2004 NA
2004 NA
2004 NA
2004 NA
2004 NA
2004 NA
2004 NA
2004 NA
2004 NA
2004 NA
2004 NA
2004 NA
2004 NA
2004 NA
2004 NA
2004 NA
2004 NA
2004 NA
2004 NA
2004 NA
2004 NA
2004 NA
2004 NA
2004 NA
2004 NA
2004 NA
2004 NA
2004 NA
2004 NA
2004 NA
2004 NA
2004 NA
2004 NA
2004 NA
2004 NA
2004 NA
2004 NA
2004 NA
2004 NA
2004 NA
2004 NA
2004 NA
2004 NA
2004 NA
2004 NA
2004 NA
2004 NA
2004 NA
2004 NA
2004 NA
2004 NA
2004 NA
2004 NA
2004 NA
2004 NA
2004 NA
2004 NA
2004 NA
2004 NA
2004 NA
2004 NA
2004 NA
2004 NA
2004 NA
2004 NA
2004 NA
2004 NA
2004 NA
2004 NA
2004 NA
2004 NA
2004 NA
2004 NA
2004 NA
2004 NA
2004 NA
2004 NA
2004 NA
2004 NA
2004 NA
2004 NA
2004 NA
2004 NA
2004 NA
2004 NA
2004 NA
2004 NA
2004 NA
2004 NA
2004 NA
2004 NA
2004 NA
2004 NA
2004 NA
2004 NA
2004 NA
2004 NA
2004 NA
2004 NA
2004 NA
2004 NA
2004 NA
2004 NA
2004 NA
2004 NA
2004 NA
