2000 0
2000 0
2000 0
2000 0
2000 0
2000 0
2000 0
2000 0
2000 0
2000 0
2000 0
2000 0
2000 0
2000 0
2000 0
2000 0
2000 0
2000 0
2000 0
2000 0
2000 0
2000 0
2000 0
2000 0
2000 0
2000 0
2000 0
2000 0
2000 0
2000 0
2000 0
2000 0
2000 0
2000 0
2000 0
2000 0
2000 0
2000 0
2000 0
2000 0
2000 0
2000 0
2000 0
2000 0
2000 0
2000 0
2000 0
2000 0
2000 0
2000 0
2000 0
2000 0
2000 0
2000 0
2000 0
2000 0
2000 0
2000 0
2000 0
2000 0
2000 0
2000 0
2000 0
2000 0
2000 0
2000 0
2000 0
2000 0
2000 0
2000 0
2000 3
2000 4
2000 1
2000 0
2000 0
2000 4
2000 3
2000 1
2000 9
2000 16
2000 16
2000 12
2000 15
2000 40
2000 70
2000 60
2000 44
2000 43
2000 42
2000 42
2000 41
2000 41
2000 41
2000 32
2000 31
2000 35
2000 40
2000 38
2000 37
2000 34
2000 34
2000 32
2000 31
2000 30
2000 30
2000 38
2000 41
2000 42
2000 41
2000 39
2000 51
2000 58
2000 57
2000 55
2000 51
2000 49
2000 46
2000 43
2000 46
2000 74
2000 79
2000 71
2000 70
2000 76
2000 73
2000 72
2000 69
2000 68
2000 67
2000 67
2000 67
2000 66
2000 66
2000 65
2000 65
2000 65
2000 64
2000 64
2000 64
2000 57
2000 66
2000 65
2000 73
2000 93
2000 112
2000 107
2000 101
2000 100
2000 99
2000 98
2000 97
2000 74
2000 65
2000 64
2000 63
2000 60
2000 59
2000 56
2000 50
2000 47
2000 45
2000 44
2000 53
2000 52
2000 51
2000 50
2000 52
2000 54
2000 52
2000 64
2000 86
2000 108
2000 93
2000 124
2000 111
2000 104
2000 100
2000 93
2000 82
2000 77
2000 73
2000 69
2000 65
2000 70
2000 67
2000 63
2000 68
2000 63
2000 58
2000 55
2000 51
2000 45
2000 42
2000 40
2000 38
2000 32
2000 34
2000 40
2000 39
2000 40
2000 40
2000 43
2000 37
2000 36
2000 34
2000 30
2000 28
2000 27
2000 22
2000 20
2000 15
2000 10
2000 5
2000 0
2000 0
2000 0
2000 0
2000 0
2000 0
2000 0
2000 0
2000 0
2000 0
2000 0
2000 0
2000 0
2000 0
2000 0
2000 0
2000 0
2000 0
2000 0
2000 0
2000 0
2000 0
2000 0
2000 0
2000 0
2000 0
2000 0
2000 0
2000 0
2000 0
2000 0
2000 0
2000 0
2000 0
2000 0
2000 0
2000 0
2000 0
2000 0
2000 0
2000 0
2000 0
2000 0
2000 0
2000 0
2000 0
2000 0
2000 0
2000 0
2000 0
2000 0
2000 0
2000 0
2000 0
2000 0
2000 0
2000 0
2000 0
2000 0
2000 0
2000 0
2000 0
2000 0
2000 0
2000 0
2000 0
2000 0
2000 0
2000 0
2000 0
2000 0
2000 0
2000 0
2000 0
2000 0
2000 0
2000 0
2000 0
2000 0
2000 0
2000 0
2000 0
2000 0
2000 0
2000 0
2000 0
2000 0
2000 0
2000 0
2000 0
2000 0
2000 0
2000 0
2000 0
2000 0
2000 0
2000 0
2000 0
2000 0
2000 0
2000 0
2000 0
2000 0
2000 0
2000 0
2000 0
2000 0
2000 0
2000 0
2000 0
2000 0
2000 0
2000 0
2000 0
2000 0
2000 0
2000 0
2000 0
2000 0
2000 0
2000 0
2000 0
2000 0
2000 0
2000 0
2000 0
2000 0
2000 0
2000 0
2000 0
2000 0
2000 0
2000 0
2000 0
2000 0
2000 0
2000 0
2000 0
2000 0
2000 0
2000 0
2000 0
2000 0
2000 0
2000 0
2000 0
2000 0
2000 0
2000 0
2000 0
2000 0
2000 0
2000 0
2001 0
2001 0
2001 0
2001 0
2001 0
2001 0
2001 0
2001 0
2001 0
2001 0
2001 0
2001 0
2001 0
2001 0
2001 0
2001 0
2001 0
2001 0
2001 0
2001 0
2001 0
2001 0
2001 0
2001 0
2001 0
2001 0
2001 0
2001 0
2001 0
2001 0
2001 0
2001 0
2001 0
2001 0
2001 0
2001 0
2001 0
2001 0
2001 0
2001 0
2001 0
2001 0
2001 0
2001 0
2001 0
2001 0
2001 0
2001 0
2001 0
2001 0
2001 0
2001 0
2001 0
2001 0
2001 0
2001 0
2001 0
2001 0
2001 0
2001 0
2001 0
2001 0
2001 0
2001 0
2001 0
2001 0
2001 0
2001 0
2001 0
2001 0
2001 0
2001 0
2001 0
2001 0
2001 0
2001 0
2001 0
2001 0
2001 0
2001 0
2001 0
2001 0
2001 0
2001 0
2001 0
2001 0
2001 0
2001 0
2001 0
2001 0
2001 0
2001 0
2001 0
2001 0
2001 0
2001 0
2001 0
2001 0
2001 0
2001 0
2001 0
2001 0
2001 0
2001 0
2001 0
2001 0
2001 2
2001 9
2001 14
2001 30
2001 22
2001 22
2001 21
2001 21
2001 21
2001 21
2001 20
2001 20
2001 20
2001 21
2001 35
2001 39
2001 37
2001 34
2001 30
2001 27
2001 26
2001 25
2001 24
2001 27
2001 34
2001 32
2001 30
2001 29
2001 28
2001 28
2001 27
2001 27
2001 27
2001 27
2001 27
2001 27
2001 27
2001 27
2001 26
2001 26
2001 23
2001 20
2001 19
2001 18
2001 18
2001 18
2001 21
2001 33
2001 51
2001 81
2001 95
2001 87
2001 84
2001 81
2001 78
2001 76
2001 68
2001 64
2001 61
2001 58
2001 56
2001 54
2001 51
2001 49
2001 45
2001 43
2001 49
2001 54
2001 57
2001 62
2001 82
2001 74
2001 72
2001 63
2001 58
2001 57
2001 60
2001 56
2001 54
2001 52
2001 50
2001 49
2001 47
2001 45
2001 42
2001 39
2001 36
2001 33
2001 29
2001 28
2001 23
2001 20
2001 16
2001 9
2001 4
2001 0
2001 0
2001 0
2001 0
2001 0
2001 0
2001 1
2001 0
2001 0
2001 0
2001 0
2001 0
2001 0
2001 0
2001 0
2001 0
2001 0
2001 0
2001 0
2001 0
2001 0
2001 0
2001 0
2001 2
2001 6
2001 3
2001 5
2001 0
2001 0
2001 2
2001 1
2001 7
2001 2
2001 0
2001 0
2001 0
2001 0
2001 0
2001 0
2001 0
2001 0
2001 0
2001 0
2001 0
2001 0
2001 0
2001 0
2001 0
2001 0
2001 0
2001 0
2001 0
2001 0
2001 0
2001 0
2001 0
2001 0
2001 0
2001 0
2001 0
2001 0
2001 0
2001 0
2001 0
2001 0
2001 0
2001 0
2001 0
2001 0
2001 0
2001 0
2001 0
2001 0
2001 0
2001 0
2001 0
2001 0
2001 0
2001 0
2001 0
2001 0
2001 0
2001 0
2001 0
2001 0
2001 0
2001 0
2001 0
2001 0
2001 0
2001 0
2001 0
2001 0
2001 0
2001 0
2001 0
2001 0
2001 0
2001 0
2001 0
2001 0
2001 0
2001 0
2001 0
2001 0
2001 0
2001 0
2001 0
2001 0
2001 0
2001 0
2001 0
2001 0
2001 0
2001 0
2001 0
2001 0
2001 0
2001 0
2001 0
2001 0
2001 0
2001 0
2001 0
2001 0
2001 0
2001 0
2001 0
2001 0
2001 0
2001 0
2001 0
2001 0
2001 0
2001 0
2001 0
2001 0
2001 0
2001 0
2001 0
2001 0
2001 0
2001 0
2001 0
2001 0
2001 0
2001 0
2001 0
2001 0
2001 0
2001 0
2001 0
2001 0
2001 0
2001 0
2001 0
2001 0
2001 0
2001 0
2001 0
2001 0
2001 0
2001 0
2001 0
2002 0
2002 0
2002 0
2002 0
2002 0
2002 0
2002 0
2002 0
2002 0
2002 0
2002 0
2002 0
2002 0
2002 0
2002 0
2002 0
2002 0
2002 0
2002 0
2002 0
2002 0
2002 0
2002 0
2002 0
2002 0
2002 0
2002 0
2002 0
2002 0
2002 0
2002 0
2002 0
2002 0
2002 0
2002 0
2002 0
2002 0
2002 0
2002 0
2002 0
2002 0
2002 0
2002 0
2002 0
2002 0
2002 0
2002 0
2002 0
2002 0
2002 0
2002 0
2002 0
2002 0
2002 0
2002 0
2002 0
2002 0
2002 0
2002 0
2002 0
2002 0
2002 0
2002 0
2002 0
2002 0
2002 0
2002 0
2002 0
2002 0
2002 0
2002 6
2002 4
2002 1
2002 1
2002 5
2002 9
2002 9
2002 8
2002 7
2002 7
2002 5
2002 3
2002 2
2002 20
2002 29
2002 43
2002 46
2002 35
2002 26
2002 24
2002 29
2002 24
2002 22
2002 20
2002 19
2002 18
2002 18
2002 17
2002 14
2002 12
2002 11
2002 11
2002 17
2002 29
2002 32
2002 30
2002 29
2002 31
2002 32
2002 31
2002 31
2002 38
2002 44
2002 53
2002 57
2002 56
2002 55
2002 49
2002 54
2002 47
2002 38
2002 41
2002 54
2002 49
2002 50
2002 45
2002 41
2002 40
2002 38
2002 38
2002 37
2002 37
2002 37
2002 36
2002 36
2002 36
2002 35
2002 35
2002 35
2002 35
2002 34
2002 36
2002 34
2002 32
2002 31
2002 30
2002 29
2002 27
2002 26
2002 24
2002 23
2002 22
2002 21
2002 20
2002 20
2002 19
2002 19
2002 19
2002 19
2002 18
2002 18
2002 17
2002 16
2002 16
2002 15
2002 15
2002 14
2002 14
2002 13
2002 12
2002 12
2002 13
2002 12
2002 10
2002 15
2002 13
2002 21
2002 34
2002 29
2002 27
2002 23
2002 21
2002 19
2002 20
2002 19
2002 18
2002 14
2002 7
2002 3
2002 0
2002 0
2002 0
2002 0
2002 0
2002 0
2002 0
2002 0
2002 0
2002 0
2002 0
2002 0
2002 0
2002 0
2002 12
2002 36
2002 39
2002 23
2002 20
2002 15
2002 9
2002 5
2002 0
2002 0
2002 0
2002 0
2002 0
2002 0
2002 0
2002 0
2002 0
2002 0
2002 0
2002 0
2002 0
2002 0
2002 0
2002 0
2002 0
2002 0
2002 0
2002 0
2002 0
2002 0
2002 0
2002 0
2002 0
2002 0
2002 0
2002 0
2002 0
2002 0
2002 0
2002 0
2002 0
2002 0
2002 0
2002 0
2002 0
2002 0
2002 0
2002 0
2002 0
2002 0
2002 0
2002 0
2002 0
2002 0
2002 0
2002 0
2002 0
2002 0
2002 0
2002 0
2002 0
2002 0
2002 0
2002 0
2002 0
2002 0
2002 0
2002 0
2002 0
2002 0
2002 0
2002 0
2002 0
2002 0
2002 0
2002 0
2002 0
2002 0
2002 0
2002 0
2002 0
2002 0
2002 0
2002 0
2002 0
2002 0
2002 0
2002 0
2002 0
2002 0
2002 0
2002 0
2002 0
2002 0
2002 0
2002 0
2002 0
2002 0
2002 0
2002 0
2002 0
2002 0
2002 0
2002 0
2002 0
2002 0
2002 0
2002 0
2002 0
2002 0
2002 0
2002 0
2002 0
2002 0
2002 0
2002 0
2002 0
2002 0
2002 0
2002 0
2002 0
2002 0
2002 0
2002 0
2002 0
2002 0
2002 0
2002 0
2002 0
2002 0
2002 0
2002 0
2002 0
2002 0
2002 0
2002 0
2002 0
2002 0
2002 0
2002 0
2002 0
2002 0
2002 0
2002 0
2002 0
2002 0
2002 0
2002 0
2002 0
2002 0
2002 0
2002 0
2002 0
2002 0
2002 0
2002 0
2002 0
2002 0
2002 0
2002 0
2002 0
2002 0
2003 0
2003 0
2003 0
2003 0
2003 0
2003 0
2003 0
2003 0
2003 0
2003 0
2003 0
2003 0
2003 0
2003 0
2003 0
2003 0
2003 0
2003 0
2003 0
2003 0
2003 0
2003 0
2003 0
2003 0
2003 0
2003 0
2003 0
2003 0
2003 0
2003 0
2003 0
2003 0
2003 0
2003 0
2003 0
2003 0
2003 0
2003 0
2003 0
2003 0
2003 0
2003 0
2003 0
2003 0
2003 0
2003 0
2003 0
2003 0
2003 0
2003 0
2003 0
2003 0
2003 0
2003 0
2003 0
2003 0
2003 0
2003 0
2003 0
2003 0
2003 0
2003 0
2003 0
2003 0
2003 0
2003 0
2003 0
2003 0
2003 2
2003 0
2003 0
2003 0
2003 0
2003 0
2003 0
2003 0
2003 0
2003 0
2003 0
2003 0
2003 0
2003 0
2003 0
2003 0
2003 0
2003 0
2003 0
2003 0
2003 0
2003 0
2003 0
2003 0
2003 0
2003 2
2003 0
2003 0
2003 0
2003 0
2003 0
2003 0
2003 0
2003 0
2003 0
2003 0
2003 0
2003 0
2003 1
2003 2
2003 1
2003 2
2003 2
2003 2
2003 1
2003 0
2003 0
2003 0
2003 0
2003 0
2003 0
2003 0
2003 0
2003 0
2003 0
2003 0
2003 0
2003 0
2003 1
2003 5
2003 9
2003 8
2003 6
2003 16
2003 15
2003 15
2003 14
2003 35
2003 30
2003 28
2003 27
2003 26
2003 25
2003 24
2003 24
2003 23
2003 21
2003 25
2003 29
2003 25
2003 27
2003 33
2003 27
2003 42
2003 41
2003 45
2003 41
2003 43
2003 41
2003 51
2003 76
2003 92
2003 93
2003 109
2003 98
2003 88
2003 82
2003 77
2003 76
2003 75
2003 73
2003 73
2003 72
2003 71
2003 71
2003 69
2003 68
2003 67
2003 66
2003 65
2003 64
2003 63
2003 61
2003 59
2003 58
2003 54
2003 50
2003 47
2003 45
2003 42
2003 38
2003 38
2003 37
2003 36
2003 35
2003 34
2003 34
2003 32
2003 31
2003 31
2003 30
2003 29
2003 28
2003 27
2003 27
2003 26
2003 24
2003 21
2003 20
2003 17
2003 14
2003 9
2003 6
2003 3
2003 0
2003 0
2003 1
2003 1
2003 1
2003 3
2003 9
2003 17
2003 9
2003 6
2003 4
2003 0
2003 0
2003 0
2003 0
2003 0
2003 0
2003 0
2003 0
2003 0
2003 0
2003 0
2003 0
2003 0
2003 0
2003 0
2003 0
2003 0
2003 0
2003 0
2003 0
2003 0
2003 0
2003 0
2003 0
2003 0
2003 0
2003 0
2003 0
2003 0
2003 0
2003 0
2003 0
2003 0
2003 0
2003 0
2003 0
2003 0
2003 0
2003 0
2003 0
2003 0
2003 0
2003 0
2003 0
2003 0
2003 0
2003 0
2003 0
2003 0
2003 0
2003 0
2003 0
2003 0
2003 0
2003 0
2003 0
2003 0
2003 0
2003 0
2003 0
2003 0
2003 0
2003 0
2003 0
2003 0
2003 0
2003 0
2003 0
2003 0
2003 0
2003 0
2003 0
2003 0
2003 0
2003 0
2003 0
2003 0
2003 0
2003 0
2003 0
2003 0
2003 0
2003 0
2003 0
2003 0
2003 0
2003 0
2003 0
2003 0
2003 0
2003 0
2003 0
2003 0
2003 0
2003 0
2003 0
2003 0
2003 0
2003 0
2003 0
2003 0
2003 0
2003 0
2003 0
2003 0
2003 0
2003 0
2003 0
2003 0
2003 0
2003 0
2003 0
2003 0
2003 0
2003 0
2003 0
2003 0
2003 0
2003 0
2003 0
2003 0
2003 0
2003 0
2003 0
2003 0
2003 0
2003 0
2003 0
2003 0
2003 0
2003 0
2003 0
2003 0
2003 0
2003 0
2003 0
2003 0
2003 0
2003 0
2003 0
2003 0
2003 0
2004 0
2004 0
2004 0
2004 0
2004 0
2004 0
2004 0
2004 0
2004 0
2004 0
2004 0
2004 0
2004 0
2004 0
2004 0
2004 0
2004 0
2004 0
2004 0
2004 0
2004 0
2004 0
2004 0
2004 0
2004 0
2004 0
2004 0
2004 0
2004 0
2004 0
2004 0
2004 0
2004 0
2004 0
2004 0
2004 0
2004 0
2004 0
2004 0
2004 0
2004 0
2004 0
2004 0
2004 0
2004 0
2004 0
2004 0
2004 0
2004 0
2004 0
2004 0
2004 0
2004 0
2004 8
2004 6
2004 3
2004 2
2004 0
2004 0
2004 0
2004 0
2004 0
2004 0
2004 0
2004 0
2004 0
2004 0
2004 0
2004 0
2004 0
2004 0
2004 0
2004 0
2004 0
2004 0
2004 0
2004 0
2004 0
2004 0
2004 0
2004 0
2004 0
2004 0
2004 0
2004 0
2004 0
2004 0
2004 0
2004 0
2004 1
2004 0
2004 0
2004 0
2004 0
2004 0
2004 0
2004 0
2004 2
2004 1
2004 1
2004 1
2004 0
2004 0
2004 0
2004 0
2004 2
2004 17
2004 32
2004 27
2004 25
2004 22
2004 20
2004 18
2004 31
2004 28
2004 27
2004 25
2004 22
2004 20
2004 18
2004 20
2004 21
2004 24
2004 25
2004 25
2004 24
2004 31
2004 44
2004 51
2004 44
2004 43
2004 45
2004 47
2004 41
2004 37
2004 32
2004 29
2004 39
2004 35
2004 39
2004 43
2004 55
2004 68
2004 62
2004 59
2004 57
2004 70
2004 81
2004 74
2004 79
2004 83
2004 86
2004 80
2004 76
2004 72
2004 64
2004 61
2004 58
2004 56
2004 54
2004 51
2004 59
2004 69
2004 78
2004 72
2004 73
2004 69
2004 65
2004 62
2004 58
2004 56
2004 57
2004 56
2004 55
2004 54
2004 47
2004 56
2004 64
2004 59
2004 66
2004 62
2004 61
2004 70
2004 68
2004 74
2004 67
2004 64
2004 61
2004 60
2004 59
2004 63
2004 59
2004 57
2004 56
2004 54
2004 53
2004 50
2004 45
2004 40
2004 35
2004 30
2004 25
2004 20
2004 10
2004 5
2004 8
2004 25
2004 25
2004 25
2004 22
2004 20
2004 15
2004 10
2004 5
2004 0
2004 0
2004 0
2004 0
2004 0
2004 1
2004 0
2004 0
2004 0
2004 0
2004 0
2004 0
2004 0
2004 0
2004 0
2004 0
2004 0
2004 0
2004 0
2004 0
2004 0
2004 0
2004 0
2004 0
2004 0
2004 0
2004 0
2004 0
2004 0
2004 0
2004 0
2004 0
2004 0
2004 0
2004 0
2004 0
2004 0
2004 0
2004 0
2004 0
2004 0
2004 0
2004 0
2004 0
2004 0
2004 0
2004 0
2004 0
2004 0
2004 0
2004 0
2004 0
2004 0
2004 0
2004 0
2004 0
2004 0
2004 0
2004 0
2004 0
2004 0
2004 0
2004 0
2004 0
2004 0
2004 0
2004 0
2004 0
2004 0
2004 0
2004 0
2004 0
2004 0
2004 0
2004 0
2004 0
2004 0
2004 0
2004 0
2004 0
2004 0
2004 0
2004 0
2004 0
2004 0
2004 0
2004 0
2004 0
2004 0
2004 0
2004 0
2004 0
2004 0
2004 0
2004 0
2004 0
2004 0
2004 0
2004 0
2004 0
2004 0
2004 0
2004 0
2004 0
2004 0
2004 0
2004 0
2004 0
2004 0
2004 0
2004 0
2004 0
2004 0
2004 0
2004 0
2004 0
2004 0
2004 0
2004 0
2004 0
2004 0
2004 0
2004 0
2004 0
2004 0
2004 0
2004 0
2004 0
2004 0
2004 0
2004 0
2004 0
2004 0
2004 0
2004 0
2004 0
2004 0
2004 0
2004 0
2004 0
2004 0
2004 0
2004 0
2004 0
2004 0
2004 0
2004 0
2004 0
2004 0
2004 0
2004 0
2004 0
2005 0
2005 0
2005 0
2005 0
2005 0
2005 0
2005 0
2005 0
2005 0
2005 0
2005 0
2005 0
2005 0
2005 0
2005 0
2005 0
2005 0
2005 0
2005 0
2005 0
2005 0
2005 0
2005 0
2005 0
2005 0
2005 0
2005 0
2005 0
2005 0
2005 0
2005 0
2005 0
2005 0
2005 0
2005 0
2005 0
2005 0
2005 0
2005 0
2005 0
2005 0
2005 0
2005 0
2005 0
2005 0
2005 0
2005 0
2005 0
2005 0
2005 0
2005 0
2005 0
2005 0
2005 0
2005 0
2005 0
2005 0
2005 0
2005 0
2005 0
2005 0
2005 0
2005 0
2005 0
2005 0
2005 0
2005 0
2005 0
2005 3
2005 9
2005 8
2005 8
2005 3
2005 0
2005 8
2005 7
2005 6
2005 5
2005 4
2005 2
2005 5
2005 4
2005 9
2005 6
2005 5
2005 5
2005 4
2005 4
2005 3
2005 3
2005 3
2005 3
2005 2
2005 2
2005 2
2005 2
2005 2
2005 1
2005 0
2005 0
2005 0
2005 0
2005 0
2005 0
2005 0
2005 0
2005 0
2005 0
2005 1
2005 6
2005 21
2005 19
2005 19
2005 17
2005 12
2005 11
2005 11
2005 12
2005 15
2005 35
2005 32
2005 29
2005 32
2005 28
2005 25
2005 32
2005 28
2005 26
2005 21
2005 20
2005 20
2005 20
2005 20
2005 20
2005 24
2005 24
2005 22
2005 22
2005 22
2005 21
2005 22
2005 24
2005 23
2005 27
2005 29
2005 32
2005 63
2005 67
2005 71
2005 64
2005 61
2005 60
2005 60
2005 80
2005 91
2005 125
2005 117
2005 109
2005 105
2005 104
2005 103
2005 102
2005 101
2005 100
2005 92
2005 83
2005 86
2005 109
2005 106
2005 102
2005 96
2005 93
2005 92
2005 90
2005 92
2005 91
2005 90
2005 88
2005 86
2005 85
2005 87
2005 84
2005 83
2005 82
2005 81
2005 79
2005 84
2005 88
2005 108
2005 112
2005 119
2005 120
2005 107
2005 103
2005 98
2005 95
2005 92
2005 90
2005 87
2005 81
2005 75
2005 72
2005 67
2005 62
2005 59
2005 56
2005 51
2005 50
2005 49
2005 47
2005 43
2005 36
2005 32
2005 29
2005 21
2005 17
2005 10
2005 7
2005 3
2005 0
2005 0
2005 0
2005 0
2005 0
2005 0
2005 0
2005 0
2005 0
2005 0
2005 0
2005 0
2005 0
2005 0
2005 0
2005 0
2005 0
2005 0
2005 0
2005 0
2005 0
2005 0
2005 0
2005 0
2005 0
2005 0
2005 0
2005 0
2005 0
2005 0
2005 0
2005 0
2005 0
2005 0
2005 0
2005 0
2005 0
2005 0
2005 0
2005 0
2005 0
2005 0
2005 0
2005 0
2005 0
2005 0
2005 0
2005 0
2005 0
2005 0
2005 0
2005 0
2005 0
2005 0
2005 0
2005 0
2005 0
2005 0
2005 0
2005 0
2005 0
2005 0
2005 0
2005 0
2005 0
2005 0
2005 0
2005 0
2005 0
2005 0
2005 0
2005 0
2005 0
2005 0
2005 0
2005 0
2005 0
2005 0
2005 0
2005 0
2005 0
2005 0
2005 0
2005 0
2005 0
2005 0
2005 0
2005 0
2005 0
2005 0
2005 0
2005 0
2005 0
2005 0
2005 0
2005 0
2005 0
2005 0
2005 0
2005 0
2005 0
2005 0
2005 0
2005 0
2005 0
2005 0
2005 0
2005 0
2005 0
2005 0
2005 0
2005 0
2005 0
2005 0
2005 0
2005 0
2005 0
2005 0
2005 0
2005 0
2005 0
2005 0
2005 0
2005 0
2005 0
2005 0
2005 0
2005 0
2005 0
2005 0
2005 0
2005 0
2005 0
2005 0
2005 0
2005 0
2005 0
2005 0
2005 0
2005 0
2005 0
2005 0
2005 0
2005 0
2005 0
2005 0
2006 0
2006 0
2006 0
2006 0
2006 0
2006 0
2006 0
2006 0
2006 0
2006 0
2006 0
2006 0
2006 0
2006 0
2006 0
2006 0
2006 0
2006 0
2006 0
2006 0
2006 0
2006 0
2006 0
2006 0
2006 0
2006 0
2006 0
2006 0
2006 0
2006 0
2006 0
2006 0
2006 0
2006 0
2006 0
2006 0
2006 0
2006 0
2006 0
2006 0
2006 0
2006 0
2006 0
2006 0
2006 0
2006 0
2006 0
2006 0
2006 0
2006 0
2006 0
2006 0
2006 0
2006 0
2006 0
2006 0
2006 0
2006 0
2006 0
2006 0
2006 0
2006 0
2006 0
2006 0
2006 0
2006 0
2006 0
2006 0
2006 0
2006 0
2006 0
2006 0
2006 0
2006 0
2006 0
2006 0
2006 0
2006 1
2006 10
2006 18
2006 19
2006 48
2006 52
2006 55
2006 50
2006 46
2006 50
2006 49
2006 50
2006 46
2006 40
2006 36
2006 34
2006 32
2006 28
2006 26
2006 25
2006 26
2006 31
2006 33
2006 31
2006 28
2006 27
2006 30
2006 28
2006 27
2006 36
2006 43
2006 50
2006 57
2006 64
2006 59
2006 56
2006 69
2006 76
2006 67
2006 66
2006 72
2006 67
2006 68
2006 65
2006 69
2006 68
2006 72
2006 81
2006 79
2006 76
2006 73
2006 71
2006 69
2006 68
2006 68
2006 66
2006 66
2006 66
2006 65
2006 64
2006 64
2006 63
2006 77
2006 76
2006 73
2006 77
2006 89
2006 89
2006 86
2006 84
2006 82
2006 81
2006 79
2006 78
2006 77
2006 75
2006 74
2006 74
2006 73
2006 73
2006 75
2006 78
2006 89
2006 117
2006 112
2006 115
2006 127
2006 120
2006 116
2006 112
2006 110
2006 105
2006 97
2006 92
2006 89
2006 86
2006 87
2006 82
2006 78
2006 76
2006 74
2006 76
2006 82
2006 80
2006 79
2006 78
2006 77
2006 78
2006 81
2006 93
2006 110
2006 117
2006 131
2006 121
2006 116
2006 121
2006 124
2006 120
2006 115
2006 112
2006 110
2006 108
2006 106
2006 103
2006 98
2006 92
2006 88
2006 85
2006 80
2006 75
2006 70
2006 60
2006 56
2006 50
2006 52
2006 50
2006 43
2006 40
2006 35
2006 30
2006 32
2006 30
2006 28
2006 25
2006 24
2006 30
2006 28
2006 26
2006 24
2006 20
2006 15
2006 8
2006 0
2006 0
2006 0
2006 0
2006 0
2006 0
2006 0
2006 0
2006 0
2006 0
2006 0
2006 0
2006 4
2006 0
2006 0
2006 0
2006 0
2006 0
2006 0
2006 0
2006 0
2006 0
2006 0
2006 0
2006 0
2006 0
2006 0
2006 0
2006 0
2006 0
2006 0
2006 0
2006 0
2006 0
2006 0
2006 0
2006 0
2006 0
2006 0
2006 0
2006 0
2006 0
2006 0
2006 0
2006 0
2006 0
2006 0
2006 0
2006 0
2006 0
2006 0
2006 0
2006 0
2006 0
2006 0
2006 0
2006 0
2006 0
2006 0
2006 0
2006 0
2006 0
2006 0
2006 0
2006 0
2006 0
2006 0
2006 0
2006 0
2006 0
2006 0
2006 0
2006 0
2006 0
2006 0
2006 0
2006 0
2006 0
2006 0
2006 0
2006 0
2006 0
2006 0
2006 0
2006 0
2006 0
2006 0
2006 0
2006 0
2006 0
2006 0
2006 0
2006 0
2006 0
2006 0
2006 0
2006 0
2006 0
2006 0
2006 0
2006 0
2006 0
2006 0
2006 0
2006 0
2006 0
2006 0
2006 0
2006 0
2006 0
2006 0
2006 0
2006 0
2006 0
2006 0
2006 0
2006 0
2006 0
2006 0
2006 0
2006 0
2006 0
2006 0
2006 0
2006 0
2006 0
2006 0
2006 0
2006 0
2006 0
2006 0
2006 0
2006 0
2006 0
2006 0
2006 0
2007 0
2007 0
2007 0
2007 0
2007 0
2007 0
2007 0
2007 0
2007 0
2007 0
2007 0
2007 0
2007 0
2007 0
2007 0
2007 0
2007 0
2007 0
2007 0
2007 0
2007 0
2007 0
2007 0
2007 0
2007 0
2007 0
2007 0
2007 0
2007 0
2007 0
2007 0
2007 0
2007 0
2007 0
2007 0
2007 0
2007 0
2007 0
2007 0
2007 0
2007 0
2007 0
2007 0
2007 0
2007 0
2007 0
2007 0
2007 0
2007 0
2007 0
2007 0
2007 0
2007 0
2007 0
2007 0
2007 0
2007 0
2007 0
2007 0
2007 0
2007 0
2007 0
2007 14
2007 34
2007 30
2007 23
2007 17
2007 15
2007 14
2007 9
2007 1
2007 0
2007 0
2007 0
2007 0
2007 0
2007 0
2007 0
2007 0
2007 0
2007 0
2007 0
2007 0
2007 0
2007 0
2007 0
2007 0
2007 0
2007 0
2007 0
2007 0
2007 0
2007 0
2007 0
2007 0
2007 0
2007 0
2007 0
2007 0
2007 0
2007 0
2007 0
2007 0
2007 0
2007 0
2007 0
2007 0
2007 0
2007 1
2007 0
2007 0
2007 0
2007 0
2007 0
2007 0
2007 0
2007 0
2007 0
2007 0
2007 0
2007 0
2007 0
2007 0
2007 0
2007 11
2007 10
2007 9
2007 7
2007 6
2007 5
2007 4
2007 2
2007 1
2007 0
2007 0
2007 0
2007 0
2007 0
2007 0
2007 0
2007 0
2007 0
2007 0
2007 0
2007 1
2007 8
2007 7
2007 8
2007 16
2007 24
2007 20
2007 16
2007 14
2007 12
2007 11
2007 10
2007 9
2007 7
2007 9
2007 12
2007 9
2007 7
2007 6
2007 5
2007 4
2007 3
2007 2
2007 0
2007 0
2007 0
2007 0
2007 0
2007 0
2007 0
2007 0
2007 0
2007 0
2007 0
2007 1
2007 2
2007 4
2007 1
2007 0
2007 0
2007 0
2007 0
2007 0
2007 0
2007 0
2007 0
2007 0
2007 0
2007 0
2007 0
2007 0
2007 0
2007 0
2007 0
2007 0
2007 8
2007 15
2007 35
2007 30
2007 25
2007 18
2007 16
2007 6
2007 0
2007 0
2007 0
2007 0
2007 0
2007 0
2007 0
2007 0
2007 0
2007 0
2007 0
2007 0
2007 0
2007 0
2007 0
2007 0
2007 0
2007 0
2007 0
2007 0
2007 0
2007 0
2007 0
2007 0
2007 0
2007 0
2007 0
2007 0
2007 0
2007 0
2007 0
2007 0
2007 0
2007 0
2007 0
2007 0
2007 0
2007 0
2007 0
2007 0
2007 0
2007 0
2007 0
2007 0
2007 0
2007 0
2007 0
2007 0
2007 0
2007 0
2007 0
2007 0
2007 0
2007 0
2007 0
2007 0
2007 0
2007 0
2007 0
2007 0
2007 0
2007 0
2007 0
2007 0
2007 0
2007 0
2007 0
2007 0
2007 0
2007 0
2007 0
2007 0
2007 0
2007 0
2007 0
2007 0
2007 0
2007 0
2007 0
2007 0
2007 0
2007 0
2007 0
2007 0
2007 0
2007 0
2007 0
2007 0
2007 0
2007 0
2007 0
2007 0
2007 0
2007 0
2007 0
2007 0
2007 0
2007 0
2007 0
2007 0
2007 0
2007 0
2007 0
2007 0
2007 0
2007 0
2007 0
2007 0
2007 0
2007 0
2007 0
2007 0
2007 0
2007 0
2007 0
2007 0
2007 0
2007 0
2007 0
2007 0
2007 0
2007 0
2007 0
2007 0
2007 0
2007 0
2007 0
2007 0
2007 0
2007 0
2007 0
2007 0
2007 0
2007 0
2007 0
2007 0
2007 0
2007 0
2007 0
2007 0
2007 0
2007 0
2007 0
2007 0
2007 0
2007 0
2007 0
2007 0
2007 0
2007 0
2007 0
2007 0
2007 0
2007 0
2007 0
2007 0
2007 0
2007 0
2008 0
2008 0
2008 0
2008 0
2008 0
2008 0
2008 0
2008 0
2008 0
2008 0
2008 0
2008 0
2008 0
2008 0
2008 0
2008 0
2008 0
2008 0
2008 0
2008 0
2008 0
2008 0
2008 0
2008 0
2008 0
2008 0
2008 0
2008 0
2008 0
2008 0
2008 0
2008 0
2008 0
2008 0
2008 0
2008 0
2008 0
2008 0
2008 0
2008 0
2008 0
2008 0
2008 0
2008 0
2008 0
2008 0
2008 0
2008 0
2008 0
2008 3
2008 22
2008 12
2008 8
2008 5
2008 0
2008 0
2008 0
2008 0
2008 0
2008 0
2008 0
2008 0
2008 0
2008 0
2008 0
2008 0
2008 0
2008 1
2008 0
2008 0
2008 7
2008 11
2008 15
2008 18
2008 27
2008 47
2008 49
2008 41
2008 36
2008 31
2008 27
2008 25
2008 22
2008 19
2008 15
2008 12
2008 14
2008 25
2008 26
2008 23
2008 24
2008 19
2008 17
2008 14
2008 19
2008 22
2008 19
2008 17
2008 15
2008 14
2008 12
2008 11
2008 12
2008 17
2008 21
2008 21
2008 20
2008 20
2008 20
2008 19
2008 19
2008 19
2008 19
2008 19
2008 19
2008 19
2008 19
2008 19
2008 19
2008 19
2008 19
2008 26
2008 38
2008 34
2008 31
2008 30
2008 29
2008 27
2008 23
2008 21
2008 20
2008 19
2008 19
2008 19
2008 19
2008 19
2008 18
2008 18
2008 17
2008 17
2008 16
2008 15
2008 14
2008 13
2008 20
2008 18
2008 18
2008 18
2008 18
2008 17
2008 16
2008 15
2008 15
2008 14
2008 13
2008 13
2008 12
2008 11
2008 11
2008 12
2008 11
2008 10
2008 9
2008 9
2008 8
2008 8
2008 7
2008 7
2008 7
2008 7
2008 6
2008 6
2008 6
2008 6
2008 5
2008 5
2008 3
2008 2
2008 0
2008 0
2008 0
2008 0
2008 0
2008 0
2008 0
2008 1
2008 18
2008 19
2008 15
2008 11
2008 7
2008 2
2008 0
2008 0
2008 0
2008 1
2008 1
2008 0
2008 0
2008 0
2008 0
2008 6
2008 3
2008 14
2008 10
2008 12
2008 17
2008 45
2008 30
2008 19
2008 3
2008 0
2008 0
2008 0
2008 0
2008 4
2008 1
2008 0
2008 0
2008 2
2008 0
2008 0
2008 0
2008 0
2008 0
2008 0
2008 0
2008 0
2008 1
2008 0
2008 0
2008 0
2008 0
2008 0
2008 0
2008 0
2008 0
2008 0
2008 0
2008 0
2008 0
2008 0
2008 0
2008 0
2008 0
2008 0
2008 0
2008 0
2008 0
2008 0
2008 0
2008 0
2008 0
2008 0
2008 0
2008 0
2008 0
2008 0
2008 0
2008 0
2008 0
2008 0
2008 0
2008 0
2008 0
2008 0
2008 0
2008 0
2008 0
2008 0
2008 0
2008 0
2008 0
2008 0
2008 0
2008 0
2008 0
2008 0
2008 0
2008 0
2008 0
2008 0
2008 0
2008 0
2008 0
2008 0
2008 0
2008 0
2008 0
2008 0
2008 0
2008 0
2008 0
2008 0
2008 0
2008 0
2008 0
2008 0
2008 0
2008 0
2008 0
2008 0
2008 0
2008 0
2008 0
2008 0
2008 0
2008 0
2008 0
2008 0
2008 0
2008 0
2008 0
2008 0
2008 0
2008 0
2008 0
2008 0
2008 0
2008 0
2008 0
2008 0
2008 0
2008 0
2008 0
2008 0
2008 0
2008 0
2008 0
2008 0
2008 0
2008 0
2008 0
2008 0
2008 0
2008 0
2008 0
2008 0
2008 0
2008 0
2008 0
2008 0
2008 0
2008 0
2008 0
2008 0
2008 0
2008 0
2008 0
2008 0
2008 0
2008 0
2008 0
2008 0
2008 0
2008 0
2008 0
2008 0
2008 0
2008 0
2008 0
2008 0
2008 0
2008 0
2008 0
2008 0
2009 0
2009 0
2009 0
2009 0
2009 0
2009 0
2009 0
2009 0
2009 0
2009 0
2009 0
2009 0
2009 0
2009 0
2009 0
2009 0
2009 0
2009 0
2009 0
2009 0
2009 0
2009 0
2009 0
2009 0
2009 0
2009 0
2009 0
2009 0
2009 0
2009 0
2009 0
2009 0
2009 0
2009 0
2009 0
2009 0
2009 0
2009 0
2009 0
2009 0
2009 0
2009 0
2009 0
2009 0
2009 0
2009 0
2009 0
2009 0
2009 0
2009 0
2009 0
2009 0
2009 0
2009 0
2009 0
2009 0
2009 0
2009 0
2009 0
2009 0
2009 0
2009 0
2009 0
2009 0
2009 0
2009 0
2009 0
2009 0
2009 0
2009 0
2009 0
2009 0
2009 0
2009 0
2009 0
2009 0
2009 0
2009 0
2009 0
2009 2
2009 3
2009 0
2009 2
2009 14
2009 12
2009 13
2009 12
2009 11
2009 10
2009 9
2009 4
2009 3
2009 0
2009 12
2009 7
2009 6
2009 3
2009 4
2009 5
2009 5
2009 4
2009 4
2009 5
2009 5
2009 4
2009 4
2009 4
2009 4
2009 14
2009 24
2009 29
2009 25
2009 20
2009 18
2009 17
2009 16
2009 18
2009 17
2009 17
2009 17
2009 16
2009 16
2009 17
2009 19
2009 18
2009 18
2009 18
2009 17
2009 17
2009 17
2009 17
2009 17
2009 17
2009 17
2009 17
2009 17
2009 18
2009 18
2009 18
2009 17
2009 17
2009 16
2009 23
2009 23
2009 22
2009 21
2009 21
2009 21
2009 21
2009 32
2009 35
2009 33
2009 33
2009 32
2009 32
2009 30
2009 29
2009 27
2009 27
2009 26
2009 27
2009 28
2009 30
2009 33
2009 43
2009 64
2009 85
2009 78
2009 67
2009 88
2009 99
2009 90
2009 88
2009 119
2009 117
2009 106
2009 137
2009 123
2009 117
2009 122
2009 105
2009 101
2009 93
2009 88
2009 83
2009 79
2009 77
2009 85
2009 90
2009 84
2009 86
2009 87
2009 99
2009 96
2009 91
2009 87
2009 85
2009 80
2009 75
2009 70
2009 77
2009 75
2009 72
2009 70
2009 77
2009 85
2009 102
2009 105
2009 90
2009 85
2009 95
2009 85
2009 75
2009 70
2009 62
2009 56
2009 55
2009 52
2009 46
2009 42
2009 39
2009 35
2009 29
2009 23
2009 21
2009 18
2009 15
2009 9
2009 5
2009 0
2009 0
2009 0
2009 0
2009 0
2009 0
2009 0
2009 0
2009 0
2009 0
2009 0
2009 0
2009 0
2009 0
2009 0
2009 0
2009 0
2009 0
2009 0
2009 0
2009 0
2009 0
2009 0
2009 0
2009 0
2009 0
2009 0
2009 0
2009 0
2009 0
2009 0
2009 0
2009 0
2009 0
2009 0
2009 0
2009 0
2009 0
2009 0
2009 0
2009 0
2009 0
2009 0
2009 0
2009 0
2009 0
2009 0
2009 0
2009 0
2009 0
2009 0
2009 0
2009 0
2009 0
2009 0
2009 0
2009 0
2009 0
2009 0
2009 0
2009 0
2009 0
2009 0
2009 0
2009 0
2009 0
2009 0
2009 0
2009 0
2009 0
2009 0
2009 0
2009 0
2009 0
2009 0
2009 0
2009 0
2009 0
2009 0
2009 0
2009 0
2009 0
2009 0
2009 0
2009 0
2009 0
2009 0
2009 0
2009 0
2009 0
2009 0
2009 0
2009 0
2009 0
2009 0
2009 0
2009 0
2009 0
2009 0
2009 0
2009 0
2009 0
2009 0
2009 0
2009 0
2009 0
2009 0
2009 0
2009 0
2009 0
2009 0
2009 0
2009 0
2009 0
2009 0
2009 0
2009 0
2009 0
2009 0
2009 0
2009 0
2009 0
2009 0
2009 0
2009 0
2009 0
2009 0
2009 0
2009 0
2009 0
2009 0
2009 0
2009 0
2009 0
2009 0
2009 0
2010 0
2010 0
2010 0
2010 0
2010 0
2010 0
2010 0
2010 0
2010 0
2010 0
2010 0
2010 0
2010 0
2010 0
2010 0
2010 0
2010 0
2010 0
2010 0
2010 0
2010 0
2010 0
2010 0
2010 0
2010 0
2010 0
2010 0
2010 0
2010 0
2010 0
2010 0
2010 0
2010 0
2010 0
2010 0
2010 0
2010 0
2010 0
2010 0
2010 0
2010 0
2010 0
2010 0
2010 1
2010 8
2010 3
2010 1
2010 0
2010 0
2010 0
2010 0
2010 0
2010 0
2010 0
2010 0
2010 0
2010 0
2010 0
2010 0
2010 0
2010 0
2010 0
2010 0
2010 0
2010 0
2010 0
2010 0
2010 0
2010 0
2010 0
2010 0
2010 0
2010 0
2010 0
2010 0
2010 0
2010 0
2010 0
2010 0
2010 0
2010 0
2010 0
2010 0
2010 0
2010 0
2010 0
2010 0
2010 0
2010 0
2010 0
2010 0
2010 0
2010 0
2010 0
2010 1
2010 2
2010 1
2010 1
2010 0
2010 0
2010 0
2010 0
2010 6
2010 5
2010 8
2010 7
2010 11
2010 11
2010 10
2010 9
2010 13
2010 21
2010 15
2010 12
2010 10
2010 9
2010 7
2010 6
2010 6
2010 6
2010 6
2010 5
2010 4
2010 9
2010 12
2010 11
2010 10
2010 10
2010 12
2010 12
2010 12
2010 11
2010 13
2010 29
2010 24
2010 21
2010 20
2010 19
2010 18
2010 18
2010 16
2010 16
2010 16
2010 16
2010 15
2010 15
2010 15
2010 25
2010 28
2010 31
2010 39
2010 41
2010 43
2010 52
2010 59
2010 49
2010 78
2010 59
2010 55
2010 59
2010 53
2010 50
2010 48
2010 56
2010 57
2010 54
2010 52
2010 49
2010 48
2010 47
2010 46
2010 43
2010 42
2010 42
2010 40
2010 38
2010 37
2010 35
2010 34
2010 28
2010 27
2010 27
2010 26
2010 26
2010 24
2010 26
2010 28
2010 42
2010 37
2010 34
2010 31
2010 30
2010 31
2010 29
2010 30
2010 36
2010 52
2010 47
2010 42
2010 38
2010 35
2010 32
2010 28
2010 26
2010 19
2010 14
2010 8
2010 5
2010 0
2010 0
2010 0
2010 0
2010 0
2010 2
2010 0
2010 0
2010 0
2010 0
2010 0
2010 0
2010 0
2010 0
2010 0
2010 0
2010 0
2010 0
2010 0
2010 0
2010 0
2010 0
2010 0
2010 0
2010 0
2010 0
2010 0
2010 0
2010 0
2010 0
2010 0
2010 0
2010 0
2010 0
2010 0
2010 0
2010 0
2010 0
2010 0
2010 0
2010 0
2010 0
2010 0
2010 0
2010 0
2010 0
2010 0
2010 0
2010 0
2010 0
2010 0
2010 0
2010 0
2010 0
2010 0
2010 0
2010 0
2010 0
2010 0
2010 0
2010 0
2010 0
2010 0
2010 0
2010 0
2010 0
2010 0
2010 0
2010 0
2010 0
2010 0
2010 0
2010 0
2010 0
2010 0
2010 0
2010 0
2010 0
2010 0
2010 0
2010 0
2010 0
2010 0
2010 0
2010 0
2010 0
2010 0
2010 0
2010 0
2010 0
2010 0
2010 0
2010 0
2010 0
2010 0
2010 0
2010 0
2010 0
2010 0
2010 0
2010 0
2010 0
2010 0
2010 0
2010 0
2010 0
2010 0
2010 0
2010 0
2010 0
2010 0
2010 0
2010 0
2010 0
2010 0
2010 0
2010 0
2010 0
2010 0
2010 0
2010 0
2010 0
2010 0
2010 0
2010 0
2010 0
2010 0
2010 0
2010 0
2010 0
2010 0
2010 0
2010 0
2010 0
2010 0
2010 0
2010 0
2010 0
2010 0
2010 0
2010 0
2010 0
2010 0
2010 0
2010 0
2010 0
2010 0
2010 0
2010 0
2010 0
2010 0
2010 0
2010 0
2010 0
2010 0
2010 0
2010 0
2011 0
2011 0
2011 0
2011 0
2011 0
2011 0
2011 0
2011 0
2011 0
2011 0
2011 0
2011 0
2011 0
2011 0
2011 0
2011 0
2011 0
2011 0
2011 0
2011 0
2011 0
2011 0
2011 0
2011 0
2011 0
2011 0
2011 0
2011 0
2011 0
2011 0
2011 0
2011 0
2011 0
2011 0
2011 0
2011 0
2011 0
2011 0
2011 0
2011 0
2011 0
2011 0
2011 0
2011 0
2011 0
2011 0
2011 0
2011 0
2011 0
2011 0
2011 0
2011 0
2011 0
2011 0
2011 4
2011 7
2011 3
2011 0
2011 0
2011 0
2011 0
2011 0
2011 0
2011 0
2011 0
2011 0
2011 0
2011 0
2011 0
2011 0
2011 0
2011 0
2011 0
2011 0
2011 0
2011 0
2011 0
2011 0
2011 0
2011 0
2011 0
2011 0
2011 0
2011 0
2011 2
2011 3
2011 1
2011 16
2011 11
2011 18
2011 22
2011 19
2011 24
2011 23
2011 25
2011 23
2011 20
2011 18
2011 16
2011 19
2011 25
2011 60
2011 51
2011 70
2011 67
2011 78
2011 84
2011 76
2011 73
2011 70
2011 67
2011 64
2011 62
2011 59
2011 56
2011 54
2011 56
2011 54
2011 52
2011 51
2011 52
2011 49
2011 48
2011 48
2011 51
2011 50
2011 49
2011 48
2011 47
2011 46
2011 46
2011 45
2011 43
2011 41
2011 37
2011 31
2011 29
2011 28
2011 27
2011 26
2011 25
2011 37
2011 43
2011 45
2011 41
2011 52
2011 76
2011 89
2011 81
2011 71
2011 63
2011 58
2011 55
2011 53
2011 52
2011 51
2011 49
2011 47
2011 46
2011 45
2011 43
2011 42
2011 41
2011 40
2011 37
2011 36
2011 33
2011 30
2011 28
2011 27
2011 26
2011 25
2011 24
2011 32
2011 36
2011 35
2011 33
2011 32
2011 31
2011 30
2011 29
2011 28
2011 27
2011 26
2011 25
2011 24
2011 22
2011 21
2011 20
2011 19
2011 18
2011 17
2011 16
2011 15
2011 14
2011 9
2011 5
2011 4
2011 0
2011 0
2011 0
2011 0
2011 0
2011 0
2011 0
2011 0
2011 0
2011 0
2011 0
2011 0
2011 0
2011 0
2011 0
2011 0
2011 0
2011 0
2011 0
2011 0
2011 0
2011 0
2011 0
2011 0
2011 0
2011 0
2011 0
2011 0
2011 0
2011 0
2011 0
2011 0
2011 0
2011 0
2011 0
2011 0
2011 0
2011 0
2011 0
2011 0
2011 0
2011 0
2011 0
2011 0
2011 0
2011 0
2011 0
2011 0
2011 0
2011 0
2011 0
2011 0
2011 0
2011 0
2011 0
2011 0
2011 0
2011 0
2011 0
2011 0
2011 0
2011 0
2011 0
2011 0
2011 0
2011 0
2011 0
2011 0
2011 0
2011 0
2011 0
2011 0
2011 0
2011 0
2011 0
2011 0
2011 0
2011 0
2011 0
2011 0
2011 0
2011 0
2011 0
2011 0
2011 0
2011 0
2011 0
2011 0
2011 0
2011 0
2011 0
2011 0
2011 0
2011 0
2011 0
2011 0
2011 0
2011 0
2011 0
2011 0
2011 0
2011 0
2011 0
2011 0
2011 0
2011 0
2011 0
2011 0
2011 0
2011 0
2011 0
2011 0
2011 0
2011 0
2011 0
2011 0
2011 0
2011 0
2011 0
2011 0
2011 0
2011 0
2011 0
2011 0
2011 0
2011 0
2011 0
2011 0
2011 0
2011 0
2011 0
2011 0
2011 0
2011 0
2011 0
2011 0
2011 0
2011 0
2011 0
2011 0
2011 0
2011 0
2011 0
2011 0
2011 0
2011 0
2011 0
2011 0
2011 0
2011 0
2011 0
2011 0
2011 0
2011 0
2011 0
2011 0
2011 0
2011 0
2011 0
2011 0
2011 0
2011 0
2011 0
2011 0
2011 0
2011 0
2011 0
2012 0
2012 0
2012 0
2012 0
2012 0
2012 0
2012 0
2012 0
2012 0
2012 0
2012 0
2012 0
2012 0
2012 0
2012 0
2012 0
2012 0
2012 0
2012 0
2012 0
2012 0
2012 0
2012 0
2012 0
2012 0
2012 0
2012 0
2012 0
2012 0
2012 0
2012 0
2012 0
2012 0
2012 0
2012 0
2012 0
2012 0
2012 0
2012 2
2012 0
2012 0
2012 0
2012 0
2012 0
2012 0
2012 0
2012 0
2012 0
2012 0
2012 0
2012 0
2012 0
2012 0
2012 0
2012 0
2012 0
2012 0
2012 0
2012 0
2012 0
2012 0
2012 0
2012 0
2012 0
2012 0
2012 0
2012 0
2012 0
2012 0
2012 0
2012 0
2012 0
2012 0
2012 0
2012 0
2012 0
2012 0
2012 0
2012 0
2012 0
2012 0
2012 0
2012 0
2012 0
2012 0
2012 0
2012 0
2012 0
2012 0
2012 0
2012 0
2012 0
2012 0
2012 0
2012 0
2012 0
2012 0
2012 16
2012 12
2012 10
2012 9
2012 9
2012 7
2012 6
2012 6
2012 5
2012 4
2012 6
2012 17
2012 19
2012 16
2012 38
2012 60
2012 48
2012 39
2012 34
2012 32
2012 29
2012 27
2012 26
2012 37
2012 51
2012 65
2012 57
2012 46
2012 43
2012 41
2012 50
2012 64
2012 74
2012 75
2012 73
2012 68
2012 65
2012 64
2012 67
2012 69
2012 65
2012 64
2012 63
2012 62
2012 62
2012 93
2012 102
2012 71
2012 79
2012 86
2012 83
2012 81
2012 78
2012 76
2012 74
2012 73
2012 72
2012 72
2012 72
2012 71
2012 71
2012 71
2012 74
2012 73
2012 72
2012 78
2012 76
2012 76
2012 75
2012 92
2012 97
2012 102
2012 98
2012 99
2012 92
2012 93
2012 90
2012 88
2012 86
2012 84
2012 80
2012 75
2012 83
2012 79
2012 76
2012 72
2012 69
2012 66
2012 65
2012 63
2012 62
2012 61
2012 60
2012 62
2012 59
2012 57
2012 55
2012 53
2012 51
2012 47
2012 45
2012 42
2012 39
2012 35
2012 33
2012 31
2012 26
2012 22
2012 20
2012 19
2012 18
2012 16
2012 12
2012 8
2012 4
2012 0
2012 3
2012 0
2012 0
2012 0
2012 0
2012 0
2012 0
2012 2
2012 5
2012 0
2012 0
2012 0
2012 0
2012 0
2012 0
2012 0
2012 0
2012 0
2012 0
2012 0
2012 0
2012 0
2012 0
2012 0
2012 0
2012 0
2012 0
2012 0
2012 0
2012 0
2012 0
2012 0
2012 0
2012 0
2012 0
2012 0
2012 0
2012 0
2012 0
2012 0
2012 0
2012 0
2012 0
2012 0
2012 0
2012 0
2012 0
2012 0
2012 0
2012 0
2012 0
2012 0
2012 0
2012 0
2012 0
2012 0
2012 0
2012 0
2012 0
2012 0
2012 0
2012 0
2012 0
2012 0
2012 0
2012 0
2012 0
2012 0
2012 0
2012 0
2012 0
2012 0
2012 0
2012 0
2012 0
2012 0
2012 0
2012 0
2012 0
2012 0
2012 0
2012 0
2012 0
2012 0
2012 0
2012 0
2012 0
2012 0
2012 0
2012 0
2012 0
2012 0
2012 0
2012 0
2012 0
2012 0
2012 0
2012 0
2012 0
2012 0
2012 0
2012 0
2012 0
2012 0
2012 0
2012 0
2012 0
2012 0
2012 0
2012 0
2012 0
2012 0
2012 0
2012 0
2012 0
2012 0
2012 0
2012 0
2012 0
2012 0
2012 0
2012 0
2012 0
2012 0
2012 0
2012 0
2012 0
2012 0
2012 0
2012 0
2012 0
2012 0
2012 0
2012 0
2012 0
2012 0
2012 0
2012 0
2012 0
2012 0
2012 0
2012 0
2012 0
2012 0
2012 0
2012 0
2012 0
2012 0
2012 0
2012 0
2012 0
2012 0
2012 0
2013 0
2013 0
2013 0
2013 0
2013 0
2013 0
2013 0
2013 0
2013 0
2013 0
2013 0
2013 0
2013 0
2013 0
2013 0
2013 0
2013 0
2013 0
2013 0
2013 0
2013 0
2013 0
2013 0
2013 0
2013 0
2013 0
2013 0
2013 0
2013 0
2013 0
2013 0
2013 0
2013 0
2013 0
2013 0
2013 0
2013 0
2013 0
2013 0
2013 0
2013 0
2013 0
2013 0
2013 0
2013 0
2013 0
2013 0
2013 0
2013 0
2013 0
2013 0
2013 0
2013 0
2013 0
2013 0
2013 0
2013 0
2013 11
2013 16
2013 8
2013 5
2013 0
2013 0
2013 0
2013 0
2013 0
2013 0
2013 0
2013 0
2013 0
2013 0
2013 0
2013 0
2013 0
2013 0
2013 0
2013 0
2013 0
2013 0
2013 0
2013 0
2013 0
2013 0
2013 0
2013 0
2013 0
2013 0
2013 0
2013 0
2013 0
2013 2
2013 1
2013 1
2013 19
2013 20
2013 23
2013 25
2013 36
2013 31
2013 23
2013 54
2013 71
2013 77
2013 67
2013 61
2013 53
2013 42
2013 33
2013 30
2013 29
2013 24
2013 36
2013 43
2013 38
2013 36
2013 35
2013 32
2013 31
2013 30
2013 29
2013 29
2013 29
2013 29
2013 35
2013 35
2013 33
2013 27
2013 26
2013 22
2013 21
2013 20
2013 19
2013 20
2013 26
2013 28
2013 29
2013 31
2013 31
2013 37
2013 39
2013 36
2013 33
2013 28
2013 31
2013 31
2013 30
2013 30
2013 31
2013 30
2013 31
2013 32
2013 33
2013 28
2013 25
2013 23
2013 27
2013 52
2013 62
2013 57
2013 69
2013 81
2013 89
2013 81
2013 73
2013 69
2013 67
2013 66
2013 64
2013 76
2013 71
2013 64
2013 61
2013 79
2013 74
2013 75
2013 72
2013 69
2013 67
2013 68
2013 70
2013 66
2013 61
2013 55
2013 52
2013 50
2013 49
2013 47
2013 46
2013 43
2013 39
2013 36
2013 34
2013 31
2013 30
2013 37
2013 43
2013 46
2013 40
2013 36
2013 35
2013 30
2013 26
2013 25
2013 22
2013 20
2013 19
2013 22
2013 24
2013 20
2013 16
2013 12
2013 16
2013 20
2013 15
2013 12
2013 6
2013 4
2013 0
2013 0
2013 0
2013 0
2013 0
2013 0
2013 0
2013 0
2013 0
2013 0
2013 0
2013 0
2013 0
2013 0
2013 0
2013 0
2013 0
2013 0
2013 0
2013 0
2013 0
2013 0
2013 0
2013 0
2013 0
2013 0
2013 0
2013 0
2013 0
2013 0
2013 0
2013 0
2013 0
2013 0
2013 0
2013 0
2013 0
2013 0
2013 0
2013 0
2013 0
2013 0
2013 0
2013 0
2013 0
2013 0
2013 0
2013 0
2013 0
2013 0
2013 0
2013 0
2013 0
2013 0
2013 0
2013 0
2013 0
2013 0
2013 0
2013 0
2013 0
2013 0
2013 0
2013 0
2013 0
2013 0
2013 0
2013 0
2013 0
2013 0
2013 0
2013 0
2013 0
2013 0
2013 0
2013 0
2013 0
2013 0
2013 0
2013 0
2013 0
2013 0
2013 0
2013 0
2013 0
2013 0
2013 0
2013 0
2013 0
2013 0
2013 0
2013 0
2013 0
2013 0
2013 0
2013 0
2013 0
2013 0
2013 0
2013 0
2013 0
2013 0
2013 0
2013 0
2013 0
2013 0
2013 0
2013 0
2013 0
2013 0
2013 0
2013 0
2013 0
2013 0
2013 0
2013 0
2013 0
2013 0
2013 0
2013 0
2013 0
2013 0
2013 0
2013 0
2013 0
2013 0
2013 0
2013 0
2013 0
2013 0
2013 0
2013 0
2013 0
2013 0
2013 0
2013 0
2013 0
2013 0
2013 0
2013 0
2013 0
2013 0
2013 0
2013 0
2013 0
2013 0
2013 0
2013 0
2014 0
2014 0
2014 0
2014 0
2014 0
2014 0
2014 0
2014 0
2014 0
2014 0
2014 0
2014 0
2014 0
2014 0
2014 0
2014 0
2014 0
2014 0
2014 0
2014 0
2014 0
2014 0
2014 0
2014 0
2014 0
2014 0
2014 0
2014 0
2014 0
2014 0
2014 0
2014 0
2014 0
2014 0
2014 0
2014 0
2014 0
2014 0
2014 0
2014 0
2014 4
2014 0
2014 0
2014 0
2014 0
2014 0
2014 0
2014 0
2014 0
2014 0
2014 0
2014 0
2014 0
2014 0
2014 0
2014 0
2014 0
2014 0
2014 0
2014 0
2014 0
2014 0
2014 0
2014 0
2014 0
2014 0
2014 0
2014 0
2014 0
2014 0
2014 0
2014 0
2014 0
2014 0
2014 0
2014 0
2014 0
2014 0
2014 0
2014 0
2014 0
2014 0
2014 0
2014 0
2014 1
2014 3
2014 11
2014 14
2014 11
2014 9
2014 19
2014 15
2014 12
2014 10
2014 9
2014 8
2014 10
2014 22
2014 21
2014 20
2014 18
2014 15
2014 14
2014 12
2014 12
2014 11
2014 11
2014 10
2014 10
2014 10
2014 10
2014 9
2014 9
2014 9
2014 9
2014 6
2014 3
2014 2
2014 0
2014 0
2014 0
2014 0
2014 0
2014 0
2014 0
2014 0
2014 0
2014 0
2014 0
2014 0
2014 0
2014 0
2014 0
2014 0
2014 0
2014 0
2014 0
2014 0
2014 0
2014 0
2014 0
2014 0
2014 1
2014 0
2014 0
2014 1
2014 9
2014 17
2014 35
2014 31
2014 28
2014 27
2014 26
2014 25
2014 22
2014 20
2014 19
2014 18
2014 17
2014 16
2014 12
2014 11
2014 10
2014 9
2014 9
2014 9
2014 9
2014 8
2014 8
2014 7
2014 6
2014 3
2014 0
2014 0
2014 0
2014 0
2014 0
2014 0
2014 0
2014 0
2014 0
2014 0
2014 0
2014 0
2014 0
2014 0
2014 0
2014 0
2014 0
2014 0
2014 0
2014 0
2014 0
2014 0
2014 0
2014 0
2014 0
2014 0
2014 0
2014 0
2014 0
2014 0
2014 0
2014 0
2014 7
2014 2
2014 0
2014 0
2014 0
2014 0
2014 0
2014 0
2014 0
2014 0
2014 0
2014 0
2014 0
2014 0
2014 0
2014 0
2014 0
2014 0
2014 0
2014 0
2014 0
2014 0
2014 2
2014 2
2014 0
2014 0
2014 2
2014 0
2014 0
2014 0
2014 0
2014 0
2014 0
2014 0
2014 0
2014 0
2014 0
2014 0
2014 0
2014 0
2014 0
2014 0
2014 0
2014 0
2014 0
2014 0
2014 0
2014 0
2014 0
2014 0
2014 0
2014 0
2014 0
2014 0
2014 0
2014 0
2014 0
2014 0
2014 0
2014 0
2014 0
2014 0
2014 0
2014 0
2014 0
2014 0
2014 0
2014 0
2014 0
2014 0
2014 0
2014 0
2014 0
2014 0
2014 0
2014 0
2014 0
2014 0
2014 0
2014 0
2014 0
2014 0
2014 0
2014 0
2014 0
2014 0
2014 0
2014 0
2014 0
2014 0
2014 0
2014 0
2014 0
2014 0
2014 0
2014 0
2014 0
2014 0
2014 0
2014 0
2014 0
2014 0
2014 0
2014 0
2014 0
2014 0
2014 0
2014 0
2014 0
2014 0
2014 0
2014 0
2014 0
2014 0
2014 0
2014 0
2014 0
2014 0
2014 0
2014 0
2014 0
2014 0
2014 0
2014 0
2014 0
2014 0
2014 0
2014 0
2014 0
2014 0
2014 0
2014 0
2014 0
2014 0
2014 0
2014 0
2014 0
2014 0
2014 0
2014 0
2014 0
2014 0
2014 0
2014 0
2014 0
2014 0
2014 0
2014 0
2014 0
2014 0
2014 0
2014 0
2014 0
2014 0
2014 0
2014 0
2014 0
2014 0
2014 0
2014 0
2014 0
2015 0
2015 0
2015 0
2015 0
2015 0
2015 0
2015 0
2015 0
2015 0
2015 0
2015 0
2015 0
2015 0
2015 0
2015 0
2015 0
2015 0
2015 0
2015 0
2015 0
2015 0
2015 0
2015 0
2015 0
2015 0
2015 0
2015 0
2015 0
2015 0
2015 0
2015 0
2015 0
2015 0
2015 0
2015 0
2015 0
2015 0
2015 0
2015 0
2015 0
2015 0
2015 0
2015 0
2015 0
2015 0
2015 0
2015 0
2015 0
2015 0
2015 0
2015 0
2015 0
2015 0
2015 0
2015 0
2015 0
2015 0
2015 0
2015 0
2015 0
2015 0
2015 0
2015 0
2015 0
2015 0
2015 0
2015 0
2015 0
2015 0
2015 0
2015 0
2015 0
2015 0
2015 0
2015 0
2015 0
2015 0
2015 0
2015 0
2015 0
2015 0
2015 0
2015 0
2015 0
2015 0
2015 0
2015 0
2015 0
2015 0
2015 0
2015 0
2015 0
2015 0
2015 0
2015 0
2015 0
2015 0
2015 2
2015 0
2015 0
2015 0
2015 2
2015 0
2015 0
2015 0
2015 0
2015 0
2015 0
2015 0
2015 0
2015 0
2015 0
2015 0
2015 0
2015 0
2015 0
2015 10
2015 10
2015 11
2015 14
2015 49
2015 74
2015 68
2015 64
2015 53
2015 35
2015 41
2015 38
2015 34
2015 32
2015 29
2015 15
2015 5
2015 4
2015 3
2015 2
2015 0
2015 0
2015 0
2015 10
2015 8
2015 7
2015 6
2015 5
2015 4
2015 6
2015 12
2015 22
2015 40
2015 55
2015 58
2015 51
2015 59
2015 52
2015 72
2015 81
2015 74
2015 66
2015 62
2015 56
2015 57
2015 64
2015 58
2015 54
2015 51
2015 48
2015 43
2015 41
2015 40
2015 39
2015 38
2015 37
2015 36
2015 36
2015 35
2015 36
2015 35
2015 34
2015 33
2015 32
2015 34
2015 33
2015 31
2015 33
2015 32
2015 33
2015 39
2015 35
2015 33
2015 31
2015 29
2015 28
2015 26
2015 25
2015 24
2015 23
2015 22
2015 21
2015 17
2015 14
2015 8
2015 5
2015 5
2015 0
2015 0
2015 0
2015 0
2015 0
2015 0
2015 0
2015 0
2015 0
2015 5
2015 10
2015 6
2015 0
2015 0
2015 2
2015 8
2015 0
2015 0
2015 0
2015 0
2015 0
2015 0
2015 0
2015 0
2015 0
2015 0
2015 0
2015 0
2015 0
2015 0
2015 0
2015 0
2015 0
2015 0
2015 0
2015 0
2015 0
2015 0
2015 0
2015 0
2015 0
2015 0
2015 0
2015 0
2015 0
2015 0
2015 0
2015 0
2015 0
2015 0
2015 0
2015 0
2015 0
2015 0
2015 0
2015 0
2015 0
2015 0
2015 0
2015 0
2015 0
2015 0
2015 0
2015 0
2015 0
2015 0
2015 0
2015 0
2015 0
2015 0
2015 0
2015 0
2015 0
2015 0
2015 0
2015 0
2015 0
2015 0
2015 0
2015 0
2015 0
2015 0
2015 0
2015 0
2015 0
2015 0
2015 0
2015 0
2015 0
2015 0
2015 0
2015 0
2015 0
2015 0
2015 0
2015 0
2015 0
2015 0
2015 0
2015 0
2015 0
2015 0
2015 0
2015 0
2015 0
2015 0
2015 0
2015 0
2015 0
2015 0
2015 0
2015 0
2015 0
2015 0
2015 0
2015 0
2015 0
2015 0
2015 0
2015 0
2015 0
2015 0
2015 0
2015 0
2015 0
2015 0
2015 0
2015 0
2015 0
2015 0
2015 0
2015 0
2015 0
2015 0
2015 0
2015 0
2015 0
2015 0
2015 0
2015 0
2015 0
2015 0
2015 0
2015 0
2015 0
2015 0
2015 0
2015 0
2015 0
2015 0
2015 0
2015 0
2015 0
2015 0
2015 0
2015 0
2015 0
2015 0
2015 0
2015 0
2015 0
2015 0
2016 0
2016 0
2016 0
2016 0
2016 0
2016 0
2016 0
2016 0
2016 0
2016 0
2016 0
2016 0
2016 0
2016 0
2016 0
2016 0
2016 0
2016 0
2016 0
2016 0
2016 0
2016 0
2016 0
2016 0
2016 0
2016 0
2016 0
2016 0
2016 0
2016 0
2016 0
2016 0
2016 0
2016 0
2016 0
2016 0
2016 0
2016 0
2016 0
2016 0
2016 0
2016 0
2016 0
2016 0
2016 0
2016 0
2016 0
2016 0
2016 0
2016 0
2016 0
2016 0
2016 0
2016 0
2016 0
2016 0
2016 0
2016 0
2016 0
2016 0
2016 0
2016 0
2016 0
2016 0
2016 0
2016 0
2016 0
2016 0
2016 0
2016 0
2016 0
2016 0
2016 0
2016 0
2016 0
2016 0
2016 0
2016 0
2016 0
2016 0
2016 0
2016 0
2016 3
2016 4
2016 2
2016 1
2016 5
2016 11
2016 6
2016 10
2016 8
2016 5
2016 0
2016 0
2016 0
2016 0
2016 0
2016 0
2016 0
2016 0
2016 0
2016 0
2016 0
2016 0
2016 0
2016 0
2016 0
2016 0
2016 0
2016 0
2016 0
2016 0
2016 0
2016 0
2016 0
2016 0
2016 0
2016 0
2016 0
2016 0
2016 0
2016 0
2016 0
2016 0
2016 18
2016 9
2016 8
2016 10
2016 15
2016 11
2016 9
2016 7
2016 6
2016 5
2016 5
2016 6
2016 10
2016 38
2016 53
2016 67
2016 61
2016 56
2016 51
2016 46
2016 47
2016 48
2016 43
2016 36
2016 34
2016 31
2016 25
2016 22
2016 19
2016 22
2016 20
2016 19
2016 21
2016 27
2016 23
2016 21
2016 20
2016 19
2016 20
2016 28
2016 25
2016 23
2016 24
2016 21
2016 20
2016 18
2016 18
2016 18
2016 17
2016 26
2016 23
2016 21
2016 20
2016 19
2016 21
2016 19
2016 18
2016 17
2016 23
2016 27
2016 25
2016 26
2016 23
2016 22
2016 21
2016 34
2016 33
2016 31
2016 29
2016 27
2016 25
2016 23
2016 21
2016 23
2016 20
2016 19
2016 18
2016 17
2016 15
2016 11
2016 6
2016 3
2016 0
2016 1
2016 0
2016 0
2016 0
2016 0
2016 0
2016 0
2016 0
2016 0
2016 0
2016 0
2016 0
2016 0
2016 0
2016 1
2016 0
2016 0
2016 0
2016 0
2016 0
2016 0
2016 0
2016 0
2016 0
2016 0
2016 0
2016 0
2016 0
2016 0
2016 0
2016 5
2016 0
2016 3
2016 0
2016 0
2016 0
2016 0
2016 0
2016 0
2016 0
2016 0
2016 0
2016 0
2016 0
2016 0
2016 0
2016 0
2016 0
2016 0
2016 0
2016 0
2016 0
2016 0
2016 0
2016 0
2016 0
2016 0
2016 0
2016 0
2016 0
2016 0
2016 0
2016 0
2016 0
2016 0
2016 0
2016 0
2016 0
2016 0
2016 0
2016 0
2016 0
2016 0
2016 0
2016 0
2016 0
2016 0
2016 0
2016 0
2016 0
2016 0
2016 0
2016 0
2016 0
2016 0
2016 0
2016 0
2016 0
2016 0
2016 0
2016 0
2016 0
2016 0
2016 0
2016 0
2016 0
2016 0
2016 0
2016 0
2016 0
2016 0
2016 0
2016 0
2016 0
2016 0
2016 0
2016 0
2016 0
2016 0
2016 0
2016 0
2016 0
2016 0
2016 0
2016 0
2016 0
2016 0
2016 0
2016 0
2016 0
2016 0
2016 0
2016 0
2016 0
2016 0
2016 0
2016 0
2016 0
2016 0
2016 0
2016 0
2016 0
2016 0
2016 0
2016 0
2016 0
2016 0
2016 0
2016 0
2016 0
2016 0
2016 0
2016 0
2016 0
2016 0
2016 0
2016 0
2016 0
2016 0
2016 0
2016 0
2016 0
2016 0
2016 0
2016 0
2016 0
2016 0
2016 0
2016 0
2017 0
2017 0
2017 0
2017 0
2017 0
2017 0
2017 0
2017 0
2017 0
2017 0
2017 0
2017 0
2017 0
2017 0
2017 0
2017 0
2017 0
2017 0
2017 0
2017 0
2017 0
2017 0
2017 0
2017 0
2017 0
2017 0
2017 0
2017 0
2017 0
2017 0
2017 0
2017 0
2017 0
2017 0
2017 0
2017 0
2017 0
2017 0
2017 0
2017 0
2017 0
2017 0
2017 0
2017 0
2017 0
2017 0
2017 0
2017 0
2017 0
2017 0
2017 0
2017 0
2017 0
2017 0
2017 0
2017 0
2017 0
2017 0
2017 0
2017 0
2017 0
2017 0
2017 0
2017 0
2017 0
2017 0
2017 0
2017 3
2017 1
2017 1
2017 2
2017 1
2017 0
2017 0
2017 0
2017 0
2017 0
2017 0
2017 0
2017 0
2017 0
2017 0
2017 0
2017 0
2017 0
2017 0
2017 0
2017 0
2017 0
2017 0
2017 0
2017 0
2017 0
2017 0
2017 0
2017 0
2017 0
2017 0
2017 0
2017 0
2017 0
2017 0
2017 0
2017 0
2017 0
2017 0
2017 0
2017 0
2017 0
2017 6
2017 4
2017 2
2017 1
2017 1
2017 0
2017 0
2017 0
2017 0
2017 0
2017 0
2017 0
2017 0
2017 0
2017 0
2017 3
2017 1
2017 34
2017 47
2017 40
2017 49
2017 45
2017 41
2017 43
2017 47
2017 36
2017 55
2017 63
2017 68
2017 71
2017 65
2017 61
2017 57
2017 56
2017 54
2017 53
2017 51
2017 51
2017 49
2017 48
2017 47
2017 47
2017 45
2017 43
2017 40
2017 37
2017 34
2017 32
2017 29
2017 28
2017 27
2017 26
2017 25
2017 24
2017 24
2017 23
2017 23
2017 22
2017 21
2017 21
2017 21
2017 27
2017 25
2017 24
2017 23
2017 21
2017 20
2017 19
2017 18
2017 18
2017 17
2017 17
2017 16
2017 16
2017 16
2017 15
2017 14
2017 14
2017 13
2017 12
2017 8
2017 6
2017 4
2017 0
2017 0
2017 0
2017 0
2017 0
2017 0
2017 0
2017 0
2017 0
2017 0
2017 0
2017 0
2017 0
2017 0
2017 0
2017 0
2017 0
2017 0
2017 0
2017 0
2017 0
2017 0
2017 0
2017 0
2017 0
2017 0
2017 0
2017 0
2017 0
2017 0
2017 0
2017 0
2017 0
2017 0
2017 0
2017 0
2017 0
2017 0
2017 24
2017 17
2017 11
2017 3
2017 0
2017 0
2017 0
2017 0
2017 0
2017 4
2017 3
2017 0
2017 0
2017 0
2017 0
2017 0
2017 0
2017 0
2017 0
2017 0
2017 0
2017 0
2017 0
2017 0
2017 0
2017 0
2017 0
2017 0
2017 0
2017 0
2017 0
2017 0
2017 0
2017 0
2017 0
2017 0
2017 0
2017 0
2017 0
2017 0
2017 0
2017 0
2017 0
2017 0
2017 0
2017 0
2017 0
2017 0
2017 0
2017 0
2017 0
2017 0
2017 0
2017 0
2017 0
2017 0
2017 0
2017 0
2017 0
2017 0
2017 0
2017 0
2017 0
2017 0
2017 0
2017 0
2017 0
2017 0
2017 0
2017 0
2017 0
2017 0
2017 0
2017 0
2017 0
2017 0
2017 0
2017 0
2017 0
2017 0
2017 0
2017 0
2017 0
2017 0
2017 0
2017 0
2017 0
2017 0
2017 0
2017 0
2017 0
2017 0
2017 0
2017 0
2017 0
2017 0
2017 0
2017 0
2017 0
2017 0
2017 0
2017 0
2017 0
2017 0
2017 0
2017 0
2017 0
2017 0
2017 0
2017 0
2017 0
2017 0
2017 0
2017 0
2017 0
2017 0
2017 0
2017 0
2017 0
2017 0
2017 0
2017 0
2017 0
2017 0
2017 0
2017 0
2017 0
2017 0
2017 0
2017 0
2017 0
2017 0
2017 0
2017 0
2017 0
2018 0
2018 0
2018 0
2018 0
2018 0
2018 0
2018 0
2018 0
2018 0
2018 0
2018 0
2018 0
2018 0
2018 0
2018 0
2018 0
2018 0
2018 0
2018 0
2018 0
2018 0
2018 0
2018 0
2018 0
2018 0
2018 0
2018 0
2018 0
2018 0
2018 0
2018 0
2018 0
2018 0
2018 0
2018 0
2018 0
2018 0
2018 0
2018 0
2018 0
2018 0
2018 0
2018 0
2018 0
2018 0
2018 0
2018 0
2018 0
2018 0
2018 0
2018 0
2018 0
2018 0
2018 0
2018 0
2018 0
2018 0
2018 0
2018 0
2018 0
2018 0
2018 0
2018 0
2018 0
2018 0
2018 0
2018 0
2018 0
2018 0
2018 0
2018 0
2018 0
2018 0
2018 3
2018 3
2018 1
2018 0
2018 0
2018 0
2018 4
2018 5
2018 5
2018 3
2018 0
2018 0
2018 0
2018 4
2018 10
2018 6
2018 8
2018 14
2018 12
2018 11
2018 10
2018 15
2018 20
2018 16
2018 15
2018 14
2018 19
2018 17
2018 16
2018 15
2018 17
2018 16
2018 18
2018 22
2018 35
2018 39
2018 37
2018 42
2018 38
2018 41
2018 34
2018 29
2018 27
2018 26
2018 26
2018 29
2018 48
2018 45
2018 40
2018 39
2018 38
2018 40
2018 36
2018 42
2018 39
2018 36
2018 35
2018 34
2018 32
2018 31
2018 31
2018 30
2018 29
2018 29
2018 28
2018 30
2018 38
2018 35
2018 44
2018 63
2018 71
2018 66
2018 62
2018 60
2018 58
2018 56
2018 55
2018 53
2018 51
2018 49
2018 47
2018 48
2018 47
2018 48
2018 49
2018 47
2018 47
2018 49
2018 48
2018 47
2018 47
2018 51
2018 61
2018 57
2018 56
2018 61
2018 56
2018 59
2018 57
2018 56
2018 58
2018 58
2018 56
2018 54
2018 53
2018 53
2018 54
2018 53
2018 52
2018 52
2018 51
2018 49
2018 48
2018 46
2018 45
2018 43
2018 42
2018 41
2018 40
2018 39
2018 38
2018 37
2018 36
2018 35
2018 33
2018 30
2018 28
2018 31
2018 32
2018 30
2018 33
2018 29
2018 27
2018 25
2018 23
2018 28
2018 24
2018 22
2018 18
2018 11
2018 5
2018 3
2018 0
2018 0
2018 0
2018 0
2018 0
2018 0
2018 0
2018 0
2018 0
2018 0
2018 0
2018 0
2018 0
2018 0
2018 0
2018 0
2018 0
2018 0
2018 0
2018 0
2018 0
2018 0
2018 0
2018 0
2018 0
2018 0
2018 0
2018 0
2018 0
2018 0
2018 0
2018 0
2018 0
2018 0
2018 0
2018 0
2018 0
2018 0
2018 0
2018 0
2018 0
2018 0
2018 0
2018 0
2018 0
2018 0
2018 0
2018 0
2018 0
2018 0
2018 0
2018 0
2018 0
2018 0
2018 0
2018 0
2018 0
2018 0
2018 0
2018 0
2018 0
2018 0
2018 0
2018 0
2018 0
2018 0
2018 0
2018 0
2018 0
2018 0
2018 0
2018 0
2018 0
2018 0
2018 0
2018 0
2018 0
2018 0
2018 0
2018 0
2018 0
2018 0
2018 0
2018 0
2018 0
2018 0
2018 0
2018 0
2018 0
2018 0
2018 0
2018 0
2018 0
2018 0
2018 0
2018 0
2018 0
2018 0
2018 0
2018 0
2018 0
2018 0
2018 0
2018 0
2018 0
2018 0
2018 0
2018 0
2018 0
2018 0
2018 0
2018 0
2018 0
2018 0
2018 0
2018 0
2018 0
2018 0
2018 0
2018 0
2018 0
2018 0
2018 0
2018 0
2018 0
2018 0
2018 0
2018 0
2018 0
2018 0
2018 0
2018 0
2018 0
2018 0
2018 0
2018 0
2018 0
2018 0
2018 0
2018 0
2018 0
2018 0
2018 0
2018 0
2018 0
2018 0
2018 0
2018 0
2018 0
2018 0
2019 0
2019 0
2019 0
2019 0
2019 0
2019 0
2019 0
2019 0
2019 0
2019 0
2019 0
2019 0
2019 0
2019 0
2019 0
2019 0
2019 0
2019 0
2019 0
2019 0
2019 0
2019 0
2019 0
2019 0
2019 0
2019 0
2019 0
2019 0
2019 0
2019 0
2019 0
2019 0
2019 0
2019 0
2019 0
2019 0
2019 0
2019 0
2019 0
2019 0
2019 0
2019 0
2019 0
2019 0
2019 0
2019 0
2019 0
2019 0
2019 0
2019 0
2019 0
2019 0
2019 0
2019 0
2019 0
2019 0
2019 0
2019 0
2019 0
2019 0
2019 0
2019 0
2019 0
2019 0
2019 0
2019 0
2019 0
2019 0
2019 0
2019 0
2019 0
2019 0
2019 0
2019 0
2019 0
2019 0
2019 0
2019 0
2019 0
2019 1
2019 1
2019 0
2019 0
2019 0
2019 0
2019 0
2019 0
2019 5
2019 3
2019 2
2019 1
2019 0
2019 0
2019 0
2019 0
2019 0
2019 0
2019 0
2019 0
2019 0
2019 1
2019 14
2019 20
2019 21
2019 16
2019 14
2019 13
2019 14
2019 16
2019 14
2019 15
2019 13
2019 11
2019 3
2019 0
2019 1
2019 0
2019 0
2019 0
2019 0
2019 3
2019 3
2019 6
2019 12
2019 23
2019 31
2019 64
2019 59
2019 51
2019 58
2019 64
2019 92
2019 104
2019 108
2019 112
2019 95
2019 103
2019 95
2019 93
2019 88
2019 86
2019 84
2019 83
2019 81
2019 79
2019 77
2019 79
2019 83
2019 98
2019 99
2019 102
2019 95
2019 93
2019 91
2019 88
2019 91
2019 95
2019 91
2019 88
2019 85
2019 84
2019 82
2019 80
2019 78
2019 94
2019 95
2019 91
2019 88
2019 86
2019 84
2019 83
2019 81
2019 79
2019 77
2019 74
2019 70
2019 68
2019 66
2019 64
2019 62
2019 60
2019 57
2019 55
2019 54
2019 52
2019 50
2019 49
2019 47
2019 44
2019 42
2019 40
2019 38
2019 41
2019 39
2019 41
2019 39
2019 37
2019 35
2019 34
2019 34
2019 33
2019 31
2019 29
2019 28
2019 27
2019 26
2019 28
2019 27
2019 26
2019 23
2019 20
2019 18
2019 15
2019 11
2019 5
2019 0
2019 0
2019 0
2019 0
2019 0
2019 0
2019 0
2019 0
2019 0
2019 0
2019 0
2019 0
2019 0
2019 0
2019 0
2019 0
2019 0
2019 0
2019 0
2019 0
2019 0
2019 0
2019 0
2019 0
2019 0
2019 0
2019 0
2019 0
2019 0
2019 0
2019 0
2019 12
2019 0
2019 0
2019 0
2019 0
2019 0
2019 0
2019 0
2019 0
2019 0
2019 0
2019 0
2019 0
2019 0
2019 0
2019 0
2019 0
2019 0
2019 0
2019 0
2019 0
2019 0
2019 0
2019 0
2019 0
2019 0
2019 0
2019 0
2019 0
2019 0
2019 0
2019 0
2019 0
2019 0
2019 0
2019 0
2019 0
2019 0
2019 0
2019 0
2019 0
2019 0
2019 0
2019 0
2019 0
2019 0
2019 0
2019 0
2019 0
2019 0
2019 0
2019 0
2019 0
2019 0
2019 0
2019 0
2019 0
2019 0
2019 0
2019 0
2019 0
2019 0
2019 0
2019 0
2019 0
2019 0
2019 0
2019 0
2019 0
2019 0
2019 0
2019 0
2019 0
2019 0
2019 0
2019 0
2019 0
2019 0
2019 0
2019 0
2019 0
2019 0
2019 0
2019 0
2019 0
2019 0
2019 0
2019 0
2019 0
2019 0
2019 0
2019 0
2019 0
2019 0
2019 0
2019 0
2019 0
2019 0
2019 0
2019 0
2019 0
2019 0
2019 0
2019 0
2019 0
2019 0
2019 0
2019 0
2019 0
2019 0
2019 0
2019 0
2019 0
2019 0
2019 0
2019 0
2019 0
2019 0
2019 0
2020 0
2020 0
2020 0
2020 0
2020 0
2020 0
2020 0
2020 0
2020 0
2020 0
2020 0
2020 0
2020 0
2020 0
2020 0
2020 0
2020 0
2020 0
2020 0
2020 0
2020 0
2020 0
2020 0
2020 0
2020 0
2020 0
2020 0
2020 0
2020 0
2020 0
2020 0
2020 0
2020 0
2020 0
2020 0
2020 0
2020 0
2020 0
2020 0
2020 0
2020 0
2020 0
2020 0
2020 0
2020 0
2020 0
2020 0
2020 0
2020 0
2020 0
2020 0
2020 0
2020 0
2020 0
2020 0
2020 0
2020 0
2020 0
2020 0
2020 0
2020 0
2020 0
2020 0
2020 0
2020 0
2020 0
2020 0
2020 0
2020 0
2020 0
2020 0
2020 0
2020 0
2020 11
2020 8
2020 6
2020 3
2020 0
2020 0
2020 0
2020 0
2020 0
2020 0
2020 0
2020 0
2020 0
2020 0
2020 0
2020 0
2020 0
2020 1
2020 0
2020 3
2020 2
2020 2
2020 1
2020 1
2020 1
2020 0
2020 0
2020 2
2020 4
2020 6
2020 7
2020 9
2020 6
2020 5
2020 3
2020 0
2020 0
2020 0
2020 0
2020 0
2020 0
2020 0
2020 1
2020 0
2020 5
2020 5
2020 4
2020 3
2020 3
2020 3
2020 3
2020 3
2020 3
2020 7
2020 6
2020 6
2020 6
2020 6
2020 5
2020 5
2020 5
2020 5
2020 5
2020 5
2020 4
2020 4
2020 4
2020 9
2020 19
2020 18
2020 16
2020 15
2020 15
2020 15
2020 14
2020 14
2020 13
2020 18
2020 24
2020 21
2020 20
2020 18
2020 16
2020 11
2020 20
2020 24
2020 22
2020 21
2020 20
2020 19
2020 17
2020 24
2020 22
2020 21
2020 20
2020 19
2020 18
2020 16
2020 14
2020 16
2020 14
2020 12
2020 10
2020 4
2020 2
2020 0
2020 4
2020 8
2020 6
2020 2
2020 0
2020 0
2020 3
2020 0
2020 0
2020 1
2020 1
2020 0
2020 0
2020 0
2020 0
2020 0
2020 0
2020 0
2020 0
2020 0
2020 0
2020 0
2020 0
2020 0
2020 3
2020 0
2020 0
2020 0
2020 0
2020 0
2020 0
2020 0
2020 2
2020 0
2020 0
2020 0
2020 0
2020 0
2020 0
2020 0
2020 0
2020 0
2020 0
2020 0
2020 0
2020 0
2020 0
2020 0
2020 0
2020 0
2020 0
2020 0
2020 0
2020 0
2020 0
2020 0
2020 0
2020 0
2020 0
2020 0
2020 0
2020 0
2020 0
2020 0
2020 0
2020 0
2020 0
2020 0
2020 0
2020 0
2020 0
2020 0
2020 0
2020 0
2020 0
2020 0
2020 0
2020 0
2020 0
2020 0
2020 0
2020 0
2020 0
2020 0
2020 0
2020 0
2020 0
2020 0
2020 0
2020 0
2020 0
2020 0
2020 0
2020 0
2020 0
2020 0
2020 0
2020 0
2020 0
2020 0
2020 0
2020 0
2020 0
2020 0
2020 0
2020 0
2020 0
2020 0
2020 0
2020 0
2020 0
2020 0
2020 0
2020 0
2020 0
2020 0
2020 0
2020 0
2020 0
2020 0
2020 0
2020 0
2020 0
2020 0
2020 0
2020 0
2020 0
2020 0
2020 0
2020 0
2020 0
2020 0
2020 0
2020 0
2020 0
2020 0
2020 0
2020 0
2020 0
2020 0
2020 0
2020 0
2020 0
2020 0
2020 0
2020 0
2020 0
2020 0
2020 0
2020 0
2020 0
2020 0
2020 0
2020 0
2020 0
2020 0
2020 0
2020 0
2020 0
2020 0
2020 0
2020 0
2020 0
2020 0
2020 0
2020 0
2020 0
2020 0
2020 0
2020 0
2020 0
2020 0
2020 0
2020 0
2020 0
2020 0
2020 0
2020 0
2020 0
2020 0
2020 0
2020 0
2020 0
2020 0
2020 0
2020 0
2020 0
