2003 NA
2003 NA
2003 NA
2003 NA
2003 NA
2003 NA
2003 NA
2003 NA
2003 NA
2003 NA
2003 NA
2003 NA
2003 NA
2003 NA
2003 NA
2003 NA
2003 NA
2003 NA
2003 NA
2003 NA
2003 NA
2003 NA
2003 NA
2003 NA
2003 NA
2003 NA
2003 NA
2003 NA
2003 NA
2003 NA
2003 NA
2003 NA
2003 NA
2003 NA
2003 NA
2003 NA
2003 NA
2003 NA
2003 NA
2003 NA
2003 NA
2003 NA
2003 NA
2003 NA
2003 NA
2003 NA
2003 NA
2003 NA
2003 NA
2003 NA
2003 NA
2003 NA
2003 NA
2003 NA
2003 NA
2003 NA
2003 NA
2003 NA
2003 NA
2003 NA
2003 NA
2003 NA
2003 NA
2003 NA
2003 NA
2003 NA
2003 NA
2003 NA
2003 NA
2003 NA
2003 NA
2003 NA
2003 NA
2003 NA
2003 NA
2003 NA
2003 NA
2003 NA
2003 NA
2003 NA
2003 NA
2003 NA
2003 NA
2003 NA
2003 NA
2003 NA
2003 NA
2003 NA
2003 85
2003 NA
2003 108
2003 103
2003 106
2003 100
2003 98
2003 95
2003 94
2003 94
2003 NA
2003 NA
2003 92
2003 92
2003 90
2003 90
2003 90
2003 90
2003 96
2003 NA
2003 111
2003 107
2003 106
2003 114
2003 NA
2003 112
2003 111
2003 109
2003 108
2003 107
2003 115
2003 130
2003 124
2003 139
2003 134
2003 130
2003 127
2003 133
2003 139
2003 133
2003 132
2003 128
2003 126
2003 125
2003 124
2003 123
2003 130
2003 128
2003 126
2003 125
2003 124
2003 123
2003 123
2003 122
2003 NA
2003 119
2003 131
2003 144
2003 138
2003 138
2003 134
2003 143
2003 156
2003 189
2003 184
2003 174
2003 171
2003 167
2003 200
2003 213
2003 215
2003 NA
2003 198
2003 191
2003 188
2003 184
2003 181
2003 178
2003 177
2003 175
2003 172
2003 174
2003 171
2003 169
2003 168
2003 166
2003 165
2003 164
2003 163
2003 159
2003 158
2003 155
2003 155
2003 151
2003 150
2003 160
2003 159
2003 156
2003 155
2003 157
2003 156
2003 153
2003 152
2003 149
2003 148
2003 150
2003 149
2003 149
2003 148
2003 148
2003 147
2003 146
2003 146
2003 145
2003 145
2003 144
2003 142
2003 140
2003 138
2003 138
2003 135
2003 133
2003 129
2003 128
2003 128
2003 131
2003 132
2003 132
2003 128
2003 130
2003 137
2003 135
2003 142
2003 130
2003 129
2003 127
2003 127
2003 125
2003 123
2003 120
2003 117
2003 112
2003 111
2003 112
2003 111
2003 112
2003 109
2003 108
2003 104
2003 102
2003 102
2003 99
2003 93
2003 86
2003 87
2003 83
2003 82
2003 75
2003 67
2003 59
2003 NA
2003 39
2003 37
2003 33
2003 28
2003 24
2003 19
2003 26
2003 24
2003 20
2003 18
2003 13
2003 1
2003 0
2003 6
2003 14
2003 5
2003 0
2003 NA
2003 NA
2003 0
2003 0
2003 NA
2003 NA
2003 NA
2003 NA
2003 NA
2003 NA
2003 NA
2003 0
2003 0
2003 6
2003 5
2003 1
2003 5
2003 4
2003 NA
2003 NA
2003 NA
2003 NA
2003 NA
2003 NA
2003 NA
2003 NA
2003 NA
2003 NA
2003 NA
2003 NA
2003 NA
2003 NA
2003 NA
2003 NA
2003 NA
2003 NA
2003 NA
2003 0
2003 NA
2003 NA
2003 0
2003 NA
2003 NA
2003 NA
2003 NA
2003 0
2003 10
2003 NA
2003 NA
2003 NA
2003 NA
2003 NA
2003 NA
2003 NA
2003 NA
2003 NA
2003 NA
2003 NA
2003 NA
2003 NA
2003 NA
2003 NA
2003 NA
2003 NA
2003 NA
2003 NA
2003 NA
2003 NA
2003 NA
2003 NA
2003 NA
2003 NA
2003 NA
2003 NA
2003 NA
2003 NA
2003 NA
2003 NA
2003 NA
2003 3
2003 2
2003 3
2003 2
2003 2
2003 3
2003 3
2003 4
2003 2
2003 1
2003 3
2003 4
2003 2
2003 3
2003 2
2003 2
2003 2
2003 3
2003 0
2003 1
2004 5
2004 3
2004 2
2004 4
2004 1
2004 2
2004 3
2004 4
2004 3
2004 5
2004 5
2004 4
2004 4
2004 1
2004 6
2004 3
2004 1
2004 5
2004 4
2004 3
2004 3
2004 3
2004 4
2004 5
2004 3
2004 3
2004 2
2004 5
2004 4
2004 4
2004 3
2004 2
2004 3
2004 3
2004 17
2004 16
2004 20
2004 36
2004 26
2004 20
2004 16
2004 13
2004 10
2004 7
2004 5
2004 4
2004 4
2004 4
2004 4
2004 4
2004 5
2004 6
2004 11
2004 11
2004 10
2004 11
2004 10
2004 10
2004 14
2004 26
2004 10
2004 31
2004 32
2004 25
2004 25
2004 24
2004 23
2004 23
2004 23
2004 22
2004 22
2004 22
2004 23
2004 35
2004 35
2004 33
2004 32
2004 31
2004 32
2004 29
2004 28
2004 28
2004 26
2004 25
2004 23
2004 23
2004 22
2004 37
2004 53
2004 52
2004 46
2004 43
2004 37
2004 31
2004 28
2004 31
2004 31
2004 34
2004 31
2004 29
2004 28
2004 27
2004 25
2004 27
2004 25
2004 60
2004 65
2004 57
2004 53
2004 49
2004 47
2004 45
2004 70
2004 71
2004 64
2004 62
2004 59
2004 52
2004 48
2004 56
2004 64
2004 67
2004 65
2004 69
2004 66
2004 65
2004 67
2004 67
2004 71
2004 71
2004 92
2004 109
2004 103
2004 122
2004 154
2004 156
2004 168
2004 154
2004 161
2004 155
2004 149
2004 181
2004 184
2004 174
2004 168
2004 163
2004 168
2004 149
2004 149
2004 168
2004 164
2004 159
2004 153
2004 148
2004 145
2004 143
2004 141
2004 139
2004 138
2004 145
2004 141
2004 147
2004 145
2004 166
2004 158
2004 153
2004 149
2004 148
2004 147
2004 145
2004 145
2004 146
2004 140
2004 138
2004 134
2004 143
2004 140
2004 140
2004 139
2004 140
2004 140
2004 137
2004 137
2004 137
2004 136
2004 136
2004 140
2004 141
2004 141
2004 141
2004 140
2004 142
2004 155
2004 150
2004 147
2004 143
2004 141
2004 136
2004 130
2004 129
2004 122
2004 118
2004 116
2004 115
2004 120
2004 126
2004 134
2004 132
2004 129
2004 127
2004 124
2004 122
2004 121
2004 118
2004 115
2004 116
2004 116
2004 116
2004 117
2004 131
2004 130
2004 132
2004 131
2004 130
2004 129
2004 128
2004 127
2004 124
2004 123
2004 122
2004 120
2004 139
2004 127
2004 122
2004 117
2004 115
2004 110
2004 109
2004 107
2004 103
2004 103
2004 101
2004 96
2004 93
2004 90
2004 88
2004 86
2004 105
2004 118
2004 113
2004 111
2004 117
2004 112
2004 108
2004 107
2004 100
2004 97
2004 93
2004 88
2004 85
2004 78
2004 72
2004 66
2004 62
2004 60
2004 61
2004 57
2004 52
2004 48
2004 46
2004 43
2004 38
2004 33
2004 34
2004 33
2004 30
2004 33
2004 26
2004 24
2004 18
2004 10
2004 2
2004 1
2004 0
2004 3
2004 3
2004 2
2004 2
2004 2
2004 1
2004 2
2004 3
2004 4
2004 3
2004 2
2004 2
2004 4
2004 2
2004 5
2004 4
2004 3
2004 1
2004 5
2004 4
2004 5
2004 6
2004 2
2004 5
2004 6
2004 3
2004 7
2004 6
2004 7
2004 8
2004 9
2004 9
2004 10
2004 11
2004 5
2004 7
2004 8
2004 7
2004 6
2004 5
2004 6
2004 6
2004 7
2004 6
2004 7
2004 8
2004 7
2004 6
2004 5
2004 6
2004 7
2004 2
2004 5
2004 5
2004 6
2004 3
2004 5
2004 5
2004 3
2004 3
2004 4
2004 2
2004 4
2004 4
2004 4
2004 0
2004 3
2004 5
2004 3
2004 4
2004 4
2004 6
2004 5
2004 5
2004 3
2004 5
2004 5
2004 2
2004 2
2004 6
2004 4
2004 5
2005 3
2005 4
2005 3
2005 4
2005 2
2005 4
2005 1
2005 1
2005 2
2005 1
2005 2
2005 4
2005 3
2005 6
2005 4
2005 3
2005 3
2005 3
2005 0
2005 1
2005 2
2005 5
2005 4
2005 6
2005 10
2005 10
2005 7
2005 4
2005 3
2005 4
2005 3
2005 4
2005 3
2005 1
2005 3
2005 2
2005 2
2005 3
2005 1
2005 4
2005 2
2005 2
2005 3
2005 4
2005 4
2005 38
2005 32
2005 24
2005 20
2005 8
2005 2
2005 3
2005 1
2005 2
2005 4
2005 4
2005 4
2005 2
2005 3
2005 4
2005 2
2005 3
2005 2
2005 2
2005 2
2005 3
2005 3
2005 9
2005 7
2005 8
2005 8
2005 11
2005 8
2005 8
2005 7
2005 7
2005 7
2005 7
2005 6
2005 17
2005 26
2005 31
2005 27
2005 23
2005 22
2005 22
2005 22
2005 22
2005 22
2005 23
2005 23
2005 21
2005 21
2005 21
2005 20
2005 20
2005 20
2005 20
2005 21
2005 21
2005 20
2005 20
2005 20
2005 20
2005 20
2005 20
2005 21
2005 21
2005 49
2005 73
2005 62
2005 54
2005 51
2005 48
2005 47
2005 29
2005 38
2005 41
2005 38
2005 41
2005 39
2005 39
2005 38
2005 41
2005 43
2005 42
2005 42
2005 40
2005 41
2005 40
2005 41
2005 39
2005 39
2005 40
2005 41
2005 40
2005 40
2005 41
2005 41
2005 43
2005 60
2005 68
2005 89
2005 121
2005 118
2005 119
2005 106
2005 NA
2005 89
2005 89
2005 86
2005 85
2005 NA
2005 115
2005 127
2005 115
2005 110
2005 106
2005 103
2005 101
2005 99
2005 97
2005 97
2005 107
2005 117
2005 148
2005 154
2005 153
2005 137
2005 132
2005 129
2005 129
2005 137
2005 131
2005 129
2005 129
2005 128
2005 125
2005 124
2005 125
2005 124
2005 122
2005 122
2005 121
2005 120
2005 125
2005 131
2005 128
2005 129
2005 136
2005 132
2005 127
2005 126
2005 139
2005 132
2005 126
2005 122
2005 118
2005 115
2005 112
2005 109
2005 106
2005 104
2005 99
2005 97
2005 96
2005 95
2005 101
2005 97
2005 95
2005 96
2005 94
2005 93
2005 91
2005 90
2005 89
2005 88
2005 85
2005 83
2005 93
2005 100
2005 96
2005 92
2005 86
2005 86
2005 85
2005 83
2005 83
2005 84
2005 87
2005 92
2005 102
2005 99
2005 94
2005 93
2005 92
2005 96
2005 94
2005 90
2005 88
2005 86
2005 79
2005 74
2005 66
2005 61
2005 59
2005 61
2005 68
2005 69
2005 NA
2005 73
2005 70
2005 70
2005 66
2005 62
2005 59
2005 56
2005 58
2005 55
2005 57
2005 53
2005 47
2005 41
2005 35
2005 39
2005 32
2005 23
2005 13
2005 1
2005 1
2005 0
2005 1
2005 1
2005 2
2005 1
2005 1
2005 1
2005 0
2005 0
2005 2
2005 2
2005 2
2005 2
2005 0
2005 2
2005 1
2005 0
2005 1
2005 2
2005 2
2005 3
2005 1
2005 2
2005 4
2005 4
2005 1
2005 4
2005 7
2005 7
2005 3
2005 7
2005 6
2005 8
2005 10
2005 6
2005 11
2005 9
2005 13
2005 11
2005 11
2005 10
2005 12
2005 10
2005 11
2005 16
2005 6
2005 8
2005 10
2005 8
2005 3
2005 5
2005 4
2005 6
2005 1
2005 3
2005 3
2005 2
2005 3
2005 1
2005 2
2005 3
2005 2
2005 3
2005 2
2005 3
2005 1
2005 4
2005 3
2005 2
2005 3
2005 4
2005 3
2005 2
2005 2
2005 3
2005 1
2005 3
2005 3
2005 7
2005 1
2005 0
2005 3
2005 2
2005 1
2005 1
2005 2
2005 1
2005 1
2005 1
2005 1
2005 1
2005 0
2005 1
2005 1
2005 0
2006 0
2006 0
2006 0
2006 0
2006 0
2006 0
2006 0
2006 0
2006 0
2006 2
2006 2
2006 1
2006 1
2006 1
2006 1
2006 2
2006 2
2006 1
2006 1
2006 1
2006 2
2006 1
2006 0
2006 1
2006 0
2006 1
2006 0
2006 0
2006 3
2006 1
2006 3
2006 18
2006 11
2006 4
2006 0
2006 0
2006 0
2006 1
2006 0
2006 1
2006 1
2006 0
2006 1
2006 0
2006 0
2006 1
2006 0
2006 0
2006 0
2006 0
2006 0
2006 0
2006 0
2006 0
2006 0
2006 0
2006 0
2006 1
2006 0
2006 0
2006 1
2006 0
2006 1
2006 0
2006 1
2006 1
2006 2
2006 0
2006 0
2006 0
2006 0
2006 1
2006 0
2006 1
2006 0
2006 1
2006 1
2006 11
2006 9
2006 10
2006 11
2006 22
2006 18
2006 19
2006 16
2006 20
2006 18
2006 16
2006 17
2006 16
2006 16
2006 17
2006 14
2006 13
2006 13
2006 12
2006 19
2006 41
2006 28
2006 28
2006 28
2006 25
2006 24
2006 24
2006 24
2006 23
2006 46
2006 91
2006 85
2006 83
2006 NA
2006 72
2006 68
2006 68
2006 64
2006 61
2006 63
2006 67
2006 59
2006 61
2006 61
2006 70
2006 74
2006 74
2006 69
2006 68
2006 68
2006 67
2006 67
2006 66
2006 66
2006 65
2006 65
2006 65
2006 64
2006 63
2006 NA
2006 64
2006 67
2006 99
2006 105
2006 97
2006 95
2006 94
2006 91
2006 89
2006 87
2006 86
2006 91
2006 83
2006 81
2006 79
2006 79
2006 78
2006 77
2006 NA
2006 77
2006 77
2006 75
2006 77
2006 77
2006 88
2006 104
2006 98
2006 93
2006 91
2006 89
2006 90
2006 116
2006 119
2006 110
2006 103
2006 114
2006 110
2006 111
2006 109
2006 108
2006 106
2006 106
2006 110
2006 109
2006 116
2006 121
2006 115
2006 125
2006 124
2006 128
2006 136
2006 152
2006 154
2006 155
2006 162
2006 172
2006 165
2006 160
2006 157
2006 153
2006 151
2006 149
2006 147
2006 145
2006 144
2006 141
2006 147
2006 144
2006 139
2006 133
2006 128
2006 137
2006 144
2006 138
2006 137
2006 133
2006 133
2006 138
2006 133
2006 132
2006 134
2006 132
2006 130
2006 129
2006 141
2006 155
2006 148
2006 157
2006 149
2006 145
2006 142
2006 140
2006 139
2006 137
2006 135
2006 130
2006 127
2006 125
2006 123
2006 121
2006 119
2006 112
2006 110
2006 110
2006 109
2006 107
2006 104
2006 98
2006 93
2006 91
2006 88
2006 85
2006 82
2006 90
2006 83
2006 78
2006 74
2006 72
2006 68
2006 NA
2006 62
2006 54
2006 49
2006 45
2006 40
2006 36
2006 29
2006 42
2006 35
2006 31
2006 27
2006 20
2006 12
2006 9
2006 24
2006 28
2006 28
2006 27
2006 23
2006 17
2006 22
2006 23
2006 17
2006 11
2006 5
2006 0
2006 0
2006 0
2006 0
2006 0
2006 0
2006 0
2006 0
2006 0
2006 0
2006 0
2006 0
2006 0
2006 0
2006 0
2006 0
2006 0
2006 0
2006 0
2006 3
2006 3
2006 0
2006 0
2006 1
2006 1
2006 2
2006 7
2006 4
2006 9
2006 2
2006 5
2006 5
2006 0
2006 4
2006 2
2006 1
2006 3
2006 0
2006 0
2006 0
2006 0
2006 0
2006 0
2006 1
2006 0
2006 0
2006 0
2006 1
2006 0
2006 0
2006 NA
2006 0
2006 1
2006 0
2006 1
2006 0
2006 0
2006 1
2006 1
2006 0
2006 1
2006 1
2006 0
2006 1
2006 0
2006 0
2006 0
2006 1
2006 0
2006 0
2006 0
2006 0
2006 0
2006 0
2006 0
2006 0
2006 0
2006 0
2006 1
2006 1
2006 6
2006 8
2006 0
2007 0
2007 0
2007 0
2007 0
2007 0
2007 0
2007 0
2007 1
2007 0
2007 0
2007 0
2007 0
2007 0
2007 0
2007 0
2007 0
2007 0
2007 1
2007 0
2007 0
2007 0
2007 0
2007 0
2007 0
2007 1
2007 0
2007 0
2007 0
2007 0
2007 0
2007 0
2007 0
2007 0
2007 1
2007 0
2007 0
2007 1
2007 0
2007 0
2007 0
2007 0
2007 0
2007 0
2007 0
2007 0
2007 0
2007 0
2007 0
2007 0
2007 0
2007 0
2007 0
2007 0
2007 0
2007 0
2007 0
2007 0
2007 0
2007 0
2007 0
2007 0
2007 2
2007 3
2007 3
2007 3
2007 3
2007 2
2007 0
2007 0
2007 6
2007 7
2007 10
2007 7
2007 6
2007 4
2007 1
2007 0
2007 0
2007 0
2007 0
2007 4
2007 5
2007 24
2007 18
2007 14
2007 7
2007 2
2007 0
2007 0
2007 0
2007 0
2007 0
2007 0
2007 0
2007 0
2007 1
2007 19
2007 28
2007 21
2007 60
2007 62
2007 55
2007 48
2007 45
2007 41
2007 38
2007 37
2007 35
2007 33
2007 33
2007 33
2007 32
2007 33
2007 31
2007 31
2007 31
2007 31
2007 30
2007 30
2007 30
2007 30
2007 30
2007 46
2007 57
2007 70
2007 66
2007 70
2007 64
2007 61
2007 60
2007 62
2007 60
2007 58
2007 63
2007 62
2007 60
2007 58
2007 57
2007 56
2007 59
2007 58
2007 56
2007 56
2007 55
2007 66
2007 82
2007 79
2007 76
2007 73
2007 NA
2007 72
2007 70
2007 70
2007 70
2007 69
2007 69
2007 68
2007 68
2007 69
2007 70
2007 68
2007 68
2007 67
2007 67
2007 68
2007 91
2007 83
2007 83
2007 81
2007 80
2007 79
2007 79
2007 78
2007 77
2007 NA
2007 NA
2007 74
2007 77
2007 102
2007 116
2007 116
2007 114
2007 146
2007 155
2007 144
2007 138
2007 136
2007 132
2007 130
2007 129
2007 139
2007 130
2007 124
2007 122
2007 119
2007 115
2007 110
2007 108
2007 102
2007 109
2007 102
2007 106
2007 105
2007 112
2007 112
2007 108
2007 103
2007 103
2007 103
2007 102
2007 101
2007 104
2007 102
2007 102
2007 103
2007 106
2007 104
2007 103
2007 101
2007 100
2007 97
2007 94
2007 89
2007 83
2007 77
2007 72
2007 68
2007 62
2007 57
2007 56
2007 50
2007 46
2007 42
2007 37
2007 32
2007 28
2007 23
2007 18
2007 9
2007 0
2007 0
2007 0
2007 0
2007 0
2007 0
2007 0
2007 3
2007 0
2007 0
2007 0
2007 0
2007 0
2007 0
2007 0
2007 0
2007 0
2007 7
2007 1
2007 21
2007 7
2007 0
2007 0
2007 0
2007 0
2007 0
2007 0
2007 0
2007 0
2007 0
2007 5
2007 27
2007 13
2007 3
2007 4
2007 1
2007 0
2007 0
2007 0
2007 0
2007 0
2007 0
2007 0
2007 1
2007 0
2007 0
2007 0
2007 0
2007 1
2007 0
2007 0
2007 0
2007 0
2007 0
2007 3
2007 1
2007 1
2007 0
2007 1
2007 3
2007 3
2007 0
2007 0
2007 1
2007 0
2007 2
2007 1
2007 4
2007 5
2007 0
2007 2
2007 3
2007 6
2007 1
2007 4
2007 2
2007 0
2007 0
2007 0
2007 0
2007 0
2007 0
2007 0
2007 0
2007 0
2007 0
2007 0
2007 0
2007 0
2007 2
2007 1
2007 0
2007 0
2007 2
2007 1
2007 0
2007 0
2007 0
2007 0
2007 0
2007 0
2007 0
2007 1
2007 1
2007 0
2007 1
2007 0
2007 1
2007 2
2007 0
2007 1
2007 1
2007 0
2007 0
2007 2
2007 1
2007 0
2007 1
2007 0
2007 2
2007 0
2007 2
2007 NA
2007 2
2007 4
2007 2
2008 2
2008 0
2008 5
2008 8
2008 2
2008 1
2008 0
2008 0
2008 2
2008 1
2008 2
2008 3
2008 0
2008 0
2008 1
2008 NA
2008 0
2008 5
2008 6
2008 NA
2008 1
2008 1
2008 1
2008 1
2008 13
2008 23
2008 14
2008 12
2008 9
2008 4
2008 0
2008 0
2008 1
2008 1
2008 0
2008 1
2008 3
2008 2
2008 3
2008 3
2008 1
2008 2
2008 4
2008 2
2008 2
2008 4
2008 1
2008 4
2008 5
2008 8
2008 6
2008 7
2008 3
2008 4
2008 3
2008 2
2008 1
2008 2
2008 1
2008 2
2008 3
2008 1
2008 1
2008 2
2008 3
2008 1
2008 6
2008 15
2008 11
2008 34
2008 56
2008 71
2008 88
2008 80
2008 112
2008 91
2008 83
2008 79
2008 75
2008 71
2008 67
2008 60
2008 57
2008 55
2008 54
2008 55
2008 57
2008 60
2008 58
2008 57
2008 57
2008 56
2008 54
2008 74
2008 107
2008 101
2008 94
2008 99
2008 117
2008 106
2008 117
2008 141
2008 131
2008 123
2008 116
2008 112
2008 109
2008 105
2008 103
2008 101
2008 99
2008 97
2008 95
2008 94
2008 93
2008 92
2008 92
2008 90
2008 89
2008 89
2008 91
2008 95
2008 93
2008 93
2008 89
2008 88
2008 86
2008 94
2008 93
2008 91
2008 89
2008 87
2008 86
2008 108
2008 100
2008 96
2008 93
2008 NA
2008 85
2008 81
2008 86
2008 87
2008 86
2008 114
2008 106
2008 103
2008 100
2008 98
2008 87
2008 86
2008 85
2008 85
2008 85
2008 85
2008 87
2008 84
2008 86
2008 91
2008 101
2008 115
2008 109
2008 107
2008 104
2008 103
2008 102
2008 100
2008 100
2008 99
2008 98
2008 99
2008 98
2008 96
2008 95
2008 96
2008 96
2008 94
2008 92
2008 91
2008 90
2008 91
2008 91
2008 84
2008 95
2008 107
2008 106
2008 111
2008 115
2008 112
2008 111
2008 110
2008 107
2008 106
2008 112
2008 131
2008 138
2008 133
2008 131
2008 140
2008 157
2008 154
2008 150
2008 150
2008 180
2008 170
2008 168
2008 165
2008 187
2008 174
2008 175
2008 172
2008 168
2008 164
2008 159
2008 155
2008 187
2008 222
2008 209
2008 199
2008 202
2008 209
2008 192
2008 190
2008 185
2008 179
2008 183
2008 180
2008 186
2008 192
2008 191
2008 191
2008 185
2008 182
2008 181
2008 186
2008 202
2008 198
2008 201
2008 197
2008 192
2008 186
2008 179
2008 183
2008 179
2008 182
2008 179
2008 173
2008 165
2008 159
2008 153
2008 149
2008 146
2008 140
2008 134
2008 131
2008 127
2008 121
2008 117
2008 113
2008 109
2008 105
2008 107
2008 102
2008 99
2008 96
2008 94
2008 90
2008 86
2008 77
2008 70
2008 53
2008 37
2008 25
2008 19
2008 12
2008 1
2008 0
2008 0
2008 0
2008 0
2008 0
2008 0
2008 0
2008 0
2008 0
2008 0
2008 0
2008 0
2008 0
2008 1
2008 1
2008 0
2008 0
2008 0
2008 0
2008 0
2008 0
2008 0
2008 0
2008 0
2008 0
2008 2
2008 0
2008 0
2008 1
2008 0
2008 1
2008 1
2008 3
2008 0
2008 4
2008 5
2008 1
2008 1
2008 2
2008 1
2008 5
2008 4
2008 6
2008 2
2008 1
2008 2
2008 3
2008 0
2008 0
2008 2
2008 1
2008 1
2008 0
2008 2
2008 0
2008 0
2008 0
2008 0
2008 0
2008 0
2008 1
2008 1
2008 0
2008 0
2008 0
2008 0
2008 1
2008 2
2008 1
2008 0
2008 1
2008 0
2008 0
2008 0
2008 1
2008 1
2008 1
2008 1
2008 1
2008 2
2008 0
2008 1
2008 1
2008 1
2008 1
2008 0
2008 1
2008 1
2008 0
2008 1
2008 0
2009 1
2009 0
2009 0
2009 1
2009 0
2009 0
2009 3
2009 1
2009 1
2009 1
2009 0
2009 1
2009 2
2009 4
2009 4
2009 2
2009 1
2009 1
2009 0
2009 0
2009 1
2009 1
2009 1
2009 0
2009 1
2009 1
2009 0
2009 1
2009 0
2009 2
2009 0
2009 0
2009 8
2009 25
2009 19
2009 10
2009 4
2009 1
2009 0
2009 0
2009 0
2009 1
2009 1
2009 0
2009 0
2009 0
2009 2
2009 0
2009 0
2009 0
2009 0
2009 0
2009 0
2009 1
2009 1
2009 1
2009 0
2009 6
2009 38
2009 69
2009 57
2009 33
2009 23
2009 24
2009 21
2009 17
2009 16
2009 16
2009 16
2009 16
2009 16
2009 16
2009 30
2009 31
2009 28
2009 27
2009 25
2009 25
2009 27
2009 28
2009 27
2009 57
2009 113
2009 119
2009 92
2009 89
2009 NA
2009 75
2009 69
2009 69
2009 68
2009 73
2009 75
2009 71
2009 68
2009 64
2009 73
2009 90
2009 85
2009 78
2009 79
2009 92
2009 92
2009 78
2009 69
2009 69
2009 67
2009 70
2009 70
2009 77
2009 95
2009 88
2009 87
2009 84
2009 82
2009 83
2009 NA
2009 NA
2009 NA
2009 80
2009 79
2009 NA
2009 83
2009 NA
2009 81
2009 NA
2009 80
2009 80
2009 NA
2009 NA
2009 NA
2009 80
2009 79
2009 NA
2009 NA
2009 79
2009 NA
2009 NA
2009 NA
2009 77
2009 NA
2009 90
2009 104
2009 99
2009 103
2009 105
2009 99
2009 98
2009 96
2009 97
2009 95
2009 95
2009 94
2009 94
2009 84
2009 83
2009 83
2009 83
2009 86
2009 112
2009 107
2009 106
2009 100
2009 140
2009 143
2009 146
2009 138
2009 134
2009 128
2009 162
2009 162
2009 152
2009 154
2009 153
2009 160
2009 172
2009 169
2009 166
2009 160
2009 161
2009 153
2009 150
2009 147
2009 155
2009 150
2009 155
2009 160
2009 157
2009 154
2009 175
2009 180
2009 208
2009 203
2009 195
2009 186
2009 180
2009 178
2009 175
2009 171
2009 168
2009 172
2009 169
2009 167
2009 164
2009 206
2009 218
2009 240
2009 225
2009 217
2009 224
2009 216
2009 205
2009 196
2009 187
2009 179
2009 175
2009 172
2009 168
2009 165
2009 162
2009 157
2009 156
2009 153
2009 150
2009 146
2009 143
2009 142
2009 147
2009 147
2009 145
2009 144
2009 141
2009 138
2009 136
2009 133
2009 134
2009 131
2009 130
2009 152
2009 154
2009 158
2009 157
2009 147
2009 141
2009 138
2009 139
2009 138
2009 135
2009 129
2009 124
2009 119
2009 111
2009 106
2009 101
2009 92
2009 84
2009 79
2009 76
2009 71
2009 67
2009 62
2009 54
2009 47
2009 32
2009 22
2009 12
2009 0
2009 0
2009 0
2009 0
2009 0
2009 0
2009 0
2009 0
2009 0
2009 0
2009 0
2009 0
2009 0
2009 0
2009 0
2009 0
2009 0
2009 0
2009 0
2009 0
2009 0
2009 0
2009 0
2009 0
2009 0
2009 0
2009 0
2009 1
2009 0
2009 0
2009 0
2009 0
2009 0
2009 1
2009 0
2009 0
2009 0
2009 0
2009 0
2009 0
2009 0
2009 0
2009 0
2009 2
2009 2
2009 0
2009 5
2009 1
2009 2
2009 0
2009 0
2009 2
2009 1
2009 1
2009 24
2009 9
2009 3
2009 1
2009 0
2009 2
2009 2
2009 0
2009 2
2009 1
2009 0
2009 0
2009 2
2009 1
2009 0
2009 1
2009 4
2009 1
2009 0
2009 0
2009 0
2009 0
2009 0
2009 1
2009 1
2009 1
2009 1
2009 1
2009 0
2009 0
2009 0
2009 1
2009 1
2009 0
2009 1
2009 1
2009 2
2009 0
2009 0
2009 1
2009 1
2009 1
2009 0
2009 3
2009 0
2010 0
2010 2
2010 NA
2010 0
2010 3
2010 3
2010 1
2010 NA
2010 2
2010 0
2010 1
2010 3
2010 0
2010 2
2010 1
2010 1
2010 0
2010 0
2010 2
2010 0
2010 0
2010 0
2010 2
2010 1
2010 2
2010 1
2010 0
2010 0
2010 1
2010 0
2010 0
2010 0
2010 0
2010 2
2010 0
2010 0
2010 0
2010 0
2010 0
2010 0
2010 1
2010 20
2010 9
2010 11
2010 10
2010 10
2010 34
2010 25
2010 21
2010 17
2010 13
2010 8
2010 9
2010 9
2010 6
2010 5
2010 3
2010 0
2010 0
2010 2
2010 1
2010 0
2010 15
2010 18
2010 27
2010 22
2010 22
2010 18
2010 20
2010 20
2010 22
2010 23
2010 21
2010 20
2010 19
2010 14
2010 17
2010 15
2010 13
2010 13
2010 13
2010 11
2010 12
2010 12
2010 28
2010 25
2010 24
2010 22
2010 22
2010 22
2010 74
2010 75
2010 65
2010 60
2010 65
2010 60
2010 57
2010 53
2010 65
2010 62
2010 60
2010 72
2010 71
2010 67
2010 64
2010 62
2010 60
2010 62
2010 61
2010 68
2010 66
2010 56
2010 53
2010 47
2010 45
2010 48
2010 46
2010 45
2010 45
2010 47
2010 50
2010 51
2010 50
2010 56
2010 53
2010 51
2010 52
2010 50
2010 56
2010 59
2010 58
2010 57
2010 57
2010 57
2010 50
2010 53
2010 52
2010 52
2010 57
2010 55
2010 55
2010 55
2010 63
2010 61
2010 59
2010 58
2010 57
2010 59
2010 58
2010 69
2010 73
2010 82
2010 80
2010 77
2010 83
2010 88
2010 84
2010 75
2010 78
2010 79
2010 77
2010 76
2010 77
2010 79
2010 78
2010 76
2010 76
2010 76
2010 77
2010 74
2010 72
2010 72
2010 76
2010 72
2010 71
2010 71
2010 70
2010 NA
2010 75
2010 70
2010 69
2010 69
2010 70
2010 70
2010 70
2010 70
2010 79
2010 82
2010 79
2010 81
2010 79
2010 80
2010 77
2010 76
2010 77
2010 78
2010 90
2010 85
2010 83
2010 79
2010 76
2010 76
2010 76
2010 74
2010 71
2010 71
2010 95
2010 84
2010 88
2010 87
2010 89
2010 90
2010 101
2010 97
2010 92
2010 99
2010 108
2010 99
2010 91
2010 87
2010 85
2010 84
2010 84
2010 84
2010 81
2010 81
2010 82
2010 82
2010 80
2010 88
2010 86
2010 83
2010 81
2010 77
2010 72
2010 NA
2010 64
2010 61
2010 59
2010 53
2010 46
2010 38
2010 33
2010 36
2010 52
2010 51
2010 45
2010 43
2010 41
2010 41
2010 39
2010 39
2010 37
2010 37
2010 41
2010 45
2010 43
2010 43
2010 45
2010 51
2010 52
2010 43
2010 40
2010 34
2010 29
2010 23
2010 15
2010 6
2010 2
2010 0
2010 0
2010 1
2010 9
2010 0
2010 0
2010 0
2010 0
2010 0
2010 0
2010 0
2010 0
2010 0
2010 0
2010 0
2010 0
2010 0
2010 1
2010 0
2010 0
2010 1
2010 0
2010 2
2010 1
2010 0
2010 1
2010 0
2010 0
2010 0
2010 0
2010 0
2010 0
2010 0
2010 1
2010 1
2010 0
2010 0
2010 0
2010 0
2010 2
2010 1
2010 1
2010 1
2010 0
2010 3
2010 1
2010 0
2010 0
2010 1
2010 0
2010 1
2010 0
2010 0
2010 1
2010 0
2010 0
2010 0
2010 1
2010 1
2010 3
2010 0
2010 1
2010 1
2010 0
2010 1
2010 0
2010 0
2010 0
2010 0
2010 1
2010 3
2010 2
2010 0
2010 0
2010 1
2010 1
2010 2
2010 0
2010 2
2010 2
2010 4
2010 0
2010 0
2010 0
2010 0
2010 1
2010 1
2010 0
2010 1
2010 1
2010 0
2010 1
2010 2
2010 0
2010 1
2010 2
2011 2
2011 2
2011 0
2011 0
2011 NA
2011 0
2011 0
2011 1
2011 2
2011 1
2011 2
2011 0
2011 1
2011 1
2011 1
2011 0
2011 0
2011 1
2011 1
2011 1
2011 0
2011 1
2011 1
2011 1
2011 39
2011 30
2011 30
2011 27
2011 19
2011 16
2011 13
2011 8
2011 0
2011 1
2011 2
2011 0
2011 1
2011 0
2011 1
2011 1
2011 1
2011 0
2011 0
2011 1
2011 0
2011 5
2011 4
2011 5
2011 3
2011 31
2011 27
2011 21
2011 18
2011 19
2011 12
2011 13
2011 11
2011 7
2011 5
2011 3
2011 4
2011 2
2011 2
2011 1
2011 1
2011 1
2011 2
2011 4
2011 35
2011 26
2011 22
2011 23
2011 14
2011 10
2011 8
2011 4
2011 28
2011 23
2011 21
2011 23
2011 22
2011 23
2011 32
2011 38
2011 51
2011 43
2011 45
2011 30
2011 29
2011 37
2011 30
2011 30
2011 32
2011 31
2011 30
2011 28
2011 24
2011 24
2011 23
2011 22
2011 29
2011 22
2011 25
2011 31
2011 41
2011 40
2011 41
2011 36
2011 36
2011 22
2011 22
2011 21
2011 21
2011 21
2011 27
2011 27
2011 25
2011 25
2011 25
2011 26
2011 27
2011 27
2011 27
2011 24
2011 NA
2011 27
2011 26
2011 25
2011 25
2011 24
2011 23
2011 23
2011 22
2011 36
2011 43
2011 43
2011 47
2011 45
2011 45
2011 45
2011 45
2011 49
2011 45
2011 42
2011 46
2011 44
2011 44
2011 57
2011 52
2011 51
2011 51
2011 49
2011 49
2011 49
2011 48
2011 49
2011 49
2011 48
2011 46
2011 45
2011 45
2011 44
2011 43
2011 42
2011 42
2011 42
2011 42
2011 43
2011 43
2011 45
2011 45
2011 44
2011 51
2011 69
2011 68
2011 66
2011 68
2011 62
2011 60
2011 71
2011 71
2011 68
2011 68
2011 66
2011 65
2011 65
2011 63
2011 63
2011 63
2011 63
2011 61
2011 60
2011 60
2011 60
2011 59
2011 57
2011 56
2011 70
2011 69
2011 82
2011 77
2011 74
2011 71
2011 68
2011 64
2011 63
2011 62
2011 61
2011 58
2011 57
2011 55
2011 55
2011 53
2011 46
2011 42
2011 46
2011 43
2011 39
2011 33
2011 28
2011 23
2011 18
2011 14
2011 20
2011 25
2011 23
2011 22
2011 19
2011 17
2011 11
2011 7
2011 1
2011 0
2011 0
2011 0
2011 0
2011 1
2011 0
2011 1
2011 0
2011 1
2011 0
2011 0
2011 0
2011 2
2011 1
2011 0
2011 0
2011 0
2011 0
2011 0
2011 0
2011 0
2011 0
2011 1
2011 0
2011 1
2011 2
2011 1
2011 0
2011 1
2011 0
2011 0
2011 2
2011 0
2011 0
2011 0
2011 1
2011 0
2011 1
2011 2
2011 0
2011 1
2011 2
2011 1
2011 1
2011 1
2011 0
2011 1
2011 1
2011 2
2011 1
2011 3
2011 3
2011 0
2011 3
2011 1
2011 3
2011 3
2011 4
2011 3
2011 4
2011 3
2011 0
2011 1
2011 3
2011 4
2011 2
2011 4
2011 1
2011 2
2011 4
2011 1
2011 6
2011 6
2011 4
2011 1
2011 3
2011 3
2011 4
2011 2
2011 4
2011 4
2011 1
2011 2
2011 5
2011 6
2011 7
2011 3
2011 6
2011 6
2011 4
2011 8
2011 6
2011 3
2011 6
2011 5
2011 4
2011 6
2011 4
2011 3
2011 3
2011 3
2011 3
2011 3
2011 3
2011 3
2011 2
2011 4
2011 2
2011 3
2011 0
2011 5
2011 5
2011 3
2011 2
2011 4
2011 2
2011 4
2011 4
2011 3
2011 2
2011 3
2011 2
2011 3
2011 4
2011 1
2011 2
2011 4
2011 1
2011 7
2011 2
2011 0
2011 0
2011 4
2012 2
2012 3
2012 3
2012 4
2012 5
2012 3
2012 2
2012 2
2012 0
2012 0
2012 1
2012 3
2012 2
2012 2
2012 3
2012 1
2012 3
2012 14
2012 31
2012 24
2012 10
2012 2
2012 3
2012 3
2012 2
2012 2
2012 3
2012 3
2012 3
2012 2
2012 2
2012 2
2012 2
2012 2
2012 3
2012 2
2012 22
2012 83
2012 82
2012 42
2012 31
2012 24
2012 15
2012 18
2012 13
2012 10
2012 8
2012 6
2012 5
2012 8
2012 5
2012 6
2012 5
2012 4
2012 2
2012 4
2012 4
2012 3
2012 4
2012 3
2012 3
2012 3
2012 2
2012 3
2012 2
2012 3
2012 3
2012 3
2012 3
2012 3
2012 3
2012 3
2012 2
2012 2
2012 4
2012 3
2012 2
2012 3
2012 3
2012 2
2012 2
2012 2
2012 3
2012 4
2012 3
2012 3
2012 3
2012 3
2012 3
2012 3
2012 4
2012 4
2012 3
2012 3
2012 4
2012 20
2012 35
2012 71
2012 68
2012 57
2012 52
2012 49
2012 51
2012 44
2012 43
2012 49
2012 51
2012 97
2012 NA
2012 102
2012 116
2012 130
2012 159
2012 137
2012 129
2012 124
2012 119
2012 113
2012 110
2012 115
2012 158
2012 187
2012 176
2012 174
2012 172
2012 162
2012 182
2012 216
2012 207
2012 246
2012 239
2012 227
2012 217
2012 211
2012 205
2012 200
2012 196
2012 193
2012 190
2012 NA
2012 183
2012 223
2012 254
2012 241
2012 234
2012 255
2012 257
2012 244
2012 238
2012 248
2012 241
2012 236
2012 232
2012 229
2012 226
2012 224
2012 221
2012 218
2012 213
2012 212
2012 210
2012 207
2012 206
2012 205
2012 204
2012 203
2012 207
2012 227
2012 228
2012 223
2012 219
2012 218
2012 217
2012 215
2012 213
2012 211
2012 206
2012 204
2012 213
2012 210
2012 208
2012 200
2012 197
2012 193
2012 191
2012 188
2012 202
2012 198
2012 195
2012 195
2012 195
2012 194
2012 192
2012 190
2012 188
2012 185
2012 184
2012 181
2012 182
2012 183
2012 223
2012 212
2012 202
2012 195
2012 191
2012 190
2012 188
2012 186
2012 183
2012 180
2012 178
2012 176
2012 173
2012 172
2012 169
2012 168
2012 165
2012 166
2012 165
2012 171
2012 185
2012 181
2012 173
2012 182
2012 177
2012 179
2012 179
2012 180
2012 178
2012 177
2012 190
2012 181
2012 189
2012 184
2012 193
2012 192
2012 224
2012 215
2012 209
2012 193
2012 180
2012 171
2012 166
2012 163
2012 160
2012 156
2012 154
2012 157
2012 162
2012 160
2012 156
2012 149
2012 141
2012 132
2012 126
2012 125
2012 121
2012 116
2012 143
2012 128
2012 121
2012 116
2012 111
2012 107
2012 102
2012 92
2012 85
2012 79
2012 72
2012 NA
2012 65
2012 59
2012 54
2012 51
2012 46
2012 38
2012 30
2012 32
2012 27
2012 25
2012 13
2012 5
2012 4
2012 3
2012 3
2012 3
2012 2
2012 1
2012 1
2012 1
2012 1
2012 0
2012 1
2012 1
2012 1
2012 1
2012 1
2012 0
2012 2
2012 2
2012 0
2012 0
2012 2
2012 0
2012 1
2012 2
2012 3
2012 3
2012 3
2012 4
2012 3
2012 3
2012 2
2012 2
2012 2
2012 3
2012 5
2012 5
2012 5
2012 6
2012 4
2012 3
2012 2
2012 2
2012 1
2012 3
2012 0
2012 1
2012 2
2012 0
2012 1
2012 2
2012 2
2012 2
2012 2
2012 1
2012 0
2012 2
2012 1
2012 2
2012 3
2012 2
2012 1
2012 1
2012 1
2012 1
2012 2
2012 2
2012 0
2012 0
2012 1
2012 0
2012 0
2012 0
2012 0
2012 0
2012 1
2012 1
2012 0
2012 0
2012 1
2012 1
2012 1
2012 2
2012 3
2012 3
2013 5
2013 1
2013 2
2013 2
2013 1
2013 0
2013 0
2013 0
2013 1
2013 2
2013 0
2013 2
2013 2
2013 0
2013 2
2013 2
2013 2
2013 0
2013 3
2013 2
2013 2
2013 2
2013 0
2013 2
2013 2
2013 1
2013 1
2013 1
2013 1
2013 0
2013 0
2013 1
2013 1
2013 2
2013 1
2013 2
2013 1
2013 2
2013 2
2013 2
2013 0
2013 1
2013 1
2013 1
2013 41
2013 31
2013 19
2013 5
2013 1
2013 0
2013 0
2013 0
2013 0
2013 0
2013 1
2013 0
2013 9
2013 15
2013 14
2013 12
2013 11
2013 13
2013 14
2013 12
2013 7
2013 16
2013 24
2013 22
2013 18
2013 16
2013 14
2013 37
2013 34
2013 32
2013 30
2013 28
2013 26
2013 26
2013 25
2013 26
2013 25
2013 24
2013 24
2013 24
2013 24
2013 24
2013 22
2013 23
2013 37
2013 50
2013 49
2013 47
2013 50
2013 58
2013 72
2013 82
2013 96
2013 78
2013 90
2013 NA
2013 124
2013 133
2013 120
2013 109
2013 99
2013 83
2013 81
2013 85
2013 105
2013 117
2013 109
2013 112
2013 109
2013 119
2013 111
2013 107
2013 109
2013 110
2013 140
2013 130
2013 125
2013 118
2013 109
2013 110
2013 107
2013 108
2013 105
2013 102
2013 100
2013 99
2013 97
2013 99
2013 129
2013 128
2013 121
2013 115
2013 115
2013 121
2013 120
2013 117
2013 105
2013 103
2013 105
2013 118
2013 112
2013 110
2013 108
2013 106
2013 106
2013 110
2013 111
2013 111
2013 108
2013 122
2013 147
2013 144
2013 161
2013 151
2013 151
2013 158
2013 158
2013 158
2013 150
2013 145
2013 142
2013 144
2013 142
2013 145
2013 139
2013 139
2013 140
2013 139
2013 146
2013 145
2013 142
2013 142
2013 143
2013 138
2013 138
2013 137
2013 134
2013 135
2013 133
2013 132
2013 130
2013 130
2013 129
2013 129
2013 126
2013 125
2013 126
2013 126
2013 126
2013 124
2013 124
2013 123
2013 122
2013 122
2013 124
2013 134
2013 133
2013 144
2013 135
2013 134
2013 131
2013 131
2013 132
2013 130
2013 132
2013 135
2013 137
2013 137
2013 134
2013 132
2013 132
2013 132
2013 132
2013 130
2013 132
2013 131
2013 131
2013 130
2013 126
2013 125
2013 124
2013 118
2013 112
2013 107
2013 101
2013 96
2013 118
2013 139
2013 127
2013 118
2013 112
2013 107
2013 101
2013 98
2013 94
2013 91
2013 86
2013 78
2013 71
2013 48
2013 65
2013 64
2013 58
2013 57
2013 55
2013 47
2013 42
2013 39
2013 36
2013 40
2013 39
2013 33
2013 32
2013 30
2013 30
2013 26
2013 26
2013 19
2013 31
2013 32
2013 32
2013 41
2013 36
2013 45
2013 37
2013 34
2013 53
2013 46
2013 47
2013 52
2013 49
2013 46
2013 39
2013 34
2013 27
2013 23
2013 12
2013 7
2013 5
2013 1
2013 0
2013 1
2013 0
2013 0
2013 1
2013 0
2013 0
2013 0
2013 0
2013 0
2013 1
2013 1
2013 2
2013 2
2013 2
2013 2
2013 1
2013 1
2013 1
2013 1
2013 2
2013 3
2013 2
2013 2
2013 1
2013 2
2013 3
2013 2
2013 1
2013 1
2013 3
2013 2
2013 1
2013 0
2013 1
2013 3
2013 1
2013 1
2013 4
2013 2
2013 2
2013 3
2013 0
2013 4
2013 0
2013 0
2013 0
2013 1
2013 1
2013 3
2013 2
2013 0
2013 1
2013 0
2013 2
2013 0
2013 1
2013 2
2013 4
2013 3
2013 2
2013 1
2013 1
2013 2
2013 0
2013 2
2013 0
2013 0
2013 5
2013 3
2013 3
2013 2
2013 3
2013 4
2013 4
2013 4
2013 4
2013 4
2013 2
2013 3
2013 2
2014 4
2014 4
2014 2
2014 3
2014 0
2014 3
2014 2
2014 3
2014 3
2014 3
2014 4
2014 3
2014 3
2014 1
2014 2
2014 3
2014 5
2014 2
2014 3
2014 2
2014 1
2014 2
2014 2
2014 2
2014 0
2014 2
2014 1
2014 1
2014 0
2014 4
2014 3
2014 2
2014 1
2014 2
2014 3
2014 1
2014 3
2014 1
2014 2
2014 17
2014 37
2014 43
2014 33
2014 29
2014 24
2014 31
2014 25
2014 23
2014 17
2014 12
2014 6
2014 2
2014 3
2014 2
2014 3
2014 2
2014 3
2014 2
2014 3
2014 2
2014 3
2014 3
2014 3
2014 2
2014 2
2014 2
2014 22
2014 20
2014 17
2014 21
2014 35
2014 26
2014 25
2014 25
2014 24
2014 34
2014 30
2014 27
2014 27
2014 29
2014 31
2014 43
2014 43
2014 40
2014 32
2014 32
2014 29
2014 28
2014 24
2014 31
2014 23
2014 32
2014 28
2014 27
2014 29
2014 29
2014 29
2014 27
2014 27
2014 27
2014 27
2014 25
2014 25
2014 26
2014 24
2014 27
2014 26
2014 25
2014 24
2014 24
2014 25
2014 25
2014 25
2014 25
2014 22
2014 17
2014 70
2014 61
2014 39
2014 45
2014 55
2014 44
2014 45
2014 41
2014 40
2014 29
2014 38
2014 35
2014 35
2014 35
2014 34
2014 40
2014 39
2014 39
2014 39
2014 54
2014 56
2014 55
2014 52
2014 50
2014 50
2014 49
2014 49
2014 50
2014 51
2014 53
2014 52
2014 67
2014 68
2014 64
2014 59
2014 58
2014 56
2014 52
2014 79
2014 70
2014 67
2014 66
2014 63
2014 50
2014 62
2014 49
2014 50
2014 56
2014 54
2014 51
2014 56
2014 51
2014 61
2014 85
2014 77
2014 84
2014 80
2014 NA
2014 78
2014 82
2014 NA
2014 75
2014 73
2014 NA
2014 78
2014 NA
2014 NA
2014 78
2014 NA
2014 NA
2014 77
2014 76
2014 74
2014 72
2014 69
2014 69
2014 67
2014 65
2014 63
2014 63
2014 61
2014 58
2014 56
2014 56
2014 52
2014 50
2014 45
2014 85
2014 86
2014 77
2014 71
2014 68
2014 65
2014 63
2014 59
2014 56
2014 53
2014 51
2014 50
2014 47
2014 46
2014 45
2014 40
2014 39
2014 39
2014 38
2014 34
2014 32
2014 37
2014 34
2014 40
2014 37
2014 36
2014 41
2014 40
2014 36
2014 36
2014 35
2014 28
2014 25
2014 22
2014 15
2014 23
2014 23
2014 18
2014 26
2014 21
2014 25
2014 24
2014 23
2014 19
2014 13
2014 5
2014 5
2014 2
2014 2
2014 6
2014 1
2014 5
2014 14
2014 14
2014 11
2014 10
2014 2
2014 2
2014 1
2014 0
2014 2
2014 1
2014 1
2014 1
2014 2
2014 3
2014 2
2014 0
2014 1
2014 2
2014 1
2014 2
2014 2
2014 3
2014 2
2014 1
2014 1
2014 1
2014 0
2014 0
2014 2
2014 3
2014 1
2014 1
2014 2
2014 2
2014 2
2014 4
2014 3
2014 3
2014 2
2014 2
2014 5
2014 2
2014 4
2014 2
2014 3
2014 3
2014 4
2014 4
2014 0
2014 2
2014 2
2014 4
2014 4
2014 2
2014 3
2014 2
2014 3
2014 3
2014 5
2014 2
2014 5
2014 4
2014 1
2014 3
2014 2
2014 4
2014 2
2014 3
2014 6
2014 2
2014 4
2014 4
2014 2
2014 6
2014 3
2014 5
2014 5
2014 4
2014 3
2014 1
2014 6
2014 7
2014 4
2014 6
2014 2
2014 5
2014 4
2014 3
2014 3
2014 3
2014 6
2014 4
2014 5
2014 6
2014 4
2014 6
2014 4
2014 5
2014 7
2014 3
2014 7
2014 5
2014 6
2014 5
2014 8
2014 7
2014 4
2014 4
2014 3
2014 8
2015 7
2015 5
2015 3
2015 5
2015 4
2015 2
2015 4
2015 6
2015 6
2015 5
2015 6
2015 6
2015 4
2015 6
2015 4
2015 4
2015 3
2015 4
2015 4
2015 4
2015 5
2015 6
2015 5
2015 6
2015 6
2015 6
2015 2
2015 5
2015 4
2015 5
2015 6
2015 5
2015 4
2015 5
2015 5
2015 6
2015 6
2015 5
2015 5
2015 4
2015 5
2015 3
2015 9
2015 6
2015 5
2015 6
2015 8
2015 4
2015 3
2015 3
2015 5
2015 56
2015 39
2015 32
2015 24
2015 19
2015 17
2015 16
2015 15
2015 14
2015 11
2015 10
2015 8
2015 7
2015 9
2015 89
2015 100
2015 83
2015 73
2015 67
2015 62
2015 50
2015 44
2015 44
2015 41
2015 52
2015 68
2015 67
2015 69
2015 67
2015 63
2015 60
2015 58
2015 55
2015 51
2015 49
2015 48
2015 47
2015 47
2015 46
2015 44
2015 43
2015 42
2015 43
2015 42
2015 42
2015 42
2015 42
2015 45
2015 49
2015 48
2015 48
2015 48
2015 42
2015 41
2015 42
2015 51
2015 56
2015 60
2015 57
2015 59
2015 58
2015 56
2015 55
2015 55
2015 56
2015 63
2015 56
2015 71
2015 59
2015 63
2015 65
2015 62
2015 63
2015 70
2015 86
2015 85
2015 83
2015 83
2015 82
2015 80
2015 79
2015 86
2015 88
2015 85
2015 95
2015 89
2015 82
2015 114
2015 107
2015 103
2015 100
2015 98
2015 97
2015 96
2015 95
2015 95
2015 99
2015 121
2015 119
2015 119
2015 118
2015 117
2015 124
2015 138
2015 134
2015 128
2015 125
2015 122
2015 119
2015 118
2015 116
2015 114
2015 113
2015 112
2015 112
2015 111
2015 109
2015 110
2015 109
2015 109
2015 108
2015 107
2015 108
2015 118
2015 117
2015 122
2015 119
2015 118
2015 127
2015 128
2015 127
2015 156
2015 163
2015 160
2015 148
2015 146
2015 142
2015 139
2015 136
2015 133
2015 131
2015 130
2015 129
2015 129
2015 128
2015 128
2015 127
2015 125
2015 124
2015 121
2015 125
2015 123
2015 122
2015 122
2015 122
2015 121
2015 128
2015 122
2015 129
2015 176
2015 181
2015 200
2015 217
2015 208
2015 211
2015 198
2015 195
2015 192
2015 187
2015 179
2015 172
2015 165
2015 165
2015 159
2015 157
2015 151
2015 148
2015 147
2015 147
2015 144
2015 141
2015 137
2015 133
2015 129
2015 125
2015 124
2015 117
2015 114
2015 115
2015 113
2015 113
2015 116
2015 114
2015 107
2015 99
2015 89
2015 84
2015 79
2015 77
2015 74
2015 69
2015 64
2015 57
2015 49
2015 40
2015 62
2015 46
2015 41
2015 32
2015 24
2015 35
2015 37
2015 32
2015 32
2015 28
2015 27
2015 22
2015 22
2015 14
2015 6
2015 1
2015 2
2015 2
2015 1
2015 1
2015 2
2015 1
2015 3
2015 1
2015 2
2015 1
2015 1
2015 3
2015 1
2015 2
2015 3
2015 4
2015 2
2015 3
2015 2
2015 3
2015 5
2015 4
2015 5
2015 6
2015 4
2015 4
2015 2
2015 6
2015 4
2015 2
2015 4
2015 2
2015 4
2015 6
2015 5
2015 6
2015 4
2015 6
2015 8
2015 8
2015 8
2015 4
2015 6
2015 7
2015 9
2015 7
2015 6
2015 9
2015 5
2015 11
2015 7
2015 7
2015 7
2015 3
2015 6
2015 7
2015 4
2015 3
2015 3
2015 4
2015 6
2015 4
2015 6
2015 4
2015 1
2015 4
2015 3
2015 3
2015 6
2015 2
2015 6
2015 1
2015 1
2015 2
2015 3
2015 3
2015 1
2015 4
2015 5
2015 4
2015 2
2015 5
2015 3
2015 5
2015 4
2015 3
2015 4
2015 2
2015 4
2015 3
2015 3
2015 4
2015 4
2016 1
2016 4
2016 5
2016 5
2016 5
2016 5
2016 5
2016 6
2016 7
2016 2
2016 2
2016 4
2016 2
2016 4
2016 4
2016 3
2016 4
2016 6
2016 5
2016 5
2016 3
2016 3
2016 24
2016 14
2016 6
2016 4
2016 5
2016 3
2016 3
2016 9
2016 9
2016 4
2016 5
2016 9
2016 6
2016 4
2016 7
2016 6
2016 5
2016 6
2016 9
2016 5
2016 7
2016 15
2016 21
2016 18
2016 16
2016 11
2016 16
2016 15
2016 14
2016 13
2016 8
2016 5
2016 4
2016 4
2016 4
2016 5
2016 5
2016 5
2016 5
2016 5
2016 5
2016 5
2016 6
2016 6
2016 4
2016 4
2016 5
2016 5
2016 5
2016 6
2016 4
2016 5
2016 7
2016 5
2016 5
2016 5
2016 6
2016 5
2016 6
2016 30
2016 43
2016 39
2016 35
2016 42
2016 55
2016 44
2016 43
2016 42
2016 39
2016 40
2016 37
2016 36
2016 35
2016 35
2016 34
2016 34
2016 33
2016 41
2016 38
2016 37
2016 36
2016 36
2016 36
2016 36
2016 42
2016 45
2016 44
2016 42
2016 41
2016 41
2016 39
2016 39
2016 39
2016 39
2016 38
2016 38
2016 37
2016 38
2016 37
2016 38
2016 40
2016 42
2016 51
2016 47
2016 46
2016 46
2016 41
2016 42
2016 45
2016 46
2016 42
2016 68
2016 78
2016 69
2016 71
2016 84
2016 107
2016 95
2016 89
2016 98
2016 91
2016 85
2016 86
2016 84
2016 81
2016 79
2016 77
2016 76
2016 75
2016 74
2016 119
2016 107
2016 103
2016 103
2016 123
2016 138
2016 126
2016 108
2016 107
2016 97
2016 102
2016 99
2016 95
2016 100
2016 101
2016 99
2016 100
2016 96
2016 93
2016 103
2016 107
2016 102
2016 98
2016 107
2016 103
2016 104
2016 102
2016 99
2016 99
2016 103
2016 107
2016 118
2016 140
2016 137
2016 150
2016 151
2016 145
2016 141
2016 133
2016 130
2016 128
2016 127
2016 125
2016 122
2016 124
2016 122
2016 121
2016 119
2016 118
2016 115
2016 115
2016 113
2016 113
2016 112
2016 121
2016 123
2016 117
2016 116
2016 115
2016 114
2016 110
2016 105
2016 101
2016 97
2016 95
2016 91
2016 88
2016 89
2016 114
2016 106
2016 100
2016 95
2016 94
2016 102
2016 105
2016 103
2016 102
2016 101
2016 117
2016 108
2016 102
2016 98
2016 94
2016 98
2016 100
2016 111
2016 107
2016 118
2016 111
2016 108
2016 105
2016 110
2016 107
2016 119
2016 108
2016 105
2016 101
2016 98
2016 96
2016 90
2016 83
2016 79
2016 89
2016 96
2016 87
2016 91
2016 90
2016 91
2016 88
2016 97
2016 88
2016 80
2016 71
2016 91
2016 81
2016 75
2016 69
2016 60
2016 53
2016 48
2016 43
2016 39
2016 34
2016 30
2016 26
2016 22
2016 16
2016 9
2016 2
2016 2
2016 2
2016 1
2016 1
2016 2
2016 2
2016 2
2016 2
2016 3
2016 5
2016 3
2016 1
2016 0
2016 2
2016 0
2016 1
2016 1
2016 1
2016 3
2016 2
2016 2
2016 2
2016 2
2016 2
2016 2
2016 1
2016 2
2016 4
2016 4
2016 4
2016 4
2016 3
2016 3
2016 2
2016 5
2016 9
2016 10
2016 6
2016 5
2016 5
2016 5
2016 3
2016 4
2016 4
2016 6
2016 5
2016 4
2016 4
2016 7
2016 8
2016 7
2016 6
2016 5
2016 5
2016 4
2016 5
2016 6
2016 6
2016 6
2016 7
2016 4
2016 7
2016 7
2016 8
2016 8
2016 6
2016 5
2016 6
2016 4
2016 5
2016 5
2016 5
2016 6
2016 7
2016 7
2016 6
2016 6
2016 6
2016 6
2016 5
2016 3
2016 3
2016 5
2016 6
2016 6
2017 3
2017 5
2017 6
2017 6
2017 7
2017 6
2017 4
2017 5
2017 6
2017 6
2017 6
2017 6
2017 5
2017 6
2017 5
2017 8
2017 5
2017 6
2017 6
2017 6
2017 6
2017 5
2017 5
2017 5
2017 4
2017 3
2017 7
2017 7
2017 5
2017 4
2017 4
2017 6
2017 6
2017 4
2017 4
2017 5
2017 5
2017 6
2017 7
2017 8
2017 8
2017 7
2017 6
2017 5
2017 5
2017 5
2017 7
2017 5
2017 4
2017 7
2017 8
2017 6
2017 6
2017 4
2017 4
2017 6
2017 6
2017 5
2017 5
2017 6
2017 6
2017 6
2017 6
2017 9
2017 6
2017 6
2017 33
2017 40
2017 35
2017 36
2017 49
2017 65
2017 62
2017 52
2017 48
2017 45
2017 40
2017 36
2017 34
2017 41
2017 33
2017 31
2017 31
2017 29
2017 27
2017 25
2017 24
2017 26
2017 25
2017 24
2017 25
2017 25
2017 25
2017 25
2017 24
2017 24
2017 24
2017 24
2017 25
2017 25
2017 24
2017 24
2017 24
2017 24
2017 25
2017 25
2017 24
2017 24
2017 25
2017 24
2017 24
2017 24
2017 24
2017 24
2017 24
2017 27
2017 27
2017 26
2017 26
2017 25
2017 25
2017 25
2017 26
2017 26
2017 30
2017 38
2017 57
2017 46
2017 46
2017 50
2017 47
2017 47
2017 48
2017 46
2017 70
2017 111
2017 104
2017 92
2017 81
2017 78
2017 74
2017 72
2017 70
2017 67
2017 66
2017 66
2017 65
2017 65
2017 63
2017 62
2017 61
2017 63
2017 78
2017 93
2017 89
2017 87
2017 84
2017 91
2017 92
2017 90
2017 93
2017 89
2017 84
2017 83
2017 82
2017 81
2017 80
2017 78
2017 78
2017 83
2017 85
2017 83
2017 83
2017 88
2017 87
2017 86
2017 96
2017 94
2017 92
2017 88
2017 84
2017 88
2017 88
2017 86
2017 86
2017 110
2017 126
2017 144
2017 134
2017 171
2017 163
2017 157
2017 151
2017 147
2017 143
2017 138
2017 132
2017 124
2017 127
2017 121
2017 115
2017 111
2017 122
2017 135
2017 126
2017 118
2017 117
2017 112
2017 109
2017 108
2017 105
2017 101
2017 98
2017 95
2017 94
2017 94
2017 99
2017 98
2017 94
2017 90
2017 87
2017 83
2017 82
2017 79
2017 76
2017 73
2017 74
2017 101
2017 98
2017 108
2017 108
2017 103
2017 100
2017 96
2017 94
2017 91
2017 88
2017 97
2017 127
2017 129
2017 116
2017 107
2017 120
2017 113
2017 113
2017 120
2017 114
2017 114
2017 123
2017 117
2017 113
2017 109
2017 107
2017 102
2017 96
2017 92
2017 87
2017 82
2017 75
2017 68
2017 63
2017 64
2017 59
2017 53
2017 48
2017 42
2017 34
2017 28
2017 18
2017 3
2017 3
2017 4
2017 3
2017 2
2017 4
2017 4
2017 3
2017 3
2017 4
2017 3
2017 4
2017 4
2017 3
2017 4
2017 2
2017 2
2017 5
2017 5
2017 6
2017 6
2017 5
2017 5
2017 5
2017 4
2017 6
2017 9
2017 9
2017 11
2017 11
2017 10
2017 14
2017 15
2017 14
2017 15
2017 14
2017 10
2017 16
2017 14
2017 16
2017 18
2017 19
2017 19
2017 27
2017 20
2017 19
2017 25
2017 26
2017 25
2017 32
2017 18
2017 19
2017 12
2017 9
2017 11
2017 11
2017 12
2017 14
2017 18
2017 14
2017 12
2017 14
2017 12
2017 14
2017 12
2017 12
2017 14
2017 13
2017 13
2017 11
2017 14
2017 15
2017 11
2017 14
2017 13
2017 15
2017 16
2017 13
2017 10
2017 12
2017 15
2017 14
2017 15
2017 13
2017 15
2017 15
2017 13
2017 13
2017 14
2017 13
2017 14
2017 15
2017 11
2017 12
2017 11
2017 15
2018 15
2018 15
2018 13
2018 13
2018 12
2018 15
2018 12
2018 13
2018 17
2018 27
2018 12
2018 11
2018 12
2018 15
2018 14
2018 9
2018 10
2018 13
2018 14
2018 12
2018 14
2018 12
2018 12
2018 14
2018 12
2018 15
2018 10
2018 13
2018 12
2018 12
2018 12
2018 11
2018 17
2018 14
2018 14
2018 13
2018 16
2018 14
2018 11
2018 13
2018 12
2018 14
2018 12
2018 14
2018 12
2018 12
2018 13
2018 13
2018 12
2018 14
2018 12
2018 12
2018 43
2018 36
2018 24
2018 18
2018 20
2018 19
2018 19
2018 22
2018 20
2018 19
2018 18
2018 18
2018 16
2018 32
2018 33
2018 29
2018 35
2018 32
2018 31
2018 43
2018 46
2018 53
2018 48
2018 45
2018 44
2018 43
2018 42
2018 69
2018 64
2018 60
2018 57
2018 54
2018 52
2018 52
2018 58
2018 76
2018 67
2018 68
2018 74
2018 68
2018 65
2018 63
2018 74
2018 69
2018 66
2018 64
2018 63
2018 68
2018 61
2018 47
2018 56
2018 49
2018 56
2018 62
2018 81
2018 88
2018 88
2018 82
2018 78
2018 74
2018 76
2018 72
2018 69
2018 68
2018 66
2018 67
2018 87
2018 85
2018 106
2018 102
2018 97
2018 123
2018 137
2018 172
2018 153
2018 146
2018 141
2018 137
2018 139
2018 133
2018 131
2018 129
2018 128
2018 126
2018 126
2018 138
2018 181
2018 190
2018 187
2018 184
2018 253
2018 267
2018 257
2018 241
2018 230
2018 222
2018 218
2018 214
2018 211
2018 208
2018 203
2018 210
2018 203
2018 202
2018 199
2018 194
2018 192
2018 191
2018 188
2018 187
2018 187
2018 186
2018 190
2018 192
2018 187
2018 202
2018 208
2018 204
2018 206
2018 201
2018 199
2018 200
2018 199
2018 198
2018 194
2018 192
2018 192
2018 191
2018 191
2018 188
2018 189
2018 188
2018 186
2018 186
2018 185
2018 189
2018 191
2018 189
2018 188
2018 186
2018 183
2018 191
2018 196
2018 190
2018 191
2018 196
2018 194
2018 194
2018 193
2018 191
2018 190
2018 193
2018 189
2018 190
2018 187
2018 205
2018 199
2018 206
2018 204
2018 220
2018 231
2018 219
2018 215
2018 212
2018 209
2018 207
2018 202
2018 194
2018 187
2018 183
2018 181
2018 187
2018 182
2018 178
2018 175
2018 174
2018 168
2018 162
2018 157
2018 151
2018 146
2018 140
2018 137
2018 130
2018 125
2018 121
2018 118
2018 113
2018 105
2018 104
2018 101
2018 100
2018 98
2018 92
2018 87
2018 80
2018 76
2018 71
2018 68
2018 66
2018 58
2018 55
2018 52
2018 57
2018 53
2018 51
2018 48
2018 45
2018 44
2018 43
2018 36
2018 33
2018 28
2018 22
2018 17
2018 11
2018 2
2018 2
2018 2
2018 3
2018 4
2018 2
2018 3
2018 3
2018 2
2018 2
2018 4
2018 4
2018 4
2018 4
2018 4
2018 5
2018 5
2018 6
2018 5
2018 4
2018 5
2018 6
2018 3
2018 6
2018 5
2018 6
2018 8
2018 7
2018 10
2018 9
2018 9
2018 8
2018 9
2018 8
2018 7
2018 9
2018 11
2018 13
2018 10
2018 10
2018 13
2018 12
2018 13
2018 12
2018 13
2018 12
2018 12
2018 8
2018 10
2018 6
2018 8
2018 8
2018 10
2018 7
2018 7
2018 6
2018 6
2018 7
2018 6
2018 6
2018 7
2018 4
2018 7
2018 4
2018 5
2018 5
2018 5
2018 5
2018 4
2018 5
2018 4
2018 5
2018 5
2018 4
2018 5
2018 6
2018 7
2018 5
2018 4
2018 6
2018 5
2018 3
2018 6
2018 5
2018 4
2018 6
2018 5
2018 6
2018 5
2018 6
2018 5
2018 6
2018 6
2018 5
2018 4
2018 7
2018 6
2019 8
2019 4
2019 8
2019 4
2019 6
2019 5
2019 6
2019 5
2019 4
2019 5
2019 2
2019 4
2019 5
2019 4
2019 4
2019 3
2019 4
2019 5
2019 5
2019 4
2019 4
2019 4
2019 5
2019 5
2019 5
2019 5
2019 5
2019 6
2019 6
2019 5
2019 7
2019 6
2019 6
2019 6
2019 5
2019 5
2019 4
2019 4
2019 5
2019 5
2019 5
2019 5
2019 4
2019 6
2019 5
2019 5
2019 5
2019 5
2019 4
2019 6
2019 5
2019 6
2019 6
2019 4
2019 6
2019 5
2019 30
2019 67
2019 67
2019 56
2019 51
2019 54
2019 52
2019 47
2019 42
2019 38
2019 32
2019 29
2019 27
2019 26
2019 23
2019 20
2019 17
2019 13
2019 10
2019 10
2019 8
2019 9
2019 9
2019 11
2019 9
2019 9
2019 9
2019 10
2019 10
2019 10
2019 9
2019 14
2019 15
2019 13
2019 12
2019 15
2019 26
2019 26
2019 45
2019 41
2019 41
2019 40
2019 44
2019 78
2019 123
2019 129
2019 116
2019 106
2019 98
2019 95
2019 96
2019 96
2019 93
2019 91
2019 88
2019 87
2019 89
2019 94
2019 128
2019 114
2019 109
2019 105
2019 102
2019 101
2019 101
2019 101
2019 99
2019 113
2019 106
2019 97
2019 111
2019 114
2019 103
2019 104
2019 142
2019 133
2019 131
2019 135
2019 180
2019 207
2019 207
2019 193
2019 185
2019 179
2019 172
2019 169
2019 166
2019 164
2019 162
2019 160
2019 159
2019 162
2019 156
2019 169
2019 173
2019 151
2019 150
2019 148
2019 150
2019 158
2019 154
2019 151
2019 150
2019 148
2019 146
2019 143
2019 139
2019 169
2019 164
2019 158
2019 156
2019 153
2019 151
2019 150
2019 148
2019 147
2019 147
2019 146
2019 144
2019 143
2019 141
2019 139
2019 138
2019 137
2019 136
2019 154
2019 156
2019 150
2019 150
2019 148
2019 145
2019 144
2019 143
2019 148
2019 144
2019 177
2019 174
2019 171
2019 201
2019 225
2019 207
2019 199
2019 219
2019 212
2019 205
2019 200
2019 194
2019 190
2019 183
2019 183
2019 192
2019 186
2019 183
2019 179
2019 178
2019 175
2019 172
2019 170
2019 168
2019 225
2019 211
2019 201
2019 195
2019 192
2019 191
2019 189
2019 188
2019 186
2019 185
2019 185
2019 183
2019 182
2019 179
2019 176
2019 172
2019 169
2019 165
2019 161
2019 159
2019 158
2019 154
2019 177
2019 174
2019 177
2019 174
2019 170
2019 164
2019 165
2019 166
2019 167
2019 165
2019 164
2019 162
2019 162
2019 161
2019 160
2019 161
2019 175
2019 167
2019 165
2019 164
2019 162
2019 161
2019 159
2019 157
2019 158
2019 161
2019 158
2019 152
2019 148
2019 145
2019 141
2019 138
2019 139
2019 137
2019 133
2019 127
2019 119
2019 112
2019 106
2019 96
2019 86
2019 79
2019 71
2019 66
2019 60
2019 51
2019 38
2019 27
2019 19
2019 7
2019 2
2019 2
2019 1
2019 2
2019 2
2019 2
2019 2
2019 3
2019 1
2019 1
2019 1
2019 3
2019 3
2019 2
2019 4
2019 2
2019 5
2019 4
2019 4
2019 5
2019 6
2019 5
2019 8
2019 8
2019 9
2019 9
2019 10
2019 6
2019 10
2019 10
2019 8
2019 7
2019 4
2019 4
2019 4
2019 3
2019 4
2019 4
2019 3
2019 3
2019 2
2019 1
2019 3
2019 2
2019 2
2019 1
2019 3
2019 1
2019 2
2019 2
2019 2
2019 2
2019 2
2019 2
2019 0
2019 0
2019 0
2019 0
2019 0
2019 0
2019 0
2019 0
2019 0
2019 0
2019 0
2019 0
2019 0
2019 0
2019 0
2019 0
2019 0
2019 0
2019 0
2019 0
2019 0
2019 0
2019 0
2019 2
2020 1
2020 5
2020 3
2020 3
2020 3
2020 7
2020 5
2020 5
2020 7
2020 3
2020 4
2020 5
2020 4
2020 3
2020 3
2020 3
2020 3
2020 2
2020 3
2020 4
2020 4
2020 3
2020 4
2020 4
2020 5
2020 5
2020 4
2020 2
2020 4
2020 3
2020 4
2020 4
2020 4
2020 3
2020 6
2020 4
2020 4
2020 4
2020 4
2020 3
2020 1
2020 1
2020 3
2020 2
2020 4
2020 4
2020 3
2020 3
2020 4
2020 3
2020 2
2020 3
2020 2
2020 2
2020 2
2020 2
2020 4
2020 2
2020 4
2020 3
2020 3
2020 4
2020 2
2020 3
2020 12
2020 17
2020 18
2020 12
2020 42
2020 31
2020 28
2020 25
2020 37
2020 35
2020 28
2020 30
2020 25
2020 43
2020 37
2020 33
2020 28
2020 27
2020 27
2020 25
2020 24
2020 24
2020 22
2020 24
2020 27
2020 41
2020 56
2020 48
2020 44
2020 41
2020 38
2020 36
2020 34
2020 33
2020 33
2020 46
2020 63
2020 57
2020 63
2020 54
2020 54
2020 49
2020 40
2020 37
2020 31
2020 33
2020 32
2020 45
2020 56
2020 96
2020 110
2020 103
2020 99
2020 113
2020 106
2020 99
2020 94
2020 90
2020 86
2020 83
2020 81
2020 83
2020 81
2020 79
2020 79
2020 77
2020 73
2020 73
2020 71
2020 71
2020 69
2020 68
2020 67
2020 67
2020 66
2020 78
2020 76
2020 75
2020 72
2020 70
2020 69
2020 69
2020 68
2020 68
2020 67
2020 80
2020 122
2020 110
2020 107
2020 103
2020 105
2020 99
2020 127
2020 120
2020 115
2020 112
2020 110
2020 108
2020 104
2020 134
2020 137
2020 117
2020 138
2020 132
2020 127
2020 125
2020 127
2020 145
2020 139
2020 135
2020 131
2020 124
2020 119
2020 118
2020 137
2020 124
2020 132
2020 122
2020 119
2020 119
2020 139
2020 147
2020 136
2020 138
2020 148
2020 141
2020 151
2020 169
2020 144
2020 135
2020 132
2020 131
2020 132
2020 129
2020 128
2020 125
2020 123
2020 121
2020 120
2020 117
2020 116
2020 116
2020 115
2020 116
2020 115
2020 112
2020 114
2020 120
2020 115
2020 112
2020 112
2020 112
2020 109
2020 107
2020 104
2020 101
2020 97
2020 96
2020 92
2020 88
2020 83
2020 82
2020 81
2020 78
2020 74
2020 70
2020 67
2020 62
2020 54
2020 50
2020 44
2020 40
2020 37
2020 34
2020 34
2020 28
2020 26
2020 28
2020 29
2020 30
2020 44
2020 39
2020 35
2020 33
2020 31
2020 24
2020 16
2020 6
2020 2
2020 2
2020 2
2020 1
2020 1
2020 2
2020 2
2020 1
2020 1
2020 1
2020 1
2020 1
2020 1
2020 1
2020 1
2020 1
2020 2
2020 2
2020 1
2020 2
2020 1
2020 1
2020 2
2020 2
2020 1
2020 2
2020 2
2020 2
2020 12
2020 7
2020 2
2020 1
2020 2
2020 2
2020 2
2020 2
2020 2
2020 3
2020 2
2020 1
2020 2
2020 3
2020 1
2020 3
2020 4
2020 0
2020 2
2020 2
2020 4
2020 4
2020 4
2020 2
2020 2
2020 3
2020 5
2020 5
2020 4
2020 5
2020 5
2020 5
2020 4
2020 6
2020 6
2020 5
2020 5
2020 4
2020 5
2020 3
2020 5
2020 5
2020 4
2020 3
2020 4
2020 5
2020 4
2020 5
2020 3
2020 2
2020 4
2020 2
2020 4
2020 4
2020 3
2020 3
2020 5
2020 6
2020 5
2020 3
2020 4
2020 3
2020 4
2020 4
2020 4
2020 3
2020 3
2020 4
2020 6
2020 2
2020 3
2020 5
2020 4
2020 6
2020 5
2020 4
2020 5
2020 6
2020 5
2020 4
2020 5
2020 5
2020 6
2020 7
2020 7
2020 5
