1992 NA
1992 NA
1992 NA
1992 NA
1992 NA
1992 NA
1992 NA
1992 NA
1992 NA
1992 NA
1992 NA
1992 NA
1992 NA
1992 NA
1992 NA
1992 NA
1992 NA
1992 NA
1992 NA
1992 NA
1992 NA
1992 NA
1992 NA
1992 NA
1992 NA
1992 NA
1992 NA
1992 NA
1992 NA
1992 NA
1992 NA
1992 NA
1992 NA
1992 NA
1992 NA
1992 NA
1992 NA
1992 NA
1992 NA
1992 NA
1992 NA
1992 NA
1992 NA
1992 NA
1992 NA
1992 NA
1992 NA
1992 NA
1992 NA
1992 NA
1992 NA
1992 NA
1992 NA
1992 NA
1992 NA
1992 NA
1992 NA
1992 NA
1992 NA
1992 NA
1992 NA
1992 NA
1992 NA
1992 NA
1992 NA
1992 NA
1992 NA
1992 NA
1992 NA
1992 NA
1992 NA
1992 NA
1992 NA
1992 NA
1992 NA
1992 NA
1992 NA
1992 NA
1992 NA
1992 NA
1992 NA
1992 NA
1992 NA
1992 NA
1992 NA
1992 NA
1992 NA
1992 NA
1992 NA
1992 NA
1992 NA
1992 18
1992 18
1992 18
1992 18
1992 18
1992 18
1992 18
1992 18
1992 18
1992 18
1992 18
1992 18
1992 18
1992 18
1992 18
1992 18
1992 18
1992 20
1992 65
1992 76
1992 86
1992 140
1992 115
1992 107
1992 105
1992 102
1992 102
1992 102
1992 100
1992 99
1992 97
1992 NA
1992 NA
1992 NA
1992 NA
1992 NA
1992 NA
1992 NA
1992 NA
1992 NA
1992 NA
1992 NA
1992 NA
1992 NA
1992 NA
1992 NA
1992 NA
1992 NA
1992 NA
1992 NA
1992 NA
1992 NA
1992 NA
1992 NA
1992 NA
1992 NA
1992 NA
1992 NA
1992 NA
1992 NA
1992 NA
1992 NA
1992 82
1992 80
1992 79
1992 90
1992 139
1992 119
1992 112
1992 105
1992 103
1992 116
1992 109
1992 104
1992 96
1992 118
1992 105
1992 110
1992 117
1992 113
1992 111
1992 109
1992 108
1992 107
1992 104
1992 99
1992 97
1992 96
1992 95
1992 93
1992 92
1992 89
1992 86
1992 85
1992 83
1992 79
1992 77
1992 73
1992 70
1992 67
1992 64
1992 64
1992 64
1992 59
1992 77
1992 89
1992 84
1992 76
1992 72
1992 70
1992 65
1992 65
1992 59
1992 86
1992 92
1992 92
1992 90
1992 85
1992 71
1992 73
1992 69
1992 65
1992 83
1992 74
1992 73
1992 70
1992 65
1992 64
1992 63
1992 63
1992 61
1992 55
1992 51
1992 45
1992 41
1992 40
1992 34
1992 71
1992 52
1992 43
1992 33
1992 26
1992 20
1992 0
1992 0
1992 0
1992 0
1992 0
1992 0
1992 0
1992 0
1992 0
1992 0
1992 0
1992 0
1992 0
1992 0
1992 0
1992 0
1992 0
1992 0
1992 0
1992 0
1992 0
1992 0
1992 0
1992 0
1992 0
1992 0
1992 0
1992 0
1992 0
1992 0
1992 0
1992 0
1992 0
1992 0
1992 0
1992 0
1992 0
1992 0
1992 0
1992 0
1992 NA
1992 NA
1992 NA
1992 NA
1992 NA
1992 NA
1992 NA
1992 NA
1992 NA
1992 NA
1992 NA
1992 NA
1992 NA
1992 NA
1992 NA
1992 NA
1992 NA
1992 NA
1992 NA
1992 NA
1992 NA
1992 NA
1992 NA
1992 NA
1992 NA
1992 NA
1992 NA
1992 NA
1992 NA
1992 NA
1992 NA
1992 NA
1992 NA
1992 NA
1992 NA
1992 NA
1992 NA
1992 NA
1992 NA
1992 NA
1992 NA
1992 NA
1992 NA
1992 NA
1992 NA
1992 NA
1992 NA
1992 NA
1992 NA
1992 NA
1992 NA
1992 NA
1992 NA
1992 NA
1992 NA
1992 NA
1992 NA
1992 NA
1992 NA
1992 NA
1992 NA
1992 NA
1992 NA
1992 NA
1992 NA
1992 NA
1992 NA
1992 NA
1992 NA
1992 NA
1992 NA
1992 NA
1992 NA
1992 NA
1992 NA
1992 NA
1992 NA
1992 NA
1992 NA
1992 NA
1992 NA
1992 NA
1992 NA
1992 NA
1992 NA
1992 NA
1992 NA
1992 NA
1992 NA
1992 NA
1992 NA
1992 NA
1993 NA
1993 NA
1993 NA
1993 NA
1993 NA
1993 NA
1993 NA
1993 NA
1993 NA
1993 NA
1993 NA
1993 NA
1993 NA
1993 NA
1993 NA
1993 NA
1993 NA
1993 NA
1993 NA
1993 NA
1993 NA
1993 NA
1993 NA
1993 NA
1993 NA
1993 NA
1993 NA
1993 NA
1993 NA
1993 NA
1993 0
1993 0
1993 0
1993 0
1993 0
1993 0
1993 0
1993 0
1993 0
1993 0
1993 0
1993 0
1993 0
1993 0
1993 0
1993 0
1993 0
1993 0
1993 0
1993 0
1993 0
1993 0
1993 0
1993 0
1993 0
1993 0
1993 0
1993 0
1993 0
1993 0
1993 0
1993 NA
1993 NA
1993 NA
1993 NA
1993 NA
1993 NA
1993 NA
1993 NA
1993 NA
1993 NA
1993 NA
1993 NA
1993 NA
1993 NA
1993 NA
1993 NA
1993 NA
1993 NA
1993 NA
1993 NA
1993 NA
1993 NA
1993 NA
1993 NA
1993 NA
1993 NA
1993 NA
1993 NA
1993 NA
1993 NA
1993 NA
1993 NA
1993 NA
1993 NA
1993 NA
1993 NA
1993 NA
1993 NA
1993 NA
1993 NA
1993 NA
1993 NA
1993 NA
1993 NA
1993 NA
1993 NA
1993 NA
1993 NA
1993 NA
1993 NA
1993 NA
1993 NA
1993 NA
1993 NA
1993 NA
1993 NA
1993 NA
1993 NA
1993 NA
1993 NA
1993 NA
1993 NA
1993 NA
1993 NA
1993 NA
1993 NA
1993 NA
1993 NA
1993 NA
1993 NA
1993 NA
1993 NA
1993 NA
1993 NA
1993 NA
1993 NA
1993 NA
1993 NA
1993 NA
1993 NA
1993 NA
1993 NA
1993 NA
1993 NA
1993 NA
1993 NA
1993 NA
1993 NA
1993 NA
1993 NA
1993 NA
1993 NA
1993 35
1993 35
1993 35
1993 35
1993 34
1993 34
1993 33
1993 31
1993 30
1993 28
1993 28
1993 25
1993 25
1993 25
1993 24
1993 22
1993 20
1993 20
1993 15
1993 22
1993 40
1993 60
1993 54
1993 44
1993 40
1993 38
1993 36
1993 34
1993 NA
1993 NA
1993 NA
1993 NA
1993 NA
1993 NA
1993 NA
1993 NA
1993 NA
1993 NA
1993 NA
1993 NA
1993 NA
1993 NA
1993 NA
1993 NA
1993 NA
1993 NA
1993 NA
1993 NA
1993 NA
1993 NA
1993 NA
1993 NA
1993 NA
1993 NA
1993 NA
1993 NA
1993 NA
1993 NA
1993 NA
1993 NA
1993 NA
1993 NA
1993 NA
1993 NA
1993 NA
1993 NA
1993 NA
1993 NA
1993 NA
1993 NA
1993 NA
1993 NA
1993 NA
1993 NA
1993 NA
1993 NA
1993 NA
1993 NA
1993 NA
1993 NA
1993 NA
1993 NA
1993 NA
1993 NA
1993 NA
1993 NA
1993 NA
1993 NA
1993 NA
1993 NA
1993 NA
1993 NA
1993 NA
1993 NA
1993 NA
1993 NA
1993 NA
1993 NA
1993 NA
1993 NA
1993 NA
1993 NA
1993 NA
1993 NA
1993 NA
1993 NA
1993 NA
1993 NA
1993 NA
1993 NA
1993 NA
1993 NA
1993 NA
1993 NA
1993 NA
1993 NA
1993 NA
1993 NA
1993 NA
1993 NA
1993 NA
1993 NA
1993 NA
1993 NA
1993 NA
1993 NA
1993 NA
1993 NA
1993 NA
1993 NA
1993 NA
1993 NA
1993 NA
1993 NA
1993 NA
1993 NA
1993 NA
1993 NA
1993 NA
1993 NA
1993 NA
1993 NA
1993 NA
1993 NA
1993 NA
1993 NA
1993 NA
1993 NA
1993 NA
1993 NA
1993 NA
1993 NA
1993 NA
1993 NA
1993 NA
1993 NA
1993 NA
1993 NA
1993 NA
1993 NA
1993 NA
1993 NA
1993 NA
1993 NA
1993 NA
1993 NA
1993 NA
1993 NA
1993 NA
1993 NA
1993 NA
1993 NA
1993 NA
1993 NA
1993 NA
1993 NA
1993 NA
1993 NA
1993 NA
1993 NA
1993 NA
1993 NA
1993 NA
1993 NA
1993 NA
1993 NA
1993 NA
1993 NA
1993 NA
1993 NA
1993 NA
1993 NA
1993 NA
1993 NA
1993 NA
1993 NA
1993 NA
1993 NA
1993 NA
1993 NA
1993 NA
1993 NA
1993 NA
1993 NA
1993 NA
1993 NA
1993 NA
1993 NA
1993 NA
1993 NA
1993 NA
1993 NA
2010 NA
2010 NA
2010 NA
2010 NA
2010 NA
2010 NA
2010 NA
2010 NA
2010 NA
2010 NA
2010 NA
2010 NA
2010 NA
2010 NA
2010 NA
2010 NA
2010 NA
2010 NA
2010 NA
2010 NA
2010 NA
2010 NA
2010 NA
2010 NA
2010 NA
2010 NA
2010 NA
2010 NA
2010 NA
2010 NA
2010 NA
2010 NA
2010 NA
2010 NA
2010 NA
2010 NA
2010 NA
2010 NA
2010 NA
2010 NA
2010 NA
2010 NA
2010 NA
2010 NA
2010 NA
2010 NA
2010 NA
2010 NA
2010 NA
2010 NA
2010 NA
2010 NA
2010 NA
2010 NA
2010 NA
2010 NA
2010 NA
2010 NA
2010 NA
2010 NA
2010 NA
2010 NA
2010 NA
2010 NA
2010 NA
2010 NA
2010 NA
2010 NA
2010 NA
2010 NA
2010 NA
2010 NA
2010 NA
2010 NA
2010 NA
2010 NA
2010 NA
2010 NA
2010 NA
2010 NA
2010 NA
2010 NA
2010 NA
2010 NA
2010 NA
2010 NA
2010 NA
2010 NA
2010 NA
2010 NA
2010 NA
2010 NA
2010 NA
2010 NA
2010 NA
2010 NA
2010 NA
2010 NA
2010 NA
2010 NA
2010 NA
2010 NA
2010 NA
2010 NA
2010 NA
2010 NA
2010 NA
2010 NA
2010 NA
2010 NA
2010 NA
2010 NA
2010 NA
2010 NA
2010 NA
2010 NA
2010 NA
2010 NA
2010 NA
2010 NA
2010 NA
2010 NA
2010 NA
2010 NA
2010 NA
2010 NA
2010 NA
2010 NA
2010 NA
2010 NA
2010 NA
2010 NA
2010 NA
2010 NA
2010 NA
2010 NA
2010 NA
2010 NA
2010 NA
2010 NA
2010 NA
2010 NA
2010 NA
2010 NA
2010 NA
2010 NA
2010 NA
2010 NA
2010 NA
2010 102
2010 129
2010 136
2010 128
2010 122
2010 119
2010 112
2010 110
2010 117
2010 118
2010 116
2010 107
2010 106
2010 120
2010 124
2010 116
2010 114
2010 113
2010 109
2010 107
2010 101
2010 96
2010 105
2010 104
2010 103
2010 101
2010 106
2010 108
2010 109
2010 134
2010 133
2010 132
2010 127
2010 124
2010 122
2010 123
2010 124
2010 121
2010 121
2010 118
2010 115
2010 115
2010 115
2010 114
2010 113
2010 113
2010 112
2010 111
2010 110
2010 107
2010 104
2010 99
2010 94
2010 87
2010 83
2010 79
2010 75
2010 74
2010 91
2010 106
2010 92
2010 90
2010 93
2010 107
2010 100
2010 90
2010 104
2010 94
2010 92
2010 86
2010 80
2010 77
2010 71
2010 66
2010 66
2010 66
2010 62
2010 57
2010 56
2010 53
2010 48
2010 44
2010 40
2010 36
2010 29
2010 21
2010 8
2010 0
2010 0
2010 0
2010 0
2010 0
2010 0
2010 0
2010 0
2010 0
2010 0
2010 0
2010 0
2010 0
2010 0
2010 0
2010 0
2010 0
2010 0
2010 0
2010 0
2010 0
2010 0
2010 0
2010 0
2010 0
2010 0
2010 0
2010 0
2010 0
2010 0
2010 0
2010 0
2010 0
2010 0
2010 0
2010 0
2010 0
2010 0
2010 0
2010 0
2010 0
2010 0
2010 0
2010 0
2010 0
2010 0
2010 0
2010 0
2010 0
2010 0
2010 0
2010 0
2010 0
2010 0
2010 0
2010 0
2010 0
2010 0
2010 0
2010 0
2010 0
2010 0
2010 0
2010 0
2010 0
2010 0
2010 0
2010 0
2010 0
2010 0
2010 0
2010 0
2010 0
2010 0
2010 0
2010 0
2010 0
2010 0
2010 0
2010 0
2010 0
2010 0
2010 0
2010 0
2010 0
2010 0
2010 0
2010 0
2010 0
2010 0
2010 0
2010 0
2010 0
2010 0
2010 0
2010 0
2010 0
2010 0
2010 0
2010 0
2010 0
2010 0
2010 0
2010 0
2010 0
2010 0
2010 0
2010 0
2010 0
2010 0
2010 0
2010 0
2010 0
2010 0
2010 0
2010 0
2010 0
2010 0
2010 0
2010 0
2010 0
2010 0
2010 0
2010 0
2010 0
2010 0
2010 0
2010 0
2010 0
2011 0
2011 0
2011 0
2011 0
2011 0
2011 0
2011 0
2011 0
2011 0
2011 0
2011 0
2011 0
2011 0
2011 0
2011 0
2011 0
2011 0
2011 0
2011 0
2011 0
2011 0
2011 0
2011 0
2011 0
2011 0
2011 0
2011 0
2011 0
2011 0
2011 0
2011 0
2011 0
2011 0
2011 0
2011 0
2011 0
2011 0
2011 0
2011 0
2011 0
2011 0
2011 0
2011 0
2011 0
2011 0
2011 6
2011 1
2011 0
2011 0
2011 0
2011 0
2011 0
2011 0
2011 9
2011 40
2011 32
2011 24
2011 20
2011 13
2011 7
2011 0
2011 0
2011 0
2011 0
2011 0
2011 0
2011 0
2011 0
2011 2
2011 4
2011 13
2011 17
2011 16
2011 0
2011 0
2011 0
2011 12
2011 8
2011 12
2011 11
2011 11
2011 8
2011 9
2011 16
2011 16
2011 30
2011 36
2011 39
2011 38
2011 32
2011 46
2011 63
2011 63
2011 57
2011 52
2011 54
2011 62
2011 48
2011 42
2011 36
2011 34
2011 34
2011 34
2011 34
2011 35
2011 35
2011 35
2011 66
2011 63
2011 58
2011 58
2011 56
2011 54
2011 50
2011 71
2011 75
2011 77
2011 63
2011 61
2011 59
2011 59
2011 58
2011 57
2011 57
2011 57
2011 56
2011 57
2011 59
2011 57
2011 56
2011 64
2011 65
2011 72
2011 73
2011 72
2011 62
2011 62
2011 61
2011 60
2011 60
2011 59
2011 59
2011 59
2011 60
2011 59
2011 59
2011 59
2011 58
2011 59
2011 59
2011 60
2011 59
2011 59
2011 59
2011 60
2011 58
2011 58
2011 58
2011 54
2011 52
2011 50
2011 48
2011 47
2011 44
2011 42
2011 42
2011 41
2011 39
2011 40
2011 40
2011 40
2011 39
2011 47
2011 48
2011 45
2011 45
2011 49
2011 49
2011 47
2011 62
2011 62
2011 54
2011 48
2011 47
2011 47
2011 46
2011 45
2011 43
2011 41
2011 39
2011 38
2011 35
2011 33
2011 29
2011 29
2011 22
2011 16
2011 10
2011 8
2011 7
2011 5
2011 0
2011 0
2011 0
2011 0
2011 0
2011 0
2011 0
2011 0
2011 0
2011 0
2011 0
2011 0
2011 0
2011 0
2011 0
2011 0
2011 0
2011 0
2011 0
2011 0
2011 0
2011 0
2011 0
2011 0
2011 0
2011 0
2011 0
2011 0
2011 0
2011 0
2011 0
2011 0
2011 0
2011 0
2011 0
2011 0
2011 0
2011 0
2011 0
2011 0
2011 0
2011 0
2011 0
2011 0
2011 0
2011 0
2011 0
2011 0
2011 0
2011 0
2011 0
2011 0
2011 0
2011 4
2011 0
2011 0
2011 0
2011 0
2011 0
2011 0
2011 0
2011 0
2011 0
2011 0
2011 0
2011 0
2011 0
2011 0
2011 0
2011 0
2011 0
2011 0
2011 3
2011 0
2011 0
2011 0
2011 0
2011 0
2011 0
2011 0
2011 0
2011 0
2011 0
2011 0
2011 0
2011 0
2011 0
2011 0
2011 0
2011 0
2011 0
2011 0
2011 0
2011 0
2011 0
2011 0
2011 0
2011 0
2011 0
2011 0
2011 0
2011 0
2011 0
2011 0
2011 0
2011 0
2011 0
2011 0
2011 0
2011 0
2011 0
2011 0
2011 0
2011 0
2011 0
2011 0
2011 0
2011 0
2011 0
2011 0
2011 0
2011 0
2011 0
2011 0
2011 0
2011 0
2011 0
2011 0
2011 0
2011 0
2011 0
2011 0
2011 0
2011 0
2011 0
2011 0
2011 0
2011 0
2011 0
2011 0
2011 0
2011 0
2011 0
2011 0
2011 0
2011 0
2011 0
2011 0
2011 0
2011 0
2011 0
2011 0
2011 0
2011 0
2011 0
2011 0
2011 0
2011 0
2011 0
2011 0
2011 0
2011 0
2011 0
2011 0
2012 0
2012 0
2012 0
2012 0
2012 0
2012 0
2012 0
2012 0
2012 0
2012 0
2012 0
2012 0
2012 0
2012 0
2012 0
2012 0
2012 0
2012 0
2012 0
2012 0
2012 0
2012 0
2012 0
2012 0
2012 0
2012 0
2012 0
2012 0
2012 0
2012 0
2012 0
2012 0
2012 0
2012 0
2012 0
2012 0
2012 0
2012 12
2012 12
2012 0
2012 0
2012 0
2012 0
2012 0
2012 0
2012 0
2012 0
2012 0
2012 0
2012 0
2012 0
2012 0
2012 0
2012 0
2012 0
2012 0
2012 0
2012 0
2012 0
2012 0
2012 0
2012 0
2012 0
2012 0
2012 0
2012 0
2012 0
2012 0
2012 0
2012 0
2012 0
2012 0
2012 0
2012 0
2012 0
2012 0
2012 0
2012 0
2012 0
2012 0
2012 0
2012 0
2012 0
2012 0
2012 0
2012 0
2012 0
2012 0
2012 0
2012 0
2012 0
2012 0
2012 0
2012 0
2012 0
2012 0
2012 52
2012 85
2012 84
2012 68
2012 60
2012 52
2012 76
2012 71
2012 70
2012 95
2012 117
2012 132
2012 129
2012 126
2012 134
2012 139
2012 137
2012 114
2012 128
2012 126
2012 120
2012 116
2012 113
2012 111
2012 158
2012 172
2012 158
2012 139
2012 141
2012 144
2012 183
2012 187
2012 182
2012 174
2012 171
2012 167
2012 162
2012 159
2012 157
2012 155
2012 153
2012 151
2012 150
2012 149
2012 148
2012 226
2012 259
2012 231
2012 208
2012 202
2012 203
2012 197
2012 195
2012 200
2012 199
2012 197
2012 207
2012 205
2012 201
2012 200
2012 191
2012 186
2012 184
2012 179
2012 178
2012 178
2012 177
2012 176
2012 176
2012 174
2012 174
2012 179
2012 174
2012 173
2012 173
2012 176
2012 174
2012 171
2012 170
2012 168
2012 167
2012 157
2012 150
2012 148
2012 148
2012 146
2012 142
2012 134
2012 129
2012 125
2012 130
2012 126
2012 121
2012 122
2012 120
2012 119
2012 118
2012 117
2012 109
2012 104
2012 101
2012 96
2012 91
2012 99
2012 111
2012 108
2012 96
2012 90
2012 86
2012 81
2012 75
2012 69
2012 64
2012 58
2012 54
2012 46
2012 36
2012 31
2012 27
2012 23
2012 19
2012 14
2012 8
2012 1
2012 2
2012 0
2012 0
2012 2
2012 0
2012 0
2012 0
2012 0
2012 0
2012 0
2012 0
2012 0
2012 0
2012 2
2012 10
2012 4
2012 24
2012 22
2012 4
2012 0
2012 0
2012 0
2012 0
2012 0
2012 0
2012 0
2012 0
2012 0
2012 0
2012 0
2012 0
2012 0
2012 0
2012 0
2012 0
2012 0
2012 0
2012 0
2012 0
2012 0
2012 0
2012 0
2012 0
2012 0
2012 0
2012 0
2012 0
2012 0
2012 0
2012 0
2012 0
2012 0
2012 0
2012 0
2012 0
2012 0
2012 0
2012 0
2012 0
2012 0
2012 0
2012 0
2012 0
2012 0
2012 0
2012 0
2012 0
2012 0
2012 0
2012 0
2012 0
2012 0
2012 0
2012 0
2012 0
2012 0
2012 0
2012 0
2012 0
2012 0
2012 0
2012 0
2012 0
2012 0
2012 0
2012 0
2012 0
2012 0
2012 0
2012 0
2012 0
2012 0
2012 0
2012 0
2012 0
2012 0
2012 0
2012 0
2012 0
2012 0
2012 0
2012 0
2012 0
2012 0
2012 0
2012 0
2012 0
2012 0
2012 0
2012 0
2012 0
2012 0
2012 0
2012 0
2012 0
2012 0
2012 0
2012 0
2012 0
2012 0
2012 0
2012 0
2012 0
2012 0
2012 0
2012 0
2012 0
2012 0
2012 0
2012 0
2012 0
2012 0
2012 0
2012 0
2012 0
2012 0
2012 0
2012 0
2012 0
2012 0
2012 0
2012 0
2012 0
2012 0
2012 0
2012 0
2013 0
2013 0
2013 0
2013 0
2013 0
2013 0
2013 0
2013 0
2013 0
2013 0
2013 0
2013 0
2013 0
2013 0
2013 0
2013 0
2013 0
2013 0
2013 0
2013 0
2013 0
2013 0
2013 0
2013 0
2013 0
2013 0
2013 0
2013 0
2013 0
2013 0
2013 0
2013 0
2013 0
2013 0
2013 0
2013 0
2013 0
2013 0
2013 0
2013 0
2013 0
2013 0
2013 0
2013 0
2013 0
2013 0
2013 0
2013 0
2013 0
2013 0
2013 0
2013 0
2013 0
2013 0
2013 0
2013 1
2013 3
2013 15
2013 13
2013 12
2013 9
2013 5
2013 3
2013 1
2013 1
2013 3
2013 23
2013 23
2013 16
2013 8
2013 1
2013 0
2013 0
2013 0
2013 0
2013 0
2013 0
2013 0
2013 0
2013 0
2013 0
2013 0
2013 0
2013 0
2013 0
2013 0
2013 1
2013 3
2013 10
2013 14
2013 21
2013 15
2013 19
2013 20
2013 76
2013 107
2013 122
2013 110
2013 150
2013 140
2013 130
2013 130
2013 125
2013 117
2013 100
2013 120
2013 130
2013 150
2013 179
2013 180
2013 166
2013 181
2013 174
2013 173
2013 153
2013 137
2013 125
2013 146
2013 141
2013 139
2013 135
2013 132
2013 135
2013 143
2013 129
2013 128
2013 122
2013 123
2013 121
2013 120
2013 119
2013 131
2013 170
2013 163
2013 157
2013 152
2013 153
2013 154
2013 152
2013 137
2013 145
2013 139
2013 143
2013 144
2013 142
2013 137
2013 136
2013 136
2013 139
2013 149
2013 148
2013 146
2013 134
2013 148
2013 148
2013 146
2013 151
2013 163
2013 173
2013 171
2013 168
2013 164
2013 166
2013 171
2013 158
2013 155
2013 156
2013 168
2013 164
2013 162
2013 161
2013 160
2013 159
2013 157
2013 158
2013 156
2013 158
2013 159
2013 154
2013 153
2013 153
2013 153
2013 150
2013 147
2013 145
2013 144
2013 142
2013 139
2013 134
2013 132
2013 128
2013 127
2013 124
2013 125
2013 127
2013 122
2013 122
2013 125
2013 159
2013 175
2013 154
2013 152
2013 147
2013 140
2013 134
2013 135
2013 135
2013 134
2013 170
2013 169
2013 165
2013 175
2013 159
2013 155
2013 149
2013 147
2013 144
2013 142
2013 137
2013 141
2013 156
2013 157
2013 142
2013 139
2013 133
2013 132
2013 122
2013 115
2013 105
2013 95
2013 90
2013 114
2013 85
2013 80
2013 76
2013 70
2013 61
2013 49
2013 38
2013 35
2013 31
2013 23
2013 9
2013 0
2013 0
2013 0
2013 0
2013 0
2013 0
2013 0
2013 0
2013 0
2013 0
2013 0
2013 0
2013 0
2013 0
2013 0
2013 9
2013 9
2013 5
2013 0
2013 0
2013 0
2013 0
2013 0
2013 1
2013 0
2013 0
2013 13
2013 14
2013 0
2013 0
2013 0
2013 0
2013 0
2013 0
2013 0
2013 0
2013 0
2013 0
2013 0
2013 0
2013 0
2013 0
2013 0
2013 0
2013 0
2013 0
2013 0
2013 0
2013 0
2013 0
2013 0
2013 0
2013 0
2013 0
2013 0
2013 0
2013 0
2013 0
2013 0
2013 0
2013 0
2013 0
2013 0
2013 0
2013 0
2013 0
2013 0
2013 0
2013 0
2013 0
2013 0
2013 0
2013 0
2013 0
2013 0
2013 0
2013 0
2013 0
2013 0
2013 0
2013 0
2013 0
2013 0
2013 0
2013 0
2013 0
2013 0
2013 0
2013 0
2013 0
2013 0
2013 0
2013 0
2013 0
2013 0
2013 0
2013 0
2013 0
2013 0
2013 0
2013 0
2013 0
2013 0
2013 0
2013 0
2013 0
2013 0
2013 0
2013 0
2013 0
2013 0
2013 0
2013 0
2013 0
2013 0
2013 0
2013 0
2013 0
2013 0
2013 0
2013 0
2013 0
2014 0
2014 0
2014 0
2014 0
2014 0
2014 0
2014 0
2014 0
2014 0
2014 0
2014 0
2014 0
2014 0
2014 0
2014 0
2014 0
2014 0
2014 0
2014 0
2014 0
2014 0
2014 0
2014 0
2014 0
2014 0
2014 0
2014 0
2014 0
2014 0
2014 0
2014 0
2014 0
2014 0
2014 0
2014 0
2014 0
2014 0
2014 0
2014 0
2014 0
2014 12
2014 28
2014 27
2014 13
2014 3
2014 0
2014 0
2014 1
2014 1
2014 1
2014 0
2014 0
2014 0
2014 0
2014 0
2014 0
2014 0
2014 0
2014 0
2014 0
2014 0
2014 0
2014 0
2014 0
2014 4
2014 6
2014 6
2014 0
2014 3
2014 3
2014 23
2014 42
2014 9
2014 7
2014 5
2014 17
2014 17
2014 13
2014 12
2014 11
2014 21
2014 31
2014 31
2014 31
2014 28
2014 26
2014 26
2014 26
2014 25
2014 24
2014 39
2014 28
2014 25
2014 24
2014 24
2014 23
2014 23
2014 24
2014 23
2014 23
2014 24
2014 23
2014 23
2014 23
2014 23
2014 24
2014 23
2014 22
2014 22
2014 25
2014 22
2014 22
2014 21
2014 22
2014 21
2014 21
2014 38
2014 39
2014 45
2014 45
2014 45
2014 42
2014 40
2014 53
2014 53
2014 56
2014 60
2014 57
2014 52
2014 50
2014 48
2014 45
2014 42
2014 41
2014 50
2014 60
2014 62
2014 66
2014 73
2014 64
2014 48
2014 54
2014 56
2014 54
2014 55
2014 75
2014 70
2014 73
2014 82
2014 79
2014 75
2014 72
2014 68
2014 80
2014 82
2014 79
2014 75
2014 89
2014 87
2014 101
2014 103
2014 105
2014 94
2014 96
2014 90
2014 105
2014 104
2014 98
2014 130
2014 128
2014 119
2014 113
2014 108
2014 121
2014 125
2014 128
2014 116
2014 110
2014 120
2014 125
2014 138
2014 137
2014 131
2014 136
2014 134
2014 129
2014 125
2014 120
2014 114
2014 108
2014 104
2014 100
2014 97
2014 93
2014 89
2014 83
2014 79
2014 75
2014 69
2014 62
2014 57
2014 51
2014 65
2014 79
2014 82
2014 76
2014 70
2014 65
2014 63
2014 58
2014 52
2014 47
2014 43
2014 39
2014 33
2014 28
2014 22
2014 16
2014 9
2014 0
2014 0
2014 0
2014 0
2014 0
2014 0
2014 0
2014 0
2014 0
2014 0
2014 0
2014 0
2014 0
2014 0
2014 0
2014 0
2014 0
2014 0
2014 0
2014 1
2014 3
2014 1
2014 4
2014 0
2014 0
2014 0
2014 0
2014 0
2014 0
2014 0
2014 0
2014 0
2014 0
2014 0
2014 0
2014 0
2014 0
2014 0
2014 0
2014 0
2014 0
2014 0
2014 0
2014 0
2014 0
2014 0
2014 0
2014 0
2014 0
2014 0
2014 0
2014 0
2014 0
2014 0
2014 0
2014 0
2014 0
2014 0
2014 0
2014 0
2014 0
2014 0
2014 0
2014 0
2014 0
2014 0
2014 0
2014 0
2014 0
2014 0
2014 0
2014 0
2014 0
2014 0
2014 0
2014 0
2014 0
2014 0
2014 0
2014 0
2014 0
2014 0
2014 0
2014 0
2014 0
2014 0
2014 0
2014 0
2014 0
2014 0
2014 0
2014 0
2014 0
2014 0
2014 0
2014 0
2014 0
2014 0
2014 0
2014 0
2014 0
2014 0
2014 0
2014 0
2014 0
2014 0
2014 0
2014 0
2014 0
2014 0
2014 0
2014 0
2014 0
2014 0
2014 0
2014 0
2014 0
2014 0
2014 0
2014 0
2014 0
2014 0
2014 0
2014 0
2014 0
2014 0
2014 0
2014 0
2014 0
2014 0
2014 0
2014 0
2014 0
2014 0
2014 0
2014 0
2014 0
2014 0
2014 0
2014 0
2014 0
2014 0
2014 0
2014 0
2014 0
2014 0
2015 0
2015 0
2015 0
2015 0
2015 0
2015 0
2015 0
2015 0
2015 0
2015 0
2015 0
2015 0
2015 0
2015 0
2015 0
2015 0
2015 0
2015 0
2015 0
2015 0
2015 0
2015 0
2015 0
2015 0
2015 0
2015 0
2015 0
2015 0
2015 0
2015 0
2015 0
2015 0
2015 0
2015 0
2015 0
2015 0
2015 0
2015 0
2015 0
2015 0
2015 0
2015 0
2015 0
2015 0
2015 0
2015 0
2015 0
2015 0
2015 0
2015 0
2015 0
2015 6
2015 0
2015 0
2015 0
2015 0
2015 0
2015 0
2015 0
2015 0
2015 0
2015 0
2015 0
2015 0
2015 0
2015 25
2015 20
2015 11
2015 3
2015 2
2015 0
2015 0
2015 0
2015 0
2015 0
2015 15
2015 19
2015 19
2015 22
2015 22
2015 21
2015 13
2015 8
2015 5
2015 1
2015 0
2015 0
2015 0
2015 0
2015 0
2015 0
2015 1
2015 0
2015 0
2015 1
2015 1
2015 1
2015 1
2015 0
2015 8
2015 7
2015 7
2015 6
2015 7
2015 6
2015 6
2015 6
2015 17
2015 19
2015 13
2015 13
2015 9
2015 9
2015 9
2015 9
2015 8
2015 9
2015 78
2015 84
2015 83
2015 73
2015 62
2015 59
2015 56
2015 54
2015 47
2015 42
2015 41
2015 41
2015 41
2015 41
2015 41
2015 39
2015 35
2015 36
2015 56
2015 55
2015 61
2015 77
2015 76
2015 71
2015 66
2015 65
2015 63
2015 62
2015 62
2015 62
2015 76
2015 77
2015 74
2015 102
2015 127
2015 129
2015 134
2015 134
2015 126
2015 118
2015 113
2015 108
2015 106
2015 107
2015 99
2015 95
2015 92
2015 83
2015 81
2015 78
2015 78
2015 77
2015 77
2015 76
2015 73
2015 72
2015 81
2015 86
2015 93
2015 105
2015 108
2015 107
2015 103
2015 102
2015 107
2015 100
2015 91
2015 107
2015 106
2015 104
2015 103
2015 98
2015 93
2015 91
2015 87
2015 79
2015 75
2015 73
2015 71
2015 69
2015 67
2015 62
2015 57
2015 52
2015 51
2015 50
2015 46
2015 42
2015 39
2015 40
2015 38
2015 37
2015 41
2015 68
2015 60
2015 48
2015 50
2015 52
2015 57
2015 63
2015 59
2015 50
2015 50
2015 42
2015 39
2015 35
2015 33
2015 23
2015 16
2015 7
2015 0
2015 0
2015 0
2015 0
2015 0
2015 0
2015 0
2015 0
2015 0
2015 0
2015 0
2015 0
2015 0
2015 0
2015 0
2015 0
2015 0
2015 0
2015 0
2015 0
2015 0
2015 0
2015 0
2015 0
2015 0
2015 0
2015 0
2015 0
2015 0
2015 11
2015 5
2015 0
2015 0
2015 0
2015 0
2015 0
2015 0
2015 0
2015 0
2015 0
2015 0
2015 0
2015 0
2015 0
2015 0
2015 0
2015 0
2015 0
2015 0
2015 0
2015 0
2015 0
2015 0
2015 0
2015 0
2015 0
2015 0
2015 0
2015 0
2015 0
2015 0
2015 0
2015 0
2015 0
2015 0
2015 0
2015 0
2015 0
2015 0
2015 0
2015 0
2015 0
2015 0
2015 0
2015 0
2015 0
2015 0
2015 0
2015 0
2015 0
2015 0
2015 0
2015 0
2015 0
2015 0
2015 0
2015 0
2015 0
2015 0
2015 0
2015 0
2015 0
2015 0
2015 0
2015 0
2015 0
2015 0
2015 0
2015 0
2015 0
2015 0
2015 0
2015 0
2015 0
2015 0
2015 0
2015 0
2015 0
2015 0
2015 0
2015 0
2015 0
2015 0
2015 0
2015 0
2015 0
2015 0
2015 0
2015 0
2015 0
2015 0
2015 0
2015 0
2015 0
2015 0
2015 0
2015 0
2015 0
2015 0
2015 0
2015 0
2015 0
2015 0
2015 0
2015 0
2015 0
2015 0
2015 0
2016 0
2016 0
2016 0
2016 0
2016 0
2016 0
2016 0
2016 0
2016 0
2016 0
2016 0
2016 0
2016 0
2016 0
2016 0
2016 0
2016 0
2016 0
2016 0
2016 0
2016 0
2016 0
2016 0
2016 0
2016 0
2016 0
2016 0
2016 0
2016 0
2016 0
2016 0
2016 0
2016 0
2016 0
2016 0
2016 0
2016 0
2016 0
2016 0
2016 0
2016 0
2016 0
2016 0
2016 0
2016 0
2016 8
2016 5
2016 0
2016 0
2016 0
2016 0
2016 0
2016 0
2016 0
2016 0
2016 0
2016 0
2016 0
2016 1
2016 0
2016 0
2016 0
2016 0
2016 0
2016 0
2016 0
2016 0
2016 0
2016 0
2016 0
2016 0
2016 0
2016 0
2016 0
2016 0
2016 0
2016 0
2016 0
2016 0
2016 0
2016 0
2016 13
2016 17
2016 13
2016 10
2016 37
2016 54
2016 49
2016 40
2016 37
2016 34
2016 31
2016 30
2016 28
2016 25
2016 23
2016 21
2016 20
2016 20
2016 19
2016 19
2016 19
2016 19
2016 19
2016 19
2016 19
2016 18
2016 16
2016 15
2016 13
2016 12
2016 10
2016 8
2016 8
2016 8
2016 9
2016 9
2016 9
2016 9
2016 8
2016 8
2016 8
2016 7
2016 20
2016 30
2016 52
2016 60
2016 68
2016 82
2016 74
2016 67
2016 53
2016 57
2016 98
2016 101
2016 95
2016 97
2016 89
2016 89
2016 88
2016 87
2016 85
2016 83
2016 80
2016 77
2016 72
2016 72
2016 69
2016 67
2016 65
2016 64
2016 67
2016 109
2016 103
2016 79
2016 103
2016 108
2016 110
2016 102
2016 101
2016 102
2016 100
2016 108
2016 116
2016 155
2016 162
2016 155
2016 148
2016 143
2016 141
2016 137
2016 142
2016 141
2016 139
2016 127
2016 131
2016 132
2016 152
2016 150
2016 142
2016 139
2016 135
2016 133
2016 150
2016 177
2016 176
2016 173
2016 175
2016 168
2016 170
2016 166
2016 164
2016 160
2016 157
2016 152
2016 148
2016 145
2016 143
2016 141
2016 141
2016 136
2016 133
2016 128
2016 125
2016 121
2016 118
2016 118
2016 117
2016 113
2016 114
2016 116
2016 112
2016 105
2016 100
2016 95
2016 89
2016 83
2016 78
2016 72
2016 69
2016 68
2016 68
2016 65
2016 57
2016 53
2016 47
2016 49
2016 40
2016 36
2016 29
2016 30
2016 28
2016 22
2016 16
2016 5
2016 0
2016 0
2016 0
2016 2
2016 4
2016 0
2016 0
2016 9
2016 12
2016 0
2016 0
2016 0
2016 0
2016 0
2016 0
2016 0
2016 0
2016 0
2016 0
2016 0
2016 0
2016 0
2016 0
2016 0
2016 0
2016 0
2016 0
2016 0
2016 0
2016 0
2016 15
2016 8
2016 0
2016 0
2016 0
2016 0
2016 0
2016 0
2016 0
2016 0
2016 0
2016 0
2016 0
2016 0
2016 0
2016 0
2016 0
2016 0
2016 0
2016 0
2016 0
2016 0
2016 0
2016 0
2016 0
2016 0
2016 0
2016 0
2016 0
2016 0
2016 0
2016 0
2016 0
2016 0
2016 0
2016 0
2016 0
2016 0
2016 0
2016 0
2016 0
2016 0
2016 0
2016 0
2016 0
2016 0
2016 0
2016 0
2016 0
2016 0
2016 0
2016 0
2016 NA
2016 0
2016 0
2016 0
2016 0
2016 0
2016 0
2016 0
2016 0
2016 0
2016 0
2016 0
2016 0
2016 0
2016 0
2016 0
2016 0
2016 0
2016 0
2016 0
2016 0
2016 0
2016 0
2016 0
2016 0
2016 0
2016 0
2016 0
2016 0
2016 0
2016 0
2016 0
2016 0
2016 0
2016 0
2016 0
2016 0
2016 0
2016 0
2016 0
2016 0
2016 0
2016 0
2016 0
2016 0
2016 0
2016 0
2016 0
2016 0
2017 0
2017 0
2017 0
2017 0
2017 0
2017 0
2017 0
2017 0
2017 0
2017 0
2017 0
2017 0
2017 0
2017 0
2017 0
2017 0
2017 0
2017 0
2017 0
2017 0
2017 0
2017 0
2017 0
2017 0
2017 0
2017 0
2017 0
2017 0
2017 0
2017 0
2017 0
2017 0
2017 0
2017 0
2017 0
2017 0
2017 0
2017 0
2017 0
2017 0
2017 0
2017 0
2017 0
2017 0
2017 0
2017 0
2017 0
2017 0
2017 0
2017 0
2017 0
2017 0
2017 0
2017 0
2017 0
2017 0
2017 0
2017 0
2017 0
2017 0
2017 0
2017 0
2017 0
2017 0
2017 0
2017 0
2017 11
2017 11
2017 7
2017 31
2017 73
2017 86
2017 84
2017 70
2017 63
2017 56
2017 51
2017 43
2017 36
2017 43
2017 38
2017 35
2017 26
2017 19
2017 10
2017 0
2017 0
2017 0
2017 0
2017 0
2017 0
2017 0
2017 0
2017 0
2017 0
2017 0
2017 0
2017 0
2017 0
2017 0
2017 0
2017 0
2017 0
2017 0
2017 0
2017 0
2017 0
2017 0
2017 0
2017 0
2017 0
2017 0
2017 0
2017 0
2017 0
2017 0
2017 0
2017 0
2017 0
2017 0
2017 0
2017 0
2017 0
2017 0
2017 0
2017 5
2017 12
2017 11
2017 11
2017 22
2017 21
2017 20
2017 20
2017 37
2017 58
2017 63
2017 60
2017 56
2017 55
2017 45
2017 45
2017 45
2017 45
2017 44
2017 43
2017 43
2017 42
2017 42
2017 41
2017 41
2017 41
2017 43
2017 41
2017 38
2017 38
2017 42
2017 45
2017 55
2017 78
2017 71
2017 72
2017 70
2017 65
2017 60
2017 55
2017 50
2017 50
2017 47
2017 46
2017 46
2017 46
2017 46
2017 46
2017 45
2017 43
2017 43
2017 39
2017 39
2017 39
2017 37
2017 61
2017 84
2017 99
2017 82
2017 78
2017 96
2017 141
2017 163
2017 156
2017 138
2017 112
2017 100
2017 92
2017 88
2017 83
2017 80
2017 76
2017 72
2017 68
2017 65
2017 62
2017 55
2017 48
2017 48
2017 43
2017 37
2017 37
2017 33
2017 27
2017 23
2017 19
2017 11
2017 4
2017 0
2017 0
2017 0
2017 0
2017 0
2017 0
2017 0
2017 0
2017 0
2017 0
2017 0
2017 0
2017 0
2017 0
2017 0
2017 0
2017 0
2017 0
2017 0
2017 0
2017 3
2017 0
2017 0
2017 0
2017 0
2017 9
2017 10
2017 3
2017 0
2017 17
2017 5
2017 0
2017 0
2017 0
2017 0
2017 0
2017 0
2017 0
2017 0
2017 0
2017 0
2017 0
2017 0
2017 0
2017 0
2017 0
2017 0
2017 8
2017 6
2017 0
2017 0
2017 0
2017 0
2017 0
2017 0
2017 0
2017 0
2017 0
2017 0
2017 0
2017 0
2017 0
2017 0
2017 0
2017 0
2017 0
2017 0
2017 0
2017 0
2017 0
2017 0
2017 0
2017 0
2017 0
2017 0
2017 0
2017 0
2017 0
2017 3
2017 4
2017 5
2017 6
2017 6
2017 6
2017 6
2017 7
2017 6
2017 7
2017 7
2017 0
2017 0
2017 0
2017 0
2017 0
2017 0
2017 0
2017 0
2017 0
2017 0
2017 0
2017 0
2017 0
2017 0
2017 0
2017 0
2017 0
2017 0
2017 0
2017 0
2017 0
2017 0
2017 0
2017 0
2017 0
2017 0
2017 0
2017 0
2017 0
2017 0
2017 0
2017 0
2017 0
2017 0
2017 0
2017 0
2017 0
2017 0
2017 0
2017 0
2017 0
2017 0
2017 0
2017 0
2017 0
2017 0
2017 0
2017 0
2017 0
2017 0
2017 0
2017 0
2017 0
2017 0
2017 0
2017 0
2017 0
2017 0
2017 0
2017 0
2017 0
2017 0
2017 0
2018 0
2018 0
2018 0
2018 0
2018 0
2018 0
2018 0
2018 0
2018 0
2018 0
2018 0
2018 0
2018 0
2018 0
2018 0
2018 0
2018 0
2018 0
2018 0
2018 0
2018 0
2018 0
2018 0
2018 0
2018 0
2018 0
2018 0
2018 0
2018 0
2018 0
2018 0
2018 0
2018 0
2018 0
2018 0
2018 0
2018 0
2018 0
2018 0
2018 0
2018 0
2018 2
2018 3
2018 0
2018 0
2018 0
2018 0
2018 0
2018 0
2018 0
2018 0
2018 10
2018 10
2018 3
2018 0
2018 0
2018 0
2018 0
2018 0
2018 0
2018 0
2018 0
2018 0
2018 0
2018 0
2018 5
2018 17
2018 11
2018 7
2018 6
2018 4
2018 13
2018 23
2018 48
2018 45
2018 27
2018 24
2018 22
2018 21
2018 20
2018 20
2018 20
2018 19
2018 18
2018 17
2018 24
2018 27
2018 25
2018 23
2018 30
2018 30
2018 32
2018 31
2018 28
2018 28
2018 27
2018 27
2018 27
2018 52
2018 58
2018 99
2018 98
2018 105
2018 100
2018 113
2018 134
2018 133
2018 129
2018 139
2018 133
2018 125
2018 120
2018 115
2018 109
2018 107
2018 105
2018 106
2018 132
2018 142
2018 143
2018 168
2018 146
2018 174
2018 178
2018 172
2018 174
2018 148
2018 137
2018 132
2018 123
2018 120
2018 117
2018 116
2018 115
2018 113
2018 113
2018 114
2018 124
2018 147
2018 162
2018 179
2018 190
2018 221
2018 240
2018 214
2018 204
2018 199
2018 195
2018 194
2018 192
2018 191
2018 188
2018 187
2018 206
2018 205
2018 201
2018 198
2018 196
2018 182
2018 180
2018 179
2018 178
2018 176
2018 195
2018 203
2018 202
2018 196
2018 203
2018 195
2018 191
2018 190
2018 189
2018 186
2018 186
2018 184
2018 184
2018 186
2018 184
2018 183
2018 184
2018 195
2018 196
2018 190
2018 201
2018 205
2018 198
2018 200
2018 218
2018 218
2018 202
2018 198
2018 194
2018 212
2018 215
2018 213
2018 210
2018 209
2018 217
2018 217
2018 211
2018 210
2018 210
2018 207
2018 205
2018 202
2018 202
2018 199
2018 210
2018 212
2018 205
2018 220
2018 220
2018 227
2018 212
2018 208
2018 213
2018 214
2018 203
2018 199
2018 189
2018 182
2018 184
2018 178
2018 173
2018 169
2018 164
2018 158
2018 151
2018 145
2018 138
2018 129
2018 122
2018 114
2018 107
2018 100
2018 94
2018 87
2018 77
2018 64
2018 52
2018 41
2018 32
2018 26
2018 23
2018 18
2018 9
2018 0
2018 0
2018 0
2018 0
2018 0
2018 0
2018 0
2018 0
2018 0
2018 4
2018 0
2018 0
2018 0
2018 0
2018 0
2018 0
2018 0
2018 0
2018 0
2018 0
2018 0
2018 0
2018 0
2018 0
2018 0
2018 0
2018 0
2018 0
2018 0
2018 0
2018 0
2018 0
2018 0
2018 0
2018 0
2018 0
2018 0
2018 0
2018 0
2018 0
2018 0
2018 0
2018 0
2018 0
2018 0
2018 0
2018 0
2018 0
2018 0
2018 0
2018 0
2018 0
2018 0
2018 0
2018 0
2018 0
2018 0
2018 NA
2018 NA
2018 NA
2018 NA
2018 NA
2018 NA
2018 NA
2018 NA
2018 NA
2018 NA
2018 NA
2018 NA
2018 NA
2018 NA
2018 NA
2018 NA
2018 NA
2018 NA
2018 NA
2018 NA
2018 NA
2018 NA
2018 NA
2018 NA
2018 NA
2018 NA
2018 NA
2018 NA
2018 NA
2018 NA
2018 NA
2018 0
2018 0
2018 0
2018 0
2018 0
2018 0
2018 0
2018 0
2018 0
2018 0
2018 0
2018 0
2018 0
2018 0
2018 0
2018 0
2018 0
2018 0
2018 0
2018 0
2018 0
2018 0
2018 0
2018 0
2018 0
2018 0
2018 0
2018 0
2018 0
2018 0
2018 0
2019 0
2019 0
2019 0
2019 0
2019 0
2019 0
2019 0
2019 0
2019 0
2019 0
2019 0
2019 0
2019 0
2019 0
2019 0
2019 0
2019 0
2019 0
2019 0
2019 0
2019 0
2019 0
2019 0
2019 0
2019 0
2019 0
2019 0
2019 0
2019 0
2019 0
2019 0
2019 0
2019 0
2019 0
2019 0
2019 0
2019 0
2019 0
2019 0
2019 0
2019 0
2019 0
2019 0
2019 0
2019 0
2019 0
2019 0
2019 0
2019 0
2019 0
2019 0
2019 0
2019 0
2019 0
2019 0
2019 0
2019 8
2019 7
2019 2
2019 14
2019 12
2019 1
2019 0
2019 0
2019 0
2019 0
2019 1
2019 2
2019 2
2019 2
2019 2
2019 0
2019 0
2019 0
2019 0
2019 0
2019 0
2019 6
2019 6
2019 6
2019 6
2019 6
2019 7
2019 6
2019 11
2019 11
2019 14
2019 21
2019 19
2019 17
2019 14
2019 14
2019 16
2019 7
2019 7
2019 7
2019 8
2019 10
2019 14
2019 51
2019 70
2019 68
2019 63
2019 57
2019 53
2019 53
2019 61
2019 62
2019 61
2019 63
2019 60
2019 71
2019 65
2019 55
2019 52
2019 47
2019 46
2019 46
2019 45
2019 46
2019 45
2019 43
2019 40
2019 39
2019 41
2019 42
2019 41
2019 40
2019 39
2019 39
2019 57
2019 56
2019 52
2019 52
2019 103
2019 106
2019 102
2019 97
2019 95
2019 95
2019 92
2019 89
2019 85
2019 84
2019 82
2019 82
2019 82
2019 81
2019 114
2019 116
2019 111
2019 130
2019 129
2019 149
2019 148
2019 149
2019 135
2019 128
2019 125
2019 131
2019 131
2019 127
2019 129
2019 141
2019 138
2019 132
2019 127
2019 124
2019 119
2019 115
2019 113
2019 110
2019 109
2019 107
2019 105
2019 100
2019 96
2019 93
2019 91
2019 87
2019 82
2019 104
2019 102
2019 90
2019 95
2019 94
2019 89
2019 92
2019 89
2019 87
2019 86
2019 93
2019 93
2019 112
2019 137
2019 143
2019 132
2019 116
2019 116
2019 107
2019 104
2019 104
2019 100
2019 97
2019 94
2019 89
2019 86
2019 86
2019 82
2019 79
2019 75
2019 72
2019 66
2019 61
2019 77
2019 101
2019 97
2019 79
2019 69
2019 69
2019 61
2019 59
2019 55
2019 51
2019 44
2019 39
2019 37
2019 31
2019 28
2019 20
2019 9
2019 3
2019 0
2019 0
2019 0
2019 0
2019 6
2019 16
2019 7
2019 8
2019 3
2019 0
2019 0
2019 0
2019 0
2019 11
2019 13
2019 9
2019 0
2019 0
2019 0
2019 0
2019 0
2019 0
2019 0
2019 0
2019 0
2019 0
2019 0
2019 0
2019 0
2019 0
2019 0
2019 0
2019 0
2019 0
2019 0
2019 0
2019 0
2019 0
2019 0
2019 0
2019 0
2019 0
2019 0
2019 0
2019 0
2019 0
2019 0
2019 0
2019 0
2019 0
2019 0
2019 0
2019 0
2019 0
2019 0
2019 0
2019 0
2019 0
2019 0
2019 0
2019 0
2019 0
2019 0
2019 0
2019 0
2019 0
2019 0
2019 0
2019 0
2019 0
2019 0
2019 0
2019 0
2019 0
2019 0
2019 0
2019 0
2019 0
2019 0
2019 0
2019 0
2019 0
2019 0
2019 0
2019 0
2019 0
2019 0
2019 0
2019 0
2019 0
2019 0
2019 0
2019 0
2019 0
2019 0
2019 0
2019 0
2019 0
2019 0
2019 0
2019 0
2019 0
2019 NA
2019 NA
2019 NA
2019 NA
2019 NA
2019 NA
2019 NA
2019 NA
2019 NA
2019 NA
2019 NA
2019 NA
2019 NA
2019 NA
2019 NA
2019 NA
2019 NA
2019 NA
2019 NA
2019 NA
2019 NA
2019 NA
2019 NA
2019 NA
2019 NA
2019 NA
2019 NA
2019 NA
2019 NA
2019 NA
2019 NA
