2003 0
2003 0
2003 0
2003 0
2003 0
2003 0
2003 0
2003 0
2003 0
2003 0
2003 0
2003 0
2003 0
2003 0
2003 0
2003 0
2003 0
2003 0
2003 0
2003 0
2003 NA
2003 NA
2003 0
2003 0
2003 0
2003 0
2003 0
2003 0
2003 0
2003 0
2003 0
2003 0
2003 0
2003 0
2003 0
2003 0
2003 0
2003 0
2003 0
2003 0
2003 0
2003 0
2003 0
2003 0
2003 0
2003 0
2003 0
2003 0
2003 0
2003 0
2003 0
2003 0
2003 0
2003 0
2003 0
2003 0
2003 0
2003 0
2003 0
2003 0
2003 0
2003 0
2003 0
2003 0
2003 0
2003 0
2003 0
2003 0
2003 0
2003 0
2003 0
2003 0
2003 0
2003 0
2003 0
2003 0
2003 0
2003 0
2003 0
2003 0
2003 0
2003 0
2003 0
2003 0
2003 0
2003 0
2003 0
2003 0
2003 0
2003 0
2003 0
2003 0
2003 0
2003 0
2003 0
2003 0
2003 0
2003 0
2003 0
2003 0
2003 0
2003 2
2003 0
2003 8
2003 4
2003 0
2003 0
2003 0
2003 0
2003 0
2003 0
2003 0
2003 0
2003 0
2003 0
2003 0
2003 0
2003 0
2003 1
2003 0
2003 0
2003 0
2003 0
2003 0
2003 0
2003 0
2003 0
2003 0
2003 6
2003 3
2003 3
2003 0
2003 1
2003 2
2003 0
2003 0
2003 0
2003 0
2003 0
2003 0
2003 0
2003 0
2003 0
2003 10
2003 2
2003 0
2003 0
2003 0
2003 0
2003 0
2003 0
2003 0
2003 0
2003 0
2003 0
2003 0
2003 0
2003 0
2003 0
2003 0
2003 0
2003 0
2003 0
2003 0
2003 0
2003 0
2003 0
2003 0
2003 0
2003 12
2003 10
2003 8
2003 6
2003 4
2003 2
2003 0
2003 0
2003 0
2003 0
2003 0
2003 0
2003 0
2003 0
2003 0
2003 0
2003 0
2003 0
2003 0
2003 0
2003 0
2003 0
2003 0
2003 0
2003 0
2003 0
2003 0
2003 3
2003 0
2003 0
2003 0
2003 0
2003 0
2003 0
2003 0
2003 0
2003 0
2003 0
2003 0
2003 0
2003 0
2003 0
2003 0
2003 0
2003 0
2003 0
2003 0
2003 0
2003 0
2003 0
2003 0
2003 0
2003 0
2003 0
2003 0
2003 0
2003 0
2003 0
2003 0
2003 0
2003 0
2003 0
2003 0
2003 0
2003 0
2003 0
2003 0
2003 0
2003 0
2003 0
2003 0
2003 0
2003 0
2003 0
2003 0
2003 0
2003 0
2003 0
2003 0
2003 0
2003 0
2003 0
2003 0
2003 0
2003 0
2003 0
2003 0
2003 0
2003 0
2003 0
2003 0
2003 0
2003 0
2003 0
2003 0
2003 0
2003 0
2003 0
2003 0
2003 0
2003 0
2003 0
2003 0
2003 0
2003 0
2003 0
2003 0
2003 0
2003 0
2003 0
2003 0
2003 0
2003 0
2003 0
2003 0
2003 0
2003 0
2003 0
2003 0
2003 0
2003 0
2003 0
2003 0
2003 0
2003 0
2003 0
2003 0
2003 0
2003 0
2003 0
2003 0
2003 0
2003 0
2003 0
2003 0
2003 0
2003 0
2003 0
2003 0
2003 0
2003 0
2003 0
2003 0
2003 0
2003 0
2003 0
2003 0
2003 0
2003 0
2003 0
2003 0
2003 0
2003 0
2003 0
2003 0
2003 0
2003 0
2003 0
2003 0
2003 0
2003 0
2003 0
2003 0
2003 0
2003 0
2003 0
2003 0
2003 0
2003 0
2003 0
2003 0
2003 0
2003 0
2003 0
2003 0
2003 0
2003 0
2003 0
2003 0
2003 0
2003 0
2003 0
2003 0
2003 0
2003 0
2003 0
2003 0
2003 0
2003 0
2003 0
2003 0
2003 0
2003 0
2003 0
2003 NA
2003 NA
2004 NA
2004 1
2004 NA
2004 1
2004 NA
2004 NA
2004 0
2004 0
2004 0
2004 0
2004 0
2004 0
2004 0
2004 0
2004 0
2004 0
2004 0
2004 0
2004 0
2004 0
2004 0
2004 0
2004 0
2004 0
2004 0
2004 0
2004 0
2004 0
2004 0
2004 0
2004 0
2004 0
2004 0
2004 0
2004 0
2004 0
2004 0
2004 0
2004 0
2004 0
2004 0
2004 0
2004 0
2004 0
2004 0
2004 0
2004 0
2004 0
2004 2
2004 1
2004 2
2004 2
2004 0
2004 1
2004 0
2004 1
2004 1
2004 1
2004 1
2004 1
2004 1
2004 1
2004 0
2004 0
2004 0
2004 0
2004 0
2004 0
2004 2
2004 2
2004 0
2004 0
2004 0
2004 0
2004 0
2004 0
2004 0
2004 0
2004 0
2004 0
2004 0
2004 0
2004 0
2004 0
2004 0
2004 0
2004 0
2004 0
2004 0
2004 0
2004 0
2004 0
2004 0
2004 0
2004 0
2004 0
2004 0
2004 0
2004 0
2004 0
2004 0
2004 0
2004 0
2004 0
2004 0
2004 0
2004 0
2004 0
2004 0
2004 0
2004 0
2004 0
2004 0
2004 0
2004 0
2004 0
2004 0
2004 0
2004 1
2004 10
2004 9
2004 5
2004 5
2004 5
2004 13
2004 13
2004 13
2004 13
2004 11
2004 11
2004 12
2004 11
2004 11
2004 11
2004 9
2004 8
2004 8
2004 7
2004 7
2004 9
2004 23
2004 18
2004 17
2004 17
2004 17
2004 17
2004 17
2004 17
2004 20
2004 20
2004 19
2004 19
2004 19
2004 19
2004 18
2004 15
2004 10
2004 9
2004 9
2004 8
2004 7
2004 0
2004 0
2004 0
2004 0
2004 0
2004 0
2004 0
2004 0
2004 0
2004 0
2004 6
2004 18
2004 55
2004 56
2004 40
2004 29
2004 24
2004 24
2004 23
2004 19
2004 19
2004 19
2004 10
2004 10
2004 9
2004 9
2004 8
2004 8
2004 0
2004 0
2004 0
2004 1
2004 0
2004 0
2004 0
2004 0
2004 0
2004 0
2004 0
2004 0
2004 0
2004 0
2004 0
2004 0
2004 0
2004 0
2004 0
2004 0
2004 0
2004 0
2004 0
2004 0
2004 0
2004 0
2004 0
2004 0
2004 0
2004 0
2004 0
2004 0
2004 0
2004 0
2004 0
2004 0
2004 0
2004 0
2004 0
2004 0
2004 0
2004 0
2004 0
2004 0
2004 0
2004 0
2004 0
2004 0
2004 0
2004 0
2004 0
2004 0
2004 0
2004 0
2004 0
2004 0
2004 0
2004 0
2004 0
2004 0
2004 0
2004 0
2004 0
2004 0
2004 0
2004 0
2004 0
2004 0
2004 0
2004 0
2004 0
2004 0
2004 0
2004 0
2004 0
2004 0
2004 0
2004 0
2004 0
2004 0
2004 0
2004 0
2004 0
2004 0
2004 0
2004 NA
2004 NA
2004 NA
2004 NA
2004 NA
2004 NA
2004 NA
2004 NA
2004 NA
2004 NA
2004 NA
2004 NA
2004 2
2004 2
2004 2
2004 1
2004 1
2004 NA
2004 1
2004 1
2004 0
2004 0
2004 0
2004 0
2004 0
2004 0
2004 0
2004 0
2004 0
2004 0
2004 0
2004 0
2004 0
2004 0
2004 0
2004 0
2004 0
2004 0
2004 0
2004 0
2004 0
2004 0
2004 0
2004 0
2004 0
2004 0
2004 0
2004 0
2004 0
2004 0
2004 0
2004 0
2004 0
2004 0
2004 0
2004 0
2004 0
2004 0
2004 0
2004 0
2004 0
2004 0
2004 0
2004 0
2004 0
2004 0
2004 0
2004 0
2004 0
2004 0
2004 0
2004 0
2004 0
2004 0
2004 0
2004 0
2004 0
2004 0
2004 0
2004 0
2004 0
2004 0
2004 0
2004 0
2004 0
2004 0
2004 0
2004 0
2004 0
2004 0
2004 0
2004 0
2005 0
2005 0
2005 0
2005 0
2005 0
2005 0
2005 0
2005 0
2005 0
2005 0
2005 0
2005 0
2005 0
2005 0
2005 0
2005 0
2005 0
2005 0
2005 0
2005 0
2005 0
2005 0
2005 0
2005 0
2005 0
2005 0
2005 0
2005 0
2005 0
2005 0
2005 0
2005 0
2005 0
2005 0
2005 0
2005 0
2005 0
2005 0
2005 0
2005 0
2005 0
2005 0
2005 0
2005 0
2005 0
2005 0
2005 0
2005 0
2005 0
2005 0
2005 0
2005 0
2005 0
2005 0
2005 0
2005 0
2005 0
2005 0
2005 0
2005 0
2005 0
2005 0
2005 0
2005 0
2005 0
2005 0
2005 0
2005 0
2005 0
2005 2
2005 3
2005 3
2005 2
2005 2
2005 3
2005 3
2005 5
2005 2
2005 4
2005 3
2005 3
2005 0
2005 0
2005 0
2005 0
2005 0
2005 0
2005 0
2005 0
2005 0
2005 0
2005 0
2005 0
2005 0
2005 0
2005 0
2005 0
2005 0
2005 0
2005 0
2005 0
2005 0
2005 0
2005 0
2005 0
2005 0
2005 0
2005 0
2005 0
2005 0
2005 0
2005 0
2005 0
2005 0
2005 0
2005 0
2005 11
2005 7
2005 4
2005 0
2005 0
2005 0
2005 0
2005 0
2005 0
2005 0
2005 0
2005 0
2005 0
2005 0
2005 0
2005 0
2005 0
2005 0
2005 0
2005 0
2005 0
2005 0
2005 0
2005 0
2005 1
2005 0
2005 0
2005 0
2005 0
2005 0
2005 0
2005 0
2005 0
2005 0
2005 0
2005 0
2005 0
2005 0
2005 0
2005 0
2005 0
2005 0
2005 0
2005 0
2005 0
2005 0
2005 0
2005 0
2005 0
2005 0
2005 0
2005 0
2005 0
2005 0
2005 0
2005 0
2005 0
2005 13
2005 14
2005 10
2005 10
2005 6
2005 6
2005 5
2005 15
2005 24
2005 17
2005 21
2005 18
2005 17
2005 15
2005 15
2005 13
2005 8
2005 8
2005 3
2005 0
2005 0
2005 0
2005 0
2005 0
2005 0
2005 0
2005 0
2005 0
2005 0
2005 0
2005 0
2005 0
2005 0
2005 0
2005 0
2005 0
2005 0
2005 0
2005 0
2005 0
2005 0
2005 0
2005 0
2005 0
2005 0
2005 0
2005 0
2005 0
2005 0
2005 0
2005 0
2005 0
2005 0
2005 0
2005 0
2005 0
2005 0
2005 0
2005 0
2005 0
2005 0
2005 0
2005 0
2005 0
2005 0
2005 0
2005 0
2005 0
2005 0
2005 0
2005 0
2005 0
2005 0
2005 0
2005 0
2005 0
2005 0
2005 0
2005 0
2005 0
2005 0
2005 0
2005 0
2005 0
2005 0
2005 0
2005 0
2005 0
2005 0
2005 0
2005 0
2005 0
2005 0
2005 0
2005 0
2005 0
2005 0
2005 0
2005 0
2005 0
2005 0
2005 0
2005 0
2005 0
2005 0
2005 0
2005 0
2005 0
2005 0
2005 0
2005 0
2005 0
2005 0
2005 0
2005 0
2005 0
2005 0
2005 0
2005 0
2005 0
2005 0
2005 0
2005 0
2005 0
2005 0
2005 0
2005 0
2005 0
2005 0
2005 0
2005 0
2005 0
2005 0
2005 0
2005 0
2005 0
2005 0
2005 0
2005 0
2005 0
2005 0
2005 0
2005 0
2005 0
2005 0
2005 0
2005 0
2005 0
2005 0
2005 0
2005 0
2005 0
2005 0
2005 0
2005 0
2005 0
2005 0
2005 0
2005 0
2005 0
2005 0
2005 0
2005 0
2005 0
2005 0
2005 0
2005 0
2005 0
2005 0
2005 0
2005 0
2005 0
2005 0
2005 0
2005 0
2005 0
2005 0
2005 0
2005 0
2005 0
2005 0
2005 0
2005 0
2005 0
2005 0
2005 0
2005 0
2005 0
2005 0
2005 0
2005 0
2005 0
2006 0
2006 0
2006 0
2006 0
2006 0
2006 0
2006 0
2006 0
2006 0
2006 0
2006 0
2006 0
2006 0
2006 0
2006 0
2006 0
2006 0
2006 0
2006 0
2006 0
2006 0
2006 0
2006 0
2006 0
2006 0
2006 0
2006 0
2006 0
2006 0
2006 0
2006 0
2006 0
2006 0
2006 0
2006 0
2006 0
2006 0
2006 0
2006 0
2006 0
2006 0
2006 0
2006 0
2006 0
2006 0
2006 0
2006 0
2006 0
2006 0
2006 0
2006 0
2006 0
2006 0
2006 0
2006 0
2006 0
2006 0
2006 0
2006 0
2006 0
2006 0
2006 0
2006 0
2006 0
2006 0
2006 0
2006 0
2006 0
2006 0
2006 0
2006 0
2006 0
2006 0
2006 0
2006 0
2006 0
2006 0
2006 0
2006 4
2006 5
2006 4
2006 4
2006 3
2006 5
2006 9
2006 8
2006 6
2006 6
2006 6
2006 6
2006 6
2006 6
2006 6
2006 33
2006 23
2006 27
2006 21
2006 21
2006 19
2006 21
2006 16
2006 16
2006 13
2006 11
2006 10
2006 10
2006 10
2006 7
2006 7
2006 7
2006 7
2006 7
2006 7
2006 7
2006 7
2006 7
2006 7
2006 7
2006 7
2006 7
2006 7
2006 7
2006 7
2006 7
2006 6
2006 6
2006 6
2006 6
2006 6
2006 6
2006 6
2006 6
2006 6
2006 6
2006 6
2006 6
2006 6
2006 6
2006 6
2006 6
2006 6
2006 6
2006 6
2006 6
2006 6
2006 6
2006 6
2006 6
2006 12
2006 23
2006 20
2006 13
2006 7
2006 5
2006 5
2006 5
2006 5
2006 5
2006 4
2006 4
2006 4
2006 4
2006 4
2006 4
2006 4
2006 4
2006 4
2006 4
2006 4
2006 4
2006 6
2006 5
2006 27
2006 17
2006 14
2006 11
2006 8
2006 16
2006 15
2006 13
2006 11
2006 11
2006 10
2006 10
2006 10
2006 5
2006 5
2006 5
2006 5
2006 2
2006 0
2006 0
2006 0
2006 0
2006 0
2006 0
2006 0
2006 0
2006 0
2006 0
2006 0
2006 0
2006 0
2006 0
2006 0
2006 0
2006 0
2006 0
2006 0
2006 0
2006 0
2006 0
2006 0
2006 0
2006 0
2006 0
2006 0
2006 0
2006 0
2006 0
2006 0
2006 0
2006 0
2006 0
2006 0
2006 0
2006 0
2006 0
2006 0
2006 0
2006 0
2006 0
2006 0
2006 0
2006 0
2006 0
2006 0
2006 0
2006 0
2006 0
2006 0
2006 0
2006 0
2006 0
2006 0
2006 0
2006 0
2006 0
2006 0
2006 0
2006 0
2006 0
2006 0
2006 0
2006 0
2006 0
2006 0
2006 0
2006 0
2006 0
2006 0
2006 0
2006 0
2006 0
2006 0
2006 0
2006 0
2006 0
2006 0
2006 0
2006 0
2006 0
2006 0
2006 0
2006 0
2006 0
2006 0
2006 0
2006 0
2006 0
2006 0
2006 0
2006 0
2006 0
2006 0
2006 0
2006 0
2006 0
2006 0
2006 0
2006 0
2006 0
2006 0
2006 0
2006 0
2006 0
2006 0
2006 0
2006 0
2006 0
2006 0
2006 0
2006 0
2006 0
2006 0
2006 0
2006 0
2006 0
2006 0
2006 0
2006 0
2006 0
2006 0
2006 0
2006 0
2006 0
2006 0
2006 0
2006 0
2006 0
2006 0
2006 0
2006 0
2006 0
2006 0
2006 0
2006 0
2006 0
2006 0
2006 0
2006 0
2006 0
2006 0
2006 0
2006 0
2006 0
2006 0
2006 0
2006 0
2006 0
2006 0
2006 0
2006 0
2006 0
2006 0
2006 0
2006 0
2006 0
2006 0
2006 0
2006 0
2006 0
2006 0
2006 0
2006 0
2006 0
2006 0
2006 0
2006 0
2006 0
2006 0
2006 0
2006 0
2006 0
2006 0
2007 0
2007 0
2007 0
2007 0
2007 0
2007 0
2007 0
2007 0
2007 0
2007 0
2007 0
2007 0
2007 0
2007 0
2007 0
2007 0
2007 0
2007 0
2007 0
2007 0
2007 0
2007 0
2007 0
2007 0
2007 0
2007 0
2007 0
2007 0
2007 0
2007 0
2007 0
2007 0
2007 0
2007 0
2007 0
2007 0
2007 0
2007 0
2007 0
2007 0
2007 0
2007 0
2007 0
2007 0
2007 0
2007 0
2007 0
2007 0
2007 0
2007 0
2007 0
2007 0
2007 0
2007 0
2007 0
2007 0
2007 0
2007 0
2007 0
2007 0
2007 0
2007 0
2007 1
2007 1
2007 4
2007 3
2007 5
2007 7
2007 6
2007 4
2007 6
2007 6
2007 5
2007 6
2007 7
2007 5
2007 6
2007 4
2007 7
2007 6
2007 7
2007 6
2007 6
2007 7
2007 6
2007 7
2007 6
2007 5
2007 0
2007 0
2007 0
2007 0
2007 0
2007 0
2007 0
2007 0
2007 0
2007 0
2007 0
2007 0
2007 0
2007 0
2007 0
2007 0
2007 0
2007 0
2007 0
2007 0
2007 0
2007 0
2007 0
2007 0
2007 0
2007 0
2007 0
2007 0
2007 0
2007 0
2007 0
2007 0
2007 0
2007 0
2007 0
2007 0
2007 0
2007 0
2007 0
2007 0
2007 0
2007 0
2007 0
2007 0
2007 0
2007 0
2007 0
2007 0
2007 0
2007 0
2007 0
2007 0
2007 0
2007 0
2007 0
2007 0
2007 0
2007 0
2007 0
2007 0
2007 0
2007 0
2007 0
2007 0
2007 0
2007 0
2007 0
2007 0
2007 0
2007 0
2007 0
2007 0
2007 0
2007 0
2007 0
2007 0
2007 0
2007 0
2007 0
2007 0
2007 0
2007 0
2007 0
2007 0
2007 0
2007 0
2007 0
2007 0
2007 0
2007 0
2007 0
2007 0
2007 0
2007 0
2007 0
2007 0
2007 0
2007 0
2007 0
2007 0
2007 0
2007 0
2007 0
2007 0
2007 0
2007 0
2007 0
2007 0
2007 0
2007 0
2007 0
2007 0
2007 0
2007 0
2007 0
2007 0
2007 0
2007 0
2007 0
2007 0
2007 0
2007 0
2007 0
2007 0
2007 0
2007 0
2007 0
2007 0
2007 0
2007 0
2007 0
2007 0
2007 0
2007 0
2007 0
2007 0
2007 0
2007 0
2007 0
2007 0
2007 0
2007 0
2007 0
2007 0
2007 0
2007 0
2007 0
2007 0
2007 0
2007 0
2007 0
2007 0
2007 0
2007 0
2007 0
2007 0
2007 0
2007 0
2007 0
2007 0
2007 0
2007 0
2007 0
2007 0
2007 0
2007 0
2007 0
2007 0
2007 0
2007 0
2007 0
2007 0
2007 0
2007 0
2007 0
2007 0
2007 0
2007 0
2007 0
2007 0
2007 0
2007 0
2007 0
2007 0
2007 0
2007 0
2007 0
2007 0
2007 0
2007 0
2007 0
2007 0
2007 0
2007 0
2007 0
2007 0
2007 0
2007 0
2007 0
2007 0
2007 0
2007 0
2007 0
2007 0
2007 0
2007 0
2007 0
2007 0
2007 0
2007 0
2007 0
2007 0
2007 0
2007 0
2007 0
2007 0
2007 0
2007 0
2007 0
2007 0
2007 0
2007 0
2007 0
2007 0
2007 0
2007 0
2007 0
2007 0
2007 0
2007 0
2007 0
2007 0
2007 0
2007 0
2007 0
2007 0
2007 0
2007 0
2007 0
2007 0
2007 0
2007 0
2007 0
2007 0
2007 0
2007 0
2007 0
2007 0
2007 0
2007 0
2007 0
2007 0
2007 0
2007 0
2007 0
2007 0
2007 0
2007 0
2007 0
2007 0
2007 0
2007 0
2007 0
2007 0
2007 0
2007 0
2007 0
2007 0
2007 0
2007 0
2007 0
2007 0
2007 0
2007 0
2007 0
2007 0
2007 0
2008 0
2008 0
2008 0
2008 0
2008 0
2008 0
2008 0
2008 0
2008 0
2008 0
2008 0
2008 0
2008 0
2008 0
2008 0
2008 0
2008 0
2008 0
2008 0
2008 0
2008 0
2008 0
2008 0
2008 0
2008 0
2008 0
2008 0
2008 0
2008 0
2008 0
2008 0
2008 0
2008 0
2008 0
2008 0
2008 0
2008 0
2008 0
2008 0
2008 0
2008 0
2008 0
2008 0
2008 0
2008 0
2008 0
2008 0
2008 0
2008 0
2008 0
2008 4
2008 4
2008 5
2008 5
2008 4
2008 NA
2008 4
2008 4
2008 NA
2008 5
2008 4
2008 NA
2008 0
2008 0
2008 0
2008 0
2008 0
2008 0
2008 0
2008 0
2008 0
2008 0
2008 0
2008 0
2008 0
2008 0
2008 0
2008 0
2008 0
2008 0
2008 0
2008 0
2008 0
2008 0
2008 0
2008 0
2008 0
2008 0
2008 0
2008 0
2008 0
2008 0
2008 0
2008 0
2008 0
2008 0
2008 0
2008 0
2008 0
2008 0
2008 0
2008 0
2008 0
2008 0
2008 0
2008 9
2008 13
2008 22
2008 26
2008 20
2008 15
2008 13
2008 12
2008 4
2008 1
2008 1
2008 1
2008 1
2008 0
2008 0
2008 0
2008 0
2008 0
2008 0
2008 11
2008 24
2008 23
2008 15
2008 15
2008 9
2008 9
2008 9
2008 9
2008 30
2008 24
2008 23
2008 22
2008 21
2008 18
2008 18
2008 18
2008 18
2008 16
2008 16
2008 16
2008 16
2008 15
2008 15
2008 14
2008 13
2008 7
2008 6
2008 4
2008 4
2008 4
2008 5
2008 4
2008 9
2008 7
2008 7
2008 7
2008 5
2008 5
2008 4
2008 3
2008 3
2008 3
2008 3
2008 0
2008 0
2008 0
2008 0
2008 0
2008 0
2008 0
2008 0
2008 0
2008 0
2008 0
2008 0
2008 0
2008 0
2008 0
2008 0
2008 0
2008 0
2008 0
2008 0
2008 0
2008 0
2008 0
2008 0
2008 0
2008 0
2008 0
2008 0
2008 0
2008 0
2008 0
2008 0
2008 0
2008 0
2008 0
2008 0
2008 0
2008 0
2008 0
2008 0
2008 0
2008 0
2008 0
2008 0
2008 0
2008 0
2008 0
2008 0
2008 0
2008 0
2008 0
2008 0
2008 0
2008 0
2008 0
2008 0
2008 0
2008 0
2008 0
2008 0
2008 0
2008 0
2008 0
2008 0
2008 0
2008 0
2008 0
2008 0
2008 0
2008 0
2008 0
2008 0
2008 0
2008 0
2008 0
2008 0
2008 0
2008 0
2008 0
2008 0
2008 0
2008 0
2008 0
2008 0
2008 0
2008 0
2008 0
2008 0
2008 0
2008 0
2008 0
2008 0
2008 0
2008 0
2008 0
2008 0
2008 0
2008 0
2008 0
2008 0
2008 0
2008 0
2008 0
2008 0
2008 0
2008 0
2008 0
2008 0
2008 0
2008 0
2008 0
2008 0
2008 0
2008 0
2008 0
2008 0
2008 0
2008 0
2008 0
2008 0
2008 0
2008 0
2008 0
2008 0
2008 0
2008 0
2008 0
2008 0
2008 0
2008 0
2008 0
2008 0
2008 0
2008 0
2008 0
2008 0
2008 0
2008 0
2008 0
2008 0
2008 0
2008 0
2008 0
2008 0
2008 0
2008 0
2008 0
2008 0
2008 0
2008 0
2008 0
2008 0
2008 0
2008 0
2008 0
2008 0
2008 0
2008 0
2008 0
2008 0
2008 0
2008 0
2008 0
2008 0
2008 0
2008 0
2008 0
2008 0
2008 0
2008 0
2008 0
2008 0
2008 0
2008 0
2008 0
2008 0
2008 0
2008 0
2008 0
2008 0
2008 0
2008 0
2008 0
2008 0
2008 0
2008 0
2008 0
2008 0
2008 0
2008 0
2008 0
2008 0
2008 0
2008 0
2008 0
2008 0
2008 0
2008 0
2009 0
2009 0
2009 0
2009 0
2009 0
2009 0
2009 0
2009 0
2009 0
2009 0
2009 0
2009 0
2009 0
2009 0
2009 0
2009 0
2009 0
2009 0
2009 0
2009 0
2009 0
2009 0
2009 0
2009 0
2009 0
2009 0
2009 0
2009 0
2009 0
2009 0
2009 0
2009 0
2009 0
2009 0
2009 0
2009 0
2009 0
2009 0
2009 0
2009 0
2009 0
2009 0
2009 0
2009 0
2009 0
2009 0
2009 0
2009 0
2009 0
2009 0
2009 0
2009 0
2009 0
2009 0
2009 0
2009 0
2009 0
2009 0
2009 0
2009 0
2009 0
2009 0
2009 0
2009 0
2009 0
2009 0
2009 0
2009 0
2009 0
2009 0
2009 0
2009 0
2009 0
2009 0
2009 0
2009 0
2009 0
2009 0
2009 0
2009 0
2009 0
2009 0
2009 0
2009 0
2009 5
2009 0
2009 0
2009 0
2009 27
2009 33
2009 28
2009 32
2009 26
2009 26
2009 25
2009 23
2009 23
2009 23
2009 23
2009 22
2009 34
2009 35
2009 27
2009 20
2009 23
2009 46
2009 39
2009 31
2009 31
2009 30
2009 33
2009 30
2009 28
2009 28
2009 28
2009 27
2009 42
2009 52
2009 50
2009 45
2009 42
2009 38
2009 36
2009 36
2009 35
2009 35
2009 35
2009 37
2009 46
2009 62
2009 71
2009 64
2009 61
2009 58
2009 55
2009 55
2009 54
2009 52
2009 51
2009 51
2009 47
2009 53
2009 49
2009 47
2009 47
2009 47
2009 49
2009 49
2009 59
2009 59
2009 59
2009 59
2009 58
2009 57
2009 65
2009 65
2009 59
2009 58
2009 56
2009 55
2009 57
2009 56
2009 52
2009 47
2009 47
2009 47
2009 47
2009 47
2009 47
2009 47
2009 45
2009 44
2009 44
2009 43
2009 40
2009 34
2009 34
2009 32
2009 29
2009 29
2009 21
2009 21
2009 18
2009 15
2009 10
2009 6
2009 12
2009 6
2009 4
2009 4
2009 3
2009 2
2009 1
2009 0
2009 0
2009 0
2009 0
2009 0
2009 0
2009 0
2009 0
2009 0
2009 0
2009 0
2009 0
2009 0
2009 0
2009 0
2009 0
2009 0
2009 0
2009 0
2009 0
2009 0
2009 0
2009 0
2009 0
2009 0
2009 0
2009 0
2009 0
2009 0
2009 0
2009 0
2009 0
2009 0
2009 0
2009 0
2009 0
2009 0
2009 0
2009 0
2009 0
2009 0
2009 0
2009 3
2009 0
2009 0
2009 0
2009 0
2009 0
2009 0
2009 0
2009 0
2009 0
2009 0
2009 0
2009 0
2009 0
2009 0
2009 0
2009 0
2009 0
2009 0
2009 0
2009 0
2009 0
2009 0
2009 0
2009 0
2009 0
2009 0
2009 0
2009 0
2009 0
2009 0
2009 0
2009 0
2009 0
2009 0
2009 0
2009 0
2009 0
2009 0
2009 0
2009 0
2009 0
2009 0
2009 0
2009 0
2009 0
2009 0
2009 0
2009 0
2009 0
2009 0
2009 0
2009 0
2009 0
2009 0
2009 0
2009 0
2009 0
2009 0
2009 0
2009 0
2009 0
2009 0
2009 0
2009 0
2009 0
2009 0
2009 0
2009 0
2009 0
2009 0
2009 0
2009 0
2009 0
2009 0
2009 0
2009 0
2009 0
2009 0
2009 0
2009 0
2009 0
2009 0
2009 0
2009 NA
2009 NA
2009 NA
2009 NA
2009 0
2009 0
2009 0
2009 0
2009 0
2009 0
2009 0
2009 0
2009 0
2009 0
2009 0
2009 0
2009 0
2009 0
2009 0
2009 0
2009 0
2009 0
2009 0
2009 0
2009 0
2009 0
2009 0
2009 0
2009 0
2009 0
2009 0
2009 0
2009 0
2009 0
2009 0
2009 0
2009 0
2009 0
2009 0
2009 0
2009 0
2009 0
2009 0
2009 0
2009 0
2009 0
2010 0
2010 0
2010 0
2010 0
2010 0
2010 0
2010 0
2010 0
2010 0
2010 0
2010 0
2010 0
2010 0
2010 0
2010 0
2010 0
2010 0
2010 0
2010 0
2010 0
2010 0
2010 0
2010 0
2010 0
2010 0
2010 0
2010 0
2010 0
2010 0
2010 0
2010 0
2010 0
2010 0
2010 0
2010 0
2010 0
2010 0
2010 0
2010 0
2010 0
2010 0
2010 NA
2010 NA
2010 NA
2010 NA
2010 NA
2010 NA
2010 0
2010 0
2010 0
2010 0
2010 NA
2010 NA
2010 NA
2010 NA
2010 NA
2010 NA
2010 NA
2010 NA
2010 NA
2010 NA
2010 NA
2010 0
2010 0
2010 0
2010 0
2010 0
2010 0
2010 0
2010 0
2010 0
2010 0
2010 0
2010 0
2010 0
2010 0
2010 0
2010 0
2010 0
2010 0
2010 0
2010 0
2010 0
2010 0
2010 0
2010 0
2010 0
2010 0
2010 0
2010 0
2010 0
2010 0
2010 0
2010 0
2010 0
2010 0
2010 0
2010 0
2010 0
2010 0
2010 0
2010 0
2010 0
2010 0
2010 7
2010 0
2010 0
2010 0
2010 0
2010 7
2010 7
2010 7
2010 18
2010 31
2010 24
2010 20
2010 16
2010 15
2010 15
2010 15
2010 15
2010 14
2010 12
2010 10
2010 10
2010 10
2010 10
2010 8
2010 10
2010 49
2010 39
2010 33
2010 36
2010 36
2010 32
2010 32
2010 35
2010 33
2010 30
2010 33
2010 33
2010 34
2010 33
2010 33
2010 30
2010 30
2010 32
2010 31
2010 40
2010 40
2010 36
2010 38
2010 34
2010 35
2010 37
2010 38
2010 37
2010 38
2010 45
2010 40
2010 40
2010 34
2010 38
2010 37
2010 63
2010 56
2010 54
2010 48
2010 49
2010 47
2010 43
2010 39
2010 43
2010 43
2010 38
2010 41
2010 35
2010 33
2010 NA
2010 29
2010 23
2010 23
2010 22
2010 18
2010 16
2010 9
2010 12
2010 26
2010 46
2010 29
2010 56
2010 65
2010 NA
2010 35
2010 32
2010 24
2010 16
2010 16
2010 15
2010 8
2010 1
2010 NA
2010 NA
2010 NA
2010 NA
2010 NA
2010 NA
2010 NA
2010 0
2010 0
2010 NA
2010 NA
2010 0
2010 0
2010 1
2010 0
2010 0
2010 0
2010 0
2010 0
2010 0
2010 0
2010 0
2010 0
2010 NA
2010 NA
2010 NA
2010 0
2010 0
2010 0
2010 0
2010 0
2010 0
2010 0
2010 0
2010 0
2010 0
2010 0
2010 0
2010 0
2010 0
2010 0
2010 0
2010 0
2010 0
2010 0
2010 0
2010 0
2010 0
2010 0
2010 0
2010 0
2010 0
2010 0
2010 0
2010 0
2010 0
2010 0
2010 0
2010 0
2010 0
2010 0
2010 0
2010 0
2010 0
2010 0
2010 0
2010 0
2010 0
2010 0
2010 0
2010 0
2010 0
2010 0
2010 0
2010 0
2010 0
2010 0
2010 0
2010 0
2010 0
2010 0
2010 0
2010 0
2010 0
2010 0
2010 0
2010 0
2010 0
2010 0
2010 0
2010 0
2010 0
2010 0
2010 0
2010 0
2010 0
2010 0
2010 0
2010 0
2010 0
2010 0
2010 0
2010 0
2010 NA
2010 NA
2010 0
2010 0
2010 0
2010 0
2010 0
2010 0
2010 0
2010 0
2010 0
2010 0
2010 0
2010 0
2010 0
2010 0
2010 0
2010 0
2010 0
2010 0
2010 0
2010 0
2010 0
2010 0
2010 0
2010 0
2010 0
2010 0
2010 0
2010 NA
2010 NA
2010 1
2010 NA
2010 1
2010 1
2010 NA
2010 NA
2010 0
2010 0
2010 0
2010 0
2010 0
2010 0
2010 0
2010 0
2010 0
2010 0
2010 0
2010 0
2010 0
2010 0
2010 0
2010 0
2010 0
2010 0
2010 0
2010 0
2010 0
2010 0
2010 0
2010 0
2011 0
2011 0
2011 0
2011 0
2011 0
2011 0
2011 0
2011 0
2011 0
2011 0
2011 0
2011 0
2011 0
2011 0
2011 0
2011 0
2011 0
2011 0
2011 0
2011 0
2011 0
2011 0
2011 0
2011 0
2011 0
2011 0
2011 0
2011 0
2011 0
2011 0
2011 0
2011 0
2011 0
2011 0
2011 0
2011 0
2011 0
2011 0
2011 NA
2011 NA
2011 4
2011 NA
2011 NA
2011 7
2011 2
2011 2
2011 NA
2011 1
2011 NA
2011 5
2011 0
2011 0
2011 0
2011 0
2011 0
2011 0
2011 0
2011 0
2011 0
2011 0
2011 0
2011 0
2011 0
2011 0
2011 0
2011 0
2011 1
2011 1
2011 1
2011 1
2011 1
2011 1
2011 1
2011 1
2011 1
2011 1
2011 1
2011 NA
2011 2
2011 2
2011 1
2011 2
2011 2
2011 1
2011 1
2011 0
2011 0
2011 0
2011 NA
2011 NA
2011 2
2011 22
2011 21
2011 17
2011 15
2011 13
2011 13
2011 8
2011 5
2011 1
2011 1
2011 1
2011 1
2011 NA
2011 NA
2011 1
2011 0
2011 3
2011 3
2011 3
2011 3
2011 3
2011 8
2011 3
2011 2
2011 0
2011 1
2011 13
2011 12
2011 9
2011 8
2011 9
2011 7
2011 7
2011 7
2011 7
2011 7
2011 7
2011 7
2011 7
2011 5
2011 5
2011 4
2011 1
2011 0
2011 0
2011 0
2011 0
2011 0
2011 0
2011 0
2011 0
2011 0
2011 0
2011 0
2011 0
2011 0
2011 0
2011 0
2011 0
2011 0
2011 12
2011 19
2011 9
2011 6
2011 6
2011 4
2011 4
2011 0
2011 0
2011 0
2011 0
2011 0
2011 0
2011 0
2011 0
2011 0
2011 0
2011 3
2011 0
2011 0
2011 0
2011 0
2011 0
2011 0
2011 0
2011 0
2011 0
2011 0
2011 0
2011 14
2011 27
2011 23
2011 13
2011 23
2011 16
2011 11
2011 6
2011 6
2011 5
2011 0
2011 0
2011 0
2011 0
2011 0
2011 0
2011 0
2011 0
2011 0
2011 0
2011 0
2011 0
2011 0
2011 0
2011 0
2011 0
2011 0
2011 0
2011 0
2011 0
2011 0
2011 0
2011 0
2011 0
2011 0
2011 0
2011 0
2011 0
2011 0
2011 0
2011 0
2011 0
2011 0
2011 0
2011 0
2011 0
2011 0
2011 0
2011 0
2011 0
2011 0
2011 0
2011 0
2011 0
2011 0
2011 0
2011 0
2011 0
2011 0
2011 0
2011 0
2011 0
2011 0
2011 0
2011 0
2011 0
2011 0
2011 0
2011 0
2011 0
2011 0
2011 0
2011 0
2011 0
2011 0
2011 0
2011 0
2011 0
2011 0
2011 0
2011 0
2011 0
2011 0
2011 0
2011 0
2011 0
2011 0
2011 0
2011 0
2011 0
2011 0
2011 0
2011 0
2011 0
2011 0
2011 0
2011 0
2011 0
2011 0
2011 0
2011 0
2011 0
2011 0
2011 0
2011 0
2011 0
2011 0
2011 0
2011 0
2011 0
2011 0
2011 0
2011 0
2011 0
2011 0
2011 0
2011 0
2011 0
2011 0
2011 0
2011 0
2011 0
2011 0
2011 0
2011 0
2011 0
2011 0
2011 0
2011 0
2011 0
2011 0
2011 0
2011 0
2011 0
2011 0
2011 0
2011 0
2011 0
2011 0
2011 0
2011 0
2011 0
2011 0
2011 0
2011 0
2011 0
2011 0
2011 0
2011 0
2011 0
2011 0
2011 0
2011 0
2011 0
2011 0
2011 0
2011 0
2011 0
2011 0
2011 0
2011 0
2011 0
2011 0
2011 0
2011 0
2011 0
2011 0
2011 0
2011 0
2011 0
2011 0
2011 0
2011 0
2011 0
2011 0
2011 0
2011 0
2011 0
2011 0
2011 0
2011 0
2011 0
2011 0
2011 0
2011 0
2012 0
2012 0
2012 0
2012 0
2012 0
2012 0
2012 0
2012 0
2012 0
2012 0
2012 0
2012 0
2012 0
2012 0
2012 0
2012 0
2012 0
2012 0
2012 0
2012 0
2012 0
2012 0
2012 0
2012 0
2012 0
2012 0
2012 0
2012 0
2012 0
2012 0
2012 0
2012 0
2012 0
2012 0
2012 0
2012 0
2012 0
2012 0
2012 0
2012 0
2012 0
2012 0
2012 0
2012 0
2012 0
2012 0
2012 0
2012 0
2012 0
2012 0
2012 0
2012 0
2012 0
2012 0
2012 0
2012 0
2012 0
2012 0
2012 0
2012 0
2012 0
2012 0
2012 0
2012 0
2012 0
2012 0
2012 0
2012 0
2012 0
2012 0
2012 0
2012 0
2012 0
2012 0
2012 0
2012 0
2012 0
2012 0
2012 0
2012 0
2012 0
2012 0
2012 0
2012 0
2012 0
2012 0
2012 0
2012 0
2012 0
2012 0
2012 0
2012 0
2012 0
2012 0
2012 0
2012 0
2012 0
2012 0
2012 0
2012 0
2012 0
2012 0
2012 0
2012 0
2012 0
2012 0
2012 0
2012 0
2012 0
2012 0
2012 0
2012 0
2012 0
2012 0
2012 0
2012 0
2012 0
2012 0
2012 0
2012 0
2012 0
2012 0
2012 0
2012 0
2012 0
2012 0
2012 0
2012 0
2012 0
2012 0
2012 0
2012 0
2012 0
2012 0
2012 0
2012 0
2012 0
2012 0
2012 0
2012 0
2012 0
2012 0
2012 0
2012 0
2012 0
2012 0
2012 0
2012 0
2012 0
2012 0
2012 18
2012 51
2012 44
2012 55
2012 52
2012 51
2012 47
2012 43
2012 40
2012 38
2012 44
2012 33
2012 42
2012 41
2012 40
2012 39
2012 34
2012 34
2012 27
2012 27
2012 26
2012 23
2012 20
2012 29
2012 17
2012 16
2012 17
2012 11
2012 0
2012 0
2012 0
2012 0
2012 0
2012 0
2012 0
2012 0
2012 0
2012 1
2012 3
2012 0
2012 0
2012 0
2012 0
2012 0
2012 0
2012 0
2012 0
2012 0
2012 0
2012 0
2012 0
2012 0
2012 0
2012 0
2012 0
2012 0
2012 0
2012 0
2012 0
2012 0
2012 0
2012 0
2012 0
2012 0
2012 0
2012 0
2012 0
2012 0
2012 0
2012 0
2012 0
2012 0
2012 0
2012 4
2012 0
2012 0
2012 0
2012 0
2012 0
2012 0
2012 0
2012 0
2012 0
2012 0
2012 0
2012 0
2012 0
2012 0
2012 0
2012 0
2012 0
2012 0
2012 0
2012 0
2012 0
2012 0
2012 0
2012 0
2012 0
2012 0
2012 0
2012 0
2012 0
2012 0
2012 0
2012 0
2012 0
2012 0
2012 0
2012 0
2012 0
2012 0
2012 0
2012 0
2012 0
2012 0
2012 0
2012 0
2012 0
2012 0
2012 0
2012 0
2012 0
2012 0
2012 0
2012 0
2012 0
2012 0
2012 0
2012 0
2012 0
2012 0
2012 0
2012 0
2012 0
2012 0
2012 0
2012 0
2012 0
2012 0
2012 0
2012 0
2012 0
2012 0
2012 0
2012 0
2012 0
2012 0
2012 0
2012 0
2012 0
2012 0
2012 0
2012 0
2012 0
2012 0
2012 0
2012 0
2012 0
2012 0
2012 0
2012 0
2012 0
2012 0
2012 0
2012 0
2012 0
2012 0
2012 0
2012 0
2012 0
2012 0
2012 0
2012 0
2012 0
2012 0
2012 0
2012 0
2012 0
2012 0
2012 0
2012 0
2012 0
2012 0
2012 0
2012 0
2012 0
2012 0
2012 0
2012 0
2012 0
2012 0
2012 0
2012 0
2012 0
2012 0
2012 0
2012 0
2012 0
2012 0
2012 0
2012 0
2012 0
2012 0
2012 0
2012 0
2012 0
2012 0
2012 0
2012 0
2012 0
2012 0
2012 0
2012 0
2012 0
2012 0
2013 0
2013 0
2013 0
2013 0
2013 0
2013 0
2013 0
2013 0
2013 0
2013 0
2013 0
2013 0
2013 0
2013 0
2013 0
2013 0
2013 0
2013 0
2013 0
2013 0
2013 0
2013 0
2013 0
2013 0
2013 0
2013 0
2013 0
2013 0
2013 0
2013 0
2013 0
2013 0
2013 0
2013 0
2013 0
2013 0
2013 0
2013 0
2013 0
2013 0
2013 0
2013 0
2013 0
2013 0
2013 0
2013 0
2013 0
2013 0
2013 0
2013 0
2013 0
2013 0
2013 0
2013 0
2013 0
2013 0
2013 0
2013 0
2013 0
2013 0
2013 0
2013 0
2013 0
2013 0
2013 0
2013 0
2013 0
2013 0
2013 0
2013 0
2013 0
2013 0
2013 0
2013 0
2013 0
2013 0
2013 0
2013 0
2013 0
2013 0
2013 0
2013 0
2013 0
2013 0
2013 0
2013 0
2013 0
2013 0
2013 0
2013 0
2013 0
2013 0
2013 0
2013 0
2013 0
2013 0
2013 0
2013 0
2013 0
2013 0
2013 0
2013 0
2013 0
2013 0
2013 13
2013 9
2013 10
2013 6
2013 4
2013 2
2013 0
2013 0
2013 0
2013 0
2013 0
2013 0
2013 0
2013 0
2013 0
2013 0
2013 0
2013 0
2013 0
2013 0
2013 0
2013 0
2013 0
2013 0
2013 0
2013 0
2013 0
2013 0
2013 0
2013 0
2013 0
2013 0
2013 0
2013 0
2013 0
2013 0
2013 2
2013 30
2013 23
2013 14
2013 19
2013 49
2013 42
2013 42
2013 41
2013 39
2013 37
2013 36
2013 34
2013 30
2013 27
2013 23
2013 22
2013 22
2013 20
2013 20
2013 20
2013 20
2013 20
2013 24
2013 30
2013 29
2013 26
2013 26
2013 23
2013 23
2013 24
2013 21
2013 21
2013 21
2013 17
2013 21
2013 28
2013 24
2013 54
2013 37
2013 31
2013 23
2013 23
2013 21
2013 13
2013 10
2013 12
2013 13
2013 4
2013 0
2013 2
2013 0
2013 0
2013 0
2013 0
2013 0
2013 0
2013 2
2013 25
2013 4
2013 0
2013 0
2013 0
2013 0
2013 0
2013 0
2013 0
2013 0
2013 0
2013 0
2013 0
2013 0
2013 0
2013 0
2013 0
2013 0
2013 0
2013 0
2013 0
2013 0
2013 0
2013 0
2013 0
2013 0
2013 0
2013 0
2013 0
2013 0
2013 0
2013 0
2013 0
2013 0
2013 0
2013 0
2013 0
2013 0
2013 0
2013 0
2013 0
2013 0
2013 0
2013 0
2013 0
2013 0
2013 0
2013 0
2013 0
2013 0
2013 0
2013 0
2013 0
2013 0
2013 0
2013 0
2013 0
2013 0
2013 0
2013 0
2013 0
2013 0
2013 0
2013 0
2013 0
2013 0
2013 0
2013 0
2013 0
2013 0
2013 0
2013 0
2013 0
2013 0
2013 0
2013 0
2013 0
2013 0
2013 0
2013 0
2013 0
2013 0
2013 0
2013 0
2013 0
2013 0
2013 0
2013 0
2013 0
2013 0
2013 0
2013 0
2013 0
2013 0
2013 0
2013 0
2013 0
2013 0
2013 0
2013 0
2013 0
2013 0
2013 0
2013 0
2013 0
2013 0
2013 0
2013 0
2013 0
2013 0
2013 0
2013 0
2013 0
2013 0
2013 0
2013 0
2013 0
2013 0
2013 0
2013 0
2013 0
2013 0
2013 0
2013 0
2013 0
2013 0
2013 0
2013 0
2013 0
2013 0
2013 0
2013 0
2013 0
2013 0
2013 0
2013 0
2013 0
2013 0
2013 0
2013 0
2013 0
2013 0
2013 0
2013 0
2013 0
2013 0
2013 0
2013 0
2013 0
2013 0
2013 0
2013 0
2013 0
2013 0
2013 0
2013 0
2013 0
2013 0
2013 0
2013 0
2013 0
2013 0
2013 0
2013 0
2013 0
2013 0
2013 0
2014 0
2014 0
2014 0
2014 0
2014 0
2014 0
2014 0
2014 0
2014 0
2014 0
2014 0
2014 0
2014 0
2014 0
2014 0
2014 0
2014 0
2014 0
2014 0
2014 0
2014 0
2014 0
2014 0
2014 0
2014 0
2014 0
2014 0
2014 0
2014 0
2014 0
2014 0
2014 0
2014 0
2014 0
2014 0
2014 0
2014 0
2014 0
2014 0
2014 0
2014 0
2014 0
2014 0
2014 0
2014 0
2014 0
2014 0
2014 0
2014 0
2014 0
2014 0
2014 0
2014 0
2014 0
2014 0
2014 0
2014 0
2014 0
2014 0
2014 0
2014 0
2014 0
2014 0
2014 0
2014 0
2014 0
2014 0
2014 0
2014 0
2014 0
2014 0
2014 0
2014 0
2014 0
2014 0
2014 0
2014 0
2014 0
2014 0
2014 0
2014 0
2014 0
2014 0
2014 0
2014 0
2014 0
2014 0
2014 0
2014 0
2014 0
2014 1
2014 17
2014 9
2014 3
2014 2
2014 0
2014 0
2014 0
2014 0
2014 0
2014 0
2014 0
2014 0
2014 0
2014 0
2014 0
2014 0
2014 0
2014 0
2014 0
2014 10
2014 0
2014 0
2014 0
2014 0
2014 0
2014 0
2014 0
2014 0
2014 0
2014 0
2014 0
2014 0
2014 0
2014 0
2014 0
2014 0
2014 0
2014 0
2014 0
2014 0
2014 0
2014 0
2014 0
2014 0
2014 0
2014 0
2014 0
2014 6
2014 3
2014 0
2014 0
2014 0
2014 0
2014 0
2014 0
2014 0
2014 0
2014 0
2014 0
2014 0
2014 12
2014 25
2014 11
2014 11
2014 5
2014 3
2014 0
2014 2
2014 0
2014 0
2014 0
2014 0
2014 0
2014 0
2014 0
2014 0
2014 0
2014 0
2014 0
2014 0
2014 0
2014 0
2014 0
2014 0
2014 0
2014 0
2014 0
2014 0
2014 0
2014 0
2014 0
2014 7
2014 0
2014 11
2014 5
2014 2
2014 0
2014 0
2014 0
2014 0
2014 0
2014 0
2014 0
2014 0
2014 0
2014 0
2014 0
2014 0
2014 0
2014 0
2014 0
2014 0
2014 0
2014 0
2014 0
2014 0
2014 0
2014 0
2014 0
2014 0
2014 0
2014 0
2014 0
2014 0
2014 0
2014 0
2014 0
2014 0
2014 0
2014 0
2014 0
2014 0
2014 0
2014 0
2014 0
2014 0
2014 0
2014 0
2014 0
2014 0
2014 0
2014 0
2014 0
2014 0
2014 0
2014 0
2014 0
2014 0
2014 0
2014 0
2014 0
2014 0
2014 0
2014 0
2014 0
2014 0
2014 0
2014 0
2014 0
2014 0
2014 0
2014 0
2014 0
2014 0
2014 0
2014 0
2014 0
2014 0
2014 0
2014 0
2014 0
2014 0
2014 0
2014 0
2014 0
2014 0
2014 0
2014 0
2014 0
2014 0
2014 0
2014 0
2014 0
2014 0
2014 0
2014 0
2014 0
2014 0
2014 0
2014 0
2014 0
2014 0
2014 0
2014 0
2014 0
2014 0
2014 0
2014 0
2014 0
2014 0
2014 0
2014 0
2014 0
2014 0
2014 0
2014 0
2014 0
2014 0
2014 0
2014 0
2014 0
2014 0
2014 0
2014 0
2014 0
2014 0
2014 0
2014 0
2014 0
2014 0
2014 0
2014 0
2014 0
2014 0
2014 0
2014 0
2014 0
2014 0
2014 0
2014 0
2014 0
2014 0
2014 0
2014 0
2014 0
2014 0
2014 0
2014 0
2014 0
2014 0
2014 0
2014 0
2014 0
2014 0
2014 0
2014 0
2014 0
2014 0
2014 0
2014 0
2014 0
2014 0
2014 0
2014 0
2014 0
2014 0
2014 0
2014 0
2014 0
2014 0
2014 0
2014 0
2014 0
2014 0
2014 0
2014 0
2014 0
2014 0
2014 0
2014 0
2014 0
2014 0
2014 0
2014 0
2015 0
2015 0
2015 0
2015 0
2015 0
2015 0
2015 0
2015 0
2015 0
2015 0
2015 0
2015 0
2015 0
2015 0
2015 0
2015 0
2015 0
2015 0
2015 0
2015 0
2015 0
2015 0
2015 0
2015 0
2015 0
2015 0
2015 0
2015 0
2015 0
2015 0
2015 0
2015 0
2015 0
2015 0
2015 0
2015 0
2015 0
2015 0
2015 0
2015 0
2015 0
2015 0
2015 0
2015 0
2015 0
2015 0
2015 0
2015 0
2015 0
2015 0
2015 0
2015 0
2015 0
2015 0
2015 0
2015 0
2015 0
2015 0
2015 0
2015 0
2015 0
2015 0
2015 0
2015 0
2015 0
2015 0
2015 0
2015 0
2015 0
2015 0
2015 0
2015 0
2015 0
2015 0
2015 0
2015 0
2015 0
2015 0
2015 0
2015 0
2015 0
2015 0
2015 0
2015 0
2015 0
2015 0
2015 0
2015 0
2015 0
2015 0
2015 0
2015 0
2015 0
2015 0
2015 0
2015 0
2015 0
2015 0
2015 0
2015 0
2015 0
2015 0
2015 0
2015 0
2015 0
2015 0
2015 0
2015 0
2015 0
2015 0
2015 0
2015 0
2015 0
2015 0
2015 0
2015 0
2015 0
2015 0
2015 0
2015 0
2015 0
2015 0
2015 0
2015 0
2015 0
2015 0
2015 0
2015 0
2015 0
2015 0
2015 0
2015 0
2015 0
2015 0
2015 0
2015 0
2015 0
2015 0
2015 0
2015 0
2015 0
2015 0
2015 1
2015 8
2015 2
2015 0
2015 0
2015 0
2015 0
2015 0
2015 0
2015 1
2015 0
2015 0
2015 0
2015 0
2015 17
2015 32
2015 66
2015 62
2015 61
2015 52
2015 47
2015 44
2015 41
2015 41
2015 39
2015 32
2015 48
2015 39
2015 39
2015 38
2015 33
2015 35
2015 38
2015 33
2015 31
2015 31
2015 31
2015 30
2015 30
2015 28
2015 17
2015 16
2015 12
2015 11
2015 6
2015 6
2015 3
2015 0
2015 0
2015 0
2015 0
2015 0
2015 0
2015 0
2015 12
2015 5
2015 1
2015 0
2015 0
2015 0
2015 0
2015 0
2015 0
2015 0
2015 0
2015 0
2015 0
2015 0
2015 0
2015 0
2015 0
2015 0
2015 0
2015 0
2015 0
2015 0
2015 0
2015 0
2015 0
2015 0
2015 0
2015 0
2015 0
2015 0
2015 0
2015 0
2015 0
2015 0
2015 0
2015 0
2015 0
2015 0
2015 0
2015 0
2015 0
2015 0
2015 0
2015 0
2015 0
2015 0
2015 0
2015 0
2015 0
2015 0
2015 0
2015 0
2015 0
2015 0
2015 0
2015 0
2015 0
2015 0
2015 0
2015 0
2015 0
2015 0
2015 0
2015 0
2015 0
2015 0
2015 0
2015 0
2015 0
2015 0
2015 0
2015 0
2015 0
2015 0
2015 0
2015 0
2015 0
2015 0
2015 0
2015 0
2015 0
2015 0
2015 0
2015 0
2015 0
2015 0
2015 0
2015 0
2015 0
2015 0
2015 0
2015 0
2015 0
2015 0
2015 0
2015 0
2015 0
2015 0
2015 0
2015 0
2015 0
2015 0
2015 0
2015 0
2015 0
2015 0
2015 0
2015 0
2015 0
2015 0
2015 0
2015 0
2015 0
2015 0
2015 0
2015 0
2015 0
2015 0
2015 0
2015 0
2015 0
2015 0
2015 0
2015 0
2015 0
2015 0
2015 0
2015 0
2015 0
2015 0
2015 0
2015 0
2015 0
2015 0
2015 0
2015 0
2015 0
2015 0
2015 0
2015 0
2015 0
2015 0
2015 0
2015 0
2015 0
2015 0
2015 0
2015 0
2015 0
2015 0
2015 0
2015 0
2015 0
2015 0
2015 0
2015 0
2015 0
2015 0
2015 0
2015 0
2015 0
2015 0
2015 0
2015 0
2015 0
2015 0
2015 0
2015 0
2015 0
2016 0
2016 0
2016 0
2016 0
2016 0
2016 0
2016 0
2016 0
2016 0
2016 0
2016 0
2016 0
2016 0
2016 0
2016 0
2016 0
2016 0
2016 0
2016 0
2016 0
2016 0
2016 0
2016 0
2016 0
2016 0
2016 0
2016 0
2016 0
2016 0
2016 0
2016 0
2016 0
2016 0
2016 0
2016 0
2016 0
2016 0
2016 0
2016 0
2016 0
2016 0
2016 0
2016 0
2016 0
2016 0
2016 0
2016 0
2016 0
2016 0
2016 0
2016 0
2016 0
2016 0
2016 0
2016 0
2016 0
2016 0
2016 0
2016 0
2016 0
2016 0
2016 0
2016 0
2016 0
2016 0
2016 0
2016 0
2016 0
2016 0
2016 0
2016 0
2016 0
2016 0
2016 0
2016 0
2016 0
2016 0
2016 0
2016 0
2016 0
2016 0
2016 0
2016 0
2016 0
2016 0
2016 0
2016 0
2016 0
2016 0
2016 0
2016 0
2016 0
2016 0
2016 0
2016 0
2016 0
2016 0
2016 0
2016 0
2016 0
2016 0
2016 0
2016 0
2016 0
2016 0
2016 0
2016 0
2016 0
2016 0
2016 0
2016 0
2016 0
2016 0
2016 0
2016 0
2016 0
2016 0
2016 0
2016 0
2016 0
2016 0
2016 0
2016 0
2016 0
2016 0
2016 0
2016 0
2016 0
2016 0
2016 0
2016 0
2016 0
2016 0
2016 0
2016 0
2016 0
2016 0
2016 0
2016 0
2016 0
2016 0
2016 0
2016 0
2016 0
2016 0
2016 0
2016 0
2016 0
2016 0
2016 0
2016 0
2016 0
2016 0
2016 0
2016 0
2016 0
2016 0
2016 0
2016 0
2016 0
2016 0
2016 0
2016 0
2016 0
2016 0
2016 4
2016 0
2016 0
2016 0
2016 0
2016 0
2016 0
2016 0
2016 0
2016 0
2016 0
2016 0
2016 0
2016 0
2016 1
2016 5
2016 0
2016 0
2016 0
2016 0
2016 0
2016 15
2016 12
2016 9
2016 5
2016 3
2016 0
2016 0
2016 0
2016 0
2016 0
2016 0
2016 10
2016 27
2016 13
2016 5
2016 0
2016 0
2016 0
2016 0
2016 0
2016 0
2016 0
2016 0
2016 0
2016 0
2016 0
2016 0
2016 0
2016 0
2016 0
2016 0
2016 0
2016 0
2016 0
2016 0
2016 0
2016 0
2016 0
2016 0
2016 0
2016 0
2016 0
2016 0
2016 0
2016 0
2016 0
2016 0
2016 0
2016 0
2016 0
2016 0
2016 0
2016 0
2016 0
2016 0
2016 0
2016 0
2016 0
2016 0
2016 0
2016 0
2016 0
2016 0
2016 0
2016 0
2016 0
2016 0
2016 0
2016 0
2016 0
2016 0
2016 0
2016 0
2016 0
2016 0
2016 0
2016 0
2016 0
2016 0
2016 0
2016 0
2016 0
2016 0
2016 0
2016 0
2016 0
2016 0
2016 0
2016 0
2016 0
2016 0
2016 0
2016 0
2016 0
2016 0
2016 0
2016 0
2016 0
2016 0
2016 0
2016 0
2016 0
2016 0
2016 0
2016 0
2016 0
2016 0
2016 0
2016 0
2016 0
2016 0
2016 0
2016 0
2016 0
2016 0
2016 0
2016 0
2016 0
2016 0
2016 0
2016 0
2016 0
2016 0
2016 0
2016 0
2016 0
2016 0
2016 0
2016 0
2016 0
2016 0
2016 0
2016 0
2016 0
2016 0
2016 0
2016 0
2016 0
2016 0
2016 0
2016 0
2016 0
2016 0
2016 0
2016 0
2016 0
2016 0
2016 0
2016 0
2016 0
2016 0
2016 0
2016 0
2016 0
2016 0
2016 0
2016 0
2016 0
2016 0
2016 0
2016 0
2016 0
2016 0
2016 0
2016 0
2016 0
2016 0
2016 0
2016 0
2016 0
2016 0
2016 0
2016 0
2016 0
2016 0
2016 0
2016 0
2016 0
2016 0
2016 0
2017 0
2017 0
2017 0
2017 0
2017 0
2017 0
2017 0
2017 0
2017 0
2017 0
2017 0
2017 0
2017 0
2017 0
2017 0
2017 0
2017 0
2017 0
2017 0
2017 0
2017 0
2017 0
2017 0
2017 0
2017 0
2017 0
2017 0
2017 0
2017 0
2017 0
2017 0
2017 0
2017 0
2017 0
2017 0
2017 0
2017 0
2017 0
2017 0
2017 0
2017 0
2017 0
2017 0
2017 0
2017 0
2017 0
2017 0
2017 0
2017 0
2017 0
2017 0
2017 0
2017 0
2017 0
2017 0
2017 0
2017 0
2017 0
2017 0
2017 0
2017 0
2017 0
2017 0
2017 0
2017 0
2017 0
2017 0
2017 0
2017 0
2017 0
2017 0
2017 0
2017 0
2017 0
2017 0
2017 0
2017 0
2017 0
2017 0
2017 0
2017 0
2017 0
2017 0
2017 0
2017 0
2017 0
2017 0
2017 0
2017 0
2017 0
2017 0
2017 0
2017 0
2017 0
2017 0
2017 0
2017 0
2017 0
2017 0
2017 0
2017 0
2017 0
2017 0
2017 0
2017 0
2017 0
2017 0
2017 0
2017 0
2017 0
2017 11
2017 7
2017 5
2017 4
2017 3
2017 1
2017 0
2017 0
2017 0
2017 0
2017 0
2017 0
2017 0
2017 0
2017 0
2017 0
2017 0
2017 0
2017 0
2017 0
2017 0
2017 0
2017 6
2017 3
2017 2
2017 1
2017 1
2017 0
2017 0
2017 0
2017 0
2017 0
2017 0
2017 0
2017 0
2017 0
2017 0
2017 0
2017 0
2017 2
2017 5
2017 2
2017 0
2017 0
2017 0
2017 0
2017 0
2017 0
2017 6
2017 0
2017 0
2017 12
2017 8
2017 5
2017 4
2017 0
2017 0
2017 0
2017 0
2017 0
2017 0
2017 0
2017 0
2017 0
2017 0
2017 0
2017 0
2017 0
2017 0
2017 0
2017 0
2017 0
2017 0
2017 0
2017 0
2017 0
2017 0
2017 0
2017 0
2017 0
2017 0
2017 0
2017 0
2017 0
2017 0
2017 0
2017 0
2017 0
2017 0
2017 0
2017 0
2017 0
2017 0
2017 0
2017 0
2017 0
2017 0
2017 0
2017 0
2017 0
2017 0
2017 0
2017 0
2017 0
2017 0
2017 0
2017 0
2017 0
2017 0
2017 0
2017 0
2017 0
2017 0
2017 0
2017 0
2017 0
2017 0
2017 0
2017 0
2017 0
2017 0
2017 0
2017 0
2017 0
2017 0
2017 0
2017 0
2017 0
2017 0
2017 0
2017 0
2017 0
2017 0
2017 0
2017 0
2017 0
2017 0
2017 0
2017 0
2017 0
2017 0
2017 0
2017 0
2017 0
2017 0
2017 0
2017 0
2017 0
2017 0
2017 0
2017 0
2017 0
2017 0
2017 0
2017 0
2017 0
2017 0
2017 0
2017 0
2017 0
2017 0
2017 0
2017 0
2017 0
2017 0
2017 0
2017 0
2017 0
2017 0
2017 0
2017 0
2017 0
2017 0
2017 0
2017 0
2017 0
2017 0
2017 0
2017 0
2017 0
2017 0
2017 0
2017 0
2017 0
2017 0
2017 0
2017 0
2017 0
2017 0
2017 0
2017 0
2017 0
2017 0
2017 0
2017 0
2017 0
2017 0
2017 0
2017 0
2017 0
2017 0
2017 0
2017 0
2017 0
2017 0
2017 0
2017 0
2017 0
2017 0
2017 0
2017 0
2017 0
2017 0
2017 0
2017 0
2017 0
2017 0
2017 0
2017 0
2017 0
2017 0
2017 0
2017 0
2017 0
2017 0
2017 0
2017 0
2017 0
2017 0
2017 0
2017 0
2017 0
2017 0
2017 0
2017 0
2017 0
2017 0
2017 0
2017 0
2017 0
2017 0
2017 0
2017 0
2017 0
2017 0
2017 0
2017 0
2017 0
2017 0
2017 0
2017 0
2017 0
2017 0
2017 0
2017 0
2018 0
2018 0
2018 0
2018 0
2018 0
2018 0
2018 0
2018 0
2018 0
2018 0
2018 0
2018 0
2018 0
2018 0
2018 0
2018 0
2018 0
2018 0
2018 0
2018 0
2018 0
2018 0
2018 0
2018 0
2018 0
2018 0
2018 0
2018 0
2018 0
2018 0
2018 0
2018 0
2018 0
2018 0
2018 0
2018 0
2018 0
2018 0
2018 0
2018 0
2018 0
2018 0
2018 0
2018 0
2018 0
2018 0
2018 0
2018 0
2018 0
2018 0
2018 0
2018 0
2018 0
2018 0
2018 0
2018 0
2018 0
2018 0
2018 0
2018 0
2018 0
2018 0
2018 0
2018 0
2018 0
2018 0
2018 0
2018 0
2018 0
2018 0
2018 0
2018 0
2018 0
2018 0
2018 0
2018 0
2018 0
2018 0
2018 0
2018 0
2018 0
2018 0
2018 0
2018 0
2018 0
2018 0
2018 0
2018 0
2018 0
2018 0
2018 0
2018 0
2018 29
2018 51
2018 44
2018 37
2018 35
2018 33
2018 29
2018 26
2018 24
2018 22
2018 30
2018 28
2018 27
2018 26
2018 25
2018 24
2018 24
2018 24
2018 23
2018 23
2018 23
2018 23
2018 23
2018 23
2018 23
2018 19
2018 19
2018 19
2018 19
2018 19
2018 19
2018 19
2018 18
2018 18
2018 15
2018 10
2018 6
2018 0
2018 0
2018 0
2018 0
2018 0
2018 0
2018 0
2018 0
2018 0
2018 0
2018 0
2018 0
2018 0
2018 0
2018 0
2018 0
2018 0
2018 0
2018 0
2018 4
2018 0
2018 0
2018 0
2018 0
2018 0
2018 0
2018 0
2018 0
2018 1
2018 4
2018 8
2018 5
2018 5
2018 5
2018 5
2018 5
2018 4
2018 7
2018 1
2018 0
2018 0
2018 0
2018 0
2018 0
2018 0
2018 0
2018 17
2018 28
2018 15
2018 25
2018 23
2018 19
2018 27
2018 32
2018 26
2018 32
2018 26
2018 22
2018 20
2018 16
2018 13
2018 9
2018 4
2018 3
2018 2
2018 2
2018 1
2018 3
2018 3
2018 2
2018 1
2018 0
2018 8
2018 1
2018 0
2018 0
2018 0
2018 0
2018 0
2018 0
2018 0
2018 0
2018 0
2018 0
2018 0
2018 0
2018 0
2018 0
2018 0
2018 0
2018 0
2018 0
2018 0
2018 0
2018 0
2018 0
2018 0
2018 0
2018 0
2018 0
2018 0
2018 0
2018 0
2018 0
2018 0
2018 0
2018 0
2018 0
2018 0
2018 0
2018 0
2018 0
2018 0
2018 0
2018 0
2018 0
2018 0
2018 0
2018 0
2018 0
2018 0
2018 0
2018 0
2018 0
2018 0
2018 0
2018 0
2018 0
2018 0
2018 0
2018 0
2018 0
2018 0
2018 0
2018 0
2018 0
2018 0
2018 0
2018 0
2018 0
2018 0
2018 0
2018 0
2018 0
2018 0
2018 0
2018 0
2018 0
2018 0
2018 0
2018 0
2018 0
2018 0
2018 0
2018 0
2018 0
2018 0
2018 0
2018 0
2018 0
2018 0
2018 0
2018 0
2018 0
2018 0
2018 0
2018 0
2018 0
2018 0
2018 0
2018 0
2018 0
2018 0
2018 0
2018 0
2018 0
2018 0
2018 0
2018 0
2018 0
2018 0
2018 0
2018 0
2018 0
2018 0
2018 0
2018 0
2018 0
2018 0
2018 0
2018 0
2018 0
2018 0
2018 0
2018 0
2018 0
2018 0
2018 0
2018 0
2018 0
2018 0
2018 0
2018 0
2018 0
2018 0
2018 0
2018 0
2018 0
2018 0
2018 0
2018 0
2018 0
2018 0
2018 0
2018 0
2018 0
2018 0
2018 0
2018 0
2018 0
2018 0
2018 0
2018 0
2018 0
2018 0
2018 0
2018 0
2018 0
2018 0
2018 0
2018 0
2018 0
2018 0
2018 0
2018 0
2018 0
2019 0
2019 0
2019 0
2019 0
2019 0
2019 0
2019 0
2019 0
2019 0
2019 0
2019 0
2019 0
2019 0
2019 0
2019 0
2019 0
2019 0
2019 0
2019 0
2019 0
2019 0
2019 0
2019 0
2019 0
2019 0
2019 0
2019 0
2019 0
2019 0
2019 0
2019 0
2019 0
2019 0
2019 0
2019 0
2019 0
2019 0
2019 0
2019 0
2019 0
2019 0
2019 0
2019 0
2019 0
2019 0
2019 0
2019 0
2019 0
2019 0
2019 0
2019 0
2019 0
2019 0
2019 0
2019 0
2019 0
2019 0
2019 0
2019 0
2019 0
2019 0
2019 0
2019 0
2019 0
2019 0
2019 0
2019 0
2019 0
2019 0
2019 0
2019 0
2019 0
2019 0
2019 0
2019 0
2019 0
2019 0
2019 0
2019 0
2019 0
2019 0
2019 0
2019 0
2019 0
2019 0
2019 0
2019 0
2019 0
2019 0
2019 0
2019 0
2019 0
2019 0
2019 0
2019 0
2019 0
2019 0
2019 0
2019 0
2019 0
2019 0
2019 0
2019 0
2019 0
2019 0
2019 0
2019 0
2019 0
2019 0
2019 0
2019 6
2019 6
2019 6
2019 3
2019 2
2019 0
2019 0
2019 0
2019 0
2019 0
2019 0
2019 0
2019 0
2019 0
2019 0
2019 0
2019 0
2019 0
2019 0
2019 0
2019 0
2019 0
2019 0
2019 0
2019 0
2019 0
2019 0
2019 0
2019 0
2019 0
2019 0
2019 0
2019 0
2019 0
2019 0
2019 32
2019 16
2019 13
2019 10
2019 9
2019 9
2019 9
2019 9
2019 18
2019 44
2019 37
2019 24
2019 24
2019 23
2019 23
2019 23
2019 22
2019 22
2019 22
2019 18
2019 18
2019 15
2019 15
2019 13
2019 11
2019 10
2019 8
2019 3
2019 3
2019 2
2019 1
2019 0
2019 0
2019 0
2019 0
2019 0
2019 0
2019 0
2019 0
2019 0
2019 0
2019 0
2019 0
2019 0
2019 0
2019 0
2019 0
2019 0
2019 0
2019 0
2019 0
2019 0
2019 0
2019 0
2019 0
2019 0
2019 0
2019 0
2019 0
2019 0
2019 0
2019 0
2019 0
2019 0
2019 0
2019 0
2019 0
2019 0
2019 0
2019 0
2019 0
2019 0
2019 0
2019 0
2019 0
2019 0
2019 0
2019 0
2019 0
2019 0
2019 0
2019 0
2019 0
2019 0
2019 0
2019 0
2019 0
2019 0
2019 0
2019 0
2019 0
2019 0
2019 0
2019 0
2019 0
2019 0
2019 0
2019 0
2019 0
2019 0
2019 0
2019 0
2019 0
2019 0
2019 0
2019 0
2019 0
2019 0
2019 0
2019 0
2019 0
2019 0
2019 0
2019 0
2019 0
2019 0
2019 0
2019 0
2019 0
2019 0
2019 0
2019 0
2019 0
2019 0
2019 0
2019 0
2019 0
2019 0
2019 0
2019 0
2019 0
2019 0
2019 0
2019 0
2019 0
2019 0
2019 0
2019 0
2019 0
2019 0
2019 0
2019 0
2019 0
2019 0
2019 0
2019 0
2019 0
2019 0
2019 0
2019 0
2019 0
2019 0
2019 0
2019 0
2019 0
2019 0
2019 0
2019 0
2019 0
2019 0
2019 0
2019 0
2019 0
2019 0
2019 0
2019 0
2019 0
2019 0
2019 0
2019 0
2019 0
2019 0
2019 0
2019 0
2019 0
2019 0
2019 0
2019 0
2019 0
2019 0
2019 0
2019 0
2019 0
2019 0
2019 0
2019 0
2019 0
2019 0
2019 0
2019 0
2019 0
2019 0
2019 0
2019 0
2019 0
2019 0
2019 0
2019 0
2019 0
2019 0
2019 0
2019 0
2019 0
2019 0
2019 0
2019 0
2019 0
2019 0
2019 0
2019 0
2019 0
2019 0
2019 0
2019 0
2019 0
2019 0
2019 0
2019 0
2019 0
2019 0
2020 0
2020 0
2020 0
2020 0
2020 0
2020 0
2020 0
2020 0
2020 0
2020 0
2020 0
2020 0
2020 0
2020 0
2020 0
2020 0
2020 0
2020 0
2020 0
2020 0
2020 0
2020 0
2020 0
2020 0
2020 0
2020 0
2020 0
2020 0
2020 0
2020 0
2020 0
2020 0
2020 0
2020 0
2020 0
2020 0
2020 0
2020 0
2020 0
2020 0
2020 0
2020 0
2020 0
2020 0
2020 0
2020 0
2020 0
2020 0
2020 0
2020 0
2020 0
2020 0
2020 0
2020 0
2020 0
2020 0
2020 0
2020 0
2020 0
2020 0
2020 0
2020 0
2020 0
2020 0
2020 0
2020 0
2020 0
2020 0
2020 0
2020 0
2020 0
2020 0
2020 0
2020 0
2020 0
2020 7
2020 7
2020 7
2020 1
2020 2
2020 2
2020 0
2020 0
2020 0
2020 0
2020 0
2020 0
2020 0
2020 0
2020 0
2020 0
2020 0
2020 4
2020 1
2020 0
2020 0
2020 0
2020 0
2020 0
2020 0
2020 0
2020 0
2020 0
2020 0
2020 0
2020 0
2020 0
2020 0
2020 0
2020 0
2020 0
2020 0
2020 0
2020 0
2020 0
2020 0
2020 0
2020 0
2020 0
2020 0
2020 0
2020 0
2020 0
2020 0
2020 0
2020 0
2020 0
2020 0
2020 0
2020 0
2020 0
2020 0
2020 0
2020 0
2020 0
2020 0
2020 0
2020 0
2020 0
2020 0
2020 0
2020 1
2020 0
2020 0
2020 0
2020 0
2020 0
2020 0
2020 0
2020 0
2020 0
2020 0
2020 0
2020 0
2020 0
2020 0
2020 0
2020 0
2020 0
2020 0
2020 0
2020 0
2020 0
2020 0
2020 0
2020 0
2020 0
2020 0
2020 0
2020 0
2020 0
2020 0
2020 0
2020 0
2020 0
2020 0
2020 0
2020 0
2020 0
2020 0
2020 0
2020 0
2020 0
2020 0
2020 1
2020 0
2020 0
2020 0
2020 0
2020 0
2020 0
2020 0
2020 0
2020 0
2020 0
2020 0
2020 0
2020 0
2020 0
2020 0
2020 0
2020 0
2020 0
2020 0
2020 0
2020 0
2020 0
2020 0
2020 3
2020 0
2020 0
2020 0
2020 0
2020 0
2020 0
2020 0
2020 0
2020 0
2020 0
2020 0
2020 0
2020 0
2020 0
2020 0
2020 0
2020 0
2020 0
2020 0
2020 0
2020 0
2020 0
2020 0
2020 0
2020 0
2020 0
2020 0
2020 0
2020 0
2020 0
2020 0
2020 0
2020 0
2020 0
2020 0
2020 0
2020 0
2020 0
2020 0
2020 0
2020 0
2020 0
2020 0
2020 0
2020 0
2020 0
2020 0
2020 0
2020 0
2020 0
2020 0
2020 0
2020 0
2020 0
2020 0
2020 0
2020 0
2020 0
2020 0
2020 0
2020 0
2020 0
2020 0
2020 0
2020 0
2020 0
2020 0
2020 0
2020 0
2020 0
2020 0
2020 0
2020 0
2020 0
2020 0
2020 0
2020 0
2020 0
2020 0
2020 0
2020 0
2020 0
2020 0
2020 0
2020 0
2020 0
2020 0
2020 0
2020 0
2020 0
2020 0
2020 0
2020 0
2020 0
2020 0
2020 0
2020 0
2020 0
2020 0
2020 0
2020 0
2020 0
2020 0
2020 0
2020 0
2020 0
2020 0
2020 0
2020 0
2020 0
2020 0
2020 0
2020 0
2020 0
2020 0
2020 0
2020 0
2020 0
2020 0
2020 0
2020 0
2020 0
2020 0
2020 0
2020 0
2020 0
2020 0
2020 0
2020 0
2020 0
2020 0
2020 0
2020 0
2020 0
2020 0
2020 0
2020 0
2020 0
2020 0
2020 0
2020 0
2020 0
2020 0
2020 0
2020 0
2020 0
2020 0
2020 0
2020 0
2020 0
2020 0
2020 0
2020 0
2020 0
2020 0
2020 0
2020 0
2021 0
2021 0
2021 0
2021 0
2021 0
2021 0
2021 0
2021 0
2021 0
2021 0
2021 0
2021 0
2021 0
2021 0
2021 0
2021 0
2021 0
2021 0
2021 0
2021 0
2021 0
2021 0
2021 0
2021 0
2021 0
2021 0
2021 0
2021 0
2021 0
2021 0
2021 0
2021 0
2021 0
2021 0
2021 0
2021 0
2021 0
2021 0
2021 0
2021 0
2021 0
2021 0
2021 0
2021 0
2021 0
2021 0
2021 0
2021 0
2021 0
2021 0
2021 0
2021 0
2021 0
2021 0
2021 0
2021 0
2021 0
2021 0
2021 0
2021 0
2021 0
2021 0
2021 0
2021 0
2021 0
2021 0
2021 0
2021 0
2021 0
2021 0
2021 0
2021 0
2021 0
2021 0
2021 0
2021 0
2021 0
2021 0
2021 0
2021 0
2021 0
2021 0
2021 0
2021 0
2021 0
2021 0
2021 0
2021 0
2021 0
2021 0
2021 0
2021 0
2021 23
2021 10
2021 18
2021 34
2021 24
2021 19
2021 17
2021 13
2021 10
2021 8
2021 10
2021 9
2021 5
2021 4
2021 0
2021 0
2021 0
2021 0
2021 0
2021 0
2021 0
2021 0
2021 0
2021 0
2021 0
2021 0
2021 10
2021 8
2021 7
2021 7
2021 7
2021 21
2021 18
2021 14
2021 19
2021 30
2021 25
2021 25
2021 24
2021 24
2021 24
2021 24
2021 24
2021 24
2021 21
2021 21
2021 21
2021 21
2021 20
2021 20
2021 20
2021 19
2021 24
2021 24
2021 23
2021 22
2021 22
2021 22
2021 21
2021 21
2021 14
2021 14
2021 14
2021 14
2021 9
2021 3
2021 0
2021 0
2021 0
2021 0
2021 0
2021 0
2021 0
2021 1
2021 0
2021 0
2021 0
2021 0
2021 0
2021 0
2021 0
2021 0
2021 0
2021 0
2021 0
2021 0
2021 0
2021 0
2021 0
2021 0
2021 0
2021 0
2021 0
2021 0
2021 0
2021 0
2021 0
2021 0
2021 0
2021 0
2021 0
2021 0
2021 0
2021 0
2021 0
2021 0
2021 0
2021 0
2021 0
2021 0
2021 0
2021 0
2021 0
2021 0
2021 0
2021 0
2021 0
2021 0
2021 0
2021 0
2021 0
2021 0
2021 0
2021 0
2021 0
2021 0
2021 0
2021 0
2021 0
2021 0
2021 0
2021 0
2021 0
2021 0
2021 0
2021 0
2021 0
2021 0
2021 0
2021 0
2021 0
2021 0
2021 0
2021 0
2021 0
2021 0
2021 0
2021 0
2021 0
2021 0
2021 0
2021 0
2021 0
2021 0
2021 0
2021 0
2021 0
2021 0
2021 0
2021 0
2021 0
2021 0
2021 0
2021 0
2021 0
2021 0
2021 0
2021 0
2021 0
2021 0
2021 0
2021 0
2021 0
2021 0
2021 0
2021 0
2021 0
2021 0
2021 0
2021 0
2021 0
2021 0
2021 0
2021 0
2021 0
2021 0
2021 0
2021 0
2021 0
2021 0
2021 0
2021 0
2021 0
2021 0
2021 0
2021 0
2021 0
2021 0
2021 0
2021 0
2021 0
2021 0
2021 0
2021 0
2021 0
2021 0
2021 0
2021 0
2021 0
2021 0
2021 0
2021 0
2021 0
2021 0
2021 0
2021 0
2021 0
2021 0
2021 0
2021 0
2021 0
2021 0
2021 0
2021 0
2021 0
2021 0
2021 0
2021 0
2021 0
2021 0
2021 0
2021 0
2021 0
2021 0
2021 0
2021 0
2021 0
2021 0
2021 0
2021 0
2021 0
2021 0
2021 0
2021 0
2021 0
2021 0
2021 0
2021 0
2021 0
2021 0
2021 0
2021 0
2021 0
2021 0
2021 0
2021 0
2021 0
2021 0
2021 0
2021 0
2021 0
2021 0
2021 0
2021 0
2021 0
2021 0
2021 0
2021 0
2021 0
2021 0
2021 0
2021 0
2021 0
2022 0
2022 0
2022 0
2022 0
2022 0
2022 0
2022 0
2022 0
2022 0
2022 0
2022 0
2022 0
2022 0
2022 0
2022 0
2022 0
2022 0
2022 0
2022 0
2022 0
2022 0
2022 0
2022 0
2022 0
2022 0
2022 0
2022 0
2022 0
2022 0
2022 0
2022 0
2022 0
2022 0
2022 0
2022 0
2022 0
2022 0
2022 0
2022 0
2022 0
2022 0
2022 0
2022 0
2022 0
2022 0
2022 0
2022 0
2022 0
2022 0
2022 0
2022 0
2022 0
2022 0
2022 0
2022 0
2022 0
2022 0
2022 0
2022 0
2022 0
2022 0
2022 0
2022 0
2022 0
2022 0
2022 0
2022 0
2022 0
2022 0
2022 0
2022 0
2022 0
2022 0
2022 0
2022 0
2022 0
2022 0
2022 0
2022 0
2022 0
2022 0
2022 0
2022 0
2022 0
2022 0
2022 0
2022 0
2022 0
2022 0
2022 0
2022 0
2022 0
2022 0
2022 0
2022 0
2022 0
2022 0
2022 0
2022 1
2022 10
2022 9
2022 9
2022 8
2022 8
2022 7
2022 7
2022 7
2022 6
2022 6
2022 6
2022 5
2022 5
2022 3
2022 3
2022 0
2022 0
2022 0
2022 0
2022 0
2022 0
2022 0
2022 0
2022 0
2022 0
2022 0
2022 0
2022 0
2022 0
2022 0
2022 0
2022 0
2022 0
2022 0
2022 0
2022 0
2022 0
2022 0
2022 0
2022 0
2022 0
2022 0
2022 0
2022 0
2022 0
2022 0
2022 0
2022 0
2022 0
2022 0
2022 0
2022 0
2022 0
2022 0
2022 0
2022 0
2022 0
2022 0
2022 0
2022 0
2022 0
2022 0
2022 0
2022 0
2022 0
2022 0
2022 0
2022 0
2022 0
2022 0
2022 0
2022 0
2022 0
2022 0
2022 0
2022 0
2022 0
2022 0
2022 0
2022 0
2022 0
2022 0
2022 0
2022 0
2022 0
2022 0
2022 0
2022 0
2022 0
2022 0
2022 0
2022 0
2022 0
2022 0
2022 0
2022 0
2022 0
2022 0
2022 0
2022 0
2022 0
2022 0
2022 0
2022 0
2022 0
2022 0
2022 0
2022 0
2022 0
2022 0
2022 0
2022 0
2022 0
2022 0
2022 0
2022 0
2022 0
2022 0
2022 0
2022 0
2022 0
2022 0
2022 0
2022 0
2022 0
2022 0
2022 0
2022 0
2022 0
2022 0
2022 0
2022 0
2022 0
2022 0
2022 0
2022 0
2022 0
2022 0
2022 0
2022 0
2022 0
2022 0
2022 0
2022 0
2022 0
2022 0
2022 0
2022 0
2022 0
2022 0
2022 0
2022 0
2022 0
2022 0
2022 0
2022 0
2022 0
2022 0
2022 0
2022 0
2022 0
2022 0
2022 0
2022 0
2022 0
2022 0
2022 0
2022 0
2022 0
2022 0
2022 0
2022 0
2022 0
2022 0
2022 0
2022 0
2022 0
2022 0
2022 0
2022 0
2022 0
2022 0
2022 0
2022 0
2022 0
2022 0
2022 0
2022 0
2022 0
2022 0
2022 0
2022 0
2022 0
2022 0
2022 0
2022 0
2022 0
2022 0
2022 0
2022 0
2022 0
2022 0
2022 0
2022 0
2022 0
2022 0
2022 0
2022 0
2022 0
2022 0
2022 0
2022 0
2022 0
2022 0
2022 0
2022 0
2022 0
2022 0
2022 0
2022 0
2022 0
2022 0
2022 0
2022 0
2022 0
2022 0
2022 0
2022 0
2022 0
2022 0
2022 0
2022 0
2022 0
2022 0
2022 0
2022 0
2022 0
2022 0
2022 0
2022 0
2022 0
2022 0
2022 0
2022 0
2022 0
2022 0
2022 0
2022 0
2022 0
2022 0
2022 0
2022 0
2022 0
2022 0
2022 0
2022 0
2022 0
2022 0
2022 0
2022 0
2022 0
2022 0
2022 0
2022 0
2022 0
2022 0
2023 0
2023 0
2023 0
2023 0
2023 0
2023 0
2023 0
2023 0
2023 0
2023 0
2023 0
2023 0
2023 0
2023 0
2023 0
2023 0
2023 0
2023 0
2023 0
2023 0
2023 0
2023 0
2023 0
2023 0
2023 0
2023 0
2023 0
2023 0
2023 0
2023 0
2023 0
2023 0
2023 0
2023 0
2023 0
2023 0
2023 0
2023 0
2023 0
2023 0
2023 0
2023 0
2023 0
2023 0
2023 0
2023 0
2023 0
2023 0
2023 0
2023 0
2023 0
2023 0
2023 0
2023 0
2023 0
2023 0
2023 0
2023 0
2023 0
2023 0
2023 0
2023 0
2023 0
2023 0
2023 0
2023 0
2023 0
2023 0
2023 0
2023 0
2023 0
2023 0
2023 0
2023 0
2023 0
2023 0
2023 0
2023 0
2023 0
2023 0
2023 0
2023 0
2023 0
2023 0
2023 0
2023 0
2023 0
2023 0
2023 0
2023 0
2023 0
2023 0
2023 0
2023 6
2023 0
2023 0
2023 0
2023 0
2023 0
2023 3
2023 0
2023 0
2023 0
2023 8
2023 5
2023 5
2023 28
2023 24
2023 24
2023 22
2023 20
2023 20
2023 13
2023 13
2023 13
2023 8
2023 3
2023 2
2023 1
2023 0
2023 0
2023 0
2023 0
2023 0
2023 0
2023 0
2023 0
2023 0
2023 0
2023 0
2023 0
2023 0
2023 0
2023 0
2023 0
2023 0
2023 0
2023 0
2023 0
2023 0
2023 0
2023 0
2023 0
2023 0
2023 0
2023 3
2023 2
2023 0
2023 0
2023 0
2023 0
2023 0
2023 0
2023 0
2023 0
2023 0
2023 0
2023 0
2023 1
2023 10
2023 1
2023 3
2023 0
2023 0
2023 0
2023 0
2023 0
2023 0
2023 0
2023 0
2023 0
2023 0
2023 0
2023 0
2023 0
2023 0
2023 0
2023 0
2023 0
2023 24
2023 14
2023 9
2023 12
2023 6
2023 1
2023 1
2023 2
2023 0
2023 0
2023 0
2023 0
2023 0
2023 0
2023 0
2023 0
2023 0
2023 0
2023 0
2023 0
2023 0
2023 0
2023 0
2023 0
2023 0
2023 0
2023 0
2023 0
2023 0
2023 0
2023 0
2023 0
2023 0
2023 0
2023 0
2023 0
2023 0
2023 0
2023 0
2023 0
2023 0
2023 0
2023 0
2023 0
2023 0
2023 0
2023 0
2023 0
2023 0
2023 0
2023 0
2023 0
2023 0
2023 0
2023 0
2023 0
2023 0
2023 0
2023 0
2023 0
2023 0
2023 0
2023 0
2023 0
2023 0
2023 0
2023 0
2023 0
2023 0
2023 0
2023 0
2023 0
2023 0
2023 0
2023 0
2023 0
2023 0
2023 0
2023 0
2023 0
2023 0
2023 0
2023 0
2023 0
2023 0
2023 0
2023 0
2023 0
2023 0
2023 0
2023 0
2023 0
2023 0
2023 0
2023 0
2023 0
2023 0
2023 0
2023 0
2023 0
2023 0
2023 0
2023 0
2023 0
2023 0
2023 0
2023 0
2023 0
2023 0
2023 0
2023 0
2023 0
2023 0
2023 0
2023 0
2023 0
2023 0
2023 0
2023 0
2023 0
2023 0
2023 0
2023 0
2023 0
2023 NA
2023 NA
2023 NA
2023 NA
2023 NA
2023 NA
2023 NA
2023 NA
2023 NA
2023 NA
2023 NA
2023 NA
2023 NA
2023 NA
2023 NA
2023 NA
2023 NA
2023 NA
2023 NA
2023 NA
2023 NA
2023 NA
2023 NA
2023 NA
2023 NA
2023 NA
2023 NA
2023 NA
2023 NA
2023 NA
2023 NA
2023 NA
2023 NA
2023 NA
2023 NA
2023 NA
2023 NA
2023 NA
2023 NA
2023 NA
2023 NA
2023 NA
2023 NA
2023 NA
2023 NA
2023 NA
2023 NA
2023 NA
2023 NA
2023 NA
2023 NA
2023 NA
2023 NA
2023 NA
2023 NA
2023 NA
2023 NA
2023 NA
2023 NA
2023 NA
2023 NA
2023 NA
