2004 NA
2004 NA
2004 2
2004 3
2004 1
2004 1
2004 1
2004 3
2004 1
2004 5
2004 2
2004 2
2004 2
2004 3
2004 2
2004 4
2004 4
2004 2
2004 2
2004 1
2004 1
2004 0
2004 NA
2004 NA
2004 NA
2004 NA
2004 2
2004 NA
2004 NA
2004 2
2004 NA
2004 NA
2004 1
2004 2
2004 4
2004 3
2004 2
2004 1
2004 1
2004 2
2004 1
2004 NA
2004 3
2004 3
2004 4
2004 5
2004 4
2004 1
2004 3
2004 30
2004 37
2004 35
2004 33
2004 35
2004 35
2004 33
2004 41
2004 36
2004 37
2004 39
2004 24
2004 53
2004 48
2004 43
2004 42
2004 39
2004 39
2004 34
2004 106
2004 95
2004 84
2004 76
2004 72
2004 67
2004 64
2004 60
2004 59
2004 62
2004 58
2004 55
2004 53
2004 53
2004 52
2004 51
2004 51
2004 50
2004 49
2004 48
2004 67
2004 65
2004 60
2004 60
2004 47
2004 45
2004 69
2004 81
2004 76
2004 74
2004 74
2004 71
2004 71
2004 71
2004 70
2004 68
2004 67
2004 71
2004 71
2004 71
2004 71
2004 71
2004 71
2004 71
2004 71
2004 71
2004 71
2004 70
2004 70
2004 69
2004 71
2004 88
2004 84
2004 86
2004 97
2004 95
2004 95
2004 92
2004 86
2004 86
2004 86
2004 86
2004 93
2004 103
2004 102
2004 101
2004 104
2004 107
2004 135
2004 121
2004 124
2004 120
2004 150
2004 140
2004 178
2004 174
2004 171
2004 167
2004 166
2004 166
2004 177
2004 170
2004 170
2004 171
2004 167
2004 163
2004 159
2004 157
2004 156
2004 156
2004 155
2004 152
2004 148
2004 148
2004 148
2004 146
2004 146
2004 146
2004 145
2004 145
2004 145
2004 145
2004 145
2004 148
2004 161
2004 144
2004 146
2004 150
2004 145
2004 145
2004 145
2004 145
2004 145
2004 145
2004 145
2004 144
2004 142
2004 141
2004 141
2004 143
2004 142
2004 142
2004 142
2004 142
2004 149
2004 148
2004 144
2004 151
2004 145
2004 145
2004 139
2004 139
2004 138
2004 138
2004 133
2004 133
2004 132
2004 132
2004 131
2004 148
2004 143
2004 142
2004 141
2004 136
2004 135
2004 140
2004 139
2004 139
2004 135
2004 135
2004 133
2004 134
2004 133
2004 138
2004 157
2004 155
2004 150
2004 150
2004 151
2004 173
2004 166
2004 166
2004 163
2004 165
2004 164
2004 162
2004 157
2004 152
2004 149
2004 144
2004 138
2004 138
2004 136
2004 134
2004 145
2004 140
2004 140
2004 141
2004 146
2004 146
2004 143
2004 143
2004 143
2004 143
2004 143
2004 142
2004 141
2004 139
2004 142
2004 140
2004 134
2004 129
2004 123
2004 110
2004 103
2004 98
2004 98
2004 88
2004 86
2004 83
2004 76
2004 73
2004 70
2004 62
2004 59
2004 54
2004 47
2004 34
2004 23
2004 18
2004 3
2004 5
2004 7
2004 7
2004 6
2004 NA
2004 NA
2004 7
2004 6
2004 6
2004 7
2004 7
2004 7
2004 5
2004 4
2004 8
2004 8
2004 7
2004 5
2004 4
2004 4
2004 2
2004 2
2004 1
2004 NA
2004 NA
2004 1
2004 NA
2004 3
2004 3
2004 1
2004 NA
2004 2
2004 1
2004 4
2004 4
2004 3
2004 4
2004 3
2004 4
2004 1
2004 NA
2004 2
2004 2
2004 2
2004 1
2004 1
2004 NA
2004 1
2004 NA
2004 NA
2004 NA
2004 3
2004 NA
2004 1
2004 NA
2004 2
2004 1
2004 NA
2004 3
2004 3
2004 NA
2004 0
2004 0
2004 0
2004 0
2004 NA
2004 NA
2004 5
2004 2
2004 2
2004 NA
2004 3
2004 2
2004 2
2004 2
2004 2
2004 1
2004 4
2004 4
2004 1
2004 NA
2004 2
2004 3
2004 3
2004 2
2004 NA
2004 1
2005 NA
2005 NA
2005 1
2005 NA
2005 1
2005 1
2005 NA
2005 NA
2005 3
2005 2
2005 NA
2005 3
2005 3
2005 3
2005 3
2005 3
2005 3
2005 5
2005 4
2005 3
2005 2
2005 2
2005 2
2005 1
2005 3
2005 2
2005 4
2005 2
2005 1
2005 NA
2005 2
2005 2
2005 NA
2005 2
2005 2
2005 NA
2005 3
2005 2
2005 2
2005 1
2005 2
2005 2
2005 3
2005 3
2005 5
2005 3
2005 11
2005 4
2005 4
2005 2
2005 2
2005 NA
2005 4
2005 2
2005 1
2005 2
2005 4
2005 1
2005 5
2005 6
2005 6
2005 13
2005 14
2005 7
2005 0
2005 0
2005 0
2005 0
2005 0
2005 0
2005 6
2005 6
2005 15
2005 18
2005 18
2005 16
2005 15
2005 13
2005 13
2005 11
2005 11
2005 11
2005 11
2005 11
2005 11
2005 11
2005 11
2005 11
2005 11
2005 16
2005 37
2005 33
2005 31
2005 31
2005 31
2005 28
2005 28
2005 40
2005 48
2005 51
2005 49
2005 44
2005 44
2005 44
2005 44
2005 44
2005 44
2005 43
2005 55
2005 49
2005 55
2005 55
2005 55
2005 52
2005 55
2005 55
2005 57
2005 66
2005 65
2005 63
2005 61
2005 57
2005 57
2005 57
2005 57
2005 57
2005 56
2005 56
2005 56
2005 54
2005 54
2005 54
2005 52
2005 52
2005 52
2005 52
2005 52
2005 52
2005 52
2005 51
2005 54
2005 53
2005 49
2005 49
2005 49
2005 50
2005 50
2005 50
2005 50
2005 50
2005 50
2005 50
2005 50
2005 50
2005 50
2005 50
2005 50
2005 50
2005 50
2005 51
2005 51
2005 51
2005 50
2005 49
2005 48
2005 49
2005 51
2005 51
2005 51
2005 50
2005 50
2005 49
2005 53
2005 56
2005 57
2005 62
2005 59
2005 61
2005 68
2005 68
2005 67
2005 72
2005 72
2005 72
2005 77
2005 75
2005 69
2005 69
2005 69
2005 69
2005 69
2005 69
2005 68
2005 66
2005 66
2005 62
2005 62
2005 62
2005 62
2005 62
2005 61
2005 61
2005 57
2005 54
2005 55
2005 59
2005 54
2005 56
2005 56
2005 54
2005 53
2005 65
2005 69
2005 66
2005 65
2005 65
2005 65
2005 59
2005 59
2005 59
2005 63
2005 101
2005 89
2005 101
2005 96
2005 90
2005 84
2005 125
2005 148
2005 140
2005 129
2005 126
2005 127
2005 122
2005 117
2005 125
2005 141
2005 135
2005 128
2005 120
2005 111
2005 106
2005 101
2005 95
2005 86
2005 81
2005 79
2005 75
2005 75
2005 71
2005 68
2005 67
2005 67
2005 63
2005 68
2005 64
2005 61
2005 58
2005 56
2005 69
2005 59
2005 54
2005 45
2005 35
2005 33
2005 29
2005 17
2005 16
2005 6
2005 0
2005 0
2005 0
2005 0
2005 0
2005 0
2005 0
2005 0
2005 0
2005 0
2005 11
2005 11
2005 11
2005 11
2005 10
2005 10
2005 10
2005 10
2005 NA
2005 10
2005 10
2005 9
2005 NA
2005 9
2005 9
2005 8
2005 8
2005 8
2005 8
2005 NA
2005 9
2005 8
2005 8
2005 NA
2005 11
2005 10
2005 NA
2005 10
2005 NA
2005 10
2005 11
2005 12
2005 12
2005 11
2005 13
2005 13
2005 13
2005 NA
2005 13
2005 11
2005 11
2005 7
2005 NA
2005 11
2005 11
2005 10
2005 NA
2005 11
2005 9
2005 NA
2005 9
2005 9
2005 7
2005 6
2005 NA
2005 NA
2005 9
2005 NA
2005 9
2005 9
2005 9
2005 9
2005 6
2005 10
2005 9
2005 8
2005 NA
2005 9
2005 NA
2005 10
2005 8
2005 NA
2005 10
2005 NA
2005 9
2005 11
2005 11
2005 11
2005 11
2005 11
2005 9
2005 NA
2005 11
2005 11
2005 NA
2005 NA
2006 12
2006 12
2006 12
2006 12
2006 12
2006 11
2006 NA
2006 NA
2006 11
2006 NA
2006 12
2006 13
2006 13
2006 13
2006 10
2006 NA
2006 NA
2006 13
2006 14
2006 13
2006 13
2006 12
2006 13
2006 12
2006 13
2006 13
2006 12
2006 12
2006 12
2006 10
2006 11
2006 12
2006 16
2006 26
2006 29
2006 39
2006 46
2006 44
2006 40
2006 38
2006 34
2006 31
2006 31
2006 27
2006 23
2006 22
2006 19
2006 16
2006 12
2006 12
2006 11
2006 11
2006 12
2006 13
2006 11
2006 NA
2006 9
2006 NA
2006 NA
2006 12
2006 10
2006 12
2006 0
2006 0
2006 0
2006 4
2006 3
2006 2
2006 2
2006 NA
2006 0
2006 0
2006 0
2006 5
2006 4
2006 4
2006 4
2006 4
2006 3
2006 3
2006 3
2006 3
2006 3
2006 4
2006 4
2006 4
2006 4
2006 4
2006 4
2006 4
2006 11
2006 12
2006 4
2006 32
2006 17
2006 13
2006 13
2006 12
2006 12
2006 15
2006 11
2006 5
2006 5
2006 17
2006 13
2006 13
2006 5
2006 5
2006 5
2006 5
2006 5
2006 4
2006 4
2006 4
2006 14
2006 14
2006 15
2006 18
2006 16
2006 16
2006 16
2006 12
2006 19
2006 18
2006 18
2006 18
2006 18
2006 21
2006 20
2006 20
2006 22
2006 22
2006 22
2006 21
2006 19
2006 19
2006 19
2006 16
2006 16
2006 16
2006 15
2006 14
2006 14
2006 14
2006 14
2006 14
2006 14
2006 14
2006 17
2006 20
2006 57
2006 46
2006 50
2006 49
2006 45
2006 43
2006 43
2006 43
2006 41
2006 38
2006 36
2006 42
2006 40
2006 40
2006 40
2006 40
2006 40
2006 39
2006 39
2006 56
2006 55
2006 54
2006 62
2006 59
2006 58
2006 57
2006 61
2006 89
2006 83
2006 79
2006 76
2006 70
2006 69
2006 80
2006 68
2006 72
2006 70
2006 68
2006 68
2006 68
2006 67
2006 73
2006 69
2006 65
2006 64
2006 64
2006 65
2006 65
2006 65
2006 66
2006 62
2006 62
2006 66
2006 62
2006 66
2006 70
2006 68
2006 60
2006 61
2006 71
2006 68
2006 71
2006 65
2006 82
2006 78
2006 78
2006 74
2006 77
2006 75
2006 74
2006 69
2006 75
2006 93
2006 87
2006 84
2006 82
2006 77
2006 79
2006 75
2006 75
2006 73
2006 72
2006 79
2006 71
2006 67
2006 64
2006 72
2006 66
2006 66
2006 67
2006 63
2006 60
2006 59
2006 55
2006 55
2006 49
2006 47
2006 45
2006 44
2006 40
2006 56
2006 50
2006 92
2006 69
2006 56
2006 53
2006 47
2006 43
2006 31
2006 23
2006 14
2006 0
2006 0
2006 0
2006 0
2006 0
2006 0
2006 0
2006 0
2006 0
2006 0
2006 0
2006 2
2006 13
2006 14
2006 12
2006 12
2006 12
2006 11
2006 12
2006 11
2006 11
2006 11
2006 11
2006 11
2006 10
2006 10
2006 9
2006 8
2006 NA
2006 11
2006 11
2006 8
2006 NA
2006 10
2006 10
2006 10
2006 9
2006 NA
2006 10
2006 NA
2006 11
2006 10
2006 NA
2006 11
2006 11
2006 11
2006 10
2006 9
2006 9
2006 9
2006 9
2006 9
2006 NA
2006 12
2006 12
2006 12
2006 11
2006 11
2006 10
2006 10
2006 NA
2006 11
2006 NA
2006 12
2006 12
2006 12
2006 12
2006 10
2006 NA
2006 10
2006 10
2006 10
2006 10
2006 9
2006 NA
2006 9
2006 9
2006 9
2006 10
2006 10
2006 NA
2006 10
2006 9
2006 NA
2006 9
2006 10
2006 9
2006 11
2006 10
2006 10
2006 8
2006 NA
2006 8
2006 NA
2006 9
2006 NA
2006 9
2006 10
2006 10
2006 9
2006 NA
2006 10
2006 9
2006 9
2007 NA
2007 10
2007 NA
2007 10
2007 NA
2007 NA
2007 12
2007 2
2007 1
2007 1
2007 1
2007 1
2007 1
2007 0
2007 0
2007 0
2007 0
2007 0
2007 0
2007 0
2007 0
2007 0
2007 0
2007 0
2007 NA
2007 NA
2007 0
2007 0
2007 0
2007 0
2007 0
2007 0
2007 0
2007 0
2007 1
2007 0
2007 0
2007 1
2007 1
2007 1
2007 1
2007 0
2007 NA
2007 NA
2007 0
2007 1
2007 1
2007 0
2007 1
2007 0
2007 0
2007 0
2007 0
2007 NA
2007 NA
2007 0
2007 NA
2007 NA
2007 0
2007 0
2007 0
2007 0
2007 3
2007 0
2007 0
2007 0
2007 0
2007 0
2007 1
2007 0
2007 0
2007 0
2007 0
2007 0
2007 1
2007 0
2007 2
2007 1
2007 2
2007 3
2007 6
2007 3
2007 8
2007 9
2007 10
2007 8
2007 8
2007 9
2007 8
2007 7
2007 7
2007 8
2007 8
2007 8
2007 8
2007 7
2007 6
2007 32
2007 27
2007 48
2007 44
2007 38
2007 35
2007 33
2007 31
2007 31
2007 27
2007 26
2007 26
2007 28
2007 28
2007 28
2007 28
2007 25
2007 12
2007 12
2007 12
2007 12
2007 12
2007 12
2007 12
2007 12
2007 12
2007 14
2007 14
2007 13
2007 8
2007 7
2007 7
2007 6
2007 6
2007 6
2007 6
2007 6
2007 5
2007 5
2007 5
2007 5
2007 5
2007 5
2007 4
2007 4
2007 4
2007 4
2007 6
2007 14
2007 12
2007 13
2007 15
2007 13
2007 12
2007 14
2007 15
2007 12
2007 10
2007 10
2007 10
2007 10
2007 10
2007 10
2007 11
2007 11
2007 10
2007 12
2007 10
2007 25
2007 25
2007 25
2007 25
2007 25
2007 23
2007 24
2007 22
2007 21
2007 20
2007 20
2007 20
2007 21
2007 30
2007 36
2007 28
2007 28
2007 33
2007 32
2007 31
2007 30
2007 29
2007 37
2007 37
2007 37
2007 37
2007 30
2007 28
2007 27
2007 23
2007 21
2007 21
2007 21
2007 21
2007 25
2007 25
2007 22
2007 25
2007 25
2007 24
2007 40
2007 98
2007 128
2007 110
2007 98
2007 85
2007 105
2007 94
2007 90
2007 83
2007 78
2007 112
2007 105
2007 98
2007 93
2007 87
2007 85
2007 79
2007 74
2007 80
2007 82
2007 80
2007 72
2007 69
2007 64
2007 59
2007 55
2007 50
2007 47
2007 45
2007 37
2007 34
2007 27
2007 25
2007 18
2007 18
2007 15
2007 21
2007 32
2007 31
2007 39
2007 65
2007 51
2007 42
2007 34
2007 34
2007 25
2007 20
2007 11
2007 8
2007 9
2007 10
2007 7
2007 7
2007 4
2007 4
2007 4
2007 3
2007 0
2007 0
2007 0
2007 0
2007 0
2007 0
2007 0
2007 0
2007 0
2007 0
2007 9
2007 10
2007 4
2007 0
2007 0
2007 0
2007 0
2007 0
2007 0
2007 0
2007 0
2007 NA
2007 NA
2007 1
2007 0
2007 0
2007 NA
2007 NA
2007 NA
2007 NA
2007 NA
2007 NA
2007 NA
2007 NA
2007 NA
2007 NA
2007 NA
2007 NA
2007 NA
2007 NA
2007 NA
2007 NA
2007 NA
2007 NA
2007 NA
2007 NA
2007 NA
2007 NA
2007 NA
2007 NA
2007 NA
2007 0
2007 0
2007 0
2007 0
2007 0
2007 NA
2007 NA
2007 NA
2007 NA
2007 NA
2007 0
2007 0
2007 0
2007 0
2007 0
2007 NA
2007 NA
2007 0
2007 0
2007 1
2007 1
2007 NA
2007 NA
2007 0
2007 NA
2007 NA
2007 NA
2007 NA
2007 NA
2007 NA
2007 0
2007 NA
2007 NA
2007 NA
2007 NA
2007 NA
2007 NA
2007 NA
2007 NA
2007 NA
2007 NA
2007 NA
2007 0
2007 0
2007 0
2007 NA
2007 NA
2007 NA
2007 NA
2007 NA
2007 NA
2008 NA
2008 NA
2008 NA
2008 NA
2008 NA
2008 NA
2008 NA
2008 NA
2008 NA
2008 NA
2008 NA
2008 NA
2008 0
2008 NA
2008 NA
2008 NA
2008 NA
2008 NA
2008 NA
2008 NA
2008 NA
2008 NA
2008 NA
2008 NA
2008 NA
2008 NA
2008 NA
2008 NA
2008 NA
2008 NA
2008 NA
2008 NA
2008 NA
2008 NA
2008 NA
2008 NA
2008 NA
2008 NA
2008 NA
2008 NA
2008 NA
2008 1
2008 0
2008 0
2008 NA
2008 NA
2008 NA
2008 NA
2008 NA
2008 NA
2008 NA
2008 NA
2008 NA
2008 NA
2008 NA
2008 27
2008 29
2008 25
2008 24
2008 24
2008 22
2008 24
2008 20
2008 21
2008 20
2008 20
2008 18
2008 18
2008 17
2008 17
2008 16
2008 17
2008 18
2008 18
2008 19
2008 20
2008 19
2008 18
2008 18
2008 18
2008 18
2008 21
2008 39
2008 38
2008 42
2008 42
2008 37
2008 36
2008 35
2008 35
2008 33
2008 33
2008 33
2008 34
2008 57
2008 51
2008 50
2008 49
2008 49
2008 54
2008 68
2008 68
2008 65
2008 64
2008 64
2008 71
2008 63
2008 63
2008 63
2008 61
2008 60
2008 44
2008 45
2008 47
2008 46
2008 45
2008 44
2008 44
2008 44
2008 44
2008 44
2008 47
2008 44
2008 44
2008 50
2008 45
2008 43
2008 53
2008 49
2008 49
2008 49
2008 49
2008 49
2008 61
2008 85
2008 79
2008 89
2008 89
2008 87
2008 84
2008 82
2008 81
2008 77
2008 80
2008 78
2008 78
2008 78
2008 76
2008 74
2008 74
2008 74
2008 74
2008 74
2008 73
2008 76
2008 74
2008 78
2008 86
2008 84
2008 85
2008 85
2008 84
2008 83
2008 83
2008 82
2008 82
2008 82
2008 82
2008 82
2008 82
2008 82
2008 82
2008 80
2008 80
2008 80
2008 80
2008 79
2008 79
2008 79
2008 79
2008 78
2008 78
2008 78
2008 76
2008 76
2008 75
2008 77
2008 79
2008 77
2008 82
2008 82
2008 81
2008 85
2008 82
2008 88
2008 88
2008 87
2008 87
2008 87
2008 85
2008 85
2008 85
2008 85
2008 94
2008 92
2008 91
2008 101
2008 90
2008 90
2008 90
2008 91
2008 91
2008 99
2008 103
2008 93
2008 92
2008 92
2008 92
2008 92
2008 91
2008 92
2008 93
2008 95
2008 103
2008 113
2008 111
2008 107
2008 118
2008 116
2008 111
2008 112
2008 119
2008 115
2008 126
2008 120
2008 117
2008 112
2008 105
2008 103
2008 102
2008 97
2008 103
2008 98
2008 101
2008 97
2008 91
2008 91
2008 85
2008 75
2008 72
2008 66
2008 64
2008 59
2008 61
2008 67
2008 71
2008 67
2008 62
2008 58
2008 58
2008 56
2008 50
2008 49
2008 49
2008 49
2008 41
2008 39
2008 34
2008 26
2008 18
2008 1
2008 0
2008 0
2008 0
2008 NA
2008 NA
2008 NA
2008 NA
2008 NA
2008 NA
2008 NA
2008 NA
2008 NA
2008 NA
2008 NA
2008 NA
2008 NA
2008 NA
2008 NA
2008 NA
2008 NA
2008 NA
2008 NA
2008 NA
2008 NA
2008 NA
2008 NA
2008 NA
2008 NA
2008 NA
2008 NA
2008 NA
2008 NA
2008 NA
2008 NA
2008 NA
2008 NA
2008 NA
2008 NA
2008 NA
2008 NA
2008 NA
2008 NA
2008 NA
2008 NA
2008 NA
2008 NA
2008 NA
2008 NA
2008 NA
2008 NA
2008 NA
2008 NA
2008 NA
2008 NA
2008 NA
2008 NA
2008 NA
2008 NA
2008 NA
2008 NA
2008 NA
2008 NA
2008 NA
2008 NA
2008 NA
2008 NA
2008 NA
2008 NA
2008 NA
2008 NA
2008 NA
2008 NA
2008 NA
2008 1
2008 NA
2008 NA
2008 NA
2008 NA
2008 NA
2008 NA
2008 NA
2008 NA
2008 NA
2008 NA
2008 NA
2008 NA
2008 NA
2008 0
2008 0
2008 0
2008 0
2008 0
2008 0
2008 NA
2008 NA
2009 NA
2009 NA
2009 NA
2009 NA
2009 NA
2009 NA
2009 0
2009 NA
2009 NA
2009 NA
2009 NA
2009 NA
2009 NA
2009 17
2009 3
2009 0
2009 1
2009 0
2009 NA
2009 NA
2009 NA
2009 NA
2009 NA
2009 NA
2009 NA
2009 NA
2009 NA
2009 NA
2009 NA
2009 NA
2009 NA
2009 NA
2009 NA
2009 NA
2009 0
2009 0
2009 NA
2009 NA
2009 4
2009 NA
2009 NA
2009 NA
2009 NA
2009 1
2009 0
2009 0
2009 0
2009 2
2009 0
2009 1
2009 1
2009 2
2009 1
2009 3
2009 2
2009 3
2009 0
2009 2
2009 16
2009 9
2009 12
2009 10
2009 4
2009 13
2009 15
2009 59
2009 59
2009 65
2009 61
2009 55
2009 54
2009 51
2009 58
2009 63
2009 57
2009 55
2009 52
2009 51
2009 50
2009 50
2009 49
2009 47
2009 43
2009 43
2009 55
2009 57
2009 55
2009 53
2009 59
2009 51
2009 44
2009 47
2009 50
2009 50
2009 50
2009 56
2009 65
2009 60
2009 59
2009 58
2009 75
2009 75
2009 72
2009 70
2009 53
2009 136
2009 149
2009 188
2009 176
2009 166
2009 159
2009 153
2009 148
2009 144
2009 143
2009 136
2009 135
2009 133
2009 129
2009 124
2009 124
2009 125
2009 128
2009 124
2009 125
2009 125
2009 121
2009 123
2009 118
2009 162
2009 162
2009 150
2009 146
2009 144
2009 144
2009 139
2009 137
2009 136
2009 133
2009 133
2009 130
2009 139
2009 135
2009 135
2009 132
2009 152
2009 154
2009 152
2009 166
2009 161
2009 158
2009 154
2009 150
2009 149
2009 140
2009 137
2009 135
2009 133
2009 153
2009 151
2009 148
2009 146
2009 146
2009 186
2009 180
2009 178
2009 176
2009 176
2009 173
2009 172
2009 172
2009 171
2009 170
2009 170
2009 168
2009 168
2009 168
2009 168
2009 167
2009 166
2009 167
2009 167
2009 169
2009 167
2009 167
2009 170
2009 192
2009 188
2009 184
2009 177
2009 175
2009 182
2009 173
2009 171
2009 165
2009 165
2009 165
2009 165
2009 164
2009 163
2009 163
2009 163
2009 161
2009 160
2009 160
2009 159
2009 159
2009 159
2009 163
2009 178
2009 180
2009 179
2009 195
2009 223
2009 247
2009 237
2009 230
2009 226
2009 220
2009 216
2009 210
2009 208
2009 207
2009 231
2009 230
2009 218
2009 210
2009 209
2009 205
2009 210
2009 221
2009 238
2009 248
2009 236
2009 228
2009 224
2009 225
2009 230
2009 220
2009 258
2009 239
2009 241
2009 236
2009 230
2009 224
2009 218
2009 215
2009 211
2009 204
2009 196
2009 196
2009 195
2009 190
2009 180
2009 165
2009 160
2009 160
2009 165
2009 155
2009 151
2009 143
2009 137
2009 128
2009 113
2009 102
2009 90
2009 80
2009 67
2009 66
2009 62
2009 53
2009 48
2009 40
2009 39
2009 35
2009 28
2009 NA
2009 NA
2009 NA
2009 NA
2009 NA
2009 NA
2009 NA
2009 NA
2009 NA
2009 NA
2009 NA
2009 NA
2009 NA
2009 NA
2009 NA
2009 NA
2009 NA
2009 NA
2009 NA
2009 NA
2009 NA
2009 NA
2009 NA
2009 0
2009 NA
2009 NA
2009 NA
2009 0
2009 0
2009 0
2009 0
2009 0
2009 0
2009 0
2009 0
2009 0
2009 0
2009 0
2009 0
2009 0
2009 0
2009 0
2009 0
2009 0
2009 6
2009 3
2009 0
2009 0
2009 0
2009 0
2009 0
2009 0
2009 0
2009 0
2009 0
2009 0
2009 0
2009 0
2009 0
2009 0
2009 0
2009 0
2009 0
2009 0
2009 0
2009 0
2009 0
2009 0
2009 0
2009 0
2009 0
2009 0
2009 0
2009 0
2009 0
2009 0
2009 0
2009 0
2009 0
2009 0
2009 0
2009 0
2009 0
2009 0
2009 0
2009 0
2009 0
2009 0
2009 0
2010 0
2010 0
2010 0
2010 0
2010 0
2010 0
2010 0
2010 0
2010 0
2010 0
2010 0
2010 0
2010 0
2010 0
2010 8
2010 5
2010 0
2010 0
2010 0
2010 0
2010 0
2010 0
2010 0
2010 0
2010 0
2010 0
2010 0
2010 0
2010 0
2010 0
2010 0
2010 0
2010 0
2010 0
2010 0
2010 0
2010 0
2010 0
2010 0
2010 0
2010 0
2010 0
2010 0
2010 0
2010 0
2010 0
2010 0
2010 7
2010 0
2010 0
2010 6
2010 18
2010 20
2010 15
2010 13
2010 13
2010 13
2010 11
2010 7
2010 7
2010 5
2010 5
2010 13
2010 25
2010 36
2010 38
2010 38
2010 35
2010 38
2010 79
2010 70
2010 64
2010 58
2010 55
2010 50
2010 45
2010 39
2010 30
2010 29
2010 28
2010 24
2010 23
2010 23
2010 23
2010 23
2010 22
2010 22
2010 22
2010 22
2010 22
2010 38
2010 38
2010 38
2010 37
2010 44
2010 43
2010 39
2010 31
2010 32
2010 36
2010 36
2010 36
2010 36
2010 44
2010 37
2010 40
2010 39
2010 37
2010 37
2010 38
2010 37
2010 37
2010 51
2010 58
2010 59
2010 77
2010 72
2010 69
2010 68
2010 67
2010 69
2010 66
2010 65
2010 62
2010 74
2010 79
2010 75
2010 74
2010 74
2010 81
2010 86
2010 123
2010 119
2010 113
2010 111
2010 107
2010 109
2010 105
2010 100
2010 97
2010 97
2010 96
2010 95
2010 94
2010 94
2010 91
2010 93
2010 92
2010 103
2010 97
2010 102
2010 101
2010 99
2010 99
2010 98
2010 98
2010 97
2010 104
2010 111
2010 109
2010 107
2010 107
2010 110
2010 110
2010 124
2010 122
2010 112
2010 110
2010 110
2010 116
2010 121
2010 125
2010 122
2010 120
2010 124
2010 123
2010 121
2010 119
2010 130
2010 125
2010 133
2010 131
2010 127
2010 126
2010 139
2010 137
2010 133
2010 138
2010 137
2010 136
2010 139
2010 155
2010 150
2010 147
2010 145
2010 143
2010 142
2010 141
2010 139
2010 139
2010 135
2010 131
2010 129
2010 128
2010 127
2010 125
2010 127
2010 141
2010 140
2010 136
2010 133
2010 132
2010 135
2010 135
2010 136
2010 147
2010 151
2010 152
2010 149
2010 144
2010 144
2010 144
2010 140
2010 146
2010 194
2010 178
2010 167
2010 161
2010 164
2010 165
2010 159
2010 155
2010 153
2010 147
2010 145
2010 151
2010 146
2010 142
2010 133
2010 134
2010 129
2010 122
2010 118
2010 119
2010 114
2010 129
2010 153
2010 190
2010 178
2010 178
2010 170
2010 167
2010 159
2010 159
2010 160
2010 155
2010 164
2010 155
2010 152
2010 148
2010 144
2010 143
2010 139
2010 134
2010 129
2010 128
2010 121
2010 113
2010 107
2010 99
2010 99
2010 90
2010 85
2010 78
2010 75
2010 72
2010 63
2010 53
2010 46
2010 29
2010 14
2010 6
2010 6
2010 3
2010 NA
2010 6
2010 4
2010 3
2010 NA
2010 5
2010 4
2010 4
2010 4
2010 6
2010 4
2010 5
2010 NA
2010 5
2010 5
2010 4
2010 2
2010 NA
2010 5
2010 3
2010 NA
2010 4
2010 3
2010 3
2010 NA
2010 NA
2010 5
2010 3
2010 NA
2010 5
2010 4
2010 4
2010 3
2010 3
2010 NA
2010 4
2010 3
2010 NA
2010 6
2010 5
2010 4
2010 3
2010 6
2010 3
2010 NA
2010 4
2010 NA
2010 5
2010 5
2010 5
2010 3
2010 NA
2010 NA
2010 4
2010 5
2010 6
2010 4
2010 3
2010 2
2010 2
2010 2
2010 NA
2010 NA
2010 4
2010 7
2010 6
2010 5
2010 3
2010 NA
2010 3
2010 3
2010 NA
2010 2
2010 NA
2010 3
2010 2
2010 2
2010 NA
2010 4
2010 5
2010 3
2011 3
2011 NA
2011 3
2011 3
2011 3
2011 2
2011 NA
2011 4
2011 5
2011 5
2011 6
2011 4
2011 NA
2011 6
2011 2
2011 NA
2011 4
2011 4
2011 3
2011 4
2011 2
2011 2
2011 NA
2011 3
2011 5
2011 5
2011 5
2011 6
2011 6
2011 6
2011 6
2011 6
2011 8
2011 5
2011 6
2011 NA
2011 6
2011 5
2011 5
2011 7
2011 5
2011 4
2011 4
2011 6
2011 5
2011 4
2011 5
2011 22
2011 16
2011 12
2011 12
2011 15
2011 13
2011 10
2011 24
2011 32
2011 28
2011 22
2011 21
2011 19
2011 23
2011 27
2011 53
2011 43
2011 41
2011 38
2011 36
2011 31
2011 35
2011 35
2011 37
2011 37
2011 36
2011 30
2011 28
2011 36
2011 47
2011 83
2011 76
2011 78
2011 72
2011 68
2011 65
2011 63
2011 61
2011 61
2011 65
2011 62
2011 63
2011 65
2011 66
2011 73
2011 84
2011 80
2011 78
2011 74
2011 76
2011 73
2011 70
2011 70
2011 68
2011 68
2011 67
2011 68
2011 69
2011 69
2011 69
2011 68
2011 72
2011 69
2011 68
2011 68
2011 77
2011 67
2011 77
2011 94
2011 92
2011 92
2011 90
2011 86
2011 87
2011 86
2011 84
2011 84
2011 84
2011 83
2011 83
2011 82
2011 83
2011 75
2011 76
2011 80
2011 79
2011 80
2011 76
2011 76
2011 75
2011 74
2011 74
2011 74
2011 73
2011 73
2011 73
2011 73
2011 73
2011 73
2011 73
2011 73
2011 73
2011 75
2011 82
2011 93
2011 114
2011 122
2011 114
2011 100
2011 97
2011 96
2011 95
2011 90
2011 89
2011 89
2011 89
2011 89
2011 89
2011 88
2011 88
2011 94
2011 109
2011 115
2011 114
2011 111
2011 110
2011 109
2011 106
2011 104
2011 104
2011 102
2011 102
2011 101
2011 111
2011 158
2011 149
2011 143
2011 152
2011 155
2011 146
2011 139
2011 137
2011 133
2011 132
2011 127
2011 126
2011 135
2011 135
2011 132
2011 167
2011 178
2011 168
2011 163
2011 162
2011 159
2011 155
2011 154
2011 151
2011 149
2011 146
2011 145
2011 153
2011 150
2011 150
2011 149
2011 144
2011 141
2011 135
2011 130
2011 128
2011 126
2011 122
2011 115
2011 111
2011 109
2011 105
2011 99
2011 98
2011 98
2011 98
2011 98
2011 96
2011 93
2011 92
2011 90
2011 88
2011 88
2011 96
2011 90
2011 89
2011 85
2011 81
2011 84
2011 87
2011 92
2011 87
2011 83
2011 79
2011 78
2011 75
2011 70
2011 67
2011 58
2011 58
2011 51
2011 39
2011 36
2011 33
2011 24
2011 17
2011 17
2011 11
2011 7
2011 7
2011 6
2011 0
2011 0
2011 0
2011 0
2011 0
2011 0
2011 0
2011 0
2011 0
2011 0
2011 7
2011 24
2011 15
2011 7
2011 7
2011 9
2011 7
2011 7
2011 5
2011 5
2011 4
2011 4
2011 4
2011 4
2011 3
2011 2
2011 NA
2011 NA
2011 NA
2011 NA
2011 NA
2011 NA
2011 NA
2011 NA
2011 NA
2011 0
2011 0
2011 0
2011 0
2011 0
2011 0
2011 0
2011 0
2011 0
2011 0
2011 0
2011 0
2011 0
2011 0
2011 0
2011 0
2011 0
2011 0
2011 0
2011 0
2011 0
2011 0
2011 0
2011 0
2011 0
2011 0
2011 0
2011 0
2011 0
2011 0
2011 0
2011 0
2011 0
2011 0
2011 0
2011 0
2011 0
2011 0
2011 0
2011 0
2011 0
2011 0
2011 0
2011 0
2011 0
2011 0
2011 0
2011 0
2011 0
2011 0
2011 0
2011 0
2011 0
2011 0
2011 0
2011 0
2011 0
2011 0
2011 0
2011 0
2011 0
2011 0
2011 0
2011 0
2011 0
2011 0
2011 0
2011 0
2012 0
2012 0
2012 0
2012 0
2012 0
2012 0
2012 0
2012 0
2012 0
2012 0
2012 0
2012 0
2012 0
2012 0
2012 0
2012 0
2012 0
2012 0
2012 3
2012 0
2012 0
2012 0
2012 0
2012 0
2012 0
2012 0
2012 0
2012 0
2012 0
2012 0
2012 0
2012 0
2012 0
2012 0
2012 0
2012 0
2012 0
2012 0
2012 0
2012 0
2012 0
2012 0
2012 0
2012 0
2012 0
2012 0
2012 0
2012 0
2012 0
2012 10
2012 0
2012 0
2012 0
2012 0
2012 12
2012 19
2012 15
2012 13
2012 11
2012 9
2012 8
2012 8
2012 7
2012 7
2012 11
2012 23
2012 46
2012 84
2012 88
2012 98
2012 93
2012 89
2012 86
2012 80
2012 80
2012 80
2012 79
2012 77
2012 76
2012 73
2012 73
2012 73
2012 73
2012 73
2012 73
2012 71
2012 71
2012 71
2012 71
2012 71
2012 70
2012 69
2012 69
2012 69
2012 68
2012 70
2012 71
2012 71
2012 74
2012 68
2012 68
2012 68
2012 69
2012 69
2012 75
2012 76
2012 74
2012 104
2012 96
2012 95
2012 98
2012 100
2012 94
2012 93
2012 93
2012 93
2012 93
2012 93
2012 93
2012 92
2012 93
2012 93
2012 93
2012 92
2012 102
2012 100
2012 92
2012 96
2012 94
2012 94
2012 93
2012 92
2012 90
2012 90
2012 90
2012 90
2012 90
2012 90
2012 90
2012 90
2012 90
2012 90
2012 91
2012 91
2012 91
2012 91
2012 91
2012 91
2012 91
2012 91
2012 101
2012 109
2012 112
2012 110
2012 113
2012 109
2012 108
2012 107
2012 107
2012 107
2012 110
2012 110
2012 103
2012 99
2012 99
2012 100
2012 101
2012 100
2012 109
2012 109
2012 108
2012 108
2012 108
2012 107
2012 107
2012 106
2012 106
2012 106
2012 107
2012 107
2012 107
2012 107
2012 107
2012 107
2012 105
2012 117
2012 112
2012 120
2012 129
2012 124
2012 121
2012 120
2012 119
2012 117
2012 113
2012 113
2012 111
2012 111
2012 112
2012 112
2012 115
2012 111
2012 110
2012 107
2012 107
2012 107
2012 107
2012 111
2012 110
2012 109
2012 107
2012 105
2012 98
2012 93
2012 93
2012 90
2012 95
2012 102
2012 93
2012 94
2012 94
2012 93
2012 93
2012 128
2012 122
2012 116
2012 125
2012 138
2012 133
2012 142
2012 130
2012 131
2012 131
2012 131
2012 131
2012 130
2012 144
2012 137
2012 132
2012 130
2012 118
2012 115
2012 113
2012 125
2012 135
2012 123
2012 118
2012 121
2012 124
2012 113
2012 112
2012 110
2012 104
2012 96
2012 92
2012 84
2012 78
2012 75
2012 73
2012 70
2012 71
2012 66
2012 68
2012 81
2012 89
2012 77
2012 68
2012 61
2012 51
2012 47
2012 42
2012 35
2012 31
2012 21
2012 13
2012 0
2012 0
2012 0
2012 0
2012 0
2012 0
2012 0
2012 0
2012 0
2012 0
2012 0
2012 0
2012 0
2012 0
2012 0
2012 0
2012 0
2012 0
2012 0
2012 0
2012 0
2012 0
2012 0
2012 0
2012 0
2012 0
2012 0
2012 0
2012 0
2012 0
2012 0
2012 0
2012 0
2012 0
2012 0
2012 0
2012 0
2012 0
2012 0
2012 0
2012 0
2012 0
2012 0
2012 0
2012 0
2012 0
2012 0
2012 0
2012 0
2012 0
2012 0
2012 0
2012 0
2012 0
2012 0
2012 0
2012 0
2012 0
2012 0
2012 0
2012 0
2012 0
2012 0
2012 0
2012 0
2012 0
2012 0
2012 0
2012 0
2012 0
2012 0
2012 0
2012 0
2012 0
2012 0
2012 0
2012 0
2012 0
2012 0
2012 0
2012 0
2012 0
2012 0
2012 0
2012 0
2012 0
2012 0
2012 0
2012 0
2012 0
2012 5
2013 5
2013 27
2013 5
2013 0
2013 0
2013 0
2013 0
2013 0
2013 0
2013 0
2013 0
2013 0
2013 0
2013 0
2013 0
2013 0
2013 0
2013 0
2013 0
2013 0
2013 0
2013 0
2013 0
2013 0
2013 6
2013 7
2013 4
2013 5
2013 0
2013 0
2013 0
2013 0
2013 0
2013 0
2013 0
2013 0
2013 0
2013 0
2013 0
2013 0
2013 0
2013 0
2013 0
2013 0
2013 12
2013 6
2013 1
2013 0
2013 0
2013 0
2013 0
2013 0
2013 0
2013 0
2013 0
2013 0
2013 10
2013 83
2013 77
2013 59
2013 47
2013 52
2013 52
2013 43
2013 41
2013 37
2013 34
2013 34
2013 34
2013 33
2013 50
2013 86
2013 75
2013 72
2013 65
2013 65
2013 64
2013 63
2013 60
2013 60
2013 58
2013 58
2013 56
2013 55
2013 53
2013 53
2013 52
2013 62
2013 55
2013 105
2013 101
2013 97
2013 94
2013 94
2013 89
2013 99
2013 94
2013 91
2013 100
2013 98
2013 96
2013 96
2013 94
2013 94
2013 116
2013 116
2013 120
2013 119
2013 116
2013 114
2013 112
2013 113
2013 112
2013 123
2013 118
2013 114
2013 112
2013 112
2013 110
2013 110
2013 110
2013 110
2013 108
2013 115
2013 113
2013 110
2013 108
2013 106
2013 104
2013 104
2013 104
2013 104
2013 103
2013 103
2013 102
2013 102
2013 102
2013 102
2013 102
2013 102
2013 100
2013 105
2013 108
2013 106
2013 105
2013 118
2013 117
2013 115
2013 111
2013 113
2013 112
2013 112
2013 112
2013 110
2013 123
2013 123
2013 114
2013 108
2013 108
2013 109
2013 109
2013 109
2013 109
2013 114
2013 117
2013 116
2013 116
2013 115
2013 115
2013 115
2013 113
2013 113
2013 113
2013 115
2013 115
2013 113
2013 123
2013 130
2013 138
2013 133
2013 168
2013 162
2013 150
2013 146
2013 143
2013 121
2013 135
2013 134
2013 133
2013 136
2013 135
2013 134
2013 132
2013 132
2013 132
2013 132
2013 132
2013 143
2013 164
2013 170
2013 164
2013 161
2013 157
2013 156
2013 157
2013 159
2013 158
2013 156
2013 155
2013 159
2013 155
2013 157
2013 156
2013 155
2013 155
2013 155
2013 171
2013 167
2013 167
2013 161
2013 160
2013 167
2013 164
2013 168
2013 168
2013 165
2013 160
2013 154
2013 147
2013 143
2013 140
2013 160
2013 171
2013 175
2013 164
2013 158
2013 153
2013 146
2013 143
2013 142
2013 149
2013 147
2013 134
2013 129
2013 129
2013 124
2013 120
2013 127
2013 119
2013 113
2013 112
2013 103
2013 99
2013 97
2013 91
2013 84
2013 83
2013 100
2013 95
2013 88
2013 111
2013 104
2013 101
2013 99
2013 93
2013 93
2013 93
2013 93
2013 90
2013 88
2013 102
2013 100
2013 94
2013 91
2013 85
2013 79
2013 76
2013 72
2013 67
2013 64
2013 62
2013 52
2013 67
2013 52
2013 46
2013 39
2013 29
2013 5
2013 2
2013 2
2013 2
2013 2
2013 0
2013 0
2013 0
2013 0
2013 0
2013 0
2013 0
2013 0
2013 0
2013 0
2013 0
2013 0
2013 0
2013 0
2013 0
2013 0
2013 0
2013 0
2013 0
2013 0
2013 0
2013 0
2013 0
2013 0
2013 0
2013 0
2013 0
2013 0
2013 0
2013 0
2013 0
2013 0
2013 0
2013 0
2013 0
2013 0
2013 0
2013 0
2013 0
2013 0
2013 0
2013 0
2013 0
2013 4
2013 0
2013 0
2013 0
2013 0
2013 0
2013 0
2013 0
2013 0
2013 0
2013 0
2013 0
2013 0
2013 0
2013 0
2013 0
2013 0
2013 0
2013 0
2013 0
2013 0
2013 0
2013 0
2013 0
2013 0
2013 0
2013 0
2013 0
2013 0
2013 0
2014 0
2014 0
2014 0
2014 0
2014 0
2014 0
2014 0
2014 0
2014 0
2014 0
2014 0
2014 0
2014 0
2014 0
2014 0
2014 0
2014 0
2014 0
2014 0
2014 0
2014 0
2014 0
2014 0
2014 0
2014 0
2014 0
2014 0
2014 0
2014 0
2014 0
2014 0
2014 0
2014 0
2014 0
2014 0
2014 0
2014 4
2014 4
2014 4
2014 2
2014 2
2014 19
2014 16
2014 4
2014 4
2014 2
2014 2
2014 0
2014 0
2014 0
2014 3
2014 3
2014 3
2014 3
2014 3
2014 2
2014 1
2014 0
2014 0
2014 0
2014 0
2014 0
2014 0
2014 10
2014 8
2014 7
2014 15
2014 9
2014 7
2014 7
2014 6
2014 39
2014 32
2014 29
2014 27
2014 44
2014 56
2014 50
2014 47
2014 73
2014 77
2014 88
2014 87
2014 89
2014 82
2014 77
2014 76
2014 74
2014 72
2014 68
2014 66
2014 83
2014 77
2014 63
2014 62
2014 62
2014 61
2014 68
2014 68
2014 67
2014 67
2014 67
2014 68
2014 68
2014 67
2014 67
2014 67
2014 67
2014 67
2014 67
2014 74
2014 75
2014 69
2014 67
2014 66
2014 71
2014 93
2014 97
2014 93
2014 102
2014 99
2014 97
2014 95
2014 95
2014 96
2014 96
2014 99
2014 94
2014 93
2014 91
2014 86
2014 85
2014 85
2014 85
2014 85
2014 100
2014 95
2014 92
2014 115
2014 116
2014 104
2014 100
2014 100
2014 100
2014 97
2014 97
2014 97
2014 108
2014 102
2014 102
2014 102
2014 103
2014 108
2014 106
2014 107
2014 115
2014 114
2014 114
2014 125
2014 119
2014 138
2014 139
2014 134
2014 128
2014 125
2014 120
2014 122
2014 114
2014 102
2014 119
2014 114
2014 112
2014 112
2014 110
2014 112
2014 111
2014 111
2014 109
2014 117
2014 120
2014 120
2014 125
2014 131
2014 127
2014 159
2014 167
2014 160
2014 156
2014 146
2014 137
2014 137
2014 134
2014 132
2014 132
2014 130
2014 128
2014 124
2014 122
2014 118
2014 113
2014 112
2014 113
2014 112
2014 131
2014 138
2014 136
2014 135
2014 154
2014 151
2014 145
2014 141
2014 138
2014 136
2014 132
2014 131
2014 134
2014 136
2014 125
2014 126
2014 121
2014 120
2014 116
2014 116
2014 111
2014 109
2014 103
2014 99
2014 98
2014 98
2014 91
2014 88
2014 110
2014 105
2014 101
2014 97
2014 96
2014 92
2014 99
2014 93
2014 106
2014 104
2014 97
2014 98
2014 102
2014 115
2014 107
2014 100
2014 98
2014 90
2014 91
2014 86
2014 77
2014 74
2014 76
2014 73
2014 73
2014 73
2014 72
2014 69
2014 66
2014 64
2014 61
2014 56
2014 46
2014 39
2014 36
2014 26
2014 31
2014 38
2014 29
2014 18
2014 10
2014 11
2014 3
2014 0
2014 0
2014 0
2014 0
2014 0
2014 0
2014 0
2014 0
2014 0
2014 0
2014 0
2014 0
2014 0
2014 4
2014 5
2014 2
2014 2
2014 3
2014 3
2014 0
2014 0
2014 0
2014 0
2014 0
2014 0
2014 0
2014 0
2014 0
2014 0
2014 0
2014 0
2014 0
2014 0
2014 0
2014 0
2014 0
2014 0
2014 4
2014 2
2014 0
2014 0
2014 0
2014 0
2014 0
2014 0
2014 0
2014 0
2014 0
2014 0
2014 0
2014 0
2014 0
2014 0
2014 0
2014 0
2014 0
2014 0
2014 0
2014 0
2014 0
2014 0
2014 0
2014 0
2014 0
2014 0
2014 0
2014 0
2014 0
2014 0
2014 0
2014 0
2014 0
2014 0
2014 0
2014 0
2014 0
2014 0
2014 0
2014 0
2014 0
2014 0
2014 0
2014 0
2014 0
2014 0
2014 0
2014 0
2014 0
2014 0
2014 0
2014 0
2015 0
2015 0
2015 0
2015 0
2015 0
2015 0
2015 0
2015 0
2015 0
2015 0
2015 0
2015 0
2015 0
2015 0
2015 0
2015 0
2015 0
2015 0
2015 0
2015 0
2015 0
2015 0
2015 0
2015 0
2015 0
2015 0
2015 0
2015 0
2015 0
2015 0
2015 0
2015 0
2015 0
2015 0
2015 0
2015 0
2015 0
2015 0
2015 0
2015 0
2015 0
2015 0
2015 0
2015 0
2015 0
2015 0
2015 0
2015 0
2015 0
2015 0
2015 0
2015 3
2015 0
2015 0
2015 0
2015 0
2015 0
2015 0
2015 0
2015 0
2015 0
2015 0
2015 0
2015 0
2015 13
2015 32
2015 29
2015 27
2015 25
2015 26
2015 24
2015 25
2015 20
2015 28
2015 26
2015 29
2015 43
2015 41
2015 43
2015 42
2015 39
2015 38
2015 38
2015 36
2015 31
2015 30
2015 28
2015 28
2015 27
2015 36
2015 46
2015 54
2015 58
2015 55
2015 56
2015 58
2015 57
2015 64
2015 61
2015 60
2015 61
2015 59
2015 56
2015 56
2015 56
2015 56
2015 60
2015 59
2015 59
2015 56
2015 55
2015 53
2015 53
2015 53
2015 52
2015 52
2015 52
2015 54
2015 74
2015 72
2015 71
2015 68
2015 60
2015 60
2015 57
2015 55
2015 57
2015 57
2015 57
2015 57
2015 55
2015 50
2015 51
2015 49
2015 48
2015 44
2015 46
2015 48
2015 63
2015 69
2015 66
2015 65
2015 64
2015 64
2015 61
2015 63
2015 63
2015 62
2015 62
2015 61
2015 61
2015 78
2015 75
2015 75
2015 75
2015 73
2015 77
2015 94
2015 125
2015 154
2015 135
2015 129
2015 124
2015 120
2015 117
2015 113
2015 110
2015 114
2015 149
2015 147
2015 138
2015 135
2015 130
2015 127
2015 141
2015 134
2015 131
2015 129
2015 127
2015 124
2015 123
2015 121
2015 128
2015 122
2015 122
2015 122
2015 122
2015 120
2015 115
2015 115
2015 115
2015 112
2015 111
2015 111
2015 111
2015 131
2015 179
2015 178
2015 170
2015 162
2015 157
2015 153
2015 155
2015 155
2015 152
2015 152
2015 174
2015 160
2015 156
2015 157
2015 152
2015 147
2015 145
2015 145
2015 145
2015 145
2015 145
2015 151
2015 147
2015 143
2015 141
2015 140
2015 138
2015 135
2015 132
2015 129
2015 127
2015 120
2015 124
2015 118
2015 116
2015 116
2015 114
2015 112
2015 104
2015 102
2015 98
2015 99
2015 98
2015 114
2015 106
2015 112
2015 104
2015 95
2015 87
2015 77
2015 68
2015 59
2015 55
2015 48
2015 47
2015 43
2015 37
2015 34
2015 15
2015 3
2015 4
2015 35
2015 16
2015 0
2015 0
2015 0
2015 1
2015 0
2015 5
2015 4
2015 3
2015 0
2015 0
2015 0
2015 0
2015 0
2015 0
2015 0
2015 0
2015 0
2015 0
2015 0
2015 0
2015 0
2015 0
2015 0
2015 0
2015 0
2015 0
2015 0
2015 0
2015 0
2015 0
2015 0
2015 0
2015 0
2015 0
2015 0
2015 0
2015 0
2015 0
2015 0
2015 0
2015 0
2015 0
2015 0
2015 0
2015 0
2015 0
2015 0
2015 0
2015 0
2015 0
2015 0
2015 0
2015 0
2015 0
2015 0
2015 0
2015 0
2015 0
2015 0
2015 0
2015 0
2015 0
2015 0
2015 0
2015 0
2015 0
2015 0
2015 0
2015 0
2015 0
2015 0
2015 0
2015 0
2015 0
2015 0
2015 0
2015 0
2015 0
2015 0
2015 0
2015 0
2015 0
2015 0
2015 0
2015 0
2015 0
2015 0
2015 0
2015 0
2015 0
2015 1
2015 0
2015 2
2015 0
2015 0
2015 0
2015 0
2015 0
2015 0
2015 0
2015 0
2015 0
2015 0
2015 0
2015 0
2015 0
2016 0
2016 0
2016 0
2016 0
2016 0
2016 0
2016 0
2016 0
2016 0
2016 0
2016 0
2016 0
2016 0
2016 0
2016 0
2016 0
2016 0
2016 0
2016 0
2016 0
2016 0
2016 0
2016 0
2016 0
2016 0
2016 0
2016 3
2016 0
2016 15
2016 7
2016 18
2016 32
2016 31
2016 29
2016 25
2016 8
2016 6
2016 4
2016 3
2016 7
2016 5
2016 3
2016 5
2016 5
2016 5
2016 31
2016 16
2016 9
2016 7
2016 2
2016 0
2016 0
2016 0
2016 0
2016 0
2016 0
2016 0
2016 15
2016 38
2016 23
2016 24
2016 20
2016 19
2016 17
2016 17
2016 20
2016 15
2016 14
2016 14
2016 10
2016 8
2016 0
2016 0
2016 0
2016 0
2016 0
2016 0
2016 0
2016 0
2016 0
2016 0
2016 21
2016 22
2016 17
2016 23
2016 20
2016 20
2016 20
2016 20
2016 20
2016 19
2016 20
2016 19
2016 19
2016 19
2016 23
2016 22
2016 21
2016 20
2016 20
2016 20
2016 19
2016 18
2016 18
2016 18
2016 18
2016 19
2016 19
2016 19
2016 19
2016 19
2016 19
2016 18
2016 18
2016 18
2016 18
2016 18
2016 18
2016 18
2016 18
2016 18
2016 18
2016 18
2016 18
2016 22
2016 29
2016 28
2016 28
2016 28
2016 28
2016 28
2016 32
2016 21
2016 25
2016 27
2016 26
2016 27
2016 27
2016 25
2016 22
2016 23
2016 23
2016 23
2016 22
2016 21
2016 21
2016 21
2016 21
2016 21
2016 21
2016 21
2016 23
2016 23
2016 23
2016 22
2016 22
2016 22
2016 22
2016 22
2016 31
2016 30
2016 27
2016 39
2016 39
2016 36
2016 50
2016 38
2016 36
2016 37
2016 41
2016 39
2016 41
2016 38
2016 38
2016 34
2016 41
2016 40
2016 41
2016 41
2016 41
2016 75
2016 91
2016 94
2016 87
2016 93
2016 99
2016 133
2016 140
2016 132
2016 126
2016 121
2016 116
2016 113
2016 110
2016 108
2016 111
2016 111
2016 108
2016 125
2016 121
2016 115
2016 112
2016 110
2016 109
2016 106
2016 105
2016 102
2016 103
2016 102
2016 104
2016 103
2016 100
2016 97
2016 105
2016 102
2016 101
2016 98
2016 99
2016 99
2016 91
2016 88
2016 92
2016 87
2016 83
2016 80
2016 79
2016 84
2016 81
2016 76
2016 75
2016 77
2016 76
2016 71
2016 70
2016 73
2016 71
2016 66
2016 67
2016 66
2016 64
2016 62
2016 60
2016 51
2016 82
2016 93
2016 77
2016 74
2016 65
2016 65
2016 63
2016 63
2016 67
2016 67
2016 68
2016 70
2016 66
2016 63
2016 60
2016 56
2016 48
2016 48
2016 50
2016 48
2016 42
2016 35
2016 33
2016 24
2016 15
2016 12
2016 6
2016 5
2016 5
2016 5
2016 5
2016 0
2016 0
2016 0
2016 0
2016 0
2016 0
2016 0
2016 0
2016 0
2016 0
2016 0
2016 0
2016 0
2016 0
2016 0
2016 5
2016 3
2016 5
2016 25
2016 3
2016 0
2016 0
2016 0
2016 0
2016 0
2016 0
2016 0
2016 0
2016 0
2016 0
2016 0
2016 0
2016 0
2016 0
2016 0
2016 0
2016 0
2016 0
2016 0
2016 0
2016 0
2016 0
2016 0
2016 0
2016 0
2016 0
2016 0
2016 0
2016 0
2016 0
2016 0
2016 0
2016 0
2016 0
2016 0
2016 0
2016 0
2016 0
2016 0
2016 0
2016 0
2016 0
2016 0
2016 0
2016 0
2016 0
2016 0
2016 0
2016 0
2016 0
2016 0
2016 0
2016 0
2016 0
2016 0
2016 0
2016 0
2016 0
2016 0
2016 0
2016 0
2016 0
2016 0
2016 0
2016 0
2016 0
2016 0
2016 0
2016 0
2016 0
2016 0
2016 0
2017 0
2017 0
2017 0
2017 0
2017 0
2017 0
2017 0
2017 0
2017 0
2017 0
2017 0
2017 0
2017 0
2017 0
2017 0
2017 0
2017 0
2017 25
2017 6
2017 0
2017 0
2017 0
2017 0
2017 0
2017 0
2017 0
2017 0
2017 0
2017 0
2017 0
2017 0
2017 0
2017 1
2017 0
2017 0
2017 0
2017 0
2017 0
2017 0
2017 0
2017 1
2017 4
2017 6
2017 25
2017 17
2017 15
2017 14
2017 14
2017 12
2017 12
2017 12
2017 13
2017 19
2017 13
2017 2
2017 0
2017 0
2017 0
2017 0
2017 0
2017 0
2017 0
2017 0
2017 0
2017 0
2017 36
2017 34
2017 31
2017 31
2017 31
2017 31
2017 31
2017 31
2017 30
2017 33
2017 33
2017 33
2017 31
2017 30
2017 36
2017 34
2017 30
2017 25
2017 27
2017 83
2017 166
2017 167
2017 157
2017 150
2017 146
2017 142
2017 140
2017 136
2017 136
2017 133
2017 133
2017 128
2017 126
2017 126
2017 125
2017 123
2017 122
2017 121
2017 120
2017 119
2017 118
2017 118
2017 117
2017 115
2017 115
2017 113
2017 129
2017 131
2017 128
2017 126
2017 122
2017 120
2017 120
2017 120
2017 120
2017 119
2017 116
2017 116
2017 116
2017 116
2017 115
2017 114
2017 114
2017 114
2017 114
2017 114
2017 114
2017 114
2017 113
2017 126
2017 114
2017 114
2017 114
2017 114
2017 112
2017 112
2017 112
2017 112
2017 112
2017 112
2017 112
2017 113
2017 112
2017 113
2017 113
2017 115
2017 111
2017 111
2017 111
2017 111
2017 123
2017 122
2017 124
2017 137
2017 133
2017 131
2017 151
2017 144
2017 142
2017 140
2017 135
2017 137
2017 130
2017 130
2017 129
2017 131
2017 130
2017 129
2017 129
2017 128
2017 126
2017 126
2017 126
2017 126
2017 126
2017 126
2017 141
2017 136
2017 136
2017 137
2017 147
2017 159
2017 167
2017 162
2017 159
2017 157
2017 155
2017 155
2017 155
2017 152
2017 150
2017 149
2017 146
2017 145
2017 144
2017 141
2017 140
2017 137
2017 137
2017 138
2017 156
2017 207
2017 196
2017 189
2017 184
2017 182
2017 180
2017 175
2017 204
2017 223
2017 216
2017 210
2017 215
2017 208
2017 202
2017 198
2017 189
2017 184
2017 178
2017 173
2017 171
2017 169
2017 164
2017 161
2017 155
2017 155
2017 161
2017 160
2017 155
2017 150
2017 145
2017 144
2017 160
2017 156
2017 158
2017 157
2017 153
2017 158
2017 172
2017 173
2017 167
2017 173
2017 162
2017 171
2017 164
2017 160
2017 157
2017 163
2017 166
2017 169
2017 154
2017 149
2017 149
2017 139
2017 136
2017 124
2017 114
2017 113
2017 111
2017 104
2017 99
2017 87
2017 80
2017 69
2017 58
2017 45
2017 37
2017 27
2017 20
2017 10
2017 4
2017 0
2017 0
2017 0
2017 0
2017 0
2017 0
2017 0
2017 0
2017 0
2017 0
2017 0
2017 0
2017 0
2017 0
2017 0
2017 0
2017 0
2017 0
2017 0
2017 0
2017 0
2017 0
2017 0
2017 0
2017 0
2017 0
2017 0
2017 0
2017 0
2017 0
2017 0
2017 0
2017 0
2017 0
2017 0
2017 0
2017 0
2017 0
2017 0
2017 0
2017 0
2017 0
2017 0
2017 0
2017 0
2017 0
2017 0
2017 0
2017 0
2017 0
2017 0
2017 0
2017 0
2017 0
2017 0
2017 0
2017 0
2017 0
2017 0
2017 0
2017 0
2017 0
2017 0
2017 0
2017 0
2017 0
2017 0
2017 0
2017 0
2017 0
2017 0
2017 0
2017 0
2017 0
2017 0
2017 0
2017 0
2017 0
2017 0
2017 0
2017 0
2017 0
2017 0
2017 0
2017 0
2017 0
2017 0
2017 0
2017 0
2018 0
2018 0
2018 0
2018 0
2018 0
2018 0
2018 0
2018 0
2018 0
2018 0
2018 0
2018 0
2018 0
2018 0
2018 0
2018 5
2018 1
2018 2
2018 0
2018 0
2018 0
2018 0
2018 0
2018 0
2018 0
2018 0
2018 0
2018 0
2018 0
2018 0
2018 0
2018 0
2018 0
2018 0
2018 0
2018 0
2018 0
2018 0
2018 0
2018 0
2018 0
2018 0
2018 0
2018 0
2018 0
2018 0
2018 0
2018 0
2018 0
2018 0
2018 0
2018 2
2018 1
2018 0
2018 0
2018 0
2018 0
2018 0
2018 0
2018 0
2018 0
2018 0
2018 0
2018 0
2018 0
2018 16
2018 18
2018 37
2018 32
2018 36
2018 35
2018 31
2018 27
2018 33
2018 33
2018 33
2018 33
2018 33
2018 32
2018 32
2018 31
2018 31
2018 31
2018 30
2018 30
2018 29
2018 30
2018 29
2018 29
2018 29
2018 29
2018 29
2018 46
2018 59
2018 54
2018 52
2018 51
2018 49
2018 52
2018 51
2018 50
2018 66
2018 94
2018 87
2018 77
2018 63
2018 66
2018 65
2018 64
2018 64
2018 64
2018 62
2018 62
2018 62
2018 61
2018 60
2018 58
2018 62
2018 75
2018 71
2018 97
2018 87
2018 87
2018 93
2018 94
2018 104
2018 99
2018 96
2018 97
2018 156
2018 209
2018 200
2018 191
2018 185
2018 182
2018 179
2018 176
2018 168
2018 146
2018 137
2018 136
2018 136
2018 139
2018 117
2018 114
2018 114
2018 113
2018 114
2018 113
2018 113
2018 113
2018 113
2018 111
2018 112
2018 112
2018 112
2018 112
2018 115
2018 111
2018 126
2018 121
2018 120
2018 117
2018 116
2018 115
2018 115
2018 115
2018 115
2018 118
2018 118
2018 124
2018 122
2018 122
2018 127
2018 126
2018 144
2018 178
2018 170
2018 166
2018 163
2018 160
2018 174
2018 170
2018 171
2018 174
2018 171
2018 174
2018 168
2018 166
2018 163
2018 161
2018 168
2018 179
2018 173
2018 170
2018 169
2018 161
2018 168
2018 172
2018 174
2018 172
2018 169
2018 166
2018 166
2018 165
2018 163
2018 161
2018 161
2018 161
2018 157
2018 159
2018 163
2018 161
2018 159
2018 158
2018 168
2018 178
2018 173
2018 165
2018 159
2018 173
2018 172
2018 177
2018 211
2018 232
2018 222
2018 214
2018 208
2018 197
2018 188
2018 180
2018 177
2018 168
2018 166
2018 162
2018 157
2018 153
2018 150
2018 144
2018 140
2018 137
2018 133
2018 134
2018 137
2018 139
2018 145
2018 145
2018 140
2018 136
2018 128
2018 123
2018 120
2018 117
2018 108
2018 103
2018 123
2018 126
2018 114
2018 112
2018 108
2018 106
2018 102
2018 99
2018 94
2018 94
2018 90
2018 85
2018 76
2018 67
2018 60
2018 50
2018 49
2018 41
2018 37
2018 28
2018 18
2018 5
2018 3
2018 0
2018 0
2018 0
2018 0
2018 0
2018 0
2018 0
2018 0
2018 0
2018 0
2018 3
2018 2
2018 0
2018 0
2018 0
2018 0
2018 0
2018 0
2018 0
2018 0
2018 0
2018 0
2018 0
2018 0
2018 0
2018 0
2018 0
2018 0
2018 0
2018 0
2018 0
2018 0
2018 0
2018 0
2018 0
2018 0
2018 0
2018 0
2018 0
2018 0
2018 0
2018 0
2018 0
2018 0
2018 0
2018 0
2018 0
2018 0
2018 0
2018 0
2018 0
2018 0
2018 0
2018 0
2018 0
2018 0
2018 0
2018 0
2018 0
2018 0
2018 0
2018 0
2018 0
2018 0
2018 0
2018 0
2018 0
2018 0
2018 0
2018 0
2018 0
2018 0
2018 0
2018 0
2018 0
2018 0
2018 0
2018 0
2018 0
2018 0
2018 0
2018 0
2018 0
2018 0
2018 0
2018 0
2018 0
2019 0
2019 0
2019 0
2019 0
2019 0
2019 0
2019 0
2019 0
2019 0
2019 0
2019 0
2019 0
2019 0
2019 0
2019 0
2019 0
2019 0
2019 0
2019 0
2019 0
2019 0
2019 0
2019 0
2019 0
2019 0
2019 0
2019 0
2019 0
2019 0
2019 0
2019 4
2019 3
2019 1
2019 0
2019 0
2019 0
2019 0
2019 0
2019 0
2019 5
2019 0
2019 0
2019 0
2019 0
2019 0
2019 0
2019 0
2019 0
2019 0
2019 0
2019 0
2019 0
2019 0
2019 0
2019 0
2019 0
2019 25
2019 20
2019 21
2019 51
2019 46
2019 61
2019 58
2019 61
2019 59
2019 69
2019 73
2019 68
2019 71
2019 66
2019 66
2019 65
2019 64
2019 64
2019 63
2019 60
2019 58
2019 61
2019 61
2019 63
2019 63
2019 61
2019 65
2019 63
2019 79
2019 78
2019 80
2019 78
2019 77
2019 76
2019 76
2019 77
2019 76
2019 75
2019 85
2019 83
2019 82
2019 81
2019 79
2019 73
2019 97
2019 97
2019 93
2019 93
2019 93
2019 89
2019 101
2019 99
2019 98
2019 97
2019 108
2019 105
2019 100
2019 96
2019 94
2019 89
2019 88
2019 88
2019 87
2019 87
2019 87
2019 87
2019 87
2019 87
2019 87
2019 87
2019 87
2019 86
2019 86
2019 86
2019 86
2019 86
2019 86
2019 86
2019 86
2019 86
2019 86
2019 89
2019 89
2019 89
2019 88
2019 88
2019 88
2019 88
2019 88
2019 92
2019 92
2019 89
2019 86
2019 88
2019 88
2019 93
2019 90
2019 113
2019 135
2019 133
2019 128
2019 126
2019 123
2019 118
2019 116
2019 114
2019 113
2019 117
2019 110
2019 110
2019 107
2019 107
2019 107
2019 107
2019 107
2019 107
2019 107
2019 107
2019 106
2019 106
2019 106
2019 106
2019 103
2019 103
2019 103
2019 102
2019 102
2019 102
2019 100
2019 102
2019 101
2019 113
2019 114
2019 112
2019 108
2019 105
2019 106
2019 109
2019 106
2019 121
2019 105
2019 105
2019 103
2019 103
2019 103
2019 103
2019 103
2019 103
2019 101
2019 101
2019 101
2019 100
2019 100
2019 97
2019 97
2019 97
2019 97
2019 97
2019 97
2019 114
2019 114
2019 109
2019 123
2019 126
2019 122
2019 122
2019 130
2019 135
2019 127
2019 126
2019 125
2019 125
2019 125
2019 121
2019 121
2019 119
2019 116
2019 117
2019 124
2019 128
2019 122
2019 133
2019 135
2019 130
2019 128
2019 127
2019 124
2019 122
2019 120
2019 124
2019 122
2019 120
2019 119
2019 116
2019 140
2019 127
2019 120
2019 120
2019 118
2019 116
2019 113
2019 109
2019 103
2019 113
2019 116
2019 120
2019 106
2019 107
2019 105
2019 98
2019 91
2019 90
2019 88
2019 83
2019 78
2019 74
2019 68
2019 61
2019 47
2019 43
2019 35
2019 23
2019 12
2019 4
2019 4
2019 4
2019 4
2019 5
2019 4
2019 NA
2019 0
2019 0
2019 0
2019 0
2019 0
2019 0
2019 0
2019 0
2019 3
2019 0
2019 0
2019 0
2019 0
2019 0
2019 0
2019 0
2019 0
2019 0
2019 0
2019 0
2019 0
2019 0
2019 0
2019 0
2019 0
2019 0
2019 0
2019 0
2019 0
2019 0
2019 0
2019 5
2019 5
2019 4
2019 0
2019 0
2019 0
2019 0
2019 0
2019 0
2019 0
2019 0
2019 0
2019 0
2019 0
2019 0
2019 0
2019 0
2019 0
2019 0
2019 0
2019 0
2019 0
2019 0
2019 0
2019 0
2019 0
2019 0
2019 0
2019 0
2019 0
2019 0
2019 0
2019 0
2019 0
2019 0
2019 0
2019 0
2019 0
2019 0
2019 0
2019 0
2019 0
2019 0
2019 0
2019 0
2019 0
2019 0
2019 0
2020 0
2020 0
2020 0
2020 0
2020 0
2020 3
2020 0
2020 0
2020 0
2020 0
2020 2
2020 0
2020 0
2020 0
2020 0
2020 0
2020 0
2020 0
2020 0
2020 0
2020 0
2020 0
2020 0
2020 0
2020 0
2020 0
2020 0
2020 0
2020 0
2020 0
2020 0
2020 0
2020 0
2020 0
2020 0
2020 0
2020 2
2020 0
2020 0
2020 0
2020 0
2020 0
2020 0
2020 0
2020 0
2020 4
2020 4
2020 4
2020 4
2020 0
2020 0
2020 0
2020 0
2020 12
2020 7
2020 3
2020 0
2020 3
2020 0
2020 0
2020 0
2020 3
2020 3
2020 21
2020 17
2020 28
2020 23
2020 20
2020 33
2020 28
2020 27
2020 27
2020 26
2020 21
2020 19
2020 43
2020 36
2020 37
2020 34
2020 38
2020 42
2020 38
2020 37
2020 35
2020 108
2020 144
2020 133
2020 136
2020 136
2020 132
2020 127
2020 123
2020 144
2020 132
2020 125
2020 114
2020 111
2020 109
2020 106
2020 103
2020 107
2020 106
2020 107
2020 106
2020 158
2020 146
2020 142
2020 121
2020 NA
2020 NA
2020 NA
2020 NA
2020 NA
2020 NA
2020 NA
2020 NA
2020 NA
2020 NA
2020 NA
2020 NA
2020 NA
2020 NA
2020 129
2020 129
2020 128
2020 129
2020 127
2020 126
2020 125
2020 122
2020 122
2020 119
2020 118
2020 118
2020 118
2020 118
2020 118
2020 117
2020 117
2020 135
2020 130
2020 127
2020 118
2020 115
2020 115
2020 115
2020 119
2020 119
2020 117
2020 118
2020 127
2020 125
2020 125
2020 124
2020 122
2020 119
2020 119
2020 120
2020 118
2020 118
2020 117
2020 117
2020 117
2020 110
2020 110
2020 110
2020 110
2020 110
2020 110
2020 107
2020 110
2020 105
2020 105
2020 104
2020 104
2020 106
2020 103
2020 103
2020 106
2020 108
2020 117
2020 116
2020 115
2020 115
2020 148
2020 141
2020 142
2020 151
2020 144
2020 142
2020 138
2020 136
2020 135
2020 128
2020 124
2020 123
2020 123
2020 123
2020 122
2020 121
2020 121
2020 121
2020 121
2020 119
2020 125
2020 125
2020 125
2020 133
2020 146
2020 150
2020 143
2020 151
2020 143
2020 140
2020 139
2020 139
2020 138
2020 134
2020 132
2020 132
2020 129
2020 125
2020 125
2020 122
2020 119
2020 114
2020 113
2020 110
2020 100
2020 100
2020 96
2020 90
2020 91
2020 114
2020 114
2020 105
2020 101
2020 99
2020 98
2020 94
2020 93
2020 100
2020 96
2020 97
2020 117
2020 104
2020 95
2020 87
2020 76
2020 73
2020 66
2020 59
2020 56
2020 68
2020 59
2020 52
2020 50
2020 53
2020 44
2020 38
2020 28
2020 25
2020 16
2020 8
2020 6
2020 6
2020 5
2020 5
2020 0
2020 0
2020 0
2020 0
2020 0
2020 0
2020 0
2020 0
2020 0
2020 0
2020 0
2020 0
2020 0
2020 0
2020 0
2020 0
2020 0
2020 0
2020 0
2020 0
2020 0
2020 0
2020 0
2020 0
2020 0
2020 0
2020 0
2020 0
2020 0
2020 0
2020 0
2020 0
2020 0
2020 0
2020 0
2020 0
2020 0
2020 0
2020 0
2020 0
2020 0
2020 0
2020 0
2020 0
2020 0
2020 0
2020 0
2020 0
2020 0
2020 0
2020 0
2020 0
2020 0
2020 0
2020 0
2020 0
2020 0
2020 0
2020 0
2020 0
2020 0
2020 0
2020 0
2020 0
2020 0
2020 0
2020 0
2020 0
2020 0
2020 0
2020 0
2020 0
2020 0
2020 0
2020 0
2020 0
2020 0
2020 0
2020 0
2020 0
2020 0
2020 0
2020 0
2020 0
2020 0
2020 0
2020 0
2020 0
2020 0
2020 0
2020 0
2020 0
2020 0
2020 0
2020 0
2020 0
2020 9
2020 5
2021 5
2021 5
2021 0
2021 0
2021 0
2021 0
2021 0
2021 0
2021 0
2021 0
2021 0
2021 0
2021 0
2021 0
2021 0
2021 0
2021 0
2021 0
2021 0
2021 0
2021 0
2021 0
2021 0
2021 0
2021 3
2021 9
2021 10
2021 8
2021 4
2021 0
2021 0
2021 0
2021 4
2021 5
2021 2
2021 0
2021 11
2021 5
2021 3
2021 3
2021 4
2021 4
2021 4
2021 4
2021 12
2021 14
2021 13
2021 10
2021 9
2021 7
2021 0
2021 0
2021 0
2021 9
2021 3
2021 17
2021 21
2021 16
2021 12
2021 10
2021 3
2021 4
2021 2
2021 2
2021 0
2021 2
2021 2
2021 2
2021 3
2021 3
2021 3
2021 2
2021 1
2021 1
2021 0
2021 0
2021 2
2021 2
2021 2
2021 2
2021 2
2021 2
2021 2
2021 2
2021 2
2021 2
2021 2
2021 2
2021 2
2021 14
2021 14
2021 14
2021 22
2021 23
2021 26
2021 48
2021 46
2021 41
2021 38
2021 39
2021 39
2021 36
2021 38
2021 36
2021 35
2021 35
2021 51
2021 47
2021 44
2021 44
2021 42
2021 42
2021 42
2021 41
2021 41
2021 41
2021 43
2021 42
2021 44
2021 41
2021 41
2021 40
2021 40
2021 45
2021 72
2021 75
2021 108
2021 100
2021 89
2021 84
2021 81
2021 74
2021 72
2021 69
2021 64
2021 63
2021 63
2021 62
2021 62
2021 62
2021 62
2021 62
2021 68
2021 62
2021 86
2021 96
2021 92
2021 89
2021 88
2021 90
2021 105
2021 101
2021 111
2021 109
2021 108
2021 106
2021 105
2021 102
2021 102
2021 112
2021 112
2021 103
2021 113
2021 108
2021 107
2021 109
2021 107
2021 107
2021 106
2021 105
2021 105
2021 102
2021 100
2021 100
2021 100
2021 100
2021 98
2021 96
2021 95
2021 91
2021 100
2021 99
2021 98
2021 97
2021 97
2021 96
2021 96
2021 98
2021 98
2021 98
2021 98
2021 96
2021 101
2021 100
2021 99
2021 96
2021 101
2021 103
2021 102
2021 105
2021 104
2021 100
2021 99
2021 99
2021 98
2021 97
2021 97
2021 100
2021 98
2021 98
2021 94
2021 90
2021 86
2021 80
2021 76
2021 82
2021 75
2021 70
2021 70
2021 70
2021 69
2021 72
2021 77
2021 98
2021 90
2021 85
2021 83
2021 95
2021 96
2021 88
2021 99
2021 90
2021 91
2021 91
2021 88
2021 85
2021 81
2021 81
2021 85
2021 80
2021 82
2021 88
2021 84
2021 90
2021 86
2021 85
2021 84
2021 83
2021 83
2021 79
2021 74
2021 70
2021 80
2021 73
2021 73
2021 69
2021 71
2021 83
2021 78
2021 76
2021 77
2021 74
2021 71
2021 76
2021 67
2021 66
2021 65
2021 60
2021 56
2021 46
2021 37
2021 26
2021 13
2021 9
2021 8
2021 7
2021 5
2021 5
2021 0
2021 0
2021 0
2021 0
2021 0
2021 0
2021 0
2021 0
2021 0
2021 0
2021 0
2021 0
2021 0
2021 0
2021 0
2021 0
2021 0
2021 0
2021 0
2021 0
2021 0
2021 0
2021 0
2021 0
2021 0
2021 0
2021 0
2021 0
2021 0
2021 0
2021 0
2021 0
2021 0
2021 0
2021 0
2021 0
2021 0
2021 0
2021 0
2021 0
2021 0
2021 0
2021 0
2021 0
2021 0
2021 0
2021 0
2021 0
2021 0
2021 0
2021 0
2021 0
2021 0
2021 0
2021 0
2021 0
2021 0
2021 0
2021 0
2021 0
2021 0
2021 0
2021 0
2021 0
2021 0
2021 0
2021 0
2021 0
2021 0
2021 0
2021 0
2021 0
2021 0
2021 0
2021 0
2021 0
2021 0
2021 0
2021 0
2021 0
2021 0
2021 0
2021 0
2021 0
2021 0
2021 0
2021 0
2022 0
2022 0
2022 0
2022 0
2022 0
2022 0
2022 0
2022 0
2022 0
2022 0
2022 0
2022 0
2022 0
2022 0
2022 0
2022 0
2022 0
2022 0
2022 1
2022 1
2022 1
2022 0
2022 0
2022 0
2022 0
2022 0
2022 2
2022 0
2022 0
2022 0
2022 0
2022 0
2022 0
2022 0
2022 1
2022 0
2022 0
2022 0
2022 0
2022 0
2022 0
2022 0
2022 0
2022 0
2022 0
2022 0
2022 0
2022 0
2022 0
2022 0
2022 0
2022 0
2022 0
2022 0
2022 0
2022 0
2022 0
2022 0
2022 1
2022 5
2022 12
2022 7
2022 20
2022 21
2022 25
2022 23
2022 22
2022 21
2022 21
2022 21
2022 27
2022 55
2022 48
2022 45
2022 43
2022 78
2022 102
2022 99
2022 96
2022 90
2022 87
2022 84
2022 86
2022 85
2022 81
2022 79
2022 82
2022 77
2022 74
2022 75
2022 73
2022 72
2022 74
2022 73
2022 73
2022 76
2022 75
2022 72
2022 86
2022 99
2022 93
2022 92
2022 88
2022 86
2022 85
2022 85
2022 84
2022 82
2022 78
2022 78
2022 78
2022 77
2022 77
2022 76
2022 75
2022 76
2022 77
2022 76
2022 80
2022 NA
2022 NA
2022 NA
2022 83
2022 82
2022 80
2022 80
2022 84
2022 83
2022 82
2022 84
2022 87
2022 85
2022 84
2022 79
2022 79
2022 78
2022 78
2022 77
2022 77
2022 77
2022 77
2022 77
2022 77
2022 76
2022 76
2022 75
2022 75
2022 75
2022 75
2022 75
2022 75
2022 74
2022 74
2022 68
2022 68
2022 68
2022 67
2022 67
2022 67
2022 67
2022 66
2022 65
2022 65
2022 61
2022 64
2022 64
2022 65
2022 82
2022 80
2022 81
2022 81
2022 81
2022 79
2022 80
2022 78
2022 78
2022 78
2022 78
2022 78
2022 78
2022 78
2022 78
2022 78
2022 78
2022 78
2022 80
2022 80
2022 80
2022 79
2022 79
2022 78
2022 76
2022 77
2022 79
2022 86
2022 88
2022 81
2022 79
2022 79
2022 79
2022 79
2022 76
2022 75
2022 75
2022 71
2022 71
2022 71
2022 71
2022 71
2022 72
2022 74
2022 79
2022 77
2022 124
2022 112
2022 104
2022 96
2022 92
2022 91
2022 91
2022 92
2022 87
2022 87
2022 86
2022 84
2022 79
2022 75
2022 73
2022 62
2022 62
2022 57
2022 54
2022 57
2022 60
2022 54
2022 68
2022 63
2022 56
2022 53
2022 50
2022 43
2022 42
2022 33
2022 29
2022 36
2022 38
2022 33
2022 50
2022 49
2022 42
2022 40
2022 33
2022 29
2022 19
2022 10
2022 5
2022 7
2022 7
2022 7
2022 1
2022 0
2022 0
2022 0
2022 0
2022 0
2022 0
2022 0
2022 0
2022 0
2022 0
2022 0
2022 0
2022 0
2022 0
2022 0
2022 0
2022 0
2022 0
2022 0
2022 0
2022 0
2022 0
2022 0
2022 NA
2022 NA
2022 NA
2022 NA
2022 0
2022 0
2022 0
2022 0
2022 0
2022 0
2022 0
2022 0
2022 0
2022 0
2022 0
2022 0
2022 0
2022 0
2022 0
2022 0
2022 0
2022 0
2022 0
2022 0
2022 0
2022 0
2022 0
2022 0
2022 0
2022 0
2022 0
2022 0
2022 0
2022 0
2022 0
2022 0
2022 0
2022 0
2022 0
2022 0
2022 0
2022 0
2022 0
2022 0
2022 0
2022 0
2022 0
2022 0
2022 0
2022 0
2022 0
2022 0
2022 0
2022 0
2022 0
2022 0
2022 0
2022 0
2022 0
2022 0
2022 0
2022 0
2022 0
2022 0
2022 0
2022 0
2022 0
2022 0
2022 0
2022 0
2022 0
2022 0
2022 0
2022 0
2022 0
2022 0
2022 0
2022 0
2022 0
2022 0
2022 0
2022 0
