1984 NA
1984 NA
1984 NA
1984 NA
1984 NA
1984 NA
1984 NA
1984 NA
1984 NA
1984 NA
1984 NA
1984 NA
1984 NA
1984 NA
1984 NA
1984 NA
1984 NA
1984 NA
1984 NA
1984 NA
1984 NA
1984 NA
1984 NA
1984 NA
1984 NA
1984 NA
1984 NA
1984 NA
1984 NA
1984 NA
1984 NA
1984 NA
1984 NA
1984 NA
1984 NA
1984 NA
1984 NA
1984 NA
1984 NA
1984 NA
1984 NA
1984 NA
1984 NA
1984 NA
1984 NA
1984 NA
1984 NA
1984 NA
1984 NA
1984 NA
1984 NA
1984 NA
1984 NA
1984 NA
1984 NA
1984 NA
1984 NA
1984 NA
1984 NA
1984 NA
1984 NA
1984 NA
1984 NA
1984 NA
1984 NA
1984 NA
1984 NA
1984 NA
1984 NA
1984 NA
1984 NA
1984 NA
1984 NA
1984 NA
1984 NA
1984 NA
1984 NA
1984 NA
1984 NA
1984 NA
1984 NA
1984 NA
1984 NA
1984 NA
1984 NA
1984 NA
1984 NA
1984 NA
1984 NA
1984 NA
1984 NA
1984 NA
1984 NA
1984 NA
1984 NA
1984 NA
1984 NA
1984 NA
1984 NA
1984 NA
1984 NA
1984 NA
1984 23
1984 20
1984 20
1984 20
1984 14
1984 10
1984 10
1984 17
1984 13
1984 16
1984 18
1984 15
1984 10
1984 10
1984 10
1984 11
1984 10
1984 10
1984 10
1984 10
1984 10
1984 10
1984 10
1984 12
1984 14
1984 10
1984 10
1984 12
1984 10
1984 10
1984 10
1984 17
1984 21
1984 30
1984 33
1984 27
1984 27
1984 27
1984 29
1984 45
1984 60
1984 62
1984 67
1984 75
1984 95
1984 95
1984 80
1984 84
1984 76
1984 90
1984 91
1984 95
1984 100
1984 100
1984 90
1984 90
1984 88
1984 110
1984 115
1984 120
1984 120
1984 110
1984 105
1984 105
1984 105
1984 103
1984 103
1984 100
1984 100
1984 100
1984 115
1984 119
1984 134
1984 132
1984 120
1984 110
1984 112
1984 122
1984 120
1984 100
1984 97
1984 96
1984 105
1984 105
1984 105
1984 105
1984 100
1984 99
1984 98
1984 98
1984 97
1984 97
1984 95
1984 94
1984 90
1984 90
1984 88
1984 85
1984 80
1984 50
1984 50
1984 50
1984 50
1984 47
1984 57
1984 42
1984 44
1984 40
1984 31
1984 30
1984 25
1984 25
1984 30
1984 30
1984 22
1984 37
1984 47
1984 47
1984 15
1984 15
1984 10
1984 11
1984 0
1984 0
1984 0
1984 0
1984 0
1984 1
1984 0
1984 0
1984 0
1984 0
1984 0
1984 0
1984 0
1984 0
1984 0
1984 0
1984 0
1984 0
1984 0
1984 NA
1984 NA
1984 NA
1984 NA
1984 NA
1984 NA
1984 NA
1984 NA
1984 NA
1984 NA
1984 NA
1984 NA
1984 NA
1984 NA
1984 NA
1984 NA
1984 NA
1984 NA
1984 NA
1984 NA
1984 NA
1984 NA
1984 NA
1984 NA
1984 NA
1984 NA
1984 NA
1984 NA
1984 NA
1984 NA
1984 NA
1984 NA
1984 NA
1984 NA
1984 NA
1984 NA
1984 NA
1984 NA
1984 NA
1984 NA
1984 NA
1984 NA
1984 NA
1984 NA
1984 NA
1984 NA
1984 NA
1984 NA
1984 NA
1984 NA
1984 NA
1984 NA
1984 NA
1984 NA
1984 NA
1984 NA
1984 NA
1984 NA
1984 NA
1984 NA
1984 NA
1984 NA
1984 NA
1984 NA
1984 NA
1984 NA
1984 NA
1984 NA
1984 NA
1984 NA
1984 NA
1984 NA
1984 NA
1984 NA
1984 NA
1984 NA
1984 NA
1984 NA
1984 NA
1984 NA
1984 NA
1984 NA
1984 NA
1984 NA
1984 NA
1984 NA
1984 NA
1984 NA
1984 NA
1984 NA
1984 NA
1984 NA
1984 NA
1984 NA
1984 NA
1984 NA
1984 NA
1984 NA
1984 NA
1984 NA
1984 NA
1984 NA
1984 NA
1984 NA
1984 NA
1984 NA
1984 NA
1984 NA
1984 NA
1984 NA
1984 NA
1984 NA
1984 NA
1984 NA
1984 NA
1984 NA
1984 NA
1984 NA
1984 NA
1984 NA
1984 NA
1984 NA
1984 NA
1985 NA
1985 NA
1985 NA
1985 NA
1985 NA
1985 NA
1985 NA
1985 NA
1985 NA
1985 NA
1985 NA
1985 NA
1985 NA
1985 NA
1985 NA
1985 NA
1985 NA
1985 NA
1985 NA
1985 NA
1985 NA
1985 NA
1985 NA
1985 NA
1985 NA
1985 NA
1985 NA
1985 NA
1985 NA
1985 NA
1985 NA
1985 NA
1985 NA
1985 NA
1985 NA
1985 NA
1985 NA
1985 NA
1985 NA
1985 NA
1985 NA
1985 NA
1985 NA
1985 NA
1985 NA
1985 NA
1985 NA
1985 NA
1985 NA
1985 NA
1985 NA
1985 NA
1985 NA
1985 NA
1985 NA
1985 NA
1985 NA
1985 NA
1985 NA
1985 NA
1985 NA
1985 NA
1985 NA
1985 NA
1985 NA
1985 NA
1985 NA
1985 NA
1985 NA
1985 NA
1985 NA
1985 NA
1985 NA
1985 NA
1985 NA
1985 NA
1985 NA
1985 NA
1985 NA
1985 NA
1985 NA
1985 NA
1985 NA
1985 NA
1985 NA
1985 NA
1985 NA
1985 NA
1985 NA
1985 NA
1985 NA
1985 NA
1985 NA
1985 NA
1985 NA
1985 NA
1985 NA
1985 NA
1985 NA
1985 NA
1985 NA
1985 NA
1985 NA
1985 NA
1985 NA
1985 NA
1985 NA
1985 2
1985 NA
1985 5
1985 NA
1985 4
1985 3
1985 3
1985 1
1985 10
1985 11
1985 20
1985 20
1985 19
1985 15
1985 13
1985 14
1985 17
1985 20
1985 21
1985 24
1985 20
1985 20
1985 20
1985 20
1985 20
1985 20
1985 20
1985 20
1985 18
1985 17
1985 17
1985 17
1985 17
1985 20
1985 20
1985 20
1985 15
1985 10
1985 13
1985 9
1985 24
1985 30
1985 30
1985 45
1985 45
1985 40
1985 25
1985 22
1985 20
1985 20
1985 15
1985 15
1985 12
1985 10
1985 7
1985 6
1985 13
1985 13
1985 30
1985 40
1985 35
1985 38
1985 55
1985 70
1985 70
1985 68
1985 64
1985 64
1985 57
1985 50
1985 47
1985 40
1985 38
1985 35
1985 30
1985 48
1985 45
1985 42
1985 47
1985 47
1985 43
1985 40
1985 40
1985 35
1985 35
1985 35
1985 33
1985 30
1985 20
1985 20
1985 30
1985 30
1985 30
1985 25
1985 20
1985 20
1985 28
1985 25
1985 23
1985 20
1985 16
1985 17
1985 15
1985 10
1985 8
1985 0
1985 0
1985 0
1985 0
1985 0
1985 0
1985 0
1985 0
1985 0
1985 0
1985 0
1985 5
1985 5
1985 0
1985 0
1985 0
1985 0
1985 0
1985 0
1985 0
1985 0
1985 0
1985 NA
1985 NA
1985 NA
1985 NA
1985 NA
1985 NA
1985 NA
1985 NA
1985 NA
1985 NA
1985 NA
1985 NA
1985 NA
1985 NA
1985 NA
1985 NA
1985 NA
1985 NA
1985 NA
1985 NA
1985 NA
1985 NA
1985 NA
1985 NA
1985 NA
1985 NA
1985 NA
1985 NA
1985 NA
1985 NA
1985 NA
1985 NA
1985 NA
1985 NA
1985 NA
1985 NA
1985 NA
1985 NA
1985 NA
1985 NA
1985 NA
1985 NA
1985 NA
1985 NA
1985 NA
1985 NA
1985 NA
1985 NA
1985 NA
1985 NA
1985 NA
1985 NA
1985 NA
1985 NA
1985 NA
1985 NA
1985 NA
1985 NA
1985 NA
1985 NA
1985 NA
1985 NA
1985 NA
1985 NA
1985 NA
1985 NA
1985 NA
1985 NA
1985 NA
1985 NA
1985 NA
1985 NA
1985 NA
1985 NA
1985 NA
1985 NA
1985 NA
1985 NA
1985 NA
1985 NA
1985 NA
1985 NA
1985 NA
1985 NA
1985 NA
1985 NA
1985 NA
1985 NA
1985 NA
1985 NA
1985 NA
1985 NA
1985 NA
1985 NA
1985 NA
1985 NA
1985 NA
1985 NA
1985 NA
1985 NA
1985 NA
1985 NA
1985 NA
1985 NA
1985 NA
1985 NA
1985 NA
1985 NA
1985 NA
1985 NA
1985 NA
1985 NA
1985 NA
1985 NA
1985 NA
1985 NA
1985 NA
1985 NA
1985 NA
1985 NA
1985 NA
1985 NA
1985 NA
1985 NA
1985 NA
1985 NA
1985 NA
1985 NA
1985 NA
1985 NA
1985 NA
1986 NA
1986 NA
1986 NA
1986 NA
1986 NA
1986 NA
1986 NA
1986 NA
1986 NA
1986 NA
1986 NA
1986 NA
1986 NA
1986 NA
1986 NA
1986 NA
1986 NA
1986 NA
1986 NA
1986 NA
1986 NA
1986 NA
1986 NA
1986 NA
1986 NA
1986 NA
1986 NA
1986 NA
1986 NA
1986 NA
1986 NA
1986 NA
1986 NA
1986 NA
1986 NA
1986 NA
1986 NA
1986 NA
1986 NA
1986 NA
1986 NA
1986 NA
1986 NA
1986 NA
1986 NA
1986 NA
1986 NA
1986 NA
1986 NA
1986 NA
1986 NA
1986 NA
1986 NA
1986 NA
1986 NA
1986 NA
1986 NA
1986 NA
1986 NA
1986 NA
1986 NA
1986 NA
1986 NA
1986 NA
1986 NA
1986 NA
1986 NA
1986 NA
1986 NA
1986 NA
1986 NA
1986 NA
1986 NA
1986 NA
1986 NA
1986 NA
1986 NA
1986 NA
1986 NA
1986 NA
1986 NA
1986 NA
1986 NA
1986 NA
1986 NA
1986 NA
1986 NA
1986 NA
1986 NA
1986 NA
1986 NA
1986 NA
1986 NA
1986 NA
1986 NA
1986 NA
1986 NA
1986 NA
1986 NA
1986 NA
1986 NA
1986 NA
1986 NA
1986 NA
1986 NA
1986 NA
1986 3
1986 3
1986 3
1986 3
1986 0
1986 0
1986 0
1986 0
1986 0
1986 0
1986 1
1986 1
1986 0
1986 10
1986 10
1986 NA
1986 NA
1986 20
1986 23
1986 35
1986 35
1986 40
1986 35
1986 35
1986 40
1986 35
1986 35
1986 42
1986 70
1986 90
1986 65
1986 75
1986 65
1986 60
1986 60
1986 55
1986 55
1986 62
1986 75
1986 70
1986 75
1986 80
1986 80
1986 80
1986 80
1986 80
1986 73
1986 68
1986 69
1986 65
1986 65
1986 60
1986 60
1986 60
1986 60
1986 60
1986 60
1986 60
1986 60
1986 60
1986 60
1986 60
1986 60
1986 60
1986 55
1986 75
1986 80
1986 70
1986 70
1986 80
1986 80
1986 80
1986 80
1986 75
1986 70
1986 70
1986 60
1986 60
1986 60
1986 60
1986 60
1986 55
1986 55
1986 45
1986 45
1986 45
1986 47
1986 53
1986 49
1986 47
1986 30
1986 20
1986 20
1986 20
1986 5
1986 14
1986 5
1986 5
1986 1
1986 1
1986 8
1986 1
1986 0
1986 0
1986 0
1986 10
1986 0
1986 0
1986 0
1986 0
1986 0
1986 0
1986 0
1986 0
1986 0
1986 5
1986 1
1986 3
1986 1
1986 0
1986 0
1986 0
1986 12
1986 15
1986 10
1986 15
1986 5
1986 0
1986 0
1986 0
1986 0
1986 0
1986 NA
1986 NA
1986 NA
1986 NA
1986 NA
1986 NA
1986 NA
1986 NA
1986 NA
1986 NA
1986 NA
1986 NA
1986 NA
1986 NA
1986 NA
1986 NA
1986 NA
1986 NA
1986 NA
1986 NA
1986 NA
1986 NA
1986 NA
1986 NA
1986 NA
1986 NA
1986 NA
1986 NA
1986 NA
1986 NA
1986 NA
1986 NA
1986 NA
1986 NA
1986 NA
1986 NA
1986 NA
1986 NA
1986 NA
1986 NA
1986 NA
1986 NA
1986 NA
1986 NA
1986 NA
1986 NA
1986 NA
1986 NA
1986 NA
1986 NA
1986 NA
1986 NA
1986 NA
1986 NA
1986 NA
1986 NA
1986 NA
1986 NA
1986 NA
1986 NA
1986 NA
1986 NA
1986 NA
1986 NA
1986 NA
1986 NA
1986 NA
1986 NA
1986 NA
1986 NA
1986 NA
1986 NA
1986 NA
1986 NA
1986 NA
1986 NA
1986 NA
1986 NA
1986 NA
1986 NA
1986 NA
1986 NA
1986 NA
1986 NA
1986 NA
1986 NA
1986 NA
1986 NA
1986 NA
1986 NA
1986 NA
1986 NA
1986 NA
1986 NA
1986 NA
1986 NA
1986 NA
1986 NA
1986 NA
1986 NA
1986 NA
1986 NA
1986 NA
1986 NA
1986 NA
1986 NA
1986 NA
1986 NA
1986 NA
1986 NA
1986 NA
1986 NA
1986 NA
1986 NA
1986 NA
1986 NA
1986 NA
1986 NA
1986 NA
1986 NA
1986 NA
1986 NA
1986 NA
1986 NA
1986 NA
1986 NA
1986 NA
1987 NA
1987 NA
1987 NA
1987 NA
1987 NA
1987 NA
1987 NA
1987 NA
1987 NA
1987 NA
1987 NA
1987 NA
1987 NA
1987 NA
1987 NA
1987 NA
1987 NA
1987 NA
1987 NA
1987 NA
1987 NA
1987 NA
1987 NA
1987 NA
1987 NA
1987 NA
1987 NA
1987 NA
1987 NA
1987 NA
1987 NA
1987 NA
1987 NA
1987 NA
1987 NA
1987 NA
1987 NA
1987 NA
1987 NA
1987 NA
1987 NA
1987 NA
1987 NA
1987 NA
1987 NA
1987 NA
1987 NA
1987 NA
1987 NA
1987 NA
1987 NA
1987 NA
1987 NA
1987 NA
1987 NA
1987 NA
1987 NA
1987 NA
1987 NA
1987 NA
1987 NA
1987 NA
1987 NA
1987 NA
1987 NA
1987 NA
1987 NA
1987 NA
1987 NA
1987 NA
1987 NA
1987 NA
1987 NA
1987 NA
1987 NA
1987 NA
1987 NA
1987 NA
1987 NA
1987 NA
1987 NA
1987 NA
1987 NA
1987 NA
1987 NA
1987 NA
1987 NA
1987 NA
1987 NA
1987 NA
1987 NA
1987 NA
1987 NA
1987 NA
1987 NA
1987 NA
1987 NA
1987 NA
1987 NA
1987 NA
1987 NA
1987 NA
1987 NA
1987 NA
1987 NA
1987 1
1987 8
1987 25
1987 27
1987 22
1987 28
1987 40
1987 50
1987 51
1987 40
1987 40
1987 60
1987 80
1987 75
1987 75
1987 60
1987 55
1987 50
1987 40
1987 60
1987 60
1987 86
1987 80
1987 85
1987 66
1987 65
1987 60
1987 63
1987 64
1987 72
1987 62
1987 64
1987 60
1987 60
1987 60
1987 60
1987 60
1987 60
1987 60
1987 60
1987 60
1987 60
1987 59
1987 59
1987 59
1987 64
1987 64
1987 64
1987 64
1987 62
1987 60
1987 60
1987 60
1987 50
1987 58
1987 59
1987 58
1987 55
1987 50
1987 48
1987 51
1987 45
1987 48
1987 49
1987 55
1987 55
1987 50
1987 50
1987 50
1987 50
1987 51
1987 50
1987 50
1987 45
1987 45
1987 35
1987 35
1987 32
1987 30
1987 30
1987 32
1987 32
1987 32
1987 30
1987 30
1987 30
1987 25
1987 25
1987 23
1987 30
1987 25
1987 25
1987 25
1987 20
1987 19
1987 30
1987 30
1987 29
1987 15
1987 15
1987 5
1987 0
1987 0
1987 0
1987 10
1987 0
1987 0
1987 0
1987 0
1987 0
1987 0
1987 1
1987 5
1987 0
1987 0
1987 0
1987 0
1987 0
1987 0
1987 3
1987 0
1987 0
1987 0
1987 0
1987 0
1987 0
1987 0
1987 0
1987 0
1987 0
1987 0
1987 0
1987 0
1987 0
1987 0
1987 0
1987 0
1987 NA
1987 NA
1987 NA
1987 NA
1987 NA
1987 NA
1987 NA
1987 NA
1987 NA
1987 NA
1987 NA
1987 NA
1987 NA
1987 NA
1987 NA
1987 NA
1987 NA
1987 NA
1987 NA
1987 NA
1987 NA
1987 NA
1987 NA
1987 NA
1987 NA
1987 NA
1987 NA
1987 NA
1987 NA
1987 NA
1987 NA
1987 NA
1987 NA
1987 NA
1987 NA
1987 NA
1987 NA
1987 NA
1987 NA
1987 NA
1987 NA
1987 NA
1987 NA
1987 NA
1987 NA
1987 NA
1987 NA
1987 NA
1987 NA
1987 NA
1987 NA
1987 NA
1987 NA
1987 NA
1987 NA
1987 NA
1987 NA
1987 NA
1987 NA
1987 NA
1987 NA
1987 NA
1987 NA
1987 NA
1987 NA
1987 NA
1987 NA
1987 NA
1987 NA
1987 NA
1987 NA
1987 NA
1987 NA
1987 NA
1987 NA
1987 NA
1987 NA
1987 NA
1987 NA
1987 NA
1987 NA
1987 NA
1987 NA
1987 NA
1987 NA
1987 NA
1987 NA
1987 NA
1987 NA
1987 NA
1987 NA
1987 NA
1987 NA
1987 NA
1987 NA
1987 NA
1987 NA
1987 NA
1987 NA
1987 NA
1987 NA
1987 NA
1987 NA
1987 NA
1987 NA
1987 NA
1987 NA
1987 NA
1987 NA
1987 NA
1987 NA
1987 NA
1987 NA
1987 NA
1987 NA
1987 NA
1987 NA
1987 NA
1987 NA
1987 NA
1987 NA
1987 NA
1987 NA
1988 NA
1988 NA
1988 NA
1988 NA
1988 NA
1988 NA
1988 NA
1988 NA
1988 NA
1988 NA
1988 NA
1988 NA
1988 NA
1988 NA
1988 NA
1988 NA
1988 NA
1988 NA
1988 NA
1988 NA
1988 NA
1988 NA
1988 NA
1988 NA
1988 NA
1988 NA
1988 NA
1988 NA
1988 NA
1988 NA
1988 NA
1988 NA
1988 NA
1988 NA
1988 NA
1988 NA
1988 NA
1988 NA
1988 NA
1988 NA
1988 NA
1988 NA
1988 NA
1988 NA
1988 NA
1988 NA
1988 NA
1988 NA
1988 NA
1988 NA
1988 NA
1988 NA
1988 NA
1988 NA
1988 NA
1988 NA
1988 NA
1988 NA
1988 NA
1988 NA
1988 NA
1988 NA
1988 NA
1988 NA
1988 NA
1988 NA
1988 NA
1988 NA
1988 NA
1988 NA
1988 NA
1988 NA
1988 NA
1988 NA
1988 NA
1988 NA
1988 NA
1988 NA
1988 NA
1988 NA
1988 NA
1988 NA
1988 NA
1988 NA
1988 NA
1988 NA
1988 NA
1988 NA
1988 NA
1988 NA
1988 NA
1988 NA
1988 NA
1988 NA
1988 NA
1988 NA
1988 NA
1988 NA
1988 NA
1988 NA
1988 NA
1988 NA
1988 NA
1988 NA
1988 2
1988 0
1988 0
1988 0
1988 0
1988 0
1988 0
1988 0
1988 0
1988 0
1988 0
1988 0
1988 0
1988 0
1988 0
1988 0
1988 0
1988 0
1988 0
1988 0
1988 0
1988 8
1988 7
1988 6
1988 7
1988 12
1988 12
1988 8
1988 5
1988 5
1988 5
1988 3
1988 1
1988 0
1988 0
1988 0
1988 0
1988 0
1988 3
1988 8
1988 10
1988 8
1988 7
1988 4
1988 5
1988 5
1988 10
1988 20
1988 25
1988 25
1988 33
1988 33
1988 30
1988 33
1988 30
1988 36
1988 55
1988 50
1988 58
1988 55
1988 75
1988 70
1988 60
1988 50
1988 45
1988 45
1988 45
1988 40
1988 40
1988 40
1988 40
1988 40
1988 45
1988 41
1988 35
1988 30
1988 30
1988 33
1988 43
1988 43
1988 42
1988 35
1988 33
1988 35
1988 50
1988 50
1988 42
1988 42
1988 42
1988 40
1988 35
1988 35
1988 35
1988 32
1988 30
1988 39
1988 39
1988 30
1988 18
1988 16
1988 13
1988 1
1988 4
1988 2
1988 17
1988 25
1988 25
1988 10
1988 15
1988 13
1988 5
1988 0
1988 0
1988 0
1988 0
1988 0
1988 0
1988 0
1988 0
1988 0
1988 0
1988 0
1988 0
1988 0
1988 0
1988 0
1988 0
1988 0
1988 0
1988 0
1988 0
1988 0
1988 0
1988 0
1988 0
1988 NA
1988 NA
1988 NA
1988 NA
1988 NA
1988 NA
1988 NA
1988 NA
1988 NA
1988 NA
1988 NA
1988 NA
1988 NA
1988 NA
1988 NA
1988 NA
1988 NA
1988 NA
1988 NA
1988 NA
1988 NA
1988 NA
1988 NA
1988 NA
1988 NA
1988 NA
1988 NA
1988 NA
1988 NA
1988 NA
1988 NA
1988 NA
1988 NA
1988 NA
1988 NA
1988 NA
1988 NA
1988 NA
1988 NA
1988 NA
1988 NA
1988 NA
1988 NA
1988 NA
1988 NA
1988 NA
1988 NA
1988 NA
1988 NA
1988 NA
1988 NA
1988 NA
1988 NA
1988 NA
1988 NA
1988 NA
1988 NA
1988 NA
1988 NA
1988 NA
1988 NA
1988 NA
1988 NA
1988 NA
1988 NA
1988 NA
1988 NA
1988 NA
1988 NA
1988 NA
1988 NA
1988 NA
1988 NA
1988 NA
1988 NA
1988 NA
1988 NA
1988 NA
1988 NA
1988 NA
1988 NA
1988 NA
1988 NA
1988 NA
1988 NA
1988 NA
1988 NA
1988 NA
1988 NA
1988 NA
1988 NA
1988 NA
1988 NA
1988 NA
1988 NA
1988 NA
1988 NA
1988 NA
1988 NA
1988 NA
1988 NA
1988 NA
1988 NA
1988 NA
1988 NA
1988 NA
1988 NA
1988 NA
1988 NA
1988 NA
1988 NA
1988 NA
1988 NA
1988 NA
1988 NA
1988 NA
1988 NA
1988 NA
1988 NA
1988 NA
1988 NA
1988 NA
1988 NA
1988 NA
1988 NA
1988 NA
1988 NA
1989 NA
1989 NA
1989 NA
1989 NA
1989 NA
1989 NA
1989 NA
1989 NA
1989 NA
1989 NA
1989 NA
1989 NA
1989 NA
1989 NA
1989 NA
1989 NA
1989 NA
1989 NA
1989 NA
1989 NA
1989 NA
1989 NA
1989 NA
1989 NA
1989 NA
1989 NA
1989 NA
1989 NA
1989 NA
1989 NA
1989 NA
1989 NA
1989 NA
1989 NA
1989 NA
1989 NA
1989 NA
1989 NA
1989 NA
1989 NA
1989 NA
1989 NA
1989 NA
1989 NA
1989 NA
1989 NA
1989 NA
1989 NA
1989 NA
1989 NA
1989 NA
1989 NA
1989 NA
1989 NA
1989 NA
1989 NA
1989 NA
1989 NA
1989 NA
1989 NA
1989 NA
1989 NA
1989 NA
1989 NA
1989 NA
1989 NA
1989 NA
1989 NA
1989 NA
1989 NA
1989 NA
1989 NA
1989 NA
1989 NA
1989 NA
1989 NA
1989 NA
1989 NA
1989 NA
1989 NA
1989 NA
1989 NA
1989 NA
1989 NA
1989 NA
1989 NA
1989 NA
1989 NA
1989 NA
1989 NA
1989 NA
1989 0
1989 1
1989 1
1989 5
1989 0
1989 2
1989 5
1989 5
1989 7
1989 5
1989 3
1989 3
1989 10
1989 10
1989 8
1989 8
1989 7
1989 5
1989 5
1989 23
1989 23
1989 23
1989 22
1989 19
1989 18
1989 17
1989 17
1989 17
1989 17
1989 16
1989 16
1989 16
1989 16
1989 16
1989 16
1989 15
1989 15
1989 15
1989 15
1989 15
1989 15
1989 15
1989 14
1989 13
1989 12
1989 12
1989 12
1989 12
1989 12
1989 10
1989 10
1989 10
1989 25
1989 28
1989 28
1989 27
1989 26
1989 26
1989 26
1989 25
1989 25
1989 25
1989 25
1989 24
1989 24
1989 24
1989 22
1989 22
1989 15
1989 15
1989 15
1989 14
1989 13
1989 12
1989 12
1989 25
1989 28
1989 28
1989 28
1989 28
1989 15
1989 15
1989 10
1989 5
1989 0
1989 0
1989 4
1989 6
1989 6
1989 25
1989 25
1989 25
1989 25
1989 25
1989 20
1989 15
1989 12
1989 8
1989 8
1989 3
1989 3
1989 0
1989 0
1989 1
1989 0
1989 0
1989 0
1989 2
1989 0
1989 0
1989 0
1989 0
1989 0
1989 0
1989 0
1989 0
1989 0
1989 0
1989 0
1989 0
1989 0
1989 0
1989 0
1989 0
1989 0
1989 14
1989 6
1989 2
1989 0
1989 0
1989 0
1989 0
1989 0
1989 20
1989 25
1989 10
1989 2
1989 2
1989 0
1989 0
1989 0
1989 0
1989 0
1989 0
1989 0
1989 0
1989 0
1989 2
1989 8
1989 NA
1989 NA
1989 NA
1989 NA
1989 NA
1989 NA
1989 NA
1989 NA
1989 NA
1989 NA
1989 NA
1989 NA
1989 NA
1989 NA
1989 NA
1989 NA
1989 NA
1989 NA
1989 NA
1989 NA
1989 NA
1989 NA
1989 NA
1989 NA
1989 NA
1989 NA
1989 NA
1989 NA
1989 NA
1989 NA
1989 NA
1989 NA
1989 NA
1989 NA
1989 NA
1989 NA
1989 NA
1989 NA
1989 NA
1989 NA
1989 NA
1989 NA
1989 NA
1989 NA
1989 NA
1989 NA
1989 NA
1989 NA
1989 NA
1989 NA
1989 NA
1989 NA
1989 NA
1989 NA
1989 NA
1989 NA
1989 NA
1989 NA
1989 NA
1989 NA
1989 NA
1989 NA
1989 NA
1989 NA
1989 NA
1989 NA
1989 NA
1989 NA
1989 NA
1989 NA
1989 NA
1989 NA
1989 NA
1989 NA
1989 NA
1989 NA
1989 NA
1989 NA
1989 NA
1989 NA
1989 NA
1989 NA
1989 NA
1989 NA
1989 NA
1989 NA
1989 NA
1989 NA
1989 NA
1989 NA
1989 NA
1989 NA
1989 NA
1989 NA
1989 NA
1989 NA
1989 NA
1989 NA
1989 NA
1989 NA
1989 NA
1989 NA
1989 NA
1989 NA
1989 NA
1989 NA
1989 NA
1989 NA
1989 NA
1989 NA
1989 NA
1989 NA
1989 NA
1989 NA
1989 NA
1989 NA
1989 NA
1989 NA
1989 NA
1989 NA
1989 NA
1989 NA
1989 NA
1989 NA
1989 NA
1990 NA
1990 NA
1990 NA
1990 NA
1990 NA
1990 NA
1990 NA
1990 NA
1990 NA
1990 NA
1990 NA
1990 NA
1990 NA
1990 NA
1990 NA
1990 NA
1990 NA
1990 NA
1990 NA
1990 NA
1990 NA
1990 NA
1990 NA
1990 NA
1990 NA
1990 NA
1990 NA
1990 NA
1990 NA
1990 NA
1990 NA
1990 NA
1990 NA
1990 NA
1990 NA
1990 NA
1990 NA
1990 NA
1990 NA
1990 NA
1990 NA
1990 NA
1990 NA
1990 NA
1990 NA
1990 NA
1990 NA
1990 NA
1990 NA
1990 NA
1990 NA
1990 NA
1990 NA
1990 NA
1990 NA
1990 NA
1990 NA
1990 NA
1990 NA
1990 NA
1990 NA
1990 NA
1990 NA
1990 NA
1990 NA
1990 NA
1990 NA
1990 NA
1990 NA
1990 NA
1990 NA
1990 NA
1990 NA
1990 NA
1990 NA
1990 NA
1990 NA
1990 NA
1990 NA
1990 NA
1990 NA
1990 NA
1990 NA
1990 NA
1990 NA
1990 NA
1990 NA
1990 NA
1990 NA
1990 NA
1990 NA
1990 0
1990 0
1990 0
1990 0
1990 0
1990 0
1990 0
1990 0
1990 0
1990 0
1990 0
1990 0
1990 1
1990 0
1990 0
1990 0
1990 0
1990 0
1990 0
1990 0
1990 0
1990 0
1990 0
1990 0
1990 0
1990 0
1990 0
1990 0
1990 0
1990 0
1990 0
1990 0
1990 0
1990 0
1990 0
1990 0
1990 0
1990 0
1990 0
1990 0
1990 0
1990 0
1990 0
1990 0
1990 0
1990 0
1990 0
1990 0
1990 0
1990 0
1990 0
1990 0
1990 0
1990 0
1990 1
1990 0
1990 1
1990 3
1990 1
1990 10
1990 13
1990 7
1990 3
1990 3
1990 0
1990 0
1990 0
1990 0
1990 0
1990 0
1990 0
1990 0
1990 12
1990 30
1990 31
1990 40
1990 45
1990 45
1990 45
1990 40
1990 35
1990 30
1990 25
1990 24
1990 20
1990 19
1990 19
1990 10
1990 0
1990 5
1990 1
1990 7
1990 10
1990 3
1990 3
1990 3
1990 0
1990 0
1990 0
1990 0
1990 0
1990 0
1990 0
1990 0
1990 0
1990 0
1990 0
1990 0
1990 0
1990 0
1990 0
1990 0
1990 0
1990 0
1990 0
1990 0
1990 0
1990 0
1990 0
1990 0
1990 0
1990 0
1990 0
1990 0
1990 0
1990 0
1990 0
1990 0
1990 0
1990 0
1990 0
1990 0
1990 0
1990 0
1990 0
1990 10
1990 5
1990 0
1990 0
1990 0
1990 0
1990 0
1990 0
1990 5
1990 NA
1990 NA
1990 NA
1990 NA
1990 NA
1990 NA
1990 NA
1990 NA
1990 NA
1990 NA
1990 NA
1990 NA
1990 NA
1990 NA
1990 NA
1990 NA
1990 NA
1990 NA
1990 NA
1990 NA
1990 NA
1990 NA
1990 NA
1990 NA
1990 NA
1990 NA
1990 NA
1990 NA
1990 NA
1990 NA
1990 NA
1990 NA
1990 NA
1990 NA
1990 NA
1990 NA
1990 NA
1990 NA
1990 NA
1990 NA
1990 NA
1990 NA
1990 NA
1990 NA
1990 NA
1990 NA
1990 NA
1990 NA
1990 NA
1990 NA
1990 NA
1990 NA
1990 NA
1990 NA
1990 NA
1990 NA
1990 NA
1990 NA
1990 NA
1990 NA
1990 NA
1990 NA
1990 NA
1990 NA
1990 NA
1990 NA
1990 NA
1990 NA
1990 NA
1990 NA
1990 NA
1990 NA
1990 NA
1990 NA
1990 NA
1990 NA
1990 NA
1990 NA
1990 NA
1990 NA
1990 NA
1990 NA
1990 NA
1990 NA
1990 NA
1990 NA
1990 NA
1990 NA
1990 NA
1990 NA
1990 NA
1990 NA
1990 NA
1990 NA
1990 NA
1990 NA
1990 NA
1990 NA
1990 NA
1990 NA
1990 NA
1990 NA
1990 NA
1990 NA
1990 NA
1990 NA
1990 NA
1990 NA
1990 NA
1990 NA
1990 NA
1990 NA
1990 NA
1990 NA
1990 NA
1990 NA
1990 NA
1990 NA
1990 NA
1990 NA
1990 NA
1990 NA
1990 NA
1990 NA
1990 NA
1990 NA
1990 NA
1990 NA
1990 NA
1990 NA
1991 NA
1991 NA
1991 NA
1991 NA
1991 NA
1991 NA
1991 NA
1991 NA
1991 NA
1991 NA
1991 NA
1991 NA
1991 NA
1991 NA
1991 NA
1991 NA
1991 NA
1991 NA
1991 NA
1991 NA
1991 NA
1991 NA
1991 NA
1991 NA
1991 NA
1991 NA
1991 NA
1991 NA
1991 NA
1991 NA
1991 NA
1991 NA
1991 NA
1991 NA
1991 NA
1991 NA
1991 NA
1991 NA
1991 NA
1991 NA
1991 NA
1991 NA
1991 NA
1991 NA
1991 NA
1991 NA
1991 NA
1991 NA
1991 NA
1991 NA
1991 NA
1991 NA
1991 NA
1991 NA
1991 NA
1991 NA
1991 NA
1991 NA
1991 NA
1991 NA
1991 NA
1991 NA
1991 NA
1991 NA
1991 NA
1991 NA
1991 NA
1991 NA
1991 NA
1991 NA
1991 NA
1991 NA
1991 NA
1991 NA
1991 NA
1991 NA
1991 NA
1991 NA
1991 NA
1991 NA
1991 NA
1991 NA
1991 NA
1991 NA
1991 NA
1991 NA
1991 NA
1991 NA
1991 NA
1991 NA
1991 NA
1991 NA
1991 NA
1991 NA
1991 NA
1991 NA
1991 NA
1991 NA
1991 NA
1991 NA
1991 NA
1991 NA
1991 35
1991 48
1991 45
1991 36
1991 36
1991 35
1991 35
1991 42
1991 44
1991 44
1991 40
1991 38
1991 38
1991 35
1991 45
1991 50
1991 47
1991 40
1991 35
1991 28
1991 25
1991 37
1991 33
1991 35
1991 37
1991 42
1991 44
1991 40
1991 40
1991 40
1991 36
1991 35
1991 46
1991 49
1991 45
1991 35
1991 35
1991 35
1991 34
1991 36
1991 36
1991 35
1991 35
1991 35
1991 35
1991 35
1991 35
1991 35
1991 35
1991 35
1991 35
1991 35
1991 35
1991 35
1991 35
1991 35
1991 36
1991 36
1991 52
1991 57
1991 80
1991 83
1991 83
1991 80
1991 80
1991 80
1991 92
1991 85
1991 72
1991 70
1991 70
1991 70
1991 70
1991 70
1991 65
1991 63
1991 50
1991 50
1991 40
1991 37
1991 35
1991 34
1991 30
1991 30
1991 10
1991 0
1991 NA
1991 0
1991 NA
1991 0
1991 0
1991 0
1991 0
1991 0
1991 0
1991 0
1991 0
1991 0
1991 0
1991 0
1991 5
1991 0
1991 0
1991 0
1991 0
1991 0
1991 0
1991 0
1991 0
1991 0
1991 NA
1991 0
1991 0
1991 0
1991 0
1991 0
1991 0
1991 0
1991 0
1991 0
1991 0
1991 0
1991 0
1991 0
1991 0
1991 0
1991 0
1991 0
1991 3
1991 1
1991 5
1991 0
1991 4
1991 0
1991 0
1991 0
1991 0
1991 0
1991 0
1991 0
1991 0
1991 0
1991 0
1991 NA
1991 NA
1991 NA
1991 NA
1991 NA
1991 NA
1991 NA
1991 NA
1991 NA
1991 NA
1991 NA
1991 NA
1991 NA
1991 NA
1991 NA
1991 NA
1991 NA
1991 NA
1991 NA
1991 NA
1991 NA
1991 NA
1991 NA
1991 NA
1991 NA
1991 NA
1991 NA
1991 NA
1991 NA
1991 NA
1991 NA
1991 NA
1991 NA
1991 NA
1991 NA
1991 NA
1991 NA
1991 NA
1991 NA
1991 NA
1991 NA
1991 NA
1991 NA
1991 NA
1991 NA
1991 NA
1991 NA
1991 NA
1991 NA
1991 NA
1991 NA
1991 NA
1991 NA
1991 NA
1991 NA
1991 NA
1991 NA
1991 NA
1991 NA
1991 NA
1991 NA
1991 NA
1991 NA
1991 NA
1991 NA
1991 NA
1991 NA
1991 NA
1991 NA
1991 NA
1991 NA
1991 NA
1991 NA
1991 NA
1991 NA
1991 NA
1991 NA
1991 NA
1991 NA
1991 NA
1991 NA
1991 NA
1991 NA
1991 NA
1991 NA
1991 NA
1991 NA
1991 NA
1991 NA
1991 NA
1991 NA
1991 NA
1991 NA
1991 NA
1991 NA
1991 NA
1991 NA
1991 NA
1991 NA
1991 NA
1991 NA
1991 NA
1991 NA
1991 NA
1991 NA
1991 NA
1991 NA
1991 NA
1991 NA
1991 NA
1991 NA
1991 NA
1991 NA
1991 NA
1991 NA
1991 NA
1991 NA
1991 NA
1991 NA
1991 NA
1992 NA
1992 NA
1992 NA
1992 NA
1992 NA
1992 NA
1992 NA
1992 NA
1992 NA
1992 NA
1992 NA
1992 NA
1992 NA
1992 NA
1992 NA
1992 NA
1992 NA
1992 NA
1992 NA
1992 NA
1992 NA
1992 NA
1992 NA
1992 NA
1992 NA
1992 NA
1992 NA
1992 NA
1992 NA
1992 NA
1992 NA
1992 NA
1992 NA
1992 NA
1992 NA
1992 NA
1992 NA
1992 NA
1992 NA
1992 NA
1992 NA
1992 NA
1992 NA
1992 NA
1992 NA
1992 NA
1992 NA
1992 NA
1992 NA
1992 NA
1992 NA
1992 NA
1992 NA
1992 NA
1992 NA
1992 NA
1992 NA
1992 NA
1992 NA
1992 NA
1992 NA
1992 NA
1992 NA
1992 NA
1992 NA
1992 NA
1992 NA
1992 NA
1992 NA
1992 NA
1992 NA
1992 NA
1992 NA
1992 NA
1992 NA
1992 NA
1992 NA
1992 NA
1992 NA
1992 NA
1992 NA
1992 NA
1992 NA
1992 NA
1992 NA
1992 NA
1992 NA
1992 NA
1992 NA
1992 NA
1992 NA
1992 0
1992 0
1992 0
1992 0
1992 0
1992 0
1992 0
1992 0
1992 0
1992 0
1992 0
1992 0
1992 0
1992 0
1992 0
1992 0
1992 0
1992 0
1992 20
1992 17
1992 30
1992 78
1992 63
1992 60
1992 60
1992 60
1992 50
1992 50
1992 50
1992 50
1992 50
1992 50
1992 50
1992 50
1992 50
1992 50
1992 50
1992 50
1992 50
1992 50
1992 59
1992 59
1992 59
1992 59
1992 55
1992 50
1992 50
1992 50
1992 50
1992 50
1992 53
1992 52
1992 50
1992 48
1992 48
1992 48
1992 46
1992 46
1992 45
1992 40
1992 40
1992 40
1992 40
1992 40
1992 40
1992 56
1992 80
1992 65
1992 55
1992 55
1992 55
1992 57
1992 55
1992 50
1992 48
1992 53
1992 53
1992 40
1992 45
1992 43
1992 43
1992 42
1992 42
1992 42
1992 42
1992 42
1992 40
1992 40
1992 39
1992 39
1992 38
1992 37
1992 37
1992 25
1992 22
1992 20
1992 15
1992 10
1992 10
1992 10
1992 8
1992 10
1992 6
1992 0
1992 0
1992 0
1992 0
1992 0
1992 0
1992 0
1992 0
1992 0
1992 5
1992 4
1992 9
1992 10
1992 0
1992 0
1992 1
1992 0
1992 0
1992 0
1992 10
1992 0
1992 0
1992 0
1992 0
1992 0
1992 0
1992 0
1992 0
1992 0
1992 0
1992 0
1992 0
1992 0
1992 1
1992 8
1992 0
1992 1
1992 0
1992 0
1992 0
1992 0
1992 0
1992 0
1992 0
1992 0
1992 0
1992 0
1992 0
1992 0
1992 0
1992 0
1992 0
1992 0
1992 0
1992 0
1992 0
1992 0
1992 0
1992 0
1992 0
1992 0
1992 0
1992 0
1992 0
1992 0
1992 0
1992 0
1992 0
1992 0
1992 0
1992 0
1992 0
1992 0
1992 0
1992 0
1992 0
1992 0
1992 0
1992 0
1992 0
1992 NA
1992 NA
1992 NA
1992 NA
1992 NA
1992 NA
1992 NA
1992 NA
1992 NA
1992 NA
1992 NA
1992 NA
1992 NA
1992 NA
1992 NA
1992 NA
1992 NA
1992 NA
1992 NA
1992 NA
1992 NA
1992 NA
1992 NA
1992 NA
1992 NA
1992 NA
1992 NA
1992 NA
1992 NA
1992 NA
1992 NA
1992 NA
1992 NA
1992 NA
1992 NA
1992 NA
1992 NA
1992 NA
1992 NA
1992 NA
1992 NA
1992 NA
1992 NA
1992 NA
1992 NA
1992 NA
1992 NA
1992 NA
1992 NA
1992 NA
1992 NA
1992 NA
1992 NA
1992 NA
1992 NA
1992 NA
1992 NA
1992 NA
1992 NA
1992 NA
1992 NA
1992 NA
1992 NA
1992 NA
1992 NA
1992 NA
1992 NA
1992 NA
1992 NA
1992 NA
1992 NA
1992 NA
1992 NA
1992 NA
1992 NA
1992 NA
1992 NA
1992 NA
1992 NA
1992 NA
1992 NA
1992 NA
1992 NA
1992 NA
1992 NA
1992 NA
1992 NA
1992 NA
1992 NA
1992 NA
1992 NA
1992 NA
1993 NA
1993 NA
1993 NA
1993 NA
1993 NA
1993 NA
1993 NA
1993 NA
1993 NA
1993 NA
1993 NA
1993 NA
1993 NA
1993 NA
1993 NA
1993 NA
1993 NA
1993 NA
1993 NA
1993 NA
1993 NA
1993 NA
1993 NA
1993 NA
1993 NA
1993 NA
1993 NA
1993 NA
1993 NA
1993 NA
1993 NA
1993 NA
1993 NA
1993 NA
1993 NA
1993 NA
1993 NA
1993 NA
1993 NA
1993 NA
1993 NA
1993 NA
1993 NA
1993 NA
1993 NA
1993 NA
1993 NA
1993 NA
1993 NA
1993 NA
1993 NA
1993 NA
1993 NA
1993 NA
1993 NA
1993 0
1993 0
1993 NA
1993 1
1993 0
1993 NA
1993 0
1993 0
1993 0
1993 0
1993 NA
1993 NA
1993 0
1993 0
1993 NA
1993 NA
1993 0
1993 0
1993 1
1993 NA
1993 NA
1993 NA
1993 11
1993 10
1993 24
1993 NA
1993 NA
1993 NA
1993 NA
1993 NA
1993 NA
1993 NA
1993 NA
1993 0
1993 0
1993 NA
1993 0
1993 0
1993 0
1993 12
1993 23
1993 24
1993 30
1993 31
1993 31
1993 27
1993 28
1993 28
1993 28
1993 24
1993 24
1993 24
1993 24
1993 24
1993 24
1993 24
1993 24
1993 24
1993 22
1993 22
1993 22
1993 22
1993 22
1993 22
1993 22
1993 22
1993 22
1993 22
1993 22
1993 22
1993 22
1993 22
1993 22
1993 22
1993 22
1993 22
1993 22
1993 20
1993 20
1993 20
1993 13
1993 10
1993 10
1993 10
1993 10
1993 10
1993 10
1993 10
1993 10
1993 10
1993 10
1993 10
1993 10
1993 25
1993 27
1993 20
1993 20
1993 20
1993 15
1993 15
1993 15
1993 15
1993 15
1993 15
1993 15
1993 10
1993 8
1993 5
1993 5
1993 0
1993 0
1993 0
1993 0
1993 0
1993 0
1993 0
1993 0
1993 1
1993 14
1993 24
1993 25
1993 25
1993 25
1993 13
1993 13
1993 13
1993 12
1993 12
1993 25
1993 26
1993 25
1993 10
1993 5
1993 3
1993 3
1993 3
1993 0
1993 0
1993 0
1993 0
1993 0
1993 0
1993 0
1993 0
1993 0
1993 0
1993 0
1993 0
1993 0
1993 0
1993 0
1993 0
1993 0
1993 0
1993 0
1993 0
1993 0
1993 0
1993 5
1993 5
1993 2
1993 3
1993 1
1993 0
1993 0
1993 0
1993 0
1993 0
1993 0
1993 0
1993 0
1993 0
1993 0
1993 0
1993 0
1993 0
1993 0
1993 0
1993 0
1993 0
1993 0
1993 0
1993 0
1993 0
1993 0
1993 0
1993 0
1993 0
1993 0
1993 0
1993 0
1993 0
1993 0
1993 0
1993 0
1993 0
1993 0
1993 0
1993 0
1993 0
1993 0
1993 0
1993 0
1993 0
1993 0
1993 0
1993 0
1993 0
1993 0
1993 0
1993 0
1993 0
1993 0
1993 0
1993 0
1993 0
1993 0
1993 0
1993 0
1993 0
1993 0
1993 0
1993 0
1993 0
1993 0
1993 0
1993 0
1993 0
1993 0
1993 0
1993 0
1993 0
1993 0
1993 0
1993 0
1993 0
1993 0
1993 0
1993 0
1993 0
1993 0
1993 0
1993 0
1993 0
1993 0
1993 0
1993 0
1993 0
1993 0
1993 0
1993 0
1993 0
1993 0
1993 0
1993 0
1993 0
1993 0
1993 0
1993 0
1993 0
1993 0
1993 0
1993 0
1993 0
1993 0
1993 0
1993 0
1993 0
1993 0
1993 0
1993 0
1993 0
1993 0
1993 0
1993 0
1993 0
1993 0
1993 0
1993 0
1993 0
1993 0
1993 0
1993 0
1993 0
1993 0
1993 0
1993 0
1993 0
1993 0
1993 0
1993 0
1993 0
1993 0
1993 0
1993 0
1993 0
1993 0
1993 0
1993 0
1993 0
1993 0
1993 0
1993 0
1993 0
1993 0
1993 0
1993 0
1993 0
1993 0
1993 0
1994 0
1994 0
1994 0
1994 0
1994 0
1994 0
1994 0
1994 0
1994 0
1994 0
1994 0
1994 0
1994 0
1994 0
1994 0
1994 0
1994 0
1994 0
1994 0
1994 0
1994 0
1994 0
1994 0
1994 0
1994 0
1994 0
1994 0
1994 0
1994 0
1994 0
1994 0
1994 0
1994 0
1994 0
1994 0
1994 0
1994 0
1994 0
1994 0
1994 0
1994 0
1994 0
1994 0
1994 0
1994 0
1994 0
1994 0
1994 0
1994 0
1994 0
1994 0
1994 0
1994 0
1994 0
1994 0
1994 0
1994 0
1994 0
1994 0
1994 0
1994 0
1994 0
1994 0
1994 0
1994 0
1994 0
1994 0
1994 0
1994 0
1994 0
1994 0
1994 0
1994 0
1994 0
1994 0
1994 3
1994 0
1994 0
1994 0
1994 0
1994 0
1994 0
1994 0
1994 0
1994 0
1994 0
1994 0
1994 0
1994 0
1994 0
1994 0
1994 4
1994 4
1994 0
1994 0
1994 0
1994 0
1994 2
1994 12
1994 11
1994 5
1994 4
1994 8
1994 5
1994 16
1994 17
1994 22
1994 29
1994 24
1994 24
1994 10
1994 10
1994 16
1994 27
1994 50
1994 72
1994 60
1994 60
1994 60
1994 55
1994 43
1994 40
1994 40
1994 50
1994 45
1994 42
1994 43
1994 43
1994 25
1994 25
1994 25
1994 25
1994 41
1994 40
1994 30
1994 30
1994 20
1994 20
1994 20
1994 20
1994 20
1994 20
1994 20
1994 20
1994 20
1994 20
1994 24
1994 20
1994 22
1994 20
1994 20
1994 20
1994 20
1994 20
1994 20
1994 20
1994 15
1994 15
1994 10
1994 10
1994 10
1994 10
1994 15
1994 15
1994 15
1994 10
1994 10
1994 10
1994 10
1994 10
1994 0
1994 0
1994 2
1994 12
1994 5
1994 5
1994 7
1994 2
1994 2
1994 2
1994 0
1994 0
1994 0
1994 0
1994 0
1994 0
1994 0
1994 0
1994 0
1994 0
1994 0
1994 0
1994 0
1994 0
1994 0
1994 0
1994 0
1994 0
1994 0
1994 0
1994 0
1994 0
1994 0
1994 0
1994 0
1994 0
1994 0
1994 0
1994 0
1994 0
1994 0
1994 0
1994 0
1994 4
1994 6
1994 3
1994 11
1994 1
1994 2
1994 18
1994 20
1994 30
1994 10
1994 10
1994 10
1994 0
1994 20
1994 0
1994 0
1994 0
1994 0
1994 0
1994 0
1994 0
1994 0
1994 0
1994 0
1994 0
1994 0
1994 0
1994 0
1994 0
1994 0
1994 0
1994 0
1994 0
1994 0
1994 0
1994 0
1994 0
1994 0
1994 0
1994 0
1994 0
1994 0
1994 0
1994 0
1994 0
1994 0
1994 0
1994 0
1994 0
1994 0
1994 0
1994 0
1994 0
1994 0
1994 0
1994 0
1994 0
1994 0
1994 0
1994 0
1994 0
1994 0
1994 0
1994 0
1994 0
1994 0
1994 0
1994 0
1994 0
1994 0
1994 0
1994 0
1994 0
1994 0
1994 0
1994 0
1994 0
1994 0
1994 0
1994 0
1994 0
1994 0
1994 0
1994 0
1994 0
1994 0
1994 0
1994 0
1994 0
1994 0
1994 0
1994 0
1994 0
1994 0
1994 0
1994 0
1994 0
1994 0
1994 0
1994 0
1994 0
1994 0
1994 0
1994 0
1994 0
1994 0
1994 0
1994 0
1994 0
1994 0
1994 0
1994 0
1994 0
1994 0
1994 0
1994 0
1994 0
1994 0
1994 0
1994 0
1994 0
1994 0
1994 0
1994 0
1994 0
1994 0
1994 0
1994 0
1994 0
1994 0
1994 0
1994 0
1994 0
1994 0
1994 0
1994 0
1994 0
1994 0
1994 0
1994 0
1994 0
1994 0
1994 0
1994 0
1994 0
1994 0
1994 0
1994 0
1994 0
1994 0
1994 0
1994 0
1995 0
1995 0
1995 0
1995 0
1995 0
1995 0
1995 0
1995 0
1995 0
1995 0
1995 0
1995 0
1995 0
1995 0
1995 0
1995 0
1995 0
1995 0
1995 0
1995 0
1995 0
1995 0
1995 0
1995 0
1995 0
1995 0
1995 0
1995 0
1995 0
1995 0
1995 0
1995 0
1995 0
1995 0
1995 0
1995 0
1995 0
1995 0
1995 0
1995 0
1995 0
1995 0
1995 0
1995 0
1995 0
1995 0
1995 0
1995 0
1995 0
1995 0
1995 0
1995 0
1995 0
1995 0
1995 0
1995 0
1995 0
1995 0
1995 0
1995 0
1995 0
1995 0
1995 0
1995 0
1995 0
1995 0
1995 0
1995 0
1995 0
1995 0
1995 0
1995 0
1995 0
1995 0
1995 0
1995 0
1995 0
1995 0
1995 0
1995 0
1995 0
1995 0
1995 0
1995 0
1995 0
1995 0
1995 0
1995 0
1995 0
1995 0
1995 0
1995 0
1995 0
1995 0
1995 0
1995 0
1995 0
1995 0
1995 0
1995 0
1995 0
1995 0
1995 0
1995 0
1995 0
1995 0
1995 0
1995 0
1995 0
1995 1
1995 8
1995 7
1995 7
1995 7
1995 7
1995 6
1995 6
1995 5
1995 4
1995 4
1995 2
1995 0
1995 4
1995 25
1995 15
1995 15
1995 15
1995 15
1995 10
1995 10
1995 10
1995 33
1995 90
1995 69
1995 75
1995 70
1995 70
1995 65
1995 65
1995 65
1995 80
1995 70
1995 80
1995 110
1995 80
1995 65
1995 65
1995 65
1995 70
1995 60
1995 60
1995 70
1995 65
1995 55
1995 55
1995 55
1995 55
1995 54
1995 54
1995 54
1995 53
1995 60
1995 55
1995 62
1995 60
1995 60
1995 60
1995 60
1995 60
1995 60
1995 70
1995 70
1995 55
1995 55
1995 50
1995 63
1995 83
1995 70
1995 80
1995 85
1995 80
1995 80
1995 80
1995 70
1995 88
1995 80
1995 90
1995 97
1995 97
1995 100
1995 90
1995 90
1995 80
1995 80
1995 80
1995 80
1995 81
1995 80
1995 60
1995 48
1995 50
1995 50
1995 40
1995 40
1995 40
1995 30
1995 25
1995 25
1995 25
1995 30
1995 25
1995 15
1995 15
1995 15
1995 0
1995 0
1995 0
1995 0
1995 0
1995 0
1995 0
1995 0
1995 0
1995 0
1995 0
1995 0
1995 0
1995 0
1995 0
1995 0
1995 0
1995 1
1995 0
1995 0
1995 0
1995 0
1995 0
1995 0
1995 0
1995 0
1995 0
1995 0
1995 0
1995 0
1995 0
1995 0
1995 0
1995 0
1995 0
1995 0
1995 0
1995 0
1995 0
1995 0
1995 0
1995 0
1995 0
1995 0
1995 0
1995 0
1995 0
1995 0
1995 0
1995 0
1995 0
1995 0
1995 0
1995 0
1995 0
1995 0
1995 0
1995 0
1995 0
1995 0
1995 0
1995 0
1995 0
1995 0
1995 0
1995 0
1995 0
1995 0
1995 0
1995 0
1995 0
1995 0
1995 0
1995 0
1995 0
1995 0
1995 0
1995 0
1995 0
1995 0
1995 0
1995 0
1995 0
1995 0
1995 0
1995 0
1995 0
1995 0
1995 0
1995 0
1995 0
1995 0
1995 0
1995 0
1995 0
1995 0
1995 0
1995 0
1995 0
1995 0
1995 0
1995 0
1995 0
1995 0
1995 0
1995 0
1995 0
1995 0
1995 0
1995 0
1995 0
1995 0
1995 0
1995 0
1995 0
1995 0
1995 0
1995 0
1995 0
1995 0
1995 0
1995 0
1995 0
1995 0
1995 0
1995 0
1995 0
1995 0
1995 0
1995 0
1995 0
1995 0
1995 0
1995 0
1995 0
1995 0
1995 0
1995 0
1995 0
1995 0
1995 0
1995 0
1995 0
1995 0
1995 0
1995 0
1995 0
1995 0
1995 0
1995 0
1995 0
1996 0
1996 0
1996 0
1996 0
1996 0
1996 0
1996 0
1996 0
1996 0
1996 0
1996 0
1996 0
1996 0
1996 0
1996 0
1996 0
1996 0
1996 0
1996 0
1996 0
1996 0
1996 0
1996 0
1996 0
1996 0
1996 0
1996 0
1996 0
1996 0
1996 0
1996 0
1996 0
1996 0
1996 0
1996 0
1996 0
1996 0
1996 0
1996 0
1996 0
1996 0
1996 0
1996 0
1996 0
1996 0
1996 0
1996 0
1996 0
1996 0
1996 0
1996 0
1996 0
1996 0
1996 0
1996 0
1996 0
1996 0
1996 0
1996 0
1996 0
1996 0
1996 0
1996 0
1996 0
1996 0
1996 0
1996 0
1996 0
1996 0
1996 0
1996 0
1996 0
1996 0
1996 0
1996 0
1996 0
1996 0
1996 0
1996 0
1996 0
1996 0
1996 0
1996 0
1996 0
1996 0
1996 0
1996 0
1996 0
1996 0
1996 0
1996 0
1996 0
1996 0
1996 0
1996 0
1996 0
1996 0
1996 0
1996 0
1996 0
1996 0
1996 0
1996 0
1996 0
1996 0
1996 0
1996 0
1996 0
1996 1
1996 0
1996 0
1996 0
1996 0
1996 0
1996 0
1996 0
1996 0
1996 10
1996 7
1996 20
1996 20
1996 15
1996 10
1996 10
1996 10
1996 10
1996 10
1996 5
1996 8
1996 10
1996 10
1996 10
1996 10
1996 0
1996 0
1996 0
1996 0
1996 0
1996 0
1996 0
1996 0
1996 0
1996 0
1996 0
1996 0
1996 0
1996 0
1996 0
1996 0
1996 0
1996 0
1996 0
1996 0
1996 1
1996 0
1996 0
1996 1
1996 6
1996 6
1996 9
1996 12
1996 10
1996 3
1996 6
1996 10
1996 45
1996 50
1996 50
1996 50
1996 50
1996 30
1996 50
1996 50
1996 50
1996 50
1996 50
1996 50
1996 50
1996 35
1996 30
1996 30
1996 30
1996 20
1996 15
1996 15
1996 15
1996 15
1996 10
1996 10
1996 10
1996 5
1996 5
1996 0
1996 0
1996 0
1996 0
1996 0
1996 0
1996 0
1996 0
1996 0
1996 0
1996 0
1996 0
1996 0
1996 0
1996 0
1996 0
1996 0
1996 0
1996 0
1996 0
1996 0
1996 0
1996 3
1996 2
1996 1
1996 0
1996 0
1996 0
1996 0
1996 0
1996 0
1996 0
1996 0
1996 0
1996 0
1996 0
1996 0
1996 0
1996 0
1996 0
1996 0
1996 0
1996 0
1996 0
1996 0
1996 0
1996 0
1996 0
1996 0
1996 0
1996 0
1996 0
1996 0
1996 0
1996 NA
1996 0
1996 0
1996 0
1996 0
1996 0
1996 0
1996 0
1996 0
1996 0
1996 0
1996 0
1996 0
1996 0
1996 0
1996 0
1996 0
1996 0
1996 0
1996 0
1996 0
1996 0
1996 0
1996 0
1996 0
1996 0
1996 0
1996 0
1996 0
1996 0
1996 0
1996 0
1996 0
1996 0
1996 0
1996 0
1996 0
1996 0
1996 0
1996 0
1996 0
1996 0
1996 0
1996 0
1996 0
1996 0
1996 0
1996 0
1996 0
1996 0
1996 0
1996 0
1996 0
1996 0
1996 0
1996 0
1996 0
1996 0
1996 0
1996 0
1996 0
1996 0
1996 0
1996 0
1996 0
1996 0
1996 0
1996 0
1996 0
1996 0
1996 0
1996 0
1996 0
1996 0
1996 0
1996 0
1996 0
1996 0
1996 0
1996 0
1996 0
1996 0
1996 0
1996 0
1996 0
1996 0
1996 0
1996 0
1996 0
1996 0
1996 0
1996 0
1996 0
1996 0
1996 0
1996 0
1996 0
1996 0
1996 0
1996 0
1996 0
1996 0
1996 0
1996 0
1996 0
1996 0
1996 0
1996 0
1996 0
1996 0
1996 0
1996 0
1996 0
1996 0
1996 0
1996 0
1996 0
1996 0
1996 0
1996 0
1997 0
1997 0
1997 0
1997 0
1997 0
1997 0
1997 0
1997 0
1997 0
1997 0
1997 0
1997 0
1997 0
1997 0
1997 0
1997 0
1997 0
1997 0
1997 0
1997 0
1997 0
1997 0
1997 0
1997 0
1997 0
1997 0
1997 0
1997 0
1997 0
1997 0
1997 0
1997 0
1997 0
1997 0
1997 0
1997 0
1997 0
1997 0
1997 0
1997 0
1997 0
1997 0
1997 0
1997 0
1997 0
1997 0
1997 0
1997 0
1997 0
1997 0
1997 0
1997 0
1997 0
1997 0
1997 0
1997 0
1997 0
1997 0
1997 0
1997 0
1997 0
1997 0
1997 0
1997 0
1997 0
1997 0
1997 0
1997 0
1997 0
1997 0
1997 0
1997 0
1997 0
1997 0
1997 0
1997 0
1997 0
1997 0
1997 5
1997 15
1997 15
1997 30
1997 45
1997 45
1997 55
1997 43
1997 60
1997 50
1997 50
1997 50
1997 80
1997 80
1997 70
1997 76
1997 75
1997 75
1997 60
1997 60
1997 50
1997 50
1997 30
1997 30
1997 30
1997 30
1997 30
1997 30
1997 30
1997 30
1997 30
1997 30
1997 30
1997 30
1997 30
1997 15
1997 15
1997 13
1997 14
1997 14
1997 14
1997 14
1997 14
1997 19
1997 19
1997 19
1997 18
1997 15
1997 15
1997 15
1997 15
1997 10
1997 10
1997 10
1997 9
1997 9
1997 9
1997 9
1997 9
1997 5
1997 5
1997 5
1997 5
1997 8
1997 6
1997 5
1997 0
1997 0
1997 0
1997 0
1997 0
1997 0
1997 0
1997 0
1997 0
1997 0
1997 0
1997 0
1997 0
1997 1
1997 3
1997 0
1997 0
1997 0
1997 0
1997 0
1997 0
1997 0
1997 3
1997 2
1997 1
1997 0
1997 0
1997 1
1997 1
1997 0
1997 0
1997 0
1997 0
1997 0
1997 0
1997 9
1997 0
1997 0
1997 0
1997 0
1997 0
1997 0
1997 0
1997 0
1997 0
1997 0
1997 0
1997 0
1997 0
1997 0
1997 0
1997 0
1997 0
1997 0
1997 0
1997 1
1997 6
1997 0
1997 0
1997 0
1997 0
1997 0
1997 0
1997 0
1997 0
1997 1
1997 0
1997 0
1997 0
1997 0
1997 0
1997 0
1997 0
1997 0
1997 0
1997 0
1997 0
1997 0
1997 0
1997 0
1997 0
1997 0
1997 0
1997 0
1997 0
1997 0
1997 0
1997 0
1997 0
1997 0
1997 0
1997 0
1997 0
1997 0
1997 0
1997 0
1997 0
1997 0
1997 0
1997 0
1997 0
1997 0
1997 0
1997 0
1997 0
1997 3
1997 0
1997 0
1997 0
1997 0
1997 0
1997 0
1997 0
1997 0
1997 0
1997 0
1997 0
1997 0
1997 0
1997 0
1997 0
1997 0
1997 0
1997 0
1997 0
1997 0
1997 0
1997 0
1997 0
1997 0
1997 0
1997 0
1997 0
1997 0
1997 0
1997 0
1997 0
1997 0
1997 0
1997 0
1997 0
1997 0
1997 0
1997 0
1997 0
1997 0
1997 0
1997 0
1997 0
1997 0
1997 0
1997 0
1997 0
1997 0
1997 0
1997 0
1997 0
1997 0
1997 0
1997 0
1997 0
1997 0
1997 0
1997 0
1997 0
1997 0
1997 0
1997 0
1997 0
1997 0
1997 0
1997 0
1997 0
1997 0
1997 0
1997 0
1997 0
1997 0
1997 0
1997 0
1997 0
1997 0
1997 0
1997 0
1997 0
1997 0
1997 0
1997 0
1997 0
1997 0
1997 0
1997 0
1997 0
1997 0
1997 0
1997 0
1997 0
1997 0
1997 0
1997 0
1997 0
1997 0
1997 0
1997 0
1997 0
1997 0
1997 0
1997 0
1997 0
1997 0
1997 0
1997 0
1997 0
1997 0
1997 0
1997 0
1997 0
1997 0
1997 0
1997 0
1997 0
1998 0
1998 0
1998 0
1998 0
1998 0
1998 0
1998 0
1998 0
1998 0
1998 0
1998 0
1998 0
1998 0
1998 0
1998 0
1998 0
1998 0
1998 0
1998 0
1998 0
1998 0
1998 0
1998 0
1998 0
1998 0
1998 0
1998 0
1998 0
1998 0
1998 0
1998 0
1998 0
1998 0
1998 0
1998 0
1998 0
1998 0
1998 0
1998 0
1998 0
1998 0
1998 0
1998 0
1998 0
1998 0
1998 0
1998 0
1998 0
1998 0
1998 0
1998 0
1998 0
1998 0
1998 0
1998 0
1998 0
1998 0
1998 0
1998 0
1998 0
1998 0
1998 0
1998 0
1998 0
1998 0
1998 0
1998 0
1998 0
1998 0
1998 0
1998 0
1998 0
1998 0
1998 0
1998 0
1998 0
1998 0
1998 0
1998 0
1998 0
1998 0
1998 0
1998 0
1998 0
1998 0
1998 0
1998 0
1998 0
1998 0
1998 0
1998 0
1998 0
1998 0
1998 13
1998 13
1998 9
1998 9
1998 8
1998 8
1998 8
1998 4
1998 0
1998 0
1998 1
1998 0
1998 1
1998 0
1998 0
1998 0
1998 0
1998 0
1998 5
1998 2
1998 2
1998 2
1998 2
1998 0
1998 3
1998 20
1998 15
1998 10
1998 10
1998 5
1998 5
1998 0
1998 0
1998 0
1998 0
1998 2
1998 2
1998 2
1998 2
1998 2
1998 1
1998 0
1998 1
1998 0
1998 4
1998 13
1998 7
1998 20
1998 26
1998 29
1998 29
1998 25
1998 25
1998 24
1998 24
1998 24
1998 24
1998 24
1998 24
1998 23
1998 24
1998 24
1998 24
1998 24
1998 23
1998 20
1998 20
1998 18
1998 17
1998 17
1998 17
1998 16
1998 15
1998 14
1998 14
1998 13
1998 12
1998 10
1998 5
1998 2
1998 1
1998 2
1998 5
1998 3
1998 0
1998 0
1998 0
1998 0
1998 0
1998 0
1998 0
1998 0
1998 0
1998 0
1998 0
1998 0
1998 5
1998 3
1998 0
1998 10
1998 0
1998 0
1998 0
1998 0
1998 0
1998 0
1998 0
1998 0
1998 0
1998 0
1998 0
1998 7
1998 0
1998 0
1998 0
1998 0
1998 0
1998 0
1998 0
1998 0
1998 0
1998 0
1998 0
1998 0
1998 0
1998 0
1998 0
1998 0
1998 0
1998 2
1998 6
1998 5
1998 3
1998 0
1998 3
1998 1
1998 5
1998 1
1998 0
1998 0
1998 0
1998 0
1998 0
1998 0
1998 0
1998 0
1998 8
1998 0
1998 0
1998 0
1998 0
1998 0
1998 0
1998 0
1998 0
1998 0
1998 0
1998 0
1998 0
1998 0
1998 0
1998 0
1998 0
1998 0
1998 0
1998 0
1998 0
1998 0
1998 0
1998 0
1998 0
1998 0
1998 0
1998 0
1998 0
1998 0
1998 0
1998 0
1998 0
1998 0
1998 0
1998 0
1998 0
1998 0
1998 0
1998 0
1998 0
1998 0
1998 0
1998 0
1998 0
1998 0
1998 0
1998 0
1998 0
1998 0
1998 0
1998 0
1998 0
1998 0
1998 0
1998 0
1998 0
1998 0
1998 0
1998 0
1998 0
1998 0
1998 0
1998 0
1998 0
1998 0
1998 0
1998 0
1998 0
1998 0
1998 0
1998 0
1998 0
1998 0
1998 0
1998 0
1998 0
1998 0
1998 0
1998 0
1998 0
1998 0
1998 0
1998 0
1998 0
1998 0
1998 0
1998 0
1998 0
1998 0
1998 0
1998 0
1998 0
1998 0
1998 0
1998 0
1998 0
1998 0
1998 0
1998 0
1998 0
1998 0
1998 0
1998 0
1998 0
1998 0
1998 0
1998 0
1998 0
1998 0
1998 0
1998 0
1998 0
1998 0
1998 0
1998 0
1998 0
1998 0
1998 0
1998 0
1998 0
1998 0
1998 0
1998 0
1998 0
1998 0
1999 0
1999 0
1999 0
1999 0
1999 0
1999 0
1999 0
1999 0
1999 0
1999 0
1999 0
1999 0
1999 0
1999 0
1999 0
1999 0
1999 0
1999 0
1999 0
1999 0
1999 0
1999 0
1999 0
1999 0
1999 0
1999 0
1999 0
1999 0
1999 0
1999 0
1999 0
1999 0
1999 0
1999 0
1999 0
1999 0
1999 0
1999 0
1999 0
1999 0
1999 0
1999 0
1999 0
1999 0
1999 0
1999 0
1999 0
1999 0
1999 0
1999 0
1999 0
1999 0
1999 0
1999 0
1999 0
1999 0
1999 0
1999 0
1999 0
1999 0
1999 0
1999 0
1999 0
1999 0
1999 0
1999 0
1999 0
1999 0
1999 0
1999 0
1999 0
1999 0
1999 0
1999 5
1999 5
1999 10
1999 10
1999 7
1999 5
1999 5
1999 5
1999 5
1999 5
1999 5
1999 5
1999 5
1999 16
1999 28
1999 30
1999 26
1999 28
1999 26
1999 25
1999 25
1999 25
1999 25
1999 18
1999 18
1999 18
1999 18
1999 23
1999 34
1999 36
1999 26
1999 24
1999 24
1999 24
1999 24
1999 24
1999 24
1999 22
1999 22
1999 22
1999 22
1999 22
1999 35
1999 35
1999 32
1999 30
1999 30
1999 30
1999 28
1999 25
1999 25
1999 26
1999 23
1999 20
1999 20
1999 20
1999 20
1999 20
1999 20
1999 20
1999 28
1999 37
1999 35
1999 35
1999 35
1999 35
1999 35
1999 34
1999 31
1999 30
1999 30
1999 28
1999 27
1999 26
1999 25
1999 41
1999 60
1999 70
1999 75
1999 75
1999 75
1999 75
1999 75
1999 75
1999 70
1999 80
1999 95
1999 110
1999 150
1999 150
1999 140
1999 135
1999 130
1999 125
1999 110
1999 90
1999 90
1999 99
1999 125
1999 125
1999 115
1999 105
1999 117
1999 120
1999 115
1999 110
1999 105
1999 105
1999 100
1999 90
1999 85
1999 75
1999 100
1999 100
1999 100
1999 100
1999 106
1999 105
1999 80
1999 75
1999 70
1999 60
1999 55
1999 55
1999 50
1999 50
1999 45
1999 40
1999 35
1999 35
1999 38
1999 30
1999 25
1999 20
1999 15
1999 10
1999 0
1999 0
1999 0
1999 0
1999 0
1999 0
1999 0
1999 0
1999 0
1999 0
1999 0
1999 0
1999 0
1999 0
1999 0
1999 4
1999 2
1999 2
1999 25
1999 25
1999 5
1999 5
1999 0
1999 0
1999 0
1999 0
1999 0
1999 0
1999 0
1999 0
1999 0
1999 0
1999 0
1999 0
1999 0
1999 0
1999 0
1999 0
1999 0
1999 0
1999 0
1999 0
1999 0
1999 0
1999 0
1999 0
1999 0
1999 0
1999 0
1999 0
1999 0
1999 0
1999 0
1999 0
1999 0
1999 0
1999 0
1999 0
1999 0
1999 0
1999 0
1999 0
1999 0
1999 0
1999 0
1999 0
1999 0
1999 0
1999 0
1999 0
1999 0
1999 0
1999 0
1999 0
1999 0
1999 0
1999 0
1999 0
1999 0
1999 0
1999 0
1999 0
1999 0
1999 0
1999 0
1999 0
1999 0
1999 0
1999 0
1999 0
1999 0
1999 0
1999 0
1999 0
1999 0
1999 0
1999 0
1999 0
1999 0
1999 0
1999 0
1999 0
1999 0
1999 0
1999 0
1999 0
1999 0
1999 0
1999 0
1999 0
1999 0
1999 0
1999 0
1999 0
1999 0
1999 0
1999 0
1999 0
1999 0
1999 0
1999 0
1999 0
1999 0
1999 0
1999 0
1999 0
1999 0
1999 0
1999 0
1999 0
1999 0
1999 0
1999 0
1999 0
1999 0
1999 0
1999 0
1999 0
1999 0
1999 0
1999 0
1999 0
1999 0
1999 0
1999 0
1999 0
1999 0
1999 0
1999 0
1999 0
1999 0
1999 0
1999 0
1999 0
1999 0
1999 0
2000 0
2000 0
2000 0
2000 0
2000 0
2000 0
2000 0
2000 0
2000 0
2000 0
2000 0
2000 0
2000 0
2000 0
2000 0
2000 0
2000 0
2000 0
2000 0
2000 0
2000 0
2000 0
2000 0
2000 0
2000 0
2000 0
2000 0
2000 0
2000 0
2000 0
2000 0
2000 0
2000 0
2000 0
2000 0
2000 0
2000 0
2000 0
2000 0
2000 0
2000 0
2000 0
2000 0
2000 0
2000 0
2000 0
2000 0
2000 0
2000 0
2000 0
2000 0
2000 0
2000 0
2000 0
2000 0
2000 0
2000 0
2000 0
2000 0
2000 0
2000 0
2000 0
2000 0
2000 0
2000 0
2000 0
2000 0
2000 0
2000 0
2000 0
2000 0
2000 0
2000 0
2000 0
2000 0
2000 0
2000 0
2000 5
2000 5
2000 30
2000 30
2000 25
2000 22
2000 20
2000 17
2000 17
2000 16
2000 15
2000 14
2000 12
2000 10
2000 10
2000 9
2000 9
2000 9
2000 9
2000 10
2000 10
2000 10
2000 10
2000 17
2000 15
2000 33
2000 35
2000 45
2000 40
2000 40
2000 35
2000 35
2000 33
2000 30
2000 28
2000 28
2000 27
2000 27
2000 25
2000 20
2000 25
2000 46
2000 60
2000 60
2000 60
2000 42
2000 41
2000 41
2000 40
2000 40
2000 40
2000 40
2000 40
2000 40
2000 38
2000 35
2000 35
2000 35
2000 35
2000 35
2000 35
2000 35
2000 35
2000 35
2000 35
2000 34
2000 30
2000 45
2000 52
2000 50
2000 49
2000 48
2000 48
2000 47
2000 50
2000 45
2000 43
2000 42
2000 35
2000 35
2000 35
2000 35
2000 35
2000 35
2000 30
2000 32
2000 32
2000 32
2000 32
2000 31
2000 30
2000 25
2000 30
2000 33
2000 45
2000 50
2000 50
2000 45
2000 45
2000 40
2000 40
2000 40
2000 30
2000 28
2000 25
2000 30
2000 30
2000 30
2000 45
2000 50
2000 50
2000 45
2000 42
2000 35
2000 35
2000 30
2000 30
2000 30
2000 27
2000 0
2000 0
2000 0
2000 0
2000 0
2000 0
2000 0
2000 0
2000 0
2000 0
2000 0
2000 0
2000 4
2000 0
2000 2
2000 0
2000 0
2000 NA
2000 0
2000 0
2000 0
2000 0
2000 0
2000 0
2000 0
2000 0
2000 0
2000 0
2000 0
2000 0
2000 0
2000 0
2000 0
2000 0
2000 0
2000 0
2000 0
2000 0
2000 0
2000 0
2000 5
2000 0
2000 0
2000 0
2000 0
2000 0
2000 0
2000 0
2000 0
2000 0
2000 0
2000 0
2000 0
2000 0
2000 0
2000 0
2000 0
2000 0
2000 0
2000 0
2000 0
2000 0
2000 0
2000 0
2000 0
2000 0
2000 0
2000 0
2000 0
2000 0
2000 0
2000 0
2000 0
2000 0
2000 0
2000 0
2000 0
2000 0
2000 0
2000 0
2000 0
2000 0
2000 0
2000 0
2000 0
2000 0
2000 0
2000 0
2000 0
2000 0
2000 0
2000 0
2000 0
2000 0
2000 0
2000 0
2000 0
2000 0
2000 0
2000 0
2000 0
2000 0
2000 0
2000 0
2000 0
2000 0
2000 0
2000 0
2000 0
2000 0
2000 0
2000 0
2000 0
2000 0
2000 0
2000 0
2000 0
2000 0
2000 0
2000 0
2000 0
2000 0
2000 0
2000 0
2000 0
2000 0
2000 0
2000 0
2000 0
2000 0
2000 0
2000 0
2000 0
2000 0
2000 0
2000 0
2000 0
2000 0
2000 0
2000 0
2000 0
2000 0
2000 0
2000 0
2000 0
2000 0
2000 0
2000 0
2000 0
2000 0
2000 0
2000 0
2000 0
2000 0
2000 0
2000 0
2000 0
2000 0
2000 0
2000 0
2000 0
2000 0
2000 0
2000 0
2000 0
2000 0
2000 0
2000 0
2000 0
2000 0
2001 0
2001 0
2001 0
2001 0
2001 0
2001 0
2001 0
2001 0
2001 0
2001 0
2001 0
2001 0
2001 0
2001 0
2001 0
2001 0
2001 0
2001 0
2001 0
2001 0
2001 0
2001 0
2001 0
2001 0
2001 0
2001 0
2001 0
2001 0
2001 0
2001 0
2001 0
2001 0
2001 0
2001 0
2001 0
2001 0
2001 0
2001 0
2001 0
2001 0
2001 0
2001 0
2001 0
2001 0
2001 0
2001 0
2001 0
2001 0
2001 0
2001 0
2001 0
2001 0
2001 0
2001 0
2001 0
2001 0
2001 0
2001 0
2001 0
2001 0
2001 0
2001 0
2001 0
2001 0
2001 0
2001 0
2001 0
2001 0
2001 0
2001 0
2001 0
2001 0
2001 0
2001 0
2001 0
2001 0
2001 0
2001 2
2001 10
2001 8
2001 7
2001 7
2001 3
2001 0
2001 0
2001 0
2001 5
2001 3
2001 2
2001 1
2001 0
2001 0
2001 0
2001 0
2001 0
2001 0
2001 0
2001 0
2001 0
2001 0
2001 0
2001 0
2001 0
2001 0
2001 0
2001 0
2001 1
2001 0
2001 0
2001 0
2001 0
2001 0
2001 0
2001 0
2001 0
2001 0
2001 2
2001 0
2001 6
2001 4
2001 7
2001 5
2001 5
2001 5
2001 10
2001 6
2001 11
2001 8
2001 15
2001 20
2001 21
2001 20
2001 20
2001 14
2001 13
2001 12
2001 12
2001 12
2001 12
2001 13
2001 16
2001 24
2001 23
2001 20
2001 22
2001 15
2001 15
2001 16
2001 20
2001 16
2001 15
2001 15
2001 15
2001 15
2001 15
2001 15
2001 21
2001 18
2001 15
2001 10
2001 3
2001 1
2001 1
2001 0
2001 0
2001 0
2001 0
2001 0
2001 0
2001 0
2001 0
2001 0
2001 0
2001 0
2001 0
2001 0
2001 1
2001 4
2001 0
2001 0
2001 0
2001 1
2001 NA
2001 13
2001 5
2001 0
2001 0
2001 0
2001 0
2001 0
2001 0
2001 0
2001 0
2001 2
2001 0
2001 0
2001 0
2001 0
2001 0
2001 0
2001 0
2001 0
2001 0
2001 0
2001 0
2001 0
2001 0
2001 0
2001 0
2001 0
2001 1
2001 0
2001 0
2001 0
2001 0
2001 0
2001 0
2001 1
2001 0
2001 5
2001 0
2001 0
2001 0
2001 0
2001 0
2001 0
2001 0
2001 6
2001 0
2001 0
2001 0
2001 2
2001 3
2001 1
2001 0
2001 0
2001 0
2001 0
2001 0
2001 0
2001 0
2001 0
2001 0
2001 0
2001 0
2001 0
2001 0
2001 0
2001 0
2001 0
2001 0
2001 0
2001 0
2001 0
2001 0
2001 0
2001 0
2001 0
2001 0
2001 0
2001 0
2001 0
2001 0
2001 0
2001 0
2001 0
2001 0
2001 0
2001 0
2001 0
2001 0
2001 0
2001 0
2001 0
2001 0
2001 0
2001 0
2001 0
2001 0
2001 0
2001 0
2001 0
2001 0
2001 0
2001 0
2001 0
2001 0
2001 0
2001 0
2001 0
2001 0
2001 0
2001 0
2001 0
2001 0
2001 0
2001 0
2001 0
2001 0
2001 0
2001 0
2001 0
2001 0
2001 0
2001 0
2001 0
2001 0
2001 0
2001 0
2001 0
2001 0
2001 0
2001 0
2001 0
2001 0
2001 0
2001 0
2001 0
2001 0
2001 0
2001 0
2001 0
2001 0
2001 0
2001 0
2001 0
2001 0
2001 0
2001 0
2001 0
2001 0
2001 0
2001 0
2001 0
2001 0
2001 0
2001 0
2001 0
2001 0
2001 0
2001 0
2001 0
2001 0
2001 0
2001 0
2001 0
2001 0
2001 0
2001 0
2001 0
2001 0
2001 0
2001 0
2001 0
2001 0
2001 0
2001 0
2001 0
2001 0
2001 0
2001 0
2001 0
2001 0
2001 0
2001 0
2002 0
2002 0
2002 0
2002 0
2002 0
2002 0
2002 0
2002 0
2002 0
2002 0
2002 0
2002 0
2002 0
2002 0
2002 0
2002 0
2002 0
2002 0
2002 0
2002 0
2002 0
2002 0
2002 0
2002 0
2002 0
2002 0
2002 0
2002 0
2002 0
2002 0
2002 0
2002 0
2002 0
2002 0
2002 0
2002 0
2002 0
2002 0
2002 0
2002 0
2002 0
2002 0
2002 0
2002 0
2002 0
2002 0
2002 0
2002 0
2002 0
2002 0
2002 0
2002 0
2002 0
2002 0
2002 0
2002 0
2002 0
2002 0
2002 0
2002 0
2002 0
2002 NA
2002 NA
2002 NA
2002 NA
2002 NA
2002 NA
2002 NA
2002 NA
2002 NA
2002 NA
2002 NA
2002 NA
2002 NA
2002 NA
2002 NA
2002 NA
2002 NA
2002 NA
2002 NA
2002 NA
2002 NA
2002 NA
2002 NA
2002 NA
2002 NA
2002 NA
2002 NA
2002 NA
2002 NA
2002 NA
2002 0
2002 0
2002 0
2002 0
2002 0
2002 0
2002 0
2002 0
2002 0
2002 0
2002 0
2002 0
2002 0
2002 0
2002 0
2002 0
2002 0
2002 0
2002 0
2002 0
2002 0
2002 0
2002 6
2002 4
2002 4
2002 9
2002 10
2002 14
2002 12
2002 10
2002 10
2002 10
2002 10
2002 10
2002 10
2002 10
2002 10
2002 10
2002 10
2002 10
2002 10
2002 10
2002 10
2002 10
2002 10
2002 10
2002 10
2002 10
2002 10
2002 10
2002 10
2002 10
2002 8
2002 6
2002 10
2002 10
2002 9
2002 7
2002 5
2002 3
2002 0
2002 0
2002 0
2002 0
2002 0
2002 0
2002 0
2002 2
2002 8
2002 7
2002 5
2002 2
2002 0
2002 0
2002 0
2002 0
2002 0
2002 0
2002 0
2002 0
2002 1
2002 0
2002 17
2002 14
2002 16
2002 14
2002 28
2002 12
2002 8
2002 5
2002 3
2002 5
2002 10
2002 5
2002 2
2002 0
2002 0
2002 0
2002 0
2002 0
2002 0
2002 0
2002 0
2002 0
2002 0
2002 0
2002 0
2002 0
2002 0
2002 0
2002 0
2002 0
2002 0
2002 0
2002 0
2002 0
2002 0
2002 0
2002 0
2002 0
2002 0
2002 0
2002 0
2002 0
2002 0
2002 0
2002 0
2002 0
2002 0
2002 0
2002 0
2002 0
2002 0
2002 0
2002 0
2002 0
2002 0
2002 0
2002 0
2002 0
2002 0
2002 0
2002 0
2002 0
2002 0
2002 0
2002 0
2002 0
2002 0
2002 0
2002 0
2002 0
2002 0
2002 0
2002 7
2002 6
2002 0
2002 0
2002 0
2002 0
2002 0
2002 0
2002 0
2002 0
2002 0
2002 0
2002 0
2002 0
2002 0
2002 0
2002 0
2002 0
2002 0
2002 0
2002 0
2002 0
2002 0
2002 0
2002 0
2002 0
2002 0
2002 0
2002 0
2002 0
2002 0
2002 0
2002 0
2002 0
2002 0
2002 0
2002 0
2002 0
2002 0
2002 0
2002 0
2002 0
2002 0
2002 0
2002 0
2002 0
2002 0
2002 0
2002 0
2002 0
2002 0
2002 0
2002 0
2002 0
2002 0
2002 0
2002 0
2002 0
2002 0
2002 0
2002 0
2002 0
2002 0
2002 0
2002 0
2002 0
2002 0
2002 0
2002 0
2002 0
2002 0
2002 0
2002 0
2002 0
2002 0
2002 0
2002 0
2002 0
2002 0
2002 0
2002 0
2002 0
2002 0
2002 0
2002 0
2002 0
2002 0
2002 0
2002 0
2002 0
2002 0
2002 0
2002 0
2002 0
2002 0
2002 0
2002 0
2002 0
2002 0
2002 0
2002 0
2002 0
2002 0
2002 0
2002 0
2002 0
2002 0
2002 0
2002 0
2002 0
2002 0
2002 0
2002 0
2002 0
2002 0
2002 0
2002 0
2002 0
2002 0
2002 0
2003 0
2003 0
2003 0
2003 0
2003 0
2003 0
2003 0
2003 0
2003 0
2003 0
2003 0
2003 0
2003 0
2003 0
2003 0
2003 0
2003 0
2003 0
2003 0
2003 0
2003 0
2003 0
2003 0
2003 0
2003 0
2003 0
2003 0
2003 0
2003 0
2003 0
2003 0
2003 0
2003 0
2003 0
2003 0
2003 0
2003 0
2003 0
2003 0
2003 0
2003 0
2003 0
2003 0
2003 0
2003 0
2003 0
2003 0
2003 0
2003 0
2003 0
2003 0
2003 0
2003 0
2003 0
2003 0
2003 0
2003 0
2003 0
2003 0
2003 0
2003 0
2003 0
2003 0
2003 0
2003 0
2003 0
2003 0
2003 2
2003 3
2003 1
2003 0
2003 0
2003 0
2003 2
2003 0
2003 0
2003 0
2003 0
2003 0
2003 0
2003 0
2003 2
2003 0
2003 0
2003 0
2003 0
2003 0
2003 0
2003 0
2003 0
2003 1
2003 0
2003 3
2003 2
2003 2
2003 2
2003 2
2003 2
2003 1
2003 1
2003 1
2003 1
2003 1
2003 1
2003 1
2003 2
2003 1
2003 0
2003 0
2003 0
2003 0
2003 0
2003 0
2003 0
2003 0
2003 0
2003 0
2003 0
2003 0
2003 1
2003 1
2003 0
2003 0
2003 0
2003 0
2003 0
2003 5
2003 4
2003 4
2003 3
2003 3
2003 3
2003 3
2003 3
2003 3
2003 4
2003 4
2003 3
2003 2
2003 1
2003 1
2003 2
2003 2
2003 9
2003 23
2003 30
2003 17
2003 17
2003 18
2003 16
2003 26
2003 26
2003 27
2003 27
2003 27
2003 22
2003 40
2003 39
2003 38
2003 37
2003 37
2003 37
2003 36
2003 33
2003 32
2003 30
2003 30
2003 30
2003 30
2003 30
2003 29
2003 29
2003 28
2003 26
2003 23
2003 20
2003 18
2003 14
2003 10
2003 8
2003 7
2003 7
2003 4
2003 7
2003 5
2003 4
2003 4
2003 3
2003 2
2003 2
2003 1
2003 0
2003 0
2003 0
2003 0
2003 0
2003 0
2003 0
2003 0
2003 0
2003 0
2003 0
2003 0
2003 0
2003 0
2003 0
2003 0
2003 0
2003 0
2003 0
2003 0
2003 0
2003 0
2003 0
2003 0
2003 0
2003 0
2003 0
2003 0
2003 0
2003 0
2003 17
2003 4
2003 1
2003 0
2003 0
2003 0
2003 0
2003 0
2003 0
2003 0
2003 0
2003 0
2003 0
2003 0
2003 0
2003 0
2003 0
2003 0
2003 0
2003 0
2003 0
2003 0
2003 0
2003 0
2003 0
2003 0
2003 0
2003 0
2003 0
2003 0
2003 0
2003 0
2003 0
2003 0
2003 0
2003 0
2003 0
2003 0
2003 0
2003 0
2003 0
2003 0
2003 0
2003 0
2003 0
2003 0
2003 0
2003 0
2003 0
2003 0
2003 0
2003 0
2003 0
2003 0
2003 0
2003 0
2003 0
2003 0
2003 0
2003 0
2003 0
2003 0
2003 0
2003 0
2003 0
2003 0
2003 0
2003 0
2003 0
2003 0
2003 0
2003 0
2003 0
2003 0
2003 0
2003 0
2003 0
2003 0
2003 0
2003 0
2003 0
2003 0
2003 0
2003 0
2003 0
2003 0
2003 0
2003 0
2003 0
2003 0
2003 0
2003 0
2003 0
2003 0
2003 0
2003 0
2003 0
2003 0
2003 0
2003 0
2003 0
2003 0
2003 0
2003 0
2003 0
2003 0
2003 0
2003 0
2003 0
2003 0
2003 0
2003 0
2003 0
2003 0
2003 0
2003 0
2003 0
2003 0
2003 0
2003 0
2003 0
2003 0
2003 0
2003 0
2003 0
2003 0
2003 0
2003 0
2003 0
2003 0
2003 0
2003 0
2003 0
2003 0
2003 0
2003 0
2003 0
2003 0
2003 0
2003 0
2003 0
2003 0
2003 0
2003 0
2004 0
2004 0
2004 0
2004 0
2004 0
2004 0
2004 0
2004 0
2004 0
2004 0
2004 0
2004 0
2004 0
2004 0
2004 0
2004 0
2004 0
2004 0
2004 0
2004 0
2004 0
2004 0
2004 0
2004 0
2004 0
2004 0
2004 0
2004 0
2004 0
2004 0
2004 0
2004 0
2004 0
2004 0
2004 0
2004 0
2004 0
2004 0
2004 0
2004 0
2004 0
2004 0
2004 0
2004 0
2004 0
2004 0
2004 0
2004 0
2004 0
2004 0
2004 0
2004 0
2004 0
2004 4
2004 2
2004 1
2004 0
2004 0
2004 0
2004 2
2004 0
2004 0
2004 0
2004 0
2004 0
2004 0
2004 0
2004 0
2004 0
2004 0
2004 0
2004 0
2004 0
2004 0
2004 0
2004 0
2004 0
2004 0
2004 0
2004 0
2004 0
2004 0
2004 0
2004 0
2004 0
2004 0
2004 0
2004 0
2004 22
2004 19
2004 16
2004 1
2004 0
2004 0
2004 0
2004 0
2004 0
2004 0
2004 0
2004 0
2004 0
2004 0
2004 0
2004 0
2004 0
2004 0
2004 0
2004 0
2004 0
2004 0
2004 0
2004 0
2004 7
2004 11
2004 8
2004 7
2004 7
2004 7
2004 7
2004 12
2004 8
2004 9
2004 9
2004 21
2004 18
2004 17
2004 16
2004 15
2004 13
2004 12
2004 11
2004 10
2004 9
2004 8
2004 4
2004 3
2004 8
2004 8
2004 13
2004 23
2004 19
2004 30
2004 36
2004 26
2004 25
2004 24
2004 26
2004 26
2004 43
2004 38
2004 35
2004 32
2004 31
2004 27
2004 25
2004 23
2004 21
2004 20
2004 18
2004 15
2004 14
2004 13
2004 13
2004 12
2004 11
2004 10
2004 9
2004 8
2004 7
2004 6
2004 4
2004 7
2004 6
2004 3
2004 1
2004 0
2004 1
2004 0
2004 0
2004 7
2004 1
2004 1
2004 1
2004 1
2004 0
2004 0
2004 4
2004 4
2004 1
2004 0
2004 0
2004 0
2004 4
2004 0
2004 0
2004 0
2004 0
2004 0
2004 0
2004 0
2004 0
2004 0
2004 0
2004 2
2004 1
2004 1
2004 0
2004 0
2004 1
2004 0
2004 0
2004 0
2004 0
2004 0
2004 0
2004 0
2004 0
2004 0
2004 0
2004 5
2004 0
2004 2
2004 0
2004 0
2004 0
2004 0
2004 0
2004 0
2004 0
2004 0
2004 0
2004 7
2004 0
2004 0
2004 0
2004 0
2004 0
2004 0
2004 0
2004 0
2004 0
2004 0
2004 0
2004 0
2004 0
2004 0
2004 0
2004 0
2004 1
2004 0
2004 0
2004 1
2004 0
2004 0
2004 0
2004 0
2004 0
2004 0
2004 0
2004 0
2004 0
2004 0
2004 0
2004 0
2004 0
2004 0
2004 0
2004 0
2004 0
2004 0
2004 0
2004 0
2004 0
2004 0
2004 0
2004 0
2004 0
2004 0
2004 0
2004 0
2004 0
2004 0
2004 0
2004 0
2004 0
2004 0
2004 0
2004 0
2004 0
2004 0
2004 0
2004 0
2004 0
2004 0
2004 0
2004 0
2004 0
2004 0
2004 0
2004 0
2004 0
2004 0
2004 0
2004 0
2004 0
2004 0
2004 0
2004 0
2004 0
2004 0
2004 0
2004 0
2004 0
2004 0
2004 0
2004 0
2004 0
2004 0
2004 0
2004 0
2004 0
2004 0
2004 0
2004 0
2004 0
2004 0
2004 0
2004 0
2004 0
2004 0
2004 0
2004 0
2004 0
2004 0
2004 0
2004 0
2004 0
2004 0
2004 0
2004 0
2004 0
2004 0
2004 0
2004 0
2004 0
2004 0
2004 0
2004 0
2004 0
2004 0
2004 0
2004 0
2004 0
2004 0
2004 0
2004 0
2004 0
2004 0
2004 0
2004 0
2004 0
2004 0
2004 0
2004 0
2004 0
2004 0
2005 0
2005 0
2005 0
2005 0
2005 0
2005 0
2005 0
2005 0
2005 0
2005 0
2005 0
2005 0
2005 0
2005 0
2005 0
2005 0
2005 0
2005 0
2005 0
2005 0
2005 0
2005 0
2005 0
2005 0
2005 0
2005 0
2005 0
2005 0
2005 0
2005 0
2005 0
2005 0
2005 0
2005 0
2005 0
2005 0
2005 0
2005 0
2005 0
2005 0
2005 0
2005 0
2005 0
2005 0
2005 0
2005 0
2005 0
2005 0
2005 0
2005 0
2005 0
2005 0
2005 0
2005 0
2005 0
2005 0
2005 0
2005 0
2005 0
2005 0
2005 0
2005 0
2005 0
2005 0
2005 0
2005 0
2005 0
2005 0
2005 0
2005 0
2005 0
2005 1
2005 0
2005 0
2005 0
2005 0
2005 0
2005 0
2005 0
2005 4
2005 2
2005 2
2005 2
2005 1
2005 1
2005 0
2005 0
2005 0
2005 0
2005 0
2005 2
2005 2
2005 2
2005 1
2005 0
2005 0
2005 0
2005 0
2005 0
2005 0
2005 0
2005 0
2005 0
2005 0
2005 0
2005 0
2005 0
2005 1
2005 3
2005 11
2005 18
2005 18
2005 18
2005 18
2005 18
2005 18
2005 27
2005 30
2005 30
2005 36
2005 35
2005 33
2005 32
2005 30
2005 27
2005 27
2005 27
2005 26
2005 24
2005 24
2005 24
2005 24
2005 24
2005 24
2005 24
2005 23
2005 23
2005 23
2005 23
2005 23
2005 27
2005 27
2005 27
2005 40
2005 49
2005 62
2005 61
2005 57
2005 55
2005 53
2005 52
2005 51
2005 50
2005 62
2005 56
2005 54
2005 50
2005 48
2005 47
2005 46
2005 45
2005 44
2005 43
2005 41
2005 42
2005 41
2005 48
2005 49
2005 48
2005 48
2005 46
2005 45
2005 48
2005 48
2005 47
2005 46
2005 46
2005 46
2005 46
2005 46
2005 46
2005 45
2005 45
2005 43
2005 44
2005 44
2005 44
2005 45
2005 45
2005 41
2005 40
2005 39
2005 36
2005 33
2005 30
2005 26
2005 24
2005 20
2005 15
2005 8
2005 3
2005 0
2005 0
2005 0
2005 0
2005 0
2005 0
2005 0
2005 0
2005 0
2005 0
2005 0
2005 0
2005 0
2005 0
2005 0
2005 0
2005 0
2005 0
2005 0
2005 5
2005 3
2005 0
2005 0
2005 0
2005 0
2005 0
2005 0
2005 14
2005 13
2005 0
2005 10
2005 0
2005 0
2005 0
2005 0
2005 0
2005 0
2005 0
2005 0
2005 0
2005 0
2005 0
2005 0
2005 0
2005 0
2005 0
2005 0
2005 0
2005 0
2005 0
2005 0
2005 0
2005 0
2005 0
2005 0
2005 0
2005 0
2005 0
2005 0
2005 0
2005 0
2005 0
2005 0
2005 0
2005 0
2005 0
2005 0
2005 0
2005 0
2005 0
2005 0
2005 0
2005 0
2005 0
2005 0
2005 0
2005 0
2005 0
2005 0
2005 0
2005 0
2005 0
2005 0
2005 0
2005 0
2005 0
2005 0
2005 0
2005 0
2005 0
2005 0
2005 0
2005 0
2005 0
2005 0
2005 0
2005 0
2005 0
2005 0
2005 0
2005 0
2005 0
2005 0
2005 0
2005 0
2005 0
2005 0
2005 0
2005 0
2005 0
2005 0
2005 0
2005 0
2005 0
2005 0
2005 0
2005 0
2005 0
2005 0
2005 0
2005 0
2005 0
2005 0
2005 0
2005 0
2005 0
2005 0
2005 0
2005 0
2005 0
2005 0
2005 0
2005 0
2005 0
2005 0
2005 0
2005 0
2005 0
2005 0
2005 0
2005 0
2005 0
2005 0
2005 0
2005 0
2005 0
2005 0
2005 0
2005 0
2005 0
2005 0
2005 0
2005 0
2005 0
2005 0
2005 0
2005 0
2005 0
2005 0
2005 0
2005 0
2005 0
2005 0
2005 0
2006 0
2006 0
2006 0
2006 0
2006 0
2006 0
2006 0
2006 0
2006 0
2006 0
2006 0
2006 0
2006 0
2006 0
2006 0
2006 0
2006 0
2006 0
2006 0
2006 0
2006 0
2006 0
2006 0
2006 0
2006 0
2006 0
2006 0
2006 0
2006 0
2006 0
2006 0
2006 0
2006 0
2006 0
2006 0
2006 0
2006 0
2006 0
2006 0
2006 0
2006 0
2006 0
2006 0
2006 0
2006 0
2006 0
2006 0
2006 0
2006 0
2006 0
2006 0
2006 0
2006 0
2006 0
2006 0
2006 0
2006 0
2006 0
2006 0
2006 0
2006 0
2006 0
2006 0
2006 0
2006 0
2006 0
2006 0
2006 0
2006 0
2006 0
2006 0
2006 0
2006 0
2006 0
2006 0
2006 0
2006 0
2006 0
2006 0
2006 0
2006 0
2006 0
2006 0
2006 0
2006 1
2006 9
2006 9
2006 9
2006 9
2006 10
2006 8
2006 7
2006 6
2006 11
2006 8
2006 6
2006 20
2006 22
2006 18
2006 35
2006 28
2006 25
2006 25
2006 23
2006 22
2006 22
2006 22
2006 30
2006 29
2006 29
2006 28
2006 28
2006 28
2006 27
2006 27
2006 27
2006 27
2006 27
2006 28
2006 28
2006 28
2006 42
2006 37
2006 44
2006 42
2006 39
2006 39
2006 38
2006 38
2006 38
2006 38
2006 38
2006 38
2006 38
2006 38
2006 38
2006 38
2006 38
2006 45
2006 62
2006 48
2006 46
2006 45
2006 45
2006 45
2006 45
2006 45
2006 45
2006 45
2006 43
2006 38
2006 34
2006 31
2006 30
2006 29
2006 28
2006 28
2006 27
2006 27
2006 27
2006 27
2006 30
2006 28
2006 27
2006 27
2006 26
2006 25
2006 24
2006 29
2006 29
2006 46
2006 40
2006 42
2006 35
2006 32
2006 30
2006 29
2006 29
2006 28
2006 26
2006 25
2006 26
2006 26
2006 34
2006 30
2006 31
2006 31
2006 30
2006 40
2006 38
2006 30
2006 42
2006 40
2006 37
2006 35
2006 31
2006 29
2006 27
2006 24
2006 18
2006 12
2006 9
2006 8
2006 7
2006 3
2006 1
2006 1
2006 0
2006 0
2006 2
2006 0
2006 0
2006 0
2006 0
2006 0
2006 0
2006 1
2006 3
2006 0
2006 0
2006 0
2006 0
2006 6
2006 0
2006 0
2006 0
2006 0
2006 0
2006 0
2006 0
2006 0
2006 0
2006 0
2006 0
2006 0
2006 0
2006 0
2006 0
2006 0
2006 0
2006 0
2006 0
2006 0
2006 0
2006 0
2006 0
2006 0
2006 0
2006 0
2006 0
2006 4
2006 0
2006 0
2006 0
2006 0
2006 0
2006 0
2006 0
2006 0
2006 0
2006 0
2006 0
2006 0
2006 0
2006 0
2006 0
2006 0
2006 0
2006 0
2006 0
2006 0
2006 0
2006 1
2006 0
2006 0
2006 0
2006 0
2006 0
2006 0
2006 0
2006 0
2006 0
2006 0
2006 0
2006 0
2006 0
2006 0
2006 0
2006 0
2006 0
2006 0
2006 0
2006 0
2006 0
2006 0
2006 0
2006 0
2006 0
2006 0
2006 0
2006 0
2006 0
2006 0
2006 0
2006 0
2006 0
2006 0
2006 0
2006 0
2006 0
2006 0
2006 0
2006 0
2006 0
2006 0
2006 0
2006 0
2006 0
2006 0
2006 0
2006 0
2006 0
2006 0
2006 0
2006 0
2006 0
2006 0
2006 0
2006 0
2006 0
2006 0
2006 0
2006 0
2006 0
2006 0
2006 0
2006 0
2006 0
2006 0
2006 0
2006 0
2006 0
2006 0
2006 0
2006 0
2006 0
2006 0
2006 0
2006 0
2006 0
2006 0
2006 0
2006 0
2006 0
2006 0
2006 0
2006 0
2006 0
2006 0
2006 0
2006 0
2006 0
2006 0
2006 0
2006 0
2007 0
2007 0
2007 0
2007 0
2007 0
2007 0
2007 0
2007 0
2007 0
2007 0
2007 0
2007 0
2007 0
2007 0
2007 0
2007 0
2007 0
2007 0
2007 0
2007 0
2007 0
2007 0
2007 0
2007 0
2007 0
2007 0
2007 0
2007 0
2007 0
2007 0
2007 0
2007 0
2007 0
2007 0
2007 0
2007 0
2007 0
2007 0
2007 0
2007 0
2007 0
2007 0
2007 0
2007 0
2007 0
2007 0
2007 0
2007 0
2007 0
2007 0
2007 0
2007 0
2007 0
2007 0
2007 0
2007 0
2007 0
2007 0
2007 0
2007 0
2007 0
2007 0
2007 0
2007 0
2007 0
2007 0
2007 0
2007 0
2007 0
2007 0
2007 0
2007 0
2007 0
2007 0
2007 0
2007 0
2007 0
2007 0
2007 0
2007 0
2007 0
2007 0
2007 0
2007 0
2007 0
2007 0
2007 0
2007 0
2007 0
2007 0
2007 0
2007 0
2007 0
2007 0
2007 0
2007 0
2007 0
2007 0
2007 0
2007 21
2007 17
2007 16
2007 13
2007 12
2007 12
2007 12
2007 12
2007 10
2007 6
2007 6
2007 6
2007 6
2007 6
2007 6
2007 6
2007 6
2007 6
2007 6
2007 6
2007 6
2007 6
2007 5
2007 4
2007 8
2007 13
2007 12
2007 8
2007 8
2007 7
2007 5
2007 3
2007 2
2007 2
2007 1
2007 1
2007 0
2007 0
2007 0
2007 0
2007 0
2007 0
2007 0
2007 0
2007 0
2007 0
2007 16
2007 13
2007 10
2007 8
2007 8
2007 6
2007 5
2007 5
2007 3
2007 3
2007 3
2007 3
2007 3
2007 1
2007 1
2007 0
2007 2
2007 2
2007 2
2007 2
2007 10
2007 8
2007 3
2007 3
2007 3
2007 3
2007 2
2007 1
2007 1
2007 1
2007 1
2007 0
2007 2
2007 10
2007 12
2007 7
2007 4
2007 2
2007 0
2007 0
2007 0
2007 0
2007 0
2007 0
2007 0
2007 0
2007 0
2007 0
2007 0
2007 0
2007 0
2007 0
2007 0
2007 0
2007 1
2007 2
2007 0
2007 0
2007 1
2007 0
2007 0
2007 0
2007 0
2007 0
2007 0
2007 0
2007 2
2007 0
2007 0
2007 0
2007 0
2007 0
2007 0
2007 0
2007 0
2007 0
2007 0
2007 0
2007 0
2007 0
2007 0
2007 0
2007 0
2007 0
2007 0
2007 0
2007 0
2007 0
2007 0
2007 0
2007 0
2007 0
2007 0
2007 0
2007 0
2007 0
2007 0
2007 0
2007 0
2007 0
2007 0
2007 0
2007 0
2007 0
2007 0
2007 0
2007 0
2007 0
2007 0
2007 0
2007 0
2007 0
2007 0
2007 0
2007 0
2007 0
2007 0
2007 0
2007 0
2007 0
2007 0
2007 0
2007 0
2007 0
2007 3
2007 0
2007 0
2007 0
2007 0
2007 0
2007 0
2007 0
2007 0
2007 0
2007 0
2007 0
2007 0
2007 0
2007 0
2007 0
2007 0
2007 0
2007 0
2007 0
2007 0
2007 0
2007 0
2007 0
2007 0
2007 0
2007 0
2007 0
2007 0
2007 0
2007 0
2007 0
2007 0
2007 0
2007 0
2007 0
2007 0
2007 0
2007 0
2007 0
2007 0
2007 0
2007 0
2007 0
2007 0
2007 0
2007 0
2007 0
2007 0
2007 0
2007 0
2007 0
2007 0
2007 0
2007 0
2007 0
2007 0
2007 0
2007 0
2007 0
2007 0
2007 0
2007 0
2007 0
2007 0
2007 0
2007 0
2007 0
2007 0
2007 0
2007 0
2007 0
2007 0
2007 0
2007 0
2007 0
2007 0
2007 0
2007 0
2007 0
2007 0
2007 0
2007 0
2007 0
2007 0
2007 0
2007 0
2007 0
2007 0
2007 0
2007 0
2007 0
2007 0
2007 0
2007 0
2007 0
2008 0
2008 0
2008 0
2008 0
2008 0
2008 0
2008 0
2008 0
2008 0
2008 0
2008 0
2008 0
2008 0
2008 0
2008 0
2008 0
2008 0
2008 0
2008 0
2008 0
2008 0
2008 0
2008 0
2008 0
2008 0
2008 0
2008 0
2008 0
2008 0
2008 0
2008 0
2008 0
2008 0
2008 0
2008 0
2008 0
2008 0
2008 0
2008 0
2008 0
2008 0
2008 0
2008 0
2008 0
2008 0
2008 0
2008 0
2008 0
2008 0
2008 0
2008 0
2008 0
2008 0
2008 0
2008 0
2008 0
2008 0
2008 0
2008 0
2008 0
2008 0
2008 0
2008 0
2008 0
2008 0
2008 0
2008 0
2008 0
2008 0
2008 0
2008 0
2008 0
2008 0
2008 0
2008 16
2008 20
2008 17
2008 15
2008 15
2008 12
2008 8
2008 2
2008 0
2008 0
2008 0
2008 0
2008 0
2008 0
2008 0
2008 0
2008 0
2008 0
2008 0
2008 0
2008 1
2008 0
2008 0
2008 0
2008 5
2008 5
2008 10
2008 38
2008 30
2008 26
2008 24
2008 23
2008 23
2008 23
2008 22
2008 22
2008 22
2008 21
2008 21
2008 21
2008 21
2008 21
2008 21
2008 21
2008 21
2008 21
2008 26
2008 26
2008 26
2008 26
2008 26
2008 25
2008 21
2008 20
2008 15
2008 15
2008 14
2008 13
2008 12
2008 18
2008 27
2008 23
2008 21
2008 19
2008 22
2008 24
2008 20
2008 18
2008 18
2008 18
2008 16
2008 15
2008 14
2008 13
2008 13
2008 13
2008 12
2008 10
2008 10
2008 9
2008 15
2008 12
2008 10
2008 20
2008 17
2008 16
2008 12
2008 11
2008 10
2008 9
2008 8
2008 8
2008 7
2008 7
2008 6
2008 4
2008 3
2008 3
2008 2
2008 1
2008 1
2008 1
2008 1
2008 1
2008 0
2008 1
2008 1
2008 0
2008 0
2008 0
2008 0
2008 0
2008 0
2008 0
2008 0
2008 0
2008 0
2008 0
2008 0
2008 0
2008 0
2008 0
2008 0
2008 0
2008 0
2008 0
2008 0
2008 0
2008 7
2008 0
2008 0
2008 0
2008 0
2008 12
2008 7
2008 0
2008 0
2008 0
2008 0
2008 0
2008 0
2008 0
2008 0
2008 0
2008 0
2008 0
2008 0
2008 0
2008 0
2008 0
2008 0
2008 0
2008 0
2008 0
2008 0
2008 0
2008 0
2008 0
2008 0
2008 0
2008 0
2008 0
2008 0
2008 0
2008 0
2008 0
2008 0
2008 0
2008 0
2008 3
2008 0
2008 0
2008 0
2008 0
2008 0
2008 0
2008 0
2008 0
2008 0
2008 0
2008 0
2008 0
2008 0
2008 0
2008 0
2008 0
2008 0
2008 0
2008 0
2008 0
2008 0
2008 0
2008 0
2008 0
2008 0
2008 0
2008 0
2008 0
2008 0
2008 0
2008 0
2008 0
2008 0
2008 0
2008 0
2008 0
2008 0
2008 0
2008 0
2008 0
2008 0
2008 0
2008 0
2008 0
2008 0
2008 0
2008 0
2008 0
2008 0
2008 0
2008 0
2008 0
2008 0
2008 0
2008 0
2008 0
2008 0
2008 0
2008 0
2008 0
2008 0
2008 0
2008 0
2008 0
2008 0
2008 0
2008 0
2008 0
2008 NA
2008 0
2008 0
2008 0
2008 0
2008 0
2008 0
2008 0
2008 0
2008 0
2008 0
2008 0
2008 0
2008 0
2008 0
2008 0
2008 0
2008 0
2008 0
2008 0
2008 0
2008 0
2008 0
2008 0
2008 0
2008 0
2008 0
2008 0
2008 0
2008 0
2008 0
2008 0
2008 0
2008 0
2008 0
2008 0
2008 0
2008 0
2008 0
2008 0
2008 0
2008 0
2008 0
2008 0
2008 0
2008 0
2008 0
2008 0
2008 0
2008 0
2008 0
2008 0
2008 0
2008 0
2009 0
2009 0
2009 0
2009 0
2009 0
2009 0
2009 0
2009 0
2009 0
2009 0
2009 0
2009 0
2009 0
2009 0
2009 0
2009 0
2009 0
2009 0
2009 0
2009 0
2009 0
2009 0
2009 0
2009 0
2009 0
2009 0
2009 0
2009 0
2009 0
2009 0
2009 0
2009 0
2009 0
2009 0
2009 0
2009 0
2009 0
2009 0
2009 0
2009 0
2009 0
2009 0
2009 0
2009 0
2009 0
2009 0
2009 0
2009 0
2009 0
2009 0
2009 0
2009 0
2009 0
2009 0
2009 0
2009 0
2009 0
2009 0
2009 0
2009 15
2009 13
2009 3
2009 0
2009 0
2009 0
2009 0
2009 0
2009 0
2009 0
2009 0
2009 0
2009 0
2009 0
2009 0
2009 0
2009 0
2009 0
2009 0
2009 0
2009 0
2009 0
2009 0
2009 0
2009 0
2009 26
2009 0
2009 20
2009 0
2009 15
2009 14
2009 14
2009 0
2009 0
2009 0
2009 14
2009 25
2009 23
2009 0
2009 25
2009 24
2009 36
2009 39
2009 43
2009 41
2009 36
2009 28
2009 26
2009 37
2009 51
2009 45
2009 42
2009 40
2009 40
2009 40
2009 40
2009 39
2009 35
2009 28
2009 28
2009 28
2009 28
2009 27
2009 29
2009 27
2009 27
2009 27
2009 27
2009 27
2009 27
2009 27
2009 27
2009 28
2009 28
2009 28
2009 23
2009 28
2009 28
2009 27
2009 27
2009 27
2009 30
2009 45
2009 52
2009 42
2009 46
2009 55
2009 58
2009 54
2009 53
2009 NA
2009 51
2009 51
2009 51
2009 50
2009 50
2009 48
2009 47
2009 45
2009 45
2009 48
2009 60
2009 58
2009 54
2009 54
2009 52
2009 57
2009 55
2009 55
2009 55
2009 53
2009 66
2009 55
2009 54
2009 53
2009 51
2009 64
2009 62
2009 57
2009 53
2009 50
2009 48
2009 46
2009 44
2009 43
2009 39
2009 46
2009 45
2009 46
2009 42
2009 42
2009 43
2009 57
2009 48
2009 40
2009 35
2009 31
2009 29
2009 25
2009 20
2009 15
2009 13
2009 11
2009 9
2009 5
2009 6
2009 4
2009 8
2009 3
2009 0
2009 1
2009 0
2009 0
2009 0
2009 0
2009 0
2009 0
2009 0
2009 0
2009 0
2009 0
2009 0
2009 0
2009 0
2009 0
2009 0
2009 0
2009 0
2009 0
2009 0
2009 0
2009 0
2009 0
2009 0
2009 0
2009 0
2009 0
2009 0
2009 0
2009 0
2009 0
2009 0
2009 0
2009 0
2009 0
2009 0
2009 0
2009 0
2009 0
2009 0
2009 0
2009 0
2009 0
2009 0
2009 0
2009 0
2009 0
2009 0
2009 0
2009 0
2009 0
2009 0
2009 0
2009 0
2009 0
2009 0
2009 0
2009 0
2009 0
2009 0
2009 0
2009 0
2009 0
2009 0
2009 0
2009 0
2009 0
2009 0
2009 0
2009 0
2009 0
2009 0
2009 0
2009 0
2009 0
2009 0
2009 0
2009 0
2009 0
2009 0
2009 0
2009 0
2009 0
2009 0
2009 0
2009 0
2009 0
2009 0
2009 0
2009 0
2009 0
2009 0
2009 0
2009 0
2009 0
2009 0
2009 0
2009 0
2009 0
2009 0
2009 0
2009 0
2009 0
2009 0
2009 0
2009 0
2009 0
2009 0
2009 0
2009 0
2009 0
2009 0
2009 0
2009 0
2009 0
2009 0
2009 0
2009 0
2009 0
2009 0
2009 0
2009 0
2009 0
2009 0
2009 0
2009 0
2009 0
2009 0
2009 0
2009 0
2009 0
2009 0
2009 0
2009 0
2009 0
2009 0
2009 0
2009 0
2009 0
2009 0
2009 0
2009 0
2009 0
2009 0
2009 0
2009 0
2009 0
2009 0
2009 0
2009 0
2009 0
2009 0
2009 0
2009 0
2009 0
2009 0
2010 0
2010 0
2010 0
2010 0
2010 0
2010 0
2010 0
2010 0
2010 0
2010 0
2010 0
2010 0
2010 0
2010 0
2010 0
2010 0
2010 0
2010 0
2010 0
2010 0
2010 0
2010 0
2010 0
2010 0
2010 0
2010 0
2010 0
2010 0
2010 0
2010 0
2010 0
2010 0
2010 0
2010 0
2010 0
2010 0
2010 0
2010 0
2010 0
2010 0
2010 0
2010 0
2010 0
2010 0
2010 0
2010 0
2010 0
2010 0
2010 0
2010 0
2010 0
2010 0
2010 0
2010 0
2010 0
2010 0
2010 0
2010 0
2010 0
2010 0
2010 0
2010 0
2010 0
2010 0
2010 0
2010 0
2010 0
2010 0
2010 2
2010 0
2010 0
2010 0
2010 0
2010 0
2010 0
2010 0
2010 0
2010 0
2010 0
2010 0
2010 0
2010 0
2010 0
2010 0
2010 0
2010 0
2010 0
2010 0
2010 0
2010 0
2010 24
2010 29
2010 27
2010 NA
2010 22
2010 20
2010 17
2010 14
2010 7
2010 7
2010 7
2010 7
2010 9
2010 15
2010 13
2010 10
2010 11
2010 10
2010 10
2010 15
2010 15
2010 29
2010 22
2010 16
2010 13
2010 10
2010 9
2010 7
2010 9
2010 15
2010 8
2010 5
2010 7
2010 8
2010 10
2010 27
2010 41
2010 36
2010 34
2010 35
2010 29
2010 30
2010 29
2010 28
2010 30
2010 39
2010 35
2010 31
2010 31
2010 29
2010 28
2010 28
2010 36
2010 34
2010 33
2010 33
2010 35
2010 34
2010 33
2010 33
2010 35
2010 46
2010 45
2010 43
2010 42
2010 40
2010 38
2010 36
2010 46
2010 40
2010 38
2010 36
2010 41
2010 47
2010 47
2010 45
2010 43
2010 42
2010 41
2010 41
2010 38
2010 35
2010 40
2010 36
2010 36
2010 33
2010 32
2010 30
2010 28
2010 30
2010 27
2010 27
2010 27
2010 25
2010 22
2010 25
2010 25
2010 25
2010 25
2010 25
2010 24
2010 NA
2010 24
2010 22
2010 17
2010 15
2010 12
2010 10
2010 6
2010 3
2010 2
2010 0
2010 0
2010 0
2010 0
2010 0
2010 0
2010 1
2010 1
2010 0
2010 0
2010 0
2010 6
2010 4
2010 0
2010 7
2010 0
2010 0
2010 0
2010 0
2010 0
2010 0
2010 0
2010 0
2010 0
2010 0
2010 0
2010 0
2010 0
2010 0
2010 0
2010 0
2010 0
2010 0
2010 0
2010 0
2010 0
2010 0
2010 0
2010 0
2010 0
2010 0
2010 0
2010 0
2010 0
2010 0
2010 0
2010 0
2010 0
2010 0
2010 0
2010 0
2010 0
2010 0
2010 0
2010 0
2010 0
2010 0
2010 0
2010 0
2010 0
2010 0
2010 0
2010 0
2010 0
2010 0
2010 0
2010 0
2010 0
2010 0
2010 0
2010 0
2010 0
2010 0
2010 0
2010 0
2010 0
2010 0
2010 0
2010 0
2010 0
2010 0
2010 0
2010 0
2010 0
2010 0
2010 0
2010 0
2010 0
2010 0
2010 0
2010 0
2010 0
2010 0
2010 0
2010 0
2010 0
2010 0
2010 0
2010 0
2010 0
2010 0
2010 0
2010 0
2010 0
2010 0
2010 0
2010 0
2010 0
2010 0
2010 0
2010 0
2010 0
2010 0
2010 0
2010 0
2010 0
2010 0
2010 0
2010 0
2010 0
2010 0
2010 0
2010 0
2010 0
2010 0
2010 0
2010 0
2010 0
2010 0
2010 0
2010 0
2010 0
2010 0
2010 0
2010 0
2010 0
2010 0
2010 0
2010 0
2010 0
2010 0
2010 0
2010 0
2010 0
2010 0
2010 0
2010 0
2010 0
2010 0
2010 0
2010 0
2010 0
2010 0
2010 0
2010 0
2010 0
2010 0
2010 0
2010 0
2010 0
2010 0
2010 0
2010 0
2010 0
2011 0
2011 0
2011 0
2011 0
2011 0
2011 0
2011 0
2011 0
2011 0
2011 0
2011 0
2011 0
2011 0
2011 0
2011 0
2011 0
2011 0
2011 0
2011 0
2011 0
2011 0
2011 0
2011 0
2011 0
2011 0
2011 0
2011 0
2011 0
2011 0
2011 0
2011 0
2011 0
2011 0
2011 0
2011 0
2011 0
2011 0
2011 0
2011 0
2011 0
2011 0
2011 0
2011 0
2011 0
2011 0
2011 0
2011 0
2011 0
2011 0
2011 0
2011 0
2011 0
2011 0
2011 0
2011 6
2011 2
2011 0
2011 0
2011 0
2011 0
2011 0
2011 0
2011 0
2011 0
2011 0
2011 0
2011 0
2011 0
2011 1
2011 3
2011 0
2011 0
2011 0
2011 0
2011 0
2011 0
2011 3
2011 0
2011 1
2011 0
2011 0
2011 0
2011 2
2011 3
2011 1
2011 1
2011 14
2011 8
2011 10
2011 15
2011 13
2011 14
2011 28
2011 28
2011 24
2011 21
2011 20
2011 15
2011 10
2011 6
2011 5
2011 5
2011 3
2011 3
2011 3
2011 5
2011 5
2011 17
2011 15
2011 12
2011 13
2011 12
2011 10
2011 4
2011 11
2011 19
2011 22
2011 17
2011 17
2011 14
2011 13
2011 13
2011 13
2011 13
2011 13
2011 13
2011 13
2011 13
2011 12
2011 9
2011 9
2011 10
2011 9
2011 14
2011 10
2011 10
2011 9
2011 8
2011 7
2011 6
2011 6
2011 5
2011 5
2011 5
2011 5
2011 5
2011 4
2011 4
2011 4
2011 4
2011 4
2011 4
2011 4
2011 4
2011 4
2011 3
2011 3
2011 2
2011 2
2011 2
2011 2
2011 1
2011 1
2011 1
2011 0
2011 0
2011 0
2011 0
2011 1
2011 1
2011 1
2011 0
2011 8
2011 6
2011 4
2011 3
2011 3
2011 2
2011 1
2011 2
2011 2
2011 0
2011 0
2011 0
2011 0
2011 0
2011 0
2011 0
2011 0
2011 0
2011 0
2011 0
2011 0
2011 0
2011 0
2011 0
2011 0
2011 0
2011 0
2011 0
2011 0
2011 0
2011 0
2011 0
2011 0
2011 0
2011 0
2011 0
2011 0
2011 0
2011 0
2011 0
2011 0
2011 0
2011 0
2011 0
2011 0
2011 0
2011 0
2011 0
2011 0
2011 0
2011 0
2011 0
2011 0
2011 0
2011 0
2011 0
2011 0
2011 0
2011 0
2011 0
2011 0
2011 0
2011 0
2011 0
2011 0
2011 0
2011 0
2011 0
2011 0
2011 0
2011 0
2011 0
2011 0
2011 0
2011 0
2011 0
2011 0
2011 0
2011 0
2011 0
2011 0
2011 0
2011 0
2011 0
2011 0
2011 0
2011 0
2011 0
2011 0
2011 0
2011 0
2011 0
2011 0
2011 0
2011 0
2011 0
2011 0
2011 0
2011 0
2011 0
2011 0
2011 0
2011 0
2011 0
2011 0
2011 0
2011 0
2011 0
2011 0
2011 0
2011 0
2011 0
2011 0
2011 0
2011 0
2011 0
2011 0
2011 0
2011 0
2011 0
2011 0
2011 0
2011 0
2011 0
2011 0
2011 0
2011 0
2011 0
2011 0
2011 0
2011 0
2011 0
2011 0
2011 0
2011 0
2011 0
2011 0
2011 0
2011 0
2011 0
2011 0
2011 0
2011 0
2011 0
2011 0
2011 0
2011 0
2011 0
2011 0
2011 0
2011 0
2011 0
2011 0
2011 0
2011 0
2011 0
2011 0
2011 0
2011 0
2011 0
2011 0
2011 0
2011 0
2011 0
2011 0
2011 0
2011 0
2011 0
2011 0
2011 0
2011 0
2011 0
2011 0
2011 0
2011 0
2011 0
2011 0
2011 0
2011 0
2011 0
2011 0
2011 0
2011 0
2011 0
2011 0
2011 0
2011 0
2011 0
2011 0
2011 0
2011 0
2011 0
2011 0
2012 0
2012 0
2012 0
2012 0
2012 0
2012 0
2012 0
2012 0
2012 0
2012 0
2012 0
2012 0
2012 0
2012 0
2012 0
2012 0
2012 0
2012 0
2012 0
2012 0
2012 0
2012 0
2012 0
2012 0
2012 0
2012 0
2012 0
2012 0
2012 0
2012 0
2012 0
2012 0
2012 0
2012 0
2012 0
2012 0
2012 0
2012 0
2012 0
2012 0
2012 0
2012 0
2012 0
2012 0
2012 0
2012 0
2012 0
2012 0
2012 0
2012 0
2012 0
2012 0
2012 0
2012 0
2012 0
2012 0
2012 0
2012 0
2012 0
2012 0
2012 0
2012 0
2012 0
2012 0
2012 0
2012 0
2012 0
2012 0
2012 0
2012 0
2012 0
2012 0
2012 0
2012 0
2012 0
2012 0
2012 0
2012 0
2012 0
2012 0
2012 0
2012 0
2012 0
2012 0
2012 0
2012 0
2012 0
2012 0
2012 0
2012 0
2012 0
2012 0
2012 0
2012 0
2012 0
2012 0
2012 5
2012 13
2012 13
2012 11
2012 11
2012 11
2012 11
2012 12
2012 12
2012 10
2012 23
2012 22
2012 28
2012 30
2012 32
2012 46
2012 53
2012 42
2012 40
2012 38
2012 39
2012 37
2012 37
2012 39
2012 63
2012 82
2012 69
2012 60
2012 55
2012 55
2012 53
2012 61
2012 61
2012 62
2012 58
2012 58
2012 58
2012 58
2012 58
2012 58
2012 58
2012 58
2012 59
2012 59
2012 59
2012 56
2012 105
2012 70
2012 60
2012 60
2012 62
2012 59
2012 56
2012 61
2012 64
2012 236
2012 70
2012 76
2012 73
2012 71
2012 72
2012 71
2012 70
2012 69
2012 69
2012 69
2012 68
2012 67
2012 68
2012 68
2012 67
2012 67
2012 70
2012 64
2012 62
2012 61
2012 64
2012 63
2012 62
2012 61
2012 58
2012 56
2012 55
2012 53
2012 51
2012 49
2012 46
2012 43
2012 38
2012 33
2012 35
2012 33
2012 32
2012 30
2012 30
2012 25
2012 23
2012 21
2012 20
2012 15
2012 12
2012 8
2012 0
2012 0
2012 3
2012 2
2012 0
2012 0
2012 0
2012 0
2012 0
2012 0
2012 0
2012 0
2012 0
2012 0
2012 0
2012 0
2012 0
2012 0
2012 0
2012 0
2012 0
2012 0
2012 0
2012 0
2012 0
2012 0
2012 0
2012 0
2012 0
2012 1
2012 0
2012 0
2012 1
2012 1
2012 1
2012 0
2012 1
2012 0
2012 1
2012 0
2012 0
2012 0
2012 0
2012 0
2012 0
2012 0
2012 0
2012 0
2012 0
2012 0
2012 0
2012 0
2012 0
2012 0
2012 0
2012 0
2012 0
2012 0
2012 0
2012 0
2012 0
2012 0
2012 0
2012 0
2012 0
2012 0
2012 0
2012 0
2012 0
2012 0
2012 0
2012 0
2012 0
2012 0
2012 0
2012 0
2012 0
2012 0
2012 0
2012 0
2012 0
2012 0
2012 0
2012 0
2012 0
2012 0
2012 0
2012 0
2012 0
2012 0
2012 0
2012 0
2012 0
2012 0
2012 0
2012 0
2012 0
2012 0
2012 0
2012 0
2012 0
2012 0
2012 0
2012 0
2012 0
2012 0
2012 0
2012 0
2012 0
2012 0
2012 0
2012 0
2012 0
2012 0
2012 0
2012 0
2012 0
2012 0
2012 0
2012 0
2012 0
2012 0
2012 0
2012 0
2012 0
2012 0
2012 0
2012 0
2012 0
2012 0
2012 0
2012 0
2012 0
2012 0
2012 0
2012 0
2012 0
2012 0
2012 0
2012 0
2012 0
2012 0
2012 0
2012 0
2012 0
2012 0
2012 0
2012 0
2012 0
2012 0
2012 0
2012 0
2012 0
2012 0
2012 0
2012 0
2012 0
2012 0
2012 0
2012 0
2012 0
2012 0
2012 0
2012 0
2012 0
2012 0
2012 0
2012 0
2013 0
2013 0
2013 0
2013 0
2013 0
2013 0
2013 0
2013 0
2013 0
2013 0
2013 0
2013 0
2013 0
2013 0
2013 0
2013 0
2013 0
2013 0
2013 0
2013 0
2013 0
2013 0
2013 0
2013 0
2013 0
2013 0
2013 0
2013 0
2013 0
2013 0
2013 0
2013 0
2013 0
2013 0
2013 0
2013 0
2013 0
2013 0
2013 0
2013 0
2013 0
2013 0
2013 0
2013 0
2013 0
2013 0
2013 0
2013 0
2013 0
2013 0
2013 0
2013 0
2013 0
2013 0
2013 0
2013 0
2013 0
2013 4
2013 2
2013 0
2013 0
2013 0
2013 0
2013 0
2013 0
2013 0
2013 1
2013 0
2013 0
2013 0
2013 0
2013 0
2013 0
2013 0
2013 0
2013 0
2013 0
2013 0
2013 0
2013 0
2013 0
2013 0
2013 0
2013 0
2013 0
2013 0
2013 0
2013 0
2013 6
2013 7
2013 6
2013 4
2013 2
2013 10
2013 46
2013 40
2013 53
2013 44
2013 65
2013 56
2013 62
2013 57
2013 56
2013 52
2013 48
2013 50
2013 43
2013 52
2013 53
2013 51
2013 50
2013 53
2013 51
2013 51
2013 50
2013 50
2013 47
2013 47
2013 46
2013 46
2013 45
2013 45
2013 45
2013 47
2013 48
2013 48
2013 48
2013 48
2013 47
2013 47
2013 47
2013 47
2013 72
2013 72
2013 72
2013 68
2013 70
2013 76
2013 74
2013 72
2013 71
2013 69
2013 68
2013 71
2013 68
2013 67
2013 68
2013 68
2013 67
2013 83
2013 74
2013 74
2013 66
2013 64
2013 63
2013 61
2013 70
2013 63
2013 62
2013 71
2013 71
2013 68
2013 67
2013 68
2013 70
2013 72
2013 69
2013 84
2013 80
2013 75
2013 73
2013 70
2013 70
2013 70
2013 70
2013 70
2013 72
2013 70
2013 70
2013 69
2013 68
2013 67
2013 65
2013 65
2013 62
2013 57
2013 55
2013 50
2013 45
2013 42
2013 39
2013 35
2013 30
2013 28
2013 28
2013 28
2013 25
2013 20
2013 25
2013 35
2013 25
2013 23
2013 20
2013 17
2013 15
2013 8
2013 5
2013 5
2013 3
2013 7
2013 3
2013 3
2013 0
2013 0
2013 0
2013 0
2013 0
2013 0
2013 0
2013 0
2013 0
2013 0
2013 0
2013 0
2013 0
2013 0
2013 0
2013 0
2013 0
2013 0
2013 0
2013 18
2013 2
2013 0
2013 0
2013 0
2013 0
2013 0
2013 0
2013 0
2013 0
2013 0
2013 0
2013 0
2013 0
2013 0
2013 0
2013 0
2013 0
2013 0
2013 0
2013 0
2013 0
2013 0
2013 0
2013 0
2013 0
2013 0
2013 0
2013 0
2013 0
2013 0
2013 0
2013 0
2013 0
2013 0
2013 1
2013 0
2013 0
2013 0
2013 1
2013 0
2013 0
2013 0
2013 0
2013 0
2013 0
2013 0
2013 0
2013 0
2013 0
2013 0
2013 0
2013 0
2013 0
2013 0
2013 0
2013 0
2013 0
2013 0
2013 0
2013 0
2013 0
2013 0
2013 0
2013 0
2013 0
2013 0
2013 0
2013 0
2013 0
2013 0
2013 0
2013 0
2013 0
2013 0
2013 0
2013 0
2013 0
2013 0
2013 0
2013 0
2013 0
2013 0
2013 0
2013 0
2013 0
2013 0
2013 0
2013 0
2013 0
2013 0
2013 0
2013 0
2013 0
2013 0
2013 0
2013 0
2013 0
2013 0
2013 0
2013 0
2013 0
2013 0
2013 0
2013 0
2013 0
2013 0
2013 0
2013 0
2013 0
2013 0
2013 0
2013 0
2013 0
2013 0
2013 0
2013 0
2013 0
2013 0
2013 0
2013 0
2013 0
2013 0
2013 0
2013 0
2013 0
2013 0
2013 0
2013 0
2013 0
2013 0
2013 0
2013 0
2013 0
2014 0
2014 0
2014 0
2014 0
2014 0
2014 0
2014 0
2014 0
2014 0
2014 0
2014 0
2014 0
2014 0
2014 0
2014 0
2014 0
2014 0
2014 0
2014 0
2014 0
2014 0
2014 0
2014 0
2014 0
2014 0
2014 0
2014 0
2014 0
2014 0
2014 0
2014 0
2014 0
2014 0
2014 0
2014 0
2014 0
2014 0
2014 0
2014 0
2014 0
2014 2
2014 5
2014 2
2014 0
2014 0
2014 0
2014 0
2014 0
2014 0
2014 0
2014 0
2014 0
2014 0
2014 0
2014 0
2014 0
2014 0
2014 0
2014 0
2014 0
2014 0
2014 0
2014 0
2014 0
2014 0
2014 0
2014 0
2014 0
2014 0
2014 0
2014 2
2014 0
2014 0
2014 0
2014 0
2014 2
2014 2
2014 0
2014 0
2014 0
2014 2
2014 13
2014 27
2014 25
2014 20
2014 17
2014 13
2014 13
2014 13
2014 13
2014 17
2014 16
2014 15
2014 15
2014 15
2014 15
2014 15
2014 15
2014 15
2014 15
2014 15
2014 15
2014 15
2014 15
2014 15
2014 15
2014 15
2014 15
2014 13
2014 13
2014 13
2014 12
2014 12
2014 11
2014 10
2014 9
2014 20
2014 21
2014 18
2014 22
2014 20
2014 20
2014 20
2014 20
2014 27
2014 25
2014 26
2014 25
2014 24
2014 23
2014 23
2014 22
2014 21
2014 20
2014 20
2014 24
2014 26
2014 26
2014 30
2014 29
2014 29
2014 28
2014 30
2014 28
2014 29
2014 34
2014 32
2014 31
2014 40
2014 37
2014 35
2014 35
2014 35
2014 35
2014 51
2014 49
2014 49
2014 45
2014 53
2014 52
2014 58
2014 NA
2014 57
2014 59
2014 56
2014 57
2014 53
2014 52
2014 68
2014 71
2014 63
2014 58
2014 55
2014 59
2014 57
2014 63
2014 58
2014 55
2014 55
2014 60
2014 65
2014 60
2014 57
2014 59
2014 62
2014 59
2014 55
2014 52
2014 49
2014 46
2014 42
2014 38
2014 36
2014 28
2014 24
2014 20
2014 15
2014 8
2014 2
2014 0
2014 0
2014 0
2014 0
2014 4
2014 12
2014 0
2014 0
2014 0
2014 0
2014 0
2014 0
2014 0
2014 0
2014 0
2014 0
2014 0
2014 0
2014 0
2014 0
2014 0
2014 0
2014 0
2014 0
2014 0
2014 0
2014 0
2014 0
2014 0
2014 0
2014 0
2014 0
2014 0
2014 0
2014 0
2014 0
2014 0
2014 0
2014 0
2014 0
2014 0
2014 0
2014 0
2014 0
2014 0
2014 0
2014 0
2014 0
2014 0
2014 0
2014 0
2014 0
2014 0
2014 0
2014 0
2014 0
2014 0
2014 0
2014 0
2014 0
2014 0
2014 0
2014 0
2014 0
2014 0
2014 0
2014 0
2014 0
2014 0
2014 0
2014 0
2014 0
2014 0
2014 0
2014 0
2014 0
2014 0
2014 0
2014 0
2014 0
2014 0
2014 0
2014 0
2014 0
2014 0
2014 0
2014 0
2014 0
2014 0
2014 0
2014 0
2014 0
2014 0
2014 0
2014 0
2014 0
2014 0
2014 0
2014 0
2014 0
2014 0
2014 0
2014 0
2014 0
2014 0
2014 0
2014 0
2014 0
2014 0
2014 0
2014 0
2014 0
2014 0
2014 0
2014 0
2014 0
2014 0
2014 0
2014 0
2014 0
2014 0
2014 0
2014 0
2014 0
2014 0
2014 0
2014 0
2014 0
2014 0
2014 0
2014 0
2014 0
2014 0
2014 0
2014 0
2014 0
2014 0
2014 0
2014 0
2014 0
2014 0
2014 0
2014 0
2014 0
2014 0
2014 0
2014 0
2014 0
2014 0
2014 0
2014 0
2014 0
2014 0
2014 0
2014 0
2014 0
2014 0
2014 0
2014 0
2014 0
2014 0
2014 0
2014 0
2014 0
2014 0
2014 0
2015 0
2015 0
2015 0
2015 0
2015 0
2015 0
2015 0
2015 0
2015 0
2015 0
2015 0
2015 0
2015 0
2015 0
2015 0
2015 0
2015 0
2015 0
2015 0
2015 0
2015 0
2015 0
2015 0
2015 0
2015 0
2015 0
2015 0
2015 0
2015 0
2015 0
2015 0
2015 0
2015 0
2015 0
2015 0
2015 0
2015 0
2015 0
2015 0
2015 0
2015 0
2015 0
2015 0
2015 0
2015 0
2015 0
2015 0
2015 0
2015 0
2015 0
2015 0
2015 0
2015 1
2015 0
2015 0
2015 0
2015 0
2015 0
2015 0
2015 0
2015 0
2015 0
2015 0
2015 0
2015 0
2015 0
2015 0
2015 0
2015 0
2015 0
2015 0
2015 0
2015 0
2015 0
2015 0
2015 0
2015 2
2015 1
2015 0
2015 0
2015 0
2015 0
2015 0
2015 0
2015 0
2015 0
2015 0
2015 0
2015 0
2015 0
2015 0
2015 0
2015 0
2015 0
2015 0
2015 0
2015 0
2015 0
2015 0
2015 3
2015 3
2015 2
2015 1
2015 1
2015 1
2015 0
2015 0
2015 0
2015 5
2015 3
2015 0
2015 0
2015 0
2015 0
2015 0
2015 0
2015 0
2015 14
2015 40
2015 35
2015 31
2015 25
2015 25
2015 24
2015 18
2015 13
2015 10
2015 10
2015 10
2015 10
2015 10
2015 5
2015 1
2015 2
2015 1
2015 1
2015 0
2015 0
2015 18
2015 23
2015 19
2015 18
2015 13
2015 13
2015 11
2015 10
2015 11
2015 11
2015 24
2015 19
2015 25
2015 39
2015 43
2015 45
2015 50
2015 43
2015 40
2015 39
2015 39
2015 38
2015 38
2015 36
2015 35
2015 33
2015 30
2015 27
2015 25
2015 25
2015 25
2015 23
2015 21
2015 20
2015 19
2015 18
2015 28
2015 NA
2015 25
2015 27
2015 24
2015 23
2015 26
2015 26
2015 23
2015 18
2015 17
2015 20
2015 17
2015 17
2015 14
2015 10
2015 6
2015 4
2015 2
2015 1
2015 1
2015 0
2015 0
2015 0
2015 0
2015 0
2015 0
2015 0
2015 0
2015 0
2015 0
2015 0
2015 0
2015 0
2015 0
2015 0
2015 0
2015 0
2015 0
2015 0
2015 0
2015 0
2015 0
2015 0
2015 0
2015 0
2015 0
2015 0
2015 0
2015 0
2015 0
2015 0
2015 0
2015 0
2015 0
2015 0
2015 0
2015 0
2015 0
2015 0
2015 0
2015 0
2015 0
2015 0
2015 0
2015 0
2015 0
2015 0
2015 0
2015 0
2015 0
2015 0
2015 0
2015 0
2015 0
2015 0
2015 0
2015 0
2015 0
2015 0
2015 0
2015 0
2015 0
2015 0
2015 0
2015 0
2015 0
2015 0
2015 0
2015 0
2015 0
2015 0
2015 0
2015 0
2015 0
2015 0
2015 0
2015 0
2015 0
2015 0
2015 0
2015 0
2015 0
2015 0
2015 0
2015 0
2015 0
2015 0
2015 NA
2015 NA
2015 NA
2015 0
2015 0
2015 NA
2015 0
2015 0
2015 0
2015 0
2015 0
2015 0
2015 0
2015 0
2015 0
2015 0
2015 0
2015 0
2015 0
2015 0
2015 0
2015 0
2015 0
2015 0
2015 0
2015 0
2015 0
2015 0
2015 0
2015 0
2015 0
2015 0
2015 0
2015 0
2015 0
2015 0
2015 0
2015 0
2015 0
2015 0
2015 0
2015 0
2015 0
2015 0
2015 0
2015 0
2015 0
2015 0
2015 0
2015 0
2015 0
2015 0
2015 0
2015 0
2015 0
2015 0
2015 0
2015 0
2015 0
2015 0
2015 0
2015 0
2015 0
2015 0
2015 0
2015 0
2015 0
2015 0
2015 0
2015 0
2015 0
2015 0
2015 0
2015 0
2015 0
2015 0
2015 0
2015 0
2015 0
2015 0
2015 0
2015 0
2015 0
2016 0
2016 0
2016 0
2016 0
2016 0
2016 0
2016 0
2016 0
2016 0
2016 0
2016 0
2016 0
2016 0
2016 0
2016 0
2016 0
2016 0
2016 0
2016 0
2016 0
2016 0
2016 0
2016 0
2016 0
2016 0
2016 0
2016 0
2016 0
2016 0
2016 0
2016 0
2016 0
2016 0
2016 0
2016 0
2016 0
2016 0
2016 0
2016 0
2016 0
2016 0
2016 0
2016 0
2016 0
2016 0
2016 0
2016 0
2016 0
2016 0
2016 0
2016 0
2016 0
2016 0
2016 0
2016 0
2016 0
2016 0
2016 0
2016 0
2016 0
2016 0
2016 0
2016 0
2016 0
2016 0
2016 0
2016 0
2016 0
2016 0
2016 0
2016 0
2016 0
2016 0
2016 0
2016 0
2016 0
2016 0
2016 0
2016 0
2016 0
2016 0
2016 0
2016 7
2016 5
2016 3
2016 15
2016 28
2016 25
2016 22
2016 20
2016 19
2016 16
2016 14
2016 14
2016 14
2016 12
2016 11
2016 10
2016 9
2016 8
2016 8
2016 8
2016 8
2016 8
2016 8
2016 7
2016 7
2016 6
2016 5
2016 4
2016 3
2016 3
2016 2
2016 2
2016 2
2016 2
2016 2
2016 2
2016 2
2016 2
2016 2
2016 1
2016 1
2016 1
2016 4
2016 17
2016 17
2016 15
2016 32
2016 28
2016 20
2016 18
2016 17
2016 17
2016 28
2016 30
2016 28
2016 28
2016 27
2016 26
2016 36
2016 31
2016 26
2016 25
2016 24
2016 22
2016 21
2016 20
2016 20
2016 19
2016 19
2016 12
2016 10
2016 10
2016 8
2016 5
2016 11
2016 19
2016 12
2016 8
2016 6
2016 5
2016 6
2016 10
2016 17
2016 39
2016 18
2016 15
2016 15
2016 12
2016 12
2016 16
2016 18
2016 13
2016 6
2016 5
2016 3
2016 3
2016 1
2016 0
2016 0
2016 0
2016 1
2016 1
2016 3
2016 11
2016 15
2016 17
2016 15
2016 15
2016 10
2016 9
2016 5
2016 4
2016 0
2016 0
2016 0
2016 1
2016 0
2016 0
2016 0
2016 0
2016 0
2016 0
2016 0
2016 0
2016 0
2016 0
2016 0
2016 0
2016 0
2016 0
2016 0
2016 0
2016 0
2016 0
2016 0
2016 0
2016 0
2016 0
2016 0
2016 0
2016 0
2016 0
2016 0
2016 0
2016 0
2016 0
2016 0
2016 0
2016 0
2016 0
2016 0
2016 0
2016 0
2016 0
2016 0
2016 4
2016 0
2016 1
2016 0
2016 0
2016 0
2016 4
2016 0
2016 0
2016 0
2016 0
2016 0
2016 0
2016 0
2016 0
2016 0
2016 0
2016 0
2016 0
2016 0
2016 0
2016 0
2016 0
2016 0
2016 0
2016 0
2016 0
2016 0
2016 2
2016 0
2016 0
2016 0
2016 0
2016 0
2016 0
2016 0
2016 0
2016 0
2016 0
2016 0
2016 0
2016 0
2016 0
2016 0
2016 0
2016 0
2016 0
2016 0
2016 0
2016 0
2016 0
2016 0
2016 0
2016 0
2016 0
2016 0
2016 0
2016 0
2016 0
2016 0
2016 0
2016 0
2016 0
2016 0
2016 0
2016 0
2016 0
2016 0
2016 0
2016 0
2016 0
2016 0
2016 0
2016 0
2016 0
2016 0
2016 NA
2016 0
2016 0
2016 0
2016 0
2016 0
2016 0
2016 0
2016 0
2016 0
2016 0
2016 0
2016 0
2016 0
2016 0
2016 NA
2016 0
2016 NA
2016 NA
2016 0
2016 NA
2016 NA
2016 NA
2016 NA
2016 0
2016 0
2016 0
2016 0
2016 0
2016 0
2016 0
2016 0
2016 0
2016 NA
2016 NA
2016 0
2016 NA
2016 NA
2016 0
2016 0
2016 NA
2016 0
2016 0
2016 0
2016 NA
2016 0
2016 0
2016 0
2016 NA
2016 NA
2016 0
2016 0
2016 NA
2017 NA
2017 0
2017 NA
2017 NA
2017 NA
2017 NA
2017 0
2017 0
2017 NA
2017 NA
2017 NA
2017 0
2017 0
2017 NA
2017 NA
2017 0
2017 NA
2017 NA
2017 NA
2017 NA
2017 0
2017 NA
2017 0
2017 NA
2017 NA
2017 0
2017 NA
2017 NA
2017 0
2017 0
2017 NA
2017 NA
2017 0
2017 0
2017 NA
2017 NA
2017 0
2017 NA
2017 NA
2017 NA
2017 NA
2017 0
2017 NA
2017 0
2017 NA
2017 NA
2017 0
2017 0
2017 NA
2017 0
2017 NA
2017 NA
2017 NA
2017 NA
2017 NA
2017 NA
2017 NA
2017 NA
2017 NA
2017 NA
2017 NA
2017 NA
2017 0
2017 0
2017 0
2017 0
2017 0
2017 2
2017 0
2017 1
2017 10
2017 20
2017 15
2017 12
2017 12
2017 10
2017 9
2017 9
2017 5
2017 NA
2017 NA
2017 0
2017 0
2017 0
2017 0
2017 0
2017 0
2017 0
2017 0
2017 0
2017 0
2017 NA
2017 0
2017 0
2017 0
2017 0
2017 0
2017 0
2017 0
2017 0
2017 0
2017 0
2017 0
2017 0
2017 0
2017 0
2017 0
2017 0
2017 0
2017 0
2017 0
2017 0
2017 0
2017 0
2017 0
2017 0
2017 0
2017 0
2017 0
2017 0
2017 0
2017 0
2017 0
2017 0
2017 0
2017 0
2017 6
2017 5
2017 5
2017 4
2017 NA
2017 NA
2017 16
2017 15
2017 14
2017 NA
2017 NA
2017 25
2017 NA
2017 21
2017 22
2017 20
2017 NA
2017 NA
2017 17
2017 NA
2017 NA
2017 NA
2017 NA
2017 16
2017 15
2017 NA
2017 12
2017 NA
2017 10
2017 NA
2017 3
2017 4
2017 NA
2017 NA
2017 12
2017 12
2017 NA
2017 NA
2017 NA
2017 NA
2017 NA
2017 0
2017 NA
2017 NA
2017 NA
2017 NA
2017 0
2017 0
2017 NA
2017 NA
2017 NA
2017 0
2017 0
2017 NA
2017 NA
2017 NA
2017 NA
2017 6
2017 NA
2017 2
2017 2
2017 25
2017 NA
2017 12
2017 5
2017 NA
2017 NA
2017 NA
2017 0
2017 NA
2017 NA
2017 0
2017 0
2017 0
2017 NA
2017 NA
2017 0
2017 0
2017 0
2017 NA
2017 NA
2017 NA
2017 0
2017 NA
2017 0
2017 0
2017 NA
2017 NA
2017 NA
2017 NA
2017 0
2017 NA
2017 NA
2017 NA
2017 NA
2017 NA
2017 NA
2017 0
2017 0
2017 0
2017 0
2017 0
2017 0
2017 0
2017 0
2017 0
2017 0
2017 0
2017 NA
2017 NA
2017 NA
2017 0
2017 NA
2017 7
2017 0
2017 0
2017 3
2017 0
2017 0
2017 0
2017 0
2017 0
2017 0
2017 0
2017 0
2017 0
2017 0
2017 0
2017 0
2017 0
2017 0
2017 0
2017 0
2017 0
2017 0
2017 0
2017 0
2017 0
2017 0
2017 0
2017 0
2017 0
2017 0
2017 0
2017 0
2017 0
2017 0
2017 0
2017 0
2017 0
2017 0
2017 0
2017 0
2017 0
2017 0
2017 0
2017 0
2017 0
2017 0
2017 0
2017 0
2017 0
2017 0
2017 0
2017 0
2017 0
2017 0
2017 0
2017 0
2017 0
2017 0
2017 0
2017 0
2017 0
2017 0
2017 0
2017 0
2017 0
2017 0
2017 0
2017 0
2017 0
2017 0
2017 0
2017 0
2017 0
2017 NA
2017 0
2017 0
2017 0
2017 0
2017 0
2017 0
2017 0
2017 0
2017 0
2017 0
2017 0
2017 0
2017 0
2017 0
2017 0
2017 0
2017 0
2017 0
2017 0
2017 0
2017 0
2017 0
2017 0
2017 0
2017 0
2017 0
2017 0
2017 0
2017 0
2017 0
2017 0
2017 0
2017 0
2017 0
2017 0
2017 0
2017 0
2017 0
2017 0
2017 0
2017 0
2017 0
2017 0
2017 0
2017 0
2017 0
2017 0
2017 0
2017 0
2017 0
2017 0
2017 0
2018 0
2018 0
2018 0
2018 0
2018 0
2018 0
2018 0
2018 0
2018 0
2018 0
2018 0
2018 0
2018 0
2018 0
2018 0
2018 0
2018 0
2018 0
2018 0
2018 0
2018 0
2018 0
2018 0
2018 0
2018 0
2018 0
2018 0
2018 0
2018 0
2018 0
2018 0
2018 0
2018 0
2018 0
2018 0
2018 0
2018 0
2018 0
2018 0
2018 0
2018 0
2018 0
2018 0
2018 0
2018 0
2018 0
2018 0
2018 0
2018 0
2018 0
2018 0
2018 0
2018 0
2018 0
2018 0
2018 0
2018 0
2018 0
2018 0
2018 0
2018 0
2018 0
2018 0
2018 0
2018 0
2018 0
2018 0
2018 0
2018 1
2018 0
2018 0
2018 0
2018 0
2018 8
2018 7
2018 5
2018 3
2018 2
2018 1
2018 0
2018 0
2018 0
2018 0
2018 0
2018 0
2018 0
2018 2
2018 0
2018 0
2018 9
2018 12
2018 10
2018 8
2018 8
2018 7
2018 6
2018 6
2018 NA
2018 17
2018 23
2018 NA
2018 47
2018 38
2018 40
2018 42
2018 35
2018 NA
2018 NA
2018 58
2018 55
2018 48
2018 47
2018 46
2018 45
2018 44
2018 41
2018 41
2018 45
2018 52
2018 51
2018 70
2018 57
2018 57
2018 61
2018 60
2018 55
2018 50
2018 47
2018 44
2018 39
2018 38
2018 35
2018 35
2018 35
2018 35
2018 35
2018 35
2018 37
2018 32
2018 32
2018 42
2018 41
2018 44
2018 51
2018 47
2018 47
2018 46
2018 NA
2018 45
2018 44
2018 44
2018 43
2018 42
2018 44
2018 48
2018 46
2018 44
2018 42
2018 44
2018 44
2018 44
2018 NA
2018 NA
2018 NA
2018 49
2018 48
2018 48
2018 48
2018 45
2018 NA
2018 42
2018 41
2018 40
2018 39
2018 39
2018 39
2018 38
2018 38
2018 37
2018 37
2018 37
2018 36
2018 35
2018 41
2018 46
2018 38
2018 35
2018 35
2018 36
2018 29
2018 25
2018 NA
2018 18
2018 17
2018 16
2018 13
2018 8
2018 10
2018 17
2018 14
2018 11
2018 9
2018 7
2018 5
2018 3
2018 0
2018 1
2018 0
2018 0
2018 0
2018 NA
2018 5
2018 5
2018 0
2018 0
2018 0
2018 0
2018 0
2018 NA
2018 NA
2018 0
2018 0
2018 0
2018 0
2018 0
2018 0
2018 0
2018 0
2018 0
2018 0
2018 0
2018 0
2018 0
2018 0
2018 0
2018 0
2018 0
2018 0
2018 0
2018 0
2018 0
2018 0
2018 0
2018 0
2018 0
2018 0
2018 0
2018 0
2018 0
2018 0
2018 0
2018 0
2018 0
2018 0
2018 0
2018 0
2018 0
2018 0
2018 0
2018 0
2018 0
2018 0
2018 0
2018 0
2018 0
2018 0
2018 0
2018 0
2018 0
2018 0
2018 0
2018 0
2018 0
2018 0
2018 0
2018 0
2018 0
2018 0
2018 0
2018 0
2018 0
2018 0
2018 0
2018 0
2018 0
2018 0
2018 0
2018 0
2018 0
2018 0
2018 0
2018 0
2018 0
2018 0
2018 0
2018 0
2018 0
2018 0
2018 0
2018 0
2018 0
2018 0
2018 0
2018 0
2018 0
2018 0
2018 0
2018 0
2018 0
2018 0
2018 0
2018 0
2018 0
2018 0
2018 0
2018 0
2018 0
2018 0
2018 0
2018 0
2018 0
2018 0
2018 0
2018 0
2018 0
2018 0
2018 0
2018 0
2018 0
2018 0
2018 0
2018 0
2018 0
2018 0
2018 0
2018 0
2018 0
2018 0
2018 0
2018 0
2018 0
2018 0
2018 0
2018 0
2018 0
2018 0
2018 0
2018 0
2018 0
2018 0
2018 0
2018 0
2018 0
2018 0
2018 0
2018 0
2018 0
2018 0
2018 0
2018 0
2018 0
2018 0
2018 0
2018 0
2018 0
2019 0
2019 0
2019 0
2019 0
2019 0
2019 0
2019 0
2019 0
2019 0
2019 0
2019 0
2019 0
2019 0
2019 0
2019 0
2019 0
2019 NA
2019 NA
2019 NA
2019 0
2019 0
2019 0
2019 0
2019 0
2019 0
2019 0
2019 0
2019 0
2019 0
2019 0
2019 0
2019 0
2019 0
2019 0
2019 0
2019 0
2019 0
2019 0
2019 NA
2019 NA
2019 0
2019 0
2019 0
2019 0
2019 0
2019 0
2019 0
2019 0
2019 0
2019 0
2019 0
2019 0
2019 0
2019 0
2019 0
2019 0
2019 0
2019 0
2019 0
2019 4
2019 0
2019 0
2019 0
2019 0
2019 0
2019 0
2019 0
2019 0
2019 0
2019 0
2019 0
2019 0
2019 0
2019 0
2019 0
2019 0
2019 0
2019 0
2019 0
2019 0
2019 1
2019 0
2019 0
2019 0
2019 2
2019 0
2019 0
2019 1
2019 0
2019 0
2019 0
2019 0
2019 0
2019 0
2019 0
2019 0
2019 0
2019 0
2019 1
2019 0
2019 0
2019 1
2019 0
2019 0
2019 0
2019 0
2019 8
2019 8
2019 7
2019 7
2019 14
2019 14
2019 11
2019 9
2019 4
2019 2
2019 2
2019 2
2019 2
2019 2
2019 2
2019 2
2019 2
2019 2
2019 2
2019 2
2019 2
2019 1
2019 1
2019 1
2019 5
2019 7
2019 7
2019 6
2019 34
2019 33
2019 25
2019 25
2019 25
2019 27
2019 25
2019 24
2019 22
2019 22
2019 22
2019 25
2019 25
2019 23
2019 28
2019 33
2019 31
2019 34
2019 35
2019 38
2019 NA
2019 NA
2019 54
2019 51
2019 47
2019 42
2019 41
2019 40
2019 39
2019 36
2019 35
2019 34
2019 33
2019 31
2019 30
2019 25
2019 24
2019 22
2019 20
2019 18
2019 17
2019 15
2019 13
2019 11
2019 9
2019 6
2019 5
2019 0
2019 2
2019 0
2019 0
2019 0
2019 NA
2019 NA
2019 0
2019 0
2019 0
2019 1
2019 1
2019 1
2019 3
2019 8
2019 3
2019 0
2019 1
2019 0
2019 0
2019 0
2019 0
2019 0
2019 0
2019 0
2019 0
2019 0
2019 0
2019 0
2019 0
2019 0
2019 0
2019 0
2019 0
2019 33
2019 25
2019 2
2019 1
2019 0
2019 0
2019 0
2019 0
2019 0
2019 0
2019 0
2019 0
2019 0
2019 0
2019 0
2019 0
2019 0
2019 0
2019 0
2019 0
2019 0
2019 0
2019 1
2019 0
2019 0
2019 0
2019 NA
2019 NA
2019 0
2019 0
2019 NA
2019 NA
2019 0
2019 0
2019 0
2019 0
2019 0
2019 0
2019 0
2019 0
2019 0
2019 NA
2019 NA
2019 NA
2019 0
2019 0
2019 0
2019 0
2019 0
2019 NA
2019 NA
2019 NA
2019 NA
2019 0
2019 0
2019 0
2019 0
2019 0
2019 0
2019 0
2019 0
2019 NA
2019 0
2019 0
2019 0
2019 NA
2019 NA
2019 NA
2019 0
2019 0
2019 NA
2019 NA
2019 0
2019 0
2019 0
2019 0
2019 0
2019 NA
2019 NA
2019 0
2019 0
2019 0
2019 0
2019 NA
2019 NA
2019 0
2019 0
2019 0
2019 0
2019 0
2019 0
2019 0
2019 0
2019 0
2019 0
2019 NA
2019 NA
2019 NA
2019 NA
2019 NA
2019 0
2019 0
2019 NA
2019 NA
2019 NA
2019 NA
2019 NA
2019 0
2019 0
2019 0
2019 0
2019 0
2019 0
2019 NA
2019 NA
2019 0
2019 0
2019 NA
2019 0
2019 NA
2019 NA
2019 NA
2019 NA
2019 NA
2019 NA
2019 NA
2019 NA
2019 NA
2019 NA
2019 NA
2019 NA
2019 NA
2019 NA
2019 NA
2019 NA
2019 NA
2019 NA
2019 NA
2019 NA
2019 NA
2019 NA
2019 NA
2019 NA
2019 NA
2019 NA
2019 NA
2019 NA
2019 NA
2019 NA
2019 NA
