2019 NA
2019 13
2019 NA
2019 NA
2019 NA
2019 NA
2019 4
2019 14
2019 13
2019 11
2019 15
2019 NA
2019 7
2019 9
2019 8
2019 8
2019 6
2019 6
2019 4
2019 8
2019 9
2019 6
2019 8
2019 8
2019 6
2019 5
2019 7
2019 NA
2019 NA
2019 NA
2019 8
2019 2
2019 4
2019 6
2019 8
2019 4
2019 4
2019 3
2019 6
2019 6
2019 6
2019 4
2019 6
2019 5
2019 1
2019 3
2019 2
2019 5
2019 2
2019 4
2019 7
2019 1
2019 2
2019 5
2019 3
2019 1
2019 2
2019 2
2019 2
2019 12
2019 12
2019 9
2019 8
2019 5
2019 3
2019 NA
2019 0
2019 0
2019 1
2019 0
2019 0
2019 2
2019 0
2019 2
2019 1
2019 0
2019 0
2019 3
2019 3
2019 7
2019 12
2019 10
2019 10
2019 12
2019 20
2019 19
2019 19
2019 19
2019 19
2019 17
2019 17
2019 17
2019 17
2019 18
2019 17
2019 18
2019 17
2019 18
2019 26
2019 26
2019 25
2019 27
2019 26
2019 25
2019 25
2019 27
2019 27
2019 26
2019 26
2019 26
2019 29
2019 29
2019 26
2019 26
2019 26
2019 26
2019 25
2019 25
2019 24
2019 NA
2019 22
2019 NA
2019 NA
2019 22
2019 23
2019 23
2019 23
2019 22
2019 22
2019 24
2019 26
2019 24
2019 24
2019 24
2019 24
2019 34
2019 38
2019 36
2019 34
2019 38
2019 37
2019 36
2019 38
2019 37
2019 40
2019 40
2019 38
2019 39
2019 39
2019 47
2019 42
2019 42
2019 48
2019 NA
2019 NA
2019 NA
2019 76
2019 73
2019 70
2019 68
2019 68
2019 68
2019 67
2019 69
2019 67
2019 65
2019 NA
2019 64
2019 64
2019 62
2019 62
2019 62
2019 63
2019 63
2019 59
2019 NA
2019 58
2019 58
2019 56
2019 55
2019 55
2019 53
2019 54
2019 54
2019 56
2019 54
2019 55
2019 75
2019 75
2019 70
2019 66
2019 65
2019 64
2019 62
2019 62
2019 64
2019 59
2019 57
2019 69
2019 67
2019 65
2019 62
2019 59
2019 56
2019 51
2019 48
2019 48
2019 48
2019 45
2019 46
2019 43
2019 38
2019 39
2019 37
2019 49
2019 93
2019 133
2019 116
2019 NA
2019 105
2019 103
2019 101
2019 102
2019 97
2019 98
2019 99
2019 93
2019 89
2019 84
2019 84
2019 82
2019 79
2019 75
2019 69
2019 67
2019 62
2019 63
2019 59
2019 55
2019 81
2019 98
2019 86
2019 74
2019 71
2019 74
2019 74
2019 151
2019 134
2019 126
2019 119
2019 110
2019 102
2019 94
2019 109
2019 101
2019 95
2019 91
2019 95
2019 92
2019 94
2019 97
2019 95
2019 91
2019 85
2019 80
2019 72
2019 70
2019 64
2019 61
2019 56
2019 NA
2019 NA
2019 53
2019 45
2019 38
2019 26
2019 15
2019 0
2019 0
2019 0
2019 0
2019 0
2019 0
2019 0
2019 0
2019 0
2019 0
2019 0
2019 0
2019 0
2019 0
2019 0
2019 0
2019 2
2019 0
2019 0
2019 3
2019 7
2019 7
2019 10
2019 9
2019 9
2019 15
2019 13
2019 17
2019 8
2019 14
2019 12
2019 14
2019 14
2019 12
2019 14
2019 16
2019 17
2019 18
2019 16
2019 NA
2019 16
2019 14
2019 18
2019 11
2019 16
2019 18
2019 7
2019 3
2019 4
2019 4
2019 11
2019 2
2019 5
2019 5
2019 3
2019 0
2019 1
2019 6
2019 11
2019 NA
2019 NA
2019 4
2019 NA
2019 0
2019 3
2019 1
2019 6
2019 3
2019 6
2019 8
2019 NA
2019 2
2019 0
2019 3
2019 3
2019 6
2019 4
2019 3
2019 NA
2019 5
2019 4
2019 NA
2019 2
2019 3
2019 5
2019 2
2019 7
2019 1
2020 5
2020 0
2020 4
2020 4
2020 5
2020 5
2020 3
2020 1
2020 1
2020 4
2020 2
2020 6
2020 4
2020 0
2020 5
2020 2
2020 3
2020 3
2020 2
2020 NA
2020 NA
2020 2
2020 1
2020 5
2020 0
2020 5
2020 4
2020 4
2020 3
2020 2
2020 2
2020 2
2020 1
2020 2
2020 3
2020 3
2020 3
2020 3
2020 5
2020 0
2020 1
2020 0
2020 0
2020 2
2020 3
2020 0
2020 0
2020 5
2020 0
2020 0
2020 0
2020 0
2020 1
2020 0
2020 0
2020 2
2020 1
2020 1
2020 0
2020 NA
2020 0
2020 0
2020 1
2020 1
2020 3
2020 NA
2020 7
2020 16
2020 35
2020 42
2020 36
2020 36
2020 37
2020 79
2020 69
2020 116
2020 111
2020 134
2020 121
2020 128
2020 120
2020 115
2020 113
2020 112
2020 118
2020 114
2020 112
2020 113
2020 111
2020 110
2020 109
2020 108
2020 113
2020 112
2020 110
2020 109
2020 108
2020 NA
2020 NA
2020 105
2020 103
2020 103
2020 102
2020 102
2020 97
2020 NA
2020 94
2020 97
2020 95
2020 94
2020 93
2020 115
2020 116
2020 NA
2020 101
2020 NA
2020 102
2020 102
2020 98
2020 97
2020 NA
2020 95
2020 94
2020 94
2020 93
2020 92
2020 90
2020 88
2020 87
2020 87
2020 87
2020 87
2020 87
2020 87
2020 87
2020 87
2020 88
2020 88
2020 86
2020 NA
2020 98
2020 97
2020 96
2020 94
2020 94
2020 94
2020 94
2020 NA
2020 95
2020 96
2020 95
2020 NA
2020 95
2020 NA
2020 95
2020 93
2020 95
2020 94
2020 94
2020 93
2020 NA
2020 94
2020 94
2020 93
2020 NA
2020 92
2020 93
2020 94
2020 NA
2020 90
2020 93
2020 93
2020 NA
2020 93
2020 93
2020 87
2020 86
2020 NA
2020 89
2020 NA
2020 NA
2020 NA
2020 91
2020 90
2020 119
2020 117
2020 NA
2020 120
2020 NA
2020 NA
2020 116
2020 115
2020 106
2020 103
2020 101
2020 118
2020 114
2020 106
2020 105
2020 98
2020 96
2020 97
2020 95
2020 99
2020 100
2020 99
2020 99
2020 100
2020 99
2020 98
2020 93
2020 118
2020 117
2020 111
2020 107
2020 105
2020 100
2020 100
2020 96
2020 94
2020 89
2020 87
2020 85
2020 81
2020 78
2020 78
2020 75
2020 70
2020 66
2020 61
2020 56
2020 50
2020 44
2020 41
2020 39
2020 33
2020 28
2020 27
2020 21
2020 17
2020 15
2020 19
2020 16
2020 20
2020 17
2020 11
2020 7
2020 5
2020 34
2020 NA
2020 NA
2020 0
2020 0
2020 0
2020 0
2020 NA
2020 0
2020 0
2020 0
2020 NA
2020 0
2020 0
2020 NA
2020 0
2020 0
2020 0
2020 NA
2020 0
2020 NA
2020 0
2020 0
2020 NA
2020 0
2020 NA
2020 0
2020 0
2020 0
2020 0
2020 1
2020 0
2020 0
2020 0
2020 0
2020 1
2020 1
2020 1
2020 1
2020 2
2020 5
2020 0
2020 2
2020 6
2020 3
2020 1
2020 4
2020 8
2020 5
2020 8
2020 8
2020 7
2020 10
2020 6
2020 10
2020 11
2020 12
2020 13
2020 19
2020 16
2020 NA
2020 NA
2020 19
2020 21
2020 20
2020 19
2020 26
2020 17
2020 19
2020 24
2020 24
2020 21
2020 28
2020 15
2020 7
2020 10
2020 0
2020 0
2020 2
2020 0
2020 NA
2020 0
2020 0
2020 2
2020 5
2020 0
2020 0
2020 1
2020 1
2020 6
2020 1
2020 3
2020 4
2020 4
2020 NA
2020 4
2020 0
2020 7
2020 4
2020 5
2020 3
2020 0
2020 8
2020 5
2020 6
2020 5
2020 9
2020 5
2020 7
2020 9
2020 7
2020 9
2020 8
2020 6
2020 10
2020 9
2020 3
2020 10
