2010 NA
2010 NA
2010 NA
2010 NA
2010 NA
2010 NA
2010 NA
2010 NA
2010 NA
2010 NA
2010 NA
2010 NA
2010 NA
2010 NA
2010 NA
2010 NA
2010 NA
2010 NA
2010 NA
2010 NA
2010 NA
2010 NA
2010 NA
2010 NA
2010 NA
2010 NA
2010 NA
2010 NA
2010 NA
2010 NA
2010 NA
2010 NA
2010 NA
2010 NA
2010 NA
2010 NA
2010 NA
2010 NA
2010 NA
2010 NA
2010 NA
2010 NA
2010 NA
2010 NA
2010 NA
2010 NA
2010 NA
2010 NA
2010 NA
2010 NA
2010 NA
2010 NA
2010 NA
2010 NA
2010 NA
2010 NA
2010 NA
2010 NA
2010 NA
2010 NA
2010 NA
2010 NA
2010 NA
2010 NA
2010 NA
2010 NA
2010 NA
2010 NA
2010 NA
2010 NA
2010 NA
2010 NA
2010 0
2010 0
2010 0
2010 0
2010 0
2010 0
2010 0
2010 0
2010 0
2010 0
2010 0
2010 0
2010 0
2010 0
2010 0
2010 0
2010 0
2010 0
2010 0
2010 1
2010 2
2010 2
2010 3
2010 14
2010 14
2010 13
2010 11
2010 12
2010 12
2010 12
2010 12
2010 12
2010 12
2010 12
2010 12
2010 12
2010 12
2010 13
2010 14
2010 14
2010 17
2010 19
2010 16
2010 14
2010 15
2010 15
2010 15
2010 15
2010 15
2010 16
2010 16
2010 17
2010 17
2010 17
2010 17
2010 17
2010 17
2010 21
2010 25
2010 28
2010 26
2010 27
2010 26
2010 26
2010 26
2010 26
2010 26
2010 26
2010 26
2010 26
2010 26
2010 26
2010 26
2010 26
2010 26
2010 26
2010 26
2010 26
2010 26
2010 26
2010 28
2010 28
2010 28
2010 28
2010 28
2010 28
2010 31
2010 31
2010 29
2010 29
2010 29
2010 42
2010 41
2010 38
2010 37
2010 36
2010 36
2010 35
2010 32
2010 29
2010 44
2010 45
2010 41
2010 38
2010 36
2010 34
2010 32
2010 33
2010 33
2010 33
2010 32
2010 31
2010 31
2010 31
2010 31
2010 31
2010 31
2010 31
2010 35
2010 38
2010 38
2010 38
2010 38
2010 38
2010 38
2010 35
2010 33
2010 32
2010 28
2010 19
2010 9
2010 5
2010 0
2010 0
2010 0
2010 0
2010 0
2010 0
2010 0
2010 1
2010 0
2010 10
2010 3
2010 0
2010 0
2010 0
2010 0
2010 0
2010 0
2010 0
2010 0
2010 0
2010 2
2010 0
2010 0
2010 0
2010 0
2010 0
2010 0
2010 0
2010 0
2010 0
2010 0
2010 0
2010 0
2010 0
2010 0
2010 0
2010 0
2010 0
2010 0
2010 0
2010 0
2010 0
2010 0
2010 0
2010 0
2010 0
2010 0
2010 0
2010 0
2010 0
2010 0
2010 0
2010 0
2010 0
2010 0
2010 0
2010 0
2010 0
2010 0
2010 0
2010 0
2010 0
2010 0
2010 0
2010 0
2010 0
2010 0
2010 0
2010 0
2010 0
2010 0
2010 0
2010 0
2010 0
2010 0
2010 0
2010 0
2010 0
2010 0
2010 0
2010 0
2010 0
2010 0
2010 0
2010 0
2010 0
2010 0
2010 0
2010 0
2010 0
2010 0
2010 0
2010 0
2010 0
2010 0
2010 0
2010 0
2010 0
2010 0
2010 0
2010 0
2010 0
2010 0
2010 0
2010 0
2010 0
2010 0
2010 0
2010 0
2010 0
2010 0
2010 0
2010 0
2010 0
2010 0
2010 0
2010 0
2010 0
2010 0
2010 0
2010 0
2010 0
2010 0
2010 0
2010 0
2010 0
2010 0
2010 0
2010 0
2010 0
2010 0
2010 0
2010 0
2010 0
2010 0
2010 0
2010 0
2010 0
2010 0
2010 0
2010 0
2010 0
2010 0
2010 0
2010 0
2010 0
2010 0
2010 0
2010 0
2010 0
2010 0
2010 0
2010 0
2010 0
2010 0
2010 0
2010 0
2010 0
2010 0
2010 0
2010 0
2011 0
2011 0
2011 0
2011 0
2011 0
2011 0
2011 0
2011 0
2011 0
2011 0
2011 0
2011 0
2011 0
2011 0
2011 0
2011 0
2011 0
2011 0
2011 0
2011 0
2011 0
2011 0
2011 0
2011 0
2011 0
2011 0
2011 0
2011 0
2011 0
2011 0
2011 0
2011 0
2011 0
2011 0
2011 0
2011 0
2011 0
2011 0
2011 0
2011 0
2011 0
2011 0
2011 0
2011 0
2011 0
2011 0
2011 0
2011 0
2011 0
2011 0
2011 0
2011 0
2011 0
2011 0
2011 0
2011 15
2011 0
2011 0
2011 0
2011 0
2011 0
2011 0
2011 0
2011 0
2011 0
2011 0
2011 0
2011 0
2011 0
2011 0
2011 0
2011 0
2011 0
2011 0
2011 0
2011 0
2011 0
2011 0
2011 0
2011 0
2011 0
2011 0
2011 11
2011 6
2011 5
2011 5
2011 5
2011 10
2011 11
2011 21
2011 23
2011 24
2011 40
2011 37
2011 37
2011 31
2011 32
2011 32
2011 26
2011 21
2011 20
2011 21
2011 24
2011 23
2011 22
2011 22
2011 22
2011 22
2011 24
2011 23
2011 23
2011 23
2011 23
2011 23
2011 20
2011 22
2011 24
2011 23
2011 22
2011 22
2011 22
2011 22
2011 22
2011 22
2011 22
2011 22
2011 22
2011 22
2011 22
2011 21
2011 20
2011 20
2011 19
2011 19
2011 19
2011 18
2011 16
2011 15
2011 15
2011 15
2011 15
2011 20
2011 19
2011 19
2011 19
2011 18
2011 18
2011 18
2011 18
2011 18
2011 18
2011 18
2011 18
2011 18
2011 18
2011 18
2011 18
2011 17
2011 16
2011 15
2011 14
2011 13
2011 12
2011 11
2011 11
2011 9
2011 9
2011 8
2011 8
2011 12
2011 9
2011 6
2011 6
2011 6
2011 7
2011 7
2011 6
2011 6
2011 5
2011 5
2011 9
2011 8
2011 6
2011 6
2011 6
2011 6
2011 3
2011 0
2011 0
2011 0
2011 0
2011 0
2011 0
2011 0
2011 0
2011 0
2011 0
2011 2
2011 0
2011 0
2011 0
2011 0
2011 0
2011 0
2011 0
2011 0
2011 0
2011 0
2011 0
2011 0
2011 0
2011 0
2011 0
2011 0
2011 0
2011 0
2011 0
2011 0
2011 0
2011 0
2011 0
2011 0
2011 0
2011 0
2011 0
2011 0
2011 0
2011 0
2011 0
2011 0
2011 0
2011 0
2011 0
2011 0
2011 0
2011 0
2011 0
2011 0
2011 0
2011 0
2011 0
2011 0
2011 0
2011 0
2011 0
2011 0
2011 0
2011 0
2011 0
2011 0
2011 0
2011 0
2011 0
2011 0
2011 0
2011 0
2011 0
2011 0
2011 0
2011 0
2011 0
2011 0
2011 0
2011 0
2011 0
2011 0
2011 0
2011 0
2011 0
2011 0
2011 0
2011 0
2011 0
2011 0
2011 0
2011 0
2011 0
2011 0
2011 0
2011 0
2011 0
2011 0
2011 0
2011 0
2011 0
2011 0
2011 0
2011 0
2011 0
2011 0
2011 0
2011 0
2011 0
2011 0
2011 0
2011 0
2011 0
2011 0
2011 0
2011 0
2011 0
2011 0
2011 0
2011 0
2011 0
2011 0
2011 0
2011 0
2011 0
2011 0
2011 0
2011 0
2011 0
2011 0
2011 0
2011 0
2011 0
2011 0
2011 0
2011 0
2011 0
2011 0
2011 0
2011 0
2011 0
2011 0
2011 0
2011 0
2011 0
2011 0
2011 0
2011 0
2011 0
2011 0
2011 0
2011 0
2011 0
2011 0
2011 0
2011 0
2011 0
2011 0
2011 0
2011 0
2011 0
2011 0
2011 0
2011 0
2011 0
2011 0
2011 0
2011 0
2011 0
2011 0
2011 0
2011 0
2011 0
2011 0
2011 0
2011 0
2011 0
2011 0
2011 0
2011 0
2011 0
2012 0
2012 0
2012 0
2012 0
2012 0
2012 0
2012 0
2012 0
2012 0
2012 0
2012 0
2012 0
2012 0
2012 0
2012 0
2012 0
2012 0
2012 0
2012 0
2012 1
2012 0
2012 0
2012 0
2012 0
2012 0
2012 0
2012 0
2012 0
2012 0
2012 0
2012 0
2012 0
2012 0
2012 0
2012 0
2012 0
2012 0
2012 0
2012 0
2012 0
2012 0
2012 0
2012 0
2012 0
2012 0
2012 0
2012 0
2012 0
2012 0
2012 1
2012 0
2012 0
2012 0
2012 0
2012 0
2012 0
2012 0
2012 0
2012 0
2012 0
2012 0
2012 0
2012 0
2012 0
2012 0
2012 0
2012 0
2012 0
2012 0
2012 0
2012 0
2012 0
2012 0
2012 0
2012 0
2012 0
2012 0
2012 0
2012 0
2012 0
2012 0
2012 0
2012 0
2012 0
2012 0
2012 0
2012 0
2012 0
2012 0
2012 0
2012 0
2012 0
2012 0
2012 0
2012 0
2012 0
2012 0
2012 0
2012 7
2012 7
2012 7
2012 7
2012 6
2012 6
2012 6
2012 6
2012 6
2012 20
2012 19
2012 18
2012 17
2012 16
2012 16
2012 17
2012 16
2012 15
2012 15
2012 15
2012 15
2012 15
2012 16
2012 17
2012 18
2012 17
2012 27
2012 26
2012 26
2012 35
2012 34
2012 34
2012 33
2012 31
2012 31
2012 31
2012 30
2012 29
2012 29
2012 29
2012 29
2012 29
2012 29
2012 28
2012 35
2012 33
2012 31
2012 31
2012 31
2012 31
2012 31
2012 31
2012 31
2012 31
2012 31
2012 31
2012 32
2012 32
2012 32
2012 33
2012 33
2012 45
2012 51
2012 51
2012 51
2012 51
2012 53
2012 57
2012 55
2012 54
2012 53
2012 52
2012 51
2012 50
2012 60
2012 60
2012 57
2012 55
2012 54
2012 47
2012 43
2012 43
2012 42
2012 40
2012 36
2012 31
2012 26
2012 20
2012 17
2012 17
2012 16
2012 14
2012 10
2012 7
2012 0
2012 0
2012 0
2012 0
2012 0
2012 0
2012 0
2012 0
2012 0
2012 0
2012 0
2012 0
2012 0
2012 0
2012 0
2012 0
2012 0
2012 0
2012 0
2012 0
2012 0
2012 0
2012 0
2012 0
2012 0
2012 0
2012 0
2012 0
2012 0
2012 0
2012 0
2012 0
2012 2
2012 0
2012 0
2012 0
2012 0
2012 0
2012 0
2012 0
2012 0
2012 0
2012 0
2012 0
2012 0
2012 0
2012 0
2012 0
2012 0
2012 0
2012 0
2012 0
2012 0
2012 0
2012 0
2012 0
2012 0
2012 0
2012 0
2012 0
2012 0
2012 0
2012 0
2012 0
2012 0
2012 0
2012 2
2012 0
2012 0
2012 0
2012 0
2012 0
2012 0
2012 0
2012 0
2012 0
2012 0
2012 0
2012 0
2012 0
2012 0
2012 0
2012 0
2012 0
2012 0
2012 0
2012 0
2012 0
2012 0
2012 0
2012 0
2012 0
2012 0
2012 0
2012 0
2012 0
2012 0
2012 0
2012 0
2012 0
2012 0
2012 0
2012 0
2012 0
2012 0
2012 0
2012 0
2012 0
2012 0
2012 0
2012 0
2012 0
2012 0
2012 0
2012 0
2012 0
2012 0
2012 0
2012 0
2012 0
2012 0
2012 0
2012 0
2012 0
2012 0
2012 0
2012 0
2012 0
2012 0
2012 0
2012 0
2012 0
2012 0
2012 0
2012 0
2012 0
2012 0
2012 0
2012 0
2012 0
2012 0
2012 0
2012 0
2012 0
2012 0
2012 0
2012 0
2012 0
2012 0
2012 0
2012 0
2012 0
2012 0
2012 0
2012 0
2012 0
2012 0
2012 0
2012 0
2012 0
2012 0
2012 0
2012 0
2012 0
2012 0
2012 0
2012 0
2012 0
2012 0
2012 0
2012 0
2012 0
2012 0
2012 0
2013 0
2013 0
2013 0
2013 0
2013 0
2013 0
2013 0
2013 0
2013 0
2013 0
2013 0
2013 0
2013 0
2013 0
2013 0
2013 0
2013 0
2013 0
2013 0
2013 0
2013 0
2013 0
2013 0
2013 0
2013 0
2013 0
2013 0
2013 0
2013 0
2013 0
2013 0
2013 0
2013 0
2013 0
2013 0
2013 0
2013 0
2013 0
2013 0
2013 0
2013 0
2013 0
2013 0
2013 0
2013 0
2013 2
2013 0
2013 0
2013 0
2013 0
2013 0
2013 0
2013 0
2013 0
2013 0
2013 0
2013 0
2013 4
2013 12
2013 7
2013 5
2013 12
2013 7
2013 4
2013 0
2013 0
2013 0
2013 0
2013 0
2013 0
2013 0
2013 0
2013 0
2013 0
2013 0
2013 0
2013 0
2013 0
2013 0
2013 0
2013 0
2013 0
2013 0
2013 0
2013 0
2013 0
2013 0
2013 0
2013 0
2013 0
2013 0
2013 0
2013 4
2013 9
2013 8
2013 10
2013 9
2013 8
2013 8
2013 8
2013 8
2013 8
2013 8
2013 8
2013 8
2013 8
2013 8
2013 8
2013 8
2013 8
2013 8
2013 8
2013 8
2013 9
2013 9
2013 9
2013 8
2013 8
2013 13
2013 10
2013 10
2013 10
2013 10
2013 10
2013 10
2013 10
2013 7
2013 4
2013 2
2013 0
2013 0
2013 0
2013 0
2013 0
2013 0
2013 8
2013 21
2013 23
2013 30
2013 28
2013 25
2013 26
2013 29
2013 42
2013 36
2013 33
2013 32
2013 31
2013 31
2013 30
2013 29
2013 28
2013 26
2013 26
2013 26
2013 32
2013 31
2013 29
2013 42
2013 37
2013 35
2013 34
2013 33
2013 33
2013 44
2013 42
2013 40
2013 39
2013 38
2013 38
2013 37
2013 37
2013 36
2013 37
2013 37
2013 38
2013 53
2013 55
2013 52
2013 52
2013 44
2013 40
2013 38
2013 38
2013 37
2013 37
2013 36
2013 34
2013 28
2013 24
2013 21
2013 18
2013 15
2013 14
2013 24
2013 19
2013 18
2013 17
2013 18
2013 44
2013 34
2013 29
2013 25
2013 23
2013 21
2013 21
2013 22
2013 28
2013 21
2013 33
2013 21
2013 28
2013 23
2013 21
2013 19
2013 17
2013 11
2013 7
2013 0
2013 0
2013 0
2013 0
2013 0
2013 0
2013 1
2013 0
2013 0
2013 0
2013 0
2013 0
2013 0
2013 0
2013 0
2013 0
2013 0
2013 0
2013 0
2013 0
2013 0
2013 0
2013 0
2013 0
2013 0
2013 0
2013 0
2013 0
2013 0
2013 0
2013 0
2013 0
2013 0
2013 0
2013 0
2013 0
2013 0
2013 0
2013 0
2013 0
2013 0
2013 0
2013 0
2013 0
2013 0
2013 0
2013 0
2013 4
2013 0
2013 0
2013 0
2013 0
2013 0
2013 0
2013 0
2013 0
2013 0
2013 0
2013 0
2013 0
2013 0
2013 0
2013 0
2013 0
2013 0
2013 0
2013 0
2013 0
2013 0
2013 0
2013 0
2013 0
2013 0
2013 0
2013 0
2013 0
2013 0
2013 0
2013 0
2013 0
2013 0
2013 0
2013 0
2013 0
2013 0
2013 0
2013 0
2013 0
2013 0
2013 0
2013 0
2013 0
2013 0
2013 0
2013 0
2013 0
2013 0
2013 0
2013 0
2013 0
2013 0
2013 0
2013 0
2013 0
2013 0
2013 0
2013 0
2013 0
2013 0
2013 0
2013 0
2013 0
2013 0
2013 0
2013 0
2013 0
2013 0
2013 0
2013 0
2013 0
2013 0
2013 0
2013 0
2013 0
2013 0
2013 0
2013 0
2013 0
2013 0
2013 0
2013 0
2013 0
2013 0
2013 0
2013 0
2013 0
2013 0
2013 0
2013 0
2013 0
2013 0
2013 0
2013 0
2013 0
2013 0
2013 0
2013 0
2014 0
2014 0
2014 0
2014 0
2014 0
2014 0
2014 0
2014 0
2014 0
2014 0
2014 0
2014 0
2014 0
2014 0
2014 0
2014 0
2014 0
2014 0
2014 0
2014 0
2014 0
2014 0
2014 0
2014 0
2014 0
2014 0
2014 0
2014 0
2014 0
2014 0
2014 0
2014 0
2014 0
2014 0
2014 0
2014 0
2014 0
2014 0
2014 0
2014 0
2014 0
2014 0
2014 0
2014 0
2014 0
2014 0
2014 0
2014 0
2014 0
2014 0
2014 0
2014 0
2014 0
2014 0
2014 0
2014 0
2014 0
2014 0
2014 0
2014 0
2014 0
2014 0
2014 0
2014 0
2014 0
2014 0
2014 0
2014 0
2014 0
2014 0
2014 1
2014 0
2014 0
2014 0
2014 0
2014 6
2014 1
2014 0
2014 0
2014 0
2014 0
2014 0
2014 22
2014 23
2014 16
2014 12
2014 11
2014 11
2014 11
2014 11
2014 11
2014 11
2014 11
2014 11
2014 11
2014 11
2014 11
2014 11
2014 11
2014 11
2014 11
2014 11
2014 11
2014 11
2014 11
2014 11
2014 11
2014 11
2014 11
2014 11
2014 11
2014 11
2014 11
2014 11
2014 10
2014 10
2014 11
2014 30
2014 28
2014 27
2014 24
2014 24
2014 24
2014 24
2014 24
2014 24
2014 27
2014 32
2014 32
2014 32
2014 32
2014 31
2014 30
2014 30
2014 30
2014 32
2014 37
2014 37
2014 39
2014 38
2014 38
2014 36
2014 35
2014 35
2014 35
2014 38
2014 38
2014 38
2014 38
2014 46
2014 45
2014 44
2014 87
2014 98
2014 93
2014 92
2014 90
2014 98
2014 92
2014 87
2014 92
2014 89
2014 93
2014 104
2014 110
2014 106
2014 111
2014 106
2014 104
2014 108
2014 102
2014 97
2014 95
2014 90
2014 110
2014 107
2014 105
2014 102
2014 100
2014 95
2014 94
2014 93
2014 107
2014 96
2014 93
2014 91
2014 90
2014 89
2014 86
2014 83
2014 81
2014 79
2014 77
2014 74
2014 71
2014 67
2014 62
2014 54
2014 48
2014 44
2014 39
2014 35
2014 30
2014 26
2014 52
2014 42
2014 38
2014 38
2014 34
2014 31
2014 27
2014 21
2014 14
2014 6
2014 3
2014 0
2014 0
2014 0
2014 0
2014 0
2014 0
2014 0
2014 0
2014 0
2014 0
2014 0
2014 0
2014 0
2014 0
2014 0
2014 2
2014 0
2014 0
2014 0
2014 0
2014 0
2014 0
2014 0
2014 0
2014 0
2014 0
2014 0
2014 0
2014 0
2014 0
2014 0
2014 0
2014 0
2014 0
2014 0
2014 0
2014 0
2014 0
2014 0
2014 0
2014 0
2014 0
2014 0
2014 0
2014 0
2014 0
2014 0
2014 0
2014 0
2014 0
2014 0
2014 0
2014 0
2014 0
2014 0
2014 0
2014 0
2014 0
2014 0
2014 0
2014 0
2014 0
2014 0
2014 0
2014 0
2014 0
2014 0
2014 0
2014 0
2014 0
2014 0
2014 0
2014 0
2014 0
2014 0
2014 0
2014 0
2014 0
2014 0
2014 0
2014 0
2014 0
2014 0
2014 0
2014 0
2014 0
2014 0
2014 0
2014 0
2014 0
2014 0
2014 0
2014 0
2014 0
2014 0
2014 0
2014 0
2014 0
2014 0
2014 0
2014 0
2014 0
2014 0
2014 0
2014 0
2014 0
2014 0
2014 0
2014 0
2014 0
2014 0
2014 0
2014 0
2014 0
2014 0
2014 0
2014 0
2014 0
2014 0
2014 0
2014 0
2014 0
2014 0
2014 0
2014 0
2014 0
2014 0
2014 0
2014 0
2014 0
2014 0
2014 0
2014 0
2014 0
2014 0
2014 0
2014 0
2014 0
2014 0
2014 0
2014 0
2014 0
2014 0
2014 0
2014 0
2014 0
2014 0
2014 0
2014 0
2014 0
2015 0
2015 0
2015 0
2015 0
2015 0
2015 0
2015 0
2015 0
2015 0
2015 0
2015 0
2015 0
2015 0
2015 0
2015 0
2015 0
2015 0
2015 0
2015 0
2015 0
2015 0
2015 0
2015 0
2015 0
2015 0
2015 0
2015 0
2015 0
2015 0
2015 0
2015 0
2015 0
2015 0
2015 0
2015 0
2015 0
2015 0
2015 0
2015 0
2015 0
2015 0
2015 0
2015 0
2015 0
2015 0
2015 0
2015 0
2015 0
2015 0
2015 0
2015 0
2015 0
2015 7
2015 2
2015 0
2015 0
2015 0
2015 0
2015 0
2015 0
2015 0
2015 0
2015 0
2015 0
2015 0
2015 0
2015 0
2015 0
2015 0
2015 0
2015 0
2015 0
2015 0
2015 0
2015 0
2015 0
2015 0
2015 0
2015 3
2015 0
2015 0
2015 0
2015 0
2015 0
2015 0
2015 0
2015 0
2015 0
2015 0
2015 0
2015 0
2015 0
2015 0
2015 0
2015 7
2015 3
2015 2
2015 0
2015 0
2015 0
2015 0
2015 0
2015 0
2015 0
2015 0
2015 0
2015 0
2015 0
2015 0
2015 0
2015 0
2015 0
2015 0
2015 0
2015 0
2015 0
2015 0
2015 0
2015 2
2015 2
2015 1
2015 1
2015 1
2015 1
2015 0
2015 0
2015 0
2015 0
2015 0
2015 0
2015 0
2015 0
2015 0
2015 0
2015 0
2015 0
2015 3
2015 3
2015 3
2015 3
2015 3
2015 3
2015 2
2015 2
2015 2
2015 2
2015 2
2015 2
2015 2
2015 2
2015 2
2015 5
2015 8
2015 7
2015 7
2015 7
2015 6
2015 9
2015 22
2015 27
2015 23
2015 22
2015 20
2015 18
2015 16
2015 16
2015 16
2015 15
2015 15
2015 14
2015 13
2015 13
2015 12
2015 12
2015 15
2015 12
2015 12
2015 13
2015 13
2015 12
2015 12
2015 11
2015 9
2015 9
2015 8
2015 7
2015 6
2015 5
2015 4
2015 2
2015 0
2015 0
2015 0
2015 0
2015 0
2015 0
2015 0
2015 0
2015 0
2015 0
2015 0
2015 0
2015 0
2015 0
2015 0
2015 0
2015 1
2015 0
2015 0
2015 0
2015 0
2015 0
2015 0
2015 0
2015 0
2015 0
2015 0
2015 0
2015 0
2015 0
2015 0
2015 0
2015 0
2015 0
2015 0
2015 0
2015 0
2015 0
2015 0
2015 0
2015 0
2015 0
2015 0
2015 0
2015 0
2015 0
2015 0
2015 0
2015 0
2015 0
2015 0
2015 0
2015 0
2015 0
2015 0
2015 0
2015 0
2015 0
2015 0
2015 0
2015 0
2015 0
2015 0
2015 0
2015 0
2015 0
2015 0
2015 0
2015 0
2015 0
2015 0
2015 0
2015 0
2015 0
2015 0
2015 0
2015 0
2015 0
2015 0
2015 0
2015 0
2015 0
2015 0
2015 0
2015 0
2015 0
2015 0
2015 0
2015 0
2015 0
2015 0
2015 0
2015 0
2015 0
2015 0
2015 0
2015 0
2015 0
2015 0
2015 0
2015 0
2015 0
2015 0
2015 0
2015 0
2015 0
2015 0
2015 0
2015 0
2015 0
2015 0
2015 0
2015 0
2015 0
2015 0
2015 0
2015 0
2015 0
2015 0
2015 0
2015 0
2015 0
2015 0
2015 0
2015 0
2015 0
2015 0
2015 0
2015 0
2015 0
2015 0
2015 0
2015 0
2015 0
2015 0
2015 0
2015 0
2015 0
2015 0
2015 0
2015 0
2015 0
2015 0
2015 0
2015 0
2015 0
2015 0
2015 0
2015 0
2015 0
2015 0
2015 0
2015 0
2015 0
2015 0
2015 0
2015 0
2015 0
2015 0
2015 0
2015 0
2015 0
2015 0
2015 0
2015 0
2015 0
2015 0
2015 0
2015 0
2015 0
2015 0
2015 0
2015 0
2015 0
2015 0
2016 0
2016 0
2016 0
2016 0
2016 0
2016 0
2016 0
2016 0
2016 0
2016 0
2016 0
2016 0
2016 0
2016 0
2016 0
2016 0
2016 0
2016 0
2016 0
2016 0
2016 0
2016 0
2016 0
2016 0
2016 0
2016 0
2016 0
2016 0
2016 0
2016 0
2016 0
2016 0
2016 0
2016 0
2016 0
2016 0
2016 0
2016 0
2016 0
2016 0
2016 0
2016 0
2016 0
2016 0
2016 0
2016 0
2016 0
2016 0
2016 0
2016 0
2016 0
2016 0
2016 0
2016 0
2016 0
2016 0
2016 0
2016 0
2016 0
2016 0
2016 0
2016 0
2016 0
2016 0
2016 0
2016 0
2016 0
2016 0
2016 0
2016 0
2016 0
2016 0
2016 0
2016 0
2016 0
2016 0
2016 0
2016 0
2016 0
2016 0
2016 0
2016 0
2016 0
2016 0
2016 0
2016 0
2016 3
2016 2
2016 2
2016 2
2016 2
2016 2
2016 0
2016 0
2016 0
2016 0
2016 0
2016 0
2016 0
2016 0
2016 0
2016 0
2016 0
2016 0
2016 0
2016 0
2016 0
2016 0
2016 0
2016 0
2016 0
2016 0
2016 0
2016 0
2016 0
2016 0
2016 0
2016 0
2016 0
2016 0
2016 0
2016 0
2016 0
2016 0
2016 4
2016 7
2016 6
2016 5
2016 4
2016 6
2016 5
2016 7
2016 5
2016 5
2016 4
2016 4
2016 4
2016 4
2016 4
2016 4
2016 4
2016 4
2016 4
2016 4
2016 4
2016 4
2016 4
2016 4
2016 4
2016 4
2016 3
2016 3
2016 3
2016 1
2016 0
2016 0
2016 5
2016 9
2016 7
2016 5
2016 2
2016 0
2016 4
2016 4
2016 4
2016 6
2016 5
2016 9
2016 7
2016 20
2016 22
2016 15
2016 14
2016 16
2016 9
2016 6
2016 4
2016 4
2016 4
2016 3
2016 6
2016 4
2016 2
2016 1
2016 20
2016 21
2016 14
2016 38
2016 42
2016 53
2016 45
2016 43
2016 37
2016 33
2016 31
2016 29
2016 25
2016 24
2016 24
2016 20
2016 16
2016 12
2016 8
2016 5
2016 1
2016 0
2016 0
2016 0
2016 0
2016 0
2016 0
2016 0
2016 0
2016 0
2016 0
2016 0
2016 0
2016 0
2016 0
2016 0
2016 0
2016 0
2016 0
2016 0
2016 0
2016 0
2016 0
2016 0
2016 0
2016 0
2016 0
2016 0
2016 0
2016 0
2016 0
2016 0
2016 0
2016 0
2016 0
2016 0
2016 3
2016 0
2016 0
2016 0
2016 0
2016 0
2016 0
2016 0
2016 0
2016 0
2016 0
2016 0
2016 0
2016 0
2016 0
2016 0
2016 0
2016 0
2016 0
2016 0
2016 0
2016 0
2016 0
2016 0
2016 0
2016 0
2016 0
2016 0
2016 0
2016 0
2016 0
2016 0
2016 0
2016 0
2016 0
2016 0
2016 0
2016 0
2016 0
2016 0
2016 0
2016 0
2016 0
2016 0
2016 0
2016 0
2016 0
2016 0
2016 0
2016 0
2016 0
2016 0
2016 0
2016 0
2016 0
2016 0
2016 0
2016 0
2016 0
2016 0
2016 0
2016 0
2016 0
2016 0
2016 0
2016 0
2016 0
2016 0
2016 0
2016 0
2016 0
2016 0
2016 0
2016 0
2016 0
2016 0
2016 0
2016 0
2016 0
2016 0
2016 0
2016 0
2016 0
2016 0
2016 0
2016 0
2016 0
2016 0
2016 0
2016 0
2016 0
2016 0
2016 0
2016 0
2016 0
2016 0
2016 0
2016 0
2016 0
2016 0
2016 0
2016 0
2016 0
2016 0
2016 0
2016 0
2016 0
2016 0
2016 0
2016 0
2016 0
2016 0
2016 0
2016 0
2016 0
2016 0
2016 0
2016 0
2016 0
2016 0
2016 0
2016 0
2016 0
2016 0
2016 0
2016 0
2017 0
2017 0
2017 0
2017 0
2017 0
2017 0
2017 0
2017 0
2017 0
2017 0
2017 0
2017 0
2017 0
2017 0
2017 0
2017 0
2017 0
2017 0
2017 0
2017 0
2017 0
2017 0
2017 0
2017 0
2017 0
2017 0
2017 0
2017 0
2017 0
2017 0
2017 0
2017 0
2017 0
2017 0
2017 0
2017 0
2017 0
2017 0
2017 0
2017 0
2017 0
2017 0
2017 0
2017 0
2017 0
2017 0
2017 0
2017 0
2017 0
2017 0
2017 0
2017 0
2017 0
2017 0
2017 0
2017 0
2017 0
2017 0
2017 0
2017 0
2017 0
2017 0
2017 0
2017 0
2017 0
2017 0
2017 0
2017 6
2017 4
2017 3
2017 2
2017 2
2017 7
2017 6
2017 6
2017 5
2017 5
2017 2
2017 1
2017 0
2017 0
2017 0
2017 0
2017 0
2017 0
2017 0
2017 0
2017 0
2017 0
2017 0
2017 0
2017 0
2017 0
2017 0
2017 0
2017 0
2017 0
2017 0
2017 0
2017 0
2017 0
2017 0
2017 0
2017 0
2017 0
2017 0
2017 0
2017 0
2017 0
2017 2
2017 2
2017 2
2017 1
2017 1
2017 1
2017 0
2017 0
2017 0
2017 0
2017 0
2017 0
2017 0
2017 0
2017 0
2017 0
2017 0
2017 0
2017 0
2017 0
2017 0
2017 0
2017 0
2017 0
2017 0
2017 2
2017 9
2017 6
2017 6
2017 6
2017 5
2017 5
2017 5
2017 5
2017 5
2017 5
2017 5
2017 5
2017 5
2017 5
2017 5
2017 5
2017 5
2017 5
2017 8
2017 4
2017 2
2017 0
2017 0
2017 15
2017 14
2017 13
2017 12
2017 12
2017 14
2017 12
2017 11
2017 11
2017 10
2017 7
2017 7
2017 6
2017 6
2017 5
2017 5
2017 3
2017 1
2017 0
2017 2
2017 1
2017 1
2017 0
2017 9
2017 4
2017 1
2017 0
2017 0
2017 2
2017 1
2017 0
2017 1
2017 0
2017 0
2017 0
2017 0
2017 0
2017 0
2017 0
2017 0
2017 0
2017 0
2017 0
2017 0
2017 0
2017 0
2017 0
2017 0
2017 0
2017 0
2017 0
2017 0
2017 0
2017 0
2017 0
2017 0
2017 0
2017 0
2017 0
2017 0
2017 0
2017 0
2017 0
2017 0
2017 0
2017 0
2017 0
2017 0
2017 0
2017 0
2017 0
2017 0
2017 0
2017 0
2017 0
2017 0
2017 0
2017 0
2017 0
2017 0
2017 0
2017 0
2017 0
2017 0
2017 0
2017 0
2017 0
2017 0
2017 0
2017 0
2017 0
2017 0
2017 0
2017 0
2017 0
2017 0
2017 0
2017 0
2017 0
2017 0
2017 0
2017 0
2017 0
2017 0
2017 0
2017 0
2017 0
2017 0
2017 0
2017 0
2017 0
2017 0
2017 0
2017 0
2017 0
2017 0
2017 0
2017 0
2017 0
2017 0
2017 0
2017 0
2017 0
2017 0
2017 0
2017 0
2017 0
2017 0
2017 0
2017 0
2017 0
2017 0
2017 0
2017 0
2017 0
2017 0
2017 0
2017 0
2017 0
2017 0
2017 0
2017 0
2017 0
2017 0
2017 0
2017 0
2017 0
2017 0
2017 0
2017 0
2017 0
2017 0
2017 0
2017 0
2017 0
2017 0
2017 0
2017 0
2017 0
2017 0
2017 0
2017 0
2017 0
2017 0
2017 0
2017 0
2017 0
2017 0
2017 0
2017 0
2017 0
2017 0
2017 0
2017 0
2017 0
2017 0
2017 0
2017 0
2017 0
2017 0
2017 0
2017 0
2017 0
2017 0
2017 0
2017 0
2017 0
2017 0
2017 0
2017 0
2017 0
2017 0
2017 0
2017 0
2017 0
2017 0
2017 0
2017 0
2017 0
2017 0
2017 0
2017 0
2017 0
2017 0
2017 0
2017 0
2017 0
2018 0
2018 0
2018 0
2018 0
2018 0
2018 0
2018 0
2018 0
2018 0
2018 0
2018 0
2018 0
2018 0
2018 0
2018 0
2018 0
2018 0
2018 0
2018 0
2018 0
2018 0
2018 0
2018 0
2018 0
2018 0
2018 0
2018 0
2018 0
2018 0
2018 0
2018 0
2018 0
2018 0
2018 0
2018 0
2018 0
2018 0
2018 0
2018 0
2018 0
2018 0
2018 0
2018 0
2018 0
2018 0
2018 0
2018 0
2018 0
2018 0
2018 0
2018 0
2018 0
2018 0
2018 0
2018 0
2018 0
2018 0
2018 0
2018 0
2018 0
2018 0
2018 0
2018 0
2018 0
2018 0
2018 0
2018 10
2018 8
2018 5
2018 3
2018 2
2018 1
2018 0
2018 8
2018 7
2018 7
2018 6
2018 5
2018 4
2018 3
2018 3
2018 3
2018 2
2018 2
2018 2
2018 2
2018 2
2018 2
2018 2
2018 3
2018 14
2018 14
2018 11
2018 10
2018 10
2018 9
2018 9
2018 9
2018 9
2018 21
2018 21
2018 26
2018 12
2018 11
2018 11
2018 16
2018 20
2018 18
2018 16
2018 16
2018 16
2018 16
2018 15
2018 15
2018 15
2018 15
2018 15
2018 19
2018 36
2018 35
2018 33
2018 34
2018 31
2018 37
2018 36
2018 43
2018 54
2018 49
2018 44
2018 42
2018 40
2018 39
2018 37
2018 37
2018 37
2018 37
2018 37
2018 37
2018 38
2018 38
2018 37
2018 37
2018 48
2018 50
2018 49
2018 47
2018 46
2018 45
2018 44
2018 44
2018 44
2018 44
2018 44
2018 44
2018 60
2018 66
2018 63
2018 61
2018 59
2018 60
2018 58
2018 58
2018 58
2018 56
2018 68
2018 68
2018 65
2018 62
2018 61
2018 58
2018 56
2018 56
2018 56
2018 56
2018 60
2018 62
2018 61
2018 59
2018 59
2018 59
2018 59
2018 58
2018 58
2018 60
2018 58
2018 56
2018 59
2018 61
2018 63
2018 58
2018 56
2018 53
2018 48
2018 45
2018 42
2018 40
2018 40
2018 36
2018 38
2018 36
2018 36
2018 35
2018 32
2018 31
2018 28
2018 25
2018 22
2018 20
2018 19
2018 13
2018 9
2018 6
2018 5
2018 0
2018 0
2018 0
2018 0
2018 0
2018 0
2018 0
2018 0
2018 0
2018 0
2018 0
2018 0
2018 0
2018 0
2018 0
2018 0
2018 0
2018 0
2018 0
2018 0
2018 0
2018 0
2018 0
2018 0
2018 0
2018 0
2018 0
2018 0
2018 0
2018 0
2018 0
2018 0
2018 0
2018 0
2018 0
2018 0
2018 0
2018 0
2018 0
2018 0
2018 0
2018 0
2018 0
2018 0
2018 0
2018 0
2018 0
2018 0
2018 0
2018 0
2018 0
2018 0
2018 0
2018 0
2018 0
2018 0
2018 0
2018 0
2018 0
2018 0
2018 0
2018 0
2018 0
2018 0
2018 0
2018 0
2018 0
2018 0
2018 0
2018 0
2018 0
2018 0
2018 0
2018 0
2018 0
2018 0
2018 0
2018 0
2018 0
2018 0
2018 0
2018 0
2018 0
2018 0
2018 0
2018 0
2018 0
2018 0
2018 0
2018 0
2018 0
2018 0
2018 0
2018 0
2018 0
2018 0
2018 0
2018 0
2018 0
2018 0
2018 0
2018 0
2018 0
2018 0
2018 0
2018 0
2018 0
2018 0
2018 0
2018 0
2018 0
2018 0
2018 0
2018 0
2018 0
2018 0
2018 0
2018 0
2018 0
2018 0
2018 0
2018 0
2018 0
2018 0
2018 0
2018 0
2018 0
2018 0
2018 0
2018 0
2018 0
2018 0
2018 0
2018 0
2018 0
2018 0
2018 0
2018 0
2018 0
2018 0
2018 0
2018 0
2018 0
2018 0
2018 0
2018 0
2018 0
2018 0
2018 0
2018 0
2018 0
2018 0
2019 0
2019 0
2019 0
2019 0
2019 0
2019 0
2019 0
2019 0
2019 0
2019 0
2019 0
2019 0
2019 0
2019 0
2019 0
2019 0
2019 0
2019 0
2019 0
2019 0
2019 0
2019 0
2019 0
2019 0
2019 0
2019 0
2019 0
2019 0
2019 0
2019 0
2019 0
2019 0
2019 0
2019 0
2019 0
2019 0
2019 0
2019 0
2019 0
2019 0
2019 0
2019 0
2019 0
2019 0
2019 0
2019 0
2019 0
2019 0
2019 0
2019 0
2019 0
2019 0
2019 0
2019 0
2019 0
2019 0
2019 0
2019 0
2019 0
2019 0
2019 0
2019 0
2019 0
2019 0
2019 0
2019 0
2019 0
2019 0
2019 0
2019 0
2019 0
2019 0
2019 0
2019 0
2019 0
2019 0
2019 0
2019 0
2019 0
2019 0
2019 5
2019 5
2019 4
2019 0
2019 0
2019 0
2019 0
2019 0
2019 0
2019 0
2019 0
2019 0
2019 0
2019 1
2019 0
2019 0
2019 6
2019 3
2019 3
2019 3
2019 11
2019 12
2019 11
2019 11
2019 11
2019 10
2019 10
2019 10
2019 10
2019 10
2019 11
2019 10
2019 10
2019 10
2019 7
2019 6
2019 6
2019 6
2019 6
2019 6
2019 6
2019 6
2019 6
2019 6
2019 7
2019 6
2019 6
2019 6
2019 6
2019 6
2019 6
2019 6
2019 6
2019 6
2019 6
2019 15
2019 18
2019 16
2019 15
2019 19
2019 18
2019 17
2019 17
2019 17
2019 19
2019 18
2019 18
2019 18
2019 17
2019 26
2019 24
2019 24
2019 24
2019 24
2019 36
2019 56
2019 55
2019 55
2019 54
2019 52
2019 50
2019 47
2019 46
2019 51
2019 49
2019 48
2019 48
2019 47
2019 46
2019 46
2019 46
2019 46
2019 43
2019 43
2019 41
2019 37
2019 36
2019 36
2019 35
2019 34
2019 32
2019 30
2019 29
2019 27
2019 25
2019 25
2019 24
2019 23
2019 18
2019 16
2019 12
2019 9
2019 6
2019 5
2019 4
2019 11
2019 3
2019 0
2019 20
2019 18
2019 10
2019 6
2019 0
2019 0
2019 0
2019 0
2019 0
2019 0
2019 0
2019 0
2019 0
2019 0
2019 0
2019 0
2019 0
2019 0
2019 1
2019 0
2019 0
2019 0
2019 0
2019 0
2019 0
2019 0
2019 0
2019 0
2019 0
2019 0
2019 0
2019 0
2019 0
2019 0
2019 0
2019 0
2019 0
2019 0
2019 0
2019 0
2019 0
2019 15
2019 35
2019 13
2019 3
2019 NA
2019 0
2019 0
2019 9
2019 6
2019 0
2019 NA
2019 NA
2019 NA
2019 0
2019 0
2019 0
2019 NA
2019 0
2019 0
2019 0
2019 0
2019 0
2019 NA
2019 0
2019 0
2019 0
2019 NA
2019 0
2019 0
2019 0
2019 NA
2019 0
2019 0
2019 0
2019 0
2019 0
2019 0
2019 0
2019 NA
2019 0
2019 0
2019 0
2019 0
2019 0
2019 NA
2019 NA
2019 NA
2019 0
2019 0
2019 0
2019 NA
2019 0
2019 NA
2019 0
2019 0
2019 0
2019 0
2019 0
2019 0
2019 NA
2019 0
2019 NA
2019 NA
2019 0
2019 0
2019 0
2019 0
2019 0
2019 0
2019 NA
2019 NA
2019 NA
2019 NA
2019 NA
2019 NA
2019 NA
2019 NA
2019 NA
2019 NA
2019 NA
2019 NA
2019 NA
2019 NA
2019 NA
2019 NA
2019 NA
2019 NA
2019 NA
2019 NA
2019 NA
2019 NA
2019 NA
2019 NA
2019 NA
2019 NA
2019 NA
2019 NA
2019 NA
2019 NA
2019 NA
2019 NA
2019 NA
2019 NA
2019 NA
2019 NA
2019 NA
2019 NA
2019 NA
2019 NA
2019 NA
2019 NA
2019 NA
2019 NA
2019 NA
2019 NA
2019 NA
2019 NA
2019 NA
2019 NA
2019 NA
2019 NA
2019 NA
2019 NA
2019 NA
2019 NA
2019 NA
