1993 NA
1993 NA
1993 NA
1993 NA
1993 NA
1993 NA
1993 NA
1993 NA
1993 NA
1993 NA
1993 NA
1993 NA
1993 NA
1993 NA
1993 NA
1993 NA
1993 NA
1993 NA
1993 NA
1993 NA
1993 NA
1993 NA
1993 NA
1993 NA
1993 NA
1993 NA
1993 NA
1993 NA
1993 NA
1993 NA
1993 0
1993 0
1993 0
1993 0
1993 0
1993 0
1993 0
1993 0
1993 0
1993 0
1993 0
1993 0
1993 0
1993 0
1993 0
1993 0
1993 0
1993 0
1993 0
1993 27
1993 11
1993 5
1993 2
1993 5
1993 15
1993 5
1993 0
1993 0
1993 0
1993 0
1993 3
1993 0
1993 0
1993 0
1993 0
1993 0
1993 0
1993 0
1993 0
1993 0
1993 0
1993 0
1993 0
1993 0
1993 20
1993 15
1993 19
1993 15
1993 12
1993 18
1993 10
1993 5
1993 1
1993 0
1993 0
1993 0
1993 0
1993 0
1993 0
1993 0
1993 0
1993 0
1993 0
1993 0
1993 0
1993 40
1993 32
1993 35
1993 50
1993 50
1993 45
1993 40
1993 30
1993 20
1993 15
1993 10
1993 5
1993 5
1993 5
1993 5
1993 0
1993 0
1993 0
1993 0
1993 0
1993 0
1993 0
1993 0
1993 0
1993 0
1993 0
1993 0
1993 5
1993 5
1993 5
1993 5
1993 5
1993 5
1993 5
1993 5
1993 5
1993 5
1993 5
1993 5
1993 5
1993 4
1993 4
1993 4
1993 4
1993 4
1993 4
1993 4
1993 2
1993 2
1993 2
1993 0
1993 0
1993 0
1993 0
1993 0
1993 0
1993 0
1993 0
1993 0
1993 0
1993 0
1993 0
1993 0
1993 0
1993 0
1993 0
1993 0
1993 0
1993 0
1993 0
1993 0
1993 0
1993 0
1993 0
1993 0
1993 0
1993 0
1993 0
1993 1
1993 2
1993 2
1993 0
1993 0
1993 0
1993 0
1993 5
1993 13
1993 30
1993 80
1993 75
1993 60
1993 35
1993 20
1993 10
1993 7
1993 7
1993 5
1993 5
1993 0
1993 0
1993 0
1993 0
1993 0
1993 0
1993 0
1993 0
1993 0
1993 0
1993 0
1993 0
1993 0
1993 0
1993 0
1993 0
1993 0
1993 0
1993 0
1993 0
1993 15
1993 20
1993 10
1993 10
1993 25
1993 5
1993 0
1993 0
1993 0
1993 0
1993 0
1993 0
1993 0
1993 0
1993 0
1993 0
1993 0
1993 0
1993 0
1993 0
1993 0
1993 0
1993 0
1993 0
1993 0
1993 0
1993 0
1993 0
1993 0
1993 0
1993 0
1993 0
1993 0
1993 0
1993 0
1993 0
1993 0
1993 0
1993 0
1993 0
1993 0
1993 0
1993 0
1993 0
1993 0
1993 0
1993 0
1993 0
1993 0
1993 0
1993 0
1993 0
1993 0
1993 0
1993 0
1993 0
1993 0
1993 0
1993 0
1993 0
1993 NA
1993 NA
1993 NA
1993 NA
1993 NA
1993 NA
1993 NA
1993 NA
1993 NA
1993 NA
1993 NA
1993 NA
1993 NA
1993 NA
1993 NA
1993 NA
1993 NA
1993 NA
1993 NA
1993 NA
1993 NA
1993 NA
1993 NA
1993 NA
1993 NA
1993 NA
1993 NA
1993 NA
1993 NA
1993 NA
1993 NA
1993 NA
1993 NA
1993 NA
1993 NA
1993 NA
1993 NA
1993 NA
1993 NA
1993 NA
1993 NA
1993 NA
1993 NA
1993 NA
1993 NA
1993 NA
1993 NA
1993 NA
1993 NA
1993 NA
1993 NA
1993 NA
1993 NA
1993 NA
1993 NA
1993 NA
1993 NA
1993 NA
1993 NA
1993 NA
1993 NA
1993 NA
1993 NA
1993 NA
1993 NA
1993 NA
1993 NA
1993 NA
1993 NA
1993 NA
1993 NA
1993 NA
1993 NA
1993 NA
1993 NA
1993 NA
1993 NA
1993 NA
1993 NA
1993 NA
1993 NA
1993 NA
1993 NA
1993 NA
1993 NA
1993 NA
1993 NA
1993 NA
1993 NA
1993 NA
1993 NA
1993 NA
1994 0
1994 0
1994 0
1994 0
1994 0
1994 0
1994 0
1994 0
1994 0
1994 0
1994 0
1994 0
1994 0
1994 0
1994 0
1994 0
1994 0
1994 0
1994 0
1994 0
1994 0
1994 0
1994 0
1994 0
1994 0
1994 0
1994 0
1994 0
1994 0
1994 0
1994 0
1994 0
1994 0
1994 0
1994 0
1994 0
1994 0
1994 0
1994 0
1994 0
1994 0
1994 0
1994 0
1994 0
1994 0
1994 0
1994 0
1994 0
1994 0
1994 0
1994 0
1994 0
1994 20
1994 15
1994 10
1994 5
1994 0
1994 0
1994 0
1994 0
1994 0
1994 0
1994 0
1994 0
1994 0
1994 0
1994 0
1994 0
1994 0
1994 0
1994 0
1994 0
1994 0
1994 0
1994 0
1994 0
1994 0
1994 0
1994 0
1994 0
1994 0
1994 0
1994 0
1994 0
1994 NA
1994 NA
1994 NA
1994 NA
1994 NA
1994 NA
1994 NA
1994 NA
1994 NA
1994 NA
1994 NA
1994 NA
1994 NA
1994 NA
1994 NA
1994 NA
1994 NA
1994 NA
1994 NA
1994 NA
1994 NA
1994 NA
1994 NA
1994 NA
1994 NA
1994 NA
1994 NA
1994 NA
1994 NA
1994 NA
1994 NA
1994 NA
1994 NA
1994 NA
1994 NA
1994 NA
1994 NA
1994 NA
1994 40
1994 40
1994 80
1994 70
1994 75
1994 95
1994 180
1994 180
1994 160
1994 130
1994 110
1994 110
1994 90
1994 80
1994 70
1994 70
1994 70
1994 70
1994 70
1994 68
1994 67
1994 65
1994 60
1994 55
1994 40
1994 35
1994 35
1994 38
1994 30
1994 27
1994 25
1994 23
1994 23
1994 20
1994 27
1994 50
1994 60
1994 60
1994 55
1994 55
1994 53
1994 53
1994 53
1994 50
1994 50
1994 50
1994 50
1994 50
1994 48
1994 45
1994 40
1994 40
1994 37
1994 35
1994 55
1994 60
1994 55
1994 50
1994 80
1994 65
1994 63
1994 58
1994 55
1994 53
1994 50
1994 50
1994 45
1994 40
1994 35
1994 30
1994 25
1994 20
1994 20
1994 18
1994 15
1994 15
1994 15
1994 10
1994 0
1994 0
1994 0
1994 0
1994 0
1994 0
1994 0
1994 0
1994 0
1994 0
1994 0
1994 0
1994 0
1994 2
1994 0
1994 3
1994 5
1994 0
1994 0
1994 20
1994 22
1994 15
1994 10
1994 5
1994 0
1994 0
1994 0
1994 0
1994 0
1994 0
1994 0
1994 0
1994 0
1994 0
1994 0
1994 0
1994 0
1994 0
1994 0
1994 0
1994 0
1994 0
1994 0
1994 0
1994 0
1994 0
1994 0
1994 0
1994 0
1994 0
1994 0
1994 0
1994 0
1994 0
1994 0
1994 0
1994 0
1994 0
1994 0
1994 0
1994 0
1994 0
1994 0
1994 0
1994 0
1994 0
1994 0
1994 0
1994 0
1994 0
1994 0
1994 0
1994 0
1994 0
1994 0
1994 0
1994 0
1994 0
1994 0
1994 0
1994 0
1994 0
1994 0
1994 0
1994 0
1994 0
1994 0
1994 0
1994 0
1994 0
1994 0
1994 0
1994 0
1994 0
1994 0
1994 0
1994 0
1994 0
1994 0
1994 0
1994 0
1994 0
1994 0
1994 NA
1994 NA
1994 NA
1994 NA
1994 NA
1994 NA
1994 NA
1994 NA
1994 NA
1994 NA
1994 NA
1994 NA
1994 NA
1994 NA
1994 NA
1994 NA
1994 NA
1994 NA
1994 NA
1994 NA
1994 NA
1994 NA
1994 NA
1994 NA
1994 NA
1994 NA
1994 NA
1994 NA
1994 NA
1994 NA
1994 NA
1994 NA
1994 NA
1994 NA
1994 NA
1994 NA
1994 NA
1994 NA
1994 NA
1994 NA
1994 NA
1994 NA
1994 NA
1994 NA
1994 NA
1994 NA
1994 NA
1994 NA
1994 NA
1994 NA
1994 NA
1994 NA
1994 NA
1994 NA
1994 NA
1994 NA
1994 NA
1994 NA
1994 NA
1994 NA
1994 NA
1994 NA
1995 0
1995 0
1995 0
1995 0
1995 0
1995 0
1995 0
1995 0
1995 0
1995 0
1995 0
1995 0
1995 0
1995 0
1995 0
1995 0
1995 3
1995 0
1995 0
1995 0
1995 0
1995 0
1995 0
1995 0
1995 0
1995 0
1995 0
1995 0
1995 0
1995 0
1995 0
1995 0
1995 0
1995 0
1995 0
1995 0
1995 0
1995 0
1995 0
1995 0
1995 0
1995 0
1995 0
1995 0
1995 0
1995 0
1995 0
1995 0
1995 0
1995 0
1995 0
1995 0
1995 1
1995 0
1995 0
1995 0
1995 0
1995 1
1995 5
1995 0
1995 0
1995 0
1995 0
1995 0
1995 0
1995 0
1995 0
1995 0
1995 0
1995 0
1995 0
1995 0
1995 0
1995 0
1995 0
1995 0
1995 0
1995 0
1995 0
1995 0
1995 0
1995 0
1995 0
1995 0
1995 0
1995 0
1995 0
1995 0
1995 0
1995 0
1995 0
1995 0
1995 0
1995 0
1995 0
1995 0
1995 0
1995 0
1995 0
1995 0
1995 10
1995 8
1995 8
1995 7
1995 6
1995 6
1995 5
1995 4
1995 4
1995 3
1995 3
1995 1
1995 0
1995 0
1995 0
1995 0
1995 0
1995 0
1995 0
1995 0
1995 0
1995 0
1995 0
1995 0
1995 0
1995 0
1995 0
1995 0
1995 0
1995 0
1995 0
1995 0
1995 30
1995 40
1995 35
1995 30
1995 25
1995 22
1995 20
1995 18
1995 55
1995 46
1995 39
1995 55
1995 59
1995 54
1995 72
1995 60
1995 58
1995 58
1995 71
1995 78
1995 71
1995 66
1995 59
1995 58
1995 57
1995 52
1995 46
1995 44
1995 42
1995 52
1995 45
1995 51
1995 47
1995 45
1995 60
1995 52
1995 50
1995 49
1995 50
1995 48
1995 46
1995 44
1995 43
1995 49
1995 68
1995 100
1995 110
1995 95
1995 90
1995 85
1995 80
1995 75
1995 78
1995 74
1995 92
1995 85
1995 80
1995 80
1995 79
1995 78
1995 76
1995 73
1995 73
1995 73
1995 75
1995 74
1995 73
1995 71
1995 69
1995 67
1995 66
1995 62
1995 61
1995 59
1995 54
1995 53
1995 53
1995 73
1995 67
1995 62
1995 59
1995 48
1995 47
1995 43
1995 36
1995 28
1995 19
1995 10
1995 7
1995 5
1995 3
1995 0
1995 0
1995 0
1995 0
1995 0
1995 0
1995 0
1995 0
1995 3
1995 0
1995 0
1995 0
1995 0
1995 0
1995 0
1995 0
1995 0
1995 0
1995 0
1995 0
1995 0
1995 0
1995 0
1995 0
1995 0
1995 0
1995 0
1995 0
1995 0
1995 0
1995 0
1995 0
1995 0
1995 0
1995 0
1995 0
1995 0
1995 0
1995 0
1995 0
1995 0
1995 0
1995 0
1995 0
1995 0
1995 0
1995 0
1995 0
1995 0
1995 0
1995 NA
1995 NA
1995 NA
1995 NA
1995 NA
1995 NA
1995 NA
1995 NA
1995 NA
1995 NA
1995 NA
1995 NA
1995 NA
1995 NA
1995 NA
1995 NA
1995 NA
1995 NA
1995 NA
1995 NA
1995 NA
1995 NA
1995 NA
1995 NA
1995 NA
1995 NA
1995 NA
1995 NA
1995 NA
1995 NA
1995 NA
1995 NA
1995 NA
1995 NA
1995 NA
1995 NA
1995 NA
1995 NA
1995 NA
1995 NA
1995 NA
1995 NA
1995 NA
1995 NA
1995 NA
1995 NA
1995 NA
1995 NA
1995 NA
1995 NA
1995 NA
1995 NA
1995 NA
1995 NA
1995 NA
1995 NA
1995 NA
1995 NA
1995 NA
1995 NA
1995 NA
1995 NA
1995 NA
1995 NA
1995 NA
1995 NA
1995 NA
1995 NA
1995 NA
1995 NA
1995 NA
1995 NA
1995 NA
1995 NA
1995 NA
1995 NA
1995 NA
1995 NA
1995 NA
1995 NA
1995 NA
1995 NA
1995 NA
1995 NA
1995 NA
1995 NA
1995 NA
1995 NA
1995 NA
1995 NA
1995 NA
1995 NA
1996 NA
1996 NA
1996 NA
1996 NA
1996 NA
1996 NA
1996 NA
1996 NA
1996 NA
1996 NA
1996 NA
1996 NA
1996 NA
1996 NA
1996 NA
1996 NA
1996 NA
1996 NA
1996 NA
1996 NA
1996 NA
1996 NA
1996 NA
1996 NA
1996 NA
1996 NA
1996 NA
1996 NA
1996 NA
1996 NA
1996 0
1996 0
1996 0
1996 0
1996 0
1996 0
1996 0
1996 0
1996 0
1996 0
1996 0
1996 0
1996 0
1996 0
1996 0
1996 0
1996 0
1996 0
1996 0
1996 0
1996 0
1996 0
1996 0
1996 0
1996 0
1996 0
1996 0
1996 0
1996 0
1996 0
1996 0
1996 0
1996 0
1996 0
1996 0
1996 0
1996 0
1996 0
1996 0
1996 0
1996 0
1996 0
1996 0
1996 0
1996 0
1996 0
1996 0
1996 0
1996 0
1996 0
1996 0
1996 0
1996 0
1996 0
1996 0
1996 0
1996 0
1996 3
1996 0
1996 0
1996 0
1996 0
1996 0
1996 0
1996 0
1996 0
1996 0
1996 1
1996 10
1996 6
1996 4
1996 2
1996 2
1996 5
1996 7
1996 15
1996 10
1996 10
1996 5
1996 1
1996 0
1996 0
1996 0
1996 0
1996 0
1996 20
1996 15
1996 10
1996 5
1996 15
1996 25
1996 32
1996 35
1996 32
1996 27
1996 24
1996 20
1996 30
1996 40
1996 50
1996 46
1996 41
1996 47
1996 61
1996 49
1996 40
1996 39
1996 38
1996 38
1996 37
1996 37
1996 37
1996 37
1996 37
1996 40
1996 49
1996 48
1996 52
1996 48
1996 48
1996 47
1996 46
1996 46
1996 45
1996 47
1996 53
1996 47
1996 46
1996 46
1996 46
1996 49
1996 45
1996 45
1996 45
1996 44
1996 69
1996 63
1996 59
1996 57
1996 51
1996 51
1996 62
1996 59
1996 75
1996 74
1996 67
1996 63
1996 63
1996 62
1996 60
1996 60
1996 60
1996 55
1996 54
1996 53
1996 53
1996 53
1996 53
1996 53
1996 53
1996 53
1996 52
1996 52
1996 49
1996 46
1996 44
1996 44
1996 44
1996 42
1996 42
1996 40
1996 39
1996 30
1996 27
1996 24
1996 20
1996 9
1996 5
1996 2
1996 0
1996 0
1996 0
1996 0
1996 0
1996 0
1996 0
1996 0
1996 0
1996 0
1996 0
1996 0
1996 0
1996 0
1996 0
1996 0
1996 0
1996 0
1996 0
1996 0
1996 0
1996 0
1996 0
1996 0
1996 0
1996 0
1996 0
1996 0
1996 0
1996 0
1996 0
1996 0
1996 0
1996 0
1996 0
1996 0
1996 0
1996 0
1996 0
1996 0
1996 0
1996 0
1996 0
1996 0
1996 0
1996 0
1996 0
1996 0
1996 0
1996 0
1996 0
1996 0
1996 0
1996 0
1996 0
1996 0
1996 0
1996 0
1996 0
1996 0
1996 0
1996 0
1996 0
1996 0
1996 0
1996 NA
1996 NA
1996 NA
1996 NA
1996 NA
1996 NA
1996 NA
1996 NA
1996 NA
1996 NA
1996 NA
1996 NA
1996 NA
1996 NA
1996 NA
1996 NA
1996 NA
1996 NA
1996 NA
1996 NA
1996 NA
1996 NA
1996 NA
1996 NA
1996 NA
1996 NA
1996 NA
1996 NA
1996 NA
1996 NA
1996 NA
1996 NA
1996 NA
1996 NA
1996 NA
1996 NA
1996 NA
1996 NA
1996 NA
1996 NA
1996 NA
1996 NA
1996 NA
1996 NA
1996 NA
1996 NA
1996 NA
1996 NA
1996 NA
1996 NA
1996 NA
1996 NA
1996 NA
1996 NA
1996 NA
1996 NA
1996 NA
1996 NA
1996 NA
1996 NA
1996 NA
1996 NA
1996 NA
1996 NA
1996 NA
1996 NA
1996 NA
1996 NA
1996 NA
1996 NA
1996 NA
1996 NA
1996 NA
1996 NA
1996 NA
1996 NA
1996 NA
1996 NA
1996 NA
1996 NA
1996 NA
1996 NA
1996 NA
1996 NA
1996 NA
1996 NA
1996 NA
1996 NA
1996 NA
1996 NA
1996 NA
1996 NA
1997 NA
1997 NA
1997 NA
1997 NA
1997 NA
1997 NA
1997 NA
1997 NA
1997 NA
1997 NA
1997 NA
1997 NA
1997 NA
1997 NA
1997 NA
1997 NA
1997 NA
1997 NA
1997 NA
1997 NA
1997 NA
1997 NA
1997 NA
1997 NA
1997 NA
1997 NA
1997 NA
1997 NA
1997 NA
1997 NA
1997 NA
1997 NA
1997 NA
1997 NA
1997 NA
1997 NA
1997 NA
1997 NA
1997 NA
1997 NA
1997 NA
1997 NA
1997 NA
1997 NA
1997 NA
1997 NA
1997 NA
1997 NA
1997 NA
1997 NA
1997 NA
1997 NA
1997 NA
1997 NA
1997 NA
1997 NA
1997 NA
1997 NA
1997 NA
1997 NA
1997 NA
1997 0
1997 0
1997 0
1997 0
1997 0
1997 0
1997 0
1997 0
1997 0
1997 0
1997 2
1997 5
1997 0
1997 0
1997 0
1997 0
1997 0
1997 8
1997 30
1997 51
1997 46
1997 47
1997 43
1997 39
1997 40
1997 53
1997 48
1997 49
1997 38
1997 92
1997 67
1997 67
1997 62
1997 61
1997 58
1997 57
1997 55
1997 55
1997 57
1997 70
1997 75
1997 70
1997 70
1997 74
1997 71
1997 71
1997 71
1997 71
1997 71
1997 85
1997 85
1997 90
1997 93
1997 91
1997 89
1997 88
1997 88
1997 87
1997 87
1997 87
1997 88
1997 108
1997 104
1997 123
1997 130
1997 125
1997 125
1997 118
1997 115
1997 111
1997 110
1997 108
1997 107
1997 105
1997 105
1997 103
1997 102
1997 102
1997 102
1997 105
1997 125
1997 125
1997 112
1997 106
1997 104
1997 102
1997 102
1997 100
1997 100
1997 100
1997 100
1997 100
1997 98
1997 97
1997 97
1997 95
1997 95
1997 95
1997 90
1997 85
1997 80
1997 75
1997 70
1997 65
1997 65
1997 75
1997 105
1997 103
1997 100
1997 100
1997 95
1997 90
1997 90
1997 84
1997 84
1997 87
1997 95
1997 99
1997 102
1997 100
1997 NA
1997 NA
1997 NA
1997 NA
1997 NA
1997 NA
1997 NA
1997 NA
1997 NA
1997 NA
1997 NA
1997 NA
1997 NA
1997 NA
1997 NA
1997 NA
1997 NA
1997 NA
1997 NA
1997 NA
1997 NA
1997 NA
1997 NA
1997 NA
1997 NA
1997 NA
1997 NA
1997 NA
1997 NA
1997 NA
1997 NA
1997 0
1997 0
1997 0
1997 0
1997 0
1997 0
1997 0
1997 0
1997 0
1997 0
1997 0
1997 0
1997 0
1997 0
1997 0
1997 0
1997 0
1997 0
1997 0
1997 3
1997 0
1997 0
1997 0
1997 0
1997 0
1997 0
1997 0
1997 0
1997 0
1997 0
1997 0
1997 0
1997 0
1997 0
1997 0
1997 0
1997 0
1997 0
1997 0
1997 0
1997 0
1997 0
1997 0
1997 0
1997 0
1997 0
1997 0
1997 0
1997 0
1997 0
1997 0
1997 0
1997 0
1997 0
1997 0
1997 0
1997 0
1997 0
1997 0
1997 0
1997 0
1997 NA
1997 NA
1997 NA
1997 NA
1997 NA
1997 NA
1997 NA
1997 NA
1997 NA
1997 NA
1997 NA
1997 NA
1997 NA
1997 NA
1997 NA
1997 NA
1997 NA
1997 NA
1997 NA
1997 NA
1997 NA
1997 NA
1997 NA
1997 NA
1997 NA
1997 NA
1997 NA
1997 NA
1997 NA
1997 NA
1997 NA
1997 NA
1997 NA
1997 NA
1997 NA
1997 NA
1997 NA
1997 NA
1997 NA
1997 NA
1997 NA
1997 NA
1997 NA
1997 NA
1997 NA
1997 NA
1997 NA
1997 NA
1997 NA
1997 NA
1997 NA
1997 NA
1997 NA
1997 NA
1997 NA
1997 NA
1997 NA
1997 NA
1997 NA
1997 NA
1997 NA
1997 NA
1997 NA
1997 NA
1997 NA
1997 NA
1997 NA
1997 NA
1997 NA
1997 NA
1997 NA
1997 NA
1997 NA
1997 NA
1997 NA
1997 NA
1997 NA
1997 NA
1997 NA
1997 NA
1997 NA
1997 NA
1997 NA
1997 NA
1997 NA
1997 NA
1997 NA
1997 NA
1997 NA
1997 NA
1997 NA
1997 NA
1998 NA
1998 NA
1998 NA
1998 NA
1998 NA
1998 NA
1998 NA
1998 NA
1998 NA
1998 NA
1998 NA
1998 NA
1998 NA
1998 NA
1998 NA
1998 NA
1998 NA
1998 NA
1998 NA
1998 NA
1998 NA
1998 NA
1998 NA
1998 NA
1998 NA
1998 NA
1998 NA
1998 NA
1998 NA
1998 NA
1998 0
1998 0
1998 0
1998 0
1998 0
1998 0
1998 0
1998 0
1998 0
1998 0
1998 0
1998 0
1998 0
1998 0
1998 0
1998 0
1998 0
1998 0
1998 0
1998 0
1998 0
1998 0
1998 0
1998 0
1998 0
1998 0
1998 0
1998 0
1998 0
1998 0
1998 0
1998 0
1998 0
1998 0
1998 0
1998 0
1998 0
1998 0
1998 0
1998 4
1998 3
1998 4
1998 17
1998 11
1998 7
1998 5
1998 5
1998 2
1998 2
1998 2
1998 2
1998 2
1998 2
1998 2
1998 2
1998 2
1998 2
1998 2
1998 2
1998 2
1998 2
1998 0
1998 2
1998 12
1998 6
1998 5
1998 5
1998 3
1998 1
1998 0
1998 0
1998 0
1998 0
1998 0
1998 0
1998 0
1998 3
1998 24
1998 28
1998 46
1998 41
1998 50
1998 45
1998 40
1998 37
1998 30
1998 24
1998 19
1998 21
1998 20
1998 18
1998 18
1998 18
1998 24
1998 39
1998 48
1998 52
1998 61
1998 60
1998 59
1998 58
1998 58
1998 57
1998 56
1998 55
1998 65
1998 68
1998 62
1998 69
1998 62
1998 100
1998 105
1998 96
1998 92
1998 90
1998 90
1998 87
1998 80
1998 78
1998 78
1998 76
1998 76
1998 76
1998 76
1998 76
1998 76
1998 76
1998 75
1998 74
1998 74
1998 73
1998 73
1998 70
1998 66
1998 65
1998 64
1998 62
1998 62
1998 58
1998 52
1998 50
1998 50
1998 48
1998 47
1998 50
1998 58
1998 55
1998 52
1998 50
1998 48
1998 45
1998 45
1998 45
1998 45
1998 45
1998 43
1998 40
1998 38
1998 36
1998 48
1998 45
1998 38
1998 39
1998 36
1998 33
1998 30
1998 25
1998 20
1998 15
1998 10
1998 8
1998 5
1998 2
1998 0
1998 1
1998 0
1998 0
1998 0
1998 0
1998 0
1998 0
1998 0
1998 0
1998 0
1998 0
1998 0
1998 0
1998 0
1998 8
1998 8
1998 0
1998 4
1998 14
1998 18
1998 5
1998 0
1998 10
1998 30
1998 15
1998 8
1998 0
1998 0
1998 0
1998 0
1998 0
1998 0
1998 0
1998 0
1998 0
1998 0
1998 0
1998 0
1998 0
1998 0
1998 0
1998 0
1998 0
1998 0
1998 0
1998 0
1998 0
1998 0
1998 0
1998 0
1998 0
1998 0
1998 0
1998 0
1998 0
1998 0
1998 0
1998 0
1998 0
1998 0
1998 0
1998 0
1998 0
1998 0
1998 0
1998 0
1998 0
1998 0
1998 0
1998 NA
1998 NA
1998 NA
1998 NA
1998 NA
1998 NA
1998 NA
1998 NA
1998 NA
1998 NA
1998 NA
1998 NA
1998 NA
1998 NA
1998 NA
1998 NA
1998 NA
1998 NA
1998 NA
1998 NA
1998 NA
1998 NA
1998 NA
1998 NA
1998 NA
1998 NA
1998 NA
1998 NA
1998 NA
1998 NA
1998 NA
1998 NA
1998 NA
1998 NA
1998 NA
1998 NA
1998 NA
1998 NA
1998 NA
1998 NA
1998 NA
1998 NA
1998 NA
1998 NA
1998 NA
1998 NA
1998 NA
1998 NA
1998 NA
1998 NA
1998 NA
1998 NA
1998 NA
1998 NA
1998 NA
1998 NA
1998 NA
1998 NA
1998 NA
1998 NA
1998 NA
1998 NA
1998 NA
1998 NA
1998 NA
1998 NA
1998 NA
1998 NA
1998 NA
1998 NA
1998 NA
1998 NA
1998 NA
1998 NA
1998 NA
1998 NA
1998 NA
1998 NA
1998 NA
1998 NA
1998 NA
1998 NA
1998 NA
1998 NA
1998 NA
1998 NA
1998 NA
1998 NA
1998 NA
1998 NA
1998 NA
1998 NA
1999 0
1999 0
1999 0
1999 0
1999 0
1999 0
1999 0
1999 0
1999 0
1999 0
1999 0
1999 0
1999 0
1999 0
1999 0
1999 0
1999 0
1999 0
1999 0
1999 0
1999 0
1999 0
1999 0
1999 0
1999 0
1999 0
1999 0
1999 0
1999 0
1999 0
1999 0
1999 0
1999 0
1999 0
1999 0
1999 0
1999 0
1999 0
1999 0
1999 0
1999 0
1999 0
1999 0
1999 0
1999 0
1999 0
1999 0
1999 0
1999 0
1999 0
1999 0
1999 0
1999 0
1999 0
1999 0
1999 0
1999 6
1999 0
1999 0
1999 0
1999 0
1999 0
1999 0
1999 1
1999 0
1999 0
1999 0
1999 0
1999 0
1999 0
1999 0
1999 1
1999 0
1999 1
1999 2
1999 1
1999 0
1999 0
1999 0
1999 0
1999 0
1999 0
1999 0
1999 0
1999 0
1999 0
1999 1
1999 0
1999 1
1999 0
1999 0
1999 1
1999 1
1999 1
1999 1
1999 0
1999 1
1999 0
1999 0
1999 0
1999 1
1999 2
1999 1
1999 0
1999 0
1999 0
1999 0
1999 0
1999 0
1999 0
1999 0
1999 1
1999 0
1999 0
1999 0
1999 0
1999 0
1999 0
1999 0
1999 0
1999 0
1999 0
1999 1
1999 1
1999 3
1999 2
1999 0
1999 0
1999 0
1999 0
1999 1
1999 5
1999 15
1999 15
1999 25
1999 25
1999 20
1999 15
1999 15
1999 20
1999 18
1999 15
1999 15
1999 15
1999 15
1999 10
1999 10
1999 10
1999 19
1999 25
1999 50
1999 40
1999 30
1999 30
1999 30
1999 25
1999 20
1999 15
1999 15
1999 15
1999 20
1999 50
1999 60
1999 50
1999 40
1999 30
1999 30
1999 29
1999 28
1999 28
1999 28
1999 25
1999 20
1999 15
1999 30
1999 40
1999 40
1999 35
1999 30
1999 25
1999 25
1999 20
1999 18
1999 18
1999 20
1999 28
1999 27
1999 26
1999 25
1999 25
1999 22
1999 20
1999 15
1999 10
1999 0
1999 0
1999 0
1999 0
1999 0
1999 0
1999 0
1999 0
1999 2
1999 0
1999 0
1999 0
1999 8
1999 NA
1999 NA
1999 0
1999 0
1999 0
1999 0
1999 0
1999 0
1999 0
1999 0
1999 0
1999 0
1999 0
1999 0
1999 0
1999 0
1999 0
1999 12
1999 10
1999 15
1999 30
1999 25
1999 25
1999 20
1999 20
1999 15
1999 5
1999 0
1999 0
1999 0
1999 0
1999 0
1999 0
1999 0
1999 0
1999 0
1999 0
1999 0
1999 0
1999 0
1999 0
1999 0
1999 0
1999 0
1999 0
1999 0
1999 0
1999 0
1999 0
1999 0
1999 0
1999 0
1999 0
1999 0
1999 0
1999 0
1999 0
1999 0
1999 0
1999 0
1999 0
1999 0
1999 0
1999 0
1999 0
1999 0
1999 0
1999 0
1999 0
1999 0
1999 0
1999 0
1999 0
1999 0
1999 0
1999 0
1999 0
1999 0
1999 0
1999 0
1999 0
1999 0
1999 0
1999 0
1999 0
1999 0
1999 0
1999 0
1999 0
1999 0
1999 0
1999 0
1999 0
1999 0
1999 0
1999 0
1999 NA
1999 NA
1999 NA
1999 NA
1999 NA
1999 NA
1999 NA
1999 NA
1999 NA
1999 NA
1999 NA
1999 NA
1999 NA
1999 NA
1999 NA
1999 NA
1999 NA
1999 NA
1999 NA
1999 NA
1999 NA
1999 NA
1999 NA
1999 NA
1999 NA
1999 NA
1999 NA
1999 NA
1999 NA
1999 NA
1999 NA
1999 NA
1999 NA
1999 NA
1999 NA
1999 NA
1999 NA
1999 NA
1999 NA
1999 NA
1999 NA
1999 NA
1999 NA
1999 NA
1999 NA
1999 NA
1999 NA
1999 NA
1999 NA
1999 NA
1999 NA
1999 NA
1999 NA
1999 NA
1999 NA
1999 NA
1999 NA
1999 NA
1999 NA
1999 NA
1999 NA
1999 NA
2000 0
2000 0
2000 0
2000 0
2000 0
2000 0
2000 0
2000 0
2000 0
2000 0
2000 0
2000 0
2000 0
2000 0
2000 0
2000 0
2000 0
2000 0
2000 0
2000 0
2000 0
2000 0
2000 0
2000 0
2000 0
2000 0
2000 0
2000 0
2000 0
2000 0
2000 NA
2000 NA
2000 NA
2000 NA
2000 NA
2000 NA
2000 NA
2000 NA
2000 NA
2000 NA
2000 NA
2000 NA
2000 NA
2000 NA
2000 NA
2000 NA
2000 NA
2000 NA
2000 NA
2000 NA
2000 NA
2000 NA
2000 NA
2000 NA
2000 NA
2000 NA
2000 NA
2000 NA
2000 NA
2000 NA
2000 NA
2000 NA
2000 NA
2000 NA
2000 NA
2000 NA
2000 NA
2000 NA
2000 NA
2000 NA
2000 NA
2000 NA
2000 NA
2000 NA
2000 NA
2000 NA
2000 NA
2000 NA
2000 NA
2000 NA
2000 NA
2000 NA
2000 NA
2000 NA
2000 NA
2000 NA
2000 NA
2000 NA
2000 NA
2000 NA
2000 NA
2000 NA
2000 NA
2000 NA
2000 NA
2000 NA
2000 NA
2000 NA
2000 NA
2000 NA
2000 NA
2000 NA
2000 NA
2000 NA
2000 NA
2000 NA
2000 NA
2000 NA
2000 NA
2000 NA
2000 NA
2000 NA
2000 NA
2000 NA
2000 NA
2000 NA
2000 NA
2000 NA
2000 NA
2000 NA
2000 NA
2000 NA
2000 50
2000 50
2000 50
2000 50
2000 48
2000 48
2000 48
2000 48
2000 48
2000 48
2000 48
2000 47
2000 47
2000 47
2000 47
2000 46
2000 46
2000 46
2000 46
2000 40
2000 40
2000 39
2000 40
2000 40
2000 40
2000 40
2000 40
2000 40
2000 40
2000 40
2000 33
2000 30
2000 30
2000 27
2000 25
2000 24
2000 23
2000 22
2000 20
2000 20
2000 20
2000 19
2000 18
2000 17
2000 16
2000 15
2000 19
2000 21
2000 23
2000 41
2000 37
2000 34
2000 31
2000 27
2000 26
2000 22
2000 17
2000 13
2000 12
2000 10
2000 31
2000 45
2000 33
2000 27
2000 23
2000 20
2000 15
2000 13
2000 5
2000 0
2000 0
2000 0
2000 0
2000 0
2000 0
2000 0
2000 0
2000 0
2000 1
2000 1
2000 0
2000 0
2000 0
2000 1
2000 0
2000 0
2000 1
2000 0
2000 5
2000 2
2000 0
2000 7
2000 0
2000 7
2000 2
2000 0
2000 2
2000 0
2000 0
2000 0
2000 3
2000 0
2000 2
2000 1
2000 0
2000 0
2000 0
2000 15
2000 5
2000 0
2000 0
2000 0
2000 0
2000 0
2000 1
2000 0
2000 0
2000 0
2000 0
2000 0
2000 0
2000 0
2000 0
2000 0
2000 0
2000 0
2000 0
2000 0
2000 0
2000 0
2000 0
2000 0
2000 0
2000 0
2000 0
2000 0
2000 0
2000 0
2000 0
2000 0
2000 0
2000 0
2000 0
2000 0
2000 0
2000 0
2000 0
2000 0
2000 0
2000 0
2000 0
2000 0
2000 NA
2000 NA
2000 NA
2000 NA
2000 NA
2000 NA
2000 NA
2000 NA
2000 NA
2000 NA
2000 NA
2000 NA
2000 NA
2000 NA
2000 NA
2000 NA
2000 NA
2000 NA
2000 NA
2000 NA
2000 NA
2000 NA
2000 NA
2000 NA
2000 NA
2000 NA
2000 NA
2000 NA
2000 NA
2000 NA
2000 NA
2000 NA
2000 NA
2000 NA
2000 NA
2000 NA
2000 NA
2000 NA
2000 NA
2000 NA
2000 NA
2000 NA
2000 NA
2000 NA
2000 NA
2000 NA
2000 NA
2000 NA
2000 NA
2000 NA
2000 NA
2000 NA
2000 NA
2000 NA
2000 NA
2000 NA
2000 NA
2000 NA
2000 NA
2000 NA
2000 NA
2000 NA
2000 NA
2000 NA
2000 NA
2000 NA
2000 NA
2000 NA
2000 NA
2000 NA
2000 NA
2000 NA
2000 NA
2000 NA
2000 NA
2000 NA
2000 NA
2000 NA
2000 NA
2000 NA
2000 NA
2000 NA
2000 NA
2000 NA
2000 NA
2000 NA
2000 NA
2000 NA
2000 NA
2000 NA
2000 NA
2000 NA
2001 NA
2001 NA
2001 NA
2001 NA
2001 NA
2001 NA
2001 NA
2001 NA
2001 NA
2001 NA
2001 NA
2001 NA
2001 NA
2001 NA
2001 NA
2001 NA
2001 NA
2001 NA
2001 NA
2001 NA
2001 NA
2001 NA
2001 NA
2001 NA
2001 NA
2001 NA
2001 NA
2001 NA
2001 NA
2001 NA
2001 0
2001 0
2001 0
2001 0
2001 0
2001 0
2001 0
2001 0
2001 0
2001 0
2001 0
2001 0
2001 0
2001 0
2001 0
2001 2
2001 0
2001 0
2001 0
2001 0
2001 0
2001 0
2001 0
2001 0
2001 0
2001 0
2001 0
2001 0
2001 0
2001 0
2001 0
2001 0
2001 0
2001 3
2001 5
2001 3
2001 20
2001 50
2001 35
2001 30
2001 28
2001 25
2001 25
2001 25
2001 17
2001 17
2001 17
2001 26
2001 20
2001 20
2001 20
2001 20
2001 20
2001 30
2001 50
2001 50
2001 55
2001 58
2001 50
2001 41
2001 40
2001 33
2001 30
2001 29
2001 28
2001 28
2001 25
2001 25
2001 23
2001 23
2001 22
2001 22
2001 21
2001 21
2001 20
2001 20
2001 20
2001 20
2001 20
2001 20
2001 20
2001 20
2001 20
2001 20
2001 20
2001 40
2001 45
2001 48
2001 45
2001 41
2001 40
2001 39
2001 35
2001 39
2001 50
2001 46
2001 54
2001 50
2001 45
2001 40
2001 41
2001 42
2001 42
2001 42
2001 40
2001 40
2001 40
2001 40
2001 40
2001 40
2001 40
2001 40
2001 40
2001 40
2001 42
2001 40
2001 46
2001 50
2001 53
2001 50
2001 50
2001 50
2001 50
2001 50
2001 50
2001 50
2001 47
2001 44
2001 43
2001 41
2001 41
2001 52
2001 52
2001 50
2001 49
2001 45
2001 53
2001 50
2001 46
2001 44
2001 46
2001 44
2001 43
2001 43
2001 42
2001 38
2001 35
2001 35
2001 35
2001 35
2001 41
2001 41
2001 41
2001 95
2001 70
2001 52
2001 50
2001 50
2001 79
2001 82
2001 71
2001 65
2001 55
2001 53
2001 55
2001 50
2001 42
2001 52
2001 47
2001 42
2001 40
2001 36
2001 32
2001 28
2001 22
2001 0
2001 10
2001 6
2001 0
2001 1
2001 6
2001 0
2001 0
2001 0
2001 0
2001 0
2001 5
2001 8
2001 0
2001 0
2001 0
2001 0
2001 1
2001 1
2001 0
2001 0
2001 0
2001 2
2001 0
2001 0
2001 0
2001 0
2001 1
2001 0
2001 5
2001 0
2001 0
2001 0
2001 0
2001 0
2001 0
2001 0
2001 0
2001 0
2001 0
2001 0
2001 2
2001 0
2001 0
2001 0
2001 0
2001 0
2001 0
2001 0
2001 0
2001 0
2001 0
2001 0
2001 0
2001 0
2001 0
2001 0
2001 0
2001 0
2001 0
2001 0
2001 0
2001 0
2001 0
2001 0
2001 0
2001 0
2001 0
2001 NA
2001 NA
2001 NA
2001 NA
2001 NA
2001 NA
2001 NA
2001 NA
2001 NA
2001 NA
2001 NA
2001 NA
2001 NA
2001 NA
2001 NA
2001 NA
2001 NA
2001 NA
2001 NA
2001 NA
2001 NA
2001 NA
2001 NA
2001 NA
2001 NA
2001 NA
2001 NA
2001 NA
2001 NA
2001 NA
2001 NA
2001 NA
2001 NA
2001 NA
2001 NA
2001 NA
2001 NA
2001 NA
2001 NA
2001 NA
2001 NA
2001 NA
2001 NA
2001 NA
2001 NA
2001 NA
2001 NA
2001 NA
2001 NA
2001 NA
2001 NA
2001 NA
2001 NA
2001 NA
2001 NA
2001 NA
2001 NA
2001 NA
2001 NA
2001 NA
2001 NA
2001 NA
2001 NA
2001 NA
2001 NA
2001 NA
2001 NA
2001 NA
2001 NA
2001 NA
2001 NA
2001 NA
2001 NA
2001 NA
2001 NA
2001 NA
2001 NA
2001 NA
2001 NA
2001 NA
2001 NA
2001 NA
2001 NA
2001 NA
2001 NA
2001 NA
2001 NA
2001 NA
2001 NA
2001 NA
2001 NA
2001 NA
2002 0
2002 0
2002 0
2002 0
2002 0
2002 0
2002 0
2002 0
2002 0
2002 0
2002 0
2002 0
2002 0
2002 0
2002 0
2002 0
2002 0
2002 0
2002 0
2002 0
2002 0
2002 0
2002 0
2002 0
2002 0
2002 0
2002 0
2002 0
2002 0
2002 0
2002 0
2002 0
2002 0
2002 0
2002 0
2002 0
2002 0
2002 0
2002 0
2002 0
2002 0
2002 0
2002 0
2002 0
2002 0
2002 0
2002 0
2002 0
2002 0
2002 0
2002 0
2002 0
2002 0
2002 0
2002 0
2002 0
2002 0
2002 0
2002 0
2002 0
2002 0
2002 0
2002 0
2002 0
2002 0
2002 0
2002 0
2002 0
2002 0
2002 0
2002 0
2002 0
2002 0
2002 0
2002 2
2002 2
2002 1
2002 0
2002 0
2002 0
2002 0
2002 0
2002 0
2002 0
2002 0
2002 0
2002 0
2002 0
2002 0
2002 0
2002 0
2002 0
2002 0
2002 0
2002 0
2002 0
2002 0
2002 0
2002 0
2002 0
2002 0
2002 0
2002 0
2002 0
2002 6
2002 6
2002 6
2002 6
2002 6
2002 6
2002 6
2002 6
2002 6
2002 6
2002 6
2002 6
2002 6
2002 10
2002 10
2002 10
2002 25
2002 25
2002 23
2002 23
2002 23
2002 22
2002 20
2002 20
2002 20
2002 17
2002 15
2002 15
2002 15
2002 15
2002 15
2002 14
2002 14
2002 14
2002 14
2002 14
2002 14
2002 14
2002 14
2002 12
2002 12
2002 37
2002 33
2002 30
2002 25
2002 19
2002 12
2002 10
2002 6
2002 5
2002 3
2002 0
2002 0
2002 0
2002 25
2002 20
2002 20
2002 10
2002 7
2002 5
2002 0
2002 0
2002 1
2002 12
2002 15
2002 15
2002 15
2002 10
2002 10
2002 20
2002 20
2002 16
2002 13
2002 10
2002 10
2002 15
2002 15
2002 20
2002 34
2002 30
2002 25
2002 22
2002 30
2002 20
2002 12
2002 10
2002 9
2002 8
2002 6
2002 3
2002 0
2002 2
2002 1
2002 0
2002 0
2002 0
2002 0
2002 0
2002 0
2002 0
2002 0
2002 0
2002 0
2002 0
2002 0
2002 0
2002 0
2002 0
2002 0
2002 0
2002 0
2002 6
2002 8
2002 0
2002 0
2002 0
2002 0
2002 1
2002 3
2002 0
2002 0
2002 0
2002 0
2002 0
2002 0
2002 0
2002 0
2002 0
2002 0
2002 0
2002 0
2002 0
2002 0
2002 0
2002 0
2002 0
2002 0
2002 0
2002 0
2002 0
2002 0
2002 1
2002 0
2002 0
2002 0
2002 0
2002 0
2002 0
2002 0
2002 0
2002 0
2002 0
2002 0
2002 0
2002 0
2002 0
2002 0
2002 0
2002 0
2002 0
2002 0
2002 0
2002 0
2002 0
2002 0
2002 0
2002 0
2002 0
2002 0
2002 NA
2002 NA
2002 NA
2002 NA
2002 NA
2002 NA
2002 NA
2002 NA
2002 NA
2002 NA
2002 NA
2002 NA
2002 NA
2002 NA
2002 NA
2002 NA
2002 NA
2002 NA
2002 NA
2002 NA
2002 NA
2002 NA
2002 NA
2002 NA
2002 NA
2002 NA
2002 NA
2002 NA
2002 NA
2002 NA
2002 NA
2002 NA
2002 NA
2002 NA
2002 NA
2002 NA
2002 NA
2002 NA
2002 NA
2002 NA
2002 NA
2002 NA
2002 NA
2002 NA
2002 NA
2002 NA
2002 NA
2002 NA
2002 NA
2002 NA
2002 NA
2002 NA
2002 NA
2002 NA
2002 NA
2002 NA
2002 NA
2002 NA
2002 NA
2002 NA
2002 NA
2002 NA
2002 NA
2002 NA
2002 NA
2002 NA
2002 NA
2002 NA
2002 NA
2002 NA
2002 NA
2002 NA
2002 NA
2002 NA
2002 NA
2002 NA
2002 NA
2002 NA
2002 NA
2002 NA
2002 NA
2002 NA
2002 NA
2002 NA
2002 NA
2002 NA
2002 NA
2002 NA
2002 NA
2002 NA
2002 NA
2002 NA
2003 0
2003 0
2003 0
2003 0
2003 0
2003 0
2003 0
2003 0
2003 0
2003 0
2003 0
2003 0
2003 0
2003 0
2003 0
2003 0
2003 0
2003 0
2003 0
2003 0
2003 0
2003 0
2003 0
2003 0
2003 0
2003 0
2003 0
2003 0
2003 0
2003 0
2003 0
2003 0
2003 0
2003 0
2003 0
2003 0
2003 0
2003 0
2003 0
2003 0
2003 0
2003 0
2003 0
2003 0
2003 0
2003 0
2003 0
2003 1
2003 0
2003 0
2003 0
2003 0
2003 0
2003 0
2003 0
2003 0
2003 0
2003 0
2003 0
2003 0
2003 0
2003 0
2003 0
2003 0
2003 1
2003 0
2003 0
2003 0
2003 0
2003 0
2003 0
2003 0
2003 0
2003 4
2003 9
2003 10
2003 4
2003 3
2003 3
2003 3
2003 3
2003 2
2003 9
2003 9
2003 38
2003 21
2003 18
2003 12
2003 8
2003 9
2003 9
2003 8
2003 8
2003 8
2003 8
2003 8
2003 12
2003 10
2003 10
2003 10
2003 10
2003 14
2003 20
2003 23
2003 23
2003 21
2003 21
2003 20
2003 18
2003 17
2003 17
2003 17
2003 15
2003 15
2003 15
2003 15
2003 15
2003 17
2003 27
2003 24
2003 21
2003 20
2003 20
2003 35
2003 35
2003 40
2003 42
2003 38
2003 35
2003 35
2003 34
2003 33
2003 33
2003 33
2003 33
2003 33
2003 33
2003 33
2003 33
2003 33
2003 33
2003 33
2003 41
2003 55
2003 59
2003 55
2003 53
2003 52
2003 51
2003 46
2003 41
2003 41
2003 41
2003 39
2003 39
2003 41
2003 82
2003 84
2003 84
2003 83
2003 83
2003 78
2003 73
2003 70
2003 70
2003 70
2003 70
2003 70
2003 70
2003 67
2003 64
2003 61
2003 61
2003 61
2003 55
2003 53
2003 53
2003 53
2003 53
2003 53
2003 53
2003 61
2003 60
2003 69
2003 64
2003 61
2003 58
2003 55
2003 55
2003 53
2003 51
2003 47
2003 43
2003 40
2003 36
2003 33
2003 30
2003 30
2003 28
2003 26
2003 20
2003 12
2003 12
2003 8
2003 0
2003 0
2003 0
2003 0
2003 0
2003 0
2003 0
2003 0
2003 0
2003 0
2003 1
2003 0
2003 0
2003 0
2003 0
2003 0
2003 0
2003 8
2003 0
2003 2
2003 0
2003 0
2003 0
2003 0
2003 0
2003 0
2003 0
2003 0
2003 0
2003 0
2003 0
2003 0
2003 0
2003 0
2003 0
2003 0
2003 0
2003 0
2003 0
2003 0
2003 0
2003 0
2003 0
2003 0
2003 0
2003 0
2003 0
2003 0
2003 0
2003 0
2003 0
2003 0
2003 0
2003 0
2003 0
2003 0
2003 0
2003 0
2003 0
2003 0
2003 0
2003 0
2003 0
2003 0
2003 0
2003 0
2003 0
2003 0
2003 0
2003 NA
2003 NA
2003 NA
2003 NA
2003 NA
2003 NA
2003 NA
2003 NA
2003 NA
2003 NA
2003 NA
2003 NA
2003 NA
2003 NA
2003 NA
2003 NA
2003 NA
2003 NA
2003 NA
2003 NA
2003 NA
2003 NA
2003 NA
2003 NA
2003 NA
2003 NA
2003 NA
2003 NA
2003 NA
2003 NA
2003 NA
2003 NA
2003 NA
2003 NA
2003 NA
2003 NA
2003 NA
2003 NA
2003 NA
2003 NA
2003 NA
2003 NA
2003 NA
2003 NA
2003 NA
2003 NA
2003 NA
2003 NA
2003 NA
2003 NA
2003 NA
2003 NA
2003 NA
2003 NA
2003 NA
2003 NA
2003 NA
2003 NA
2003 NA
2003 NA
2003 NA
2003 NA
2003 NA
2003 NA
2003 NA
2003 NA
2003 NA
2003 NA
2003 NA
2003 NA
2003 NA
2003 NA
2003 NA
2003 NA
2003 NA
2003 NA
2003 NA
2003 NA
2003 NA
2003 NA
2003 NA
2003 NA
2003 NA
2003 NA
2003 NA
2003 NA
2003 NA
2003 NA
2003 NA
2003 NA
2003 NA
2003 NA
2004 NA
2004 NA
2004 NA
2004 NA
2004 NA
2004 NA
2004 NA
2004 NA
2004 NA
2004 NA
2004 NA
2004 NA
2004 NA
2004 NA
2004 NA
2004 NA
2004 NA
2004 NA
2004 NA
2004 NA
2004 NA
2004 NA
2004 NA
2004 NA
2004 NA
2004 NA
2004 NA
2004 NA
2004 NA
2004 NA
2004 0
2004 0
2004 0
2004 0
2004 0
2004 0
2004 0
2004 1
2004 0
2004 0
2004 0
2004 0
2004 0
2004 0
2004 0
2004 0
2004 0
2004 0
2004 0
2004 20
2004 15
2004 15
2004 15
2004 15
2004 0
2004 0
2004 0
2004 0
2004 0
2004 0
2004 5
2004 50
2004 54
2004 51
2004 43
2004 40
2004 37
2004 37
2004 37
2004 37
2004 37
2004 34
2004 31
2004 30
2004 27
2004 27
2004 27
2004 28
2004 25
2004 22
2004 20
2004 18
2004 16
2004 14
2004 11
2004 10
2004 10
2004 20
2004 32
2004 30
2004 25
2004 26
2004 26
2004 0
2004 0
2004 0
2004 0
2004 NA
2004 14
2004 14
2004 13
2004 9
2004 6
2004 6
2004 6
2004 5
2004 5
2004 5
2004 5
2004 5
2004 5
2004 18
2004 18
2004 18
2004 21
2004 20
2004 20
2004 20
2004 24
2004 43
2004 43
2004 42
2004 NA
2004 NA
2004 NA
2004 NA
2004 NA
2004 NA
2004 NA
2004 NA
2004 NA
2004 NA
2004 NA
2004 NA
2004 NA
2004 NA
2004 NA
2004 NA
2004 NA
2004 NA
2004 NA
2004 NA
2004 NA
2004 NA
2004 NA
2004 NA
2004 NA
2004 NA
2004 NA
2004 NA
2004 NA
2004 NA
2004 NA
2004 NA
2004 NA
2004 NA
2004 NA
2004 NA
2004 NA
2004 NA
2004 NA
2004 NA
2004 NA
2004 NA
2004 NA
2004 NA
2004 NA
2004 NA
2004 NA
2004 NA
2004 NA
2004 NA
2004 NA
2004 NA
2004 NA
2004 NA
2004 NA
2004 NA
2004 NA
2004 NA
2004 NA
2004 NA
2004 NA
2004 NA
2004 NA
2004 NA
2004 NA
2004 NA
2004 NA
2004 NA
2004 NA
2004 NA
2004 NA
2004 NA
2004 NA
2004 NA
2004 NA
2004 NA
2004 NA
2004 NA
2004 NA
2004 NA
2004 NA
2004 NA
2004 NA
2004 NA
2004 NA
2004 NA
2004 NA
2004 NA
2004 NA
2004 NA
2004 NA
2004 NA
2004 NA
2004 NA
2004 NA
2004 NA
2004 NA
2004 NA
2004 NA
2004 NA
2004 NA
2004 NA
2004 NA
2004 NA
2004 NA
2004 NA
2004 NA
2004 NA
2004 NA
2004 NA
2004 NA
2004 NA
2004 NA
2004 NA
2004 NA
2004 NA
2004 NA
2004 NA
2004 NA
2004 NA
2004 NA
2004 NA
2004 NA
2004 NA
2004 NA
2004 NA
2004 NA
2004 NA
2004 NA
2004 NA
2004 NA
2004 NA
2004 NA
2004 NA
2004 NA
2004 NA
2004 NA
2004 NA
2004 NA
2004 NA
2004 NA
2004 NA
2004 NA
2004 NA
2004 NA
2004 NA
2004 NA
2004 NA
2004 NA
2004 NA
2004 NA
2004 NA
2004 NA
2004 NA
2004 NA
2004 NA
2004 NA
2004 NA
2004 NA
2004 NA
2004 NA
2004 NA
2004 NA
2004 NA
2004 NA
2004 NA
2004 NA
2004 NA
2004 NA
2004 NA
2004 NA
2004 NA
2004 NA
2004 NA
2004 NA
2004 NA
2004 NA
2004 NA
2004 NA
2004 NA
2004 NA
2004 NA
2004 NA
2004 NA
2004 NA
2004 NA
2004 NA
2004 NA
2004 NA
2004 NA
2004 NA
2004 NA
2004 NA
2004 NA
2004 NA
2004 NA
2004 NA
2004 NA
2004 NA
2004 NA
2004 NA
2004 NA
2004 NA
2004 NA
2004 NA
2004 NA
2004 NA
2004 NA
2004 NA
2004 NA
2004 NA
2004 NA
2004 NA
2004 NA
2004 NA
2004 NA
2004 NA
2004 NA
2004 NA
2004 NA
2004 NA
2004 NA
2004 NA
2004 NA
2004 NA
2004 NA
2004 NA
2004 NA
2004 NA
2004 NA
2004 NA
2004 NA
2004 NA
2004 NA
2004 NA
2004 NA
2004 NA
2004 NA
2004 NA
2004 NA
2004 NA
2004 NA
2004 NA
2004 NA
2005 NA
2005 NA
2005 NA
2005 NA
2005 NA
2005 NA
2005 NA
2005 NA
2005 NA
2005 NA
2005 NA
2005 NA
2005 NA
2005 NA
2005 NA
2005 NA
2005 NA
2005 NA
2005 NA
2005 NA
2005 NA
2005 NA
2005 NA
2005 NA
2005 NA
2005 NA
2005 NA
2005 NA
2005 NA
2005 NA
2005 0
2005 0
2005 0
2005 0
2005 0
2005 0
2005 0
2005 0
2005 0
2005 0
2005 0
2005 0
2005 0
2005 0
2005 0
2005 0
2005 6
2005 0
2005 0
2005 0
2005 0
2005 0
2005 0
2005 0
2005 0
2005 0
2005 0
2005 0
2005 0
2005 0
2005 0
2005 0
2005 0
2005 0
2005 0
2005 0
2005 0
2005 0
2005 0
2005 0
2005 0
2005 0
2005 0
2005 2
2005 0
2005 0
2005 0
2005 0
2005 0
2005 4
2005 2
2005 2
2005 0
2005 0
2005 0
2005 0
2005 0
2005 0
2005 0
2005 5
2005 26
2005 31
2005 35
2005 40
2005 37
2005 32
2005 25
2005 20
2005 12
2005 10
2005 8
2005 8
2005 5
2005 3
2005 3
2005 0
2005 0
2005 0
2005 0
2005 4
2005 21
2005 NA
2005 NA
2005 NA
2005 NA
2005 NA
2005 16
2005 16
2005 16
2005 20
2005 20
2005 20
2005 20
2005 20
2005 20
2005 20
2005 20
2005 20
2005 20
2005 20
2005 20
2005 20
2005 20
2005 20
2005 20
2005 20
2005 20
2005 20
2005 20
2005 20
2005 25
2005 25
2005 25
2005 27
2005 38
2005 50
2005 50
2005 50
2005 50
2005 50
2005 49
2005 48
2005 48
2005 48
2005 48
2005 48
2005 48
2005 46
2005 45
2005 45
2005 45
2005 45
2005 45
2005 45
2005 43
2005 40
2005 42
2005 42
2005 42
2005 42
2005 42
2005 42
2005 42
2005 42
2005 42
2005 42
2005 42
2005 42
2005 42
2005 42
2005 43
2005 42
2005 41
2005 41
2005 43
2005 43
2005 43
2005 43
2005 43
2005 43
2005 42
2005 42
2005 40
2005 36
2005 33
2005 30
2005 26
2005 15
2005 10
2005 5
2005 0
2005 0
2005 0
2005 0
2005 0
2005 0
2005 0
2005 0
2005 0
2005 0
2005 0
2005 0
2005 0
2005 0
2005 0
2005 0
2005 0
2005 0
2005 0
2005 0
2005 1
2005 0
2005 0
2005 0
2005 0
2005 0
2005 0
2005 1
2005 10
2005 0
2005 0
2005 0
2005 0
2005 0
2005 0
2005 0
2005 10
2005 0
2005 0
2005 0
2005 0
2005 0
2005 0
2005 0
2005 0
2005 0
2005 0
2005 0
2005 0
2005 0
2005 0
2005 0
2005 0
2005 0
2005 0
2005 0
2005 0
2005 0
2005 0
2005 0
2005 0
2005 0
2005 0
2005 0
2005 0
2005 0
2005 0
2005 0
2005 0
2005 0
2005 0
2005 0
2005 0
2005 0
2005 0
2005 0
2005 0
2005 0
2005 0
2005 0
2005 0
2005 0
2005 0
2005 0
2005 0
2005 0
2005 0
2005 0
2005 0
2005 0
2005 0
2005 0
2005 0
2005 0
2005 0
2005 0
2005 0
2005 0
2005 0
2005 0
2005 0
2005 0
2005 0
2005 0
2005 0
2005 0
2005 0
2005 0
2005 0
2005 0
2005 0
2005 0
2005 0
2005 0
2005 0
2005 0
2005 0
2005 0
2005 0
2005 0
2005 0
2005 0
2005 0
2005 0
2005 0
2005 0
2005 0
2005 0
2005 0
2005 0
2005 0
2005 0
2005 0
2005 0
2005 0
2005 0
2005 0
2005 0
2005 0
2005 0
2005 0
2005 0
2005 0
2005 0
2005 0
2005 0
2005 0
2005 0
2005 0
2005 0
2005 0
2005 0
2005 0
2005 0
2005 0
2005 0
2005 0
2005 0
2005 0
2005 0
2005 0
2005 0
2005 0
2005 0
2005 0
2006 0
2006 0
2006 0
2006 0
2006 0
2006 0
2006 0
2006 0
2006 0
2006 0
2006 0
2006 0
2006 0
2006 0
2006 0
2006 0
2006 0
2006 0
2006 0
2006 0
2006 0
2006 0
2006 0
2006 0
2006 0
2006 0
2006 0
2006 0
2006 0
2006 0
2006 0
2006 0
2006 0
2006 0
2006 0
2006 0
2006 0
2006 0
2006 0
2006 0
2006 0
2006 0
2006 0
2006 0
2006 0
2006 0
2006 0
2006 0
2006 0
2006 0
2006 0
2006 0
2006 0
2006 0
2006 0
2006 0
2006 0
2006 0
2006 0
2006 0
2006 0
2006 0
2006 0
2006 0
2006 0
2006 0
2006 0
2006 0
2006 0
2006 0
2006 0
2006 0
2006 0
2006 0
2006 0
2006 0
2006 0
2006 0
2006 0
2006 0
2006 0
2006 0
2006 0
2006 0
2006 0
2006 3
2006 5
2006 4
2006 4
2006 3
2006 7
2006 7
2006 8
2006 58
2006 58
2006 58
2006 52
2006 46
2006 41
2006 49
2006 45
2006 43
2006 41
2006 41
2006 40
2006 36
2006 33
2006 30
2006 30
2006 30
2006 30
2006 29
2006 28
2006 28
2006 28
2006 28
2006 28
2006 28
2006 28
2006 28
2006 28
2006 40
2006 55
2006 56
2006 52
2006 51
2006 51
2006 49
2006 47
2006 47
2006 47
2006 46
2006 45
2006 45
2006 45
2006 44
2006 43
2006 43
2006 44
2006 45
2006 45
2006 45
2006 45
2006 45
2006 45
2006 45
2006 45
2006 45
2006 48
2006 50
2006 50
2006 48
2006 50
2006 48
2006 47
2006 47
2006 45
2006 45
2006 45
2006 45
2006 45
2006 45
2006 45
2006 45
2006 45
2006 45
2006 45
2006 45
2006 60
2006 65
2006 68
2006 71
2006 93
2006 82
2006 81
2006 79
2006 76
2006 78
2006 74
2006 71
2006 68
2006 68
2006 68
2006 75
2006 95
2006 112
2006 113
2006 106
2006 107
2006 103
2006 91
2006 102
2006 100
2006 95
2006 91
2006 91
2006 91
2006 91
2006 91
2006 91
2006 91
2006 91
2006 91
2006 84
2006 84
2006 86
2006 80
2006 75
2006 71
2006 68
2006 65
2006 62
2006 58
2006 55
2006 53
2006 50
2006 48
2006 44
2006 41
2006 29
2006 0
2006 0
2006 4
2006 0
2006 0
2006 0
2006 0
2006 0
2006 0
2006 0
2006 0
2006 0
2006 0
2006 0
2006 0
2006 0
2006 0
2006 0
2006 0
2006 0
2006 0
2006 0
2006 0
2006 0
2006 0
2006 0
2006 0
2006 0
2006 0
2006 0
2006 1
2006 0
2006 4
2006 0
2006 0
2006 0
2006 0
2006 0
2006 0
2006 0
2006 0
2006 0
2006 0
2006 0
2006 0
2006 0
2006 0
2006 0
2006 0
2006 0
2006 0
2006 0
2006 0
2006 0
2006 0
2006 0
2006 0
2006 0
2006 0
2006 0
2006 0
2006 0
2006 0
2006 0
2006 0
2006 0
2006 0
2006 0
2006 0
2006 0
2006 0
2006 0
2006 0
2006 0
2006 0
2006 0
2006 0
2006 0
2006 0
2006 0
2006 0
2006 0
2006 0
2006 0
2006 0
2006 0
2006 0
2006 0
2006 0
2006 0
2006 0
2006 0
2006 0
2006 0
2006 0
2006 0
2006 0
2006 0
2006 0
2006 0
2006 0
2006 0
2006 0
2006 0
2006 0
2006 0
2006 0
2006 0
2006 0
2006 0
2006 0
2006 0
2006 0
2006 0
2006 0
2006 0
2006 0
2006 0
2006 0
2006 0
2006 0
2006 0
2006 0
2006 0
2006 0
2006 0
2006 0
2006 0
2006 0
2006 0
2006 0
2006 0
2006 0
2006 0
2006 0
2006 0
2006 0
2006 0
2006 0
2006 0
2006 0
2006 0
2006 0
2006 0
2006 0
2007 0
2007 0
2007 0
2007 0
2007 0
2007 0
2007 0
2007 0
2007 0
2007 0
2007 0
2007 0
2007 0
2007 0
2007 0
2007 0
2007 0
2007 0
2007 0
2007 0
2007 0
2007 0
2007 0
2007 0
2007 0
2007 0
2007 0
2007 0
2007 0
2007 0
2007 0
2007 0
2007 0
2007 0
2007 0
2007 0
2007 0
2007 0
2007 0
2007 0
2007 0
2007 0
2007 0
2007 0
2007 0
2007 0
2007 0
2007 0
2007 0
2007 0
2007 0
2007 0
2007 0
2007 0
2007 0
2007 0
2007 0
2007 0
2007 0
2007 0
2007 0
2007 0
2007 0
2007 0
2007 0
2007 0
2007 0
2007 0
2007 0
2007 0
2007 0
2007 0
2007 0
2007 0
2007 0
2007 0
2007 0
2007 0
2007 0
2007 0
2007 0
2007 0
2007 0
2007 0
2007 0
2007 0
2007 0
2007 0
2007 0
2007 0
2007 0
2007 0
2007 0
2007 0
2007 0
2007 0
2007 0
2007 3
2007 0
2007 30
2007 14
2007 14
2007 14
2007 14
2007 13
2007 12
2007 10
2007 8
2007 6
2007 6
2007 3
2007 3
2007 3
2007 3
2007 3
2007 3
2007 3
2007 3
2007 3
2007 3
2007 3
2007 3
2007 3
2007 16
2007 26
2007 26
2007 26
2007 26
2007 26
2007 18
2007 19
2007 16
2007 12
2007 8
2007 7
2007 7
2007 6
2007 6
2007 5
2007 5
2007 4
2007 4
2007 3
2007 3
2007 5
2007 9
2007 9
2007 9
2007 8
2007 8
2007 8
2007 4
2007 2
2007 0
2007 0
2007 0
2007 0
2007 0
2007 0
2007 0
2007 3
2007 7
2007 5
2007 5
2007 15
2007 24
2007 22
2007 28
2007 25
2007 21
2007 20
2007 18
2007 10
2007 8
2007 8
2007 7
2007 6
2007 9
2007 21
2007 20
2007 20
2007 20
2007 20
2007 20
2007 15
2007 15
2007 10
2007 10
2007 5
2007 5
2007 5
2007 5
2007 4
2007 0
2007 0
2007 0
2007 0
2007 0
2007 0
2007 0
2007 0
2007 0
2007 0
2007 0
2007 0
2007 0
2007 12
2007 6
2007 3
2007 0
2007 0
2007 2
2007 0
2007 0
2007 0
2007 0
2007 0
2007 0
2007 0
2007 0
2007 0
2007 0
2007 0
2007 0
2007 0
2007 0
2007 0
2007 0
2007 0
2007 0
2007 0
2007 0
2007 0
2007 0
2007 0
2007 0
2007 0
2007 0
2007 0
2007 0
2007 0
2007 0
2007 0
2007 0
2007 0
2007 0
2007 0
2007 0
2007 0
2007 0
2007 0
2007 0
2007 0
2007 0
2007 0
2007 0
2007 0
2007 0
2007 0
2007 0
2007 0
2007 0
2007 0
2007 0
2007 0
2007 0
2007 0
2007 0
2007 0
2007 0
2007 0
2007 0
2007 0
2007 0
2007 0
2007 0
2007 0
2007 0
2007 0
2007 0
2007 0
2007 0
2007 0
2007 0
2007 0
2007 0
2007 0
2007 0
2007 0
2007 0
2007 0
2007 0
2007 0
2007 0
2007 0
2007 0
2007 0
2007 0
2007 0
2007 0
2007 0
2007 0
2007 0
2007 0
2007 0
2007 0
2007 0
2007 0
2007 0
2007 0
2007 0
2007 0
2007 0
2007 0
2007 0
2007 0
2007 0
2007 0
2007 0
2007 0
2007 0
2007 0
2007 0
2007 0
2007 0
2007 0
2007 0
2007 0
2007 0
2007 0
2007 0
2007 0
2007 0
2007 0
2007 0
2007 0
2007 0
2007 0
2007 0
2007 0
2007 0
2007 0
2007 0
2007 0
2007 0
2007 0
2007 0
2007 0
2007 0
2007 0
2007 0
2007 0
2007 0
2007 0
2007 0
2007 0
2007 0
2007 0
2007 0
2007 0
2007 0
2007 0
2007 0
2007 0
2007 0
2008 0
2008 0
2008 0
2008 0
2008 0
2008 0
2008 0
2008 0
2008 0
2008 0
2008 0
2008 0
2008 0
2008 0
2008 0
2008 0
2008 0
2008 0
2008 0
2008 0
2008 0
2008 0
2008 0
2008 0
2008 0
2008 0
2008 0
2008 0
2008 0
2008 0
2008 0
2008 0
2008 0
2008 0
2008 0
2008 0
2008 0
2008 0
2008 0
2008 0
2008 0
2008 0
2008 0
2008 0
2008 0
2008 0
2008 0
2008 0
2008 0
2008 0
2008 0
2008 0
2008 0
2008 0
2008 1
2008 0
2008 0
2008 0
2008 0
2008 0
2008 0
2008 0
2008 0
2008 0
2008 0
2008 0
2008 0
2008 0
2008 0
2008 0
2008 1
2008 0
2008 0
2008 0
2008 8
2008 7
2008 6
2008 0
2008 0
2008 0
2008 0
2008 0
2008 0
2008 0
2008 0
2008 0
2008 0
2008 0
2008 0
2008 0
2008 0
2008 NA
2008 NA
2008 NA
2008 NA
2008 NA
2008 NA
2008 NA
2008 NA
2008 NA
2008 NA
2008 NA
2008 NA
2008 NA
2008 NA
2008 NA
2008 NA
2008 NA
2008 NA
2008 NA
2008 NA
2008 NA
2008 NA
2008 NA
2008 NA
2008 NA
2008 NA
2008 NA
2008 NA
2008 NA
2008 NA
2008 NA
2008 NA
2008 NA
2008 NA
2008 NA
2008 NA
2008 NA
2008 NA
2008 NA
2008 NA
2008 NA
2008 NA
2008 NA
2008 NA
2008 NA
2008 NA
2008 NA
2008 NA
2008 NA
2008 NA
2008 NA
2008 NA
2008 NA
2008 NA
2008 NA
2008 NA
2008 NA
2008 NA
2008 NA
2008 NA
2008 NA
2008 NA
2008 NA
2008 NA
2008 NA
2008 NA
2008 NA
2008 NA
2008 NA
2008 NA
2008 NA
2008 NA
2008 NA
2008 NA
2008 NA
2008 NA
2008 NA
2008 NA
2008 NA
2008 NA
2008 NA
2008 NA
2008 NA
2008 NA
2008 NA
2008 NA
2008 NA
2008 NA
2008 NA
2008 NA
2008 NA
2008 NA
2008 NA
2008 NA
2008 NA
2008 NA
2008 NA
2008 NA
2008 NA
2008 NA
2008 NA
2008 NA
2008 NA
2008 NA
2008 NA
2008 NA
2008 NA
2008 NA
2008 NA
2008 NA
2008 NA
2008 NA
2008 NA
2008 NA
2008 NA
2008 NA
2008 NA
2008 NA
2008 NA
2008 NA
2008 NA
2008 NA
2008 NA
2008 NA
2008 NA
2008 NA
2008 NA
2008 NA
2008 NA
2008 NA
2008 NA
2008 NA
2008 NA
2008 NA
2008 NA
2008 NA
2008 NA
2008 NA
2008 NA
2008 NA
2008 NA
2008 NA
2008 NA
2008 NA
2008 NA
2008 NA
2008 NA
2008 NA
2008 NA
2008 NA
2008 NA
2008 NA
2008 NA
2008 NA
2008 NA
2008 NA
2008 NA
2008 NA
2008 NA
2008 NA
2008 NA
2008 NA
2008 NA
2008 NA
2008 NA
2008 NA
2008 NA
2008 NA
2008 NA
2008 NA
2008 NA
2008 NA
2008 NA
2008 NA
2008 NA
2008 NA
2008 NA
2008 NA
2008 NA
2008 NA
2008 NA
2008 NA
2008 NA
2008 NA
2008 NA
2008 NA
2008 NA
2008 NA
2008 NA
2008 NA
2008 NA
2008 NA
2008 NA
2008 NA
2008 NA
2008 NA
2008 NA
2008 NA
2008 NA
2008 NA
2008 NA
2008 NA
2008 NA
2008 NA
2008 NA
2008 NA
2008 NA
2008 NA
2008 NA
2008 NA
2008 NA
2008 NA
2008 NA
2008 0
2008 0
2008 0
2008 0
2008 0
2008 0
2008 0
2008 0
2008 0
2008 0
2008 0
2008 0
2008 0
2008 0
2008 0
2008 0
2008 0
2008 0
2008 0
2008 0
2008 0
2008 0
2008 0
2008 0
2008 0
2008 0
2008 0
2008 0
2008 0
2008 0
2008 0
2008 0
2008 0
2008 0
2008 0
2008 0
2008 0
2008 0
2008 0
2008 0
2008 0
2008 0
2008 0
2008 0
2008 0
2008 0
2008 0
2008 0
2008 0
2008 0
2008 0
2008 0
2008 0
2008 0
2008 0
2008 0
2008 0
2008 0
2008 0
2008 0
2008 0
2008 0
