1989 NA
1989 NA
1989 NA
1989 NA
1989 NA
1989 NA
1989 NA
1989 NA
1989 NA
1989 NA
1989 NA
1989 NA
1989 NA
1989 NA
1989 NA
1989 NA
1989 NA
1989 NA
1989 NA
1989 NA
1989 NA
1989 NA
1989 NA
1989 NA
1989 NA
1989 NA
1989 NA
1989 NA
1989 NA
1989 NA
1989 NA
1989 NA
1989 NA
1989 NA
1989 NA
1989 NA
1989 NA
1989 NA
1989 NA
1989 NA
1989 NA
1989 NA
1989 NA
1989 NA
1989 NA
1989 NA
1989 NA
1989 NA
1989 NA
1989 NA
1989 NA
1989 NA
1989 NA
1989 NA
1989 NA
1989 NA
1989 NA
1989 NA
1989 NA
1989 NA
1989 NA
1989 NA
1989 NA
1989 NA
1989 NA
1989 NA
1989 NA
1989 NA
1989 NA
1989 NA
1989 NA
1989 NA
1989 NA
1989 NA
1989 NA
1989 NA
1989 NA
1989 NA
1989 NA
1989 NA
1989 NA
1989 NA
1989 NA
1989 NA
1989 NA
1989 NA
1989 NA
1989 NA
1989 NA
1989 NA
1989 NA
1989 0
1989 0
1989 0
1989 0
1989 0
1989 0
1989 15
1989 10
1989 10
1989 20
1989 6
1989 2
1989 4
1989 0
1989 0
1989 0
1989 0
1989 0
1989 0
1989 10
1989 10
1989 10
1989 8
1989 6
1989 3
1989 2
1989 0
1989 0
1989 0
1989 0
1989 0
1989 0
1989 0
1989 0
1989 0
1989 1
1989 2
1989 0
1989 0
1989 0
1989 0
1989 0
1989 0
1989 0
1989 0
1989 0
1989 0
1989 0
1989 0
1989 0
1989 0
1989 0
1989 12
1989 10
1989 10
1989 10
1989 8
1989 7
1989 6
1989 6
1989 6
1989 6
1989 0
1989 0
1989 0
1989 0
1989 0
1989 0
1989 0
1989 0
1989 0
1989 0
1989 0
1989 0
1989 0
1989 18
1989 25
1989 25
1989 15
1989 10
1989 0
1989 0
1989 0
1989 0
1989 0
1989 0
1989 1
1989 10
1989 20
1989 40
1989 66
1989 35
1989 25
1989 25
1989 20
1989 15
1989 10
1989 8
1989 5
1989 0
1989 0
1989 0
1989 0
1989 0
1989 0
1989 0
1989 0
1989 1
1989 0
1989 0
1989 0
1989 0
1989 0
1989 0
1989 0
1989 0
1989 0
1989 0
1989 0
1989 0
1989 0
1989 0
1989 0
1989 0
1989 0
1989 6
1989 0
1989 0
1989 0
1989 0
1989 0
1989 0
1989 0
1989 5
1989 5
1989 2
1989 0
1989 0
1989 0
1989 0
1989 0
1989 0
1989 1
1989 4
1989 0
1989 0
1989 0
1989 3
1989 7
1989 0
1989 0
1989 NA
1989 NA
1989 NA
1989 NA
1989 NA
1989 NA
1989 NA
1989 NA
1989 NA
1989 NA
1989 NA
1989 NA
1989 NA
1989 NA
1989 NA
1989 NA
1989 NA
1989 NA
1989 NA
1989 NA
1989 NA
1989 NA
1989 NA
1989 NA
1989 NA
1989 NA
1989 NA
1989 NA
1989 NA
1989 NA
1989 NA
1989 NA
1989 NA
1989 NA
1989 NA
1989 NA
1989 NA
1989 NA
1989 NA
1989 NA
1989 NA
1989 NA
1989 NA
1989 NA
1989 NA
1989 NA
1989 NA
1989 NA
1989 NA
1989 NA
1989 NA
1989 NA
1989 NA
1989 NA
1989 NA
1989 NA
1989 NA
1989 NA
1989 NA
1989 NA
1989 NA
1989 NA
1989 NA
1989 NA
1989 NA
1989 NA
1989 NA
1989 NA
1989 NA
1989 NA
1989 NA
1989 NA
1989 NA
1989 NA
1989 NA
1989 NA
1989 NA
1989 NA
1989 NA
1989 NA
1989 NA
1989 NA
1989 NA
1989 NA
1989 NA
1989 NA
1989 NA
1989 NA
1989 NA
1989 NA
1989 NA
1989 NA
1989 NA
1989 NA
1989 NA
1989 NA
1989 NA
1989 NA
1989 NA
1989 NA
1989 NA
1989 NA
1989 NA
1989 NA
1989 NA
1989 NA
1989 NA
1989 NA
1989 NA
1989 NA
1989 NA
1989 NA
1989 NA
1989 NA
1989 NA
1989 NA
1989 NA
1989 NA
1989 NA
1989 NA
1989 NA
1989 NA
1989 NA
1990 NA
1990 NA
1990 NA
1990 NA
1990 NA
1990 NA
1990 NA
1990 NA
1990 NA
1990 NA
1990 NA
1990 NA
1990 NA
1990 NA
1990 NA
1990 NA
1990 NA
1990 NA
1990 NA
1990 NA
1990 NA
1990 NA
1990 NA
1990 NA
1990 NA
1990 NA
1990 NA
1990 NA
1990 NA
1990 NA
1990 NA
1990 NA
1990 NA
1990 NA
1990 NA
1990 NA
1990 NA
1990 NA
1990 NA
1990 NA
1990 NA
1990 NA
1990 NA
1990 NA
1990 NA
1990 NA
1990 NA
1990 NA
1990 NA
1990 NA
1990 NA
1990 NA
1990 NA
1990 NA
1990 NA
1990 NA
1990 NA
1990 NA
1990 NA
1990 NA
1990 NA
1990 NA
1990 NA
1990 NA
1990 NA
1990 NA
1990 NA
1990 NA
1990 NA
1990 NA
1990 NA
1990 NA
1990 NA
1990 NA
1990 NA
1990 NA
1990 NA
1990 NA
1990 NA
1990 NA
1990 NA
1990 NA
1990 NA
1990 NA
1990 NA
1990 NA
1990 NA
1990 NA
1990 NA
1990 NA
1990 NA
1990 0
1990 0
1990 0
1990 0
1990 0
1990 0
1990 0
1990 0
1990 0
1990 0
1990 0
1990 0
1990 0
1990 0
1990 0
1990 0
1990 0
1990 0
1990 0
1990 0
1990 0
1990 0
1990 0
1990 0
1990 0
1990 0
1990 0
1990 0
1990 0
1990 0
1990 0
1990 0
1990 0
1990 0
1990 0
1990 0
1990 0
1990 0
1990 0
1990 0
1990 0
1990 0
1990 0
1990 0
1990 0
1990 0
1990 0
1990 0
1990 0
1990 0
1990 0
1990 0
1990 0
1990 0
1990 0
1990 0
1990 0
1990 3
1990 1
1990 7
1990 8
1990 2
1990 0
1990 0
1990 0
1990 0
1990 0
1990 0
1990 0
1990 0
1990 0
1990 0
1990 5
1990 15
1990 22
1990 10
1990 3
1990 2
1990 0
1990 0
1990 0
1990 0
1990 0
1990 0
1990 0
1990 0
1990 0
1990 0
1990 0
1990 1
1990 0
1990 6
1990 15
1990 7
1990 0
1990 0
1990 0
1990 0
1990 0
1990 0
1990 0
1990 0
1990 0
1990 0
1990 0
1990 0
1990 0
1990 0
1990 0
1990 0
1990 0
1990 0
1990 0
1990 0
1990 0
1990 0
1990 0
1990 0
1990 0
1990 0
1990 0
1990 0
1990 0
1990 0
1990 0
1990 0
1990 0
1990 0
1990 0
1990 0
1990 0
1990 0
1990 0
1990 0
1990 0
1990 1
1990 1
1990 0
1990 0
1990 0
1990 0
1990 0
1990 0
1990 0
1990 0
1990 0
1990 0
1990 0
1990 0
1990 0
1990 0
1990 NA
1990 NA
1990 NA
1990 NA
1990 NA
1990 NA
1990 NA
1990 NA
1990 NA
1990 NA
1990 NA
1990 NA
1990 NA
1990 NA
1990 NA
1990 NA
1990 NA
1990 NA
1990 NA
1990 NA
1990 NA
1990 NA
1990 NA
1990 NA
1990 NA
1990 NA
1990 NA
1990 NA
1990 NA
1990 NA
1990 NA
1990 NA
1990 NA
1990 NA
1990 NA
1990 NA
1990 NA
1990 NA
1990 NA
1990 NA
1990 NA
1990 NA
1990 NA
1990 NA
1990 NA
1990 NA
1990 NA
1990 NA
1990 NA
1990 NA
1990 NA
1990 NA
1990 NA
1990 NA
1990 NA
1990 NA
1990 NA
1990 NA
1990 NA
1990 NA
1990 NA
1990 NA
1990 NA
1990 NA
1990 NA
1990 NA
1990 NA
1990 NA
1990 NA
1990 NA
1990 NA
1990 NA
1990 NA
1990 NA
1990 NA
1990 NA
1990 NA
1990 NA
1990 NA
1990 NA
1990 NA
1990 NA
1990 NA
1990 NA
1990 NA
1990 NA
1990 NA
1990 NA
1990 NA
1990 NA
1990 NA
1990 NA
1990 NA
1990 NA
1990 NA
1990 NA
1990 NA
1990 NA
1990 NA
1990 NA
1990 NA
1990 NA
1990 NA
1990 NA
1990 NA
1990 NA
1990 NA
1990 NA
1990 NA
1990 NA
1990 NA
1990 NA
1990 NA
1990 NA
1990 NA
1990 NA
1990 NA
1990 NA
1990 NA
1990 NA
1990 NA
1990 NA
1990 NA
1991 NA
1991 NA
1991 NA
1991 NA
1991 NA
1991 NA
1991 NA
1991 NA
1991 NA
1991 NA
1991 NA
1991 NA
1991 NA
1991 NA
1991 NA
1991 NA
1991 NA
1991 NA
1991 NA
1991 NA
1991 NA
1991 NA
1991 NA
1991 NA
1991 NA
1991 NA
1991 NA
1991 NA
1991 NA
1991 NA
1991 NA
1991 NA
1991 NA
1991 NA
1991 NA
1991 NA
1991 NA
1991 NA
1991 NA
1991 NA
1991 NA
1991 NA
1991 NA
1991 NA
1991 NA
1991 NA
1991 NA
1991 NA
1991 NA
1991 NA
1991 NA
1991 NA
1991 NA
1991 NA
1991 NA
1991 NA
1991 NA
1991 NA
1991 NA
1991 NA
1991 NA
1991 NA
1991 NA
1991 NA
1991 NA
1991 NA
1991 NA
1991 NA
1991 NA
1991 NA
1991 NA
1991 NA
1991 NA
1991 NA
1991 NA
1991 NA
1991 NA
1991 NA
1991 NA
1991 NA
1991 NA
1991 NA
1991 NA
1991 NA
1991 NA
1991 NA
1991 NA
1991 NA
1991 NA
1991 NA
1991 NA
1991 10
1991 10
1991 10
1991 10
1991 10
1991 10
1991 10
1991 10
1991 10
1991 13
1991 15
1991 15
1991 47
1991 62
1991 62
1991 62
1991 60
1991 60
1991 62
1991 63
1991 60
1991 65
1991 65
1991 60
1991 60
1991 45
1991 33
1991 26
1991 20
1991 16
1991 10
1991 5
1991 6
1991 3
1991 3
1991 4
1991 0
1991 0
1991 0
1991 0
1991 0
1991 0
1991 0
1991 7
1991 5
1991 4
1991 2
1991 2
1991 2
1991 2
1991 3
1991 3
1991 3
1991 3
1991 2
1991 2
1991 2
1991 1
1991 1
1991 1
1991 0
1991 0
1991 0
1991 0
1991 0
1991 0
1991 0
1991 0
1991 0
1991 19
1991 30
1991 45
1991 47
1991 49
1991 52
1991 52
1991 45
1991 51
1991 50
1991 45
1991 40
1991 40
1991 35
1991 30
1991 25
1991 20
1991 15
1991 15
1991 12
1991 10
1991 8
1991 8
1991 6
1991 5
1991 0
1991 0
1991 0
1991 0
1991 0
1991 0
1991 0
1991 0
1991 0
1991 0
1991 0
1991 0
1991 0
1991 0
1991 0
1991 0
1991 0
1991 2
1991 0
1991 0
1991 0
1991 0
1991 0
1991 0
1991 0
1991 0
1991 0
1991 0
1991 0
1991 0
1991 0
1991 0
1991 0
1991 0
1991 0
1991 0
1991 0
1991 0
1991 0
1991 0
1991 0
1991 0
1991 0
1991 0
1991 0
1991 4
1991 10
1991 5
1991 0
1991 10
1991 0
1991 0
1991 0
1991 0
1991 0
1991 0
1991 0
1991 NA
1991 NA
1991 NA
1991 NA
1991 NA
1991 NA
1991 NA
1991 NA
1991 NA
1991 NA
1991 NA
1991 NA
1991 NA
1991 NA
1991 NA
1991 NA
1991 NA
1991 NA
1991 NA
1991 NA
1991 NA
1991 NA
1991 NA
1991 NA
1991 NA
1991 NA
1991 NA
1991 NA
1991 NA
1991 NA
1991 NA
1991 NA
1991 NA
1991 NA
1991 NA
1991 NA
1991 NA
1991 NA
1991 NA
1991 NA
1991 NA
1991 NA
1991 NA
1991 NA
1991 NA
1991 NA
1991 NA
1991 NA
1991 NA
1991 NA
1991 NA
1991 NA
1991 NA
1991 NA
1991 NA
1991 NA
1991 NA
1991 NA
1991 NA
1991 NA
1991 NA
1991 NA
1991 NA
1991 NA
1991 NA
1991 NA
1991 NA
1991 NA
1991 NA
1991 NA
1991 NA
1991 NA
1991 NA
1991 NA
1991 NA
1991 NA
1991 NA
1991 NA
1991 NA
1991 NA
1991 NA
1991 NA
1991 NA
1991 NA
1991 NA
1991 NA
1991 NA
1991 NA
1991 NA
1991 NA
1991 NA
1991 NA
1991 NA
1991 NA
1991 NA
1991 NA
1991 NA
1991 NA
1991 NA
1991 NA
1991 NA
1991 NA
1991 NA
1991 NA
1991 NA
1991 NA
1991 NA
1991 NA
1991 NA
1991 NA
1991 NA
1991 NA
1991 NA
1991 NA
1991 NA
1991 NA
1991 NA
1991 NA
1991 NA
1991 NA
1991 NA
1991 NA
1991 NA
1992 NA
1992 NA
1992 NA
1992 NA
1992 NA
1992 NA
1992 NA
1992 NA
1992 NA
1992 NA
1992 NA
1992 NA
1992 NA
1992 NA
1992 NA
1992 NA
1992 NA
1992 NA
1992 NA
1992 NA
1992 NA
1992 NA
1992 NA
1992 NA
1992 NA
1992 NA
1992 NA
1992 NA
1992 NA
1992 NA
1992 0
1992 0
1992 0
1992 0
1992 0
1992 0
1992 0
1992 0
1992 0
1992 0
1992 0
1992 0
1992 0
1992 0
1992 0
1992 0
1992 0
1992 0
1992 0
1992 0
1992 0
1992 0
1992 0
1992 0
1992 0
1992 0
1992 0
1992 0
1992 0
1992 0
1992 0
1992 0
1992 0
1992 0
1992 0
1992 0
1992 0
1992 0
1992 0
1992 0
1992 0
1992 0
1992 0
1992 0
1992 0
1992 0
1992 0
1992 5
1992 3
1992 0
1992 0
1992 0
1992 0
1992 0
1992 0
1992 0
1992 0
1992 0
1992 0
1992 0
1992 0
1992 0
1992 0
1992 0
1992 0
1992 0
1992 0
1992 0
1992 0
1992 0
1992 0
1992 0
1992 0
1992 0
1992 0
1992 0
1992 0
1992 0
1992 0
1992 11
1992 0
1992 17
1992 22
1992 15
1992 10
1992 10
1992 10
1992 10
1992 10
1992 10
1992 10
1992 10
1992 10
1992 10
1992 10
1992 10
1992 10
1992 10
1992 10
1992 10
1992 10
1992 10
1992 7
1992 7
1992 7
1992 7
1992 7
1992 7
1992 5
1992 5
1992 5
1992 9
1992 10
1992 10
1992 10
1992 10
1992 10
1992 10
1992 10
1992 10
1992 10
1992 8
1992 8
1992 8
1992 8
1992 7
1992 8
1992 25
1992 20
1992 20
1992 18
1992 17
1992 23
1992 20
1992 16
1992 15
1992 14
1992 11
1992 10
1992 26
1992 30
1992 30
1992 30
1992 30
1992 30
1992 30
1992 28
1992 20
1992 20
1992 15
1992 10
1992 7
1992 0
1992 0
1992 0
1992 0
1992 0
1992 0
1992 0
1992 0
1992 0
1992 0
1992 0
1992 0
1992 0
1992 0
1992 0
1992 0
1992 0
1992 0
1992 0
1992 0
1992 0
1992 0
1992 0
1992 12
1992 8
1992 5
1992 5
1992 5
1992 4
1992 3
1992 2
1992 3
1992 0
1992 0
1992 0
1992 0
1992 2
1992 0
1992 0
1992 0
1992 0
1992 0
1992 0
1992 0
1992 0
1992 0
1992 14
1992 1
1992 3
1992 0
1992 0
1992 0
1992 0
1992 0
1992 0
1992 0
1992 0
1992 0
1992 0
1992 0
1992 0
1992 0
1992 0
1992 0
1992 0
1992 0
1992 0
1992 0
1992 0
1992 0
1992 0
1992 0
1992 0
1992 0
1992 0
1992 0
1992 0
1992 0
1992 0
1992 0
1992 0
1992 0
1992 0
1992 0
1992 0
1992 0
1992 0
1992 0
1992 0
1992 0
1992 0
1992 0
1992 NA
1992 NA
1992 NA
1992 NA
1992 NA
1992 NA
1992 NA
1992 NA
1992 NA
1992 NA
1992 NA
1992 NA
1992 NA
1992 NA
1992 NA
1992 NA
1992 NA
1992 NA
1992 NA
1992 NA
1992 NA
1992 NA
1992 NA
1992 NA
1992 NA
1992 NA
1992 NA
1992 NA
1992 NA
1992 NA
1992 NA
1992 NA
1992 NA
1992 NA
1992 NA
1992 NA
1992 NA
1992 NA
1992 NA
1992 NA
1992 NA
1992 NA
1992 NA
1992 NA
1992 NA
1992 NA
1992 NA
1992 NA
1992 NA
1992 NA
1992 NA
1992 NA
1992 NA
1992 NA
1992 NA
1992 NA
1992 NA
1992 NA
1992 NA
1992 NA
1992 NA
1992 NA
1992 NA
1992 NA
1992 NA
1992 NA
1992 NA
1992 NA
1992 NA
1992 NA
1992 NA
1992 NA
1992 NA
1992 NA
1992 NA
1992 NA
1992 NA
1992 NA
1992 NA
1992 NA
1992 NA
1992 NA
1992 NA
1992 NA
1992 NA
1992 NA
1992 NA
1992 NA
1992 NA
1992 NA
1992 NA
1992 NA
1993 NA
1993 NA
1993 NA
1993 NA
1993 NA
1993 NA
1993 NA
1993 NA
1993 NA
1993 NA
1993 NA
1993 NA
1993 NA
1993 NA
1993 NA
1993 NA
1993 NA
1993 NA
1993 NA
1993 NA
1993 NA
1993 NA
1993 NA
1993 NA
1993 NA
1993 NA
1993 NA
1993 NA
1993 NA
1993 NA
1993 0
1993 0
1993 0
1993 0
1993 0
1993 0
1993 0
1993 0
1993 0
1993 0
1993 0
1993 0
1993 0
1993 0
1993 0
1993 0
1993 0
1993 1
1993 0
1993 0
1993 0
1993 0
1993 0
1993 0
1993 0
1993 0
1993 0
1993 0
1993 0
1993 0
1993 0
1993 0
1993 0
1993 0
1993 0
1993 0
1993 0
1993 0
1993 0
1993 0
1993 0
1993 0
1993 0
1993 0
1993 0
1993 0
1993 1
1993 0
1993 11
1993 6
1993 0
1993 0
1993 0
1993 0
1993 0
1993 0
1993 0
1993 0
1993 0
1993 0
1993 0
1993 0
1993 0
1993 0
1993 3
1993 5
1993 4
1993 0
1993 0
1993 0
1993 0
1993 0
1993 0
1993 0
1993 0
1993 0
1993 0
1993 0
1993 0
1993 0
1993 0
1993 0
1993 0
1993 0
1993 0
1993 0
1993 0
1993 0
1993 0
1993 0
1993 0
1993 0
1993 0
1993 0
1993 0
1993 0
1993 0
1993 0
1993 0
1993 0
1993 0
1993 0
1993 0
1993 0
1993 0
1993 0
1993 0
1993 0
1993 0
1993 0
1993 0
1993 0
1993 0
1993 0
1993 0
1993 0
1993 0
1993 3
1993 10
1993 2
1993 0
1993 0
1993 0
1993 0
1993 0
1993 0
1993 0
1993 0
1993 0
1993 0
1993 0
1993 0
1993 0
1993 0
1993 0
1993 0
1993 0
1993 0
1993 0
1993 0
1993 0
1993 0
1993 5
1993 5
1993 16
1993 20
1993 15
1993 8
1993 3
1993 3
1993 4
1993 4
1993 4
1993 15
1993 30
1993 10
1993 10
1993 10
1993 5
1993 5
1993 3
1993 0
1993 0
1993 0
1993 0
1993 0
1993 0
1993 0
1993 0
1993 0
1993 0
1993 0
1993 0
1993 0
1993 0
1993 9
1993 0
1993 0
1993 0
1993 0
1993 0
1993 0
1993 0
1993 0
1993 0
1993 0
1993 1
1993 0
1993 0
1993 0
1993 0
1993 0
1993 0
1993 0
1993 0
1993 0
1993 0
1993 0
1993 0
1993 0
1993 0
1993 0
1993 0
1993 0
1993 0
1993 0
1993 0
1993 0
1993 0
1993 0
1993 0
1993 0
1993 0
1993 0
1993 0
1993 0
1993 0
1993 0
1993 0
1993 0
1993 0
1993 0
1993 0
1993 0
1993 0
1993 0
1993 0
1993 0
1993 0
1993 0
1993 0
1993 0
1993 0
1993 0
1993 0
1993 0
1993 0
1993 0
1993 0
1993 0
1993 0
1993 0
1993 0
1993 NA
1993 NA
1993 NA
1993 NA
1993 NA
1993 NA
1993 NA
1993 NA
1993 NA
1993 NA
1993 NA
1993 NA
1993 NA
1993 NA
1993 NA
1993 NA
1993 NA
1993 NA
1993 NA
1993 NA
1993 NA
1993 NA
1993 NA
1993 NA
1993 NA
1993 NA
1993 NA
1993 NA
1993 NA
1993 NA
1993 NA
1993 NA
1993 NA
1993 NA
1993 NA
1993 NA
1993 NA
1993 NA
1993 NA
1993 NA
1993 NA
1993 NA
1993 NA
1993 NA
1993 NA
1993 NA
1993 NA
1993 NA
1993 NA
1993 NA
1993 NA
1993 NA
1993 NA
1993 NA
1993 NA
1993 NA
1993 NA
1993 NA
1993 NA
1993 NA
1993 NA
1993 NA
1993 NA
1993 NA
1993 NA
1993 NA
1993 NA
1993 NA
1993 NA
1993 NA
1993 NA
1993 NA
1993 NA
1993 NA
1993 NA
1993 NA
1993 NA
1993 NA
1993 NA
1993 NA
1993 NA
1993 NA
1993 NA
1993 NA
1993 NA
1993 NA
1993 NA
1993 NA
1993 NA
1993 NA
1993 NA
1993 NA
1994 NA
1994 NA
1994 NA
1994 NA
1994 NA
1994 NA
1994 NA
1994 NA
1994 NA
1994 NA
1994 NA
1994 NA
1994 NA
1994 NA
1994 NA
1994 NA
1994 NA
1994 NA
1994 NA
1994 NA
1994 NA
1994 NA
1994 NA
1994 NA
1994 NA
1994 NA
1994 NA
1994 NA
1994 NA
1994 NA
1994 0
1994 0
1994 0
1994 0
1994 0
1994 0
1994 0
1994 0
1994 0
1994 0
1994 0
1994 0
1994 0
1994 0
1994 0
1994 0
1994 0
1994 0
1994 0
1994 0
1994 0
1994 0
1994 0
1994 0
1994 0
1994 0
1994 0
1994 0
1994 0
1994 0
1994 0
1994 0
1994 0
1994 0
1994 0
1994 0
1994 0
1994 0
1994 0
1994 0
1994 0
1994 0
1994 0
1994 0
1994 0
1994 8
1994 10
1994 9
1994 0
1994 0
1994 0
1994 0
1994 5
1994 0
1994 0
1994 0
1994 0
1994 0
1994 0
1994 0
1994 0
1994 3
1994 1
1994 0
1994 0
1994 0
1994 0
1994 0
1994 0
1994 0
1994 0
1994 2
1994 13
1994 11
1994 12
1994 4
1994 6
1994 8
1994 8
1994 3
1994 2
1994 0
1994 2
1994 15
1994 20
1994 46
1994 47
1994 46
1994 41
1994 36
1994 29
1994 20
1994 24
1994 29
1994 10
1994 8
1994 1
1994 1
1994 1
1994 0
1994 0
1994 0
1994 6
1994 5
1994 1
1994 1
1994 0
1994 0
1994 10
1994 9
1994 9
1994 3
1994 2
1994 1
1994 1
1994 1
1994 0
1994 0
1994 4
1994 1
1994 2
1994 1
1994 0
1994 0
1994 0
1994 0
1994 0
1994 0
1994 0
1994 0
1994 1
1994 1
1994 2
1994 6
1994 1
1994 1
1994 1
1994 1
1994 1
1994 1
1994 1
1994 1
1994 1
1994 6
1994 2
1994 1
1994 0
1994 0
1994 0
1994 0
1994 0
1994 0
1994 0
1994 0
1994 0
1994 0
1994 0
1994 0
1994 0
1994 0
1994 0
1994 0
1994 0
1994 0
1994 0
1994 0
1994 0
1994 0
1994 0
1994 0
1994 0
1994 0
1994 0
1994 0
1994 0
1994 0
1994 0
1994 0
1994 0
1994 0
1994 0
1994 0
1994 0
1994 7
1994 14
1994 1
1994 5
1994 1
1994 0
1994 8
1994 2
1994 4
1994 1
1994 1
1994 1
1994 0
1994 1
1994 0
1994 0
1994 0
1994 0
1994 0
1994 0
1994 0
1994 0
1994 0
1994 0
1994 0
1994 0
1994 0
1994 0
1994 0
1994 0
1994 0
1994 0
1994 0
1994 0
1994 0
1994 0
1994 0
1994 0
1994 0
1994 0
1994 0
1994 0
1994 0
1994 0
1994 0
1994 0
1994 0
1994 0
1994 0
1994 0
1994 0
1994 0
1994 0
1994 0
1994 0
1994 0
1994 0
1994 0
1994 0
1994 0
1994 NA
1994 NA
1994 NA
1994 NA
1994 NA
1994 NA
1994 NA
1994 NA
1994 NA
1994 NA
1994 NA
1994 NA
1994 NA
1994 NA
1994 NA
1994 NA
1994 NA
1994 NA
1994 NA
1994 NA
1994 NA
1994 NA
1994 NA
1994 NA
1994 NA
1994 NA
1994 NA
1994 NA
1994 NA
1994 NA
1994 NA
1994 NA
1994 NA
1994 NA
1994 NA
1994 NA
1994 NA
1994 NA
1994 NA
1994 NA
1994 NA
1994 NA
1994 NA
1994 NA
1994 NA
1994 NA
1994 NA
1994 NA
1994 NA
1994 NA
1994 NA
1994 NA
1994 NA
1994 NA
1994 NA
1994 NA
1994 NA
1994 NA
1994 NA
1994 NA
1994 NA
1994 NA
1994 NA
1994 NA
1994 NA
1994 NA
1994 NA
1994 NA
1994 NA
1994 NA
1994 NA
1994 NA
1994 NA
1994 NA
1994 NA
1994 NA
1994 NA
1994 NA
1994 NA
1994 NA
1994 NA
1994 NA
1994 NA
1994 NA
1994 NA
1994 NA
1994 NA
1994 NA
1994 NA
1994 NA
1994 NA
1994 NA
1995 NA
1995 NA
1995 NA
1995 NA
1995 NA
1995 NA
1995 NA
1995 NA
1995 NA
1995 NA
1995 NA
1995 NA
1995 NA
1995 NA
1995 NA
1995 NA
1995 NA
1995 NA
1995 NA
1995 NA
1995 NA
1995 NA
1995 NA
1995 NA
1995 NA
1995 NA
1995 NA
1995 NA
1995 NA
1995 NA
1995 NA
1995 NA
1995 NA
1995 NA
1995 NA
1995 NA
1995 NA
1995 NA
1995 NA
1995 NA
1995 NA
1995 NA
1995 NA
1995 NA
1995 NA
1995 NA
1995 NA
1995 NA
1995 NA
1995 NA
1995 NA
1995 NA
1995 NA
1995 NA
1995 NA
1995 NA
1995 NA
1995 NA
1995 NA
1995 NA
1995 NA
1995 0
1995 0
1995 0
1995 0
1995 0
1995 0
1995 0
1995 0
1995 0
1995 0
1995 0
1995 0
1995 0
1995 0
1995 0
1995 0
1995 0
1995 0
1995 0
1995 0
1995 0
1995 0
1995 0
1995 0
1995 0
1995 0
1995 0
1995 0
1995 0
1995 0
1995 0
1995 0
1995 0
1995 0
1995 0
1995 0
1995 0
1995 0
1995 0
1995 0
1995 0
1995 0
1995 0
1995 0
1995 0
1995 0
1995 0
1995 0
1995 0
1995 1
1995 1
1995 0
1995 0
1995 0
1995 0
1995 0
1995 0
1995 0
1995 0
1995 0
1995 0
1995 2
1995 16
1995 40
1995 40
1995 40
1995 40
1995 40
1995 35
1995 35
1995 30
1995 45
1995 45
1995 70
1995 60
1995 55
1995 50
1995 50
1995 45
1995 50
1995 50
1995 50
1995 45
1995 20
1995 3
1995 2
1995 2
1995 5
1995 5
1995 2
1995 4
1995 4
1995 0
1995 0
1995 0
1995 0
1995 0
1995 0
1995 0
1995 0
1995 0
1995 0
1995 0
1995 0
1995 0
1995 0
1995 0
1995 0
1995 0
1995 3
1995 5
1995 4
1995 0
1995 0
1995 1
1995 5
1995 0
1995 3
1995 7
1995 5
1995 2
1995 1
1995 1
1995 17
1995 15
1995 19
1995 20
1995 15
1995 28
1995 25
1995 10
1995 1
1995 0
1995 0
1995 0
1995 2
1995 0
1995 0
1995 0
1995 15
1995 5
1995 0
1995 0
1995 0
1995 0
1995 0
1995 0
1995 15
1995 5
1995 13
1995 2
1995 0
1995 0
1995 0
1995 0
1995 0
1995 0
1995 0
1995 0
1995 0
1995 0
1995 0
1995 0
1995 0
1995 0
1995 0
1995 0
1995 0
1995 0
1995 0
1995 1
1995 0
1995 0
1995 0
1995 0
1995 0
1995 0
1995 0
1995 0
1995 0
1995 0
1995 0
1995 0
1995 0
1995 0
1995 0
1995 0
1995 0
1995 0
1995 0
1995 0
1995 0
1995 0
1995 0
1995 0
1995 0
1995 0
1995 0
1995 0
1995 0
1995 0
1995 0
1995 0
1995 0
1995 0
1995 0
1995 0
1995 0
1995 0
1995 0
1995 0
1995 0
1995 NA
1995 NA
1995 NA
1995 NA
1995 NA
1995 NA
1995 NA
1995 NA
1995 NA
1995 NA
1995 NA
1995 NA
1995 NA
1995 NA
1995 NA
1995 NA
1995 NA
1995 NA
1995 NA
1995 NA
1995 NA
1995 NA
1995 NA
1995 NA
1995 NA
1995 NA
1995 NA
1995 NA
1995 NA
1995 NA
1995 NA
1995 NA
1995 NA
1995 NA
1995 NA
1995 NA
1995 NA
1995 NA
1995 NA
1995 NA
1995 NA
1995 NA
1995 NA
1995 NA
1995 NA
1995 NA
1995 NA
1995 NA
1995 NA
1995 NA
1995 NA
1995 NA
1995 NA
1995 NA
1995 NA
1995 NA
1995 NA
1995 NA
1995 NA
1995 NA
1995 NA
1995 NA
1995 NA
1995 NA
1995 NA
1995 NA
1995 NA
1995 NA
1995 NA
1995 NA
1995 NA
1995 NA
1995 NA
1995 NA
1995 NA
1995 NA
1995 NA
1995 NA
1995 NA
1995 NA
1995 NA
1995 NA
1995 NA
1995 NA
1995 NA
1995 NA
1995 NA
1995 NA
1995 NA
1995 NA
1995 NA
1995 NA
1996 0
1996 0
1996 0
1996 0
1996 0
1996 0
1996 0
1996 0
1996 0
1996 0
1996 0
1996 0
1996 0
1996 0
1996 0
1996 0
1996 0
1996 0
1996 0
1996 0
1996 0
1996 0
1996 0
1996 0
1996 0
1996 0
1996 0
1996 0
1996 0
1996 0
1996 0
1996 0
1996 0
1996 0
1996 0
1996 0
1996 0
1996 0
1996 0
1996 0
1996 0
1996 0
1996 0
1996 0
1996 0
1996 0
1996 0
1996 0
1996 0
1996 0
1996 0
1996 0
1996 0
1996 0
1996 0
1996 0
1996 0
1996 0
1996 0
1996 0
1996 0
1996 0
1996 0
1996 0
1996 0
1996 0
1996 0
1996 0
1996 0
1996 0
1996 0
1996 0
1996 0
1996 0
1996 0
1996 0
1996 0
1996 0
1996 3
1996 0
1996 0
1996 0
1996 0
1996 0
1996 0
1996 0
1996 0
1996 0
1996 0
1996 0
1996 0
1996 0
1996 0
1996 0
1996 0
1996 0
1996 0
1996 0
1996 0
1996 0
1996 0
1996 0
1996 0
1996 0
1996 0
1996 0
1996 0
1996 0
1996 0
1996 0
1996 0
1996 0
1996 0
1996 0
1996 0
1996 0
1996 0
1996 0
1996 0
1996 0
1996 0
1996 0
1996 10
1996 5
1996 0
1996 0
1996 0
1996 0
1996 0
1996 0
1996 0
1996 0
1996 0
1996 0
1996 0
1996 0
1996 0
1996 0
1996 0
1996 0
1996 0
1996 0
1996 0
1996 0
1996 0
1996 0
1996 0
1996 0
1996 0
1996 0
1996 0
1996 0
1996 0
1996 NA
1996 NA
1996 NA
1996 NA
1996 NA
1996 NA
1996 NA
1996 NA
1996 NA
1996 NA
1996 NA
1996 NA
1996 NA
1996 NA
1996 NA
1996 NA
1996 NA
1996 NA
1996 NA
1996 NA
1996 NA
1996 NA
1996 NA
1996 NA
1996 NA
1996 NA
1996 NA
1996 NA
1996 NA
1996 25
1996 25
1996 25
1996 20
1996 20
1996 13
1996 10
1996 10
1996 5
1996 0
1996 0
1996 0
1996 0
1996 0
1996 0
1996 0
1996 0
1996 0
1996 0
1996 0
1996 0
1996 0
1996 0
1996 0
1996 0
1996 0
1996 0
1996 0
1996 0
1996 0
1996 0
1996 0
1996 15
1996 13
1996 14
1996 10
1996 7
1996 0
1996 0
1996 0
1996 0
1996 0
1996 0
1996 0
1996 0
1996 0
1996 0
1996 0
1996 0
1996 0
1996 0
1996 0
1996 0
1996 0
1996 0
1996 0
1996 0
1996 0
1996 0
1996 0
1996 0
1996 0
1996 0
1996 0
1996 0
1996 0
1996 0
1996 0
1996 0
1996 0
1996 0
1996 0
1996 0
1996 0
1996 0
1996 0
1996 0
1996 0
1996 0
1996 0
1996 0
1996 0
1996 0
1996 0
1996 0
1996 0
1996 0
1996 0
1996 0
1996 0
1996 0
1996 0
1996 NA
1996 NA
1996 NA
1996 NA
1996 NA
1996 NA
1996 NA
1996 NA
1996 NA
1996 NA
1996 NA
1996 NA
1996 NA
1996 NA
1996 NA
1996 NA
1996 NA
1996 NA
1996 NA
1996 NA
1996 NA
1996 NA
1996 NA
1996 NA
1996 NA
1996 NA
1996 NA
1996 NA
1996 NA
1996 NA
1996 NA
1996 NA
1996 NA
1996 NA
1996 NA
1996 NA
1996 NA
1996 NA
1996 NA
1996 NA
1996 NA
1996 NA
1996 NA
1996 NA
1996 NA
1996 NA
1996 NA
1996 NA
1996 NA
1996 NA
1996 NA
1996 NA
1996 NA
1996 NA
1996 NA
1996 NA
1996 NA
1996 NA
1996 NA
1996 NA
1996 NA
1996 NA
1996 NA
1996 NA
1996 NA
1996 NA
1996 NA
1996 NA
1996 NA
1996 NA
1996 NA
1996 NA
1996 NA
1996 NA
1996 NA
1996 NA
1996 NA
1996 NA
1996 NA
1996 NA
1996 NA
1996 NA
1996 NA
1996 NA
1996 NA
1996 NA
1996 NA
1996 NA
1996 NA
1996 NA
1996 NA
1996 NA
