1992 NA
1992 NA
1992 NA
1992 NA
1992 NA
1992 NA
1992 NA
1992 NA
1992 NA
1992 NA
1992 NA
1992 NA
1992 NA
1992 NA
1992 NA
1992 NA
1992 NA
1992 NA
1992 NA
1992 NA
1992 NA
1992 NA
1992 NA
1992 NA
1992 NA
1992 NA
1992 NA
1992 NA
1992 NA
1992 NA
1992 NA
1992 NA
1992 NA
1992 NA
1992 NA
1992 NA
1992 NA
1992 NA
1992 NA
1992 NA
1992 NA
1992 NA
1992 NA
1992 NA
1992 NA
1992 NA
1992 NA
1992 NA
1992 NA
1992 NA
1992 NA
1992 NA
1992 NA
1992 NA
1992 NA
1992 NA
1992 NA
1992 NA
1992 NA
1992 NA
1992 NA
1992 NA
1992 NA
1992 NA
1992 NA
1992 NA
1992 NA
1992 NA
1992 NA
1992 NA
1992 NA
1992 NA
1992 NA
1992 NA
1992 NA
1992 NA
1992 NA
1992 NA
1992 NA
1992 NA
1992 NA
1992 NA
1992 NA
1992 NA
1992 NA
1992 NA
1992 NA
1992 NA
1992 NA
1992 NA
1992 NA
1992 NA
1992 0
1992 0
1992 0
1992 0
1992 0
1992 0
1992 NA
1992 0
1992 0
1992 0
1992 NA
1992 0
1992 0
1992 0
1992 0
1992 0
1992 0
1992 25
1992 10
1992 32
1992 105
1992 60
1992 50
1992 45
1992 45
1992 45
1992 45
1992 45
1992 40
1992 40
1992 40
1992 40
1992 40
1992 40
1992 40
1992 35
1992 35
1992 35
1992 30
1992 35
1992 30
1992 30
1992 30
1992 30
1992 30
1992 30
1992 30
1992 30
1992 30
1992 25
1992 25
1992 30
1992 30
1992 30
1992 30
1992 30
1992 25
1992 25
1992 25
1992 25
1992 25
1992 25
1992 25
1992 20
1992 20
1992 20
1992 20
1992 20
1992 20
1992 20
1992 30
1992 20
1992 20
1992 15
1992 40
1992 30
1992 20
1992 40
1992 30
1992 30
1992 30
1992 30
1992 30
1992 30
1992 20
1992 20
1992 20
1992 15
1992 15
1992 15
1992 15
1992 15
1992 15
1992 10
1992 10
1992 10
1992 10
1992 10
1992 10
1992 10
1992 10
1992 10
1992 10
1992 5
1992 0
1992 0
1992 0
1992 0
1992 0
1992 0
1992 0
1992 0
1992 0
1992 22
1992 23
1992 10
1992 10
1992 0
1992 2
1992 0
1992 0
1992 34
1992 20
1992 20
1992 10
1992 0
1992 0
1992 0
1992 1
1992 0
1992 0
1992 0
1992 0
1992 0
1992 0
1992 0
1992 30
1992 35
1992 20
1992 10
1992 0
1992 0
1992 0
1992 0
1992 0
1992 0
1992 0
1992 0
1992 0
1992 4
1992 0
1992 0
1992 NA
1992 NA
1992 NA
1992 NA
1992 NA
1992 NA
1992 NA
1992 NA
1992 NA
1992 NA
1992 NA
1992 NA
1992 NA
1992 NA
1992 NA
1992 NA
1992 NA
1992 NA
1992 NA
1992 NA
1992 NA
1992 NA
1992 NA
1992 NA
1992 NA
1992 NA
1992 NA
1992 NA
1992 NA
1992 NA
1992 NA
1992 NA
1992 NA
1992 NA
1992 NA
1992 NA
1992 NA
1992 NA
1992 NA
1992 NA
1992 NA
1992 NA
1992 NA
1992 NA
1992 NA
1992 NA
1992 NA
1992 NA
1992 NA
1992 NA
1992 NA
1992 NA
1992 NA
1992 NA
1992 NA
1992 NA
1992 NA
1992 NA
1992 NA
1992 NA
1992 NA
1992 NA
1992 NA
1992 NA
1992 NA
1992 NA
1992 NA
1992 NA
1992 NA
1992 NA
1992 NA
1992 NA
1992 NA
1992 NA
1992 NA
1992 NA
1992 NA
1992 NA
1992 NA
1992 NA
1992 NA
1992 NA
1992 NA
1992 NA
1992 NA
1992 NA
1992 NA
1992 NA
1992 NA
1992 NA
1992 NA
1992 NA
1992 NA
1992 NA
1992 NA
1992 NA
1992 NA
1992 NA
1992 NA
1992 NA
1992 NA
1992 NA
1992 NA
1992 NA
1992 NA
1992 NA
1992 NA
1992 NA
1992 NA
1992 NA
1992 NA
1992 NA
1992 NA
1992 NA
1992 NA
1992 NA
1992 NA
1992 NA
1992 NA
1992 NA
1992 NA
1992 NA
