2012 NA
2012 NA
2012 NA
2012 NA
2012 NA
2012 NA
2012 NA
2012 NA
2012 NA
2012 NA
2012 NA
2012 NA
2012 NA
2012 NA
2012 NA
2012 NA
2012 NA
2012 NA
2012 NA
2012 NA
2012 NA
2012 NA
2012 NA
2012 NA
2012 NA
2012 NA
2012 NA
2012 NA
2012 NA
2012 NA
2012 NA
2012 NA
2012 NA
2012 NA
2012 NA
2012 NA
2012 NA
2012 NA
2012 NA
2012 NA
2012 NA
2012 NA
2012 NA
2012 NA
2012 NA
2012 NA
2012 NA
2012 NA
2012 NA
2012 NA
2012 NA
2012 NA
2012 NA
2012 NA
2012 NA
2012 NA
2012 NA
2012 NA
2012 NA
2012 NA
2012 NA
2012 NA
2012 NA
2012 NA
2012 NA
2012 NA
2012 NA
2012 NA
2012 NA
2012 NA
2012 NA
2012 NA
2012 NA
2012 NA
2012 NA
2012 NA
2012 NA
2012 NA
2012 NA
2012 NA
2012 NA
2012 NA
2012 NA
2012 NA
2012 NA
2012 NA
2012 NA
2012 NA
2012 NA
2012 NA
2012 NA
2012 NA
2012 NA
2012 NA
2012 NA
2012 NA
2012 NA
2012 0
2012 0
2012 0
2012 0
2012 0
2012 0
2012 0
2012 12
2012 20
2012 27
2012 46
2012 43
2012 41
2012 40
2012 38
2012 35
2012 33
2012 32
2012 32
2012 31
2012 31
2012 31
2012 32
2012 33
2012 34
2012 33
2012 37
2012 63
2012 58
2012 55
2012 61
2012 58
2012 54
2012 53
2012 51
2012 51
2012 49
2012 47
2012 44
2012 44
2012 44
2012 44
2012 44
2012 44
2012 45
2012 60
2012 55
2012 50
2012 50
2012 49
2012 50
2012 49
2012 49
2012 52
2012 51
2012 54
2012 60
2012 70
2012 70
2012 69
2012 65
2012 64
2012 67
2012 70
2012 67
2012 65
2012 63
2012 64
2012 63
2012 63
2012 61
2012 53
2012 53
2012 53
2012 54
2012 68
2012 67
2012 64
2012 63
2012 59
2012 55
2012 52
2012 52
2012 52
2012 50
2012 47
2012 40
2012 33
2012 33
2012 39
2012 52
2012 50
2012 48
2012 47
2012 46
2012 44
2012 41
2012 39
2012 36
2012 33
2012 28
2012 24
2012 23
2012 25
2012 28
2012 26
2012 20
2012 18
2012 13
2012 8
2012 3
2012 1
2012 0
2012 0
2012 0
2012 0
2012 1
2012 1
2012 1
2012 1
2012 7
2012 2
2012 0
2012 1
2012 0
2012 1
2012 21
2012 30
2012 19
2012 17
2012 18
2012 26
2012 19
2012 18
2012 30
2012 26
2012 24
2012 32
2012 34
2012 54
2012 52
2012 38
2012 28
2012 19
2012 12
2012 5
2012 2
2012 1
2012 0
2012 0
2012 1
2012 0
2012 0
2012 0
2012 0
2012 0
2012 0
2012 0
2012 0
2012 0
2012 0
2012 0
2012 0
2012 0
2012 0
2012 1
2012 3
2012 3
2012 0
2012 0
2012 0
2012 0
2012 1
2012 1
2012 0
2012 0
2012 1
2012 1
2012 0
2012 1
2012 1
2012 0
2012 0
2012 0
2012 0
2012 0
2012 0
2012 0
2012 0
2012 0
2012 0
2012 0
2012 0
2012 0
2012 0
2012 0
2012 0
2012 0
2012 0
2012 0
2012 0
2012 0
2012 0
2012 0
2012 0
2012 0
2012 0
2012 0
2012 0
2012 0
2012 0
2012 0
2012 0
2012 0
2012 0
2012 0
2012 0
2012 0
2012 0
2012 0
2012 1
2012 1
2012 0
2012 0
2012 0
2012 0
2012 0
2012 0
2012 0
2012 0
2012 0
2012 0
2012 0
2012 0
2012 0
2012 0
2012 0
2012 0
2012 0
2012 1
2012 0
2012 0
2012 0
2012 0
2012 0
2012 0
2012 0
2012 0
2012 0
2012 0
2012 0
2012 0
2012 0
2012 0
2012 0
2012 0
2012 0
2012 0
2012 0
2012 0
2012 0
2012 0
2012 0
2012 0
2012 0
2012 0
2012 0
2012 0
2012 0
2013 0
2013 0
2013 0
2013 0
2013 0
2013 0
2013 0
2013 0
2013 0
2013 0
2013 0
2013 0
2013 0
2013 0
2013 0
2013 0
2013 0
2013 0
2013 0
2013 0
2013 0
2013 0
2013 0
2013 0
2013 0
2013 0
2013 0
2013 0
2013 1
2013 1
2013 1
2013 1
2013 0
2013 0
2013 0
2013 0
2013 0
2013 0
2013 1
2013 0
2013 0
2013 0
2013 0
2013 0
2013 11
2013 26
2013 17
2013 5
2013 0
2013 0
2013 0
2013 0
2013 0
2013 0
2013 0
2013 0
2013 1
2013 23
2013 38
2013 32
2013 30
2013 43
2013 33
2013 31
2013 23
2013 14
2013 12
2013 12
2013 12
2013 11
2013 14
2013 38
2013 38
2013 37
2013 36
2013 36
2013 35
2013 36
2013 36
2013 36
2013 35
2013 34
2013 35
2013 34
2013 34
2013 34
2013 31
2013 31
2013 61
2013 87
2013 83
2013 77
2013 76
2013 74
2013 74
2013 71
2013 71
2013 71
2013 71
2013 70
2013 69
2013 68
2013 68
2013 68
2013 79
2013 93
2013 92
2013 89
2013 87
2013 85
2013 85
2013 84
2013 83
2013 81
2013 80
2013 80
2013 83
2013 84
2013 83
2013 82
2013 81
2013 80
2013 79
2013 92
2013 92
2013 90
2013 86
2013 85
2013 83
2013 82
2013 80
2013 78
2013 78
2013 78
2013 79
2013 82
2013 84
2013 105
2013 112
2013 110
2013 105
2013 114
2013 125
2013 133
2013 128
2013 123
2013 120
2013 118
2013 113
2013 106
2013 108
2013 107
2013 105
2013 103
2013 111
2013 112
2013 110
2013 108
2013 113
2013 111
2013 109
2013 109
2013 108
2013 111
2013 126
2013 124
2013 122
2013 121
2013 119
2013 119
2013 115
2013 116
2013 114
2013 115
2013 121
2013 124
2013 145
2013 146
2013 143
2013 135
2013 133
2013 131
2013 129
2013 127
2013 126
2013 125
2013 126
2013 127
2013 124
2013 120
2013 115
2013 116
2013 119
2013 119
2013 119
2013 119
2013 118
2013 119
2013 154
2013 168
2013 153
2013 154
2013 149
2013 145
2013 147
2013 152
2013 150
2013 148
2013 150
2013 158
2013 157
2013 160
2013 156
2013 152
2013 148
2013 145
2013 146
2013 146
2013 142
2013 143
2013 146
2013 143
2013 139
2013 138
2013 136
2013 132
2013 124
2013 116
2013 106
2013 97
2013 88
2013 93
2013 125
2013 116
2013 104
2013 93
2013 86
2013 80
2013 74
2013 68
2013 59
2013 53
2013 48
2013 36
2013 22
2013 11
2013 5
2013 1
2013 0
2013 0
2013 0
2013 0
2013 0
2013 0
2013 0
2013 0
2013 0
2013 7
2013 9
2013 3
2013 0
2013 0
2013 0
2013 0
2013 0
2013 15
2013 15
2013 2
2013 1
2013 0
2013 0
2013 0
2013 0
2013 0
2013 0
2013 0
2013 0
2013 0
2013 0
2013 0
2013 0
2013 0
2013 0
2013 0
2013 0
2013 0
2013 0
2013 0
2013 0
2013 0
2013 0
2013 0
2013 1
2013 1
2013 0
2013 0
2013 2
2013 2
2013 2
2013 2
2013 5
2013 2
2013 2
2013 0
2013 0
2013 2
2013 2
2013 3
2013 4
2013 4
2013 4
2013 2
2013 3
2013 2
2013 0
2013 0
2013 0
2013 0
2013 0
2013 0
2013 0
2013 0
2013 0
2013 0
2013 0
2013 0
2013 0
2013 0
2013 0
2013 0
2013 0
2013 0
2013 0
2013 0
2013 0
2013 0
2013 0
2013 0
2013 0
2013 0
2013 0
2013 0
2013 0
2013 0
2013 0
2013 0
2013 0
2013 0
2013 0
2013 0
2013 0
2013 0
2013 0
2013 0
2013 0
2013 0
2013 0
2013 0
2013 0
2013 0
2013 0
2013 0
2013 0
2013 0
2013 0
2014 0
2014 0
2014 0
2014 0
2014 0
2014 0
2014 0
2014 0
2014 0
2014 0
2014 0
2014 0
2014 0
2014 0
2014 0
2014 0
2014 0
2014 0
2014 0
2014 0
2014 0
2014 0
2014 0
2014 0
2014 0
2014 0
2014 0
2014 0
2014 0
2014 0
2014 0
2014 0
2014 0
2014 0
2014 0
2014 0
2014 0
2014 0
2014 0
2014 0
2014 19
2014 43
2014 34
2014 17
2014 9
2014 3
2014 0
2014 0
2014 0
2014 0
2014 0
2014 0
2014 0
2014 0
2014 0
2014 0
2014 0
2014 0
2014 0
2014 0
2014 0
2014 0
2014 0
2014 0
2014 0
2014 0
2014 9
2014 8
2014 0
2014 0
2014 1
2014 4
2014 2
2014 0
2014 0
2014 14
2014 12
2014 12
2014 12
2014 14
2014 19
2014 29
2014 65
2014 74
2014 89
2014 78
2014 72
2014 66
2014 62
2014 59
2014 56
2014 52
2014 50
2014 48
2014 47
2014 46
2014 40
2014 16
2014 15
2014 15
2014 14
2014 15
2014 14
2014 15
2014 16
2014 15
2014 15
2014 16
2014 15
2014 16
2014 23
2014 24
2014 24
2014 24
2014 25
2014 43
2014 103
2014 116
2014 106
2014 105
2014 101
2014 97
2014 94
2014 94
2014 95
2014 106
2014 143
2014 141
2014 133
2014 129
2014 125
2014 122
2014 119
2014 116
2014 114
2014 130
2014 133
2014 128
2014 145
2014 157
2014 166
2014 164
2014 156
2014 151
2014 145
2014 143
2014 141
2014 140
2014 139
2014 145
2014 143
2014 153
2014 200
2014 201
2014 219
2014 236
2014 251
2014 248
2014 240
2014 234
2014 240
2014 241
2014 241
2014 255
2014 246
2014 239
2014 240
2014 229
2014 226
2014 242
2014 236
2014 241
2014 238
2014 229
2014 231
2014 228
2014 225
2014 223
2014 223
2014 227
2014 227
2014 249
2014 275
2014 266
2014 261
2014 253
2014 249
2014 238
2014 230
2014 226
2014 216
2014 210
2014 212
2014 215
2014 212
2014 208
2014 203
2014 196
2014 192
2014 191
2014 186
2014 181
2014 175
2014 196
2014 199
2014 194
2014 192
2014 187
2014 181
2014 179
2014 176
2014 174
2014 168
2014 162
2014 159
2014 154
2014 144
2014 137
2014 131
2014 125
2014 120
2014 113
2014 106
2014 101
2014 94
2014 88
2014 88
2014 82
2014 76
2014 73
2014 88
2014 84
2014 82
2014 78
2014 73
2014 66
2014 58
2014 49
2014 48
2014 44
2014 37
2014 45
2014 47
2014 42
2014 36
2014 30
2014 23
2014 16
2014 8
2014 3
2014 0
2014 0
2014 0
2014 0
2014 0
2014 0
2014 0
2014 0
2014 0
2014 0
2014 0
2014 0
2014 0
2014 0
2014 0
2014 0
2014 0
2014 0
2014 0
2014 0
2014 0
2014 0
2014 0
2014 0
2014 0
2014 0
2014 0
2014 0
2014 0
2014 0
2014 0
2014 0
2014 0
2014 0
2014 0
2014 0
2014 0
2014 0
2014 0
2014 0
2014 0
2014 0
2014 0
2014 0
2014 0
2014 0
2014 0
2014 0
2014 0
2014 1
2014 0
2014 1
2014 1
2014 3
2014 4
2014 1
2014 0
2014 1
2014 0
2014 3
2014 3
2014 1
2014 1
2014 0
2014 1
2014 2
2014 0
2014 0
2014 0
2014 0
2014 0
2014 1
2014 3
2014 4
2014 2
2014 1
2014 3
2014 1
2014 2
2014 0
2014 2
2014 1
2014 0
2014 0
2014 0
2014 0
2014 0
2014 0
2014 0
2014 0
2014 0
2014 0
2014 0
2014 0
2014 0
2014 0
2014 0
2014 0
2014 0
2014 0
2014 0
2014 0
2014 0
2014 0
2014 0
2014 0
2014 0
2014 0
2014 0
2014 0
2014 0
2014 0
2014 0
2014 0
2014 0
2015 0
2015 0
2015 0
2015 0
2015 0
2015 0
2015 0
2015 0
2015 0
2015 0
2015 0
2015 0
2015 0
2015 0
2015 1
2015 1
2015 1
2015 1
2015 1
2015 1
2015 0
2015 0
2015 0
2015 1
2015 0
2015 0
2015 0
2015 0
2015 0
2015 0
2015 1
2015 0
2015 0
2015 0
2015 0
2015 0
2015 0
2015 1
2015 0
2015 0
2015 0
2015 0
2015 1
2015 0
2015 0
2015 0
2015 0
2015 0
2015 0
2015 0
2015 0
2015 1
2015 0
2015 0
2015 0
2015 0
2015 0
2015 0
2015 0
2015 0
2015 0
2015 0
2015 0
2015 0
2015 1
2015 7
2015 12
2015 10
2015 7
2015 6
2015 3
2015 3
2015 0
2015 0
2015 0
2015 3
2015 32
2015 34
2015 48
2015 45
2015 40
2015 37
2015 34
2015 32
2015 28
2015 26
2015 21
2015 16
2015 16
2015 13
2015 11
2015 20
2015 24
2015 21
2015 31
2015 34
2015 32
2015 32
2015 32
2015 41
2015 39
2015 38
2015 37
2015 36
2015 35
2015 35
2015 34
2015 37
2015 37
2015 36
2015 35
2015 35
2015 35
2015 34
2015 33
2015 33
2015 33
2015 37
2015 41
2015 39
2015 39
2015 38
2015 37
2015 37
2015 36
2015 38
2015 37
2015 37
2015 37
2015 36
2015 35
2015 27
2015 24
2015 24
2015 23
2015 24
2015 24
2015 30
2015 75
2015 80
2015 74
2015 70
2015 70
2015 87
2015 84
2015 79
2015 76
2015 73
2015 71
2015 69
2015 67
2015 75
2015 75
2015 74
2015 73
2015 71
2015 71
2015 86
2015 117
2015 111
2015 105
2015 99
2015 94
2015 92
2015 90
2015 89
2015 89
2015 108
2015 112
2015 106
2015 103
2015 101
2015 99
2015 102
2015 130
2015 123
2015 127
2015 129
2015 125
2015 122
2015 120
2015 118
2015 118
2015 117
2015 117
2015 119
2015 113
2015 112
2015 109
2015 108
2015 106
2015 104
2015 102
2015 101
2015 99
2015 98
2015 113
2015 121
2015 114
2015 107
2015 102
2015 100
2015 106
2015 102
2015 99
2015 102
2015 111
2015 103
2015 100
2015 96
2015 94
2015 90
2015 86
2015 85
2015 83
2015 81
2015 87
2015 82
2015 80
2015 76
2015 72
2015 67
2015 62
2015 56
2015 49
2015 44
2015 40
2015 35
2015 29
2015 22
2015 16
2015 10
2015 3
2015 0
2015 0
2015 0
2015 0
2015 0
2015 0
2015 0
2015 0
2015 0
2015 0
2015 0
2015 1
2015 1
2015 0
2015 0
2015 0
2015 0
2015 0
2015 0
2015 0
2015 0
2015 0
2015 0
2015 1
2015 0
2015 0
2015 0
2015 1
2015 2
2015 3
2015 1
2015 1
2015 0
2015 1
2015 1
2015 0
2015 0
2015 0
2015 0
2015 0
2015 0
2015 0
2015 0
2015 0
2015 0
2015 0
2015 0
2015 2
2015 1
2015 1
2015 0
2015 0
2015 2
2015 2
2015 3
2015 2
2015 1
2015 0
2015 0
2015 1
2015 1
2015 1
2015 0
2015 0
2015 0
2015 1
2015 1
2015 0
2015 0
2015 0
2015 0
2015 0
2015 0
2015 0
2015 0
2015 0
2015 1
2015 1
2015 0
2015 0
2015 0
2015 0
2015 0
2015 0
2015 0
2015 0
2015 0
2015 0
2015 0
2015 0
2015 0
2015 0
2015 0
2015 0
2015 0
2015 0
2015 0
2015 0
2015 1
2015 0
2015 1
2015 1
2015 0
2015 0
2015 0
2015 0
2015 0
2015 0
2015 0
2015 0
2015 0
2015 0
2015 0
2015 0
2015 0
2015 1
2015 1
2015 1
2015 0
2015 0
2015 0
2015 0
2015 1
2015 1
2015 1
2015 1
2015 0
2015 0
2015 0
2015 0
2015 0
2015 0
2016 0
2016 0
2016 1
2016 1
2016 2
2016 0
2016 0
2016 0
2016 0
2016 1
2016 1
2016 1
2016 2
2016 1
2016 0
2016 0
2016 0
2016 0
2016 0
2016 0
2016 0
2016 0
2016 5
2016 6
2016 1
2016 0
2016 0
2016 0
2016 1
2016 1
2016 3
2016 1
2016 1
2016 0
2016 0
2016 0
2016 0
2016 1
2016 1
2016 1
2016 0
2016 0
2016 0
2016 1
2016 6
2016 18
2016 16
2016 14
2016 9
2016 7
2016 7
2016 5
2016 2
2016 0
2016 0
2016 0
2016 0
2016 0
2016 1
2016 0
2016 0
2016 0
2016 0
2016 0
2016 0
2016 0
2016 0
2016 0
2016 0
2016 0
2016 0
2016 0
2016 0
2016 0
2016 0
2016 0
2016 0
2016 0
2016 0
2016 0
2016 0
2016 0
2016 0
2016 0
2016 0
2016 1
2016 0
2016 0
2016 0
2016 0
2016 0
2016 0
2016 0
2016 0
2016 0
2016 0
2016 0
2016 0
2016 0
2016 0
2016 0
2016 0
2016 0
2016 0
2016 0
2016 0
2016 0
2016 0
2016 0
2016 0
2016 0
2016 0
2016 0
2016 0
2016 0
2016 0
2016 0
2016 0
2016 0
2016 0
2016 0
2016 0
2016 0
2016 1
2016 4
2016 13
2016 11
2016 9
2016 11
2016 12
2016 16
2016 35
2016 56
2016 67
2016 63
2016 60
2016 58
2016 56
2016 54
2016 52
2016 52
2016 51
2016 50
2016 49
2016 49
2016 48
2016 47
2016 46
2016 45
2016 44
2016 42
2016 42
2016 42
2016 42
2016 39
2016 41
2016 43
2016 39
2016 38
2016 55
2016 85
2016 79
2016 102
2016 93
2016 87
2016 88
2016 85
2016 78
2016 88
2016 92
2016 91
2016 87
2016 85
2016 79
2016 71
2016 70
2016 67
2016 70
2016 69
2016 68
2016 106
2016 122
2016 120
2016 114
2016 122
2016 116
2016 135
2016 158
2016 149
2016 149
2016 143
2016 138
2016 133
2016 129
2016 126
2016 123
2016 121
2016 123
2016 119
2016 117
2016 115
2016 113
2016 110
2016 107
2016 106
2016 103
2016 102
2016 100
2016 97
2016 94
2016 89
2016 88
2016 82
2016 74
2016 69
2016 66
2016 59
2016 52
2016 44
2016 37
2016 33
2016 29
2016 24
2016 17
2016 9
2016 2
2016 0
2016 0
2016 0
2016 0
2016 0
2016 0
2016 0
2016 0
2016 0
2016 0
2016 0
2016 0
2016 0
2016 8
2016 6
2016 0
2016 0
2016 6
2016 7
2016 1
2016 0
2016 0
2016 0
2016 0
2016 0
2016 0
2016 0
2016 0
2016 0
2016 0
2016 0
2016 0
2016 0
2016 0
2016 0
2016 1
2016 1
2016 0
2016 0
2016 7
2016 7
2016 0
2016 0
2016 0
2016 0
2016 0
2016 0
2016 0
2016 0
2016 0
2016 0
2016 0
2016 0
2016 0
2016 0
2016 1
2016 1
2016 0
2016 0
2016 0
2016 0
2016 0
2016 0
2016 0
2016 0
2016 0
2016 0
2016 0
2016 0
2016 0
2016 0
2016 0
2016 1
2016 1
2016 0
2016 0
2016 0
2016 0
2016 1
2016 1
2016 0
2016 0
2016 1
2016 0
2016 0
2016 0
2016 0
2016 0
2016 1
2016 1
2016 1
2016 0
2016 0
2016 0
2016 0
2016 0
2016 0
2016 0
2016 0
2016 1
2016 1
2016 0
2016 0
2016 0
2016 0
2016 1
2016 0
2016 0
2016 0
2016 0
2016 0
2016 0
2016 0
2016 1
2016 0
2016 0
2016 0
2016 0
2016 0
2016 0
2016 0
2016 0
2016 0
2016 0
2016 0
2016 0
2016 0
2016 1
2016 1
2016 0
2016 0
2016 0
2016 0
2016 2
2016 2
2016 1
2016 0
2016 1
2016 1
2016 0
2017 0
2017 0
2017 0
2017 0
2017 0
2017 0
2017 0
2017 0
2017 0
2017 0
2017 0
2017 0
2017 0
2017 0
2017 0
2017 0
2017 0
2017 0
2017 0
2017 0
2017 0
2017 0
2017 0
2017 0
2017 0
2017 0
2017 0
2017 0
2017 0
2017 0
2017 0
2017 1
2017 0
2017 0
2017 0
2017 0
2017 0
2017 0
2017 1
2017 16
2017 11
2017 11
2017 10
2017 8
2017 3
2017 0
2017 0
2017 0
2017 0
2017 0
2017 0
2017 1
2017 1
2017 0
2017 0
2017 1
2017 0
2017 0
2017 0
2017 0
2017 0
2017 0
2017 0
2017 0
2017 0
2017 7
2017 9
2017 16
2017 14
2017 13
2017 14
2017 15
2017 15
2017 15
2017 14
2017 13
2017 12
2017 9
2017 9
2017 13
2017 11
2017 11
2017 9
2017 6
2017 4
2017 2
2017 2
2017 0
2017 0
2017 0
2017 0
2017 0
2017 0
2017 0
2017 0
2017 1
2017 0
2017 1
2017 0
2017 0
2017 0
2017 0
2017 0
2017 0
2017 0
2017 0
2017 0
2017 0
2017 0
2017 0
2017 1
2017 0
2017 1
2017 2
2017 2
2017 1
2017 0
2017 0
2017 0
2017 0
2017 0
2017 0
2017 0
2017 0
2017 0
2017 0
2017 0
2017 0
2017 0
2017 0
2017 0
2017 0
2017 0
2017 1
2017 14
2017 15
2017 13
2017 12
2017 12
2017 12
2017 11
2017 11
2017 11
2017 10
2017 10
2017 10
2017 10
2017 10
2017 11
2017 10
2017 11
2017 11
2017 14
2017 25
2017 25
2017 39
2017 46
2017 57
2017 73
2017 69
2017 64
2017 61
2017 60
2017 64
2017 61
2017 58
2017 56
2017 54
2017 53
2017 53
2017 51
2017 51
2017 51
2017 48
2017 46
2017 45
2017 43
2017 42
2017 42
2017 42
2017 55
2017 79
2017 74
2017 71
2017 76
2017 86
2017 90
2017 86
2017 82
2017 78
2017 71
2017 68
2017 67
2017 66
2017 65
2017 62
2017 59
2017 56
2017 51
2017 43
2017 39
2017 32
2017 27
2017 26
2017 22
2017 17
2017 14
2017 10
2017 4
2017 0
2017 0
2017 0
2017 0
2017 0
2017 0
2017 0
2017 0
2017 0
2017 0
2017 0
2017 0
2017 0
2017 0
2017 0
2017 0
2017 0
2017 0
2017 0
2017 0
2017 0
2017 0
2017 0
2017 0
2017 0
2017 0
2017 0
2017 0
2017 8
2017 20
2017 26
2017 22
2017 16
2017 20
2017 27
2017 24
2017 21
2017 19
2017 16
2017 13
2017 7
2017 1
2017 0
2017 0
2017 0
2017 0
2017 0
2017 0
2017 0
2017 0
2017 0
2017 0
2017 0
2017 0
2017 0
2017 0
2017 0
2017 0
2017 0
2017 0
2017 0
2017 0
2017 0
2017 0
2017 0
2017 0
2017 0
2017 0
2017 1
2017 0
2017 0
2017 0
2017 0
2017 0
2017 0
2017 1
2017 0
2017 1
2017 0
2017 0
2017 0
2017 0
2017 0
2017 0
2017 0
2017 0
2017 0
2017 0
2017 1
2017 0
2017 0
2017 3
2017 1
2017 1
2017 0
2017 0
2017 0
2017 0
2017 0
2017 0
2017 0
2017 0
2017 0
2017 0
2017 0
2017 0
2017 0
2017 0
2017 0
2017 0
2017 0
2017 0
2017 0
2017 0
2017 0
2017 0
2017 0
2017 0
2017 0
2017 0
2017 0
2017 0
2017 0
2017 1
2017 0
2017 0
2017 1
2017 0
2017 0
2017 0
2017 1
2017 0
2017 0
2017 0
2017 0
2017 0
2017 0
2017 0
2017 0
2017 0
2017 0
2017 0
2017 0
2017 0
2017 0
2017 0
2017 0
2017 0
2017 0
2017 0
2017 0
2017 0
2017 0
2017 0
2017 0
2017 0
2018 0
2018 0
2018 0
2018 0
2018 0
2018 0
2018 0
2018 0
2018 0
2018 0
2018 0
2018 0
2018 0
2018 0
2018 0
2018 0
2018 0
2018 0
2018 0
2018 0
2018 0
2018 0
2018 0
2018 0
2018 0
2018 0
2018 0
2018 0
2018 0
2018 0
2018 0
2018 0
2018 0
2018 0
2018 0
2018 0
2018 0
2018 0
2018 0
2018 0
2018 0
2018 0
2018 0
2018 0
2018 0
2018 0
2018 0
2018 0
2018 0
2018 0
2018 0
2018 0
2018 0
2018 0
2018 0
2018 0
2018 0
2018 0
2018 0
2018 0
2018 0
2018 0
2018 0
2018 2
2018 23
2018 16
2018 31
2018 36
2018 32
2018 21
2018 21
2018 19
2018 17
2018 28
2018 25
2018 23
2018 21
2018 20
2018 20
2018 20
2018 19
2018 17
2018 16
2018 15
2018 13
2018 15
2018 19
2018 19
2018 19
2018 21
2018 25
2018 25
2018 24
2018 24
2018 24
2018 23
2018 23
2018 23
2018 25
2018 28
2018 30
2018 64
2018 93
2018 85
2018 82
2018 81
2018 79
2018 77
2018 75
2018 73
2018 71
2018 71
2018 70
2018 69
2018 66
2018 64
2018 64
2018 90
2018 115
2018 106
2018 101
2018 96
2018 95
2018 89
2018 90
2018 101
2018 100
2018 96
2018 94
2018 93
2018 111
2018 114
2018 110
2018 107
2018 104
2018 103
2018 100
2018 101
2018 103
2018 101
2018 98
2018 97
2018 99
2018 79
2018 78
2018 77
2018 77
2018 76
2018 76
2018 76
2018 75
2018 74
2018 74
2018 86
2018 105
2018 102
2018 99
2018 97
2018 95
2018 101
2018 100
2018 100
2018 99
2018 97
2018 95
2018 93
2018 92
2018 91
2018 88
2018 86
2018 88
2018 86
2018 85
2018 85
2018 85
2018 87
2018 87
2018 90
2018 91
2018 90
2018 91
2018 100
2018 104
2018 104
2018 101
2018 102
2018 103
2018 110
2018 116
2018 111
2018 110
2018 112
2018 121
2018 116
2018 112
2018 113
2018 125
2018 121
2018 140
2018 140
2018 136
2018 135
2018 130
2018 127
2018 125
2018 123
2018 121
2018 120
2018 118
2018 116
2018 123
2018 122
2018 121
2018 117
2018 117
2018 124
2018 124
2018 117
2018 114
2018 108
2018 103
2018 100
2018 101
2018 121
2018 124
2018 114
2018 106
2018 101
2018 93
2018 86
2018 79
2018 72
2018 63
2018 52
2018 42
2018 32
2018 22
2018 7
2018 0
2018 0
2018 0
2018 0
2018 0
2018 0
2018 0
2018 0
2018 0
2018 0
2018 0
2018 0
2018 0
2018 0
2018 0
2018 0
2018 0
2018 0
2018 0
2018 0
2018 0
2018 0
2018 0
2018 0
2018 0
2018 0
2018 0
2018 0
2018 0
2018 0
2018 0
2018 0
2018 0
2018 0
2018 0
2018 0
2018 0
2018 0
2018 0
2018 1
2018 2
2018 3
2018 4
2018 3
2018 6
2018 10
2018 11
2018 11
2018 14
2018 14
2018 12
2018 14
2018 16
2018 14
2018 16
2018 17
2018 17
2018 15
2018 18
2018 22
2018 13
2018 16
2018 18
2018 13
2018 11
2018 12
2018 18
2018 24
2018 7
2018 0
2018 0
2018 0
2018 0
2018 0
2018 0
2018 0
2018 0
2018 0
2018 0
2018 0
2018 0
2018 0
2018 0
2018 0
2018 0
2018 0
2018 0
2018 0
2018 0
2018 0
2018 0
2018 0
2018 0
2018 0
2018 0
2018 0
2018 0
2018 0
2018 0
2018 0
2018 0
2018 0
2018 1
2018 1
2018 1
2018 1
2018 1
2018 1
2018 2
2018 1
2018 1
2018 1
2018 1
2018 2
2018 2
2018 3
2018 2
2018 2
2018 3
2018 3
2018 3
2018 4
2018 2
2018 3
2018 2
2018 3
2018 3
2020 1
2020 1
2020 1
2020 1
2020 2
2020 2
2020 3
2020 4
2020 3
2020 1
2020 1
2020 0
2020 0
2020 0
2020 0
2020 0
2020 0
2020 0
2020 0
2020 0
2020 0
2020 0
2020 0
2020 0
2020 0
2020 0
2020 0
2020 0
2020 0
2020 0
2020 0
2020 0
2020 0
2020 0
2020 0
2020 0
2020 0
2020 0
2020 0
2020 0
2020 0
2020 0
2020 0
2020 0
2020 0
2020 0
2020 0
2020 0
2020 0
2020 0
2020 0
2020 0
2020 0
2020 0
2020 0
2020 0
2020 0
2020 0
2020 0
2020 0
2020 0
2020 0
2020 0
2020 3
2020 11
2020 11
2020 15
2020 17
2020 39
2020 39
2020 35
2020 36
2020 50
2020 70
2020 65
2020 101
2020 127
2020 140
2020 138
2020 153
2020 149
2020 142
2020 137
2020 147
2020 171
2020 158
2020 148
2020 144
2020 144
2020 138
2020 134
2020 132
2020 141
2020 137
2020 134
2020 131
2020 129
2020 126
2020 125
2020 125
2020 123
2020 122
2020 124
2020 131
2020 132
2020 129
2020 125
2020 121
2020 116
2020 112
2020 117
2020 145
2020 153
2020 146
2020 142
2020 138
2020 131
2020 130
2020 128
2020 126
2020 126
2020 125
2020 124
2020 123
2020 122
2020 122
2020 119
2020 118
2020 117
2020 117
2020 115
2020 115
2020 114
2020 114
2020 114
2020 115
2020 114
2020 114
2020 114
2020 122
2020 124
2020 122
2020 121
2020 118
2020 118
2020 118
2020 118
2020 117
2020 117
2020 125
2020 127
2020 126
2020 124
2020 122
2020 121
2020 118
2020 117
2020 117
2020 116
2020 115
2020 116
2020 115
2020 116
2020 115
2020 114
2020 114
2020 117
2020 114
2020 113
2020 112
2020 111
2020 111
2020 110
2020 110
2020 109
2020 106
2020 103
2020 100
2020 100
2020 100
2020 100
2020 98
2020 107
2020 120
2020 141
2020 139
2020 137
2020 144
2020 136
2020 136
2020 136
2020 136
2020 126
2020 119
2020 112
2020 128
2020 131
2020 124
2020 120
2020 115
2020 111
2020 109
2020 109
2020 109
2020 109
2020 108
2020 108
2020 111
2020 112
2020 108
2020 107
2020 128
2020 130
2020 123
2020 120
2020 117
2020 114
2020 110
2020 107
2020 102
2020 97
2020 92
2020 87
2020 82
2020 75
2020 69
2020 65
2020 60
2020 55
2020 48
2020 42
2020 33
2020 26
2020 21
2020 15
2020 7
2020 1
2020 0
2020 0
2020 0
2020 0
2020 0
2020 0
2020 2
2020 0
2020 0
2020 0
2020 0
2020 0
2020 0
2020 0
2020 0
2020 0
2020 0
2020 0
2020 0
2020 0
2020 0
2020 0
2020 0
2020 0
2020 0
2020 0
2020 0
2020 0
2020 0
2020 0
2020 0
2020 0
2020 1
2020 1
2020 1
2020 1
2020 0
2020 1
2020 1
2020 1
2020 2
2020 2
2020 3
2020 3
2020 2
2020 3
2020 4
2020 4
2020 4
2020 4
2020 5
2020 1
2020 0
2020 0
2020 0
2020 0
2020 0
2020 0
2020 0
2020 0
2020 0
2020 0
2020 0
2020 0
2020 0
2020 0
2020 0
2020 0
2020 0
2020 1
2020 0
2020 0
2020 0
2020 0
2020 1
2020 1
2020 1
2020 2
2020 0
2020 1
2020 2
2020 2
2020 3
2020 2
2020 1
2020 2
2020 1
2020 2
2020 3
2020 1
2020 2
2020 0
2020 3
2020 7
2020 4
2020 1
2020 0
2020 0
2020 0
2020 0
2020 0
2020 0
2020 0
2020 0
2020 0
2020 0
2020 0
2020 0
2020 0
2020 0
2020 0
2020 0
2020 0
2020 0
2020 0
2020 0
2020 0
2020 0
2020 0
2020 0
2020 0
2020 0
2020 0
2020 0
2020 0
2020 1
2020 0
2020 0
2020 0
2021 1
2021 2
2021 2
2021 1
2021 1
2021 2
2021 2
2021 2
2021 2
2021 2
2021 1
2021 1
2021 1
2021 0
2021 0
2021 0
2021 0
2021 0
2021 0
2021 0
2021 0
2021 0
2021 0
2021 0
2021 2
2021 1
2021 0
2021 0
2021 0
2021 0
2021 0
2021 1
2021 0
2021 0
2021 5
2021 1
2021 0
2021 0
2021 0
2021 0
2021 10
2021 11
2021 8
2021 6
2021 19
2021 30
2021 21
2021 18
2021 15
2021 12
2021 9
2021 3
2021 0
2021 0
2021 0
2021 6
2021 27
2021 21
2021 17
2021 13
2021 9
2021 7
2021 2
2021 0
2021 0
2021 0
2021 0
2021 0
2021 0
2021 0
2021 0
2021 0
2021 0
2021 0
2021 0
2021 0
2021 2
2021 2
2021 1
2021 0
2021 8
2021 7
2021 7
2021 6
2021 5
2021 5
2021 6
2021 6
2021 6
2021 6
2021 6
2021 7
2021 22
2021 29
2021 42
2021 96
2021 142
2021 159
2021 175
2021 184
2021 180
2021 168
2021 160
2021 155
2021 150
2021 145
2021 150
2021 146
2021 142
2021 139
2021 136
2021 134
2021 131
2021 129
2021 128
2021 129
2021 128
2021 126
2021 143
2021 153
2021 150
2021 147
2021 148
2021 175
2021 195
2021 184
2021 180
2021 181
2021 176
2021 171
2021 167
2021 163
2021 160
2021 158
2021 154
2021 152
2021 153
2021 151
2021 149
2021 147
2021 144
2021 140
2021 146
2021 169
2021 194
2021 189
2021 185
2021 180
2021 177
2021 183
2021 183
2021 180
2021 190
2021 186
2021 182
2021 180
2021 178
2021 175
2021 172
2021 187
2021 203
2021 196
2021 199
2021 192
2021 184
2021 181
2021 179
2021 178
2021 174
2021 169
2021 167
2021 166
2021 165
2021 162
2021 161
2021 159
2021 154
2021 150
2021 148
2021 145
2021 143
2021 142
2021 140
2021 137
2021 137
2021 134
2021 132
2021 131
2021 130
2021 130
2021 131
2021 129
2021 129
2021 127
2021 131
2021 128
2021 128
2021 128
2021 127
2021 126
2021 127
2021 127
2021 126
2021 125
2021 122
2021 119
2021 115
2021 114
2021 111
2021 106
2021 101
2021 96
2021 91
2021 85
2021 82
2021 79
2021 75
2021 73
2021 73
2021 73
2021 71
2021 70
2021 70
2021 79
2021 94
2021 88
2021 94
2021 90
2021 86
2021 84
2021 84
2021 81
2021 79
2021 76
2021 73
2021 68
2021 61
2021 58
2021 54
2021 48
2021 43
2021 38
2021 33
2021 31
2021 27
2021 21
2021 15
2021 11
2021 7
2021 2
2021 0
2021 0
2021 0
2021 0
2021 0
2021 0
2021 0
2021 0
2021 0
2021 0
2021 0
2021 0
2021 0
2021 0
2021 0
2021 0
2021 0
2021 0
2021 0
2021 0
2021 0
2021 0
2021 0
2021 0
2021 0
2021 0
2021 0
2021 0
2021 1
2021 1
2021 2
2021 3
2021 3
2021 3
2021 2
2021 1
2021 2
2021 3
2021 3
2021 4
2021 4
2021 2
2021 3
2021 3
2021 0
2021 0
2021 0
2021 0
2021 0
2021 0
2021 0
2021 0
2021 0
2021 0
2021 0
2021 0
2021 0
2021 0
2021 0
2021 0
2021 0
2021 0
2021 0
2021 0
2021 0
2021 1
2021 1
2021 0
2021 0
2021 0
2021 0
2021 0
2021 0
2021 0
2021 0
2021 0
2021 0
2021 0
2021 0
2021 0
2021 1
2021 0
2021 0
2021 0
2021 1
2021 0
2021 0
2021 1
2021 0
2021 0
2021 0
2021 0
2021 0
2021 0
2021 0
2021 1
2021 0
2021 0
2021 0
2021 0
2021 0
2021 0
2021 0
2021 0
2021 0
2021 1
2021 0
2021 0
2021 0
2021 0
2021 0
2021 0
2021 0
2021 0
2021 0
2022 0
2022 0
2022 0
2022 0
2022 0
2022 0
2022 0
2022 0
2022 0
2022 0
2022 0
2022 0
2022 0
2022 0
2022 0
2022 0
2022 0
2022 0
2022 0
2022 0
2022 0
2022 0
2022 0
2022 0
2022 0
2022 0
2022 0
2022 0
2022 0
2022 0
2022 0
2022 0
2022 0
2022 0
2022 0
2022 0
2022 0
2022 0
2022 0
2022 0
2022 0
2022 0
2022 0
2022 0
2022 0
2022 0
2022 0
2022 0
2022 0
2022 0
2022 0
2022 0
2022 0
2022 0
2022 0
2022 0
2022 0
2022 0
2022 0
2022 0
2022 0
2022 4
2022 11
2022 19
2022 49
2022 46
2022 42
2022 38
2022 35
2022 33
2022 29
2022 26
2022 23
2022 20
2022 30
2022 34
2022 29
2022 26
2022 22
2022 21
2022 20
2022 21
2022 20
2022 19
2022 18
2022 20
2022 25
2022 29
2022 43
2022 45
2022 42
2022 39
2022 40
2022 39
2022 39
2022 50
2022 50
2022 48
2022 54
2022 67
2022 62
2022 60
2022 57
2022 56
2022 54
2022 52
2022 51
2022 51
2022 49
2022 49
2022 49
2022 48
2022 48
2022 48
2022 48
2022 48
2022 48
2022 48
2022 48
2022 48
2022 43
2022 39
2022 39
2022 40
2022 39
2022 39
2022 45
2022 49
2022 49
2022 49
2022 49
2022 48
2022 48
2022 48
2022 48
2022 48
2022 48
2022 48
2022 48
2022 48
2022 48
2022 48
2022 48
2022 48
2022 47
2022 47
2022 47
2022 45
2022 44
2022 43
2022 42
2022 41
2022 41
2022 40
2022 42
2022 42
2022 42
2022 42
2022 41
2022 46
2022 45
2022 44
2022 43
2022 42
2022 42
2022 42
2022 43
2022 65
2022 68
2022 61
2022 55
2022 53
2022 51
2022 49
2022 49
2022 48
2022 48
2022 47
2022 47
2022 46
2022 46
2022 46
2022 46
2022 46
2022 46
2022 46
2022 45
2022 45
2022 45
2022 45
2022 44
2022 43
2022 43
2022 41
2022 37
2022 34
2022 32
2022 29
2022 26
2022 21
2022 18
2022 15
2022 12
2022 8
2022 3
2022 0
2022 0
2022 0
2022 0
2022 0
2022 0
2022 0
2022 36
2022 56
2022 54
2022 46
2022 38
2022 30
2022 25
2022 19
2022 12
2022 9
2022 7
2022 2
2022 0
2022 0
2022 0
2022 0
2022 0
2022 0
2022 0
2022 0
2022 0
2022 0
2022 0
2022 8
2022 1
2022 0
2022 0
2022 0
2022 0
2022 0
2022 0
2022 0
2022 0
2022 0
2022 0
2022 0
2022 0
2022 0
2022 0
2022 0
2022 0
2022 0
2022 0
2022 0
2022 0
2022 0
2022 0
2022 1
2022 0
2022 1
2022 0
2022 1
2022 1
2022 2
2022 2
2022 1
2022 2
2022 2
2022 3
2022 4
2022 4
2022 3
2022 5
2022 6
2022 6
2022 7
2022 8
2022 9
2022 8
2022 7
2022 8
2022 7
2022 7
2022 9
2022 12
2022 15
2022 12
2022 14
2022 17
2022 16
2022 18
2022 11
2022 0
2022 0
2022 0
2022 0
2022 0
2022 0
2022 0
2022 0
2022 0
2022 0
2022 0
2022 0
2022 0
2022 0
2022 0
2022 0
2022 0
2022 0
2022 0
2022 0
2022 0
2022 0
2022 0
2022 0
2022 0
2022 0
2022 0
2022 0
2022 0
2022 0
2022 0
2022 0
2022 0
2022 1
2022 0
2022 0
2022 0
2022 1
2022 0
2022 0
2022 0
2022 0
2022 0
2022 0
2022 0
2022 0
2022 0
2022 0
2022 0
2022 0
2022 0
2022 1
2022 1
2022 0
2022 0
2022 0
2022 0
2022 0
2022 0
2022 1
2022 1
2022 1
2022 0
2022 0
2022 1
2022 1
2022 0
2022 1
2022 0
2022 0
2022 0
2023 0
2023 0
2023 0
2023 0
2023 0
2023 0
2023 0
2023 0
2023 0
2023 0
2023 0
2023 0
2023 0
2023 0
2023 0
2023 0
2023 0
2023 0
2023 0
2023 0
2023 0
2023 0
2023 0
2023 0
2023 0
2023 0
2023 0
2023 0
2023 0
2023 0
2023 0
2023 0
2023 0
2023 0
2023 0
2023 0
2023 0
2023 0
2023 0
2023 0
2023 0
2023 0
2023 0
2023 0
2023 0
2023 0
2023 0
2023 0
2023 0
2023 0
2023 0
2023 0
2023 0
2023 0
2023 0
2023 0
2023 0
2023 0
2023 0
2023 0
2023 0
2023 0
2023 0
2023 0
2023 10
2023 14
2023 11
2023 9
2023 8
2023 4
2023 0
2023 0
2023 0
2023 0
2023 1
2023 1
2023 0
2023 0
2023 0
2023 0
2023 0
2023 0
2023 12
2023 21
2023 19
2023 16
2023 15
2023 15
2023 15
2023 17
2023 18
2023 17
2023 19
2023 22
2023 37
2023 50
2023 51
2023 47
2023 42
2023 52
2023 55
2023 51
2023 49
2023 47
2023 47
2023 47
2023 60
2023 58
2023 57
2023 55
2023 53
2023 51
2023 49
2023 48
2023 47
2023 46
2023 45
2023 44
2023 44
2023 42
2023 42
2023 42
2023 41
2023 38
2023 36
2023 35
2023 33
2023 33
2023 33
2023 36
2023 50
2023 50
2023 48
2023 46
2023 46
2023 45
2023 45
2023 49
2023 53
2023 54
2023 55
2023 56
2023 56
2023 54
2023 66
2023 76
2023 71
2023 68
2023 66
2023 64
2023 62
2023 59
2023 48
2023 48
2023 45
2023 42
2023 40
2023 39
2023 38
2023 41
2023 42
2023 42
2023 42
2023 42
2023 42
2023 40
2023 40
2023 39
2023 39
2023 36
2023 33
2023 31
2023 28
2023 29
2023 27
2023 26
2023 26
2023 26
2023 25
2023 25
2023 26
2023 26
2023 28
2023 27
2023 27
2023 27
2023 26
2023 26
2023 27
2023 26
2023 24
2023 23
2023 21
2023 19
2023 22
2023 21
2023 21
2023 21
2023 20
2023 18
2023 16
2023 14
2023 10
2023 4
2023 0
2023 0
2023 0
2023 0
2023 0
2023 0
2023 0
2023 0
2023 0
2023 0
2023 0
2023 0
2023 0
2023 0
2023 0
2023 0
2023 0
2023 0
2023 0
2023 0
2023 14
2023 18
2023 11
2023 6
2023 2
2023 0
2023 0
2023 1
2023 7
2023 0
2023 0
2023 0
2023 0
2023 0
2023 0
2023 0
2023 0
2023 0
2023 0
2023 0
2023 0
2023 0
2023 0
2023 0
2023 0
2023 0
2023 0
2023 0
2023 0
2023 0
2023 0
2023 0
2023 0
2023 0
2023 0
2023 0
2023 0
2023 0
2023 0
2023 0
2023 0
2023 0
2023 0
2023 0
2023 0
2023 1
2023 0
2023 1
2023 2
2023 2
2023 2
2023 3
2023 3
2023 3
2023 3
2023 3
2023 3
2023 4
2023 4
2023 4
2023 5
2023 3
2023 3
2023 4
2023 2
2023 3
2023 3
2023 3
2023 5
2023 4
2023 5
2023 9
2023 7
2023 6
2023 10
2023 11
2023 5
2023 0
2023 0
2023 0
2023 0
2023 0
2023 0
2023 0
2023 0
2023 0
2023 0
2023 0
2023 0
2023 0
2023 0
2023 0
2023 0
2023 0
2023 0
2023 0
2023 0
2023 0
2023 0
2023 0
2023 0
2023 0
2023 0
2023 1
2023 0
2023 0
2023 0
2023 0
2023 0
2023 0
2023 0
2023 0
2023 0
2023 0
2023 1
2023 1
2023 1
2023 1
2023 0
2023 0
2023 0
2023 0
2023 0
2023 0
2023 0
2023 1
2023 1
2023 1
2023 1
2023 1
2023 2
2023 1
2023 0
2023 0
2023 0
2023 0
2023 0
2023 0
2023 0
2023 0
2023 0
