2013 0
2013 0
2013 0
2013 0
2013 0
2013 1
2013 0
2013 0
2013 1
2013 0
2013 1
2013 0
2013 1
2013 2
2013 0
2013 0
2013 0
2013 0
2013 0
2013 0
2013 1
2013 1
2013 2
2013 2
2013 1
2013 1
2013 1
2013 1
2013 0
2013 1
2013 1
2013 0
2013 1
2013 1
2013 1
2013 0
2013 0
2013 0
2013 1
2013 0
2013 1
2013 0
2013 1
2013 1
2013 1
2013 0
2013 0
2013 0
2013 0
2013 0
2013 0
2013 1
2013 1
2013 1
2013 1
2013 0
2013 0
2013 7
2013 14
2013 8
2013 6
2013 5
2013 2
2013 0
2013 0
2013 1
2013 0
2013 0
2013 0
2013 0
2013 1
2013 1
2013 0
2013 0
2013 0
2013 0
2013 0
2013 0
2013 0
2013 0
2013 0
2013 0
2013 0
2013 0
2013 0
2013 0
2013 0
2013 0
2013 0
2013 7
2013 10
2013 11
2013 12
2013 11
2013 12
2013 11
2013 11
2013 13
2013 18
2013 17
2013 16
2013 16
2013 15
2013 16
2013 26
2013 35
2013 32
2013 30
2013 31
2013 29
2013 29
2013 31
2013 30
2013 31
2013 30
2013 29
2013 24
2013 23
2013 22
2013 22
2013 22
2013 22
2013 22
2013 26
2013 27
2013 27
2013 26
2013 25
2013 24
2013 24
2013 23
2013 22
2013 23
2013 23
2013 24
2013 30
2013 32
2013 45
2013 44
2013 39
2013 39
2013 43
2013 51
2013 50
2013 48
2013 47
2013 46
2013 45
2013 44
2013 50
2013 51
2013 49
2013 47
2013 46
2013 45
2013 43
2013 42
2013 42
2013 43
2013 43
2013 42
2013 42
2013 42
2013 50
2013 64
2013 62
2013 60
2013 58
2013 57
2013 55
2013 55
2013 53
2013 53
2013 56
2013 62
2013 64
2013 70
2013 77
2013 75
2013 71
2013 67
2013 65
2013 62
2013 60
2013 58
2013 57
2013 60
2013 59
2013 54
2013 51
2013 49
2013 47
2013 46
2013 46
2013 49
2013 48
2013 47
2013 52
2013 85
2013 89
2013 85
2013 84
2013 79
2013 76
2013 78
2013 84
2013 79
2013 80
2013 81
2013 93
2013 89
2013 96
2013 96
2013 90
2013 87
2013 84
2013 92
2013 87
2013 85
2013 85
2013 86
2013 82
2013 79
2013 75
2013 70
2013 66
2013 60
2013 52
2013 45
2013 39
2013 32
2013 26
2013 24
2013 20
2013 14
2013 10
2013 4
2013 0
2013 0
2013 0
2013 0
2013 0
2013 0
2013 0
2013 0
2013 0
2013 0
2013 0
2013 0
2013 1
2013 1
2013 1
2013 2
2013 1
2013 1
2013 2
2013 2
2013 1
2013 2
2013 2
2013 2
2013 3
2013 3
2013 3
2013 3
2013 10
2013 7
2013 3
2013 3
2013 3
2013 2
2013 2
2013 4
2013 4
2013 4
2013 5
2013 5
2013 5
2013 6
2013 6
2013 7
2013 5
2013 7
2013 8
2013 8
2013 10
2013 8
2013 9
2013 10
2013 10
2013 7
2013 8
2013 10
2013 8
2013 7
2013 10
2013 10
2013 12
2013 12
2013 9
2013 10
2013 10
2013 13
2013 12
2013 12
2013 17
2013 15
2013 17
2013 17
2013 18
2013 17
2013 18
2013 24
2013 18
2013 17
2013 18
2013 16
2013 19
2013 19
2013 21
2013 19
2013 17
2013 19
2013 20
2013 17
2013 20
2013 19
2013 20
2013 18
2013 22
2013 24
2013 16
2013 17
2013 20
2013 22
2013 10
2013 1
2013 2
2013 1
2013 1
2013 1
2013 2
2013 2
2013 2
2013 2
2013 2
2013 2
2013 2
2013 2
2013 2
2013 4
2013 3
2013 3
2013 4
2013 4
2013 4
2013 3
2013 4
2013 4
2013 3
2013 4
2013 3
2013 4
2013 4
2013 5
2014 1
2014 2
2014 1
2014 2
2014 2
2014 2
2014 3
2014 1
2014 3
2014 2
2014 2
2014 2
2014 2
2014 2
2014 1
2014 3
2014 2
2014 2
2014 3
2014 2
2014 3
2014 3
2014 0
2014 0
2014 0
2014 0
2014 0
2014 0
2014 0
2014 0
2014 0
2014 0
2014 0
2014 0
2014 0
2014 0
2014 0
2014 0
2014 0
2014 0
2014 0
2014 3
2014 0
2014 0
2014 0
2014 0
2014 0
2014 0
2014 0
2014 0
2014 0
2014 0
2014 0
2014 0
2014 0
2014 0
2014 0
2014 0
2014 0
2014 0
2014 0
2014 0
2014 0
2014 0
2014 0
2014 0
2014 0
2014 0
2014 0
2014 0
2014 0
2014 0
2014 0
2014 0
2014 0
2014 0
2014 0
2014 0
2014 0
2014 0
2014 0
2014 3
2014 21
2014 25
2014 32
2014 28
2014 26
2014 24
2014 21
2014 19
2014 19
2014 18
2014 17
2014 16
2014 15
2014 15
2014 15
2014 14
2014 14
2014 14
2014 13
2014 12
2014 12
2014 12
2014 11
2014 11
2014 11
2014 11
2014 11
2014 11
2014 22
2014 21
2014 14
2014 11
2014 11
2014 11
2014 26
2014 29
2014 28
2014 34
2014 33
2014 33
2014 32
2014 36
2014 41
2014 39
2014 34
2014 33
2014 33
2014 33
2014 32
2014 32
2014 33
2014 32
2014 32
2014 55
2014 60
2014 60
2014 85
2014 88
2014 96
2014 89
2014 87
2014 85
2014 78
2014 75
2014 83
2014 76
2014 81
2014 87
2014 87
2014 97
2014 127
2014 117
2014 110
2014 115
2014 120
2014 126
2014 136
2014 135
2014 142
2014 154
2014 159
2014 168
2014 161
2014 161
2014 166
2014 162
2014 152
2014 145
2014 142
2014 140
2014 139
2014 137
2014 138
2014 137
2014 135
2014 135
2014 138
2014 151
2014 150
2014 157
2014 172
2014 168
2014 168
2014 164
2014 161
2014 157
2014 154
2014 151
2014 148
2014 145
2014 142
2014 139
2014 136
2014 133
2014 129
2014 125
2014 119
2014 114
2014 110
2014 107
2014 104
2014 110
2014 115
2014 112
2014 112
2014 112
2014 109
2014 106
2014 104
2014 101
2014 96
2014 91
2014 88
2014 86
2014 82
2014 78
2014 73
2014 69
2014 65
2014 61
2014 56
2014 50
2014 47
2014 41
2014 36
2014 33
2014 29
2014 27
2014 28
2014 25
2014 23
2014 20
2014 16
2014 10
2014 2
2014 0
2014 0
2014 0
2014 0
2014 0
2014 0
2014 0
2014 0
2014 0
2014 0
2014 0
2014 0
2014 0
2014 0
2014 0
2014 0
2014 0
2014 0
2014 0
2014 0
2014 0
2014 0
2014 0
2014 0
2014 0
2014 0
2014 0
2014 0
2014 0
2014 0
2014 0
2014 0
2014 0
2014 0
2014 1
2014 1
2014 1
2014 0
2014 0
2014 0
2014 0
2014 0
2014 0
2014 0
2014 0
2014 0
2014 0
2014 0
2014 0
2014 0
2014 0
2014 1
2014 0
2014 1
2014 1
2014 3
2014 1
2014 2
2014 2
2014 2
2014 0
2014 3
2014 1
2014 2
2014 2
2014 2
2014 2
2014 2
2014 4
2014 2
2014 4
2014 4
2014 3
2014 1
2014 6
2014 3
2014 5
2014 6
2014 3
2014 4
2014 5
2014 4
2014 6
2014 5
2014 7
2014 6
2014 3
2014 7
2014 7
2014 2
2014 6
2014 4
2014 6
2014 5
2014 4
2014 7
2014 7
2014 8
2014 4
2014 5
2014 8
2014 6
2014 7
2014 3
2014 6
2014 5
2014 6
2014 2
2014 0
2014 0
2014 0
2014 0
2014 0
2014 0
2014 0
2014 0
2014 0
2014 0
2014 0
2014 0
2014 0
2014 0
2014 0
2014 0
2014 0
2014 0
2014 0
2014 0
2015 0
2015 0
2015 0
2015 0
2015 0
2015 0
2015 0
2015 0
2015 0
2015 0
2015 0
2015 0
2015 1
2015 0
2015 0
2015 0
2015 0
2015 1
2015 0
2015 1
2015 1
2015 0
2015 0
2015 0
2015 0
2015 0
2015 1
2015 1
2015 1
2015 1
2015 0
2015 0
2015 0
2015 0
2015 1
2015 1
2015 0
2015 0
2015 1
2015 0
2015 0
2015 0
2015 0
2015 0
2015 0
2015 0
2015 0
2015 0
2015 0
2015 0
2015 0
2015 0
2015 0
2015 0
2015 0
2015 0
2015 0
2015 0
2015 0
2015 0
2015 0
2015 0
2015 0
2015 0
2015 0
2015 0
2015 0
2015 0
2015 0
2015 0
2015 0
2015 0
2015 0
2015 0
2015 0
2015 0
2015 0
2015 0
2015 5
2015 1
2015 1
2015 1
2015 0
2015 0
2015 0
2015 0
2015 0
2015 0
2015 0
2015 0
2015 0
2015 0
2015 0
2015 0
2015 0
2015 0
2015 0
2015 0
2015 0
2015 0
2015 0
2015 0
2015 0
2015 0
2015 0
2015 0
2015 0
2015 0
2015 0
2015 0
2015 0
2015 0
2015 0
2015 0
2015 0
2015 0
2015 0
2015 6
2015 15
2015 10
2015 7
2015 5
2015 5
2015 4
2015 3
2015 4
2015 3
2015 2
2015 2
2015 3
2015 3
2015 2
2015 0
2015 0
2015 0
2015 0
2015 0
2015 0
2015 2
2015 5
2015 5
2015 4
2015 7
2015 15
2015 15
2015 14
2015 14
2015 13
2015 13
2015 12
2015 13
2015 17
2015 17
2015 15
2015 15
2015 15
2015 16
2015 26
2015 47
2015 54
2015 49
2015 47
2015 44
2015 41
2015 39
2015 37
2015 42
2015 57
2015 58
2015 53
2015 50
2015 48
2015 47
2015 51
2015 68
2015 67
2015 67
2015 70
2015 66
2015 65
2015 65
2015 63
2015 60
2015 56
2015 56
2015 55
2015 53
2015 52
2015 51
2015 50
2015 48
2015 44
2015 40
2015 39
2015 39
2015 38
2015 46
2015 56
2015 48
2015 43
2015 42
2015 41
2015 42
2015 41
2015 40
2015 40
2015 38
2015 33
2015 31
2015 29
2015 26
2015 21
2015 18
2015 15
2015 13
2015 11
2015 11
2015 10
2015 9
2015 7
2015 4
2015 0
2015 0
2015 0
2015 0
2015 0
2015 0
2015 0
2015 0
2015 0
2015 0
2015 0
2015 0
2015 0
2015 0
2015 0
2015 0
2015 0
2015 0
2015 0
2015 0
2015 0
2015 0
2015 0
2015 0
2015 0
2015 0
2015 1
2015 1
2015 1
2015 2
2015 3
2015 4
2015 4
2015 5
2015 5
2015 3
2015 7
2015 8
2015 8
2015 5
2015 6
2015 8
2015 7
2015 9
2015 7
2015 8
2015 7
2015 11
2015 7
2015 9
2015 5
2015 8
2015 8
2015 10
2015 9
2015 10
2015 11
2015 11
2015 10
2015 9
2015 11
2015 12
2015 11
2015 6
2015 0
2015 0
2015 0
2015 0
2015 0
2015 0
2015 0
2015 0
2015 0
2015 1
2015 0
2015 1
2015 1
2015 2
2015 3
2015 3
2015 2
2015 2
2015 3
2015 5
2015 4
2015 5
2015 6
2015 7
2015 7
2015 6
2015 8
2015 9
2015 8
2015 9
2015 7
2015 9
2015 8
2015 9
2015 10
2015 10
2015 9
2015 8
2015 9
2015 8
2015 9
2015 9
2015 8
2015 10
2015 6
2015 9
2015 7
2015 7
2015 9
2015 6
2015 9
2015 10
2015 10
2015 10
2015 9
2015 12
2015 10
2015 13
2015 13
2015 13
2015 13
2015 13
2015 11
2015 12
2015 9
2015 8
2015 10
2015 12
2015 11
2015 11
2015 13
2015 9
2015 7
2015 11
2015 14
2015 4
2015 0
2015 0
2015 0
2015 0
2018 0
2018 0
2018 0
2018 0
2018 0
2018 0
2018 0
2018 0
2018 0
2018 0
2018 0
2018 0
2018 0
2018 0
2018 0
2018 0
2018 0
2018 0
2018 0
2018 0
2018 0
2018 0
2018 0
2018 0
2018 0
2018 0
2018 0
2018 0
2018 0
2018 0
2018 0
2018 0
2018 0
2018 0
2018 0
2018 0
2018 0
2018 0
2018 0
2018 0
2018 0
2018 0
2018 0
2018 0
2018 0
2018 0
2018 0
2018 0
2018 0
2018 0
2018 0
2018 0
2018 0
2018 0
2018 0
2018 0
2018 0
2018 0
2018 0
2018 0
2018 0
2018 0
2018 0
2018 0
2018 0
2018 1
2018 2
2018 2
2018 0
2018 0
2018 0
2018 0
2018 0
2018 21
2018 16
2018 12
2018 7
2018 5
2018 5
2018 4
2018 5
2018 4
2018 2
2018 1
2018 1
2018 1
2018 0
2018 0
2018 0
2018 1
2018 22
2018 23
2018 20
2018 18
2018 17
2018 16
2018 16
2018 16
2018 16
2018 15
2018 17
2018 24
2018 16
2018 16
2018 16
2018 16
2018 15
2018 15
2018 15
2018 15
2018 15
2018 15
2018 16
2018 15
2018 15
2018 16
2018 17
2018 44
2018 65
2018 62
2018 58
2018 57
2018 59
2018 57
2018 56
2018 56
2018 56
2018 53
2018 49
2018 47
2018 40
2018 38
2018 38
2018 37
2018 37
2018 37
2018 36
2018 39
2018 40
2018 39
2018 40
2018 39
2018 42
2018 41
2018 40
2018 41
2018 42
2018 41
2018 40
2018 39
2018 38
2018 38
2018 39
2018 47
2018 58
2018 57
2018 55
2018 58
2018 59
2018 62
2018 58
2018 56
2018 55
2018 56
2018 58
2018 61
2018 59
2018 58
2018 56
2018 55
2018 60
2018 59
2018 58
2018 58
2018 61
2018 63
2018 59
2018 57
2018 59
2018 59
2018 60
2018 68
2018 71
2018 71
2018 69
2018 67
2018 69
2018 75
2018 77
2018 74
2018 71
2018 68
2018 66
2018 64
2018 62
2018 67
2018 82
2018 79
2018 99
2018 109
2018 106
2018 104
2018 102
2018 99
2018 96
2018 94
2018 92
2018 88
2018 85
2018 82
2018 76
2018 84
2018 91
2018 80
2018 78
2018 81
2018 75
2018 69
2018 65
2018 60
2018 56
2018 52
2018 51
2018 51
2018 50
2018 47
2018 42
2018 35
2018 28
2018 21
2018 12
2018 3
2018 0
2018 0
2018 0
2018 0
2018 0
2018 0
2018 0
2018 0
2018 0
2018 0
2018 0
2018 0
2018 0
2018 0
2018 0
2018 0
2018 2
2018 1
2018 2
2018 2
2018 2
2018 3
2018 3
2018 4
2018 4
2018 5
2018 5
2018 3
2018 5
2018 5
2018 6
2018 6
2018 7
2018 8
2018 8
2018 11
2018 12
2018 14
2018 15
2018 14
2018 16
2018 16
2018 17
2018 21
2018 22
2018 26
2018 27
2018 11
2018 0
2018 0
2018 0
2018 0
2018 0
2018 0
2018 0
2018 1
2018 1
2018 2
2018 2
2018 1
2018 4
2018 4
2018 5
2018 7
2018 6
2018 5
2018 6
2018 6
2018 6
2018 7
2018 7
2018 7
2018 7
2018 7
2018 6
2018 8
2018 9
2018 10
2018 12
2018 10
2018 9
2018 9
2018 9
2018 11
2018 11
2018 8
2018 9
2018 7
2018 7
2018 9
2018 11
2018 11
2018 10
2018 8
2018 9
2018 9
2018 8
2018 8
2018 7
2018 10
2018 9
2018 10
2018 11
2018 9
2018 10
2018 9
2018 7
2018 8
2018 7
2018 8
2018 7
2018 10
2018 9
2018 10
2018 11
2018 11
2018 10
2018 5
2018 0
2018 0
2018 0
2018 0
2018 0
2018 0
2018 0
2018 1
2018 1
2018 2
2018 1
2018 1
2018 0
2018 1
2018 2
2019 0
2019 1
2019 0
2019 0
2019 0
2019 1
2019 1
2019 1
2019 1
2019 2
2019 2
2019 2
2019 0
2019 2
2019 1
2019 0
2019 1
2019 2
2019 1
2019 0
2019 0
2019 0
2019 0
2019 0
2019 0
2019 0
2019 0
2019 0
2019 0
2019 0
2019 0
2019 0
2019 0
2019 0
2019 0
2019 1
2019 0
2019 0
2019 0
2019 0
2019 0
2019 0
2019 0
2019 0
2019 0
2019 0
2019 0
2019 0
2019 0
2019 0
2019 0
2019 0
2019 0
2019 0
2019 0
2019 0
2019 0
2019 0
2019 0
2019 0
2019 0
2019 0
2019 0
2019 0
2019 0
2019 0
2019 0
2019 0
2019 0
2019 0
2019 0
2019 0
2019 0
2019 0
2019 0
2019 0
2019 0
2019 0
2019 0
2019 0
2019 4
2019 1
2019 3
2019 2
2019 2
2019 0
2019 1
2019 0
2019 0
2019 0
2019 0
2019 0
2019 1
2019 0
2019 0
2019 0
2019 0
2019 0
2019 0
2019 0
2019 0
2019 0
2019 0
2019 0
2019 0
2019 0
2019 0
2019 0
2019 0
2019 1
2019 8
2019 6
2019 6
2019 6
2019 6
2019 4
2019 4
2019 4
2019 4
2019 4
2019 4
2019 4
2019 3
2019 3
2019 3
2019 3
2019 3
2019 3
2019 3
2019 4
2019 4
2019 3
2019 3
2019 3
2019 3
2019 4
2019 3
2019 3
2019 4
2019 6
2019 6
2019 4
2019 5
2019 5
2019 6
2019 6
2019 6
2019 6
2019 7
2019 10
2019 11
2019 11
2019 15
2019 24
2019 36
2019 54
2019 52
2019 48
2019 46
2019 45
2019 42
2019 40
2019 43
2019 47
2019 46
2019 46
2019 44
2019 43
2019 42
2019 40
2019 39
2019 38
2019 38
2019 38
2019 35
2019 34
2019 34
2019 32
2019 31
2019 29
2019 27
2019 27
2019 26
2019 25
2019 24
2019 24
2019 25
2019 27
2019 29
2019 27
2019 24
2019 22
2019 22
2019 20
2019 18
2019 17
2019 15
2019 13
2019 19
2019 17
2019 18
2019 17
2019 14
2019 10
2019 6
2019 2
2019 0
2019 0
2019 0
2019 0
2019 0
2019 0
2019 0
2019 0
2019 0
2019 9
2019 28
2019 19
2019 17
2019 15
2019 13
2019 10
2019 8
2019 5
2019 4
2019 6
2019 5
2019 2
2019 0
2019 0
2019 0
2019 0
2019 0
2019 0
2019 0
2019 0
2019 0
2019 0
2019 0
2019 0
2019 0
2019 0
2019 0
2019 0
2019 0
2019 0
2019 36
2019 36
2019 25
2019 17
2019 9
2019 0
2019 0
2019 0
2019 0
2019 0
2019 0
2019 0
2019 0
2019 0
2019 0
2019 0
2019 0
2019 0
2019 0
2019 0
2019 0
2019 0
2019 0
2019 0
2019 0
2019 1
2019 0
2019 0
2019 1
2019 1
2019 2
2019 4
2019 5
2019 5
2019 5
2019 7
2019 5
2019 7
2019 8
2019 7
2019 6
2019 9
2019 8
2019 10
2019 14
2019 16
2019 6
2019 0
2019 0
2019 0
2019 0
2019 0
2019 0
2019 0
2019 0
2019 0
2019 0
2019 0
2019 0
2019 0
2019 1
2019 0
2019 0
2019 0
2019 3
2019 2
2019 2
2019 3
2019 2
2019 2
2019 2
2019 1
2019 2
2019 1
2019 2
2019 3
2019 3
2019 3
2019 4
2019 5
2019 4
2019 4
2019 3
2019 4
2019 7
2019 5
2019 5
2019 6
2019 5
2019 7
2019 3
2019 4
2019 5
2019 5
2019 5
2019 4
2019 6
2019 6
2019 5
2019 6
2019 5
2019 5
2019 5
2019 5
2019 6
2019 6
2019 5
2019 6
2019 4
2019 5
2019 5
2019 5
2019 6
2019 6
2019 7
2019 7
2019 7
2019 8
2019 8
2020 7
2020 6
2020 6
2020 6
2020 6
2020 5
2020 5
2020 6
2020 5
2020 5
2020 6
2020 1
2020 0
2020 0
2020 0
2020 0
2020 0
2020 0
2020 0
2020 0
2020 0
2020 0
2020 0
2020 0
2020 0
2020 0
2020 0
2020 0
2020 0
2020 0
2020 0
2020 0
2020 0
2020 0
2020 0
2020 0
2020 0
2020 0
2020 0
2020 0
2020 0
2020 0
2020 0
2020 0
2020 0
2020 0
2020 0
2020 0
2020 0
2020 0
2020 0
2020 0
2020 0
2020 0
2020 0
2020 0
2020 0
2020 0
2020 0
2020 0
2020 0
2020 0
2020 0
2020 0
2020 0
2020 0
2020 1
2020 4
2020 21
2020 21
2020 18
2020 20
2020 21
2020 23
2020 20
2020 29
2020 35
2020 40
2020 38
2020 52
2020 49
2020 46
2020 46
2020 47
2020 45
2020 39
2020 36
2020 35
2020 34
2020 32
2020 31
2020 33
2020 39
2020 37
2020 36
2020 36
2020 36
2020 35
2020 36
2020 36
2020 35
2020 35
2020 42
2020 50
2020 52
2020 50
2020 44
2020 40
2020 32
2020 29
2020 28
2020 30
2020 41
2020 40
2020 38
2020 37
2020 38
2020 38
2020 38
2020 38
2020 38
2020 38
2020 37
2020 37
2020 37
2020 36
2020 36
2020 36
2020 36
2020 36
2020 36
2020 37
2020 36
2020 36
2020 35
2020 37
2020 36
2020 35
2020 36
2020 43
2020 45
2020 43
2020 42
2020 41
2020 42
2020 42
2020 42
2020 42
2020 42
2020 46
2020 46
2020 46
2020 46
2020 45
2020 43
2020 41
2020 40
2020 38
2020 38
2020 37
2020 37
2020 38
2020 36
2020 33
2020 32
2020 32
2020 33
2020 34
2020 34
2020 32
2020 27
2020 27
2020 27
2020 28
2020 28
2020 26
2020 23
2020 22
2020 21
2020 21
2020 21
2020 22
2020 23
2020 36
2020 77
2020 76
2020 73
2020 86
2020 79
2020 76
2020 75
2020 72
2020 66
2020 60
2020 54
2020 54
2020 55
2020 50
2020 48
2020 46
2020 42
2020 39
2020 37
2020 37
2020 36
2020 35
2020 35
2020 35
2020 35
2020 32
2020 30
2020 32
2020 35
2020 34
2020 33
2020 30
2020 27
2020 24
2020 21
2020 16
2020 10
2020 4
2020 0
2020 0
2020 0
2020 0
2020 0
2020 0
2020 0
2020 0
2020 0
2020 0
2020 0
2020 0
2020 0
2020 0
2020 0
2020 0
2020 0
2020 0
2020 0
2020 0
2020 0
2020 0
2020 0
2020 0
2020 0
2020 0
2020 0
2020 0
2020 0
2020 0
2020 0
2020 0
2020 NA
2020 NA
2020 NA
2020 NA
2020 NA
2020 NA
2020 NA
2020 NA
2020 NA
2020 NA
2020 NA
2020 NA
2020 NA
2020 NA
2020 NA
2020 NA
2020 NA
2020 NA
2020 NA
2020 NA
2020 NA
2020 NA
2020 NA
2020 NA
2020 NA
2020 NA
2020 NA
2020 NA
2020 NA
2020 NA
2020 NA
2020 NA
2020 NA
2020 NA
2020 NA
2020 NA
2020 NA
2020 NA
2020 0
2020 0
2020 0
2020 0
2020 0
2020 0
2020 0
2020 0
2020 0
2020 0
2020 0
2020 0
2020 0
2020 0
2020 0
2020 0
2020 0
2020 0
2020 0
2020 0
2020 0
2020 0
2020 0
2020 0
2020 0
2020 2
2020 2
2020 2
2020 2
2020 1
2020 1
2020 1
2020 1
2020 1
2020 2
2020 3
2020 2
2020 1
2020 2
2020 2
2020 2
2020 2
2020 2
2020 2
2020 3
2020 4
2020 3
2020 2
2020 3
2020 3
2020 3
2020 3
2020 4
2020 5
2020 5
2020 4
2020 4
2020 3
2020 4
2020 4
2020 2
2020 0
2020 0
2020 0
2020 0
2020 0
2020 0
2020 0
2020 0
2020 0
2020 0
2020 0
2020 0
2020 0
2021 0
2021 0
2021 0
2021 0
2021 0
2021 0
2021 1
2021 1
2021 0
2021 1
2021 1
2021 1
2021 1
2021 0
2021 0
2021 0
2021 0
2021 0
2021 0
2021 0
2021 0
2021 0
2021 2
2021 0
2021 1
2021 0
2021 0
2021 0
2021 0
2021 0
2021 0
2021 0
2021 0
2021 0
2021 0
2021 0
2021 0
2021 0
2021 0
2021 1
2021 0
2021 0
2021 0
2021 0
2021 0
2021 0
2021 0
2021 0
2021 0
2021 0
2021 0
2021 0
2021 0
2021 0
2021 0
2021 0
2021 0
2021 0
2021 0
2021 0
2021 0
2021 0
2021 0
2021 0
2021 0
2021 0
2021 0
2021 0
2021 0
2021 0
2021 0
2021 0
2021 0
2021 0
2021 0
2021 0
2021 0
2021 0
2021 0
2021 0
2021 1
2021 1
2021 1
2021 0
2021 0
2021 0
2021 0
2021 0
2021 0
2021 0
2021 0
2021 0
2021 12
2021 16
2021 24
2021 57
2021 50
2021 61
2021 85
2021 102
2021 101
2021 96
2021 91
2021 87
2021 81
2021 80
2021 76
2021 74
2021 71
2021 71
2021 70
2021 67
2021 64
2021 63
2021 60
2021 61
2021 64
2021 63
2021 87
2021 98
2021 95
2021 93
2021 99
2021 123
2021 138
2021 133
2021 129
2021 132
2021 129
2021 124
2021 121
2021 115
2021 114
2021 113
2021 114
2021 114
2021 112
2021 110
2021 110
2021 108
2021 108
2021 107
2021 111
2021 126
2021 148
2021 147
2021 139
2021 136
2021 136
2021 134
2021 131
2021 129
2021 132
2021 129
2021 128
2021 126
2021 122
2021 120
2021 117
2021 115
2021 115
2021 113
2021 133
2021 136
2021 136
2021 132
2021 132
2021 131
2021 129
2021 127
2021 124
2021 124
2021 123
2021 120
2021 117
2021 115
2021 112
2021 110
2021 108
2021 106
2021 105
2021 104
2021 103
2021 102
2021 101
2021 100
2021 103
2021 99
2021 100
2021 101
2021 108
2021 104
2021 102
2021 100
2021 100
2021 100
2021 100
2021 99
2021 98
2021 100
2021 103
2021 101
2021 99
2021 98
2021 96
2021 92
2021 88
2021 85
2021 83
2021 77
2021 72
2021 66
2021 60
2021 54
2021 48
2021 45
2021 42
2021 41
2021 41
2021 40
2021 35
2021 33
2021 42
2021 42
2021 50
2021 46
2021 49
2021 50
2021 46
2021 44
2021 45
2021 45
2021 43
2021 41
2021 37
2021 31
2021 24
2021 19
2021 17
2021 12
2021 6
2021 1
2021 0
2021 0
2021 0
2021 0
2021 0
2021 0
2021 0
2021 0
2021 0
2021 0
2021 0
2021 0
2021 0
2021 0
2021 0
2021 0
2021 0
2021 0
2021 0
2021 0
2021 0
2021 0
2021 0
2021 0
2021 0
2021 0
2021 0
2021 0
2021 0
2021 0
2021 1
2021 2
2021 2
2021 0
2021 0
2021 0
2021 0
2021 0
2021 0
2021 0
2021 0
2021 0
2021 0
2021 0
2021 3
2021 3
2021 4
2021 6
2021 6
2021 4
2021 5
2021 5
2021 3
2021 4
2021 4
2021 5
2021 5
2021 6
2021 6
2021 3
2021 0
2021 0
2021 0
2021 0
2021 0
2021 0
2021 0
2021 0
2021 0
2021 0
2021 0
2021 0
2021 0
2021 0
2021 1
2021 1
2021 0
2021 0
2021 0
2021 0
2021 0
2021 0
2021 1
2021 1
2021 1
2021 1
2021 2
2021 2
2021 2
2021 1
2021 1
2021 1
2021 2
2021 2
2021 2
2021 1
2021 2
2021 2
2021 3
2021 2
2021 1
2021 2
2021 2
2021 2
2021 2
2021 2
2021 2
2021 2
2021 2
2021 2
2021 2
2021 2
2021 2
2021 2
2021 3
2021 3
2021 4
2021 3
2021 3
2021 3
2021 3
2021 3
2021 3
2022 0
2022 0
2022 0
2022 0
2022 0
2022 1
2022 1
2022 0
2022 0
2022 0
2022 0
2022 0
2022 0
2022 0
2022 0
2022 0
2022 0
2022 1
2022 0
2022 0
2022 1
2022 1
2022 1
2022 0
2022 1
2022 1
2022 0
2022 0
2022 1
2022 1
2022 2
2022 0
2022 0
2022 1
2022 0
2022 0
2022 0
2022 1
2022 1
2022 0
2022 0
2022 0
2022 0
2022 0
2022 0
2022 0
2022 0
2022 0
2022 0
2022 0
2022 0
2022 0
2022 0
2022 0
2022 0
2022 0
2022 0
2022 0
2022 0
2022 0
2022 0
2022 0
2022 0
2022 0
2022 0
2022 0
2022 0
2022 0
2022 0
2022 0
2022 0
2022 0
2022 0
2022 0
2022 0
2022 0
2022 0
2022 0
2022 0
2022 0
2022 0
2022 0
2022 0
2022 0
2022 0
2022 0
2022 0
2022 3
2022 26
2022 25
2022 23
2022 21
2022 20
2022 18
2022 18
2022 18
2022 17
2022 17
2022 23
2022 28
2022 28
2022 28
2022 27
2022 24
2022 23
2022 22
2022 21
2022 20
2022 20
2022 19
2022 19
2022 20
2022 18
2022 18
2022 19
2022 17
2022 13
2022 12
2022 12
2022 10
2022 10
2022 10
2022 10
2022 10
2022 10
2022 9
2022 9
2022 11
2022 11
2022 10
2022 10
2022 11
2022 10
2022 10
2022 10
2022 9
2022 9
2022 9
2022 9
2022 9
2022 10
2022 10
2022 10
2022 9
2022 10
2022 10
2022 9
2022 9
2022 10
2022 10
2022 9
2022 9
2022 9
2022 9
2022 8
2022 7
2022 7
2022 7
2022 6
2022 5
2022 5
2022 4
2022 4
2022 3
2022 2
2022 2
2022 4
2022 42
2022 51
2022 42
2022 34
2022 29
2022 23
2022 21
2022 21
2022 20
2022 20
2022 19
2022 19
2022 18
2022 18
2022 18
2022 19
2022 18
2022 19
2022 18
2022 18
2022 16
2022 17
2022 16
2022 18
2022 19
2022 20
2022 18
2022 17
2022 16
2022 14
2022 13
2022 11
2022 8
2022 6
2022 5
2022 1
2022 0
2022 0
2022 0
2022 0
2022 0
2022 0
2022 0
2022 0
2022 0
2022 1
2022 17
2022 16
2022 13
2022 7
2022 3
2022 0
2022 0
2022 2
2022 1
2022 0
2022 0
2022 0
2022 0
2022 0
2022 0
2022 0
2022 0
2022 0
2022 0
2022 0
2022 0
2022 0
2022 0
2022 0
2022 0
2022 0
2022 0
2022 0
2022 0
2022 0
2022 0
2022 0
2022 0
2022 0
2022 0
2022 0
2022 0
2022 0
2022 0
2022 0
2022 0
2022 0
2022 0
2022 1
2022 2
2022 1
2022 0
2022 0
2022 0
2022 0
2022 0
2022 0
2022 0
2022 0
2022 0
2022 0
2022 0
2022 0
2022 1
2022 2
2022 0
2022 1
2022 1
2022 1
2022 2
2022 3
2022 3
2022 3
2022 3
2022 3
2022 3
2022 3
2022 4
2022 0
2022 0
2022 0
2022 0
2022 0
2022 0
2022 0
2022 0
2022 0
2022 0
2022 0
2022 0
2022 0
2022 0
2022 0
2022 0
2022 0
2022 0
2022 0
2022 0
2022 0
2022 0
2022 0
2022 0
2022 0
2022 0
2022 0
2022 0
2022 0
2022 0
2022 0
2022 0
2022 0
2022 0
2022 0
2022 0
2022 0
2022 0
2022 0
2022 0
2022 0
2022 0
2022 0
2022 0
2022 0
2022 0
2022 0
2022 0
2022 0
2022 0
2022 0
2022 0
2022 0
2022 0
2022 0
2022 0
2022 0
2022 0
2022 0
2022 0
2022 0
2022 0
2022 0
2022 0
2022 0
2022 0
2022 0
2022 0
2022 0
2022 0
2022 0
2022 0
2022 0
2022 0
2022 0
2022 0
2022 0
2022 0
2022 0
2023 0
2023 1
2023 1
2023 1
2023 2
2023 0
2023 0
2023 1
2023 0
2023 0
2023 0
2023 0
2023 0
2023 0
2023 0
2023 0
2023 0
2023 0
2023 0
2023 0
2023 0
2023 0
2023 0
2023 0
2023 0
2023 0
2023 0
2023 0
2023 0
2023 0
2023 0
2023 0
2023 0
2023 0
2023 0
2023 0
2023 0
2023 0
2023 0
2023 0
2023 0
2023 1
2023 0
2023 0
2023 1
2023 1
2023 0
2023 0
2023 0
2023 0
2023 0
2023 0
2023 0
2023 0
2023 0
2023 0
2023 0
2023 0
2023 0
2023 0
2023 0
2023 0
2023 0
2023 0
2023 0
2023 0
2023 0
2023 0
2023 0
2023 0
2023 0
2023 0
2023 0
2023 0
2023 0
2023 0
2023 0
2023 0
2023 0
2023 0
2023 0
2023 0
2023 20
2023 29
2023 23
2023 20
2023 17
2023 16
2023 15
2023 14
2023 11
2023 11
2023 12
2023 14
2023 15
2023 17
2023 16
2023 15
2023 16
2023 28
2023 31
2023 44
2023 42
2023 40
2023 39
2023 40
2023 50
2023 44
2023 42
2023 41
2023 41
2023 39
2023 35
2023 35
2023 34
2023 33
2023 32
2023 28
2023 28
2023 27
2023 27
2023 25
2023 24
2023 23
2023 22
2023 20
2023 19
2023 18
2023 18
2023 20
2023 32
2023 32
2023 32
2023 32
2023 32
2023 31
2023 33
2023 37
2023 43
2023 45
2023 47
2023 48
2023 48
2023 47
2023 53
2023 57
2023 59
2023 57
2023 56
2023 55
2023 53
2023 50
2023 49
2023 51
2023 51
2023 50
2023 50
2023 49
2023 49
2023 48
2023 48
2023 48
2023 48
2023 48
2023 47
2023 46
2023 44
2023 42
2023 41
2023 41
2023 39
2023 37
2023 36
2023 35
2023 34
2023 33
2023 31
2023 29
2023 28
2023 33
2023 31
2023 31
2023 34
2023 31
2023 29
2023 29
2023 29
2023 29
2023 29
2023 22
2023 20
2023 17
2023 13
2023 11
2023 8
2023 6
2023 6
2023 2
2023 0
2023 0
2023 0
2023 0
2023 0
2023 0
2023 0
2023 0
2023 0
2023 0
2023 0
2023 0
2023 0
2023 0
2023 0
2023 0
2023 0
2023 0
2023 0
2023 0
2023 0
2023 0
2023 0
2023 0
2023 0
2023 0
2023 5
2023 5
2023 0
2023 0
2023 0
2023 0
2023 0
2023 0
2023 0
2023 0
2023 0
2023 0
2023 0
2023 0
2023 0
2023 0
2023 0
2023 0
2023 0
2023 0
2023 0
2023 0
2023 0
2023 0
2023 1
2023 3
2023 5
2023 6
2023 5
2023 5
2023 4
2023 5
2023 5
2023 7
2023 8
2023 8
2023 8
2023 9
2023 8
2023 11
2023 11
2023 14
2023 14
2023 13
2023 15
2023 17
2023 18
2023 7
2023 0
2023 0
2023 0
2023 0
2023 0
2023 0
2023 0
2023 0
2023 0
2023 0
2023 0
2023 1
2023 0
2023 1
2023 2
2023 1
2023 0
2023 0
2023 0
2023 0
2023 0
2023 0
2023 0
2023 0
2023 0
2023 0
2023 0
2023 0
2023 0
2023 1
2023 1
2023 2
2023 1
2023 1
2023 1
2023 1
2023 1
2023 0
2023 1
2023 1
2023 1
2023 2
2023 2
2023 2
2023 0
2023 0
2023 0
2023 0
2023 0
2023 0
2023 0
2023 0
2023 0
2023 0
2023 1
2023 1
2023 1
2023 1
2023 2
2023 1
2023 0
2023 1
2023 1
2023 2
2023 1
2023 1
2023 2
2023 2
2023 1
2023 1
2023 2
2023 1
2023 1
2023 1
2023 1
2023 1
2023 3
2023 0
2023 0
2023 0
2023 0
2023 0
2023 0
2023 0
2023 0
2023 0
2023 0
2023 0
2023 0
2023 0
2023 0
2023 1
2023 0
