 1984  1  -90.0  -90.0  -90.0  -90.0  -90.0  -90.0  -90.0  -90.0  -90.0  -90.0  -90.0  -90.0  -90.0  -90.0  -90.0  -90.0  -90.0  -90.0  -90.0  -90.0  -90.0  -90.0  -90.0  -90.0  -90.0  -90.0  -90.0  -90.0  -90.0  -90.0  -90.0
 1984  2  -90.0  -90.0  -90.0  -90.0  -90.0  -90.0  -90.0  -90.0  -90.0  -90.0  -90.0  -90.0  -90.0  -90.0  -90.0  -90.0  -90.0  -90.0  -90.0  -90.0  -90.0  -90.0  -90.0  -90.0  -90.0  -90.0  -90.0  -90.0  -90.0
 1984  3  -90.0  -90.0  -90.0  -90.0  -90.0  -90.0  -90.0  -90.0  -90.0  -90.0  -90.0  -90.0  -90.0  -90.0  -90.0  -90.0  -90.0  -90.0  -90.0  -90.0  -90.0  -90.0  -90.0  -90.0  -90.0  -90.0  -90.0  -90.0  -90.0  -90.0  -90.0
 1984  4  -90.0  -90.0  -90.0  -90.0  -90.0  -90.0  -90.0  -90.0  -90.0  -90.0  -90.0  -90.0  -90.0  -90.0  -90.0  -90.0  -90.0  -90.0  -90.0  -90.0  -90.0  -90.0  -90.0  -90.0  -90.0  -90.0  -90.0  -90.0  -90.0  -90.0
 1984  5    0.0    0.0    0.0    0.0    0.0    0.0    0.0    0.0    0.0    0.0    0.0    0.0    0.0    0.0    0.0    0.0    0.0    0.0    0.0    0.0    0.0    0.0    0.0    0.0    0.0    0.0    0.0    0.0    0.0    0.0    0.0
 1984  6    0.0    0.0    0.0    0.0    0.0    0.0    0.0    0.0    0.0    0.0    0.0    0.0    0.0    0.0    0.0    0.0    0.0    0.0    0.0    0.0    0.0    0.0    0.0    0.0    0.0    0.0    0.0    0.0    0.0    0.0
 1984  7    0.0    0.0    0.0    0.0    0.0    0.0    0.0    0.0    0.0    0.0    0.0    0.0    0.0    0.0    0.0    0.0    0.0    0.0    0.0    0.0    0.0    0.0    0.0    0.0    0.0    0.0    0.0    0.0    0.0    0.0    0.0
 1984  8    0.0    0.0    0.0    0.0    0.0    0.0    0.0    0.0    0.0    0.0    0.0    0.0    0.0    0.0    0.0    0.0    0.0    0.0    0.0    0.0    0.0    0.0    0.0    0.0    0.0    0.0    0.0    0.0    0.0    0.0    0.0
 1984  9    0.0    0.0    0.0    0.0    0.0    0.0    0.0    0.0    0.0    0.0    0.0    0.0    0.0    0.0    0.0    0.0    0.0    0.0    0.0    0.0    0.0    0.0    0.0    0.0    0.0    0.0    0.0    0.0    0.0    0.0
 1984 10    0.0    0.0    0.0    0.0    0.0    0.0    0.0    0.0    0.0    0.0    0.0    0.0    0.0    0.0    0.0    0.0    0.0    0.0    0.0    0.0    0.0    0.0    0.0    0.0    0.0    0.0    0.0    0.0    0.0    0.0    0.0
 1984 11    0.0    0.0    0.0    0.0    0.0    0.0    0.0    0.0    0.0    0.0    0.0    0.0    0.0    0.0    0.0    0.0    0.0    0.0    0.0    0.0    2.0    0.0    0.0    0.0    0.0    3.0    8.0    5.0    4.0    4.0
 1984 12    3.0    5.0    3.0    2.0    0.0    0.0    0.0    0.0    0.0    0.0    0.0    0.0    0.0    2.0    2.0    0.0    0.0    2.0    4.0    3.0    3.0    3.0    3.0    3.0   15.0   10.0   24.0   20.0   17.0   16.0   16.0
 1985  1   16.0   26.0   32.0   28.0   27.0   26.0   26.0   26.0   26.0   26.0   24.0   22.0   22.0   20.0   20.0   21.0   20.0   20.0   28.0   28.0   28.0   24.0   18.0   38.0   30.0   34.0   43.0   44.0   40.0   30.0   28.0
 1985  2   25.0   15.0   12.0   10.0   10.0    8.0    8.0    6.0    5.0    5.0    7.0    5.0   17.0   16.0   54.0   55.0   96.0   86.0   80.0   75.0   70.0   65.0   60.0   54.0   45.0   40.0   38.0   35.0
 1985  3   32.0   56.0   50.0   40.0   40.0   30.0   30.0   30.0   30.0   30.0   30.0   30.0   30.0   30.0   35.0   37.0   40.0   54.0   43.0   40.0   38.0   37.0   38.0   35.0   30.0   28.0   28.0   44.0   28.0   23.0   22.0
 1985  4   16.0   10.0    6.0    0.0    0.0    0.0    0.0    0.0    0.0    0.0    0.0   13.0    0.0    0.0    0.0    0.0    0.0    0.0    0.0    0.0    0.0    0.0    0.0    0.0    0.0    0.0    0.0    0.0    0.0    0.0
 1985  5    0.0    6.0    0.0    0.0    0.0    0.0    0.0    0.0    0.0    0.0    0.0    0.0    0.0    0.0    0.0    0.0    0.0    0.0    0.0    0.0    0.0    0.0    0.0    0.0    0.0    0.0    0.0    0.0    0.0    0.0    0.0
 1985  6    0.0    0.0    0.0    0.0    0.0    0.0    0.0    0.0    0.0    0.0    0.0    0.0    0.0    0.0    0.0    0.0    0.0    0.0    0.0    0.0    0.0    0.0    0.0    0.0    0.0    0.0    0.0    0.0    0.0    0.0
 1985  7    0.0    0.0    0.0    0.0    0.0    0.0    0.0    0.0    0.0    0.0    0.0    0.0    0.0    0.0    0.0    0.0    0.0    0.0    0.0    0.0    0.0    0.0    0.0    0.0    0.0    0.0    0.0    0.0    0.0    0.0    0.0
 1985  8    0.0    0.0    0.0    0.0    0.0    0.0    0.0    0.0    0.0    0.0    0.0    0.0    0.0    0.0    0.0    0.0    0.0    0.0    0.0    0.0    0.0    0.0    0.0    0.0    0.0    0.0    0.0    0.0    0.0    0.0    0.0
 1985  9    0.0    0.0    0.0    0.0    0.0    0.0    0.0    0.0    0.0    0.0    0.0    0.0    0.0    0.0    0.0    0.0    0.0    0.0    0.0    0.0    0.0    0.0    0.0    0.0    0.0    0.0    0.0    0.0    0.0    0.0
 1985 10    0.0    0.0    0.0    0.0    0.0    0.0    0.0    0.0    0.0    0.0    0.0    0.0    0.0    0.0    0.0    0.0    0.0    0.0    0.0    0.0    0.0    0.0    0.0    0.0    0.0    0.0    0.0    0.0    0.0    0.0    0.0
 1985 11    0.0    0.0    0.0    0.0    0.0    0.0    0.0    0.0    0.0    0.0    0.0    1.0   20.0   15.0   12.0   11.0   10.0    8.0    8.0    7.0   12.0   14.0   14.0   13.0   13.0   13.0   12.0   14.0   10.0    8.0
 1985 12    5.0    2.0    2.0    0.0    0.0    0.0    0.0    0.0    0.0   10.0    8.0    5.0    4.0    3.0    2.0    0.0    0.0    0.0    0.0    0.0    0.0    0.0    0.0    0.0    0.0    7.0    8.0    6.0   15.0   15.0   14.0
 1986  1   12.0   10.0   10.0   26.0   18.0   22.0   18.0   20.0   32.0   30.0   15.0   29.0   54.0   34.0   44.0   76.0   65.0   54.0   42.0   46.0   45.0   40.0   37.0   46.0   62.0   74.0   66.0   56.0   52.0   55.0   56.0
 1986  2   55.0   55.0   48.0   46.0   46.0   45.0   45.0   48.0   50.0   52.0   52.0   49.0   48.0   47.0   46.0   46.0   43.0   40.0   55.0   56.0   53.0   53.0   48.0   51.0   52.0   49.0   48.0   47.0
 1986  3   46.0   44.0   48.0   46.0   43.0   40.0   45.0   45.0   45.0   40.0   36.0   35.0   30.0   26.0   22.0   22.0   18.0   15.0   15.0   15.0   28.0   16.0   10.0    5.0    5.0    5.0    0.0    0.0    0.0    0.0    0.0
 1986  4    0.0    0.0    0.0    3.0    8.0    0.0    0.0    0.0    0.0    5.0    6.0   12.0    6.0    0.0    0.0    0.0    0.0    2.0    0.0    0.0    0.0    0.0    0.0    0.0    0.0    0.0    0.0    4.0    0.0    0.0
 1986  5    0.0    0.0    0.0    0.0    0.0    0.0    0.0    0.0    0.0    0.0    0.0    0.0    0.0    0.0    0.0    0.0    0.0    0.0    0.0    0.0    0.0    0.0    0.0    0.0    0.0    0.0    0.0    0.0    0.0   15.0    7.0
 1986  6    0.0    0.0    0.0    0.0    0.0    0.0    0.0    0.0    0.0    0.0    0.0    0.0    0.0    0.0    0.0    0.0    0.0    0.0    0.0    0.0    0.0    0.0    0.0    0.0    0.0    0.0    0.0    0.0    0.0    0.0
 1986  7    0.0    0.0    0.0    0.0    0.0    0.0    0.0    0.0    0.0    0.0    0.0    0.0    0.0    0.0    0.0    0.0    0.0    0.0    0.0    0.0    0.0    0.0    0.0    0.0    0.0    0.0    0.0    0.0    0.0    0.0    0.0
 1986  8    0.0    0.0    0.0    0.0    0.0    0.0    0.0    0.0    0.0    0.0    0.0    0.0    0.0    0.0    0.0    0.0    0.0    0.0    0.0    0.0    0.0    0.0    0.0    0.0    0.0    0.0    0.0    0.0    0.0    0.0    0.0
 1986  9    0.0    0.0    0.0    0.0    0.0    0.0    0.0    0.0    0.0    0.0    0.0    0.0    0.0    0.0    0.0    0.0    0.0    0.0    0.0    0.0    0.0    0.0    0.0    0.0    0.0    0.0    0.0    0.0    0.0    0.0
 1986 10    0.0    0.0    0.0    0.0    0.0    0.0    0.0    0.0    0.0    0.0    0.0    0.0    0.0    0.0    0.0    0.0    0.0    0.0    0.0    0.0    0.0    0.0    0.0    0.0    0.0    2.0    0.0    0.0    0.0    0.0    0.0
 1986 11    0.0    9.0    0.0    0.0    0.0    0.0    0.0    0.0    0.0    0.0    0.0    0.0    0.0    0.0    0.0    0.0    0.0    0.0    0.0    0.0    0.0    0.0   20.0   12.0    5.0    4.0    4.0    4.0    3.0    3.0
 1986 12    3.0    2.0    2.0    2.0    2.0    2.0    1.0    1.0    0.0    0.0    0.0    0.0    0.0    5.0    7.0    4.0   37.0   15.0    8.0   15.0   51.0   49.0   45.0   39.0   36.0   42.0   83.0   73.0   45.0   43.0   42.0
 1987  1   36.0   37.0   60.0   55.0   48.0   57.0   65.0   64.0   57.0   54.0   67.0   62.0   57.0   56.0   56.0   56.0   55.0   55.0   55.0   55.0   54.0   50.0   50.0   50.0   50.0   48.0   47.0   60.0   71.0   70.0   65.0
 1987  2   64.0   61.0   60.0   60.0   57.0   57.0   52.0   50.0   47.0   50.0   44.0   39.0   40.0   40.0   45.0   52.0   58.0   61.0   62.0   58.0   56.0   56.0   54.0   51.0   48.0   46.0   40.0   56.0
 1987  3   52.0   40.0   63.0   55.0   76.0   56.0   52.0   51.0   50.0   50.0   48.0   48.0   46.0   54.0   52.0   68.0   60.0   52.0   60.0   68.0   64.0   68.0   51.0   37.0   37.0   34.0   32.0   31.0   47.0   56.0   48.0
 1987  4   46.0   41.0   38.0   45.0   42.0   37.0   34.0   27.0   23.0   30.0   24.0   24.0   34.0   21.0   17.0   10.0    5.0    0.0    0.0    0.0    0.0    0.0    0.0    0.0    0.0    0.0    0.0    0.0    0.0    0.0
 1987  5    0.0    0.0    7.0   16.0    5.0    9.0    4.0    0.0    0.0    0.0    0.0    0.0    4.0    0.0    0.0    0.0    0.0    0.0    0.0    0.0    0.0    0.0    0.0    0.0    0.0    0.0    0.0    0.0    0.0    0.0    0.0
 1987  6    0.0    0.0    0.0    0.0    0.0    0.0    0.0    0.0    0.0    0.0    0.0    0.0    0.0    0.0    0.0    0.0    0.0    0.0    0.0    0.0    0.0    0.0    0.0    0.0    0.0    0.0    0.0    0.0    0.0    0.0
 1987  7    0.0    0.0    0.0    0.0    0.0    0.0    0.0    0.0    0.0    0.0    0.0    0.0    0.0    0.0    0.0    0.0    0.0    0.0    0.0    0.0    0.0    0.0    0.0    0.0    0.0    0.0    0.0    0.0    0.0    0.0    0.0
 1987  8    0.0    0.0    0.0    0.0    0.0    0.0    0.0    0.0    0.0    0.0    0.0    0.0    0.0    0.0    0.0    0.0    0.0    0.0    0.0    0.0    0.0    0.0    0.0    0.0    0.0    0.0    0.0    0.0    0.0    0.0    0.0
 1987  9    0.0    0.0    0.0    0.0    0.0    0.0    0.0    0.0    0.0    0.0    0.0    0.0    0.0    0.0    0.0    0.0    0.0    0.0    0.0    0.0    0.0    0.0    0.0    0.0    0.0    0.0    0.0    0.0    0.0    0.0
 1987 10    0.0    0.0    0.0    0.0    0.0    0.0    0.0    0.0    0.0    0.0    0.0    0.0    0.0    0.0    0.0    0.0    0.0    0.0    0.0    0.0    0.0    0.0    0.0    0.0    0.0    0.0    0.0    0.0    0.0    0.0    0.0
 1987 11    0.0    0.0    0.0    0.0    0.0    0.0    0.0    0.0    0.0    0.0    0.0    0.0    0.0    0.0    0.0    0.0    0.0    0.0    0.0   11.0   32.0   23.0   17.0   13.0   12.0   12.0   11.0   13.0   14.0   14.0
 1987 12   11.0   10.0   10.0   10.0    7.0    6.0    3.0    3.0    6.0    7.0    5.0    5.0    5.0    5.0    5.0    3.0    0.0    0.0    0.0    0.0    0.0    0.0    0.0    0.0    0.0    0.0    0.0    0.0    0.0    0.0    0.0
 1988  1    0.0    0.0    0.0    0.0    0.0    0.0   12.0    9.0    7.0    5.0   11.0    9.0    6.0    5.0    5.0    4.0    3.0    2.0    2.0    0.0   10.0    6.0   18.0    8.0    4.0    3.0    2.0    2.0    3.0   16.0   42.0
 1988  2   26.0   27.0   18.0   18.0   17.0   26.0   30.0   36.0   28.0   36.0   32.0   40.0   36.0   35.0   28.0   26.0   24.0   22.0   26.0   26.0   26.0   25.0   24.0   51.0   62.0   62.0   59.0   52.0   64.0
 1988  3   66.0   63.0   58.0   56.0   58.0   58.0   87.0   90.0   78.0   72.0   76.0   79.0   62.0   60.0   55.0   48.0   55.0   56.0   49.0   41.0   33.0   40.0   38.0   52.0   38.0   45.0   61.0   56.0   50.0   48.0   66.0
 1988  4   71.0   52.0   48.0   43.0   38.0   36.0   34.0   26.0   21.0   21.0   17.0   15.0   11.0    8.0    5.0    0.0    0.0    0.0    0.0    0.0    0.0    0.0    0.0    0.0    0.0    0.0    0.0    0.0    0.0    0.0
 1988  5    0.0    0.0    0.0    0.0    0.0    0.0    0.0    0.0    0.0    0.0    0.0    0.0    0.0    0.0    0.0    0.0    0.0    0.0    0.0    0.0    0.0    0.0    0.0    0.0    0.0    0.0    0.0    0.0    0.0    0.0    0.0
 1988  6    0.0    0.0    0.0    0.0    0.0    0.0    0.0    0.0    0.0    0.0    0.0    0.0    0.0    0.0    0.0    0.0    0.0    0.0    0.0    0.0    0.0    0.0    0.0    0.0    0.0    0.0    0.0    0.0    0.0    0.0
 1988  7    0.0    0.0    0.0    0.0    0.0    0.0    0.0    0.0    0.0    0.0    0.0    0.0    0.0    0.0    0.0    0.0    0.0    0.0    0.0    0.0    0.0    0.0    0.0    0.0    0.0    0.0    0.0    0.0    0.0    0.0    0.0
 1988  8    0.0    0.0    0.0    0.0    0.0    0.0    0.0    0.0    0.0    0.0    0.0    0.0    0.0    0.0    0.0    0.0    0.0    0.0    0.0    0.0    0.0    0.0    0.0    0.0    0.0    0.0    0.0    0.0    0.0    0.0    0.0
 1988  9    0.0    0.0    0.0    0.0    0.0    0.0    0.0    0.0    0.0    0.0    0.0    0.0    0.0    0.0    0.0    0.0    0.0    0.0    0.0    0.0    0.0    0.0    0.0    0.0    0.0    0.0    0.0    0.0    0.0    0.0
 1988 10    0.0    0.0    0.0    0.0    0.0    0.0    0.0    0.0    0.0    0.0    0.0    0.0    0.0    0.0    0.0    0.0    0.0    0.0    0.0    0.0    0.0    0.0    0.0    0.0    0.0    0.0    0.0    0.0    0.0    0.0    0.0
 1988 11    0.0    0.0    0.0    0.0    0.0    0.0    0.0    0.0    0.0    0.0    0.0    0.0    0.0    0.0    0.0    0.0    0.0    0.0    0.0    1.0   21.0   25.0   18.0   17.0   15.0    9.0    9.0    8.0    4.0    0.0
 1988 12    0.0    3.0    5.0    0.0    0.0   14.0   40.0   27.0   32.0   27.0   22.0   39.0   30.0   28.0   28.0   26.0   22.0   22.0   20.0   56.0   47.0   40.0   36.0   30.0   26.0   25.0   25.0   25.0   24.0   24.0   24.0
 1989  1   23.0   23.0   22.0   22.0   24.0   27.0   27.0   26.0   25.0   25.0   25.0   23.0   21.0   21.0   20.0   20.0   20.0   20.0   20.0   20.0   19.0   28.0   25.0   25.0   24.0   23.0   23.0   23.0   22.0   22.0   22.0
 1989  2   22.0   21.0   20.0   20.0   20.0   20.0   18.0   16.0   15.0   14.0   13.0   12.0   16.0   42.0   34.0   37.0   32.0   31.0   20.0   17.0   10.0    6.0    3.0    3.0    3.0    6.0   13.0   24.0
 1989  3   19.0   18.0   16.0   18.0   12.0    9.0    5.0    7.0    5.0    3.0    0.0    0.0    0.0    0.0    0.0    0.0    5.0    8.0    0.0    0.0    0.0    0.0    0.0    0.0    0.0    0.0    0.0    0.0    0.0    0.0    0.0
 1989  4    0.0    0.0    0.0    0.0   10.0    0.0    0.0    0.0    0.0    0.0    0.0    0.0   32.0   38.0   28.0   18.0   20.0   16.0    8.0    0.0    8.0    6.0    0.0    0.0    0.0    2.0    3.0    5.0    4.0    0.0
 1989  5    0.0    0.0    0.0    0.0    0.0    0.0    0.0    0.0    0.0    0.0    0.0    0.0    0.0    0.0    0.0    0.0    0.0    0.0    0.0    0.0    0.0    0.0    0.0    0.0    0.0    0.0    0.0    0.0    0.0    0.0    0.0
 1989  6    0.0    0.0    0.0    0.0    0.0    0.0    0.0    0.0    0.0    0.0    0.0    0.0    0.0    0.0    0.0    0.0    0.0    0.0    0.0    0.0    0.0    0.0    0.0    0.0    0.0    0.0    0.0    0.0    0.0    0.0
 1989  7    0.0    0.0    0.0    0.0    0.0    0.0    0.0    0.0    0.0    0.0    0.0    0.0    0.0    0.0    0.0    0.0    0.0    0.0    0.0    0.0    0.0    0.0    0.0    0.0    0.0    0.0    0.0    0.0    0.0    0.0    0.0
 1989  8    0.0    0.0    0.0    0.0    0.0    0.0    0.0    0.0    0.0    0.0    0.0    0.0    0.0    0.0    0.0    0.0    0.0    0.0    0.0    0.0    0.0    0.0    0.0    0.0    0.0    0.0    0.0    0.0    0.0    0.0    0.0
 1989  9    0.0    0.0    0.0    0.0    0.0    0.0    0.0    0.0    0.0    0.0    0.0    0.0    0.0    0.0    0.0    0.0    0.0    0.0    0.0    0.0    0.0    0.0    0.0    0.0    0.0    0.0    0.0    0.0    0.0    0.0
 1989 10    0.0    0.0    0.0    0.0    0.0    0.0    0.0   10.0    0.0    0.0    0.0    0.0    0.0    0.0    0.0    0.0    0.0    0.0    0.0    0.0    0.0    0.0    0.0    0.0    0.0    0.0    0.0    0.0    0.0    0.0    0.0
 1989 11    0.0    0.0    0.0    0.0    8.0   15.0    6.0    3.0    0.0    0.0    0.0    0.0    0.0    0.0    0.0    0.0    0.0    0.0    0.0    0.0    0.0    0.0    0.0    0.0    0.0    0.0    0.0    0.0    0.0    0.0
 1989 12    0.0    0.0    0.0    0.0    0.0    0.0    0.0    0.0    0.0    0.0    0.0    0.0    0.0    0.0    0.0    0.0    0.0    0.0    0.0    0.0    0.0    0.0    2.0    2.0    0.0    0.0    0.0    0.0    0.0    0.0    0.0
 1990  1    0.0    0.0    0.0    0.0    0.0    0.0    0.0    0.0    0.0    0.0    0.0    0.0    0.0    0.0    0.0    0.0    0.0    0.0    0.0    0.0    0.0    0.0    0.0    0.0    0.0    6.0    5.0    4.0    5.0    3.0    0.0
 1990  2    0.0    0.0    0.0    0.0    0.0    0.0    0.0    0.0    0.0    0.0    9.0   19.0   12.0    4.0    0.0    0.0    0.0    0.0    0.0    0.0    0.0    0.0    0.0    0.0    0.0    0.0    0.0    2.0
 1990  3   18.0   38.0   30.0   23.0   18.0   15.0   10.0    8.0    4.0    4.0    0.0    0.0    0.0    0.0    0.0    0.0    0.0    0.0    0.0    0.0    0.0    0.0    0.0    0.0    8.0   12.0    8.0    8.0    5.0    0.0    0.0
 1990  4    0.0    0.0    1.0    0.0    0.0    0.0    0.0    0.0    0.0    0.0    0.0    2.0    0.0    6.0    0.0    0.0    0.0   12.0    0.0    0.0    0.0    0.0    0.0    0.0    0.0    0.0    0.0    0.0    0.0    0.0
 1990  5    0.0    0.0    0.0    0.0    0.0    0.0    0.0    0.0    0.0    0.0    0.0    0.0    0.0    0.0    0.0    0.0    0.0    0.0    0.0    0.0    0.0    0.0    0.0    0.0    0.0    0.0    0.0    0.0    0.0    0.0    0.0
 1990  6    0.0    0.0    0.0    0.0    0.0    0.0    0.0    0.0    0.0    0.0    0.0    0.0    0.0    0.0    0.0    0.0    0.0    0.0    0.0    0.0    0.0    0.0    0.0    0.0    0.0    0.0    0.0    0.0    0.0    0.0
 1990  7    0.0    0.0    0.0    0.0    0.0    0.0    0.0    0.0    0.0    0.0    0.0    0.0    0.0    0.0    0.0    0.0    0.0    0.0    0.0    0.0    0.0    0.0    0.0    0.0    0.0    0.0    0.0    0.0    0.0    0.0    0.0
 1990  8    0.0    0.0    0.0    0.0    0.0    0.0    0.0    0.0    0.0    0.0    0.0    0.0    0.0    0.0    0.0    0.0    0.0    0.0    0.0    0.0    0.0    0.0    0.0    0.0    0.0    0.0    0.0    0.0    0.0    0.0    0.0
 1990  9    0.0    0.0    0.0    0.0    0.0    0.0    0.0    0.0    0.0    0.0    0.0    0.0    0.0    0.0    0.0    0.0    0.0    0.0    0.0    0.0    0.0    0.0    0.0    0.0    0.0    0.0    0.0    0.0    0.0    0.0
 1990 10    0.0    0.0    0.0    0.0    0.0    0.0    0.0    0.0    0.0    0.0    0.0    0.0    0.0    0.0    0.0    0.0    0.0    0.0    0.0    0.0    0.0    0.0    0.0    0.0    0.0    0.0    0.0    0.0    0.0    0.0    0.0
 1990 11    0.0    0.0    4.0    4.0    4.0    4.0    4.0    0.0    0.0    0.0    0.0    0.0    0.0    0.0    3.0    0.0    0.0    0.0    0.0    0.0    3.0    9.0   28.0   28.0    9.0   14.0   11.0   10.0    9.0   10.0
 1990 12   12.0   12.0   10.0   10.0   16.0   16.0   15.0   15.0    8.0   18.0   22.0   41.0   48.0   45.0   40.0   40.0   35.0   34.0   35.0   35.0   30.0   27.0   25.0   23.0   22.0   27.0   18.0   20.0   12.0   12.0    8.0
 1991  1   10.0    5.0    4.0    5.0    6.0    5.0    4.0    4.0    4.0    3.0    3.0   12.0   23.0   16.0   10.0   10.0    9.0    9.0    8.0    9.0    8.0    8.0    8.0    8.0    8.0    8.0    8.0    8.0    8.0    8.0    8.0
 1991  2    8.0    8.0    8.0    8.0    9.0   12.0   12.0   18.0   14.0   20.0   18.0   19.0   19.0   18.0   18.0   24.0   22.0   20.0   19.0   18.0   18.0   19.0   17.0   16.0   13.0   10.0    5.0    8.0
 1991  3    5.0    5.0    3.0    2.0    2.0    0.0    0.0    0.0    0.0    0.0    0.0    0.0    0.0    0.0    0.0    0.0    0.0    0.0    0.0    0.0    0.0    4.0    0.0    0.0    0.0    0.0    0.0    0.0    0.0    0.0    0.0
 1991  4    0.0    0.0    0.0    0.0    8.0    7.0    0.0    0.0    0.0    0.0    0.0    0.0    0.0    0.0    0.0    0.0    0.0    5.0    0.0    4.0    5.0    0.0    9.0    0.0    0.0    0.0    0.0    0.0    0.0    0.0
 1991  5    0.0    0.0    0.0   10.0    0.0    0.0    0.0    0.0    0.0    0.0    0.0    0.0    0.0    0.0    0.0    8.0    0.0    0.0    0.0    0.0    0.0    0.0    0.0    0.0    0.0    0.0    0.0    0.0    0.0    0.0    0.0
 1991  6    0.0    0.0    0.0    0.0    0.0    0.0    0.0    0.0    0.0    0.0    0.0    0.0    0.0    0.0    0.0    0.0    0.0    0.0    0.0    0.0    0.0    0.0    0.0    0.0    0.0    0.0    0.0    0.0    0.0    0.0
 1991  7    0.0    0.0    0.0    0.0    0.0    0.0    0.0    0.0    0.0    0.0    0.0    0.0    0.0    0.0    0.0    0.0    0.0    0.0    0.0    0.0    0.0    0.0    0.0    0.0    0.0    0.0    0.0    0.0    0.0    0.0    0.0
 1991  8    0.0    0.0    0.0    0.0    0.0    0.0    0.0    0.0    0.0    0.0    0.0    0.0    0.0    0.0    0.0    0.0    0.0    0.0    0.0    0.0    0.0    0.0    0.0    0.0    0.0    0.0    0.0    0.0    0.0    0.0    0.0
 1991  9    0.0    0.0    0.0    0.0    0.0    0.0    0.0    0.0    0.0    0.0    0.0    0.0    0.0    0.0    0.0    0.0    0.0    0.0    0.0    0.0    0.0    0.0    0.0    0.0    0.0    0.0    0.0    0.0    0.0    0.0
 1991 10    0.0    0.0    0.0    0.0    0.0    0.0    0.0    0.0    0.0    0.0    0.0    0.0    0.0    0.0    0.0    0.0    0.0    0.0    3.0    4.0    4.0    2.0    0.0    0.0    0.0    0.0    0.0    0.0    0.0    0.0    0.0
 1991 11    0.0    0.0    0.0    0.0    0.0    8.0    0.0    0.0    4.0    5.0    4.0    0.0    0.0    3.0    4.0   20.0   23.0   10.0    0.0    0.0    0.0    0.0    0.0    0.0    0.0    0.0    0.0    0.0    0.0    0.0
 1991 12    0.0    0.0    0.0    0.0    0.0    0.0    0.0    0.0    0.0    0.0    0.0    0.0    0.0    0.0    0.0    0.0    0.0    6.0   13.0   20.0   45.0   15.0   13.0   15.0   15.0   15.0   22.0   18.0   18.0   18.0   18.0
 1992  1   18.0   17.0   17.0   17.0   17.0   17.0   16.0   16.0   10.0   30.0   25.0   25.0   25.0   24.0   24.0   20.0   20.0   20.0   20.0   27.0   30.0   30.0   26.0   25.0   25.0   25.0   25.0   25.0   24.0   24.0   23.0
 1992  2   22.0   22.0   22.0   42.0   43.0   40.0   39.0   38.0   38.0   45.0   40.0   32.0   47.0   60.0   52.0   54.0   60.0   55.0   55.0   55.0   52.0   51.0   47.0   43.0   43.0   42.0   42.0   40.0   40.0
 1992  3   36.0   34.0   33.0   31.0   31.0   27.0   24.0   24.0   24.0   20.0   24.0   24.0   19.0   14.0    8.0    8.0    4.0    2.0    0.0    0.0    0.0    0.0    0.0   17.0    4.0    3.0    3.0    8.0    0.0    0.0   15.0
 1992  4    5.0    2.0    0.0    0.0    0.0    0.0    0.0    0.0    0.0    0.0    0.0    0.0    0.0    0.0    0.0    6.0    0.0    5.0    0.0    0.0    0.0    0.0    0.0    0.0    0.0    0.0    0.0    0.0    0.0    0.0
 1992  5    0.0    0.0    0.0    0.0    0.0    0.0    0.0    0.0    0.0    0.0    0.0    0.0    0.0    0.0    0.0    0.0    0.0    0.0    0.0    0.0    0.0    0.0    0.0    0.0    0.0    0.0    0.0    0.0    0.0    0.0    0.0
 1992  6    0.0    0.0    0.0    0.0    0.0    0.0    0.0    0.0    0.0    0.0    0.0    0.0    0.0    0.0    0.0    0.0    0.0    0.0    0.0    0.0    0.0    0.0    0.0    0.0    0.0    0.0    0.0    0.0    0.0    0.0
 1992  7    0.0    0.0    0.0    0.0    0.0    0.0    0.0    0.0    0.0    0.0    0.0    0.0    0.0    0.0    0.0    0.0    0.0    0.0    0.0    0.0    0.0    0.0    0.0    0.0    0.0    0.0    0.0    0.0    0.0    0.0    0.0
 1992  8    0.0    0.0    0.0    0.0    0.0    0.0    0.0    0.0    0.0    0.0    0.0    0.0    0.0    0.0    0.0    0.0    0.0    0.0    0.0    0.0    0.0    0.0    0.0    0.0    0.0    0.0    0.0    0.0    0.0    0.0    0.0
 1992  9    0.0    0.0    0.0    0.0    0.0    0.0    0.0    0.0    0.0    0.0    0.0    0.0    0.0    0.0    0.0    0.0    0.0    0.0    0.0    0.0    0.0    0.0    0.0    0.0    0.0    0.0    0.0    0.0    0.0    0.0
 1992 10    0.0    0.0    0.0    0.0    0.0    0.0    0.0    0.0    0.0    0.0    0.0    0.0    0.0    0.0    0.0    0.0    4.0   14.0    0.0    0.0    4.0    4.0    2.0   13.0    0.0    0.0    0.0    0.0    0.0    0.0    0.0
 1992 11    0.0    0.0    0.0    0.0    0.0    0.0    0.0    0.0    0.0    0.0    0.0    9.0   20.0   12.0    0.0    2.0   12.0   15.0    0.0    0.0    0.0    0.0    0.0    0.0    0.0    0.0    0.0    0.0    0.0    0.0
 1992 12    0.0    0.0    0.0    0.0   14.0   13.0    7.0   30.0   24.0   24.0   22.0   15.0   15.0   12.0   10.0    9.0    9.0    9.0    8.0    8.0    8.0    8.0    8.0    8.0    8.0    8.0    8.0    8.0    8.0    8.0    8.0
 1993  1    8.0    8.0    8.0    8.0    8.0    8.0    8.0    8.0    5.0    5.0    0.0    0.0    0.0    0.0    0.0    0.0    0.0    0.0    0.0    0.0    0.0    0.0    0.0    0.0    1.0    5.0   12.0    8.0    5.0    5.0    5.0
 1993  2    5.0    5.0    5.0    5.0    3.0    3.0    1.0    1.0    0.0    0.0    0.0    0.0    0.0    0.0    0.0    0.0    2.0    0.0    3.0    5.0   28.0   60.0   45.0   40.0   40.0   30.0   28.0   26.0
 1993  3   21.0   21.0   35.0   30.0   25.0   23.0   22.0   20.0   19.0   18.0   12.0   12.0   10.0    5.0    3.0    3.0    0.0    0.0    0.0    0.0    0.0    0.0    0.0    5.0   18.0   18.0    8.0    6.0    2.0    0.0    0.0
 1993  4    0.0    6.0    4.0    7.0    0.0    0.0    0.0    0.0    0.0    0.0    0.0    0.0    0.0    0.0    0.0    0.0    0.0    0.0    0.0    0.0    0.0    0.0    0.0    0.0    0.0    0.0    0.0    0.0    0.0    0.0
 1993  5    0.0    0.0    0.0    0.0    0.0    0.0    0.0    0.0    0.0    0.0    0.0    0.0    0.0    0.0    0.0    0.0    0.0    0.0    0.0    0.0    0.0    0.0    0.0    0.0    0.0    0.0    0.0    0.0    0.0    0.0    0.0
 1993  6    0.0    0.0    0.0    0.0    0.0    0.0    0.0    0.0    0.0    0.0    0.0    0.0    0.0    0.0    0.0    0.0    0.0    0.0    0.0    0.0    0.0    0.0    0.0    0.0    0.0    0.0    0.0    0.0    0.0    0.0
 1993  7    0.0    0.0    0.0    0.0    0.0    0.0    0.0    0.0    0.0    0.0    0.0    0.0    0.0    0.0    0.0    0.0    0.0    0.0    0.0    0.0    0.0    0.0    0.0    0.0    0.0    0.0    0.0    0.0    0.0    0.0    0.0
 1993  8    0.0    0.0    0.0    0.0    0.0    0.0    0.0    0.0    0.0    0.0    0.0    0.0    0.0    0.0    0.0    0.0    0.0    0.0    0.0    0.0    0.0    0.0    0.0    0.0    0.0    0.0    0.0    0.0    0.0    0.0    0.0
 1993  9    0.0    0.0    0.0    0.0    0.0    0.0    0.0    0.0    0.0    0.0    0.0    0.0    0.0    0.0    0.0    0.0    0.0    0.0    0.0    0.0    0.0    0.0    0.0    0.0    0.0    0.0    0.0    0.0    0.0    0.0
 1993 10    0.0    0.0    0.0    0.0    0.0    0.0    0.0    0.0    0.0    0.0    0.0    0.0    0.0    0.0    0.0    0.0    0.0    0.0    0.0    0.0   10.0   14.0   14.0    7.0    4.0    3.0    0.0    0.0    0.0    0.0    0.0
 1993 11    0.0    0.0    0.0    0.0    0.0    0.0    0.0    0.0    0.0    0.0    0.0    0.0    0.0    0.0   22.0   18.0   10.0    5.0    4.0    4.0    4.0    4.0    4.0    4.0    3.0    3.0    3.0    0.0    0.0    0.0
 1993 12    0.0    0.0    0.0    0.0    0.0    0.0    0.0    0.0    0.0    0.0    4.0    8.0    4.0   12.0   12.0   21.0   21.0   18.0   10.0    0.0    2.0    3.0    8.0   19.0   37.0   45.0   34.0   31.0   25.0   13.0    6.0
 1994  1   24.0    6.0    5.0    4.0    5.0    4.0    3.0    4.0    3.0    0.0    4.0    0.0    0.0   10.0    9.0    9.0   17.0   12.0   11.0   10.0   10.0    9.0    6.0    4.0    0.0   13.0    9.0    9.0    9.0    7.0    7.0
 1994  2    5.0    5.0    4.0    3.0    2.0    0.0    0.0   10.0    8.0   13.0   13.0   10.0   10.0   10.0   10.0   10.0   10.0    9.0    9.0    9.0    9.0    8.0    7.0    7.0    6.0    4.0    0.0    0.0
 1994  3    0.0    0.0    0.0    0.0    0.0    0.0    0.0    0.0    0.0    0.0    0.0    0.0    0.0    0.0    0.0    0.0    0.0    0.0    0.0    0.0    0.0    0.0    0.0    0.0    0.0    0.0    0.0    0.0    0.0    0.0    0.0
 1994  4    0.0    0.0    0.0    0.0    8.0   10.0    8.0   12.0   12.0   16.0   10.0   14.0   11.0   13.0   20.0   14.0    9.0    6.0    3.0    0.0    0.0    0.0    0.0    0.0    0.0    0.0    0.0    0.0    0.0    0.0
 1994  5    0.0    0.0    0.0    0.0    0.0    0.0    0.0    0.0    0.0    0.0    0.0    0.0    0.0    0.0    0.0    0.0    0.0    0.0    0.0    0.0    0.0    0.0    0.0    0.0    0.0    0.0    0.0    0.0    0.0    0.0    0.0
 1994  6    0.0    0.0    0.0    0.0    0.0    0.0    0.0    0.0    0.0    0.0    0.0    0.0    0.0    0.0    0.0    0.0    0.0    0.0    0.0    0.0    0.0    0.0    0.0    0.0    0.0    0.0    0.0    0.0    0.0    0.0
 1994  7    0.0    0.0    0.0    0.0    0.0    0.0    0.0    0.0    0.0    0.0    0.0    0.0    0.0    0.0    0.0    0.0    0.0    0.0    0.0    0.0    0.0    0.0    0.0    0.0    0.0    0.0    0.0    0.0    0.0    0.0    0.0
 1994  8    0.0    0.0    0.0    0.0    0.0    0.0    0.0    0.0    0.0    0.0    0.0    0.0    0.0    0.0    0.0    0.0    0.0    0.0    0.0    0.0    0.0    0.0    0.0    0.0    0.0    0.0    0.0    0.0    0.0    0.0    0.0
 1994  9    0.0    0.0    0.0    0.0    0.0    0.0    0.0    0.0    0.0    0.0    0.0    0.0    0.0    0.0    0.0    0.0    0.0    0.0    0.0    0.0    0.0    0.0    0.0    0.0    0.0    0.0    0.0    0.0    0.0    0.0
 1994 10    0.0    0.0    0.0    0.0    0.0    0.0    0.0    0.0    0.0    0.0    0.0    0.0    0.0    0.0    0.0    0.0    0.0    0.0    0.0    0.0    0.0    0.0    0.0    0.0    0.0    0.0    0.0    1.0    0.0    0.0    0.0
 1994 11    0.0    0.0    0.0    0.0    0.0    0.0    0.0    0.0    0.0    0.0    0.0    0.0    0.0    0.0    0.0    0.0    0.0    0.0    0.0    0.0    0.0    0.0    0.0    0.0    0.0    0.0    0.0    0.0    0.0    0.0
 1994 12    0.0    0.0    0.0    0.0    0.0    0.0    0.0    0.0    0.0    0.0    0.0    0.0    0.0    0.0    0.0    0.0    0.0    0.0    5.0   15.0   25.0   35.0   27.0   23.0   21.0   20.0   13.0    5.0    5.0    0.0    9.0
 1995  1   22.0   25.0   32.0   26.0   25.0   22.0   23.0   23.0   20.0   36.0   60.0   87.0   80.0   78.0   65.0   60.0   55.0   53.0   55.0   52.0   51.0   41.0   31.0   36.0   24.0   19.0   36.0   22.0   28.0   25.0   29.0
 1995  2   27.0   26.0   26.0   23.0   23.0   22.0   21.0   19.0   17.0   14.0   15.0   14.0   11.0   10.0    5.0    3.0    0.0   38.0   20.0   15.0   10.0    8.0    6.0    6.0   10.0   28.0   23.0   18.0
 1995  3   13.0   12.0   28.0   31.0   23.0   28.0   25.0   23.0   23.0   20.0   17.0   11.0    8.0    6.0    5.0    5.0    0.0    0.0    0.0   28.0   19.0   10.0    5.0    4.0    2.0    2.0    4.0    8.0   25.0   19.0   14.0
 1995  4    8.0    4.0    0.0    0.0    0.0    0.0    0.0    0.0    0.0    0.0    0.0    0.0    0.0    0.0    0.0    0.0    0.0    0.0    0.0    1.0    0.0    0.0    0.0    0.0    0.0    0.0    0.0    0.0    0.0    0.0
 1995  5    0.0    0.0    0.0    0.0    0.0    0.0    0.0    0.0    0.0    0.0    0.0    0.0    0.0    0.0    0.0    0.0    0.0    0.0    0.0    0.0    0.0    0.0    0.0    0.0    0.0    0.0    0.0    0.0    0.0    0.0    0.0
 1995  6    0.0    0.0    0.0    0.0    0.0    0.0    0.0    0.0    0.0    0.0    0.0    0.0    0.0    0.0    0.0    0.0    0.0    0.0    0.0    0.0    0.0    0.0    0.0    0.0    0.0    0.0    0.0    0.0    0.0    0.0
 1995  7    0.0    0.0    0.0    0.0    0.0    0.0    0.0    0.0    0.0    0.0    0.0    0.0    0.0    0.0    0.0    0.0    0.0    0.0    0.0    0.0    0.0    0.0    0.0    0.0    0.0    0.0    0.0    0.0    0.0    0.0    0.0
 1995  8    0.0    0.0    0.0    0.0    0.0    0.0    0.0    0.0    0.0    0.0    0.0    0.0    0.0    0.0    0.0    0.0    0.0    0.0    0.0    0.0    0.0    0.0    0.0    0.0    0.0    0.0    0.0    0.0    0.0    0.0    0.0
 1995  9    0.0    0.0    0.0    0.0    0.0    0.0    0.0    0.0    0.0    0.0    0.0    0.0    0.0    0.0    0.0    0.0    0.0    0.0    0.0    0.0    0.0    0.0    0.0    0.0    0.0    0.0    0.0    0.0    0.0    0.0
 1995 10    0.0    0.0    0.0    0.0    0.0    0.0    0.0    0.0    0.0    0.0    0.0    0.0    0.0    0.0    0.0    0.0    0.0    0.0    0.0    0.0    0.0    0.0    0.0    0.0    0.0    0.0    0.0    0.0    0.0    0.0    0.0
 1995 11    0.0    0.0    0.0    5.0    2.0    0.0    0.0    0.0    0.0    0.0    0.0    0.0    0.0    0.0    0.0    0.0    1.0   16.0   10.0    7.0    6.0    5.0    4.0    4.0    3.0    2.0    1.0    1.0    0.0    0.0
 1995 12    0.0    0.0    0.0    0.0    0.0    0.0    0.0    0.0    0.0    0.0    0.0    0.0    6.0    8.0    5.0    0.0    0.0    5.0    4.0    0.0    0.0    0.0    0.0    0.0    0.0   10.0   14.0   11.0   21.0   15.0    9.0
 1996  1    7.0   13.0    5.0    5.0    5.0    4.0    4.0    4.0    4.0    4.0    3.0    0.0    0.0    0.0    0.0    0.0    0.0    0.0    0.0    0.0    0.0    0.0    0.0    0.0    0.0    0.0    0.0    0.0    0.0    0.0    0.0
 1996  2    0.0    0.0    0.0    1.0    2.0    0.0    0.0   14.0    8.0    6.0    8.0    8.0   38.0   40.0   31.0   31.0   34.0   30.0   38.0   51.0   50.0   41.0   44.0   40.0   32.0   29.0   28.0   25.0   23.0
 1996  3   24.0   23.0   23.0   23.0   23.0   22.0   22.0   22.0   20.0   20.0   19.0   19.0   18.0   15.0   13.0   10.0   10.0    9.0    6.0    4.0    3.0    3.0    0.0    0.0    0.0    0.0    1.0    0.0    0.0    2.0    0.0
 1996  4   13.0   18.0   14.0    9.0    0.0    0.0    0.0    0.0    0.0    0.0    0.0    0.0    0.0    0.0    0.0    0.0    0.0    0.0    0.0    0.0    0.0    0.0    0.0    0.0    0.0    0.0    0.0    0.0    0.0    0.0
 1996  5    0.0    0.0    0.0    0.0    0.0    0.0    0.0    0.0    0.0    0.0    0.0    0.0    0.0    0.0    0.0    0.0    0.0    0.0    0.0    0.0    0.0    0.0    0.0    0.0    0.0    0.0    0.0    0.0    0.0    0.0    0.0
 1996  6    0.0    0.0    0.0    0.0    0.0    0.0    0.0    0.0    0.0    0.0    0.0    0.0    0.0    0.0    0.0    0.0    0.0    0.0    0.0    0.0    0.0    0.0    0.0    0.0    0.0    0.0    0.0    0.0    0.0    0.0
 1996  7    0.0    0.0    0.0    0.0    0.0    0.0    0.0    0.0    0.0    0.0    0.0    0.0    0.0    0.0    0.0    0.0    0.0    0.0    0.0    0.0    0.0    0.0    0.0    0.0    0.0    0.0    0.0    0.0    0.0    0.0    0.0
 1996  8    0.0    0.0    0.0    0.0    0.0    0.0    0.0    0.0    0.0    0.0    0.0    0.0    0.0    0.0    0.0    0.0    0.0    0.0    0.0    0.0    0.0    0.0    0.0    0.0    0.0    0.0    0.0    0.0    0.0    0.0    0.0
 1996  9    0.0    0.0    0.0    0.0    0.0    0.0    0.0    0.0    0.0    0.0    0.0    0.0    0.0    0.0    0.0    0.0    0.0    0.0    0.0    0.0    0.0    0.0    0.0    0.0    0.0    0.0    0.0    0.0    0.0    0.0
 1996 10    0.0    0.0    0.0    0.0    0.0    0.0    0.0    0.0    0.0    0.0    0.0    0.0    0.0    0.0    0.0    0.0    0.0    0.0    0.0    0.0    0.0    0.0    0.0    0.0    0.0    0.0    0.0    0.0    0.0    0.0    0.0
 1996 11    0.0    0.0    0.0    0.0    0.0    0.0    0.0    0.0    0.0    0.0    0.0    0.0    1.0    3.0    2.0    0.0    0.0    2.0    0.0   10.0   35.0   43.0   29.0   33.0   18.0   32.0   36.0   52.0   50.0   49.0
 1996 12   66.0   56.0   41.0   36.0   35.0   32.0   32.0   30.0   28.0   25.0   22.0   20.0   20.0   19.0   19.0   19.0   19.0   19.0   19.0   18.0   17.0   15.0   14.0   12.0   13.0   13.0   14.0   14.0   14.0   16.0   16.0
 1997  1   16.0   16.0   15.0   15.0   15.0   15.0   15.0   15.0   23.0   25.0   25.0   23.0   21.0   19.0   17.0   17.0   16.0   16.0   17.0   30.0   27.0   25.0   24.0   22.0   21.0   21.0   21.0   21.0   21.0   21.0   21.0
 1997  2   21.0   20.0   19.0   19.0   15.0   20.0   18.0   16.0   15.0   10.0   10.0    6.0    6.0    4.0   10.0    8.0    4.0    4.0    8.0    6.0    4.0    4.0    4.0    4.0    3.0    1.0   15.0    3.0
 1997  3    1.0    0.0    0.0    0.0    0.0    0.0    0.0    0.0    0.0    0.0    0.0    0.0    0.0    0.0    0.0    0.0    0.0    0.0    2.0    4.0    0.0    0.0    0.0    0.0    0.0    0.0    0.0    3.0    2.0    0.0    0.0
 1997  4    0.0    0.0    0.0    0.0    0.0    0.0    0.0    0.0    0.0    0.0    0.0    0.0    0.0    0.0    0.0    0.0    0.0    0.0    0.0   10.0    0.0    0.0    0.0    0.0    0.0    0.0    0.0    0.0    0.0    0.0
 1997  5    0.0    0.0    0.0    0.0    0.0    0.0    0.0    5.0    0.0    0.0    0.0    0.0    0.0    0.0    0.0    0.0    0.0    0.0    0.0    0.0    0.0    0.0    0.0    0.0    0.0    0.0    0.0    0.0    0.0    0.0    0.0
 1997  6    0.0    0.0    0.0    0.0    0.0    0.0    0.0    0.0    0.0    0.0    0.0    0.0    0.0    0.0    0.0    0.0    0.0    0.0    0.0    0.0    0.0    0.0    0.0    0.0    0.0    0.0    0.0    0.0    0.0    0.0
 1997  7    0.0    0.0    0.0    0.0    0.0    0.0    0.0    0.0    0.0    0.0    0.0    0.0    0.0    0.0    0.0    0.0    0.0    0.0    0.0    0.0    0.0    0.0    0.0    0.0    0.0    0.0    0.0    0.0    0.0    0.0    0.0
 1997  8    0.0    0.0    0.0    0.0    0.0    0.0    0.0    0.0    0.0    0.0    0.0    0.0    0.0    0.0    0.0    0.0    0.0    0.0    0.0    0.0    0.0    0.0    0.0    0.0    0.0    0.0    0.0    0.0    0.0    0.0    0.0
 1997  9    0.0    0.0    0.0    0.0    0.0    0.0    0.0    0.0    0.0    0.0    0.0    0.0    0.0    0.0    0.0    0.0    0.0    0.0    0.0    0.0    0.0    0.0    0.0    0.0    0.0    0.0    0.0    0.0    0.0    0.0
 1997 10    0.0    0.0    0.0    0.0    0.0    0.0    0.0    0.0    0.0    0.0    0.0    0.0    0.0    1.0    0.0    0.0    0.0    0.0    0.0    0.0    0.0    0.0    0.0    0.0    0.0    0.0    0.0    0.0    0.0    0.0    0.0
 1997 11    0.0    0.0    0.0    0.0    0.0    0.0    0.0    0.0    0.0    0.0    0.0    2.0    0.0    0.0    0.0    0.0    0.0    0.0    0.0    0.0    0.0    0.0    0.0    0.0    0.0    0.0    0.0    0.0    0.0    0.0
 1997 12   11.0    7.0   13.0   10.0    9.0    9.0    6.0    5.0    4.0    3.0    0.0    3.0   20.0   16.0   28.0   24.0   10.0    5.0    0.0    0.0    0.0    0.0    0.0    0.0    0.0    0.0    9.0   24.0   13.0    7.0    5.0
 1998  1    5.0    2.0    0.0    0.0    1.0    0.0    0.0    0.0    0.0    0.0    0.0    0.0    0.0    2.0    2.0    0.0    8.0    5.0    8.0   25.0   31.0   28.0   25.0   25.0   23.0   23.0   20.0   20.0   19.0   18.0   18.0
 1998  2   17.0   17.0   17.0   17.0   17.0   17.0   17.0   17.0   13.0   10.0    9.0    8.0    5.0    3.0    2.0    0.0    0.0    0.0    0.0    0.0    0.0    8.0   20.0    7.0    2.0    2.0    0.0    0.0
 1998  3    0.0    0.0    0.0    0.0    0.0    0.0    0.0    1.0    9.0    3.0    2.0   12.0    8.0    2.0    2.0    2.0    0.0    0.0    0.0    0.0    0.0    0.0    2.0    2.0    0.0    0.0    0.0    0.0    0.0    0.0    0.0
 1998  4    0.0    0.0    0.0    2.0    0.0    0.0    0.0    0.0    0.0   12.0    0.0    0.0   19.0    3.0    0.0    0.0    0.0    2.0    2.0    0.0    0.0    0.0    0.0    0.0    0.0    0.0    0.0    0.0    0.0    0.0
 1998  5    0.0    0.0    0.0    0.0    0.0    0.0    0.0    0.0    0.0    0.0    0.0    0.0    0.0    0.0    0.0    0.0    0.0    0.0    0.0    0.0    0.0    0.0    0.0    0.0    0.0    0.0    0.0    0.0    0.0    0.0    0.0
 1998  6    0.0    0.0    0.0    0.0    0.0    0.0    0.0    0.0    0.0    0.0    0.0    0.0    0.0    0.0    0.0    0.0    0.0    0.0    0.0    0.0    0.0    0.0    0.0    0.0    0.0    0.0    0.0    0.0    0.0    0.0
 1998  7    0.0    0.0    0.0    0.0    0.0    0.0    0.0    0.0    0.0    0.0    0.0    0.0    0.0    0.0    0.0    0.0    0.0    0.0    0.0    0.0    0.0    0.0    0.0    0.0    0.0    0.0    0.0    0.0    0.0    0.0    0.0
 1998  8    0.0    0.0    0.0    0.0    0.0    0.0    0.0    0.0    0.0    0.0    0.0    0.0    0.0    0.0    0.0    0.0    0.0    0.0    0.0    0.0    0.0    0.0    0.0    0.0    0.0    0.0    0.0    0.0    0.0    0.0    0.0
 1998  9    0.0    0.0    0.0    0.0    0.0    0.0    0.0    0.0    0.0    0.0    0.0    0.0    0.0    0.0    0.0    0.0    0.0    0.0    0.0    0.0    0.0    0.0    0.0    0.0    0.0    0.0    0.0    0.0    0.0    0.0
 1998 10    0.0    0.0    0.0    0.0    0.0    0.0    0.0    0.0    0.0    0.0    0.0    0.0    0.0    0.0    0.0    0.0    0.0    0.0    0.0    0.0    0.0    0.0    0.0    0.0    0.0    0.0    0.0    0.0    0.0    1.0    0.0
 1998 11    0.0    0.0    0.0    1.0    3.0    0.0    0.0    0.0    0.0    0.0    0.0    1.0    0.0    4.0   10.0   25.0   17.0   12.0   10.0   13.0   12.0   11.0    9.0    8.0    7.0   15.0   24.0   20.0   18.0   23.0
 1998 12   20.0   19.0   18.0   18.0   22.0   33.0   33.0   25.0   26.0   23.0   20.0   19.0   12.0    9.0    5.0    4.0    4.0    3.0    3.0    4.0   10.0    9.0    8.0   10.0   10.0    8.0    5.0    3.0    3.0    3.0    2.0
 1999  1    2.0    2.0    2.0    0.0    0.0    0.0    0.0    0.0    5.0    4.0    8.0    8.0   20.0   23.0   15.0   10.0    8.0    8.0    8.0    7.0    7.0    6.0    6.0    6.0    4.0    3.0   33.0   47.0   76.0   75.0   75.0
 1999  2   58.0   55.0   45.0   40.0   40.0   65.0   88.0   82.0  120.0  120.0  123.0  118.0  116.0  110.0  105.0  100.0  105.0  132.0  115.0   85.0   72.0   86.0  115.0  105.0   95.0   85.0   75.0   72.0
 1999  3   68.0   60.0   54.0   89.0   75.0   85.0   70.0   68.0   55.0   55.0   55.0   53.0   50.0   45.0   45.0   40.0   36.0   32.0   30.0   30.0   25.0   40.0   45.0   25.0   25.0   20.0   20.0   25.0   20.0   17.0   15.0
 1999  4    8.0    6.0    0.0    0.0    0.0    0.0    1.0   12.0    6.0    2.0    0.0    0.0    0.0    0.0   19.0   32.0   12.0   13.0   11.0    3.0    0.0    0.0    0.0    0.0    0.0    0.0    0.0    0.0    0.0    0.0
 1999  5    0.0    0.0    0.0    0.0    0.0    0.0    0.0    0.0    0.0    0.0    0.0    0.0    0.0    0.0    0.0    0.0    0.0    0.0    0.0    0.0    0.0    0.0    0.0    0.0    0.0    0.0    0.0    0.0    0.0    0.0    0.0
 1999  6    0.0    0.0    0.0    0.0    0.0    0.0    0.0    0.0    0.0    0.0    0.0    0.0    0.0    0.0    0.0    0.0    0.0    0.0    0.0    0.0    0.0    0.0    0.0    0.0    0.0    0.0    0.0    0.0    0.0    0.0
 1999  7    0.0    0.0    0.0    0.0    0.0    0.0    0.0    0.0    0.0    0.0    0.0    0.0    0.0    0.0    0.0    0.0    0.0    0.0    0.0    0.0    0.0    0.0    0.0    0.0    0.0    0.0    0.0    0.0    0.0    0.0    0.0
 1999  8    0.0    0.0    0.0    0.0    0.0    0.0    0.0    0.0    0.0    0.0    0.0    0.0    0.0    0.0    0.0    0.0    0.0    0.0    0.0    0.0    0.0    0.0    0.0    0.0    0.0    0.0    0.0    0.0    0.0    0.0    0.0
 1999  9    0.0    0.0    0.0    0.0    0.0    0.0    0.0    0.0    0.0    0.0    0.0    0.0    0.0    0.0    0.0    0.0    0.0    0.0    0.0    0.0    0.0    0.0    0.0    0.0    0.0    0.0    0.0    0.0    0.0    0.0
 1999 10    0.0    0.0    0.0    0.0    0.0    0.0    0.0    0.0    0.0    0.0    0.0    0.0    0.0    0.0    0.0    0.0    0.0    0.0    0.0    0.0    0.0    0.0    0.0    0.0    0.0    0.0    0.0    0.0    0.0    0.0    0.0
 1999 11    0.0    0.0    0.0    0.0    0.0   13.0    5.0    3.0    3.0   16.0   12.0   11.0    2.0    0.0    2.0    2.0   15.0   15.0   45.0   32.0   26.0   22.0   21.0   18.0   16.0   12.0    9.0    9.0    9.0    9.0
 1999 12    9.0    5.0    4.0    4.0   16.0   10.0    8.0    4.0    3.0   20.0    5.0    8.0   19.0   18.0   35.0   35.0   28.0   10.0    2.0   10.0    9.0    8.0    8.0    6.0    2.0    2.0    6.0   55.0   69.0   65.0   65.0
 2000  1   48.0   40.0   37.0   35.0   25.0   25.0   24.0   23.0   23.0   23.0   23.0   23.0   23.0   23.0   23.0   23.0   23.0   24.0   25.0   25.0   25.0   26.0   65.0   72.0   65.0   60.0   55.0   50.0   50.0   35.0   30.0
 2000  2   27.0   25.0   20.0   20.0   20.0   20.0   15.0   10.0   20.0   17.0   20.0   20.0   19.0   19.0   15.0   18.0   34.0   28.0   38.0   59.0   40.0   38.0   36.0   36.0   35.0   29.0   20.0   20.0   16.0
 2000  3   25.0   28.0   21.0   18.0   20.0   18.0   18.0   16.0   10.0    5.0    4.0    3.0    3.0    0.0    3.0    0.0    0.0    0.0    0.0    0.0    0.0    0.0    0.0    0.0    0.0    2.0    6.0    0.0    7.0    4.0    0.0
 2000  4    0.0    0.0    0.0    0.0    0.0    0.0    0.0    0.0    0.0    0.0    0.0    0.0    0.0    0.0    0.0    0.0    0.0    0.0    0.0    0.0    0.0    0.0    0.0    0.0    0.0    0.0    0.0    0.0    0.0    0.0
 2000  5    0.0    0.0    0.0    0.0    0.0    0.0    0.0    0.0    0.0    0.0    0.0    0.0    0.0    0.0    0.0    0.0    0.0    0.0    0.0    0.0    0.0    0.0    0.0    0.0    0.0    0.0    0.0    0.0    0.0    0.0    0.0
 2000  6    0.0    0.0    0.0    0.0    0.0    0.0    0.0    0.0    0.0    0.0    0.0    0.0    0.0    0.0    0.0    0.0    0.0    0.0    0.0    0.0    0.0    0.0    0.0    0.0    0.0    0.0    0.0    0.0    0.0    0.0
 2000  7    0.0    0.0    0.0    0.0    0.0    0.0    0.0    0.0    0.0    0.0    0.0    0.0    0.0    0.0    0.0    0.0    0.0    0.0    0.0    0.0    0.0    0.0    0.0    0.0    0.0    0.0    0.0    0.0    0.0    0.0    0.0
 2000  8    0.0    0.0    0.0    0.0    0.0    0.0    0.0    0.0    0.0    0.0    0.0    0.0    0.0    0.0    0.0    0.0    0.0    0.0    0.0    0.0    0.0    0.0    0.0    0.0    0.0    0.0    0.0    0.0    0.0    0.0    0.0
 2000  9    0.0    0.0    0.0    0.0    0.0    0.0    0.0    0.0    0.0    0.0    0.0    0.0    0.0    0.0    0.0    0.0    0.0    0.0    0.0    0.0    0.0    0.0    0.0    0.0    0.0    0.0    0.0    0.0    0.0    0.0
 2000 10    0.0    0.0    0.0    0.0    0.0    0.0    0.0    0.0    0.0    0.0    0.0    0.0    0.0    0.0    0.0    0.0    0.0    0.0    0.0    0.0    0.0    0.0    0.0    0.0    0.0    0.0    0.0    0.0    0.0    0.0    0.0
 2000 11    0.0    0.0    0.0    0.0    0.0    0.0    0.0    0.0    0.0    0.0    0.0    0.0    0.0    1.0    0.0    0.0   27.0   23.0   18.0   18.0   16.0    7.0    4.0    4.0    4.0   14.0    9.0    3.0    2.0    2.0
 2000 12    2.0    0.0    0.0    0.0    0.0    0.0    0.0    0.0    0.0    0.0    0.0    0.0    0.0    0.0   16.0   14.0   10.0    6.0    5.0    2.0    2.0    2.0    2.0    2.0    2.0    5.0    4.0    8.0   10.0   13.0   17.0
 2001  1   16.0    9.0    9.0    8.0    5.0    9.0   25.0   45.0   45.0   32.0   25.0   24.0   20.0   20.0   15.0   15.0   15.0   15.0   25.0   23.0   24.0   19.0   18.0   15.0   17.0   16.0   16.0   13.0   13.0   14.0   14.0
 2001  2   15.0   15.0   33.0   15.0   15.0   12.0   10.0    5.0    7.0    5.0    5.0    3.0    2.0    0.0    0.0    0.0    0.0    0.0    0.0    0.0    0.0    0.0    1.0   10.0    5.0    6.0    4.0    3.0
 2001  3    5.0    9.0    3.0    0.0    3.0    3.0    0.0    0.0    0.0    0.0    0.0    0.0    0.0    0.0    0.0    0.0    0.0    0.0    0.0    0.0    0.0    0.0    0.0    0.0    0.0    0.0    0.0    0.0    1.0    1.0    0.0
 2001  4    0.0    0.0    0.0    0.0    0.0    0.0    1.0    5.0    3.0    0.0    1.0    0.0    0.0    0.0   10.0   10.0    2.0    2.0    7.0    4.0   23.0    8.0    5.0    2.0    0.0    0.0    0.0    0.0    0.0    0.0
 2001  5    0.0    0.0    0.0    0.0    0.0    0.0    0.0    0.0    0.0    0.0    0.0    0.0    0.0    0.0    0.0    0.0    0.0    0.0    0.0    0.0    0.0    0.0    0.0    0.0    0.0    0.0    0.0    0.0    0.0    0.0    0.0
 2001  6    0.0    0.0    0.0    0.0    0.0    0.0    0.0    0.0    0.0    0.0    0.0    0.0    0.0    0.0    0.0    0.0    0.0    0.0    0.0    0.0    0.0    0.0    0.0    0.0    0.0    0.0    0.0    0.0    0.0    0.0
 2001  7    0.0    0.0    0.0    0.0    0.0    0.0    0.0    0.0    0.0    0.0    0.0    0.0    0.0    0.0    0.0    0.0    0.0    0.0    0.0    0.0    0.0    0.0    0.0    0.0    0.0    0.0    0.0    0.0    0.0    0.0    0.0
 2001  8    0.0    0.0    0.0    0.0    0.0    0.0    0.0    0.0    0.0    0.0    0.0    0.0    0.0    0.0    0.0    0.0    0.0    0.0    0.0    0.0    0.0    0.0    0.0    0.0    0.0    0.0    0.0    0.0    0.0    0.0    0.0
 2001  9    0.0    0.0    0.0    0.0    0.0    0.0    0.0    0.0    0.0    0.0    0.0    0.0    0.0    0.0    0.0    0.0    0.0    0.0    0.0    0.0    0.0    0.0    0.0    0.0    0.0    0.0    0.0    0.0    0.0    0.0
 2001 10    0.0    0.0    0.0    0.0    0.0    0.0    0.0    0.0    0.0    0.0    0.0    0.0    0.0    0.0    0.0    0.0    0.0    0.0    0.0    0.0    0.0    0.0    0.0    0.0    0.0    0.0    0.0    0.0    0.0    0.0    0.0
 2001 11    0.0    0.0    0.0    0.0    0.0    0.0    0.0    0.0   23.0    8.0    5.0    5.0    7.0    9.0    4.0    4.0    4.0    3.0    0.0    0.0    0.0    0.0   35.0   24.0   16.0   10.0   10.0   13.0   14.0    6.0
 2001 12    4.0    3.0    2.0    0.0    0.0    0.0    0.0    0.0    0.0    0.0    0.0    0.0    2.0    5.0    5.0    5.0    5.0    5.0    3.0    3.0    3.0    7.0   18.0   16.0   15.0   30.0   30.0   30.0   15.0   20.0   20.0
 2002  1   20.0   20.0   18.0   18.0   18.0   18.0   18.0   18.0   17.0   17.0   15.0   14.0   14.0   14.0   14.0   14.0   14.0   13.0   13.0   13.0   13.0   13.0   10.0   10.0   10.0    8.0    5.0    5.0    2.0    2.0    0.0
 2002  2    0.0    0.0    0.0    0.0    0.0   17.0   32.0   30.0    8.0    9.0    7.0    0.0    0.0    0.0    0.0    0.0    0.0    0.0    2.0    5.0   37.0   20.0    9.0   24.0   20.0   10.0    5.0    4.0
 2002  3    4.0    5.0   10.0    5.0    4.0    3.0    3.0    2.0    0.0    0.0    0.0    0.0    0.0    0.0    0.0    0.0    0.0    0.0    0.0    0.0    0.0    0.0    2.0    1.0    1.0    1.0    0.0    0.0    0.0    0.0    0.0
 2002  4    0.0    0.0    0.0    0.0    0.0    0.0    0.0    0.0    0.0    0.0    0.0    0.0    0.0    3.0    0.0    0.0    0.0    0.0    0.0    1.0    0.0    0.0    0.0    0.0    0.0    0.0    0.0    0.0    0.0    0.0
 2002  5    0.0    0.0    0.0    5.0    0.0    0.0    0.0    0.0    0.0    0.0    0.0    0.0    0.0    0.0    0.0    0.0    0.0    0.0    0.0    0.0    0.0    0.0    0.0    0.0    0.0    0.0    0.0    0.0    0.0    0.0    0.0
 2002  6    0.0    0.0    0.0    0.0    0.0    0.0    0.0    0.0    0.0    0.0    0.0    0.0    0.0    0.0    0.0    0.0    0.0    0.0    0.0    0.0    0.0    0.0    0.0    0.0    0.0    0.0    0.0    0.0    0.0    0.0
 2002  7    0.0    0.0    0.0    0.0    0.0    0.0    0.0    0.0    0.0    0.0    0.0    0.0    0.0    0.0    0.0    0.0    0.0    0.0    0.0    0.0    0.0    0.0    0.0    0.0    0.0    0.0    0.0    0.0    0.0    0.0    0.0
 2002  8    0.0    0.0    0.0    0.0    0.0    0.0    0.0    0.0    0.0    0.0    0.0    0.0    0.0    0.0    0.0    0.0    0.0    0.0    0.0    0.0    0.0    0.0    0.0    0.0    0.0    0.0    0.0    0.0    0.0    0.0    0.0
 2002  9    0.0    0.0    0.0    0.0    0.0    0.0    0.0    0.0    0.0    0.0    0.0    0.0    0.0    0.0    0.0    0.0    0.0    0.0    0.0    0.0    0.0    0.0    0.0   10.0    5.0    3.0    0.0    0.0    0.0    0.0
 2002 10    0.0    0.0    0.0    0.0    0.0    0.0    0.0    0.0    0.0    0.0    0.0    0.0    0.0    0.0    0.0    0.0    0.0    0.0    0.0    0.0    0.0    0.0    0.0    0.0    0.0    0.0    0.0    0.0    0.0    0.0    0.0
 2002 11    0.0    0.0    0.0    2.0    2.0    2.0   13.0   13.0    2.0    2.0    0.0    0.0    0.0    1.0    0.0    0.0    0.0    2.0    0.0    0.0    0.0    0.0    0.0    0.0    0.0    0.0    0.0    0.0    0.0    0.0
 2002 12    0.0    5.0    7.0    6.0    5.0    4.0    4.0    4.0    4.0    4.0    3.0    3.0    2.0    2.0    1.0    2.0    2.0    7.0    5.0    5.0    4.0    0.0    0.0    0.0    0.0    0.0    0.0    0.0    0.0    0.0    0.0
 2003  1    0.0    0.0    0.0    1.0    9.0    9.0   14.0    9.0    8.0    8.0    8.0    7.0    8.0   10.0    8.0    8.0    8.0    8.0    6.0    5.0    6.0    7.0   18.0   40.0   33.0   33.0   25.0   24.0   42.0   70.0   70.0
 2003  2   67.0   53.0   62.0   85.0   95.0   95.0   95.0   78.0   75.0   70.0   68.0   68.0   67.0   65.0   62.0   63.0   62.0   61.0   60.0   59.0   57.0   54.0   52.0   51.0   47.0   45.0   42.0   38.0
 2003  3   37.0   33.0   36.0   24.0   22.0   23.0   25.0   23.0   22.0   22.0   12.0   11.0    7.0    5.0    5.0    4.0    4.0    3.0    3.0    2.0    0.0    0.0    0.0    0.0    0.0    0.0    0.0    0.0    0.0    0.0    0.0
 2003  4    0.0   19.0   10.0    2.0    2.0    0.0    0.0    0.0    0.0   10.0    0.0    0.0    0.0    0.0    0.0    0.0    0.0    0.0    0.0    0.0    0.0    0.0    0.0    0.0    0.0    0.0    0.0    0.0    0.0    0.0
 2003  5    0.0    0.0    0.0    0.0    0.0    0.0    0.0    0.0    0.0    0.0    0.0    0.0    0.0    0.0    0.0    0.0    0.0    0.0    0.0    0.0    0.0    0.0    0.0    0.0    0.0    0.0    0.0    0.0    0.0    0.0    0.0
 2003  6    0.0    0.0    0.0    0.0    0.0    0.0    0.0    0.0    0.0    0.0    0.0    0.0    0.0    0.0    0.0    0.0    0.0    0.0    0.0    0.0    0.0    0.0    0.0    0.0    0.0    0.0    0.0    0.0    0.0    0.0
 2003  7    0.0    0.0    0.0    0.0    0.0    0.0    0.0    0.0    0.0    0.0    0.0    0.0    0.0    0.0    0.0    0.0    0.0    0.0    0.0    0.0    0.0    0.0    0.0    0.0    0.0    0.0    0.0    0.0    0.0    0.0    0.0
 2003  8    0.0    0.0    0.0    0.0    0.0    0.0    0.0    0.0    0.0    0.0    0.0    0.0    0.0    0.0    0.0    0.0    0.0    0.0    0.0    0.0    0.0    0.0    0.0    0.0    0.0    0.0    0.0    0.0    0.0    0.0    0.0
 2003  9    0.0    0.0    0.0    0.0    0.0    0.0    0.0    0.0    0.0    0.0    0.0    0.0    0.0    0.0    0.0    0.0    0.0    0.0    0.0    0.0    0.0    0.0    0.0    0.0    0.0    0.0    0.0    0.0    0.0    0.0
 2003 10    0.0    0.0    0.0    0.0    7.0    2.0    0.0    0.0    0.0    0.0    0.0    0.0    0.0    0.0    0.0    0.0    0.0    0.0    0.0    0.0    0.0    0.0   10.0   10.0    7.0    4.0    3.0    1.0    0.0    3.0    0.0
 2003 11    0.0    0.0    0.0    0.0    0.0    0.0    0.0    0.0    0.0    0.0    0.0    0.0    0.0    0.0    0.0    0.0    0.0    0.0    0.0    0.0    0.0    0.0    0.0    0.0    0.0    0.0   10.0   42.0   35.0   32.0
 2003 12   10.0    0.0    0.0    0.0    0.0    0.0    0.0    0.0    0.0    0.0    0.0    0.0    0.0    1.0   17.0   31.0   15.0   10.0    8.0    6.0    7.0   24.0   19.0   17.0   11.0    8.0    7.0   12.0   19.0   12.0   17.0
 2004  1   18.0   22.0   20.0   18.0   18.0   17.0   17.0   16.0   15.0   18.0    8.0    5.0    0.0    0.0   16.0   14.0   12.0   19.0   19.0   31.0   31.0   29.0   27.0   25.0   43.0   30.0   29.0   30.0   35.0   34.0   26.0
 2004  2   20.0   20.0   18.0   18.0   10.0   10.0    5.0   10.0   15.0   10.0   11.0   10.0   10.0    8.0    8.0    8.0    8.0    9.0   14.0    9.0    5.0    4.0   19.0    9.0    5.0   11.0   14.0   11.0   10.0
 2004  3   16.0   12.0  -90.0    6.0    6.0   20.0   28.0   37.0  -90.0   23.0   20.0   20.0   15.0   13.0    5.0    4.0    3.0    2.0    0.0    0.0    0.0    0.0  -90.0   25.0   25.0   23.0   13.0  -90.0    2.0    1.0    0.0
 2004  4    0.0    0.0    0.0    0.0    0.0    0.0    7.0    0.0    6.0    6.0    2.0    0.0    0.0    0.0    0.0    0.0    0.0    0.0   10.0    0.0    0.0    0.0    0.0    0.0    0.0    0.0    0.0    0.0    0.0    0.0
 2004  5    0.0    0.0    0.0    0.0    5.0   22.0   10.0    3.0    0.0    0.0    0.0    0.0    0.0    0.0    0.0    0.0    0.0    0.0    0.0    0.0    0.0    0.0    0.0    0.0    0.0    0.0    0.0    0.0    0.0    0.0    0.0
 2004  6    0.0    0.0    0.0    0.0    0.0    0.0    0.0    0.0    0.0    0.0    0.0    0.0    0.0    0.0    0.0    0.0    0.0    0.0    0.0    0.0    0.0    0.0    0.0    0.0    0.0    0.0    0.0    0.0    0.0    0.0
 2004  7    0.0    0.0    0.0    0.0    0.0    0.0    0.0    0.0    0.0    0.0    0.0    0.0    0.0    0.0    0.0    0.0    0.0    0.0    0.0    0.0    0.0    0.0    0.0    0.0    0.0    0.0    0.0    0.0    0.0    0.0    0.0
 2004  8    0.0    0.0    0.0    0.0    0.0    0.0    0.0    0.0    0.0    0.0    0.0    0.0    0.0    0.0    0.0    0.0    0.0    0.0    0.0    0.0    0.0    0.0    0.0    0.0    0.0    0.0    0.0    0.0    0.0    0.0    0.0
 2004  9    0.0    0.0    0.0    0.0    0.0    0.0    0.0    0.0    0.0    0.0    0.0    0.0    0.0    0.0    0.0    0.0    0.0    0.0    0.0    0.0    0.0    0.0    0.0    0.0    0.0    0.0    0.0    0.0    0.0    0.0
 2004 10    0.0    0.0    0.0    0.0    0.0    0.0    0.0    0.0    0.0    0.0    0.0    0.0    0.0    0.0    0.0    0.0    0.0    0.0    0.0    0.0    0.0    0.0    0.0    0.0    0.0    0.0    0.0    0.0    0.0    0.0    0.0
 2004 11    0.0    0.0    0.0    0.0    0.0    0.0    1.0    0.0    1.0    0.0    0.0    0.0    2.0    2.0    0.0    2.0    0.0    0.0    7.0    9.0    5.0    0.0    2.0    0.0    0.0    0.0    0.0    0.0    0.0    0.0
 2004 12    0.0    0.0    0.0    0.0  -90.0    0.0    0.0    0.0    0.0    0.0    0.0    0.0    0.0    0.0    0.0    0.0    0.0   18.0   10.0   15.0   13.0   12.0    8.0    6.0    5.0   15.0   18.0   23.0   35.0   31.0   26.0
 2005  1   20.0   13.0   15.0   15.0   14.0   10.0    9.0    7.0    5.0    5.0    5.0    4.0    8.0    8.0    0.0    8.0    7.0   19.0   37.0   23.0   29.0   50.0   66.0   70.0   70.0   73.0   70.0   65.0   65.0   63.0   61.0
 2005  2   70.0   69.0   65.0   65.0  -90.0   63.0   63.0   63.0   62.0   61.0   55.0  -90.0   50.0   72.0   81.0   86.0   65.0   65.0   63.0   72.0   76.0   73.0   72.0   68.0   67.0   65.0   66.0   68.0
 2005  3   66.0   65.0   64.0   64.0   66.0   72.0   68.0   69.0   68.0   67.0   61.0   56.0   57.0   56.0   45.0   43.0   33.0   31.0   30.0   20.0   18.0   10.0    5.0    5.0    3.0    2.0    0.0    0.0    0.0    0.0    0.0
 2005  4    0.0    0.0    0.0    0.0    0.0    0.0    0.0    8.0   30.0   13.0    3.0    0.0    0.0    0.0    0.0    0.0    1.0    0.0    1.0    3.0    0.0    0.0    0.0    0.0    0.0    0.0    0.0    0.0    0.0    0.0
 2005  5    0.0    0.0    0.0    0.0    0.0    0.0    0.0    0.0    0.0    0.0    0.0    0.0    0.0    0.0    0.0    0.0    0.0    0.0    0.0    0.0    0.0    0.0    0.0    0.0    0.0  -90.0    0.0    0.0    0.0    0.0    0.0
 2005  6    0.0    0.0    0.0    0.0    0.0    0.0    0.0    0.0    0.0    0.0    0.0    0.0    0.0    0.0    0.0    0.0    0.0    0.0    0.0    0.0    0.0    0.0    0.0    0.0    0.0    0.0    0.0    0.0    0.0    0.0
 2005  7    0.0    0.0    0.0    0.0    0.0    0.0    0.0    0.0    0.0    0.0    0.0    0.0    0.0    0.0    0.0    0.0    0.0    0.0    0.0    0.0    0.0    0.0    0.0    0.0    0.0    0.0    0.0    0.0    0.0    0.0    0.0
 2005  8    0.0    0.0    0.0    0.0    0.0    0.0    0.0    0.0    0.0    0.0    0.0    0.0    0.0    0.0    0.0    0.0    0.0    0.0    0.0    0.0    0.0    0.0    0.0    0.0    0.0    0.0    0.0    0.0    0.0    0.0    0.0
 2005  9    0.0    0.0    0.0    0.0    0.0    0.0    0.0    0.0    0.0    0.0    0.0    0.0    0.0    0.0    0.0    0.0    0.0    0.0    0.0    0.0    0.0    0.0    0.0    0.0    0.0    0.0    0.0    0.0    0.0    0.0
 2005 10    0.0    0.0    0.0    0.0    0.0    0.0    0.0    0.0    0.0    0.0    0.0    0.0    0.0    0.0    0.0    0.0    0.0    0.0    0.0    0.0    0.0    0.0    0.0    0.0    0.0    0.0    0.0    0.0    0.0    0.0    0.0
 2005 11    0.0    0.0    0.0    0.0  -90.0    0.0    0.0    0.0    0.0    0.0    0.0    0.0    0.0    0.0    0.0    0.0    0.0    0.0    0.0    0.0    0.0    1.0    2.0    0.0   10.0    8.0    8.0    7.0    7.0    8.0
 2005 12    7.0    7.0  -90.0    3.0    7.0    5.0    5.0    8.0   20.0   15.0   12.0  -90.0   15.0   10.0   10.0   18.0  -90.0   45.0  -90.0   40.0   35.0   33.0   33.0   29.0   29.0   29.0   29.0   33.0   33.0   30.0   22.0
 2006  1   25.0   32.0   32.0   30.0   28.0   27.0   26.0   26.0   26.0   26.0   26.0   26.0   26.0   26.0   26.0   26.0   28.0   33.0   40.0   35.0   35.0   35.0   35.0   35.0   35.0   36.0   36.0   30.0   30.0   30.0   30.0
 2006  2   26.0   26.0   26.0   26.0   26.0   26.0   26.0   28.0   32.0   45.0   43.0   36.0   36.0   34.0   28.0   22.0   37.0   40.0   35.0   34.0   33.0   30.0   30.0   30.0   30.0   33.0   31.0   32.0
 2006  3   40.0   38.0   51.0   44.0   54.0   55.0   50.0   48.0   37.0   45.0   49.0   59.0   50.0   48.0   45.0   45.0   41.0   34.0   33.0   25.0   24.0   22.0   22.0   15.0    8.0    3.0    0.0    0.0    0.0    0.0    0.0
 2006  4    0.0    0.0    0.0    0.0    8.0    4.0    0.0    0.0    0.0   13.0   15.0   12.0    5.0    2.0    0.0    0.0    0.0    0.0    0.0    0.0    0.0    0.0    0.0    0.0    0.0    0.0    0.0    0.0    1.0    0.0
 2006  5    0.0    0.0    0.0    0.0    0.0    0.0    0.0    0.0    0.0    0.0    0.0    0.0    0.0    0.0    0.0    0.0    0.0    0.0    0.0    0.0    0.0    0.0    0.0    0.0    0.0    0.0    0.0    0.0    0.0    0.0    0.0
 2006  6    0.0    0.0    0.0    0.0    0.0    0.0    0.0    0.0    0.0    0.0    0.0    0.0    0.0    0.0    0.0    0.0    0.0    0.0    0.0    0.0    0.0    0.0    0.0    0.0    0.0    0.0    0.0    0.0    0.0    0.0
 2006  7    0.0    0.0    0.0    0.0    0.0    0.0    0.0    0.0    0.0    0.0    0.0    0.0    0.0    0.0    0.0    0.0    0.0    0.0    0.0    0.0    0.0    0.0    0.0    0.0    0.0    0.0    0.0    0.0    0.0    0.0    0.0
 2006  8    0.0    0.0    0.0    0.0    0.0    0.0    0.0    0.0    0.0    0.0    0.0    0.0    0.0    0.0    0.0    0.0    0.0    0.0    0.0    0.0    0.0    0.0    0.0    0.0    0.0    0.0    0.0    0.0    0.0    0.0    0.0
 2006  9    0.0    0.0    0.0    0.0    0.0    0.0    0.0    0.0    0.0    0.0    0.0    0.0    0.0    0.0    0.0    0.0    0.0    0.0    0.0    0.0    0.0    0.0    0.0    0.0    0.0    0.0    0.0    0.0    0.0    0.0
 2006 10    0.0    0.0    0.0    0.0    0.0    0.0    0.0    0.0    0.0    0.0    0.0    0.0    0.0    0.0    0.0    0.0    0.0    0.0    0.0    0.0    0.0    0.0    0.0    0.0    0.0    0.0    0.0    0.0    0.0    0.0    0.0
 2006 11    0.0    0.0    0.0    0.0    0.0    0.0    0.0    0.0    0.0    0.0    0.0    0.0    0.0    0.0    0.0    0.0    0.0    0.0    0.0    0.0    0.0    8.0    0.0    0.0    0.0    0.0    0.0    0.0    0.0    0.0
 2006 12    0.0    0.0    0.0    0.0    0.0    7.0    5.0    0.0   49.0   41.0   37.0   31.0   30.0   29.0   26.0   24.0   21.0   25.0   27.0   26.0   25.0   25.0   24.0   24.0   24.0   24.0   23.0   23.0   23.0   23.0   20.0
 2007  1   10.0   35.0   41.0   23.0   21.0   21.0   15.0   14.0    7.0    4.0    3.0    2.0    0.0    0.0    0.0    0.0    0.0    0.0    0.0    0.0    0.0    0.0    0.0   14.0   15.0   13.0   11.0   10.0    9.0    9.0    9.0
 2007  2    9.0    8.0    8.0    8.0    7.0   10.0    8.0    3.0    3.0    3.0    1.0    0.0   11.0    5.0    1.0    1.0    0.0    0.0    0.0    0.0    0.0    0.0    0.0    0.0    3.0   12.0    8.0    0.0
 2007  3    0.0    1.0    0.0    0.0    0.0    0.0    0.0    0.0    0.0    7.0    2.0    0.0    0.0    0.0    0.0    0.0    0.0    0.0   18.0   29.0   30.0   21.0   21.0   21.0   15.0   12.0    5.0    0.0    0.0    0.0    0.0
 2007  4    0.0    0.0    0.0    5.0    0.0    0.0    0.0    0.0    0.0    0.0    0.0    0.0    0.0    0.0    0.0    0.0    0.0    0.0  -90.0    0.0    0.0    0.0    0.0    0.0    0.0    0.0    0.0    0.0    0.0    0.0
 2007  5    0.0    0.0    0.0    0.0    0.0    0.0    0.0    0.0    0.0    0.0    0.0    0.0    0.0    0.0    0.0    0.0    0.0    0.0    0.0    0.0    0.0    0.0    0.0    0.0    0.0    0.0    0.0    9.0    3.0    0.0    0.0
 2007  6    0.0    0.0    0.0    0.0    0.0    0.0    0.0    0.0    0.0    0.0    0.0    0.0    0.0    0.0    0.0    0.0    0.0    0.0    0.0    0.0    0.0    0.0    0.0    0.0    0.0    0.0    0.0    0.0    0.0    0.0
 2007  7    0.0    0.0    0.0    0.0    0.0    0.0    0.0    0.0    0.0    0.0    0.0    0.0    0.0    0.0    0.0    0.0    0.0    0.0    0.0    0.0    0.0    0.0    0.0    0.0    0.0    0.0    0.0    0.0    0.0    0.0    0.0
 2007  8    0.0    0.0    0.0    0.0    0.0    0.0    0.0    0.0    0.0    0.0    0.0    0.0    0.0    0.0    0.0    0.0    0.0    0.0    0.0    0.0    0.0    0.0    0.0    0.0    0.0    0.0    0.0    0.0    0.0    0.0    0.0
 2007  9    0.0    0.0    0.0    0.0    0.0    0.0    0.0    0.0    0.0    0.0    0.0    0.0    0.0    0.0    0.0    0.0    0.0    0.0    0.0    0.0    0.0    0.0    0.0    0.0    0.0    0.0    0.0    0.0    0.0    0.0
 2007 10    0.0    0.0    0.0    0.0    0.0    0.0    0.0    0.0    0.0    0.0    0.0    0.0    0.0    0.0    0.0    0.0    0.0    0.0    0.0    0.0    0.0    0.0    0.0    0.0    0.0    0.0    0.0    0.0    0.0    0.0    0.0
 2007 11    0.0    0.0    0.0    0.0    0.0    0.0    0.0    0.0   12.0   15.0    5.0    9.0    7.0   40.0   45.0   39.0   35.0   30.0   25.0   20.0   15.0   10.0    5.0    3.0    0.0    0.0    0.0    0.0    0.0    0.0
 2007 12    0.0    0.0   12.0   20.0   17.0    9.0    0.0   18.0    5.0    8.0   50.0   47.0   40.0  -90.0   34.0   33.0   32.0   31.0   30.0   30.0   30.0   28.0   27.0   27.0   27.0   26.0   26.0   26.0   25.0   38.0   34.0
 2008  1   34.0   33.0   30.0   28.0   27.0   20.0   14.0   14.0   13.0   13.0   10.0   33.0   31.0   28.0   27.0   25.0   24.0   20.0   18.0   17.0   16.0   20.0   20.0   18.0   18.0   18.0   17.0   16.0   16.0   15.0   17.0
 2008  2   13.0   29.0   27.0   25.0   22.0   15.0   16.0   14.0   13.0   13.0   13.0   12.0   12.0   11.0   11.0   11.0  -90.0   11.0   10.0   10.0    9.0    5.0    4.0    3.0    3.0    1.0    0.0    0.0    0.0
 2008  3    0.0    0.0    0.0   23.0   30.0   22.0   18.0   13.0   10.0   10.0    2.0    0.0    0.0    0.0    0.0    0.0    0.0    3.0    0.0    0.0   12.0   10.0   18.0   14.0   15.0   10.0   10.0    5.0    0.0    0.0    0.0
 2008  4    0.0    0.0   10.0    0.0    0.0    0.0    0.0    0.0    0.0    0.0    0.0    0.0    0.0    0.0    2.0    0.0    0.0    0.0    0.0    0.0    0.0    0.0    0.0    0.0    0.0    0.0    0.0    0.0    0.0    0.0
 2008  5    0.0    0.0    0.0    0.0    0.0    0.0  -90.0    0.0    0.0    0.0    0.0    0.0    0.0    0.0    0.0    0.0    0.0    0.0    0.0    0.0    0.0    0.0    0.0    0.0    0.0    0.0    0.0    0.0    0.0    0.0    0.0
 2008  6    0.0    0.0    0.0    0.0    0.0    0.0  -90.0    0.0    0.0    0.0    0.0    0.0    0.0    0.0    0.0    0.0    0.0    0.0    0.0    0.0    0.0    0.0    0.0    0.0    0.0    0.0    0.0    0.0    0.0    0.0
 2008  7    0.0    0.0    0.0    0.0    0.0    0.0    0.0    0.0    0.0    0.0    0.0    0.0    0.0    0.0    0.0    0.0    0.0    0.0    0.0    0.0    0.0    0.0    0.0    0.0    0.0    0.0    0.0    0.0    0.0    0.0    0.0
 2008  8    0.0    0.0    0.0    0.0    0.0    0.0    0.0    0.0    0.0    0.0    0.0    0.0    0.0    0.0    0.0    0.0    0.0    0.0    0.0    0.0    0.0    0.0    0.0    0.0    0.0    0.0    0.0    0.0    0.0    0.0    0.0
 2008  9    0.0    0.0    0.0    0.0    0.0    0.0    0.0    0.0    0.0    0.0    0.0    0.0    0.0    0.0    0.0    0.0    0.0    0.0    0.0    0.0    0.0    0.0    0.0    0.0    0.0    0.0    0.0    0.0    0.0    0.0
 2008 10    0.0    0.0    0.0    0.0    0.0    0.0    0.0    0.0    0.0    0.0    0.0    0.0    0.0    0.0    0.0    0.0    0.0    0.0    0.0    0.0    0.0  -90.0    0.0    0.0    0.0    0.0    0.0    1.0    7.0   22.0   13.0
 2008 11    9.0    3.0    0.0    0.0    0.0    0.0    0.0    0.0    0.0    0.0    0.0    0.0    0.0    0.0    0.0    0.0    0.0    0.0    0.0    0.0    1.0   36.0   32.0   31.0   33.0   31.0   28.0   25.0   23.0   21.0
 2008 12   27.0   25.0   25.0   23.0   26.0   36.0   31.0   30.0   29.0   39.0   45.0   45.0   42.0   39.0   37.0   36.0   55.0   60.0   57.0   51.0   45.0   45.0   44.0   40.0   40.0   42.0   42.0   42.0   40.0   40.0   40.0
 2009  1   56.0   54.0   52.0   50.0   50.0   49.0   48.0   46.0   46.0   46.0   46.0   46.0   46.0   46.0   46.0   44.0   44.0   44.0   39.0   48.0   54.0   53.0   42.0   48.0   51.0   50.0   48.0   48.0   48.0   47.0   45.0
 2009  2   45.0   41.0   40.0   40.0   40.0   40.0   66.0   80.0   72.0   64.0   76.0   80.0   76.0   74.0   75.0   71.0   88.0   99.0   92.0   86.0   82.0  101.0  101.0  104.0   98.0   92.0   86.0   82.0
 2009  3   76.0   76.0   71.0   68.0   90.0   91.0   91.0   86.0   96.0   95.0   96.0   96.0   85.0   81.0   77.0   72.0   70.0   68.0   64.0   64.0   64.0   64.0   64.0   79.0   78.0   74.0   59.0   56.0   65.0   60.0   57.0
 2009  4   54.0   46.0   37.0   27.0   18.0   10.0    0.0    0.0    0.0    0.0    0.0    0.0    0.0    0.0    0.0    0.0    0.0    0.0    0.0    0.0    0.0    0.0    0.0    0.0    0.0    0.0    0.0    5.0    0.0    0.0
 2009  5    0.0    0.0    0.0    0.0    0.0    0.0    0.0    0.0    0.0    0.0    0.0    0.0    0.0    0.0    0.0    0.0    0.0    0.0    0.0    0.0    0.0    0.0    0.0    0.0    0.0    0.0    0.0    0.0    0.0    0.0    0.0
 2009  6    0.0    0.0    0.0    0.0    0.0    0.0    0.0    0.0    0.0    0.0    0.0    0.0    0.0    0.0    0.0    0.0    0.0    0.0    0.0    0.0    0.0    0.0    0.0    0.0    0.0    0.0    0.0    0.0    0.0    0.0
 2009  7    0.0    0.0    0.0    0.0    0.0    0.0    0.0    0.0    0.0    0.0    0.0    0.0    0.0    0.0    0.0    0.0    0.0    0.0    0.0    0.0    0.0    0.0    0.0    0.0    0.0    0.0    0.0    0.0    0.0    0.0    0.0
 2009  8    0.0    0.0    0.0    0.0    0.0    0.0    0.0    0.0    0.0    0.0    0.0    0.0    0.0    0.0    0.0    0.0    0.0    0.0    0.0    0.0    0.0    0.0    0.0    0.0    0.0    0.0    0.0    0.0    0.0    0.0    0.0
 2009  9    0.0    0.0    0.0    0.0    0.0    0.0    0.0    0.0    0.0    0.0    0.0    0.0    0.0    0.0    0.0    0.0    0.0    0.0    0.0    0.0    0.0    0.0    0.0    0.0    0.0    0.0    0.0    0.0    0.0    0.0
 2009 10    0.0    0.0    0.0    0.0    0.0    0.0    0.0    0.0    0.0    0.0    0.0    0.0    0.0    0.0    0.0    0.0    8.0    3.0    0.0    0.0    0.0    0.0    0.0    0.0    0.0    0.0    0.0    0.0    0.0    0.0    0.0
 2009 11    0.0    0.0    0.0    0.0    0.0    0.0    0.0    1.0    1.0    0.0    0.0    0.0    0.0    0.0    0.0    0.0    0.0    0.0    0.0    0.0    0.0    0.0    0.0    0.0    0.0    0.0    0.0    0.0    0.0   44.0
 2009 12   65.0   57.0   46.0   42.0   39.0   32.0   21.0   22.0   20.0   18.0   19.0   24.0   27.0   25.0   25.0   25.0   25.0   27.0   32.0   31.0   33.0   25.0   28.0   25.0  -90.0   22.0   20.0   26.0   22.0   20.0   19.0
 2010  1   27.0   38.0   38.0   39.0   38.0   34.0   32.0   30.0   32.0   32.0   32.0   32.0   32.0   31.0   30.0   30.0   27.0   27.0   27.0   27.0   29.0   27.0   27.0   27.0   27.0   31.0   29.0   37.0   37.0   40.0   42.0
 2010  2   43.0   42.0   39.0   39.0   49.0   57.0   54.0   51.0   50.0   61.0   65.0   64.0   61.0   59.0   57.0   55.0   50.0   46.0   53.0   56.0   52.0   43.0   43.0   40.0   40.0   41.0   38.0   34.0
 2010  3   34.0   33.0   30.0   33.0   33.0   40.0   38.0   38.0   41.0   39.0   41.0   39.0   38.0   37.0   36.0   36.0   30.0   28.0   25.0   25.0   15.0   10.0    0.0    0.0    0.0    0.0    0.0    0.0    0.0    0.0    0.0
 2010  4    7.0    0.0    0.0    0.0    0.0    0.0    0.0    0.0    0.0    0.0    0.0    0.0    0.0    0.0    0.0    0.0    0.0    0.0    0.0    0.0    0.0    0.0    0.0    0.0    0.0    0.0    0.0    0.0    0.0    0.0
 2010  5    0.0    0.0    0.0    0.0    0.0    0.0    0.0    0.0    0.0    0.0    0.0    0.0    0.0    0.0    0.0    0.0    0.0    0.0    0.0    0.0    0.0    0.0    0.0    0.0    0.0    0.0    0.0    0.0    0.0    0.0    0.0
 2010  6    0.0    0.0    0.0    0.0    0.0    0.0    0.0    0.0    0.0    0.0    0.0    0.0    0.0    0.0    0.0    0.0    0.0    0.0    0.0    0.0    0.0    0.0    0.0    0.0    0.0    0.0    0.0    0.0    0.0    0.0
 2010  7    0.0    0.0    0.0    0.0    0.0    0.0    0.0    0.0    0.0    0.0    0.0    0.0    0.0    0.0    0.0    0.0    0.0    0.0    0.0    0.0    0.0    0.0    0.0    0.0    0.0    0.0    0.0    0.0    0.0    0.0    0.0
 2010  8    0.0    0.0    0.0    0.0    0.0    0.0    0.0    0.0    0.0    0.0    0.0    0.0    0.0    0.0  -90.0    0.0    0.0    0.0    0.0    0.0    0.0    0.0    0.0    0.0    0.0    0.0    0.0  -90.0    0.0    0.0    0.0
 2010  9    0.0    0.0    0.0    0.0    0.0    0.0    0.0    0.0    0.0    0.0    0.0    0.0    0.0    0.0    0.0    0.0    0.0    0.0    0.0    0.0    0.0    0.0    0.0    0.0    0.0    0.0  -90.0    0.0    0.0    0.0
 2010 10    0.0    0.0    0.0    0.0    0.0    0.0    0.0    0.0    0.0    0.0    0.0    0.0    0.0    0.0    0.0    0.0    0.0    0.0    0.0    1.0    0.0    0.0    0.0    2.0   22.0   18.0   10.0    5.0    3.0    0.0    0.0
 2010 11    0.0    0.0    0.0    0.0    0.0    0.0    4.0    0.0    0.0    0.0    0.0    0.0    0.0    0.0    0.0   15.0    9.0   10.0    7.0    5.0    5.0   13.0   31.0   28.0   28.0   35.0   32.0   28.0   28.0   26.0
 2010 12   25.0   25.0    0.0   22.0   20.0   18.0   13.0    7.0  -90.0   14.0   12.0   12.0   17.0   19.0   23.0   21.0   30.0   28.0   25.0   18.0   17.0   15.0   15.0   25.0   35.0   33.0   30.0   29.0   27.0   26.0   26.0
 2011  1   26.0   26.0   26.0   26.0   26.0   22.0   18.0   17.0   17.0   15.0   15.0   15.0   15.0   11.0   10.0   10.0   10.0   10.0   14.0   15.0   18.0   19.0   17.0   16.0   16.0   14.0   14.0   14.0   12.0   12.0   12.0
 2011  2   12.0   12.0   12.0   12.0   12.0   12.0   12.0   12.0   10.0   10.0   10.0    8.0    5.0    5.0    5.0    4.0    4.0    4.0    4.0   17.0   18.0   16.0   16.0   27.0   23.0   20.0   39.0   39.0
 2011  3   35.0   31.0   30.0   27.0   25.0   25.0   25.0   22.0   22.0   18.0   18.0   15.0   13.0   10.0    5.0    0.0    0.0    0.0    4.0    0.0    0.0    0.0    0.0    0.0    0.0    0.0    0.0    0.0    0.0    0.0    0.0
 2011  4    0.0    0.0    0.0    0.0    0.0    0.0    0.0    0.0    0.0    0.0    0.0    0.0    0.0    0.0    0.0    0.0    0.0    0.0    0.0    0.0    0.0    0.0    0.0    0.0    0.0    0.0    0.0    0.0    0.0    0.0
 2011  5    0.0    0.0    0.0    0.0    0.0    0.0    0.0    0.0    0.0    0.0    0.0    0.0    0.0    0.0    0.0    0.0    0.0    0.0    0.0    0.0    0.0    0.0    0.0    0.0    0.0    0.0    0.0    0.0    0.0    0.0    0.0
 2011  6    5.0    0.0    0.0    0.0    0.0    0.0    0.0    0.0    0.0    0.0    0.0    0.0    0.0    0.0    0.0    0.0    0.0    0.0    0.0    0.0    0.0    0.0    0.0    0.0    0.0    0.0    0.0    0.0    0.0    0.0
 2011  7    0.0    0.0    0.0    0.0    0.0    0.0    0.0    0.0    0.0    0.0    0.0    0.0    0.0    0.0    0.0    0.0    0.0    0.0    0.0    0.0    0.0    0.0    0.0    0.0    0.0    0.0    0.0    0.0    0.0    0.0    0.0
 2011  8    0.0    0.0    0.0    0.0    0.0    0.0    0.0    0.0    0.0    0.0    0.0    0.0    0.0    0.0    0.0    0.0    0.0    0.0    0.0    0.0    0.0    0.0    0.0    0.0    0.0    0.0    0.0    0.0    0.0    0.0    0.0
 2011  9    0.0    0.0    0.0    0.0    0.0    0.0    0.0    0.0    0.0    0.0    0.0    0.0    0.0    0.0    0.0    0.0    0.0    0.0    0.0    0.0    0.0    0.0    0.0    0.0    0.0    0.0    0.0    0.0    0.0    0.0
 2011 10    0.0    0.0    0.0    0.0    0.0    0.0    0.0    0.0    4.0    0.0    0.0    0.0    0.0    0.0    0.0    0.0    0.0    0.0    0.0    0.0    0.0    0.0    0.0    0.0    0.0    0.0    0.0    0.0    0.0    0.0    0.0
 2011 11    0.0    0.0    0.0    0.0    0.0    0.0    0.0    0.0    0.0    0.0    0.0    0.0    0.0    0.0    0.0    0.0    0.0    0.0    0.0    0.0    0.0    0.0    0.0    0.0    0.0    0.0    0.0    0.0    0.0    0.0
 2011 12    0.0    0.0    0.0    0.0    0.0    3.0    3.0    0.0    0.0    0.0    0.0    0.0    0.0    0.0   14.0   17.0   36.0   34.0   36.0   42.0   46.0   38.0   36.0   43.0   43.0   43.0   43.0   38.0   42.0   68.0   56.0
 2012  1   39.0   35.0   34.0   32.0   30.0   65.0   62.0   62.0   58.0   58.0   57.0   55.0   54.0   54.0   54.0   54.0   54.0   53.0   52.0   49.0   66.0   49.0   49.0   54.0   60.0   60.0   55.0   70.0   71.0   70.0   78.0
 2012  2   74.0   74.0   73.0   73.0   71.0   71.0   71.0   70.0   70.0   70.0   71.0   69.0   68.0   68.0   80.0   84.0   83.0   80.0   88.0   86.0   80.0   76.0   73.0   68.0   65.0   64.0   63.0   62.0   60.0
 2012  3   58.0   56.0   54.0   50.0   50.0   49.0   47.0   53.0   55.0   50.0   47.0   46.0   40.0   37.0   37.0   36.0   34.0   50.0   60.0   40.0   38.0   30.0   30.0   20.0   19.0   12.0    8.0    0.0    0.0    0.0    0.0
 2012  4    0.0    0.0    0.0    0.0    0.0    0.0    0.0   10.0    0.0    0.0    5.0    0.0    2.0    0.0    0.0    0.0    0.0    0.0    0.0    0.0    0.0    0.0    0.0    0.0    0.0    0.0    0.0    0.0    0.0    0.0
 2012  5    0.0    0.0    0.0    0.0    0.0    0.0    0.0    0.0    0.0    0.0    0.0    0.0    0.0    0.0    0.0    0.0    0.0    0.0    0.0    0.0    0.0    0.0    0.0    0.0    0.0    0.0    0.0    0.0    0.0    0.0    0.0
 2012  6    0.0    0.0    0.0    0.0    0.0    0.0    0.0    0.0    0.0    0.0    0.0    0.0    0.0    0.0    0.0    0.0    0.0    0.0    0.0    0.0    0.0    0.0    0.0    0.0    0.0    0.0    0.0    0.0    0.0    0.0
 2012  7    0.0    0.0    0.0    0.0    0.0    0.0    0.0    0.0    0.0    0.0    0.0    0.0    0.0    0.0    0.0    0.0    0.0    0.0    0.0    0.0    0.0    0.0    0.0    0.0    0.0    0.0    0.0    0.0    0.0    0.0    0.0
 2012  8    0.0    0.0    0.0    0.0    0.0    0.0    0.0    0.0    0.0    0.0    0.0    0.0    0.0    0.0    0.0    0.0    0.0    0.0    0.0    0.0    0.0    0.0    0.0    0.0    0.0    0.0    0.0    0.0    0.0    0.0    0.0
 2012  9    0.0    0.0    0.0    0.0    0.0    0.0    0.0    0.0    0.0    0.0    0.0    0.0    0.0    0.0    0.0    0.0    0.0    0.0    0.0    0.0    0.0    0.0    0.0    0.0    0.0    0.0    0.0    0.0    0.0    0.0
 2012 10    0.0    0.0    0.0    0.0    0.0    0.0    0.0    0.0    0.0    0.0    0.0    0.0    0.0    0.0    0.0    0.0    0.0    0.0    0.0    0.0    0.0    0.0    0.0    0.0    0.0    0.0   12.0   24.0   13.0    5.0    5.0
 2012 11    3.0    0.0    0.0    0.0    0.0    9.0    5.0    0.0    0.0    0.0    0.0    0.0    0.0    0.0    0.0    0.0    0.0    0.0    0.0    0.0    0.0    0.0    0.0    0.0    0.0    0.0    1.0    2.0   22.0   24.0
 2012 12   24.0   27.0   25.0   30.0   44.0   48.0   50.0   56.0   51.0   53.0   58.0   55.0   55.0   50.0   39.0   32.0   30.0   42.0   41.0   35.0   30.0   30.0   26.0   25.0   22.0   19.0   17.0   19.0   10.0   19.0   19.0
 2013  1   19.0   26.0   24.0   21.0   21.0   21.0   20.0   20.0   20.0   20.0   40.0   38.0   35.0   40.0   40.0   40.0   43.0   42.0   38.0   38.0   40.0   38.0   38.0   38.0   37.0   37.0   36.0   50.0   46.0   36.0   34.0
 2013  2   30.0   50.0   55.0   50.0   50.0   56.0   65.0   70.0   67.0   65.0   60.0   75.0   70.0   70.0   83.0   75.0   74.0   73.0   70.0   70.0   70.0   72.0   70.0   70.0   70.0   66.0   65.0   63.0
 2013  3   60.0   58.0   55.0   55.0   52.0   50.0   48.0   45.0   43.0   40.0   38.0   35.0   35.0   43.0   40.0   40.0   35.0   42.0   42.0   40.0   41.0   37.0   33.0   30.0   33.0   43.0   33.0   30.0   33.0   34.0   40.0
 2013  4   35.0   32.0   30.0   27.0   25.0   24.0   24.0   23.0   18.0   10.0    0.0    0.0    0.0    0.0    0.0    0.0    0.0    0.0   13.0   19.0    5.0    0.0    0.0    0.0    0.0    0.0    0.0    0.0    0.0    0.0
 2013  5    0.0    0.0    0.0    0.0    0.0    0.0    0.0    0.0    0.0    0.0    0.0    0.0    0.0    0.0    0.0    0.0    0.0    0.0    0.0    0.0    0.0    0.0    2.0    0.0    6.0    0.0    0.0    0.0    0.0    0.0    0.0
 2013  6    0.0    0.0    0.0    0.0    0.0    0.0    0.0    0.0    0.0    0.0    0.0    0.0    0.0    0.0    0.0    0.0    0.0    0.0    0.0    0.0    0.0    0.0    0.0    0.0    0.0    0.0    0.0    0.0    0.0    0.0
 2013  7    0.0    0.0    0.0    0.0    0.0    0.0    0.0    0.0    0.0    0.0    0.0    0.0    0.0    0.0    0.0    0.0    0.0    0.0    0.0    0.0    0.0    0.0    0.0    0.0    0.0    0.0    0.0    0.0    0.0    0.0    0.0
 2013  8    0.0    0.0    0.0    0.0    0.0    0.0    0.0    0.0    0.0    0.0    0.0    0.0    0.0    0.0    0.0    0.0    0.0    0.0    0.0    0.0    0.0    0.0    0.0    0.0    0.0    0.0    0.0    0.0    0.0    0.0    0.0
 2013  9    0.0    0.0    0.0    0.0    0.0    0.0    0.0    0.0    0.0    0.0    0.0    0.0    0.0    0.0    0.0    0.0    0.0    0.0    0.0    0.0    0.0    0.0    0.0    0.0    0.0    0.0    0.0    0.0    0.0    0.0
 2013 10    0.0    0.0    0.0    0.0    0.0    0.0    0.0    0.0    0.0    5.0    0.0    0.0    0.0    0.0    0.0    0.0    0.0    0.0    0.0    0.0    0.0    0.0    0.0    0.0    0.0    0.0    0.0    0.0    0.0    0.0    0.0
 2013 11    0.0    0.0    0.0    0.0    0.0    0.0    0.0    0.0    0.0    9.0   14.0   10.0    6.0    6.0   16.0   14.0    9.0    8.0    5.0   10.0   30.0   30.0   30.0   29.0   29.0   27.0   27.0   27.0   24.0   32.0
 2013 12   32.0   32.0   27.0   25.0   25.0   20.0   18.0   18.0   18.0   18.0   18.0   18.0   18.0   18.0   15.0   15.0   12.0   12.0   12.0   12.0   10.0   10.0   10.0   10.0    0.0   54.0   50.0   40.0   45.0   40.0  -90.0
 2014  1  -90.0  -90.0  -90.0  -90.0  -90.0  -90.0  -90.0  -90.0  -90.0  -90.0  -90.0  -90.0  -90.0  -90.0  -90.0  -90.0  -90.0  -90.0  -90.0  -90.0  -90.0  -90.0  -90.0  -90.0  -90.0  -90.0  -90.0  -90.0  -90.0  -90.0  -90.0
 2014  2  -90.0  -90.0  -90.0  -90.0  -90.0  -90.0  -90.0  -90.0  -90.0  -90.0  -90.0  -90.0  -90.0  -90.0  -90.0  -90.0  -90.0  -90.0  -90.0  -90.0  -90.0  -90.0  -90.0  -90.0  -90.0  -90.0  -90.0  -90.0
 2014  3  -90.0  -90.0  -90.0  -90.0  -90.0  -90.0  -90.0  -90.0  -90.0  -90.0  -90.0  -90.0  -90.0  -90.0  -90.0  -90.0  -90.0  -90.0  -90.0  -90.0  -90.0  -90.0  -90.0  -90.0  -90.0  -90.0  -90.0  -90.0  -90.0  -90.0  -90.0
 2014  4  -90.0  -90.0  -90.0  -90.0  -90.0  -90.0  -90.0  -90.0  -90.0  -90.0  -90.0  -90.0  -90.0  -90.0  -90.0  -90.0  -90.0  -90.0  -90.0  -90.0  -90.0  -90.0  -90.0  -90.0  -90.0  -90.0  -90.0  -90.0  -90.0  -90.0
 2014  5  -90.0  -90.0  -90.0  -90.0  -90.0  -90.0  -90.0  -90.0  -90.0  -90.0  -90.0  -90.0  -90.0  -90.0  -90.0  -90.0  -90.0  -90.0  -90.0  -90.0  -90.0  -90.0  -90.0  -90.0  -90.0  -90.0  -90.0  -90.0  -90.0  -90.0  -90.0
 2014  6  -90.0  -90.0  -90.0  -90.0  -90.0  -90.0  -90.0  -90.0  -90.0  -90.0  -90.0  -90.0  -90.0  -90.0  -90.0  -90.0  -90.0  -90.0  -90.0  -90.0  -90.0  -90.0  -90.0  -90.0  -90.0  -90.0  -90.0  -90.0  -90.0  -90.0
 2014  7  -90.0  -90.0  -90.0  -90.0  -90.0  -90.0  -90.0  -90.0  -90.0  -90.0  -90.0  -90.0  -90.0  -90.0  -90.0  -90.0  -90.0  -90.0  -90.0  -90.0  -90.0  -90.0  -90.0  -90.0  -90.0  -90.0  -90.0  -90.0  -90.0  -90.0  -90.0
 2014  8  -90.0  -90.0  -90.0  -90.0  -90.0  -90.0  -90.0  -90.0  -90.0  -90.0  -90.0  -90.0  -90.0  -90.0  -90.0  -90.0  -90.0  -90.0  -90.0  -90.0  -90.0  -90.0  -90.0  -90.0  -90.0  -90.0  -90.0  -90.0  -90.0  -90.0  -90.0
 2014  9  -90.0  -90.0  -90.0  -90.0  -90.0  -90.0  -90.0  -90.0  -90.0  -90.0  -90.0  -90.0  -90.0  -90.0  -90.0  -90.0  -90.0  -90.0  -90.0  -90.0  -90.0  -90.0  -90.0  -90.0  -90.0  -90.0  -90.0  -90.0  -90.0  -90.0
 2014 10  -90.0  -90.0  -90.0  -90.0  -90.0  -90.0  -90.0  -90.0  -90.0  -90.0  -90.0  -90.0  -90.0  -90.0  -90.0  -90.0  -90.0  -90.0  -90.0  -90.0  -90.0  -90.0  -90.0  -90.0  -90.0  -90.0  -90.0  -90.0  -90.0  -90.0  -90.0
 2014 11  -90.0  -90.0  -90.0  -90.0  -90.0  -90.0  -90.0  -90.0  -90.0  -90.0  -90.0  -90.0  -90.0  -90.0  -90.0  -90.0  -90.0  -90.0  -90.0  -90.0  -90.0  -90.0  -90.0  -90.0  -90.0  -90.0  -90.0  -90.0  -90.0  -90.0
 2014 12  -90.0  -90.0  -90.0  -90.0  -90.0  -90.0  -90.0  -90.0  -90.0  -90.0  -90.0  -90.0  -90.0  -90.0  -90.0  -90.0  -90.0  -90.0  -90.0  -90.0  -90.0  -90.0  -90.0  -90.0  -90.0  -90.0  -90.0  -90.0  -90.0  -90.0  -90.0
 2015  1  -90.0  -90.0  -90.0  -90.0  -90.0  -90.0  -90.0  -90.0  -90.0  -90.0  -90.0  -90.0  -90.0  -90.0  -90.0  -90.0  -90.0  -90.0  -90.0  -90.0  -90.0  -90.0  -90.0  -90.0  -90.0  -90.0  -90.0  -90.0  -90.0  -90.0  -90.0
 2015  2  -90.0  -90.0  -90.0  -90.0  -90.0  -90.0  -90.0  -90.0  -90.0  -90.0  -90.0  -90.0  -90.0  -90.0  -90.0  -90.0  -90.0  -90.0  -90.0  -90.0  -90.0  -90.0  -90.0  -90.0  -90.0  -90.0  -90.0  -90.0
 2015  3  -90.0  -90.0  -90.0  -90.0  -90.0  -90.0  -90.0  -90.0  -90.0  -90.0  -90.0  -90.0  -90.0  -90.0  -90.0  -90.0  -90.0  -90.0  -90.0  -90.0  -90.0  -90.0  -90.0  -90.0  -90.0  -90.0  -90.0  -90.0  -90.0  -90.0  -90.0
 2015  4  -90.0  -90.0  -90.0  -90.0  -90.0  -90.0  -90.0  -90.0  -90.0  -90.0  -90.0  -90.0  -90.0  -90.0  -90.0  -90.0  -90.0  -90.0  -90.0  -90.0  -90.0  -90.0  -90.0  -90.0  -90.0  -90.0  -90.0  -90.0  -90.0  -90.0
 2015  5  -90.0  -90.0  -90.0  -90.0  -90.0  -90.0  -90.0  -90.0  -90.0  -90.0  -90.0  -90.0  -90.0  -90.0  -90.0  -90.0  -90.0  -90.0  -90.0  -90.0  -90.0  -90.0  -90.0  -90.0  -90.0  -90.0  -90.0  -90.0  -90.0  -90.0  -90.0
 2015  6  -90.0  -90.0  -90.0  -90.0  -90.0  -90.0  -90.0  -90.0  -90.0  -90.0  -90.0  -90.0  -90.0  -90.0  -90.0  -90.0  -90.0  -90.0  -90.0  -90.0  -90.0  -90.0  -90.0  -90.0  -90.0  -90.0  -90.0  -90.0  -90.0  -90.0
 2015  7  -90.0  -90.0  -90.0  -90.0  -90.0  -90.0  -90.0  -90.0  -90.0  -90.0  -90.0  -90.0  -90.0  -90.0  -90.0  -90.0  -90.0  -90.0  -90.0  -90.0  -90.0  -90.0  -90.0  -90.0  -90.0  -90.0  -90.0  -90.0  -90.0  -90.0  -90.0
 2015  8  -90.0  -90.0  -90.0  -90.0  -90.0  -90.0  -90.0  -90.0  -90.0  -90.0  -90.0  -90.0  -90.0  -90.0  -90.0  -90.0  -90.0  -90.0  -90.0  -90.0  -90.0  -90.0  -90.0  -90.0  -90.0  -90.0  -90.0  -90.0  -90.0  -90.0  -90.0
 2015  9  -90.0  -90.0  -90.0  -90.0  -90.0  -90.0  -90.0  -90.0  -90.0  -90.0  -90.0  -90.0  -90.0  -90.0  -90.0  -90.0  -90.0  -90.0  -90.0  -90.0  -90.0  -90.0  -90.0  -90.0  -90.0  -90.0  -90.0  -90.0  -90.0  -90.0
 2015 10  -90.0  -90.0  -90.0  -90.0  -90.0  -90.0  -90.0  -90.0  -90.0  -90.0  -90.0  -90.0  -90.0  -90.0  -90.0  -90.0  -90.0  -90.0  -90.0  -90.0  -90.0  -90.0  -90.0  -90.0  -90.0  -90.0  -90.0  -90.0  -90.0  -90.0  -90.0
 2015 11  -90.0  -90.0  -90.0  -90.0  -90.0  -90.0  -90.0  -90.0  -90.0  -90.0  -90.0  -90.0  -90.0  -90.0  -90.0  -90.0  -90.0  -90.0  -90.0  -90.0  -90.0  -90.0  -90.0  -90.0  -90.0  -90.0  -90.0  -90.0  -90.0  -90.0
 2015 12  -90.0  -90.0  -90.0  -90.0  -90.0  -90.0  -90.0  -90.0  -90.0  -90.0  -90.0  -90.0  -90.0  -90.0  -90.0  -90.0  -90.0  -90.0  -90.0  -90.0  -90.0  -90.0  -90.0  -90.0  -90.0  -90.0  -90.0  -90.0  -90.0  -90.0  -90.0
 2016  1  -90.0  -90.0  -90.0  -90.0  -90.0  -90.0  -90.0  -90.0  -90.0  -90.0  -90.0  -90.0  -90.0  -90.0  -90.0  -90.0  -90.0  -90.0  -90.0  -90.0  -90.0  -90.0  -90.0  -90.0  -90.0  -90.0  -90.0  -90.0  -90.0  -90.0  -90.0
 2016  2  -90.0  -90.0  -90.0  -90.0  -90.0  -90.0  -90.0  -90.0  -90.0  -90.0  -90.0  -90.0  -90.0  -90.0  -90.0  -90.0  -90.0  -90.0  -90.0  -90.0  -90.0  -90.0  -90.0  -90.0  -90.0  -90.0  -90.0  -90.0  -90.0
 2016  3  -90.0  -90.0  -90.0  -90.0  -90.0  -90.0  -90.0  -90.0  -90.0  -90.0  -90.0  -90.0  -90.0  -90.0  -90.0  -90.0  -90.0  -90.0  -90.0  -90.0  -90.0  -90.0  -90.0  -90.0  -90.0  -90.0  -90.0  -90.0  -90.0  -90.0  -90.0
 2016  4  -90.0  -90.0  -90.0  -90.0  -90.0  -90.0  -90.0  -90.0  -90.0  -90.0  -90.0  -90.0  -90.0  -90.0  -90.0  -90.0  -90.0  -90.0  -90.0  -90.0  -90.0  -90.0  -90.0  -90.0  -90.0  -90.0  -90.0  -90.0  -90.0  -90.0
 2016  5  -90.0  -90.0  -90.0  -90.0  -90.0  -90.0  -90.0  -90.0  -90.0  -90.0  -90.0  -90.0  -90.0  -90.0  -90.0  -90.0  -90.0  -90.0  -90.0  -90.0  -90.0  -90.0  -90.0  -90.0  -90.0  -90.0  -90.0  -90.0  -90.0  -90.0  -90.0
 2016  6  -90.0  -90.0  -90.0  -90.0  -90.0  -90.0  -90.0  -90.0  -90.0  -90.0  -90.0  -90.0  -90.0  -90.0  -90.0  -90.0  -90.0  -90.0  -90.0  -90.0  -90.0  -90.0  -90.0  -90.0  -90.0  -90.0  -90.0  -90.0  -90.0  -90.0
 2016  7  -90.0  -90.0  -90.0  -90.0  -90.0  -90.0  -90.0  -90.0  -90.0  -90.0  -90.0  -90.0  -90.0  -90.0  -90.0  -90.0  -90.0  -90.0  -90.0  -90.0  -90.0  -90.0  -90.0  -90.0  -90.0  -90.0  -90.0  -90.0  -90.0  -90.0  -90.0
 2016  8  -90.0  -90.0  -90.0  -90.0  -90.0  -90.0  -90.0  -90.0  -90.0  -90.0  -90.0  -90.0  -90.0  -90.0  -90.0  -90.0  -90.0  -90.0  -90.0  -90.0  -90.0  -90.0  -90.0  -90.0  -90.0  -90.0  -90.0  -90.0  -90.0  -90.0  -90.0
 2016  9  -90.0  -90.0  -90.0  -90.0  -90.0  -90.0  -90.0  -90.0  -90.0  -90.0  -90.0  -90.0  -90.0  -90.0  -90.0  -90.0  -90.0  -90.0  -90.0  -90.0  -90.0  -90.0  -90.0  -90.0  -90.0  -90.0  -90.0  -90.0  -90.0  -90.0
 2016 10  -90.0  -90.0  -90.0  -90.0  -90.0  -90.0  -90.0  -90.0  -90.0  -90.0  -90.0  -90.0  -90.0  -90.0  -90.0  -90.0  -90.0  -90.0  -90.0  -90.0  -90.0  -90.0  -90.0  -90.0  -90.0  -90.0  -90.0  -90.0  -90.0  -90.0  -90.0
 2016 11  -90.0  -90.0  -90.0  -90.0  -90.0  -90.0  -90.0  -90.0  -90.0  -90.0  -90.0  -90.0  -90.0  -90.0  -90.0  -90.0  -90.0  -90.0  -90.0  -90.0  -90.0  -90.0  -90.0  -90.0  -90.0  -90.0  -90.0  -90.0  -90.0  -90.0
 2016 12  -90.0  -90.0  -90.0  -90.0  -90.0  -90.0  -90.0  -90.0  -90.0  -90.0  -90.0  -90.0  -90.0  -90.0  -90.0  -90.0  -90.0  -90.0  -90.0  -90.0  -90.0  -90.0  -90.0  -90.0  -90.0  -90.0  -90.0  -90.0  -90.0  -90.0  -90.0
 2017  1  -90.0  -90.0  -90.0  -90.0  -90.0  -90.0  -90.0  -90.0  -90.0  -90.0  -90.0  -90.0  -90.0  -90.0  -90.0  -90.0  -90.0  -90.0  -90.0  -90.0  -90.0  -90.0  -90.0  -90.0  -90.0  -90.0  -90.0  -90.0  -90.0  -90.0  -90.0
 2017  2  -90.0  -90.0  -90.0  -90.0  -90.0  -90.0  -90.0  -90.0  -90.0  -90.0  -90.0  -90.0  -90.0  -90.0  -90.0  -90.0  -90.0  -90.0  -90.0  -90.0  -90.0  -90.0  -90.0  -90.0  -90.0  -90.0  -90.0  -90.0
 2017  3  -90.0  -90.0  -90.0  -90.0  -90.0  -90.0  -90.0  -90.0  -90.0  -90.0  -90.0  -90.0  -90.0  -90.0  -90.0  -90.0  -90.0  -90.0  -90.0  -90.0  -90.0  -90.0  -90.0  -90.0  -90.0  -90.0  -90.0  -90.0  -90.0  -90.0  -90.0
 2017  4  -90.0  -90.0  -90.0  -90.0  -90.0  -90.0  -90.0  -90.0  -90.0  -90.0  -90.0  -90.0  -90.0  -90.0  -90.0  -90.0  -90.0  -90.0  -90.0  -90.0  -90.0  -90.0  -90.0  -90.0  -90.0  -90.0  -90.0  -90.0  -90.0  -90.0
 2017  5  -90.0  -90.0  -90.0  -90.0  -90.0  -90.0  -90.0  -90.0  -90.0  -90.0  -90.0  -90.0  -90.0  -90.0  -90.0  -90.0  -90.0  -90.0  -90.0  -90.0  -90.0  -90.0  -90.0  -90.0  -90.0  -90.0  -90.0  -90.0  -90.0  -90.0  -90.0
 2017  6  -90.0  -90.0  -90.0  -90.0  -90.0  -90.0  -90.0  -90.0  -90.0  -90.0  -90.0  -90.0  -90.0  -90.0  -90.0  -90.0  -90.0  -90.0  -90.0  -90.0  -90.0  -90.0  -90.0  -90.0  -90.0  -90.0  -90.0  -90.0  -90.0  -90.0
 2017  7  -90.0  -90.0  -90.0  -90.0  -90.0  -90.0  -90.0  -90.0  -90.0  -90.0  -90.0  -90.0  -90.0  -90.0  -90.0  -90.0  -90.0  -90.0  -90.0  -90.0  -90.0  -90.0  -90.0  -90.0  -90.0  -90.0  -90.0  -90.0  -90.0  -90.0  -90.0
 2017  8  -90.0  -90.0  -90.0  -90.0  -90.0  -90.0  -90.0  -90.0  -90.0  -90.0  -90.0  -90.0  -90.0  -90.0  -90.0  -90.0  -90.0  -90.0  -90.0  -90.0  -90.0  -90.0  -90.0  -90.0  -90.0  -90.0  -90.0  -90.0  -90.0  -90.0  -90.0
 2017  9  -90.0  -90.0  -90.0  -90.0  -90.0  -90.0  -90.0  -90.0  -90.0  -90.0  -90.0  -90.0  -90.0  -90.0  -90.0  -90.0  -90.0  -90.0  -90.0  -90.0  -90.0  -90.0  -90.0  -90.0  -90.0  -90.0  -90.0  -90.0  -90.0  -90.0
 2017 10  -90.0  -90.0  -90.0  -90.0  -90.0  -90.0  -90.0  -90.0  -90.0  -90.0  -90.0  -90.0  -90.0  -90.0  -90.0  -90.0  -90.0  -90.0  -90.0  -90.0  -90.0  -90.0  -90.0  -90.0  -90.0  -90.0  -90.0  -90.0  -90.0  -90.0  -90.0
 2017 11  -90.0  -90.0  -90.0  -90.0  -90.0  -90.0  -90.0  -90.0  -90.0  -90.0  -90.0  -90.0  -90.0  -90.0  -90.0  -90.0  -90.0  -90.0  -90.0  -90.0  -90.0  -90.0  -90.0  -90.0  -90.0  -90.0  -90.0  -90.0  -90.0  -90.0
 2017 12  -90.0  -90.0  -90.0  -90.0  -90.0  -90.0  -90.0  -90.0  -90.0  -90.0  -90.0  -90.0  -90.0  -90.0  -90.0  -90.0  -90.0  -90.0  -90.0  -90.0  -90.0  -90.0  -90.0  -90.0  -90.0  -90.0  -90.0  -90.0  -90.0  -90.0  -90.0
 2018  1  -90.0  -90.0  -90.0  -90.0  -90.0  -90.0  -90.0  -90.0  -90.0  -90.0  -90.0  -90.0  -90.0  -90.0  -90.0  -90.0  -90.0  -90.0  -90.0  -90.0  -90.0  -90.0  -90.0  -90.0  -90.0  -90.0  -90.0  -90.0  -90.0  -90.0  -90.0
 2018  2  -90.0  -90.0  -90.0  -90.0  -90.0  -90.0  -90.0  -90.0  -90.0  -90.0  -90.0  -90.0  -90.0  -90.0  -90.0  -90.0  -90.0  -90.0  -90.0  -90.0  -90.0  -90.0  -90.0  -90.0  -90.0  -90.0  -90.0  -90.0
 2018  3  -90.0  -90.0  -90.0  -90.0  -90.0  -90.0  -90.0  -90.0  -90.0  -90.0  -90.0  -90.0  -90.0  -90.0  -90.0  -90.0  -90.0  -90.0  -90.0  -90.0  -90.0  -90.0  -90.0  -90.0  -90.0  -90.0  -90.0  -90.0  -90.0  -90.0  -90.0
 2018  4  -90.0  -90.0  -90.0  -90.0  -90.0  -90.0  -90.0  -90.0  -90.0  -90.0  -90.0  -90.0  -90.0  -90.0  -90.0  -90.0  -90.0  -90.0  -90.0  -90.0  -90.0  -90.0  -90.0  -90.0  -90.0  -90.0  -90.0  -90.0  -90.0  -90.0
 2018  5  -90.0  -90.0  -90.0  -90.0  -90.0  -90.0  -90.0  -90.0  -90.0  -90.0  -90.0  -90.0  -90.0  -90.0  -90.0  -90.0  -90.0  -90.0  -90.0  -90.0  -90.0  -90.0  -90.0  -90.0  -90.0  -90.0  -90.0  -90.0  -90.0  -90.0  -90.0
 2018  6  -90.0  -90.0  -90.0  -90.0  -90.0  -90.0  -90.0  -90.0  -90.0  -90.0  -90.0  -90.0  -90.0  -90.0  -90.0  -90.0  -90.0  -90.0  -90.0  -90.0  -90.0  -90.0  -90.0  -90.0  -90.0  -90.0  -90.0  -90.0  -90.0  -90.0
 2018  7  -90.0  -90.0  -90.0  -90.0  -90.0  -90.0  -90.0  -90.0  -90.0  -90.0  -90.0  -90.0  -90.0  -90.0  -90.0  -90.0  -90.0  -90.0  -90.0  -90.0  -90.0  -90.0  -90.0  -90.0  -90.0  -90.0  -90.0  -90.0  -90.0  -90.0  -90.0
 2018  8  -90.0  -90.0  -90.0  -90.0  -90.0  -90.0  -90.0  -90.0  -90.0  -90.0  -90.0  -90.0  -90.0  -90.0  -90.0  -90.0  -90.0  -90.0  -90.0  -90.0  -90.0  -90.0  -90.0  -90.0  -90.0  -90.0  -90.0  -90.0  -90.0  -90.0  -90.0
 2018  9  -90.0  -90.0  -90.0  -90.0  -90.0  -90.0  -90.0  -90.0  -90.0  -90.0  -90.0  -90.0  -90.0  -90.0  -90.0  -90.0  -90.0  -90.0  -90.0  -90.0  -90.0  -90.0  -90.0  -90.0  -90.0  -90.0  -90.0  -90.0  -90.0  -90.0
 2018 10  -90.0  -90.0  -90.0  -90.0  -90.0  -90.0  -90.0  -90.0  -90.0  -90.0  -90.0  -90.0  -90.0  -90.0  -90.0  -90.0  -90.0  -90.0  -90.0  -90.0  -90.0  -90.0  -90.0  -90.0  -90.0  -90.0  -90.0  -90.0  -90.0  -90.0  -90.0
 2018 11  -90.0  -90.0  -90.0  -90.0  -90.0  -90.0  -90.0  -90.0  -90.0  -90.0  -90.0  -90.0  -90.0  -90.0  -90.0  -90.0  -90.0  -90.0  -90.0  -90.0  -90.0  -90.0  -90.0  -90.0  -90.0  -90.0  -90.0  -90.0  -90.0  -90.0
 2018 12  -90.0  -90.0  -90.0  -90.0  -90.0  -90.0  -90.0  -90.0  -90.0  -90.0  -90.0  -90.0  -90.0  -90.0  -90.0  -90.0  -90.0  -90.0  -90.0  -90.0  -90.0  -90.0  -90.0  -90.0  -90.0  -90.0  -90.0  -90.0  -90.0  -90.0  -90.0
 2019  1  -90.0  -90.0  -90.0  -90.0  -90.0  -90.0  -90.0  -90.0  -90.0  -90.0  -90.0  -90.0  -90.0  -90.0  -90.0  -90.0  -90.0  -90.0  -90.0  -90.0  -90.0  -90.0  -90.0  -90.0  -90.0  -90.0  -90.0  -90.0  -90.0  -90.0  -90.0
 2019  2  -90.0  -90.0  -90.0  -90.0  -90.0  -90.0  -90.0  -90.0  -90.0  -90.0  -90.0  -90.0  -90.0  -90.0  -90.0  -90.0  -90.0  -90.0  -90.0  -90.0  -90.0  -90.0  -90.0  -90.0  -90.0  -90.0  -90.0  -90.0
 2019  3  -90.0  -90.0  -90.0  -90.0  -90.0  -90.0  -90.0  -90.0  -90.0  -90.0  -90.0  -90.0  -90.0  -90.0  -90.0  -90.0  -90.0  -90.0  -90.0  -90.0  -90.0  -90.0  -90.0  -90.0  -90.0  -90.0  -90.0  -90.0  -90.0  -90.0  -90.0
 2019  4  -90.0  -90.0  -90.0  -90.0  -90.0  -90.0  -90.0  -90.0  -90.0  -90.0  -90.0  -90.0  -90.0  -90.0  -90.0  -90.0  -90.0  -90.0  -90.0  -90.0  -90.0  -90.0  -90.0  -90.0  -90.0  -90.0  -90.0  -90.0  -90.0  -90.0
 2019  5  -90.0  -90.0  -90.0  -90.0  -90.0  -90.0  -90.0  -90.0  -90.0  -90.0  -90.0  -90.0  -90.0  -90.0  -90.0  -90.0  -90.0  -90.0  -90.0  -90.0  -90.0  -90.0  -90.0  -90.0  -90.0  -90.0  -90.0  -90.0  -90.0  -90.0  -90.0
 2019  6  -90.0  -90.0  -90.0  -90.0  -90.0  -90.0  -90.0  -90.0  -90.0  -90.0  -90.0  -90.0  -90.0  -90.0  -90.0  -90.0  -90.0  -90.0  -90.0  -90.0  -90.0  -90.0  -90.0  -90.0  -90.0  -90.0  -90.0  -90.0  -90.0  -90.0
 2019  7  -90.0  -90.0  -90.0  -90.0  -90.0  -90.0  -90.0  -90.0  -90.0  -90.0  -90.0  -90.0  -90.0  -90.0  -90.0  -90.0  -90.0  -90.0  -90.0  -90.0  -90.0  -90.0  -90.0  -90.0  -90.0  -90.0  -90.0  -90.0  -90.0  -90.0  -90.0
 2019  8  -90.0  -90.0  -90.0  -90.0  -90.0  -90.0  -90.0  -90.0  -90.0  -90.0  -90.0  -90.0  -90.0  -90.0  -90.0  -90.0  -90.0  -90.0  -90.0  -90.0  -90.0  -90.0  -90.0  -90.0  -90.0  -90.0  -90.0  -90.0  -90.0  -90.0  -90.0
 2019  9  -90.0  -90.0  -90.0  -90.0  -90.0  -90.0  -90.0  -90.0  -90.0  -90.0  -90.0  -90.0  -90.0  -90.0  -90.0  -90.0  -90.0  -90.0  -90.0  -90.0  -90.0  -90.0  -90.0  -90.0  -90.0  -90.0  -90.0  -90.0  -90.0  -90.0
 2019 10  -90.0  -90.0  -90.0  -90.0  -90.0  -90.0  -90.0  -90.0  -90.0  -90.0  -90.0  -90.0  -90.0  -90.0  -90.0  -90.0  -90.0  -90.0  -90.0  -90.0  -90.0  -90.0  -90.0  -90.0  -90.0  -90.0  -90.0  -90.0  -90.0  -90.0  -90.0
 2019 11  -90.0  -90.0  -90.0  -90.0  -90.0  -90.0  -90.0  -90.0  -90.0  -90.0  -90.0  -90.0  -90.0  -90.0  -90.0  -90.0  -90.0  -90.0  -90.0  -90.0  -90.0  -90.0  -90.0  -90.0  -90.0  -90.0  -90.0  -90.0  -90.0  -90.0
 2019 12  -90.0  -90.0  -90.0  -90.0  -90.0  -90.0  -90.0  -90.0  -90.0  -90.0  -90.0  -90.0  -90.0  -90.0  -90.0  -90.0  -90.0  -90.0  -90.0  -90.0  -90.0  -90.0  -90.0  -90.0  -90.0  -90.0  -90.0  -90.0  -90.0  -90.0  -90.0
 2020  1  -90.0  -90.0  -90.0  -90.0  -90.0  -90.0  -90.0  -90.0  -90.0  -90.0  -90.0  -90.0  -90.0  -90.0  -90.0  -90.0  -90.0  -90.0  -90.0  -90.0  -90.0  -90.0  -90.0  -90.0  -90.0  -90.0  -90.0  -90.0  -90.0  -90.0  -90.0
 2020  2  -90.0  -90.0  -90.0  -90.0  -90.0  -90.0  -90.0  -90.0  -90.0  -90.0  -90.0  -90.0  -90.0  -90.0  -90.0  -90.0  -90.0  -90.0  -90.0  -90.0  -90.0  -90.0  -90.0  -90.0  -90.0  -90.0  -90.0  -90.0  -90.0
 2020  3  -90.0  -90.0  -90.0  -90.0  -90.0  -90.0  -90.0  -90.0  -90.0  -90.0  -90.0  -90.0  -90.0  -90.0  -90.0  -90.0  -90.0  -90.0  -90.0  -90.0  -90.0  -90.0  -90.0  -90.0  -90.0  -90.0  -90.0  -90.0  -90.0  -90.0  -90.0
 2020  4  -90.0  -90.0  -90.0  -90.0  -90.0  -90.0  -90.0  -90.0  -90.0  -90.0  -90.0  -90.0  -90.0  -90.0  -90.0  -90.0  -90.0  -90.0  -90.0  -90.0  -90.0  -90.0  -90.0  -90.0  -90.0  -90.0  -90.0  -90.0  -90.0  -90.0
 2020  5  -90.0  -90.0  -90.0  -90.0  -90.0  -90.0  -90.0  -90.0  -90.0  -90.0  -90.0  -90.0  -90.0  -90.0  -90.0  -90.0  -90.0  -90.0  -90.0  -90.0  -90.0  -90.0  -90.0  -90.0  -90.0  -90.0  -90.0  -90.0  -90.0  -90.0  -90.0
 2020  6  -90.0  -90.0  -90.0  -90.0  -90.0  -90.0  -90.0  -90.0  -90.0  -90.0  -90.0  -90.0  -90.0  -90.0  -90.0  -90.0  -90.0  -90.0  -90.0  -90.0  -90.0  -90.0  -90.0  -90.0  -90.0  -90.0  -90.0  -90.0  -90.0  -90.0
 2020  7  -90.0  -90.0  -90.0  -90.0  -90.0  -90.0  -90.0  -90.0  -90.0  -90.0  -90.0  -90.0  -90.0  -90.0  -90.0  -90.0  -90.0  -90.0  -90.0  -90.0  -90.0  -90.0  -90.0  -90.0  -90.0  -90.0  -90.0  -90.0  -90.0  -90.0  -90.0
 2020  8  -90.0  -90.0  -90.0  -90.0  -90.0  -90.0  -90.0  -90.0  -90.0  -90.0  -90.0  -90.0  -90.0  -90.0  -90.0  -90.0  -90.0  -90.0  -90.0  -90.0  -90.0  -90.0  -90.0  -90.0  -90.0  -90.0  -90.0  -90.0  -90.0  -90.0  -90.0
 2020  9  -90.0  -90.0  -90.0  -90.0  -90.0  -90.0  -90.0  -90.0  -90.0  -90.0  -90.0  -90.0  -90.0  -90.0  -90.0  -90.0  -90.0  -90.0  -90.0  -90.0  -90.0  -90.0  -90.0  -90.0  -90.0  -90.0  -90.0  -90.0  -90.0  -90.0
 2020 10  -90.0  -90.0  -90.0  -90.0  -90.0  -90.0  -90.0  -90.0  -90.0  -90.0  -90.0  -90.0  -90.0  -90.0  -90.0  -90.0  -90.0  -90.0  -90.0  -90.0  -90.0  -90.0  -90.0  -90.0  -90.0  -90.0  -90.0  -90.0  -90.0  -90.0  -90.0
 2020 11  -90.0  -90.0  -90.0  -90.0  -90.0  -90.0  -90.0  -90.0  -90.0  -90.0  -90.0  -90.0  -90.0  -90.0  -90.0  -90.0  -90.0  -90.0  -90.0  -90.0  -90.0  -90.0  -90.0  -90.0  -90.0  -90.0  -90.0  -90.0  -90.0  -90.0
 2020 12  -90.0  -90.0  -90.0  -90.0  -90.0  -90.0  -90.0  -90.0  -90.0  -90.0  -90.0  -90.0  -90.0  -90.0  -90.0  -90.0  -90.0  -90.0  -90.0  -90.0  -90.0  -90.0  -90.0  -90.0  -90.0  -90.0  -90.0  -90.0  -90.0  -90.0  -90.0
