2001 NA
2001 NA
2001 NA
2001 NA
2001 NA
2001 NA
2001 NA
2001 NA
2001 NA
2001 NA
2001 NA
2001 NA
2001 20
2001 20
2001 20
2001 10
2001 20
2001 10
2001 10
2001 10
2001 10
2001 20
2001 10
2001 20
2001 20
2001 20
2001 10
2001 10
2001 10
2001 10
2001 NA
2001 NA
2001 NA
2001 NA
2001 NA
2001 NA
2001 NA
2001 NA
2001 NA
2001 NA
2001 NA
2001 NA
2001 NA
2001 NA
2001 NA
2001 NA
2001 NA
2001 NA
2001 NA
2001 NA
2001 NA
2001 NA
2001 NA
2001 NA
2001 NA
2001 NA
2001 NA
2001 NA
2001 NA
2001 NA
2001 NA
2001 NA
2001 NA
2001 NA
2001 NA
2001 NA
2001 NA
2001 NA
2001 NA
2001 NA
2001 NA
2001 NA
2001 NA
2001 NA
2001 NA
2001 NA
2001 NA
2001 NA
2001 NA
2001 10
2001 20
2001 20
2001 20
2001 20
2001 20
2001 20
2001 20
2001 20
2001 20
2001 20
2001 20
2001 20
2001 20
2001 20
2001 10
2001 10
2001 10
2001 10
2001 10
2001 NA
2001 10
2001 10
2001 10
2001 NA
2001 10
2001 10
2001 10
2001 10
2001 10
2001 10
2001 10
2001 10
2001 10
2001 10
2001 20
2001 30
2001 30
2001 30
2001 30
2001 40
2001 40
2001 40
2001 40
2001 50
2001 50
2001 50
2001 50
2001 40
2001 20
2001 20
2001 20
2001 30
2001 20
2001 20
2001 20
2001 20
2001 20
2001 20
2001 30
2001 40
2001 30
2001 30
2001 30
2001 30
2001 30
2001 30
2001 30
2001 30
2001 40
2001 40
2001 30
2001 30
2001 30
2001 30
2001 30
2001 30
2001 30
2001 30
2001 30
2001 30
2001 40
2001 50
2001 50
2001 40
2001 40
2001 40
2001 40
2001 40
2001 40
2001 40
2001 NA
2001 NA
2001 NA
2001 NA
2001 NA
2001 NA
2001 NA
2001 NA
2001 30
2001 30
2001 40
2001 50
2001 60
2001 50
2001 40
2001 40
2001 40
2001 30
2001 50
2001 50
2001 50
2001 50
2001 40
2001 40
2001 40
2001 40
2001 40
2001 40
2001 40
2001 40
2001 30
2001 30
2001 NA
2001 NA
2001 NA
2001 NA
2001 NA
2001 NA
2001 NA
2001 NA
2001 NA
2001 NA
2001 NA
2001 NA
2001 NA
2001 NA
2001 NA
2001 NA
2001 NA
2001 NA
2001 NA
2001 NA
2001 NA
2001 NA
2001 NA
2001 NA
2001 NA
2001 NA
2001 NA
2001 NA
2001 NA
2001 NA
2001 NA
2001 NA
2001 NA
2001 NA
2001 NA
2001 NA
2001 NA
2001 NA
2001 NA
2001 NA
2001 NA
2001 NA
2001 NA
2001 NA
2001 NA
2001 NA
2001 NA
2001 NA
2001 NA
2001 NA
2001 NA
2001 NA
2001 NA
2001 NA
2001 NA
2001 NA
2001 NA
2001 NA
2001 NA
2001 NA
2001 NA
2001 NA
2001 NA
2001 NA
2001 NA
2001 NA
2001 NA
2001 NA
2001 NA
2001 NA
2001 NA
2001 NA
2001 NA
2001 NA
2001 NA
2001 NA
2001 NA
2001 NA
2001 NA
2001 NA
2001 NA
2001 NA
2001 NA
2001 NA
2001 NA
2001 NA
2001 NA
2001 NA
2001 NA
2001 NA
2001 NA
2001 NA
2001 NA
2001 NA
2001 NA
2001 NA
2001 NA
2001 NA
2001 NA
2001 NA
2001 NA
2001 NA
2001 NA
2001 NA
2001 NA
2001 NA
2001 NA
2001 NA
2001 NA
2001 NA
2001 NA
2001 NA
2001 NA
2001 NA
2001 NA
2001 NA
2001 NA
2001 NA
2001 NA
2001 NA
2001 NA
2001 NA
2001 NA
2001 NA
2001 NA
2001 NA
2001 NA
2001 NA
2001 NA
2001 NA
2001 NA
2001 NA
2001 NA
2001 NA
2001 NA
2001 NA
2001 NA
2001 NA
2001 NA
2001 NA
2001 NA
2001 NA
2001 NA
2001 NA
2001 NA
2001 NA
2001 NA
2001 NA
2001 NA
2001 NA
2001 NA
2001 NA
2001 NA
2001 NA
2001 NA
2001 NA
2001 NA
2001 NA
2001 NA
2001 NA
2001 NA
2001 NA
2001 NA
2002 NA
2002 NA
2002 NA
2002 NA
2002 NA
2002 NA
2002 NA
2002 NA
2002 NA
2002 NA
2002 NA
2002 NA
2002 NA
2002 NA
2002 NA
2002 NA
2002 NA
2002 NA
2002 NA
2002 NA
2002 NA
2002 NA
2002 NA
2002 NA
2002 NA
2002 NA
2002 NA
2002 NA
2002 NA
2002 60
2002 NA
2002 NA
2002 NA
2002 NA
2002 NA
2002 NA
2002 NA
2002 NA
2002 NA
2002 NA
2002 NA
2002 NA
2002 NA
2002 NA
2002 NA
2002 NA
2002 NA
2002 NA
2002 NA
2002 NA
2002 NA
2002 NA
2002 NA
2002 NA
2002 NA
2002 NA
2002 NA
2002 NA
2002 NA
2002 NA
2002 NA
2002 NA
2002 NA
2002 NA
2002 NA
2002 NA
2002 NA
2002 NA
2002 NA
2002 NA
2002 NA
2002 NA
2002 NA
2002 NA
2002 NA
2002 NA
2002 NA
2002 NA
2002 NA
2002 NA
2002 NA
2002 NA
2002 NA
2002 NA
2002 NA
2002 NA
2002 NA
2002 NA
2002 NA
2002 NA
2002 NA
2002 NA
2002 NA
2002 NA
2002 NA
2002 NA
2002 NA
2002 NA
2002 NA
2002 NA
2002 NA
2002 NA
2002 NA
2002 NA
2002 NA
2002 NA
2002 NA
2002 NA
2002 NA
2002 NA
2002 NA
2002 NA
2002 NA
2002 NA
2002 NA
2002 NA
2002 NA
2002 NA
2002 NA
2002 NA
2002 NA
2002 NA
2002 NA
2002 NA
2002 NA
2002 NA
2002 NA
2002 NA
2002 NA
2002 NA
2002 NA
2002 NA
2002 NA
2002 NA
2002 NA
2002 NA
2002 NA
2002 NA
2002 NA
2002 NA
2002 NA
2002 NA
2002 NA
2002 NA
2002 NA
2002 30
2002 20
2002 30
2002 20
2002 20
2002 20
2002 20
2002 20
2002 20
2002 20
2002 20
2002 20
2002 20
2002 40
2002 50
2002 40
2002 40
2002 40
2002 40
2002 40
2002 30
2002 40
2002 60
2002 80
2002 80
2002 80
2002 70
2002 70
2002 70
2002 70
2002 70
2002 60
2002 70
2002 60
2002 60
2002 50
2002 60
2002 50
2002 50
2002 50
2002 50
2002 40
2002 40
2002 40
2002 40
2002 30
2002 30
2002 30
2002 30
2002 20
2002 20
2002 20
2002 10
2002 10
2002 NA
2002 NA
2002 NA
2002 NA
2002 NA
2002 NA
2002 NA
2002 NA
2002 NA
2002 NA
2002 NA
2002 NA
2002 NA
2002 NA
2002 NA
2002 NA
2002 NA
2002 NA
2002 NA
2002 NA
2002 NA
2002 30
2002 20
2002 20
2002 10
2002 NA
2002 NA
2002 NA
2002 NA
2002 NA
2002 NA
2002 NA
2002 NA
2002 NA
2002 NA
2002 NA
2002 NA
2002 NA
2002 NA
2002 NA
2002 NA
2002 NA
2002 NA
2002 NA
2002 NA
2002 NA
2002 NA
2002 NA
2002 NA
2002 NA
2002 NA
2002 NA
2002 NA
2002 NA
2002 NA
2002 NA
2002 NA
2002 NA
2002 NA
2002 NA
2002 NA
2002 NA
2002 NA
2002 NA
2002 NA
2002 NA
2002 NA
2002 NA
2002 NA
2002 NA
2002 NA
2002 NA
2002 NA
2002 NA
2002 NA
2002 NA
2002 NA
2002 NA
2002 NA
2002 NA
2002 NA
2002 NA
2002 NA
2002 NA
2002 NA
2002 NA
2002 NA
2002 NA
2002 NA
2002 NA
2002 NA
2002 NA
2002 NA
2002 NA
2002 NA
2002 NA
2002 NA
2002 NA
2002 150
2002 150
2002 NA
2002 NA
2002 NA
2002 160
2002 150
2002 NA
2002 NA
2002 NA
2002 NA
2002 NA
2002 NA
2002 NA
2002 NA
2002 NA
2002 NA
2002 NA
2002 NA
2002 NA
2002 NA
2002 NA
2002 NA
2002 NA
2002 NA
2002 NA
2002 NA
2002 NA
2002 NA
2002 NA
2002 NA
2002 NA
2002 NA
2002 NA
2002 NA
2002 NA
2002 NA
2002 NA
2002 NA
2002 NA
2002 NA
2002 NA
2002 NA
2002 NA
2002 NA
2002 NA
2002 NA
2002 NA
2002 NA
2002 NA
2002 NA
2002 NA
2002 NA
2002 NA
2002 NA
2002 NA
2002 NA
2002 NA
2002 NA
2002 NA
2002 NA
2002 NA
2002 NA
2002 NA
2002 NA
2002 NA
2002 NA
2002 NA
2003 NA
2003 NA
2003 NA
2003 NA
2003 NA
2003 NA
2003 NA
2003 NA
2003 NA
2003 NA
2003 NA
2003 NA
2003 NA
2003 NA
2003 NA
2003 NA
2003 NA
2003 NA
2003 NA
2003 NA
2003 NA
2003 NA
2003 NA
2003 NA
2003 NA
2003 NA
2003 NA
2003 NA
2003 NA
2003 NA
2003 NA
2003 NA
2003 NA
2003 NA
2003 NA
2003 NA
2003 NA
2003 NA
2003 NA
2003 NA
2003 NA
2003 NA
2003 NA
2003 NA
2003 NA
2003 NA
2003 NA
2003 NA
2003 NA
2003 NA
2003 NA
2003 NA
2003 NA
2003 NA
2003 NA
2003 NA
2003 NA
2003 NA
2003 NA
2003 NA
2003 NA
2003 NA
2003 NA
2003 NA
2003 NA
2003 NA
2003 NA
2003 NA
2003 NA
2003 NA
2003 NA
2003 NA
2003 NA
2003 NA
2003 NA
2003 NA
2003 NA
2003 NA
2003 NA
2003 NA
2003 NA
2003 NA
2003 NA
2003 NA
2003 NA
2003 NA
2003 NA
2003 NA
2003 NA
2003 NA
2003 NA
2003 NA
2003 NA
2003 NA
2003 NA
2003 NA
2003 NA
2003 NA
2003 NA
2003 NA
2003 NA
2003 NA
2003 NA
2003 NA
2003 NA
2003 NA
2003 NA
2003 NA
2003 NA
2003 NA
2003 NA
2003 NA
2003 NA
2003 NA
2003 NA
2003 NA
2003 NA
2003 NA
2003 NA
2003 NA
2003 NA
2003 NA
2003 NA
2003 NA
2003 NA
2003 NA
2003 30
2003 20
2003 20
2003 20
2003 20
2003 20
2003 20
2003 20
2003 20
2003 20
2003 20
2003 20
2003 20
2003 20
2003 20
2003 20
2003 40
2003 40
2003 40
2003 40
2003 40
2003 40
2003 40
2003 30
2003 30
2003 40
2003 40
2003 40
2003 40
2003 40
2003 40
2003 40
2003 40
2003 40
2003 40
2003 40
2003 40
2003 40
2003 40
2003 40
2003 40
2003 40
2003 40
2003 40
2003 40
2003 40
2003 40
2003 40
2003 40
2003 40
2003 40
2003 40
2003 40
2003 40
2003 40
2003 30
2003 30
2003 30
2003 30
2003 30
2003 30
2003 30
2003 20
2003 20
2003 20
2003 20
2003 10
2003 10
2003 10
2003 10
2003 NA
2003 NA
2003 NA
2003 NA
2003 NA
2003 NA
2003 NA
2003 NA
2003 NA
2003 NA
2003 10
2003 NA
2003 NA
2003 NA
2003 NA
2003 NA
2003 NA
2003 20
2003 20
2003 10
2003 10
2003 NA
2003 NA
2003 NA
2003 NA
2003 NA
2003 NA
2003 NA
2003 NA
2003 NA
2003 NA
2003 NA
2003 NA
2003 NA
2003 NA
2003 NA
2003 NA
2003 NA
2003 NA
2003 NA
2003 NA
2003 NA
2003 NA
2003 NA
2003 NA
2003 NA
2003 NA
2003 NA
2003 NA
2003 NA
2003 NA
2003 NA
2003 NA
2003 NA
2003 NA
2003 NA
2003 NA
2003 NA
2003 NA
2003 NA
2003 NA
2003 NA
2003 NA
2003 NA
2003 NA
2003 NA
2003 NA
2003 NA
2003 NA
2003 NA
2003 NA
2003 NA
2003 NA
2003 NA
2003 NA
2003 NA
2003 NA
2003 NA
2003 NA
2003 NA
2003 NA
2003 NA
2003 NA
2003 NA
2003 NA
2003 NA
2003 NA
2003 NA
2003 NA
2003 NA
2003 NA
2003 NA
2003 NA
2003 NA
2003 NA
2003 NA
2003 NA
2003 NA
2003 NA
2003 NA
2003 NA
2003 NA
2003 NA
2003 NA
2003 NA
2003 NA
2003 NA
2003 NA
2003 NA
2003 NA
2003 NA
2003 NA
2003 NA
2003 NA
2003 NA
2003 NA
2003 NA
2003 NA
2003 NA
2003 NA
2003 0
2003 NA
2003 0
2003 NA
2003 NA
2003 NA
2003 NA
2003 NA
2003 NA
2003 0
2003 NA
2003 NA
2003 NA
2003 NA
2003 NA
2003 NA
2003 NA
2003 NA
2003 NA
2003 NA
2003 NA
2003 NA
2003 NA
2003 NA
2003 NA
2003 NA
2003 NA
2003 NA
2003 NA
2003 NA
2003 NA
2003 NA
2003 NA
2003 NA
2003 NA
2003 NA
2003 NA
2003 NA
2003 NA
2003 NA
2003 NA
2003 NA
2003 NA
2003 NA
2003 NA
2003 NA
2003 NA
2003 NA
2003 NA
2004 NA
2004 NA
2004 NA
2004 NA
2004 NA
2004 NA
2004 NA
2004 NA
2004 NA
2004 NA
2004 NA
2004 NA
2004 NA
2004 NA
2004 NA
2004 NA
2004 NA
2004 NA
2004 NA
2004 NA
2004 NA
2004 NA
2004 NA
2004 NA
2004 NA
2004 NA
2004 NA
2004 NA
2004 NA
2004 NA
2004 NA
2004 NA
2004 NA
2004 NA
2004 NA
2004 NA
2004 NA
2004 NA
2004 NA
2004 NA
2004 NA
2004 NA
2004 NA
2004 NA
2004 NA
2004 NA
2004 NA
2004 NA
2004 NA
2004 NA
2004 NA
2004 NA
2004 NA
2004 NA
2004 NA
2004 NA
2004 NA
2004 NA
2004 NA
2004 NA
2004 NA
2004 NA
2004 NA
2004 NA
2004 0
2004 NA
2004 NA
2004 NA
2004 NA
2004 NA
2004 NA
2004 NA
2004 NA
2004 NA
2004 NA
2004 NA
2004 NA
2004 NA
2004 NA
2004 NA
2004 NA
2004 NA
2004 NA
2004 NA
2004 NA
2004 NA
2004 NA
2004 10
2004 50
2004 40
2004 40
2004 40
2004 30
2004 20
2004 20
2004 20
2004 20
2004 20
2004 20
2004 20
2004 20
2004 20
2004 20
2004 20
2004 20
2004 20
2004 20
2004 20
2004 20
2004 20
2004 20
2004 20
2004 20
2004 20
2004 20
2004 20
2004 20
2004 20
2004 60
2004 90
2004 80
2004 100
2004 90
2004 90
2004 90
2004 80
2004 80
2004 80
2004 80
2004 80
2004 80
2004 80
2004 80
2004 80
2004 70
2004 70
2004 70
2004 70
2004 70
2004 80
2004 80
2004 80
2004 80
2004 80
2004 80
2004 80
2004 80
2004 70
2004 70
2004 70
2004 70
2004 70
2004 70
2004 70
2004 70
2004 70
2004 70
2004 70
2004 60
2004 60
2004 60
2004 60
2004 60
2004 60
2004 60
2004 60
2004 60
2004 60
2004 60
2004 50
2004 60
2004 60
2004 NA
2004 110
2004 100
2004 100
2004 100
2004 100
2004 100
2004 NA
2004 110
2004 100
2004 100
2004 100
2004 90
2004 90
2004 90
2004 90
2004 100
2004 100
2004 100
2004 110
2004 170
2004 160
2004 150
2004 140
2004 120
2004 110
2004 100
2004 100
2004 90
2004 90
2004 90
2004 90
2004 110
2004 110
2004 100
2004 100
2004 100
2004 100
2004 90
2004 90
2004 80
2004 80
2004 80
2004 70
2004 70
2004 60
2004 60
2004 60
2004 60
2004 80
2004 80
2004 70
2004 70
2004 70
2004 60
2004 60
2004 60
2004 60
2004 50
2004 50
2004 50
2004 40
2004 30
2004 20
2004 NA
2004 NA
2004 NA
2004 NA
2004 NA
2004 NA
2004 NA
2004 NA
2004 NA
2004 NA
2004 NA
2004 NA
2004 NA
2004 NA
2004 NA
2004 NA
2004 NA
2004 NA
2004 NA
2004 NA
2004 NA
2004 NA
2004 NA
2004 NA
2004 NA
2004 NA
2004 NA
2004 NA
2004 NA
2004 NA
2004 NA
2004 NA
2004 NA
2004 NA
2004 NA
2004 NA
2004 NA
2004 NA
2004 NA
2004 NA
2004 NA
2004 NA
2004 NA
2004 NA
2004 NA
2004 NA
2004 NA
2004 NA
2004 NA
2004 NA
2004 NA
2004 NA
2004 NA
2004 NA
2004 NA
2004 NA
2004 NA
2004 NA
2004 NA
2004 NA
2004 NA
2004 NA
2004 NA
2004 NA
2004 NA
2004 NA
2004 NA
2004 NA
2004 NA
2004 NA
2004 NA
2004 NA
2004 NA
2004 NA
2004 NA
2004 130
2004 NA
2004 NA
2004 NA
2004 130
2004 NA
2004 0
2004 NA
2004 NA
2004 NA
2004 NA
2004 NA
2004 NA
2004 NA
2004 NA
2004 NA
2004 NA
2004 NA
2004 NA
2004 NA
2004 NA
2004 NA
2004 0
2004 NA
2004 NA
2004 NA
2004 NA
2004 NA
2004 NA
2004 NA
2004 NA
2004 NA
2004 NA
2004 NA
2004 NA
2004 NA
2004 NA
2004 NA
2004 NA
2004 NA
2004 NA
2004 NA
2004 NA
2004 NA
2004 NA
2004 NA
2004 NA
2004 NA
2004 NA
2004 NA
2004 NA
2004 NA
2004 0
2004 NA
2004 NA
2005 NA
2005 NA
2005 NA
2005 NA
2005 NA
2005 NA
2005 NA
2005 NA
2005 NA
2005 NA
2005 NA
2005 NA
2005 NA
2005 NA
2005 NA
2005 NA
2005 NA
2005 NA
2005 NA
2005 NA
2005 NA
2005 NA
2005 NA
2005 NA
2005 NA
2005 NA
2005 NA
2005 NA
2005 NA
2005 NA
2005 NA
2005 NA
2005 NA
2005 NA
2005 NA
2005 NA
2005 NA
2005 NA
2005 NA
2005 NA
2005 NA
2005 NA
2005 NA
2005 NA
2005 NA
2005 NA
2005 NA
2005 NA
2005 NA
2005 NA
2005 NA
2005 NA
2005 NA
2005 NA
2005 NA
2005 NA
2005 NA
2005 NA
2005 NA
2005 NA
2005 NA
2005 NA
2005 NA
2005 NA
2005 NA
2005 NA
2005 NA
2005 NA
2005 NA
2005 NA
2005 NA
2005 NA
2005 NA
2005 NA
2005 NA
2005 NA
2005 NA
2005 NA
2005 NA
2005 NA
2005 NA
2005 NA
2005 NA
2005 NA
2005 NA
2005 NA
2005 NA
2005 NA
2005 NA
2005 NA
2005 NA
2005 NA
2005 NA
2005 NA
2005 NA
2005 NA
2005 NA
2005 NA
2005 NA
2005 40
2005 40
2005 40
2005 30
2005 30
2005 30
2005 30
2005 30
2005 30
2005 30
2005 30
2005 30
2005 30
2005 30
2005 30
2005 30
2005 30
2005 70
2005 70
2005 70
2005 70
2005 70
2005 60
2005 60
2005 60
2005 60
2005 60
2005 60
2005 60
2005 60
2005 60
2005 60
2005 60
2005 50
2005 50
2005 50
2005 50
2005 50
2005 50
2005 50
2005 70
2005 60
2005 60
2005 60
2005 60
2005 60
2005 60
2005 60
2005 60
2005 50
2005 50
2005 60
2005 50
2005 60
2005 50
2005 60
2005 50
2005 50
2005 50
2005 50
2005 50
2005 50
2005 60
2005 50
2005 50
2005 50
2005 50
2005 50
2005 50
2005 50
2005 50
2005 50
2005 50
2005 60
2005 NA
2005 NA
2005 70
2005 70
2005 70
2005 70
2005 60
2005 60
2005 60
2005 60
2005 80
2005 80
2005 70
2005 70
2005 70
2005 70
2005 70
2005 70
2005 70
2005 60
2005 60
2005 60
2005 60
2005 50
2005 50
2005 40
2005 30
2005 20
2005 20
2005 10
2005 10
2005 NA
2005 NA
2005 NA
2005 NA
2005 NA
2005 NA
2005 NA
2005 NA
2005 NA
2005 NA
2005 NA
2005 NA
2005 NA
2005 NA
2005 NA
2005 NA
2005 NA
2005 NA
2005 NA
2005 NA
2005 NA
2005 NA
2005 NA
2005 NA
2005 NA
2005 NA
2005 NA
2005 NA
2005 NA
2005 NA
2005 NA
2005 NA
2005 NA
2005 NA
2005 NA
2005 NA
2005 NA
2005 NA
2005 NA
2005 NA
2005 NA
2005 NA
2005 NA
2005 NA
2005 NA
2005 NA
2005 NA
2005 NA
2005 NA
2005 NA
2005 NA
2005 NA
2005 NA
2005 NA
2005 NA
2005 NA
2005 NA
2005 NA
2005 NA
2005 NA
2005 NA
2005 NA
2005 NA
2005 NA
2005 NA
2005 NA
2005 NA
2005 NA
2005 NA
2005 NA
2005 NA
2005 NA
2005 NA
2005 NA
2005 NA
2005 NA
2005 NA
2005 NA
2005 NA
2005 NA
2005 NA
2005 NA
2005 NA
2005 NA
2005 NA
2005 NA
2005 NA
2005 NA
2005 NA
2005 NA
2005 130
2005 140
2005 130
2005 NA
2005 NA
2005 130
2005 150
2005 NA
2005 NA
2005 NA
2005 NA
2005 NA
2005 NA
2005 NA
2005 NA
2005 0
2005 NA
2005 NA
2005 NA
2005 NA
2005 NA
2005 NA
2005 NA
2005 NA
2005 NA
2005 NA
2005 NA
2005 NA
2005 NA
2005 NA
2005 NA
2005 NA
2005 NA
2005 NA
2005 NA
2005 NA
2005 NA
2005 NA
2005 NA
2005 NA
2005 NA
2005 NA
2005 NA
2005 NA
2005 NA
2005 NA
2005 NA
2005 NA
2005 NA
2005 NA
2005 NA
2005 NA
2005 NA
2005 NA
2005 NA
2005 NA
2005 NA
2005 NA
2005 NA
2005 NA
2005 NA
2005 NA
2005 NA
2005 NA
2005 NA
2005 NA
2005 NA
2005 NA
2005 NA
2005 NA
2005 NA
2006 NA
2006 NA
2006 NA
2006 NA
2006 NA
2006 NA
2006 NA
2006 NA
2006 NA
2006 NA
2006 NA
2006 NA
2006 NA
2006 NA
2006 NA
2006 NA
2006 NA
2006 NA
2006 NA
2006 NA
2006 NA
2006 NA
2006 NA
2006 NA
2006 NA
2006 NA
2006 NA
2006 NA
2006 NA
2006 NA
2006 NA
2006 NA
2006 NA
2006 NA
2006 NA
2006 0
2006 NA
2006 NA
2006 NA
2006 NA
2006 NA
2006 NA
2006 NA
2006 NA
2006 NA
2006 0
2006 0
2006 0
2006 0
2006 0
2006 0
2006 0
2006 0
2006 0
2006 0
2006 0
2006 0
2006 0
2006 0
2006 0
2006 0
2006 0
2006 0
2006 0
2006 0
2006 0
2006 0
2006 0
2006 0
2006 0
2006 0
2006 0
2006 0
2006 0
2006 0
2006 0
2006 0
2006 0
2006 0
2006 0
2006 0
2006 0
2006 0
2006 0
2006 0
2006 10
2006 20
2006 20
2006 20
2006 30
2006 30
2006 30
2006 30
2006 50
2006 50
2006 50
2006 50
2006 50
2006 50
2006 50
2006 50
2006 50
2006 50
2006 50
2006 50
2006 50
2006 50
2006 50
2006 40
2006 50
2006 50
2006 50
2006 50
2006 40
2006 40
2006 40
2006 40
2006 60
2006 50
2006 80
2006 70
2006 70
2006 70
2006 70
2006 60
2006 60
2006 60
2006 60
2006 60
2006 60
2006 50
2006 60
2006 60
2006 50
2006 60
2006 50
2006 50
2006 60
2006 60
2006 50
2006 50
2006 50
2006 50
2006 50
2006 50
2006 50
2006 50
2006 50
2006 100
2006 90
2006 90
2006 80
2006 80
2006 80
2006 70
2006 70
2006 70
2006 70
2006 70
2006 70
2006 70
2006 70
2006 70
2006 70
2006 70
2006 70
2006 70
2006 70
2006 60
2006 60
2006 90
2006 90
2006 110
2006 NA
2006 NA
2006 NA
2006 NA
2006 NA
2006 NA
2006 NA
2006 NA
2006 NA
2006 110
2006 110
2006 110
2006 100
2006 100
2006 100
2006 100
2006 100
2006 100
2006 100
2006 100
2006 100
2006 100
2006 100
2006 100
2006 90
2006 90
2006 90
2006 90
2006 90
2006 80
2006 80
2006 70
2006 70
2006 60
2006 60
2006 70
2006 60
2006 50
2006 50
2006 50
2006 40
2006 40
2006 40
2006 40
2006 40
2006 40
2006 30
2006 30
2006 20
2006 30
2006 30
2006 30
2006 20
2006 10
2006 10
2006 0
2006 0
2006 0
2006 0
2006 0
2006 0
2006 0
2006 0
2006 0
2006 0
2006 0
2006 0
2006 0
2006 10
2006 NA
2006 NA
2006 NA
2006 NA
2006 NA
2006 NA
2006 NA
2006 NA
2006 NA
2006 NA
2006 NA
2006 NA
2006 NA
2006 NA
2006 NA
2006 NA
2006 NA
2006 NA
2006 NA
2006 NA
2006 NA
2006 NA
2006 NA
2006 NA
2006 NA
2006 NA
2006 NA
2006 NA
2006 NA
2006 NA
2006 NA
2006 NA
2006 NA
2006 NA
2006 NA
2006 NA
2006 NA
2006 NA
2006 NA
2006 NA
2006 NA
2006 NA
2006 NA
2006 NA
2006 NA
2006 NA
2006 NA
2006 NA
2006 NA
2006 NA
2006 NA
2006 NA
2006 NA
2006 NA
2006 NA
2006 NA
2006 NA
2006 NA
2006 NA
2006 NA
2006 NA
2006 NA
2006 NA
2006 NA
2006 NA
2006 NA
2006 NA
2006 NA
2006 NA
2006 130
2006 NA
2006 NA
2006 NA
2006 NA
2006 NA
2006 NA
2006 NA
2006 NA
2006 NA
2006 NA
2006 NA
2006 NA
2006 NA
2006 NA
2006 NA
2006 NA
2006 NA
2006 NA
2006 NA
2006 NA
2006 NA
2006 NA
2006 NA
2006 NA
2006 NA
2006 NA
2006 NA
2006 NA
2006 NA
2006 NA
2006 NA
2006 NA
2006 NA
2006 NA
2006 NA
2006 NA
2006 NA
2006 NA
2006 NA
2006 NA
2006 NA
2006 NA
2006 NA
2006 NA
2006 NA
2006 NA
2006 NA
2006 NA
2006 NA
2006 NA
2006 NA
2006 NA
2006 NA
2007 NA
2007 NA
2007 NA
2007 NA
2007 NA
2007 NA
2007 NA
2007 NA
2007 NA
2007 NA
2007 NA
2007 NA
2007 NA
2007 NA
2007 NA
2007 NA
2007 NA
2007 NA
2007 NA
2007 NA
2007 NA
2007 NA
2007 NA
2007 NA
2007 NA
2007 NA
2007 NA
2007 NA
2007 NA
2007 NA
2007 NA
2007 NA
2007 NA
2007 NA
2007 NA
2007 NA
2007 NA
2007 NA
2007 NA
2007 NA
2007 NA
2007 NA
2007 NA
2007 NA
2007 NA
2007 NA
2007 NA
2007 NA
2007 0
2007 0
2007 0
2007 0
2007 0
2007 0
2007 0
2007 0
2007 0
2007 0
2007 0
2007 0
2007 0
2007 0
2007 0
2007 0
2007 0
2007 0
2007 0
2007 0
2007 0
2007 0
2007 0
2007 0
2007 0
2007 0
2007 0
2007 0
2007 0
2007 0
2007 0
2007 0
2007 0
2007 0
2007 0
2007 0
2007 0
2007 0
2007 0
2007 0
2007 0
2007 0
2007 0
2007 0
2007 0
2007 0
2007 0
2007 0
2007 0
2007 0
2007 0
2007 20
2007 10
2007 10
2007 10
2007 10
2007 10
2007 10
2007 10
2007 0
2007 10
2007 10
2007 10
2007 10
2007 10
2007 10
2007 10
2007 10
2007 10
2007 0
2007 0
2007 0
2007 0
2007 0
2007 0
2007 0
2007 0
2007 0
2007 0
2007 0
2007 0
2007 0
2007 0
2007 0
2007 0
2007 0
2007 0
2007 0
2007 0
2007 0
2007 0
2007 0
2007 0
2007 0
2007 0
2007 0
2007 10
2007 20
2007 20
2007 20
2007 20
2007 20
2007 20
2007 20
2007 20
2007 20
2007 20
2007 20
2007 20
2007 10
2007 10
2007 10
2007 10
2007 10
2007 10
2007 10
2007 30
2007 20
2007 20
2007 20
2007 20
2007 20
2007 20
2007 20
2007 20
2007 10
2007 10
2007 10
2007 10
2007 20
2007 20
2007 20
2007 20
2007 10
2007 10
2007 0
2007 0
2007 0
2007 0
2007 0
2007 0
2007 0
2007 0
2007 0
2007 0
2007 0
2007 0
2007 0
2007 0
2007 0
2007 0
2007 20
2007 10
2007 10
2007 10
2007 10
2007 20
2007 30
2007 20
2007 20
2007 20
2007 10
2007 20
2007 30
2007 30
2007 20
2007 10
2007 20
2007 10
2007 0
2007 NA
2007 NA
2007 NA
2007 NA
2007 NA
2007 NA
2007 NA
2007 NA
2007 NA
2007 NA
2007 NA
2007 NA
2007 NA
2007 NA
2007 NA
2007 NA
2007 NA
2007 NA
2007 NA
2007 NA
2007 NA
2007 NA
2007 NA
2007 NA
2007 NA
2007 NA
2007 NA
2007 NA
2007 NA
2007 NA
2007 NA
2007 NA
2007 NA
2007 NA
2007 NA
2007 NA
2007 NA
2007 NA
2007 NA
2007 NA
2007 NA
2007 NA
2007 NA
2007 NA
2007 NA
2007 NA
2007 NA
2007 NA
2007 NA
2007 NA
2007 NA
2007 NA
2007 NA
2007 NA
2007 NA
2007 NA
2007 NA
2007 NA
2007 NA
2007 NA
2007 NA
2007 NA
2007 NA
2007 NA
2007 NA
2007 NA
2007 NA
2007 NA
2007 NA
2007 NA
2007 NA
2007 NA
2007 NA
2007 NA
2007 NA
2007 NA
2007 NA
2007 NA
2007 NA
2007 NA
2007 NA
2007 NA
2007 NA
2007 NA
2007 NA
2007 NA
2007 NA
2007 NA
2007 NA
2007 NA
2007 NA
2007 NA
2007 NA
2007 NA
2007 NA
2007 NA
2007 NA
2007 NA
2007 NA
2007 NA
2007 NA
2007 NA
2007 NA
2007 NA
2007 NA
2007 NA
2007 NA
2007 NA
2007 NA
2007 NA
2007 NA
2007 NA
2007 NA
2007 NA
2007 NA
2007 NA
2007 NA
2007 NA
2007 NA
2007 NA
2007 NA
2007 NA
2007 NA
2007 NA
2007 NA
2007 NA
2007 NA
2007 NA
2007 NA
2007 NA
2007 NA
2007 NA
2007 NA
2007 NA
2007 NA
2007 NA
2007 NA
2007 NA
2007 NA
2007 NA
2007 NA
2007 NA
2007 NA
2007 NA
2007 NA
2007 NA
2007 NA
2008 NA
2008 NA
2008 NA
2008 NA
2008 NA
2008 NA
2008 NA
2008 NA
2008 NA
2008 NA
2008 NA
2008 NA
2008 NA
2008 NA
2008 NA
2008 NA
2008 NA
2008 NA
2008 NA
2008 NA
2008 NA
2008 NA
2008 NA
2008 NA
2008 NA
2008 NA
2008 NA
2008 NA
2008 NA
2008 NA
2008 NA
2008 NA
2008 NA
2008 NA
2008 NA
2008 NA
2008 NA
2008 NA
2008 NA
2008 NA
2008 NA
2008 NA
2008 NA
2008 NA
2008 NA
2008 NA
2008 NA
2008 NA
2008 NA
2008 NA
2008 NA
2008 NA
2008 NA
2008 NA
2008 NA
2008 NA
2008 NA
2008 NA
2008 NA
2008 NA
2008 0
2008 0
2008 0
2008 0
2008 0
2008 0
2008 0
2008 0
2008 0
2008 0
2008 0
2008 0
2008 0
2008 0
2008 0
2008 0
2008 0
2008 0
2008 0
2008 0
2008 0
2008 0
2008 0
2008 0
2008 0
2008 0
2008 0
2008 0
2008 0
2008 0
2008 0
2008 0
2008 0
2008 0
2008 0
2008 0
2008 0
2008 0
2008 0
2008 0
2008 0
2008 0
2008 0
2008 0
2008 0
2008 0
2008 0
2008 0
2008 0
2008 0
2008 0
2008 0
2008 0
2008 0
2008 0
2008 0
2008 0
2008 0
2008 0
2008 0
2008 0
2008 0
2008 0
2008 0
2008 10
2008 20
2008 30
2008 30
2008 30
2008 20
2008 20
2008 30
2008 20
2008 40
2008 40
2008 40
2008 40
2008 60
2008 70
2008 60
2008 60
2008 60
2008 60
2008 60
2008 60
2008 50
2008 50
2008 50
2008 50
2008 50
2008 40
2008 40
2008 40
2008 40
2008 50
2008 50
2008 70
2008 80
2008 70
2008 70
2008 70
2008 70
2008 70
2008 70
2008 70
2008 70
2008 70
2008 60
2008 60
2008 60
2008 60
2008 60
2008 60
2008 60
2008 60
2008 50
2008 50
2008 50
2008 50
2008 50
2008 40
2008 40
2008 40
2008 30
2008 30
2008 50
2008 40
2008 40
2008 30
2008 30
2008 30
2008 50
2008 50
2008 40
2008 40
2008 40
2008 40
2008 30
2008 30
2008 30
2008 30
2008 30
2008 30
2008 30
2008 40
2008 30
2008 30
2008 30
2008 40
2008 30
2008 30
2008 20
2008 20
2008 10
2008 10
2008 0
2008 0
2008 0
2008 0
2008 0
2008 0
2008 0
2008 0
2008 0
2008 0
2008 0
2008 10
2008 20
2008 10
2008 10
2008 10
2008 0
2008 NA
2008 NA
2008 NA
2008 NA
2008 NA
2008 NA
2008 NA
2008 NA
2008 NA
2008 NA
2008 NA
2008 NA
2008 NA
2008 NA
2008 NA
2008 NA
2008 NA
2008 NA
2008 NA
2008 NA
2008 NA
2008 NA
2008 NA
2008 NA
2008 NA
2008 NA
2008 NA
2008 NA
2008 NA
2008 NA
2008 NA
2008 NA
2008 NA
2008 NA
2008 NA
2008 NA
2008 NA
2008 NA
2008 NA
2008 NA
2008 NA
2008 NA
2008 NA
2008 NA
2008 NA
2008 NA
2008 NA
2008 NA
2008 NA
2008 NA
2008 NA
2008 NA
2008 NA
2008 NA
2008 NA
2008 NA
2008 NA
2008 NA
2008 NA
2008 NA
2008 NA
2008 NA
2008 NA
2008 NA
2008 NA
2008 NA
2008 NA
2008 NA
2008 NA
2008 NA
2008 NA
2008 NA
2008 NA
2008 NA
2008 NA
2008 NA
2008 NA
2008 NA
2008 NA
2008 NA
2008 NA
2008 NA
2008 NA
2008 NA
2008 NA
2008 NA
2008 NA
2008 NA
2008 NA
2008 NA
2008 NA
2008 NA
2008 NA
2008 NA
2008 NA
2008 NA
2008 NA
2008 NA
2008 NA
2008 NA
2008 NA
2008 NA
2008 NA
2008 NA
2008 NA
2008 NA
2008 NA
2008 NA
2008 NA
2008 NA
2008 NA
2008 NA
2008 NA
2008 NA
2008 NA
2008 NA
2008 NA
2008 NA
2008 NA
2008 NA
2008 NA
2008 NA
2008 NA
2008 NA
2008 NA
2008 NA
2008 NA
2008 NA
2008 NA
2008 NA
2008 NA
2008 NA
2008 NA
2008 NA
2009 NA
2009 NA
2009 NA
2009 NA
2009 NA
2009 NA
2009 NA
2009 NA
2009 NA
2009 NA
2009 NA
2009 NA
2009 NA
2009 NA
2009 NA
2009 NA
2009 NA
2009 NA
2009 NA
2009 NA
2009 NA
2009 NA
2009 NA
2009 NA
2009 NA
2009 NA
2009 NA
2009 NA
2009 NA
2009 NA
2009 NA
2009 NA
2009 NA
2009 240
2009 NA
2009 NA
2009 NA
2009 NA
2009 NA
2009 NA
2009 NA
2009 NA
2009 NA
2009 NA
2009 NA
2009 NA
2009 NA
2009 NA
2009 NA
2009 NA
2009 NA
2009 NA
2009 NA
2009 NA
2009 NA
2009 NA
2009 NA
2009 NA
2009 NA
2009 NA
2009 NA
2009 NA
2009 NA
2009 NA
2009 NA
2009 NA
2009 NA
2009 NA
2009 NA
2009 NA
2009 NA
2009 NA
2009 NA
2009 NA
2009 NA
2009 NA
2009 NA
2009 NA
2009 NA
2009 NA
2009 NA
2009 NA
2009 NA
2009 NA
2009 20
2009 20
2009 10
2009 10
2009 50
2009 60
2009 90
2009 110
2009 110
2009 110
2009 100
2009 100
2009 90
2009 90
2009 90
2009 80
2009 130
2009 130
2009 NA
2009 NA
2009 NA
2009 150
2009 150
2009 130
2009 120
2009 120
2009 120
2009 110
2009 110
2009 110
2009 110
2009 110
2009 120
2009 110
2009 110
2009 110
2009 110
2009 110
2009 120
2009 110
2009 110
2009 110
2009 110
2009 120
2009 120
2009 120
2009 120
2009 120
2009 120
2009 110
2009 110
2009 110
2009 120
2009 120
2009 120
2009 120
2009 120
2009 150
2009 150
2009 140
2009 140
2009 140
2009 140
2009 140
2009 140
2009 140
2009 140
2009 130
2009 130
2009 150
2009 160
2009 160
2009 150
2009 150
2009 180
2009 180
2009 200
2009 200
2009 190
2009 190
2009 190
2009 180
2009 180
2009 180
2009 180
2009 180
2009 180
2009 170
2009 170
2009 170
2009 170
2009 170
2009 170
2009 170
2009 170
2009 170
2009 160
2009 160
2009 160
2009 160
2009 170
2009 200
2009 200
2009 190
2009 190
2009 190
2009 180
2009 180
2009 180
2009 180
2009 170
2009 170
2009 170
2009 170
2009 160
2009 160
2009 160
2009 160
2009 160
2009 150
2009 150
2009 150
2009 150
2009 150
2009 150
2009 160
2009 160
2009 150
2009 140
2009 140
2009 130
2009 120
2009 120
2009 120
2009 110
2009 110
2009 100
2009 100
2009 90
2009 90
2009 80
2009 70
2009 70
2009 70
2009 60
2009 60
2009 60
2009 50
2009 50
2009 40
2009 30
2009 30
2009 20
2009 20
2009 20
2009 10
2009 10
2009 0
2009 0
2009 0
2009 0
2009 NA
2009 NA
2009 NA
2009 NA
2009 NA
2009 NA
2009 NA
2009 NA
2009 NA
2009 NA
2009 NA
2009 NA
2009 NA
2009 NA
2009 NA
2009 NA
2009 NA
2009 NA
2009 NA
2009 NA
2009 NA
2009 NA
2009 NA
2009 NA
2009 NA
2009 NA
2009 NA
2009 NA
2009 NA
2009 NA
2009 NA
2009 NA
2009 NA
2009 NA
2009 NA
2009 NA
2009 NA
2009 NA
2009 NA
2009 NA
2009 NA
2009 NA
2009 NA
2009 NA
2009 NA
2009 NA
2009 NA
2009 NA
2009 NA
2009 NA
2009 NA
2009 NA
2009 NA
2009 NA
2009 NA
2009 NA
2009 NA
2009 NA
2009 NA
2009 NA
2009 NA
2009 NA
2009 NA
2009 NA
2009 NA
2009 NA
2009 NA
2009 NA
2009 NA
2009 NA
2009 NA
2009 NA
2009 NA
2009 NA
2009 NA
2009 NA
2009 NA
2009 NA
2009 NA
2009 NA
2009 NA
2009 NA
2009 NA
2009 NA
2009 NA
2009 NA
2009 NA
2009 NA
2009 NA
2009 NA
2009 NA
2009 NA
2009 NA
2009 NA
2009 NA
2009 NA
2009 NA
2009 NA
2009 NA
2009 NA
2009 NA
2009 NA
2009 NA
2009 NA
2009 NA
2009 NA
2009 NA
2009 NA
2009 NA
2009 NA
2009 NA
2009 NA
2009 NA
2009 NA
2009 NA
2009 NA
2009 NA
2009 NA
2009 NA
2009 NA
2010 NA
2010 NA
2010 NA
2010 NA
2010 NA
2010 NA
2010 NA
2010 NA
2010 NA
2010 NA
2010 NA
2010 NA
2010 NA
2010 NA
2010 NA
2010 NA
2010 NA
2010 NA
2010 NA
2010 NA
2010 NA
2010 NA
2010 NA
2010 NA
2010 NA
2010 NA
2010 NA
2010 NA
2010 NA
2010 NA
2010 NA
2010 NA
2010 NA
2010 NA
2010 NA
2010 NA
2010 NA
2010 NA
2010 NA
2010 NA
2010 NA
2010 NA
2010 NA
2010 NA
2010 NA
2010 NA
2010 NA
2010 NA
2010 NA
2010 NA
2010 NA
2010 NA
2010 NA
2010 NA
2010 NA
2010 NA
2010 NA
2010 NA
2010 NA
2010 NA
2010 NA
2010 NA
2010 NA
2010 20
2010 20
2010 20
2010 20
2010 20
2010 40
2010 40
2010 40
2010 40
2010 40
2010 30
2010 30
2010 20
2010 10
2010 10
2010 10
2010 0
2010 10
2010 10
2010 0
2010 10
2010 0
2010 10
2010 10
2010 10
2010 0
2010 10
2010 10
2010 10
2010 10
2010 10
2010 30
2010 30
2010 20
2010 20
2010 20
2010 20
2010 20
2010 20
2010 20
2010 NA
2010 20
2010 20
2010 20
2010 20
2010 20
2010 20
2010 20
2010 30
2010 40
2010 40
2010 30
2010 20
2010 20
2010 20
2010 20
2010 20
2010 20
2010 20
2010 20
2010 20
2010 20
2010 20
2010 20
2010 20
2010 20
2010 50
2010 50
2010 50
2010 50
2010 50
2010 40
2010 NA
2010 NA
2010 NA
2010 NA
2010 NA
2010 NA
2010 NA
2010 NA
2010 NA
2010 NA
2010 NA
2010 NA
2010 NA
2010 NA
2010 NA
2010 NA
2010 NA
2010 NA
2010 NA
2010 NA
2010 NA
2010 NA
2010 NA
2010 NA
2010 NA
2010 NA
2010 NA
2010 NA
2010 NA
2010 NA
2010 NA
2010 NA
2010 NA
2010 NA
2010 NA
2010 NA
2010 NA
2010 NA
2010 NA
2010 NA
2010 NA
2010 NA
2010 NA
2010 NA
2010 NA
2010 NA
2010 NA
2010 NA
2010 NA
2010 NA
2010 NA
2010 NA
2010 NA
2010 NA
2010 NA
2010 NA
2010 NA
2010 NA
2010 NA
2010 NA
2010 NA
2010 NA
2010 NA
2010 NA
2010 NA
2010 NA
2010 NA
2010 NA
2010 NA
2010 NA
2010 NA
2010 NA
2010 NA
2010 NA
2010 NA
2010 NA
2010 NA
2010 NA
2010 NA
2010 NA
2010 NA
2010 NA
2010 NA
2010 NA
2010 NA
2010 NA
2010 NA
2010 NA
2010 NA
2010 NA
2010 NA
2010 NA
2010 NA
2010 NA
2010 NA
2010 NA
2010 NA
2010 NA
2010 NA
2010 NA
2010 NA
2010 NA
2010 NA
2010 NA
2010 NA
2010 NA
2010 NA
2010 NA
2010 NA
2010 NA
2010 NA
2010 NA
2010 NA
2010 NA
2010 NA
2010 NA
2010 NA
2010 NA
2010 NA
2010 NA
2010 NA
2010 NA
2010 NA
2010 NA
2010 NA
2010 NA
2010 NA
2010 NA
2010 NA
2010 NA
2010 NA
2010 NA
2010 NA
2010 NA
2010 NA
2010 NA
2010 NA
2010 NA
2010 NA
2010 NA
2010 NA
2010 NA
2010 NA
2010 NA
2010 NA
2010 NA
2010 NA
2010 NA
2010 NA
2010 NA
2010 NA
2010 NA
2010 NA
2010 NA
2010 NA
2010 NA
2010 NA
2010 NA
2010 NA
2010 NA
2010 NA
2010 NA
2010 NA
2010 NA
2010 NA
2010 NA
2010 NA
2010 NA
2010 NA
2010 NA
2010 NA
2010 NA
2010 NA
2010 NA
2010 NA
2010 NA
2010 NA
2010 NA
2010 NA
2010 NA
2010 NA
2010 NA
2010 NA
2010 NA
2010 NA
2010 NA
2010 NA
2010 NA
2010 NA
2010 NA
2010 NA
2010 NA
2010 NA
2010 NA
2010 NA
2010 NA
2010 NA
2010 NA
2010 NA
2010 NA
2010 NA
2010 NA
2010 NA
2010 NA
2010 NA
2010 NA
2010 NA
2010 NA
2010 NA
2010 NA
2010 NA
2010 NA
2010 NA
2010 NA
2010 NA
2010 NA
2010 NA
2010 NA
2010 NA
2010 NA
2010 NA
2010 NA
2010 NA
2010 NA
2010 NA
2010 NA
2010 NA
2010 NA
2010 NA
2010 NA
